33 33 51 184
97 74 97 99 133 136 140 154 215 282 292
35 10 21 27 31 33 35 43 51 60 73 74 97 98 99 106 108 109 112 113 116 118 119 120 122 123 124 125 126 127 128 129 130 131 132 133 134 135 136 137 138 139 140 141 142 143 144 145 146 147 149 150 151 153 154 155 156 157 161 162 163 168 171 175 177 180 183 184 205 206 213 215 217 231 238 241 243 246 252 261 282 283 292 301
98 10 21 27 31 33 35 43 51 60 73 74 97 98 99 106 108 109 112 113 116 118 119 120 122 123 124 125 126 127 128 129 130 131 132 133 134 135 136 137 138 139 140 141 142 143 144 145 146 147 149 150 151 153 154 156 157 161 163 168 171 175 177 180 183 184 205 206 213 215 217 231 238 241 243 246 252 261 282 283 292 301
99 74 97 99 133 136 140 154 155 282 292
67 67
73 73 283
10 10 21 27 31 33 35 43 51 60 67 73 74 97 98 99 106 107 108 109 110 112 113 114 115 116 118 119 120 121 122 123 124 125 126 127 128 129 130 131 132 133 134 135 136 137 138 139 140 142 143 144 146 147 149 150 151 153 154 155 156 157 161 162 163 164 168 171 175 177 179 180 182 183 184 205 206 213 215 217 231 238 241 243 246 252 261 282 283 292 301
43 43 67 125 149 150 151 153 157 180 194 213 217
74 67 74 97 99 133 136 140 154 155 162 179 282 292
28 1 2 3 7 11 13 15 17 18 19 23 25 28 29 30 34 36 37 39 40 45 48 50 51 54 56 58 60 61 62 64 65 67 68 70 72 78
48 1 2 3 7 11 13 15 17 18 19 23 25 28 29 30 34 36 37 39 40 45 48 50 51 54 56 58 60 61 62 64 65 67 68 70 72 78
50 50
52 10 21 27 31 33 43 50 51 52 60 67 73 74 97 98 99 106 107 108 109 111 112 113 115 116 117 118 120 123 125 126 127 128 129 130 131 132 133 134 135 136 137 138 139 140 142 143 144 146 147 149 150 151 154 161 165 174 175 176 177 179 180 181 182 187 191 194 205 206 213 231 238 243 252 261 274 282 283 292 301
21 10 21 27 31 33 35 43 51 60 73 74 97 98 99 106 107 108 109 111 112 113 116 118 119 120 121 122 123 124 125 126 127 128 129 130 131 132 133 134 135 136 137 138 139 140 142 143 144 145 146 147 149 150 151 153 154 155 156 157 161 162 163 164 165 168 171 175 177 180 183 184 205 206 213 215 217 231 238 241 243 246 252 261 282 283 301
27 10 21 27 31 33 35 43 51 60 73 74 97 98 99 106 108 109 112 113 116 118 119 120 122 123 124 125 126 127 128 129 130 131 132 133 134 135 136 137 138 139 140 141 142 143 144 145 146 147 149 150 151 153 154 156 157 161 163 168 171 175 177 180 183 184 205 206 213 215 217 231 238 241 243 246 252 261 282 283 292 301
60 10 21 31 33 35 43 51 52 60 67 73 74 97 98 99 106 108 109 110 111 112 113 114 115 116 118 119 120 122 123 125 126 127 128 129 130 131 132 133 134 135 136 137 138 139 140 141 142 143 144 145 146 147 149 150 151 153 154 155 157 160 161 162 163 164 165 167 168 171 174 175 176 177 178 180 182 183 184 187 205 206 213 215 217 231 238 241 246 252 261 274 282 283 292 301
31 10 21 27 31 33 35 43 51 60 73 74 97 98 99 106 108 109 111 112 116 118 119 120 122 123 125 126 127 128 129 130 131 132 133 134 135 136 137 138 139 140 141 142 143 144 145 146 147 149 150 151 153 154 155 156 157 161 163 165 168 171 174 175 176 177 180 181 183 184 205 206 213 215 217 231 238 241 243 246 252 261 282 283 292 301
