33 33 51 184
97 10 21 27 31 33 35 43 51 60 73 74 97 98 99 106 108 109 112 113 116 118 119 120 122 123 125 126 127 128 129 130 131 132 133 134 135 136 137 138 139 140 141 142 143 144 145 146 147 149 150 151 153 154 155 156 157 161 163 168 171 174 175 176 177 180 181 183 184 205 206 213 215 217 231 238 241 243 246 252 261 274 282 283 292 301
35 10 21 27 31 33 35 43 51 60 73 74 97 98 99 108 109 112 113 116 118 119 120 122 123 125 126 127 128 129 130 131 132 133 134 135 136 137 138 139 140 141 142 143 144 145 146 147 149 150 151 153 154 156 157 161 163 165 168 171 174 175 176 177 178 180 181 183 184 205 206 213 215 217 231 238 241 243 246 252 261 274 282 283 292 301
98 10 21 27 31 33 35 43 51 60 73 74 97 98 99 106 108 109 112 113 116 118 119 120 122 123 125 126 127 128 129 130 131 132 133 134 135 136 137 138 139 140 141 142 143 144 145 146 147 149 150 151 153 154 156 157 161 163 165 168 171 174 175 176 177 178 180 181 183 184 205 206 213 215 217 231 238 241 246 252 261 274 282 283 292 301
99 73 74 97 99 122 130 133 136 140 154 215 282 292
67 67
73 73 283
10 10 21 27 31 33 35 43 51 60 67 73 74 97 98 99 106 108 109 110 112 113 114 115 116 118 119 120 122 123 125 126 127 128 129 130 131 132 133 134 135 136 137 138 139 140 141 142 143 144 145 146 147 149 150 151 153 154 155 156 157 161 162 163 164 168 171 174 175 176 177 179 180 181 182 183 184 187 205 206 213 215 217 231 238 241 243 246 252 261 274 282 283 292 301
43 43 67 108 125 149 150 151 153 157 180 194 213 217
74 67 74 97 99 133 136 140 154 155 162 179 215 282 292
28 1 2 3 7 11 13 15 17 18 19 23 25 28 29 30 34 36 37 39 40 45 48 50 51 54 58 60 61 62 64 65 67 68 70 72 74 78
48 1 2 3 7 11 13 15 17 18 19 23 25 28 29 30 34 36 37 39 40 45 48 50 51 54 58 60 61 62 64 65 67 68 70 72 74 78
50 50
52 10 21 31 33 35 43 51 52 60 73 74 97 98 99 106 107 108 109 111 112 113 116 117 118 120 123 125 126 128 129 130 131 133 135 136 137 138 139 140 141 142 143 144 145 146 147 149 150 151 156 157 161 163 164 165 171 173 174 175 176 177 178 180 183 206 213 215 231 238 243 246 252 261 274 282 283 301
21 10 21 31 33 35 43 51 60 73 74 97 98 99 106 108 109 112 113 116 118 119 120 122 123 124 125 126 127 128 129 130 131 132 133 134 135 136 137 138 139 140 141 142 143 144 145 146 147 149 150 154 155 157 161 163 165 168 171 175 177 178 180 181 183 184 205 206 215 231 238 241 243 246 252 261 274 282 283 292 301
27 10 21 27 31 33 35 43 51 60 73 74 97 98 99 106 108 109 112 113 116 118 119 120 122 123 125 126 127 128 129 130 131 132 133 134 135 136 137 138 139 140 141 142 143 144 145 146 147 149 150 151 153 154 156 157 161 163 168 171 174 175 176 177 180 181 183 184 205 206 213 215 217 231 238 241 243 246 252 261 274 282 283 292 301
60 10 21 27 31 33 35 43 51 60 67 73 74 97 98 99 106 108 109 110 112 113 114 115 116 118 119 120 122 123 125 126 127 128 129 130 131 132 133 134 135 136 137 138 139 140 141 142 143 144 145 146 147 149 150 151 153 154 155 156 157 161 162 163 164 165 168 171 174 175 176 177 178 179 180 181 182 183 184 187 205 206 213 215 217 231 238 241 246 252 261 274 282 283 292 301
31 10 21 27 31 33 35 43 51 67 73 74 97 98 99 106 108 109 110 111 113 114 115 116 118 119 120 122 123 125 126 127 128 129 130 131 132 133 134 135 136 137 138 139 140 141 142 143 144 145 146 147 149 150 151 153 154 155 156 157 161 162 163 164 165 168 171 174 175 176 177 180 181 183 184 205 206 213 215 217 231 238 241 243 246 252 261 274 282 283 292 301
