8 8 173 171 77 149 135 109 49 31 112 111 52 58 177 127 142 1 2 175 129 183 150 134 34 180 178 125 106 139 144 122 117 113 118 179 137 131 165 18 60 132 107 64 9 153 138 154 55 95 147 128 124 161 10 126 108 120 116 130 123 27 115 104 41 157 196 21 43 35 146 164 192 46 163 74 80 133 33 160 167 182 151 67 85 16 140 136 184 190 86 143 187 44 73 110 191 99 54 61 98 5 6 26 32 47 53 97 195 13 17 23 30 36 39 56 62 65 68 72 15 25 37 51 38 114 145 119 3 40 20 156 19 121 50 194 168 189 197 28 141 0 4 12 14 24 42 57 69 75 76 174 7 11 29 70 155 162 181 176 48
9 9 110 150 161 131 64 21 137 134 122 49 31 120 111 124 52 58 112 126 1 146 118 55 139 149 180 133 107 177 106 109 117 138 35 129 132 128 135 44 10 104 176 74 95 188 193 140 142 153 43 108 165 34 127 8 125 16 154 175 179 85 143 123 27 151 130 156 145 46 41 173 99 136 194 119 116 183 73 191 189 197 18 97 144 98 157 147 174 86 113 187 33 181 182 192 54 103 105 80 67 101 115 2 77 171 163 164 184 190 19 168 60 121 114 160 167 141 196 178 61 48 50 155 162 5 6 26 32 47 53 56 13 17 23 30 36 39 62 65 68 72 28 15 25 37 51 38 3 148 152 158 159 166 169 170 172 40 20
10 10 174 130 67 86 143 85 55 118 128 132 104 134 122 27 112 111 124 35 73 95 52 107 120 133 74 21 135 117 138 175 99 137 109 139 16 1 2 97 31 154 136 126 123 49 140 33 178 129 98 150 116 165 163 43 64 168 9 153 142 141 46 181 146 60 34 149 177 41 131 106 18 144 125 183 191 19 180 145 173 176 189 197 119 156 113 8 161 182 44 196 115 127 192 187 77 160 167 121 58 184 157 20 179 151 155 162 110 147 171 48 164 190 108 194 80 114 50 28 61 148 152 158 159 166 169 170 172 54 51 15 13 23 30 68 3 70 40
16 16 67 153 137 27 124 107 52 117 1 2 151 180 108 35 194 161 136 46 10 41 175 20 181 157 138 33 120 178 43 145 125 149 134 118 129 95 109 104 126 73 111 122 31 123 49 116 112 74 97 139 156 98 99 132 55 135 34 146 133 9 165 144 174 121 77 44 60 163 182 143 160 167 119 176 187 150 140 21 141 113 128 18 184 64 154 130 142 86 131 48 115 155 162 190 177 58 80 183 50 61 28 147 168 110 85 106 171 127 164 8 114 148 152 158 159 166 169 170 172 179 191 19 0 4 12 14 24 42 57 69 75 76 5 6 7 11 26 29 32 47 53 70 62 56 13 17 23 30 36 39 65 68 72 15 25 37 51 38 173 3 54 40 185 186
18 18 83 45 109 95 31 107 64 117 1 183 142 129 34 145 134 44 130 177 138 175 86 132 8 125 97 104 126 106 27 112 55 143 135 127 121 52 137 179 85 124 131 119 128 133 122 136 139 49 140 113 10 141 111 123 35 144 116 9 108 73 171 188 193 41 74 118 43 16 99 21 60 33 77 164 153 154 115 163 165 150 149 50 161 28 98 110 48 156 114 168 160 167 151 155 162 146 20 147 148 152 158 159 166 169 170 172 173 67 180 46 120 178 157 2 54 103 105 101 58 191 181 187 189 197 182 174 19 51 61 184 194 62 176 15 11 13 23 30 68 17 36 65 72 29 5 6 26 32 47 53 70 7 0 4 12 14 24 42 57 69 75 76
20 20 153 58 117 1 2 157 151 194 41 46 16 161 108 125 149 180 28 104 48 27 49 50 52 5 6 26 32 47 53 60 13 17 23 30 36 39 56 62 65 68 72 74 98 38 124 15 25 37 51 61 40 54 3 137 44 77 148 152 158 159 166 169 170 172 73 19 156 168 147 97 114 121 155 160 162 167 18 64 120 35 99 110 171 33 86 139 119 163 164 107 111 132 150 106 112 34 0 4 12 14 24 42 57 69 75 76 55 134 138 7 11 29 70 43 144 131 146 115 123 165 130 136 127 154 140 95 118 142 122 129 10 116 80 31 8 113 67 128 126 178 133 175 85 135 143 21 177 22 59 63 66 71 79 81 82 87 88 89 90 91 92 93 94 96 100 45 109 78 9
21 21 176 156 138 177 139 133 55 128 118 9 35 132 122 49 120 31 19 124 107 135 52 58 27 104 99 10 109 137 134 95 111 1 2 74 146 150 117 154 129 143 86 85 140 173 136 126 175 164 123 116 161 142 33 64 141 113 73 168 163 67 131 110 46 34 112 149 180 43 97 41 98 119 8 108 181 191 153 144 174 106 16 127 179 130 18 183 157 147 178 187 165 182 13 23 30 68 60 80 15 184 3 40 115 171 54 77 70 44 190 121 61 151 160 167 48 145 155 162 194 56 62 17 36 65 72 5 6 26 32 47 53 38 25 37 51 39 125 50 114 189 197 84 20 192 28 148 152 158 159 166 169 170 172
27 27 181 156 34 73 180 138 16 139 33 55 129 133 136 132 118 153 10 95 109 134 122 31 120 124 61 111 21 104 135 107 137 143 52 58 128 99 86 85 49 67 149 74 35 125 97 117 130 140 142 18 177 112 183 1 2 154 161 116 144 46 9 43 126 175 150 146 184 41 131 174 165 163 168 185 186 141 64 123 157 155 162 108 194 20 179 8 151 98 119 145 106 176 173 51 54 191 127 113 178 189 197 187 121 77 60 44 192 182 160 167 147 171 17 36 65 72 80 164 15 25 37 110 115 3 40 28 48 7 19 190 114 38 50 78 5 6 26 32 47 53 13 23 30 39 56 62 68 148 152 158 159 166 169 170 172
28 28 58 117 1 20 50 48 44 74 60 148 152 158 159 166 169 170 172 77 168 41 5 6 26 32 47 53 56 157 114 121 155 160 162 167 13 17 23 30 36 39 62 65 68 72 156 18 15 25 37 51 163 38 147 110 73 98 61 3 54 171 119 164 40 86 19 151 35 43 64 16 33 115 123 165 99 130 97 2 161 150 55 144 139 131 154 140 138 146 153 125 108 116 149 80 107 34 31 113 52 95 142 120 27 126 104 134 111 112 137 118 129 132 135 128 10 136 22 59 63 66 71 49 46 8 127 124 122 0 4 12 14 24 42 45 57 69 75 76 7 11 29 70 109 67 106 133 9 85 178 21 175 180 143
31 31 183 18 34 177 175 135 64 142 8 129 128 9 104 106 132 21 127 112 134 111 109 27 124 52 113 49 139 118 58 173 138 41 95 131 107 171 10 55 115 144 164 122 43 35 120 116 150 123 117 137 1 126 99 110 136 161 133 125 33 67 165 180 191 86 153 98 154 77 85 130 156 149 163 178 16 176 46 146 187 188 193 140 179 44 147 143 60 141 182 114 181 54 74 108 97 195 151 196 174 189 197 192 45 73 145 83 157 119 61 160 167 2 184 80 103 105 121 168 101 190 28 155 162 194 20 19 51 50 48 40 62 15 38 17 36 65 72 3 25 37 13 23 30 68 5 6 26 32 47 53 148 152 158 159 166 169 170 172 39 56
33 33 185 186 184 129 55 51 27 124 52 117 1 2 116 136 168 109 181 120 16 138 10 95 31 135 137 122 107 153 111 104 156 134 98 133 139 128 34 41 21 146 143 112 97 132 73 60 74 174 49 180 160 167 176 77 123 35 106 99 61 118 163 187 85 127 182 151 165 144 48 161 190 80 43 131 113 183 67 9 108 18 58 46 86 20 157 28 50 149 126 64 150 154 130 44 147 145 148 152 158 159 166 169 170 172 142 110 8 177 175 171 164 114 121 155 162 179 140 178 54 115 119 19 0 4 12 14 24 42 57 69 75 76 194 125 5 6 7 11 26 29 32 47 53 70 56 13 17 23 30 36 39 62 65 68 72 15 25 37 38 141 3 40
34 34 109 54 31 27 61 111 58 52 1 2 183 177 8 175 129 142 18 180 132 106 55 139 134 127 165 64 9 40 137 33 10 181 16 122 156 118 73 135 138 192 120 131 179 62 113 123 107 125 38 19 17 36 65 72 95 150 133 15 25 37 51 80 117 3 153 128 124 49 136 11 77 21 104 154 112 116 184 60 7 43 163 144 190 78 41 160 167 56 173 161 23 30 68 5 6 26 32 47 53 171 67 149 85 13 39 115 146 108 99 151 86 143 126 20 130 164 35 140 97 44 178 28 110 191 98 70 0 4 12 14 24 42 57 69 75 76 145 29 74 147 141 119 48 114 168 182 157 50 45 187 194 174 121 46 155 162
35 35 67 86 143 126 133 128 132 137 21 122 112 124 58 52 10 73 120 95 99 107 117 136 118 16 138 1 2 140 85 55 139 135 46 111 27 123 178 175 31 131 74 109 161 43 134 9 176 154 163 130 104 145 146 151 60 150 41 141 142 156 177 49 194 108 153 129 174 191 98 125 19 97 18 149 180 116 183 77 181 196 33 182 64 160 167 8 187 165 44 80 106 115 127 179 121 20 28 113 119 184 48 34 157 144 110 171 190 164 147 23 30 68 50 5 6 26 32 47 53 62 56 65 72 13 17 36 39 54 15 25 37 51 38 40 61 173 114 3 148 152 158 159 166 169 170 172 155 162 168 0 4 12 14 24 42 57 69 75 76 192 7 11 29 70
41 41 175 106 153 127 112 124 52 58 115 117 1 2 108 31 46 161 113 149 49 191 109 116 20 187 16 182 151 67 60 114 104 157 180 142 135 110 147 144 118 74 194 111 178 137 183 164 43 171 195 125 35 126 129 98 146 122 9 131 95 196 27 150 55 10 130 134 33 154 128 123 177 132 64 8 21 136 107 160 167 77 97 139 143 181 174 176 133 80 163 165 120 99 138 28 85 18 184 34 190 48 50 5 6 26 32 47 53 56 62 44 86 13 17 23 30 36 39 65 68 72 73 179 15 25 37 51 38 61 121 3 156 19 40 54 119 148 152 158 159 166 169 170 172 145 155 162 168 140 173 0 4 12 14 24 42 57 69 75 76 7 11 29 70 141
43 43 125 132 127 137 134 107 52 117 1 149 109 111 46 163 126 131 141 31 161 108 144 180 120 95 49 151 135 165 153 35 118 145 16 147 112 164 140 177 171 195 113 10 194 99 9 115 139 187 41 27 182 189 197 173 122 129 121 104 44 150 124 116 160 167 55 119 21 77 60 175 183 64 133 154 18 123 138 33 146 74 130 142 157 86 184 190 73 20 80 136 179 67 97 156 50 34 28 48 110 98 8 168 106 128 155 162 114 148 152 158 159 166 169 170 172 143 85 178 192 58 174 2 181 191 176 196
44 44 64 107 117 1 188 193 131 18 118 9 121 119 31 103 105 140 123 101 112 139 130 141 138 111 108 43 86 144 16 125 54 145 135 126 50 142 137 60 55 28 48 74 128 132 129 10 73 134 143 104 95 154 20 35 168 77 148 152 158 159 166 169 170 172 163 116 99 160 167 155 162 157 165 161 114 147 150 156 49 133 85 151 98 171 33 41 52 164 110 109 136 97 146 153 27 8 115 113 2 120 175 149 21 34 183 127 106 177 180 67 46 58 122 178 124 38 61 19 40 22 59 63 66 71 3 0 4 12 14 24 42 45 57 69 75 76 179 5 6 7 11 26 29 32 47 53 70 13 17 23 30 36 39 56 62 65 68 72 15 25 37 51
46 46 178 106 153 132 137 1 2 115 108 194 113 151 182 77 16 161 180 41 43 165 114 20 109 146 67 141 35 157 163 110 49 112 118 177 104 145 99 116 9 111 120 126 125 27 149 10 129 52 31 124 117 134 175 21 107 122 127 8 142 55 183 74 133 128 131 144 95 150 135 64 139 136 33 138 58 143 98 18 130 86 140 154 97 0 4 12 14 24 42 57 69 75 76 85 70 5 6 7 11 26 29 32 47 53 62 65 72 56 23 30 68 13 17 36 39 48 15 25 37 51 38 147 123 3 164 44 54 173 61 40 28 119 156 50 171 179 60 19 181 174 160 167 78 73 45 34 176 22 59 63 66 71 79 81 82 87 88 89 90 91 92 93 94 96 100
48 48 117 1 2 20 50 60 28 44 98 148 152 158 159 166 169 170 172 73 77 168 97 74 157 114 121 155 160 162 167 18 16 99 156 41 163 147 33 171 110 119 164 86 64 0 4 12 14 24 42 57 69 75 76 151 5 6 7 11 26 29 32 47 53 70 56 43 13 17 23 30 36 39 62 65 68 72 115 123 165 58 130 15 25 37 51 61 38 54 3 144 55 35 154 140 138 161 150 153 131 146 139 40 19 125 108 116 149 107 113 142 10 52 27 112 126 134 120 118 111 129 137 132 95 21 135 46 9 128 34 136 122 78 124 22 59 63 66 71 79 81 82 87 88 89 90 91 92 93 94 96 100 31 85 45 127 49 104 67 133 109 106 178 8 143 180 175
49 49 157 147 179 108 146 144 131 139 177 175 8 142 118 129 153 104 9 106 132 127 21 134 52 111 135 31 109 113 173 116 171 41 107 180 115 55 126 117 164 95 128 43 64 112 27 161 120 137 149 1 46 125 110 124 122 10 178 150 151 16 165 77 138 136 67 191 163 133 183 35 34 33 98 140 85 156 99 141 114 194 18 20 182 187 74 123 176 154 130 195 60 86 143 189 197 73 97 160 167 58 119 145 184 80 190 44 121 168 192 2 181 155 162 174 50 28 48 19 148 152 158 159 166 169 170 172 188 193 196
50 50 117 1 28 48 20 44 60 148 152 158 159 166 169 170 172 168 77 157 114 121 155 160 162 167 18 163 147 156 73 98 110 119 164 171 74 151 43 86 16 41 115 123 165 64 33 99 130 97 144 154 140 161 150 55 146 131 139 125 138 108 116 153 149 113 107 142 52 126 35 95 120 111 134 129 112 137 135 132 8 128 10 118 9 22 59 63 66 71 0 4 12 14 24 42 45 57 69 75 76 46 21 49 136 58 5 6 7 11 26 29 32 47 53 70 127 27 62 56 122 124 13 17 23 30 36 39 65 68 72 31 2 67 104 15 25 37 51 38 61 109 19 34 3 178 54 133 40 85 106 180
52 52 190 80 184 160 167 163 77 165 60 151 116 161 144 113 180 34 108 177 146 175 149 43 16 142 126 41 135 178 33 153 129 8 136 104 109 118 127 35 112 9 95 134 106 21 122 10 120 49 111 124 137 27 31 132 55 67 125 183 133 150 107 115 128 139 131 138 173 74 171 143 130 182 164 117 46 97 64 85 86 154 73 99 191 18 179 157 1 110 194 145 98 147 58 187 140 156 176 123 20 174 185 186 181 155 162 2 119 114 195 196 189 197 141 168 192 54 61 51 121 44 19
55 55 168 116 33 129 10 109 104 21 122 134 120 27 124 107 117 133 128 135 1 95 139 138 118 85 112 52 9 31 137 136 146 142 111 143 132 130 184 156 49 35 185 186 174 140 98 73 106 176 74 150 144 180 119 181 99 34 16 126 161 18 97 177 153 149 67 86 123 125 165 43 131 41 189 197 173 154 191 64 121 44 187 51 151 113 182 183 163 127 178 2 8 46 175 179 157 77 171 58 160 167 155 162 60 147 108 114 141 20 115 164 110 50 145 28 48 19 194 148 152 158 159 166 169 170 172 61 80 196 190 192 54
60 60 112 52 117 1 2 161 41 130 196 126 77 150 142 74 154 160 167 175 35 8 183 129 163 178 165 64 151 116 113 137 10 95 144 16 48 106 108 134 33 190 146 184 43 127 149 31 111 80 135 20 44 124 50 122 153 98 107 18 115 171 28 34 55 131 125 97 86 118 132 114 109 180 104 138 139 164 121 168 99 147 110 177 157 148 152 158 159 166 169 170 172 119 123 155 162 73 156 67 128 27 140 85 58 136 133 49 21 9 0 4 12 14 24 42 57 69 75 76 51 5 6 7 11 26 29 32 47 53 70 120 143 13 17 23 30 36 39 56 62 65 68 72 61 54 38 15 25 37 40 3 19 182 145 173 46 179 191 22 59 63 66 71 79 81 82 87 88 89 90 91 92 93 94 96 100 45 194 174 78
64 64 188 193 44 131 103 105 9 101 118 54 31 112 18 111 117 1 2 150 49 126 175 161 183 107 74 110 134 137 34 127 10 135 154 142 8 21 60 132 129 41 120 130 52 139 122 133 177 165 124 123 106 104 27 196 125 43 35 192 29 55 128 144 113 138 179 16 149 58 85 153 11 115 171 86 62 77 136 108 95 98 180 48 140 40 38 178 164 33 163 121 116 99 20 156 151 61 143 73 28 46 50 146 119 45 67 160 167 97 114 147 19 109 173 145 148 152 158 159 166 169 170 172 83 155 162 168 141 191 157 182 187 174 0 4 12 14 24 42 57 69 75 76 176 194 5 6 7 26 32 47 53 70 13 17 23 30 36 39 56 65 68 72 15 25 37 51 181 3
67 67 16 178 175 35 136 10 1 115 143 86 182 112 191 77 165 118 46 146 155 162 52 174 132 41 133 128 124 113 27 97 126 130 122 73 99 137 104 85 74 21 153 55 111 109 129 134 31 49 106 95 107 120 127 142 8 139 161 117 177 9 138 183 34 60 135 154 2 43 33 180 140 150 64 123 131 108 58 151 125 163 18 116 98 181 20 149 156 176 145 196 194 179 19 141 160 167 44 144 184 157 187 48 28 61 50 171 80 51 190 13 23 30 68 5 6 26 32 47 53 173 40 15 70 54 147 7 17 36 39 56 62 65 72 0 4 12 14 24 42 57 69 75 76 11 38 3 119 25 37 45 110
73 73 143 86 136 122 27 117 1 2 95 35 10 128 133 74 155 162 120 107 67 97 124 129 85 104 99 156 130 55 181 135 142 191 21 34 137 140 150 132 109 112 146 16 180 9 118 33 52 149 19 134 138 153 139 48 20 145 49 50 60 111 28 61 168 8 58 175 183 174 44 98 31 148 152 158 159 166 169 170 172 106 77 179 114 121 160 167 127 41 126 177 18 70 110 147 119 157 163 164 178 64 23 30 68 0 4 12 14 24 42 57 69 75 76 151 171 5 6 7 11 26 29 32 47 53 141 62 56 43 13 17 36 39 65 72 176 115 123 165 15 25 37 51 54 40 38 3 154 131 125 108 116 161 144 113 182 187 194 78 46 184
74 74 85 118 136 122 112 124 58 97 133 117 1 2 104 10 154 120 73 95 135 155 162 99 130 27 128 21 67 107 146 150 137 64 35 55 9 41 98 175 143 60 52 132 191 142 140 129 109 16 149 196 174 49 123 33 111 138 181 176 153 116 161 19 86 183 187 182 126 20 28 44 31 18 180 8 48 43 77 139 151 121 50 46 168 125 5 6 26 32 47 53 113 56 62 160 167 177 171 156 13 17 23 30 36 39 65 68 72 145 115 131 144 119 178 108 15 25 37 51 38 61 3 163 165 134 40 54 106 148 152 158 159 166 169 170 172 114 179 110 147 164 127 157 34 141 0 4 12 14 24 42 57 69 75 76 7 11 29 70 194 184 80 78
77 77 178 8 52 117 1 165 146 115 171 182 113 173 67 46 149 112 135 109 160 167 60 49 163 111 31 151 144 116 161 190 43 184 134 108 16 41 80 142 177 33 150 50 153 137 126 129 18 34 28 48 180 124 132 20 125 139 175 183 157 44 130 147 64 74 154 104 35 131 128 58 55 118 164 168 148 152 158 159 166 169 170 172 121 155 162 119 156 114 73 110 138 123 127 98 86 10 140 9 95 120 107 97 27 2 21 136 99 122 133 106 85 179 51 143 61 62 19 13 17 23 30 36 39 56 65 68 72 196 38 54 15 25 37 22 59 63 66 71 40 3 0 4 12 14 24 42 45 57 69 75 76 5 6 7 11 26 29 32 47 53 70
80 80 58 52 190 184 160 167 163 77 34 165 60 151 116 161 41 180 144 113 177 8 175 108 146 149 104 142 43 35 126 9 135 16 178 33 153 21 129 136 109 118 127 112 31 5 6 26 32 47 53 106 62 65 72 56 23 30 68 95 27 134 13 17 36 39 1 28 15 25 37 51 38 122 107 54 3 61 40 117 20 124 10 111 137 120 49 19 55 2 132 67 125 139 74 138 183 150 133 128 131 115
85 85 97 154 74 133 10 104 95 122 120 19 107 136 2 118 130 124 112 143 27 86 140 55 134 35 99 128 138 146 111 73 117 21 174 145 150 119 126 98 67 137 179 183 142 139 9 52 132 18 129 125 161 191 149 109 135 180 41 58 141 33 106 175 116 49 153 64 31 1 60 155 162 121 34 8 127 181 156 165 44 178 70 13 23 30 68 176 15 113 123 177 3 108 131 151 144 16 40 84 168 46 163 20 54 187 171 43 110 115 48 196 61 182 77 173 160 167 157 147 164 114 189 197 28 51 194 50
86 86 73 35 128 10 95 19 107 143 117 122 130 67 138 126 124 123 85 136 27 104 145 139 133 174 99 132 112 134 18 21 120 97 125 52 111 135 179 183 121 55 137 31 118 142 119 44 129 2 140 141 154 1 109 9 131 144 108 156 49 74 43 16 153 155 162 58 175 64 150 180 161 34 98 165 168 163 177 8 60 116 84 148 152 158 159 166 169 170 172 181 171 178 33 114 50 70 151 28 48 13 23 30 68 191 160 167 176 15 110 147 164 3 157 20 40 115 113 149 46 54 77 61 106 187 146 41 173 127 182 184 196
95 95 145 179 97 130 183 18 143 86 125 138 126 85 142 136 133 129 104 134 122 27 112 124 107 73 10 120 35 52 109 137 111 74 135 31 154 99 128 140 21 117 113 55 131 2 43 49 149 116 9 33 146 139 153 118 67 98 132 16 123 155 162 171 180 150 177 41 181 161 60 165 119 108 174 144 64 189 197 175 19 191 176 173 156 8 83 44 121 45 106 196 34 127 46 141 187 182 160 167 178 157 1 163 58 194 168 151 147 77 110 20 115 164 190 80 192 184 48 114 148 152 158 159 166 169 170 172 50 61 28
97 97 85 136 95 124 117 2 74 133 104 155 162 99 143 129 154 120 122 138 73 145 27 86 130 67 179 98 10 18 107 183 125 128 112 134 181 174 126 55 123 176 187 142 118 52 153 116 146 16 41 182 135 33 19 137 109 9 48 132 35 49 111 21 20 60 148 152 158 159 166 169 170 172 106 50 31 180 28 171 114 121 160 167 168 175 127 8 34 110 147 119 156 157 163 164 44 178 151 46 77 131 115 165 144 149 64 150 140 177 108 161 58 1 113 43 191 139 61 13 23 30 68 70 15 3 141 54 5 6 26 32 47 53 62 56 7 0 4 12 14 24 42 57 69 75 76 11 78 51 79 81 82 87 88 89 90 91 92 93 94 96 100 25 37 38 17 36 39 65 72 40
98 98 104 124 117 2 97 55 128 139 123 99 74 153 174 116 138 10 181 136 176 146 16 41 85 95 187 143 118 33 135 182 31 133 27 120 21 137 35 112 9 20 134 48 86 111 168 106 49 157 155 162 132 60 122 119 107 108 114 121 148 152 158 159 166 169 170 172 151 125 130 129 160 167 144 18 50 28 126 73 110 52 147 161 163 142 154 44 165 131 171 156 164 140 77 127 64 115 149 150 43 8 180 58 113 46 34 175 67 178 1 183 109 177 145 19 179 61 54 194 79 81 82 87 88 89 90 91 92 93 94 96 100 0 4 12 14 24 42 57 69 75 76 5 6 7 11 26 29 32 47 53 70 3 38 78 13 17 23 30 36 39 56 62 65 68 72 40 15 25 37 51
99 99 140 133 136 128 132 124 117 2 35 122 120 97 21 155 162 118 123 107 134 85 74 27 104 10 95 141 163 129 138 67 86 73 154 135 143 46 31 111 98 137 177 55 52 176 43 139 181 174 109 142 187 49 116 146 16 41 182 153 33 9 112 106 180 175 48 34 127 145 8 20 60 148 152 158 159 166 169 170 172 183 50 178 28 114 121 160 167 168 179 173 110 147 119 156 157 164 126 44 191 151 171 1 77 125 115 165 58 144 130 150 64 19 18 131 108 161 189 197 149 113 194 51 184
104 104 98 139 85 118 55 128 136 153 106 10 95 134 49 31 120 124 107 52 58 133 135 27 97 74 21 129 122 108 117 99 143 138 86 116 132 154 137 125 142 175 126 41 111 130 9 157 123 161 180 146 67 35 18 73 179 33 177 16 183 112 131 174 168 64 46 149 151 155 162 109 119 34 144 165 150 114 20 194 8 127 145 43 110 140 147 113 173 115 181 176 189 197 178 156 2 163 121 187 60 1 160 167 77 182 44 19 171 80 164 191 190 141 28 184 148 152 158 159 166 169 170 172 50 48 51 54 61 15 13 23 30 68 3 192 62 17 36 65 72 40 5 6 26 32 47 53 56
