8 8 173 171 149 77 135 109 58 31 112 49 111 52 1 2 5 6 26 32 47 53 20 62 41 56 74 28 35 13 17 23 30 36 39 65 68 72 9 80 34 51 61 21 15 25 37 38 27 60 0 4 12 14 24 42 57 69 75 76 104 3 19 48 54 73 46 127 16 10 7 11 29 70 40 177 142 33 134 129 175 22 59 63 66 71 79 81 82 87 88 89 90 91 92 93 94 96 100 64 78 50 122 67 85 117 55 106 44 98 45 97 43 99 124 183 95 139 150 132 118 128 153 137 107 18 180 178 102 125 86 144 131 101 126 120 138 84 161 136 179 154 165 133 130 113 108 103 105 116 146 123 143 196 151 192 163 147 157 83
9 9 110 150 161 131 137 58 134 122 120 31 49 111 124 21 52 1 64 28 80 104 5 6 26 32 47 53 35 8 74 20 62 41 56 13 17 23 30 36 39 65 68 72 27 34 51 112 61 55 19 15 25 37 38 54 43 3 77 2 126 107 22 59 63 66 71 44 18 45 117 50 67 128 103 105 16 10 132 40 129 106 101 109 133 146 73 46 139 60 118 153 135 0 4 12 14 24 42 57 69 75 76 149 48 177 180 78 127 142 33 175 138 7 11 29 70 136 95 85 165 108 125 140 98 143 99 86 97 102 151 116 154 179 123 84 176 183 130 144 173 79 81 82 87 88 89 90 91 92 93 94 96 100 83 145 119 194 178 156 113 191 181 189 197 174 187 182 163 192 147 157 160 167
10 10 174 130 143 67 118 128 86 132 55 85 134 122 104 112 111 124 27 52 1 2 117 73 35 95 16 60 107 74 48 120 0 4 12 14 24 42 57 69 75 76 46 19 33 99 41 21 31 98 97 43 58 20 5 6 7 11 26 29 32 47 53 70 8 49 133 62 135 61 137 56 77 51 109 50 13 17 23 30 36 39 65 68 72 139 34 22 59 63 66 71 79 81 82 87 88 89 90 91 92 93 94 96 100 44 9 64 175 136 15 25 37 45 38 129 138 28 3 123 54 78 142 126 153 150 154 140 116 40 106 146 125 165 131 178 177 18 101 163 149 80 161 183 84 127 180 108 168 181 141 144 102 179 113 156 103 105 173 151 191 176 189 197 160 167 182 119 196 187 192 184 115 171
16 16 67 153 137 124 107 27 52 1 2 117 46 60 48 0 4 12 14 24 42 57 69 75 76 73 10 20 41 35 70 33 5 6 7 11 26 29 32 47 53 74 65 72 43 62 56 98 23 30 68 97 44 58 77 8 55 51 50 13 17 36 39 21 22 59 63 66 71 79 81 82 87 88 89 90 91 92 93 94 96 100 99 61 34 78 45 15 25 37 38 49 95 85 64 28 9 108 54 3 136 31 180 151 161 40 118 132 122 112 129 120 134 104 18 138 111 133 126 109 194 125 175 128 143 101 178 19 135 149 139 80 116 123 86 145 157 146 144 142 181 130 131 102 106 156 140 121 127 163 165 119 103 105 177 174 160 167 176 113 150 154 187 184 182 83 141 171
18 18 83 45 64 103 105 109 101 31 95 107 1 117 54 44 131 188 193 9 50 77 55 22 59 63 66 71 43 118 67 112 62 2 28 48 60 16 0 4 12 14 24 42 57 69 75 76 111 73 52 129 142 58 8 46 49 61 20 27 5 6 7 11 26 29 32 47 53 70 134 183 19 74 33 41 132 10 34 56 35 51 13 17 23 30 36 39 65 68 72 21 106 175 122 85 127 126 137 130 97 125 15 25 37 177 38 138 104 124 135 3 143 136 145 78 128 133 86 120 99 139 98 40 108 144 123 121 140 119 79 81 82 87 88 89 90 91 92 93 94 96 100 179 80 153 161 116 150 113
20 20 153 58 1 2 117 5 6 26 32 47 53 62 41 56 28 23 30 68 74 13 17 36 39 65 72 8 35 51 80 61 15 25 37 38 21 34 9 48 0 4 12 14 24 42 57 69 75 76 31 46 3 60 27 104 16 54 73 70 40 7 11 29 33 10 50 77 22 59 63 66 71 79 81 82 87 88 89 90 91 92 93 94 96 100 78 44 98 97 67 19 45 99 64 43 85 55 49 52 95 102 18 101 124 86 157 161 149 151 108 132 112 125 118 122 128 136 137 180 134 107 120 84 103 105 194 111 133 129 109 106 139 135 126 175 156 142 138 143 131 150 127 130 146 177 144 110 116 171
21 21 19 176 156 138 177 139 133 128 118 132 55 9 58 122 35 120 31 49 124 84 13 23 30 68 86 107 70 85 15 52 1 2 3 54 61 40 104 56 74 5 6 26 32 47 53 27 20 41 8 28 17 36 39 62 65 72 80 51 38 34 25 37 10 135 0 4 12 14 24 42 57 69 75 76 16 46 99 73 60 48 33 111 134 95 117 7 11 29 78 137 43 109 97 67 98 77 136 44 22 59 63 66 71 79 81 82 87 88 89 90 91 92 93 94 96 100 50 129 45 112 64 146 143 126 140 175 154 150 153 142 123 106 102 18 116 161 131 127 130 113 101 144 173 180 163 149 141 108 119 164 125 183 168 179 181 178 157 110 165 147 191 174 103 105 151 145
27 27 61 181 156 180 138 139 129 133 136 132 118 73 55 153 34 16 109 134 95 58 122 10 120 33 31 124 111 51 17 36 65 72 107 7 52 15 25 37 1 2 78 54 3 104 117 21 74 20 40 35 56 5 6 26 32 47 53 19 41 8 9 28 38 13 23 30 39 62 68 80 137 135 85 128 46 99 49 60 48 0 4 12 14 24 42 57 69 75 76 97 67 43 112 86 11 29 70 143 142 98 77 44 50 125 126 149 22 59 63 66 71 79 81 82 87 88 89 90 91 92 93 94 96 100 140 175 177 45 64 130 106 154 18 146 161 183 144 150 131 84 108 116 127 165 102 123 151 163 101 179 119 145 141 157 174 155 162 168 173 184 194 113 178 176 103 105 191
28 28 58 1 117 80 5 6 26 32 47 53 20 65 72 62 56 9 74 23 30 68 41 31 13 17 36 39 8 35 51 104 15 25 37 38 21 34 61 3 50 27 54 77 22 59 63 66 71 44 40 67 2 45 43 55 48 60 0 4 12 14 24 42 57 69 75 76 70 73 49 16 46 19 78 7 11 29 33 10 52 64 18 102 98 85 97 99 95 86 79 81 82 87 88 89 90 91 92 93 94 96 100 101 132 153 118 124 112 134 128 122 120 107 129 137 84 139 111 109 106 135 156 175 136 131 142 126 133 103 105 149 83 110 161 108 125 127 116 146 138 171 144 177 130 150 157 168 151
31 31 183 177 175 135 142 129 128 106 132 104 127 9 58 134 112 111 8 124 34 21 18 27 52 64 1 117 109 28 41 49 35 80 45 74 5 6 26 32 47 53 20 62 56 61 107 113 54 55 139 13 17 23 30 36 39 65 68 72 118 43 51 10 95 83 120 19 137 15 25 37 122 38 77 67 2 3 44 138 50 103 105 22 59 63 66 71 131 60 46 16 101 116 136 40 33 115 99 144 171 126 48 73 173 123 85 78 153 0 4 12 14 24 42 57 69 75 76 86 98 133 150 164 165 125 7 11 29 70 161 110 97 149 154 146 178 180 108 163 130 187 102 140 143 182 147 156 191 84 114 176 79 81 82 87 88 89 90 91 92 93 94 96 100 179 181 141 195 160 167 189 197 196 174 192 151 157 119
33 33 51 185 186 184 129 55 124 27 52 1 2 61 117 58 16 60 48 0 4 12 14 24 42 57 69 75 76 73 10 46 41 5 6 7 11 26 29 32 47 53 70 20 74 62 35 56 98 97 77 8 50 13 17 23 30 36 39 65 68 72 22 59 63 66 71 79 81 82 87 88 89 90 91 92 93 94 96 100 99 44 21 95 67 43 34 15 25 37 45 38 104 31 49 85 19 28 64 3 54 78 136 9 80 109 40 120 135 116 112 107 137 122 111 153 18 101 134 132 128 138 86 133 118 146 168 143 142 181 126 102 106 123 180 175 156 139 84 178 103 105 127 174 177 160 167 144 163 108 130 176 161 151 149 131 125 165 182 187 113 150 140 154
34 34 54 61 109 58 27 31 62 11 111 40 17 36 65 72 38 78 7 51 15 25 37 19 52 1 2 3 56 64 5 6 26 32 47 53 20 8 28 41 74 13 23 30 39 68 80 35 9 21 0 4 12 14 24 42 57 69 75 76 104 60 48 16 73 46 85 10 29 70 33 84 86 77 55 22 59 63 66 71 79 81 82 87 88 89 90 91 92 93 94 96 100 50 67 101 97 44 98 45 43 103 105 99 129 132 95 49 175 177 134 124 106 18 122 102 183 142 118 112 117 127 139 153 136 107 180 120 137 128 133 131 138 165 156 150 126 135 154 125 149 181 161 123 179 178 143 116 113 108
35 35 143 126 67 133 128 86 132 137 58 122 112 21 124 52 1 2 117 74 5 6 26 32 47 53 20 41 62 56 28 8 9 19 10 13 17 23 30 36 39 65 68 72 31 80 51 73 61 16 27 15 25 37 34 104 38 60 46 120 95 48 99 0 4 12 14 24 42 57 69 75 76 3 54 107 85 43 33 7 11 29 70 40 55 97 118 98 77 50 22 59 63 66 71 79 81 82 87 88 89 90 91 92 93 94 96 100 136 44 78 49 134 64 111 45 135 109 138 140 129 161 146 139 175 84 102 153 142 130 178 154 123 131 177 108 150 18 101 180 163 151 127 149 106 116 176 183 145 156 144 141 125 113 103 105 194 174 165 181 191 160 167 182 196 119 171 187
41 41 175 106 153 127 58 112 124 52 1 2 20 117 5 6 26 32 47 53 74 62 56 28 35 8 31 13 17 23 30 36 39 65 68 72 80 51 61 104 9 15 25 37 34 38 60 46 21 16 27 48 0 4 12 14 24 42 57 69 75 76 3 19 73 54 10 49 33 7 11 29 70 40 67 77 98 97 43 50 22 59 63 66 71 79 81 82 87 88 89 90 91 92 93 94 96 100 99 44 78 85 55 64 95 45 115 109 111 118 108 161 149 113 116 102 86 107 137 129 135 134 142 122 136 18 128 101 126 132 151 178 144 180 84 131 133 125 187 110 182 120 150 157 171 138 130 146 147 143 114 183 139 191 154 177 164 123 103 105 194 195 176 181 165 160 167 196 174 163 156 140 184
43 43 125 132 127 137 134 107 52 1 117 44 77 50 49 22 59 63 66 71 55 16 46 67 45 111 31 109 60 9 10 28 48 35 0 4 12 14 24 42 57 69 75 76 41 73 126 118 149 112 135 70 131 20 120 33 5 6 7 11 26 29 32 47 53 27 21 74 65 72 62 18 108 56 8 144 129 58 23 30 68 153 51 13 17 36 39 139 161 163 2 34 95 64 177 151 165 15 25 37 38 180 61 141 122 140 113 104 54 133 3 145 142 124 147 171 164 40 128 115 136 175 106 116 86 146 85 178 187 194 78 80 195 121 99 182 173 130 119 101 160 167 138 189 197 19 123 97 98 150 143 154 83 184 157 102 79 81 82 87 88 89 90 91 92 93 94 96 100 183 190 156 168 110 103 105
44 44 107 1 64 117 50 22 59 63 66 71 45 18 77 43 67 103 105 55 101 28 48 60 16 0 4 12 14 24 42 57 69 75 76 73 46 70 49 20 5 6 7 11 26 29 32 47 53 62 9 31 54 65 72 74 41 33 56 10 23 30 68 58 52 35 51 13 17 36 39 8 2 21 15 25 37 27 38 34 61 3 131 40 118 83 132 112 129 86 134 137 78 135 121 111 108 119 128 144 139 130 125 85 19 122 123 138 95 142 126 124 140 99 97 98 106 136 120 127 143 109 104 153 133 80 116 141 102 145 161 79 81 82 87 88 89 90 91 92 93 94 96 100 146 150 149 168 156 151 147 157 163 175 165 154 188 193 160 167 171 110 113 178 115 114 155 162
46 46 178 106 153 132 137 1 2 0 4 12 14 24 42 57 69 75 76 16 48 60 73 70 20 41 5 6 7 11 26 29 32 47 53 65 72 35 77 62 10 67 56 23 30 68 43 74 33 51 13 17 36 39 8 22 59 63 66 71 79 81 82 87 88 89 90 91 92 93 94 96 100 58 99 50 49 21 44 98 97 78 15 25 37 27 45 38 34 61 54 3 64 52 55 85 28 31 108 40 9 95 112 109 104 115 118 124 113 194 111 117 151 161 18 19 101 180 107 120 122 129 134 177 146 165 80 182 102 126 110 157 116 114 163 141 149 125 145 136 86 103 105 175 133 128 127 142 143 139 135 131 138 83 84
48 48 1 2 117 0 4 12 14 24 42 57 69 75 76 60 73 46 16 70 5 6 7 11 26 29 32 47 53 20 65 72 62 56 74 23 30 68 41 33 10 50 51 13 17 36 39 35 8 22 59 63 66 71 79 81 82 87 88 89 90 91 92 93 94 96 100 77 44 98 58 97 67 78 15 25 37 45 99 38 43 21 34 61 55 28 64 54 3 27 85 40 95 49 31 9 52 18 101 19 104 102 80 86 132 124 103 105 112 153 118 136 122 129 134 137 128 107 126 109 120 138 133 130 135 142 143 111 139 156 83 131 125 161 106 149 84 146 108 140 116 154 175 171 144 150 168
49 49 157 147 179 108 144 146 131 139 177 175 142 118 129 153 106 132 127 134 104 9 8 52 21 1 117 111 109 31 107 135 43 55 112 77 113 67 120 46 41 116 50 137 10 22 59 63 66 71 44 58 122 27 16 124 45 115 60 95 126 180 128 28 48 171 149 20 0 4 12 14 24 42 57 69 75 76 33 173 73 35 125 74 161 164 64 136 19 5 6 7 11 26 29 32 47 53 70 2 178 62 56 110 61 51 151 165 133 13 17 23 30 36 39 65 68 72 18 163 34 85 15 25 37 38 140 80 3 150 54 114 191 86 138 141 194 40 182 183 97 99 78 101 187 130 123 156 195 160 167 154 98 189 197 143 119 103 105 184 84 176 79 81 82 87 88 89 90 91 92 93 94 96 100
50 50 1 117 22 59 63 66 71 44 77 67 45 43 28 48 60 55 0 4 12 14 24 42 57 69 75 76 73 16 46 70 49 20 5 6 7 11 26 29 32 47 53 74 65 72 62 41 33 56 10 9 31 23 30 68 35 51 13 17 36 39 18 58 8 52 2 15 25 37 64 38 21 34 61 27 54 3 40 78 101 19 104 98 97 99 95 132 80 86 112 85 153 102 118 83 129 134 109 111 107 137 124 79 81 82 87 88 89 90 91 92 93 94 96 100 103 105 122 120 135 131 116 168 108 156 139 157 126 142 151 163 147 128 146 149 160 167 161 110 165 144 136 125 175 171 113 123 106 140 154 119 178 121 130 155 162 115 114 148 152 158 159 166 169 170 172 138 127 150
52 52 190 184 160 167 163 165 116 151 161 144 113 180 108 177 146 175 149 142 126 77 135 178 129 153 80 136 118 43 109 127 106 112 134 60 122 104 16 120 95 111 49 124 9 41 33 10 8 31 35 107 21 34 27 1 137 117 55 132 67 133 128 125 58 131 139 150 183 138 115 46 74 51 44 73 2 143 130 50 54 85 22 59 63 66 71 45 61 171 97 18 154 182 99 173 28 48 20 0 4 12 14 24 42 57 69 75 76 164 140 19 64 123 98 179 157 191 5 6 7 11 26 29 32 47 53 70 86 147 110 56 13 17 23 30 36 39 62 65 68 72 187 145 119 15 25 37 194 38 78 155 162 174 156 3 114 176 181 79 81 82 87 88 89 90 91 92 93 94 96 100 40 101 195 196 189 197 121
55 55 168 116 129 109 122 134 120 104 10 33 124 107 21 27 1 117 52 51 43 44 50 49 137 67 77 31 9 22 59 63 66 71 135 128 133 112 16 45 73 136 142 132 111 138 58 139 28 48 60 118 95 74 0 4 12 14 24 42 57 69 75 76 106 143 35 146 2 70 46 18 41 126 20 140 5 6 7 11 26 29 32 47 53 130 65 72 8 61 144 23 30 68 62 85 56 34 153 150 13 17 36 39 131 119 64 86 15 25 37 125 177 38 180 19 54 123 161 174 149 3 165 156 154 108 98 40 127 176 175 181 78 99 80 173 121 183 97 184 101 191 189 197 113 187 79 81 82 87 88 89 90 91 92 93 94 96 100 185 186 151 182 83 178 163 110 171 157 160 167 141 102 147 145 115 103 105 155 162
60 60 112 52 1 2 117 48 0 4 12 14 24 42 57 69 75 76 73 16 46 70 41 5 6 7 11 26 29 32 47 53 20 10 74 65 72 62 33 8 35 56 23 30 68 77 51 50 13 17 36 39 22 59 63 66 71 79 81 82 87 88 89 90 91 92 93 94 96 100 58 44 98 97 43 67 21 34 78 15 25 37 99 45 38 64 61 55 27 28 95 54 3 85 49 31 40 9 18 101 19 104 129 126 80 161 124 142 122 178 175 137 134 130 153 118 106 132 107 102 136 109 86 111 154 150 120 127 135 116 146 103 105 128 144 149 108 113 160 167 165 183 163 151 196 177 139 133 138 131 180 125 143 184 156 171 140 83 84 190 157 115 147 123
64 64 103 105 101 18 54 29 83 188 193 45 131 44 118 9 112 11 31 111 62 34 1 2 117 38 40 61 19 58 60 48 0 4 12 14 24 42 57 69 75 76 95 56 73 10 78 46 16 74 8 20 107 5 6 7 26 32 47 53 70 109 41 33 35 50 51 13 17 23 30 36 39 65 68 72 49 77 85 97 21 22 59 63 66 71 79 81 82 87 88 89 90 91 92 93 94 96 100 98 27 67 99 15 25 37 52 43 104 55 134 175 28 3 137 132 86 126 129 127 142 124 150 183 84 80 122 106 135 161 154 128 133 120 177 139 130 125 123 110 165 136 153 102
67 67 178 175 136 16 10 35 1 77 22 59 63 66 71 50 44 45 52 46 73 55 43 0 4 12 14 24 42 57 69 75 76 28 48 49 60 41 70 74 31 58 2 5 6 7 11 26 29 32 47 53 112 20 65 72 62 115 56 9 23 30 68 27 33 51 13 17 36 39 8 21 124 18 118 15 25 37 38 34 61 64 54 3 143 132 122 146 133 165 40 182 86 117 111 191 128 129 85 109 113 104 78 155 162 137 107 134 153 101 19 126 120 174 80 98 130 97 99 79 81 82 87 88 89 90 91 92 93 94 96 100 95 106 102 83 127 142 135 103 105 177
73 73 143 136 86 122 27 1 2 117 48 0 4 12 14 24 42 57 69 75 76 60 10 16 70 46 35 74 5 6 7 11 26 29 32 47 53 20 95 65 72 97 62 23 30 68 33 56 67 41 58 99 51 50 13 17 36 39 8 77 22 59 63 66 71 79 81 82 87 88 89 90 91 92 93 94 96 100 55 44 98 61 21 85 78 15 25 37 34 45 38 43 54 19 64 28 3 52 40 124 49 120 9 107 31 133 104 128 18 129 101 132 130 112 109 155 162 140 134 142 137 80 135 146 150 118 102 149 153 111 156 138 84 126 103 105 139 191 125 180 131 116 161 154 106 175 108 123 144 83 127 178 171 181 119
74 74 118 136 58 85 122 112 124 1 2 117 5 6 26 32 47 53 20 41 62 56 28 35 8 13 17 23 30 36 39 65 68 72 51 104 80 61 19 9 21 15 25 37 27 38 73 31 34 60 48 10 0 4 12 14 24 42 57 69 75 76 3 16 97 46 54 7 11 29 70 40 33 99 95 67 98 55 50 77 133 22 59 63 66 71 79 81 82 87 88 89 90 91 92 93 94 96 100 64 44 78 52 45 43 49 120 107 137 86 135 102 128 129 175 132 130 84 134 101 18 150 153 142 146 154 109 138 111 143 106 155 162 140 149 126 139 161 127 116 178 183 103 105 123 131 176 181 191 174 156 125 108 196 144 177 171 182 180 187 110 113
77 77 178 8 52 1 117 67 50 22 59 63 66 71 44 43 45 46 60 28 48 55 49 0 4 12 14 24 42 57 69 75 76 16 73 31 70 20 41 33 9 10 58 5 6 7 11 26 29 32 47 53 74 65 72 62 35 56 23 30 68 51 13 17 36 39 18 2 165 146 34 21 113 112 64 15 25 37 38 27 61 54 3 115 40 149 135 182 109 80 171 111 153 78 129 101 118 134 175 142 160 167 95 19 106 116 163 127 132 122 108 98 97 124 144 151 161 126 137 99 107 177 136 173 85 120 86 131 139 104 128 184 125 102 83 79 81 82 87 88 89 90 91 92 93 94 96 100 150 138 130 190 157 103 105 147 168 156 180 123 110 154 140 164 119 114
80 80 58 52 28 104 5 6 26 32 47 53 20 9 65 72 62 56 41 23 30 68 74 31 8 35 13 17 36 39 21 34 15 25 37 51 38 3 61 27 54 40 1 2 19 78 33 7 11 60 102 16 70 10 77 0 4 12 14 24 42 57 69 75 76 48 73 49 46 43 85 55 95 29 124 67 118 64 153 106 112 98 175 22 59 63 66 71 50 136 122 44 177 134 18 97 107 120 79 81 82 87 88 89 90 91 92 93 94 96 100 109 111 129 180 161 117 126 127 128 142 135 132 86 84 99 190 144 45 113 149 178 184 160 167 163 139 151 137 165 133 108 146 116
85 85 19 154 97 133 122 95 120 104 74 10 84 107 86 2 70 13 23 30 68 21 15 3 40 54 61 58 136 98 99 79 81 82 87 88 89 90 91 92 93 94 96 100 1 124 128 112 55 118 73 56 0 4 12 14 24 42 57 69 75 76 143 62 48 130 27 16 35 60 9 46 134 117 140 38 138 31 5 6 7 11 26 29 32 47 53 20 52 28 33 41 126 51 78 17 36 39 65 72 8 111 132 129 142 64 137 67 25 37 80 34 49 139 43 44 135 146 145 125 150 119 18 77 45 50 109 22 59 63 66 71 153 106 123 101 131 174 183 179 149 191 108 180 161 127 144 121 141 177
86 86 19 128 73 95 10 84 35 107 85 70 117 68 13 23 30 15 21 3 40 54 61 143 122 58 104 138 27 133 130 124 78 34 123 136 126 139 56 132 38 62 120 135 2 97 112 25 37 17 36 65 72 111 134 74 31 99 125 51 52 55 11 118 1 145 7 142 129 67 20 137 41 28 9 5 6 26 32 47 53 44 16 8 121 119 43 154 64 39 60 80 48 140 18 131 108 98 144 49 183 174 179 156 33 109 106 50 0 4 12 14 24 42 57 69 75 76 77 46 153 141 127 146 150 116 149 161 29 165 45 163 151 79 81 82 87 88 89 90 91 92 93 94 96 100 177 171 113 155 162
95 95 145 179 130 183 143 125 138 126 97 142 136 133 129 86 134 85 122 104 112 124 18 27 2 52 117 107 120 10 99 111 73 137 35 98 109 83 135 19 128 74 31 79 81 82 87 88 89 90 91 92 93 94 96 100 60 45 55 16 140 33 49 64 48 41 113 0 4 12 14 24 42 57 69 75 76 21 153 154 131 1 149 118 46 58 139 61 20 8 116 5 6 7 11 26 29 32 47 53 70 9 43 146 62 56 51 132 78 13 17 23 30 36 39 65 68 72 34 38 150 15 25 37 165 123 171 155 162 161 3 54 106 28 77 40 44 84 101 181 180 175 67 144 177 108 80 50 127 178 173 156 189 197 174 119 103 105 191 151 160 167 176 196 163 22 59 63 66 71 182 187 121
97 97 136 85 95 124 2 117 99 98 79 81 82 87 88 89 90 91 92 93 94 96 100 73 74 48 16 60 0 4 12 14 24 42 57 69 75 76 10 70 133 46 41 33 20 5 6 7 11 26 29 32 47 53 23 30 68 35 65 72 27 62 56 51 19 104 78 13 17 36 39 21 58 8 1 38 129 61 138 15 25 37 143 54 120 34 40 86 3 155 162 107 64 122 130 154 31 52 112 126 9 125 28 128 142 134 153 123 146 145 67 116 101 44 179 77 43 55 50 49 183 174 137 118 181 135 176 132 140 187 18 182 111 109 139 80 84 102 45 22 59 63 66 71 156 149 161 131 119 150 108 151 171 144 163 165 103 105 121 157 160 167
98 98 104 124 2 117 97 79 81 82 87 88 89 90 91 92 93 94 96 100 99 95 48 16 85 60 0 4 12 14 24 42 57 69 75 76 73 10 46 74 70 41 33 20 5 6 7 11 26 29 32 47 53 35 58 65 72 62 56 23 30 68 51 78 13 17 36 39 8 38 1 21 27 15 25 37 61 34 54 3 40 64 153 128 136 138 31 9 120 28 55 123 139 118 143 133 146 116 112 135 52 107 19 101 137 44 134 77 50 174 43 86 111 176 181 132 67 129 187 80 18 182 122 49 106 126 130 102 45 154 142 140 22 59 63 66 71 109 161 125 156 108 131 150 151 149 144 119 157 155 162 110 103 105 163 165 168 171 160 167 121 114
99 99 140 133 136 128 132 124 2 117 97 98 79 81 82 87 88 89 90 91 92 93 94 96 100 95 35 73 10 46 85 48 74 16 107 60 0 4 12 14 24 42 57 69 75 76 120 21 122 27 70 33 41 20 5 6 7 11 26 29 32 47 53 65 72 62 56 118 23 30 68 138 51 134 58 78 13 17 36 39 123 8 1 38 104 61 15 25 37 34 129 111 154 86 54 155 162 139 3 40 135 64 137 31 163 9 52 143 141 28 109 153 177 146 67 43 112 44 19 55 116 101 77 126 50 174 176 181 130 49 18 142 125 187 182 131 45 80 102 119 22 59 63 66 71 150 156 161 108 149 144 165 121 151 106
104 104 139 98 118 128 136 153 106 55 134 58 120 85 95 31 124 49 10 107 52 117 80 9 21 27 74 28 135 41 133 20 129 35 8 5 6 26 32 47 53 122 138 111 65 72 23 30 68 62 56 108 132 13 17 36 39 137 112 126 34 125 143 1 2 15 25 37 51 142 86 116 38 61 175 123 146 3 161 19 109 97 54 180 131 40 43 73 99 16 130 154 67 33 144 157 177 60 46 127 149 151 119 78 165 183 7 64 150 70 140 48 11 179 110 44 77 113 155 162 0 4 12 14 24 42 57 69 75 76 114 18 174 145 168 115 50 194 29 147 173 102 45 121 163 176 181 22 59 63 66 71 79 81 82 87 88 89 90 91 92 93 94 96 100 189 197 160 167 178 156 187 84 182 171 101 141 184
