8 8 173 171 77 149 135 109 49 31 112 111 58 52 177 127 142 1 2 150 175 183 129 134 34 180 178 125 106 139 144 122 117 113 179 118 137 165 131 18 9 132 60 107 153 64 138 154 55 147 95 128 161 10 124 126 116 41 120 130 108 123 115 27 104 157 43 196 164 21 146 192 80 74 35 163 133 33 67 16 182 5 6 26 32 47 53 62 56 160 167 151 140 61 13 17 23 30 36 39 65 68 72 85 54 15 25 37 51 38 136 184 3 44 190 20 97 86 187 19 99 98 110 40 191 143 28 195 114 145 119 0 4 12 14 24 42 57 69 75 76 50 7 11 29 70 156 48 121 168 194 189 197 141 78 174 155 162 181 46 176 73 22 59 63 66 71 79 81 82 87 88 89 90 91 92 93 94 96 100 148 152 158 159 166 169 170 172 45
9 9 110 150 161 131 64 21 137 134 122 49 31 120 111 124 58 52 112 126 1 146 118 55 139 149 180 106 133 177 107 109 117 138 35 129 132 128 135 44 176 10 104 140 95 188 193 153 43 142 108 165 125 127 8 34 154 16 175 85 179 143 123 27 151 130 145 156 46 173 194 136 119 99 18 74 73 116 183 191 189 197 103 105 97 144 54 98 157 101 147 174 86 113 187 181 33 41 192 182 80 67 2 77 115 171 163 19 164 184 190 168 62 60 114 121 23 30 68 5 6 26 32 47 53 65 72 56 160 167 141 28 48 13 17 36 39 50 61 15 25 37 51 38 196 3 40 20 155 162 178 11 29 45 148 152 158 159 166 169 170 172 70 7 0 4 12 14 24 42 57 69 75 76
10 10 174 130 67 143 86 85 55 118 128 132 104 134 122 27 112 111 124 35 73 95 52 133 107 120 74 21 135 138 175 117 137 109 139 1 2 16 97 99 154 31 136 126 123 140 49 33 178 98 129 150 116 165 163 168 43 64 141 46 153 9 142 19 181 60 146 149 34 41 177 131 18 144 106 125 191 183 180 145 173 176 189 197 119 156 113 8 161 44 182 58 196 115 77 192 187 127 160 167 121 184 157 48 179 151 155 162 110 147 61 171 20 54 50 164 194 190 28 108 114 80 0 4 12 14 24 42 57 69 75 76 148 152 158 159 166 169 170 172 5 6 7 11 26 29 32 47 53 70 56 13 17 23 30 36 39 62 65 68 72 15 25 37 51 38 3 45 185 186 40
16 16 67 153 137 27 124 107 52 1 2 117 151 180 108 194 35 161 136 10 175 46 41 20 178 181 157 138 120 43 145 134 125 149 33 129 118 95 109 122 104 126 111 112 123 116 97 98 99 156 132 139 55 9 146 49 34 135 31 165 77 73 60 133 174 44 144 121 143 182 163 160 167 119 176 74 187 150 141 21 48 113 140 18 86 177 64 128 58 184 154 115 130 61 142 131 155 162 190 106 50 8 183 80 28 85 110 168 147 127 0 4 12 14 24 42 57 69 75 76 171 164 114 5 6 7 11 26 29 32 47 53 70 148 152 158 159 166 169 170 172 179 54 13 17 23 30 36 39 56 62 65 68 72 191 38 15 25 37 51 40 3 19 173 22 59 63 66 71 79 81 82 87 88 89 90 91 92 93 94 96 100 45 189 197 78 185 186 192
18 18 83 45 109 31 95 64 107 117 1 183 142 129 44 34 145 130 134 177 138 175 86 125 8 132 97 106 126 104 27 131 179 55 135 143 188 193 127 121 52 137 112 119 85 120 124 122 9 128 133 113 139 136 140 49 10 123 141 35 116 118 73 144 171 108 41 43 74 16 77 111 33 50 103 105 21 99 164 154 150 101 115 153 161 28 48 163 110 149 165 147 156 114 98 168 160 167 146 151 54 20 155 162 60 2 67 180 148 152 158 159 166 169 170 172 173 157 46 58 178 19 61 191 38 22 59 63 66 71 40 181 0 4 12 14 24 42 57 69 75 76 187 5 6 7 11 26 29 32 47 53 70 189 197 182 174 13 17 23 30 36 39 56 62 65 68 72 184 15 25 37 51 194 176 3
20 20 153 58 1 2 117 157 151 194 41 46 16 161 108 149 125 180 28 5 6 26 32 47 53 62 56 48 13 17 23 30 36 39 65 68 72 104 15 25 37 51 38 61 3 27 74 60 19 54 50 40 49 52 124 73 44 98 0 4 12 14 24 42 57 69 75 76 34 137 35 7 11 29 70 77 156 148 152 158 159 166 169 170 172 33 97 168 147 80 64 8 86 114 121 155 160 162 167 106 18 171 110 107 139 99 120 55 31 134 112 119 163 164 43 132 150 111 118 138 78 131 136 144 95 127 140 122 146 45 115 123 165 85 130 22 59 63 66 71 79 81 82 87 88 89 90 91 92 93 94 96 100 10 21 142 129 175 154 9 128 133 116 178 126 113 135 109 143 177 67 181 183 179
21 21 176 156 138 177 139 133 55 128 118 9 132 35 19 122 49 120 31 124 58 107 135 52 27 104 99 10 109 137 134 95 1 2 111 146 150 154 117 86 85 74 129 143 173 136 140 164 175 126 123 116 161 141 33 142 73 64 113 168 67 163 110 46 112 131 149 97 180 43 98 119 8 34 181 191 153 108 13 23 30 68 174 16 106 127 15 144 179 3 130 41 18 40 70 183 157 178 147 54 187 61 80 165 182 184 5 6 26 32 47 53 84 38 60 115 17 36 39 56 62 65 72 77 171 44 25 37 51 190 20 121 155 162 151 194 160 167 145 28 50 125 114 0 4 12 14 24 42 57 69 75 76 189 197 7 11 29 192 48 78 148 152 158 159 166 169 170 172
27 27 181 156 73 34 180 138 16 139 33 55 129 133 136 132 118 153 10 95 109 134 122 61 31 120 124 111 21 104 135 137 107 58 143 52 128 99 86 85 49 67 149 74 125 97 130 140 117 112 35 142 177 183 1 2 18 161 154 116 46 144 126 9 175 150 43 146 184 41 174 131 51 165 168 163 185 186 141 20 155 162 157 194 123 64 108 54 8 179 151 98 119 145 176 106 173 127 191 178 189 197 113 17 36 65 72 15 25 37 3 187 60 7 40 77 44 19 121 192 182 147 80 160 167 171 28 78 62 164 110 56 48 5 6 26 32 47 53 115 38 13 23 30 39 68 50 190 114 0 4 12 14 24 42 57 69 75 76 45 148 152 158 159 166 169 170 172 11 29 70
28 28 58 1 117 20 50 5 6 26 32 47 53 62 65 72 56 23 30 68 48 13 17 36 39 51 15 25 37 38 74 3 41 44 54 61 60 40 77 148 152 158 159 166 169 170 172 168 80 157 156 35 2 114 121 155 160 162 167 73 19 18 110 163 147 171 34 98 119 164 43 64 86 16 31 151 55 33 8 45 115 123 165 99 161 130 139 153 22 59 63 66 71 150 131 27 97 144 138 70 154 140 104 52 146 0 4 12 14 24 42 57 69 75 76 125 112 149 108 116 107 7 11 29 134 120 118 9 142 111 113 132 126 10 137 129 135 128 95 49 21 106 136 122 124 109 127 67 133 85 46 175 178 143 180 177 78 183
31 31 183 18 34 177 175 135 142 64 8 129 128 9 106 104 132 127 21 112 134 111 109 27 124 113 52 139 49 118 58 173 138 41 131 95 171 107 55 10 115 144 164 43 122 35 116 150 123 120 1 137 126 117 99 110 136 161 133 125 67 33 165 191 86 180 153 98 77 154 130 85 156 163 178 149 54 16 187 176 46 146 140 179 147 188 193 143 44 60 141 182 114 45 181 83 74 108 97 195 61 151 196 189 197 174 192 103 105 2 73 145 157 101 80 119 160 167 184 28 121 168 19 190 20 155 162 194 50 5 6 26 32 47 53 56 48 13 17 23 30 36 39 62 65 68 72 15 25 37 51 38 3 11 40 148 152 158 159 166 169 170 172 7 29
33 33 185 186 184 51 129 55 27 124 52 1 2 117 116 168 136 109 181 120 16 138 10 95 31 137 135 122 107 153 98 156 104 111 61 134 133 139 128 34 41 21 97 73 143 60 146 112 132 174 49 77 176 160 167 180 58 74 35 106 123 99 118 163 187 85 48 127 182 151 165 144 20 67 80 43 190 161 50 131 183 18 9 113 86 28 108 157 64 149 126 150 44 0 4 12 14 24 42 57 69 75 76 154 8 130 5 6 7 11 26 29 32 47 53 70 145 147 54 148 152 158 159 166 169 170 172 13 17 23 30 36 39 56 62 65 68 72 38 142 110 15 25 37 179 177 171 40 175 164 114 121 155 162 3 178 140 115 119 19 194 125 46 141 22 59 63 66 71 79 81 82 87 88 89 90 91 92 93 94 96 100 45 173 78
34 34 54 109 61 31 27 111 58 52 1 2 183 177 8 40 175 129 142 18 62 180 38 132 106 55 19 17 36 65 72 139 15 25 37 51 11 64 134 3 165 9 127 137 7 181 10 156 122 16 118 33 192 138 135 131 80 120 179 113 123 125 107 73 150 95 78 133 5 6 26 32 47 53 117 124 153 77 136 21 49 128 60 13 23 30 39 56 68 104 154 41 112 43 116 184 20 163 190 144 67 85 28 173 160 167 171 35 161 99 149 115 86 0 4 12 14 24 42 57 69 75 76 97 146 108 143 151 74 130 29 70 164 140 126 48 178 110 191 145 147 119 141 46 114 168 22 59 63 66 71 79 81 82 87 88 89 90 91 92 93 94 96 100 157 182 187 45 194 174 50 121 155 162 176 188 193 44 98 189 197
35 35 67 143 86 126 133 128 132 137 21 122 112 124 58 10 52 73 120 95 99 118 107 136 16 117 138 1 2 140 85 55 135 139 123 111 178 109 74 131 175 9 161 43 134 46 176 163 154 31 130 145 60 27 41 151 146 177 141 150 19 142 156 49 194 153 104 129 108 174 191 125 98 97 180 18 33 77 149 183 116 196 182 181 106 8 20 80 28 64 44 160 167 187 165 5 6 26 32 47 53 115 179 34 56 62 48 121 13 17 23 30 36 39 65 68 72 127 61 15 25 37 51 38 113 119 184 3 110 157 171 50 144 190 40 164 54 147 173 114 0 4 12 14 24 42 57 69 75 76 7 11 29 70 148 152 158 159 166 169 170 172 155 162 168 78 45 192 189 197
41 41 175 106 153 127 112 124 58 52 115 1 2 117 108 31 46 161 191 20 113 49 149 187 109 116 67 182 60 16 151 114 157 104 110 180 74 142 147 135 118 144 194 111 178 137 183 164 195 43 171 35 98 129 125 126 131 27 146 95 150 122 196 10 130 134 154 33 8 123 128 64 132 177 55 80 136 77 107 97 160 167 143 28 181 139 174 133 176 163 99 165 5 6 26 32 47 53 120 34 138 48 85 13 17 23 30 36 39 56 62 65 68 72 18 38 15 25 37 51 9 61 184 54 40 21 3 190 50 19 44 156 86 179 73 168 0 4 12 14 24 42 57 69 75 76 121 7 11 29 70 119 148 152 158 159 166 169 170 172 145 155 162 173 140 22 59 63 66 71 79 81 82 87 88 89 90 91 92 93 94 96 100 45 141 78 192
43 43 125 132 127 137 134 107 52 1 117 149 111 109 46 163 141 126 131 161 180 108 144 151 165 95 120 49 153 135 145 147 35 164 16 118 112 177 31 140 171 195 194 9 10 139 113 187 115 99 41 182 189 197 173 129 122 44 27 121 150 104 55 175 77 124 116 160 167 119 60 21 183 133 138 64 154 18 123 33 74 146 130 157 142 20 86 184 73 67 190 34 136 50 179 8 80 28 48 97 156 110 98 168 106 155 162 128 114 148 152 158 159 166 169 170 172 143 58 85 2 178 192 54 174 22 59 63 66 71 40 191 61 0 4 12 14 24 42 45 57 69 75 76 181 19 5 6 7 11 26 29 32 47 53 70 176 196 13 17 23 30 36 39 56 62 65 68 72 15 25 37 51 38 3
44 44 64 107 1 117 188 193 131 18 103 105 101 118 121 9 119 31 54 140 123 112 141 139 130 138 43 16 86 108 144 125 145 111 50 28 48 126 135 55 142 137 74 10 20 143 132 128 60 35 129 95 77 134 154 104 168 148 152 158 159 166 169 170 172 163 116 160 167 155 162 157 99 49 33 114 147 165 156 161 150 41 151 133 52 98 171 8 2 85 109 73 136 110 164 153 27 45 146 97 115 113 120 21 175 149 58 183 62 22 59 63 66 71 19 106 127 177 0 4 12 14 24 42 57 69 75 76 180 61 5 6 7 11 26 29 32 47 53 70 56 122 13 17 23 30 36 39 65 68 72 15 25 37 51 38 178 3 124 40 179 46 67 34
46 46 178 106 153 132 137 1 2 115 108 194 113 151 182 161 77 43 41 180 67 165 16 20 114 146 109 141 157 163 110 112 49 118 177 145 35 104 99 116 9 111 120 126 125 10 27 52 149 129 124 31 175 117 21 134 107 127 122 55 142 183 58 95 133 0 4 12 14 24 42 57 69 75 76 144 150 128 131 135 5 6 7 11 26 29 32 47 53 70 56 136 139 48 13 17 23 30 36 39 62 65 68 72 18 138 61 97 15 25 37 51 38 143 54 3 85 140 60 130 154 19 40 123 147 8 86 164 73 22 59 63 66 71 79 81 82 87 88 89 90 91 92 93 94 96 100 156 78 34 119 45 74 179 173 50 33 171 28 174 181 160 167 64 176 44 98 187 121 196 191 168
48 48 1 2 117 20 60 50 28 73 44 98 0 4 12 14 24 42 57 69 75 76 70 5 6 7 11 26 29 32 47 53 77 62 65 72 56 74 23 30 68 16 13 17 36 39 51 148 152 158 159 166 169 170 172 41 97 168 15 25 37 38 33 58 157 64 3 156 114 121 155 160 162 167 54 61 18 163 99 147 40 171 86 110 119 164 43 35 151 55 46 78 140 45 115 123 165 130 19 138 22 59 63 66 71 79 81 82 87 88 89 90 91 92 93 94 96 100 153 10 27 34 139 144 161 154 131 150 146 125 52 107 112 108 116 149 120 132 95 142 134 118 113 8 9 85 126 111 31 128 137 129 135 136 122 124 49 67 104 127 106 133 109 178 143 21 175 180 177
49 49 157 147 179 108 146 144 131 139 177 175 142 8 118 129 153 104 106 9 132 127 21 134 52 111 135 109 31 113 173 116 171 180 41 107 115 55 164 126 43 128 95 112 161 117 27 120 64 137 1 149 125 46 110 124 122 178 10 150 151 165 16 67 191 77 138 136 163 183 133 35 34 33 140 141 194 114 98 156 99 85 18 182 20 187 123 176 74 154 195 130 60 86 143 189 197 58 73 97 160 167 145 119 184 44 80 190 121 192 2 181 174 50 28 48 19 54 196 148 152 158 159 166 169 170 172 51 188 193 155 162 168 61 45
50 50 1 117 28 48 44 20 60 77 148 152 158 159 166 169 170 172 168 157 114 121 155 160 162 167 73 18 163 156 147 110 119 164 43 74 98 171 16 86 41 151 64 33 55 45 115 123 165 97 130 22 59 63 66 71 99 161 144 154 140 150 0 4 12 14 24 42 57 69 75 76 138 131 146 139 125 70 153 108 116 35 5 6 7 11 26 29 32 47 53 62 65 72 56 23 30 68 51 149 113 8 142 13 17 36 39 52 58 107 112 120 111 126 15 25 37 38 134 2 10 129 132 3 9 21 27 54 118 137 61 135 40 128 31 49 67 136 127 122 124 95 46 109 106 19 133 178 104 34 85 180 175 143 177
52 52 190 184 80 160 167 163 77 165 151 60 116 161 144 113 180 108 146 177 175 34 149 43 142 126 16 178 135 41 33 153 129 8 136 104 118 109 127 112 35 9 95 134 106 21 122 10 120 49 111 124 137 27 31 132 55 67 125 183 133 150 115 139 128 107 131 138 173 171 74 143 130 182 164 46 97 191 154 99 73 117 85 86 64 179 18 157 194 1 110 58 145 98 147 187 140 156 176 123 20 174 185 186 181 155 162 2 119 114 195 196 189 197 141 51 54 168 61 192 121 44 19 28 48
55 55 168 116 33 129 10 109 104 21 122 134 120 27 124 107 133 117 128 135 1 139 95 138 118 112 9 85 52 31 146 137 136 142 143 111 130 132 184 185 186 174 156 140 49 35 98 73 106 176 150 144 74 180 119 181 99 16 126 34 161 97 67 177 18 149 153 86 123 51 165 125 43 189 197 131 41 173 191 154 64 44 121 187 151 113 182 178 163 183 46 127 2 8 179 77 175 58 157 60 171 160 167 155 162 147 20 114 108 50 141 115 164 28 48 19 110 145 194 148 152 158 159 166 169 170 172 61 80 54 196 15 190 45 13 23 30 68 17 36 65 72 192 3 62 5 6 26 32 47 53 56 70 40 25 37 38 39 7 11 0 4 12 14 24 42 57 69 75 76 29
60 60 112 52 117 1 2 161 41 130 196 126 74 150 142 160 167 154 175 35 8 178 77 183 163 129 165 48 64 113 151 116 16 137 10 95 144 33 20 31 43 184 50 108 106 190 134 146 127 149 111 34 124 28 80 135 55 153 122 115 171 107 131 125 86 118 44 98 73 58 0 4 12 14 24 42 57 69 75 76 132 104 109 138 114 139 164 5 6 7 11 26 29 32 47 53 70 180 168 110 121 147 62 56 157 177 27 148 152 158 159 166 169 170 172 85 123 128 155 162 119 140 13 17 23 30 36 39 65 68 72 156 97 61 136 15 25 37 51 38 49 9 3 133 18 99 19 54 40 143 21 46 120 45 22 59 63 66 71 79 81 82 87 88 89 90 91 92 93 94 96 100 78 182 145 173 179 191 174 194 187 67
64 64 188 193 44 103 105 101 131 9 118 54 18 31 112 111 117 1 2 150 49 126 175 161 183 107 74 110 137 29 34 134 10 127 8 135 154 142 21 132 60 41 130 129 120 11 52 139 62 133 165 177 123 122 124 106 45 27 104 196 43 125 58 38 192 40 55 35 83 16 144 61 128 113 138 85 179 149 153 48 19 95 77 115 171 86 98 136 108 33 109 20 140 180 28 99 164 178 50 163 121 151 156 116 143 67 97 119 146 160 167 114 147 73 145 173 56 0 4 12 14 24 42 57 69 75 76 148 152 158 159 166 169 170 172 5 6 7 26 32 47 53 70 141 13 17 23 30 36 39 65 68 72 155 162 168 191 78 15 25 37 51 3 157 182 174 187 194 176 46 181 22 59 63 66 71 79 81 82 87 88 89 90 91 92 93 94 96 100 189 197
67 67 16 178 175 35 136 10 1 115 143 86 182 191 112 165 77 46 118 146 155 162 52 174 41 132 133 128 113 124 97 27 130 126 73 122 99 137 74 104 85 21 153 55 111 109 129 134 31 49 106 95 107 2 127 120 142 8 34 139 9 135 161 58 177 183 43 117 138 154 33 140 180 150 64 123 131 108 18 151 19 125 163 116 149 98 181 156 176 22 59 63 66 71 61 196 145 0 4 12 14 24 42 45 57 69 75 76 179 194 160 167 184 141 144 157 50 54 187 5 6 7 11 26 29 32 47 53 70 80 56 28 48 171 13 17 23 30 36 39 62 65 68 72 190 15 25 37 51 38 173 147 3 110 44 119 20 60 168 164 40
73 73 143 86 136 122 27 1 2 117 95 35 10 128 155 162 74 133 120 107 67 97 85 124 129 104 99 156 130 55 181 135 191 142 19 21 137 140 150 132 109 16 112 146 9 180 33 118 52 149 34 48 134 153 138 61 20 139 60 58 50 28 145 49 111 168 44 98 0 4 12 14 24 42 57 69 75 76 175 31 183 174 5 6 7 11 26 29 32 47 53 70 77 56 54 106 13 17 23 30 36 39 62 65 68 72 148 152 158 159 166 169 170 172 41 179 15 25 37 51 38 18 127 3 114 121 160 167 64 177 178 126 40 110 147 119 157 163 164 43 171 141 151 176 46 115 123 165 22 59 63 66 71 79 81 82 87 88 89 90 91 92 93 94 96 100 78 154 131 45 125 108 116 161 144 182 187 113 8 194 184
74 74 85 118 136 122 112 124 58 97 133 1 2 117 104 10 154 120 73 95 155 162 135 99 130 27 67 128 35 107 150 146 41 55 137 64 98 60 143 175 21 52 132 191 19 142 129 140 109 49 196 149 138 174 181 161 123 111 20 153 176 28 86 116 9 183 16 187 31 5 6 26 32 47 53 33 182 44 48 13 17 23 30 36 39 56 62 65 68 72 126 8 18 38 61 15 25 37 51 40 54 180 3 77 43 156 139 50 151 121 131 168 125 113 145 160 167 177 171 115 144 119 178 108 0 4 12 14 24 42 57 69 75 76 110 163 165 34 134 7 11 29 70 106 179 148 152 158 159 166 169 170 172 114 80 147 164 127 157 141 194 46 22 59 63 66 71 79 81 82 87 88 89 90 91 92 93 94 96 100 184 45 78 188 193 173
77 77 178 8 52 1 117 165 146 115 182 171 113 173 46 149 67 112 135 109 160 167 60 163 49 111 31 151 144 16 116 161 43 190 184 50 153 41 108 80 33 28 48 150 177 142 58 175 18 34 125 124 126 137 129 35 180 132 44 20 183 157 74 55 130 139 64 131 147 154 128 104 164 168 148 152 158 159 166 169 170 172 118 155 162 10 121 2 114 119 156 110 134 138 123 73 86 127 136 98 9 95 107 27 140 97 120 21 122 106 99 22 59 63 66 71 61 0 4 12 14 24 42 45 57 69 75 76 133 19 5 6 7 11 26 29 32 47 53 70 85 62 56 13 17 23 30 36 39 65 68 72 179 143 15 25 37 51 38 3 196 54 40
80 80 58 52 190 184 160 167 34 77 163 41 165 60 151 116 161 180 144 8 113 177 175 5 6 26 32 47 53 62 65 72 56 23 30 68 108 146 35 28 13 17 36 39 149 9 15 25 37 51 38 142 43 153 126 135 31 3 16 33 178 20 54 61 104 21 40 129 118 136 27 109 1 112 127 106 19 134 95 49 2 122 107 74 117 124 137 10 120 111 55 132 67 139 125 183 138 150 133 128 131 115 46 171 173 85 73 64 130 86 18 143
85 85 154 97 74 133 10 104 95 19 122 120 107 136 2 118 130 124 112 143 86 27 140 99 55 128 134 35 138 146 73 111 174 145 117 21 98 150 119 126 67 137 179 183 139 142 9 132 52 129 18 161 125 191 149 109 58 135 180 68 70 13 23 30 41 84 1 15 141 33 175 3 116 60 64 106 34 153 49 155 162 40 31 8 121 54 127 181 156 165 178 61 44 176 20 113 46 177 123 151 16 108 48 131 168 144 163 187 171 110 115 196 43 56 62 182 77 17 36 65 72 25 37 173 38 51 160 167 157 39 147 28 164 78 189 197 114 50 79 81 82 87 88 89 90 91 92 93 94 96 100 194 0 4 12 14 24 42 57 69 75 76 184 192 148 152 158 159 166 169 170 172 5 6 7 11 26 29 32 47 53 80
86 86 73 35 128 10 19 95 107 143 117 130 122 138 67 126 124 123 85 27 136 104 145 133 174 139 99 112 132 120 134 21 97 18 125 52 135 111 179 55 183 121 142 137 140 118 31 2 119 44 154 129 1 141 84 74 9 150 109 70 131 144 68 108 156 13 23 30 49 15 153 155 162 3 43 175 180 16 64 58 34 161 40 8 168 165 98 177 163 54 116 149 60 181 148 152 158 159 166 169 170 172 171 61 178 146 28 114 151 33 50 176 160 167 48 110 147 164 20 46 157 113 115 77 191 182 173 187 106 41 127 196 194 51 184 80 189 197 56 62 17 36 65 72 25 37 38
95 95 145 179 97 130 183 143 18 86 125 138 126 85 142 136 133 129 104 134 122 112 27 124 107 73 10 120 35 109 137 52 111 74 135 31 154 99 128 140 21 113 117 55 131 2 43 49 149 116 9 146 153 33 139 98 118 67 155 162 123 132 171 180 150 177 181 161 83 60 165 19 119 16 45 108 41 64 174 189 197 144 175 176 191 173 156 44 121 8 106 196 46 141 34 127 187 182 160 167 157 178 1 194 163 168 58 147 151 20 110 77 115 164 190 192 48 80 184 114 61 51 148 152 158 159 166 169 170 172 15 54 13 23 30 68 50 3 70 28 40
97 97 85 136 95 124 2 117 74 133 104 155 162 99 143 129 154 120 122 73 138 145 130 67 86 179 27 98 10 183 18 107 125 128 181 112 174 134 126 123 55 176 19 187 118 142 16 52 153 116 146 41 182 33 135 48 137 109 35 132 9 49 20 60 111 21 148 152 158 159 166 169 170 172 106 34 50 180 8 114 121 160 167 168 171 31 175 28 46 127 58 1 110 147 119 156 157 163 164 178 44 151 77 64 131 115 165 144 79 81 82 87 88 89 90 91 92 93 94 96 100 149 61 150 140 177 0 4 12 14 24 42 57 69 75 76 108 161 54 5 6 7 11 26 29 32 47 53 70 56 113 191 78 13 17 23 30 36 39 62 65 68 72 43 38 15 25 37 51 139 3 141 40 184 173 194
98 98 104 124 117 2 128 55 139 123 97 74 136 138 153 174 85 116 176 181 16 10 146 41 95 99 33 187 143 118 182 135 133 31 120 21 27 137 35 48 112 9 134 111 86 168 20 155 162 106 157 60 49 122 119 129 114 108 148 152 158 159 166 169 170 172 121 151 125 130 160 167 163 107 144 156 50 140 126 28 110 18 147 52 161 154 132 142 58 73 44 165 8 64 131 171 164 127 77 115 149 150 180 43 1 67 113 175 19 79 81 82 87 88 89 90 91 92 93 94 96 100 178 183 0 4 12 14 24 42 57 69 75 76 177 109 61 5 6 7 11 26 29 32 47 53 70 56 62 78 13 17 23 30 36 39 65 68 72 38 145 15 25 37 51 179 3 194 40 54 46 184 34
99 99 140 133 136 128 132 124 2 117 122 35 120 97 155 162 123 21 118 107 134 85 74 27 104 141 95 163 129 86 138 67 73 154 10 135 143 46 98 111 31 177 137 176 55 52 181 43 139 174 109 187 142 16 116 146 49 41 182 33 153 9 112 48 34 106 180 175 8 127 20 145 60 183 148 152 158 159 166 169 170 172 178 19 1 58 50 114 121 160 167 168 28 179 130 173 110 147 119 156 157 164 191 126 44 151 171 77 125 115 165 144 79 81 82 87 88 89 90 91 92 93 94 96 100 64 150 0 4 12 14 24 42 57 69 75 76 189 197 61 131 54 108 161 18 5 6 7 11 26 29 32 47 53 70 149 113 78 13 17 23 30 36 39 56 62 65 68 72 38 194 15 25 37 51 184 40 3
104 104 98 139 85 118 55 128 136 106 153 10 95 134 49 31 120 124 107 58 52 133 135 97 74 27 21 129 122 108 99 117 143 138 125 86 116 154 132 137 123 142 175 126 41 157 130 9 161 180 146 111 67 179 73 35 33 18 183 177 131 16 112 174 168 155 162 149 151 46 20 119 64 114 150 144 109 194 165 34 145 8 127 110 43 140 147 173 113 115 181 176 2 189 197 178 156 163 19 121 187 60 80 160 167 1 77 182 171 44 164 191 28 190 141 184 54 61 3 40 50 38 48 148 152 158 159 166 169 170 172 5 6 26 32 47 53 13 17 23 30 36 39 56 62 65 68 72 192 15 25 37 51
