8 8 173 171 77 149 58 135 109 31 49 112 111 1 2 52 127 34 134 142 27 9 129 21 41 177 35 117 175 74 106 5 6 26 32 47 53 62 56 23 30 68 64 13 17 36 39 65 72 20 61 15 25 37 51 38 10 3 54 60 122 40 104 183 19 124 132 28 33
9 9 110 150 161 131 58 64 137 21 134 122 31 49 120 111 124 1 52 112 27 35 117 104 107 8 55 34 132 128 10 129 126 118 74 133 54 41 146 135 106 177 43 142 139 127 18 16 109 19 153 180 175
10 10 174 130 143 67 86 85 55 118 128 132 104 134 122 112 27 111 124 1 2 52 117 107 35 95 120 31 21 74 73 16 137 33 133 135 109 139 49 9 129 41 19 64 136 60 175 99 34 43 8 142 97 138 98 58 153 46 154 123 126
16 16 67 153 137 27 124 107 1 2 52 117 35 10 41 33 46 20 43 136 108 55 21 73 60 120 34 129 74 118 111 180 104 9 31 95 134 151 112 161 48 49 132
18 18 83 45 64 109 31 95 107 1 117 44 27 142 129 112 54 134 52 9 55 111
20 20 58 153 1 2 117 41 74 5 6 26 32 47 53 65 72 56 62 23 30 68 13 17 36 39 27 35 15 25 37 51 38 3 61 40 54 34 8 16 28 19 21 46 48 60 31 73 33
21 21 19 176 156 138 177 139 58 133 128 55 118 9 132 35 122 31 120 49 124 107 1 2 52 27 104 10 135 13 23 30 68 85 117 111 15 134 3 74 40 137 54 8 34 61 41 95 86 70 99 33 109 129 16 64 56 62 17 36 65 72 112 5 6 26 32 47 53 38 25 37 51 39 20 146 136 142 43 143 73 175
27 27 61 181 156 34 180 73 138 139 16 129 55 33 133 136 58 132 118 153 10 95 109 134 122 31 120 124 111 107 1 2 52 117 21 104 137 135 51 35 128 74 9 54 49 112 17 36 65 72 8 41 15 25 37 85 3 40 142 19 20 99 143 7 64 43 125 18 126 97 86 46 177 67 56 5 6 26 32 47 53 38 140 149 13 23 30 39 62 68 130 175 106 78 146 127
28 28 58 1 117 20 74 41 5 6 26 32 47 53 56 35 13 17 23 30 36 39 62 65 68 72 15 25 37 51 38 3 61 31 54 19 34 40
31 31 183 177 135 175 142 34 18 58 129 8 128 104 9 132 106 64 127 112 21 134 111 27 124 52 1 117 109 49 107 10 41 95 120 118 35 139 55 122 113 137 54 131 43 138 74 61 33 2 136 116 16 19 133 20 28 171 153
33 33 51 185 186 184 129 55 27 124 1 2 52 117 61 10 16 41 21 31 95 58 120 35 34 73 60 74 109 107 136 48
34 34 54 61 58 109 27 31 111 1 2 52 40 19 62 15 3 17 36 65 72 25 37 8 51 38 64 11 7 9 21 41 56 13 23 30 68 5 6 26 32 47 53 35 39 20 78 10 74 129 33 16 134 177 132 73 175 28 60 142
35 35 143 67 86 126 58 133 128 132 137 21 122 112 124 1 2 52 117 10 107 120 95 31 74 27 41 19 9 16 73 99 8 118 134 20 60 104 34 5 6 26 32 47 53 62 56 43 46 13 17 23 30 36 39 65 68 72 33 61 15 25 37 51 38 111 55 3 54 40 136 135 109 28 49 138 85 64 129
41 41 175 58 153 106 127 112 124 1 2 52 117 31 35 74 20 49 27 16 8 104 21 34 60 10 5 6 26 32 47 53 65 72 62 56 23 30 68 46 13 17 36 39 33 15 25 37 51 38 3 111 9 61 54 40 109 28 115 19 107 64 95 43 108 161 48 149 113
43 43 125 132 127 137 134 107 1 52 117 111 109 49 31 16 35 27 120 126 112 10 118 9 135 149 21 55 41 131 46 129 144
44 44 64 107 1 117 18
46 46 178 106 153 132 137 1 2 16 41 35 20 49 27 43
48 48 1 2 117 60 20 73 16 74 41 33
49 49 157 147 179 144 108 146 131 139 177 175 142 118 129 8 153 106 104 132 9 127 21 134 52 1 117 31 111 107 109 135 27 112 120 41 137 55 10 43 95 113 124 122 116 58 64 46 149 35 128 171 16 126 115 77
50 50 1 117
52 52 190 184 160 167 165 77 163 80 116 161 144 151 180 113 60 177 175 108 146 142 149 135 126 43 129 178 16 153 136 34 41 33 118 104 109 8 127 112 134 9 106 95 35 122 21 10 120 49 111 124 31 27 107 1 117 137 55 132 58 128 133 139 2 67 125 131 138 74 150 183 64 85 143 130 18 115 46 73
55 55 168 116 33 129 10 109 104 122 134 120 21 124 27 107 1 117 52 128 31 137 133 132 95 9 112 135 136 111 49 138 139 118 85 35 16 142 143 43 73 74 146 58 130 126 106 18 140
60 60 112 1 2 52 117 41 35 10 74 8 16 33 64 48 20 73 34 27
64 64 103 105 101 18 54 188 193 44 131 118 9 31 112 111 1 2 117 34 29 11 62 40 58 107 38 10 74 45 8 27 21 134 61 52 19 49 60 41 95 35 137 175
67 67 178 16 175 136 35 10 1 52 112 27 124
73 73 143 86 136 122 27 1 2 117 10 95 35 74 107 16 33 120 19 55 48 60 34 61 20 52 21
74 74 58 85 118 136 122 112 124 1 2 117 35 10 27 41 21 104 95 19 20 73 97 8 133 23 30 68 5 6 26 32 47 53 65 72 56 62 107 31 13 17 36 39 9 52 15 25 37 51 38 64 3 61 40 54 34 60 120 16 28 33 99 137 55 48 135
77 77 178 8 1 52 117
80 80 58 52
85 85 19 154 97 74 133 10 104 95 122 120 107 2 136 21 124 86 27 112 58 118 134 117 55 128 70 13 23 30 68 15 3 130 143 40 52 54 35 61 1
86 86 19 73 128 35 10 95 107 117 85 143 122 21 2 104 124 130 27 138 112 126 1
95 95 97 145 179 130 183 143 138 125 126 86 142 85 136 18 133 129 104 134 122 112 27 124 2 52 117 107 120 10 35 31 111 109 73 137 74 55 135 128 49 21 33 99 153 118 16 19 41 154 64 140 98 139
97 97 85 136 95 124 2 117 74 104 99 133 27 10
98 98 104 124 2 117 10 95
99 99 140 133 136 128 132 124 2 117 35 107 120 27 21 10 95 97 74 104
104 104 98 139 85 118 128 58 55 136 153 106 95 134 10 31 49 120 124 107 52 117 27 21 129 135 133 111 122 9 74 112 132 41 138 108 137 126 35 97 143 142 125 86 116 109 1 146 16 8 2 175 99 34 20
