8 8 173 171 77 149 135 109 49 31 112 111 58 52 1 2 127 142 177 34 129 134 175 106 9 183 117 122 41 150 21 27 74 35 5 6 26 32 47 53 60 132 139 13 17 23 30 36 39 56 62 65 68 72 20 61 180 178 64 38 54 15 25 37 51 128 124 144 118 40 3 107 137 104 125 18 10 153 28 19 80 55 131 33 95 179 16 126 0 4 12 14 24 42 57 69 75 76 161 154 48 165 138 7 11 29 70 43 120 73 108 113 46 146 130 85 116 136 196 147 157 192 22 59 63 66 71 79 81 82 87 88 89 90 91 92 93 94 96 100 123 151 50 133 45 163 44 98 160 167 97 78 67 115 184 99
9 9 110 150 161 131 64 137 21 134 122 49 31 120 111 124 58 52 1 112 126 107 55 128 35 117 104 132 118 8 27 146 133 129 106 135 109 177 34 139 180 10 149 142 54 74 43 153 127 138 18 95 41 16 175 165 19 108 125 140 28 136 2 5 6 26 32 47 53 80 61 103 105 85 13 17 23 30 36 39 56 62 65 68 72 20 101 154 176 46 143 15 25 37 51 33 151 38 44 73 40 179 116 3 123 183 130 99 144 145 77 156 60 173 119 194 97 67 188 193 191 113 189 197 98 178 181 174 187 147 157 182 192 22 59 63 66 71 163 86 50 0 4 12 14 24 42 45 57 69 75 76 48 7 11 29 70 160 167
10 10 174 130 143 67 86 85 55 118 128 132 104 134 122 112 27 111 124 52 1 2 117 35 107 95 120 73 74 133 31 135 137 21 139 109 16 175 33 136 49 99 138 129 97 19 123 154 9 43 60 41 126 150 64 98 146 116 34 142 153 58 140 165 8 125 131 178 46 106 177 61 161 163 149 48 183 180 20 70 77 168 181 18 0 4 12 14 24 42 57 69 75 76 23 30 68 51 108 127 5 6 7 11 26 29 32 47 53 62 56 141 156 13 17 36 39 65 72 54 144 15 25 37 38 40 3 50 113 151 28 44 173 191 189 197 160 167 176 78 119 182 196 187 22 59 63 66 71 79 81 82 87 88 89 90 91 92 93 94 96 100 192 45 179
16 16 67 153 137 27 124 107 52 1 2 117 35 108 41 10 136 180 46 33 151 161 20 43 118 129 104 138 132 55 60 111 120 73 95 126 194 112 134 109 125 133 34 9 74 61 175 122 135 48 58 21 178 149 139 31 98 128 97 44 116 146 49 123 143 0 4 12 14 24 42 57 69 75 76 77 181 99 145 157 5 6 7 11 26 29 32 47 53 70 144 8 142 13 17 23 30 36 39 56 62 65 68 72 18 38 54 15 25 37 51 86 64 40 156 3 130 50 131 85 28 140 19 121 163 165 119 160 167 106 113 127 174 45 22 59 63 66 71 79 81 82 87 88 89 90 91 92 93 94 96 100 176 177 187 182 150 154 78 184 80 141 190 115
18 18 83 45 64 109 31 95 107 1 117 44 103 105 142 101 129 183 54 134 34 131 112 27 9 132 8 55 104 130 118 126 138 188 193 106 125 52 122 86 177 135 175 127 111 137 145 43 143 133 16 128 136 97 21 49 124 41 85 50 10 139 120 33 2 35 28 48 58 77 121 144 108 60 140 20 119 123 179 73 19 74 61 38 22 59 63 66 71 40 0 4 12 14 24 42 57 69 75 76 113 5 6 7 11 26 29 32 47 53 70 116 67 13 17 23 30 36 39 56 62 65 68 72 99 161 150 149 153 46 171 15 25 37 51 141 154 3 146 165 98 115 110 163
20 20 153 58 1 2 117 41 5 6 26 32 47 53 56 13 17 23 30 36 39 62 65 68 72 51 74 61 15 25 37 28 38 54 3 16 46 35 27 34 40 19 8 48 60 104 21 73 0 4 12 14 24 42 57 69 75 76 31 7 11 29 70 157 151 33 80 9 161 64 49 149 108 125 50 10 77 44 98 52 194 97 180 99 78 43 124 18 45 22 59 63 66 71 79 81 82 87 88 89 90 91 92 93 94 96 100 55 85 95 67 118 86 137 132 112 156 128 111 120 129 109 139 134 138
21 21 176 156 138 19 177 139 133 128 118 55 132 9 35 122 120 49 31 58 124 107 52 1 2 27 104 135 85 111 134 137 10 13 23 30 68 86 99 15 109 74 3 95 117 40 54 70 61 129 146 8 136 112 143 34 41 150 33 64 140 56 62 142 5 6 26 32 47 53 175 123 161 126 16 84 51 17 36 39 65 72 20 116 154 38 43 25 37 131 46 106 28 153 73 113 144 80 97 180 67 60 98 163 108 127 18 141 130 149 173 119 164 0 4 12 14 24 42 57 69 75 76 48 7 11 29 44 183 168 110 77 125 78 181 191 165 174 145 151 147 178 45 187 179 157 182 22 59 63 66 71 79 81 82 87 88 89 90 91 92 93 94 96 100 121 50
27 27 181 156 180 138 73 34 139 61 16 129 55 133 136 33 132 118 153 109 95 10 134 122 31 120 124 111 58 107 52 1 2 117 21 104 137 135 128 51 49 74 143 85 54 9 35 112 99 17 36 65 72 142 15 25 37 125 86 41 126 3 149 8 67 140 97 20 130 177 40 7 175 43 19 18 183 154 146 64 46 161 78 116 106 150 144 62 56 5 6 26 32 47 53 123 38 131 127 165 13 23 30 39 68 108 28 151 60 98 163 179 145 80 174 119 48 141 184 77 157 168 44 155 162 0 4 12 14 24 42 57 69 75 76 11 29 70 194 113 185 186 173 50 176 191 121 189 197 178 45 160 167 182 187
28 28 58 1 117 20 5 6 26 32 47 53 62 56 13 17 23 30 36 39 65 68 72 74 41 51 15 25 37 38 61 3 35 54 19 34 40 31 8 80 9 21 27 50 2 48 77 44 104 60 73 43 16 18 45 22 59 63 66 71 33 64 55 0 4 12 14 24 42 57 69 75 76 67 7 11 29 70 49 10 46 52 86 156 118 98 153 132
31 31 183 177 175 135 142 18 34 129 8 128 104 106 132 9 64 127 112 134 21 111 27 58 124 52 1 109 117 49 107 139 118 113 41 10 95 120 55 137 122 35 138 131 54 43 171 116 136 115 173 33 144 126 123 133 61 74 99 153 150 45 164 2 77 165 161 125 110 149 16 46 60 67 28 154 83 180 98 20 146 86 163 62 156 44 85 65 72 130 19 80 5 6 26 32 47 53 23 30 68 56 103 105 178 13 17 36 39 187 108 140 101 176 182 15 25 37 51 38 147 143 3 181 191 40 73 114 97 179 141 50 11 48 188 193 7 195 160 167 70 196 174 189 197 29 192 151 0 4 12 14 24 42 57 69 75 76 22 59 63 66 71 119
33 33 51 185 186 184 129 55 27 124 52 1 2 117 61 16 10 58 109 120 136 31 116 95 41 104 60 73 21 35 34 135 107 74 111 137 134 112 48 138 153 122 98 20 97 49 168 0 4 12 14 24 42 57 69 75 76 9 77 99 181 133 5 6 7 11 26 29 32 47 53 70 146 8 128 118 13 17 23 30 36 39 56 62 65 68 72 43 180 132 38 54 46 15 25 37 40 139 156 3 50 64 123 85 28 18 44 143 19 144 160 167 106 142 163 151 174 165 126 108 161 175 22 59 63 66 71 79 81 82 87 88 89 90 91 92 93 94 96 100 176 127 177 149 86 45 113 187 80 130 125 182 178 150 78 131 67 154 140
34 34 54 61 109 31 27 58 111 52 1 2 40 62 38 19 17 36 65 72 15 25 37 51 11 3 8 7 64 9 78 129 5 6 26 32 47 53 177 13 23 30 39 56 68 20 175 41 132 21 183 142 33 106 16 134 35 18 74 55 10 28 127 80 73 60 180 104 122 124 139 118 0 4 12 14 24 42 57 69 75 76 137 95 48 29 70 128 117 107 165 112 136 120 46 153 135 77 85 49 133 138 43 131 156 181 150 149 179 113 126 125 192 22 59 63 66 71 79 81 82 87 88 89 90 91 92 93 94 96 100 123 50 116 161 154 45 144 108 44 98 146 163 97 151 67 184 178 86 99 160 167
35 35 143 67 86 126 133 128 132 137 21 122 112 58 124 52 1 2 117 10 120 107 95 73 99 16 74 31 118 9 41 19 27 136 134 135 111 138 85 109 46 43 60 55 20 8 23 30 68 5 6 26 32 47 53 104 65 72 62 56 140 13 17 36 39 34 51 161 139 123 28 15 25 37 175 38 146 61 33 54 178 130 3 129 40 142 177 154 49 131 163 150 80 48 151 180 98 108 153 176 64 97 149 0 4 12 14 24 42 57 69 75 76 77 116 7 11 29 70 156 145 106 141 18 50 44 194 78 125 127 165 183 113 191 174 160 167 144 181 196 182 22 59 63 66 71 119 79 81 82 87 88 89 90 91 92 93 94 96 100 187 45
41 41 175 106 153 127 112 58 124 52 1 2 117 31 20 74 49 115 35 16 104 46 60 8 109 5 6 26 32 47 53 108 111 27 161 13 17 23 30 36 39 56 62 65 68 72 34 149 113 61 33 38 15 25 37 51 28 10 116 54 40 3 21 9 43 135 118 107 19 151 80 95 142 144 48 67 137 129 180 98 187 134 64 55 182 126 97 178 157 73 125 0 4 12 14 24 42 57 69 75 76 77 110 122 99 146 131 114 147 171 7 11 29 70 150 136 191 130 128 164 138 183 120 154 18 50 194 85 123 132 133 44 177 195 143 160 167 165 139 196 163 22 59 63 66 71 79 81 82 87 88 89 90 91 92 93 94 96 100 181 174 176 86 45 78 184 140 190
43 43 125 132 127 137 134 107 52 1 117 111 109 126 149 131 118 135 112 49 16 31 120 35 144 46 10 108 95 9 129 153 27 163 161 139 41 55 151 165 104 180 177 124 141 44 140 113 145 77 21 60 133 122 147 142 171 164 18 115 99 50 33 128 28 48 138 194 195 121 64 8 136 86 175 116 146 20 187 119 173 182 160 167 189 197 73 34 123 106 130 58 45 74 178 85 22 59 63 66 71 150 0 4 12 14 24 42 57 69 75 76 2 67 5 6 7 11 26 29 32 47 53 70 154 19 56 51 61 13 17 23 30 36 39 62 65 68 72 54 15 25 37 38 184 3 190 97 157 143 40 80 98 183 156
44 44 64 107 1 117 18 103 105 101 131 54 118 43 16 31 55 50 112 28 48 77 111 9 121 60 188 193 20 119 45 73 123 130 135 140 86 27 125 129 128 132 108 74 138 144 142 137 41 22 59 63 66 71 2 139 126 134 33 21 0 4 12 14 24 42 57 69 75 76 62 49 58 67 52 5 6 7 11 26 29 32 47 53 70 61 56 35 19 104 51 120 13 17 23 30 36 39 65 68 72 10 46 15 25 37 38 141 122 133 145 3 106 143 124 127 95 136 34 85 40 109 8 99 161 116 150 154 153 97 98 165 110 156 168 163 146 151 149 171
46 46 178 106 153 132 137 1 2 16 41 108 20 35 115 49 43 109 113 194 151 77 112 67 161 180 27 52 111 118 31 0 4 12 14 24 42 57 69 75 76 10 48 5 6 7 11 26 29 32 47 53 70 99 56 104 9 58 107 21 60 13 17 23 30 36 39 62 65 68 72 61 51 124 15 25 37 117 38 54 182 120 73 165 146 3 74 177 19 114 34 40 157 33 141 110 129 163 8 126 116 64 134 145 149 122 125 22 59 63 66 71 79 81 82 87 88 89 90 91 92 93 94 96 100 78 45 50 95 28 44 98 97 85 18 175 55 127 142
48 48 1 2 117 60 20 73 0 4 12 14 24 42 57 69 75 76 16 5 6 7 11 26 29 32 47 53 70 62 74 56 41 13 17 23 30 36 39 65 68 72 51 33 61 46 15 25 37 58 38 64 3 35 50 54 19 34 28 10 40 44 98 77 97 8 27 99 43 21 18 45 22 59 63 66 71 79 81 82 87 88 89 90 91 92 93 94 96 100 78 55 67 31 95 85 49 52 86 9 156 118 132
49 49 157 147 179 108 144 146 131 139 177 175 142 118 129 8 153 106 104 132 9 127 21 134 52 1 117 111 31 109 135 107 112 120 113 41 27 55 137 95 116 43 122 124 10 128 171 115 180 126 149 173 46 64 161 125 164 133 77 35 136 110 58 16 151 67 178 165 163 33 138 20 34 150 74 140 60 99 85 114 191 98 156 18 141 44 194 183 19 182 50 187 2 123 130 28 48 154 176 195 160 167 86 61 189 197 13 23 30 68 51 5 6 26 32 47 53 73 54 15 17 36 39 56 62 65 72 38 70 45 143 40 3 11 0 4 12 14 24 42 57 69 75 76 25 37 22 59 63 66 71 97 119 80 7 29
50 50 1 117 28 48 44 77 60 20 73 43 16 18 74 45 22 59 63 66 71 41 33 55 0 4 12 14 24 42 57 69 75 76 64 67 5 6 7 11 26 29 32 47 53 70 35 62 56 51 13 17 23 30 36 39 65 68 72 58 31 10 61 46 15 25 37 49 38 3 27 19 54 2 34 40 8 52 9 168 21 156 160 167 86 148 152 158 159 166 169 170 172
52 52 190 184 160 167 163 80 165 77 116 151 161 144 113 180 60 177 108 175 146 149 142 126 135 43 178 129 16 153 136 41 34 33 118 104 109 127 8 112 134 106 9 95 35 122 21 10 120 49 111 124 31 27 107 137 1 117 55 132 133 128 125 67 139 131 138 183 150 58 74 115 143 130 85 171 64 73 173 2 46 18 86 97 154 182 99 140 164 123 179 51 20 157 110 191 98 147 61 54 156 145 187 119 176 19 174 194 181 44 155 162 114 28 48 15 17 36 65 72 62 13 23 30 68 3 40
55 55 168 116 129 33 109 10 104 122 134 120 21 124 27 107 1 117 52 133 128 135 31 138 137 139 112 9 95 136 118 111 132 142 143 85 49 146 35 130 106 140 126 16 74 73 51 144 153 150 43 18 86 156 98 119 180 34 2 174 123 131 58 41 176 177 44 125 161 181 154 149 99 165 67 19 184 97 108 61 8 185 186 50 28 48 127 77 121 60 173 20 191 189 197 54 64 3 175 145 183 40 187 22 59 63 66 71 38 182 113 151 141 0 4 12 14 24 42 45 57 69 75 76 163 5 6 7 11 26 29 32 47 53 70 13 17 23 30 36 39 56 62 65 68 72 110 46 15 25 37
60 60 112 52 1 2 117 41 74 35 8 10 16 48 33 64 20 77 73 0 4 12 14 24 42 57 69 75 76 161 34 126 31 5 6 7 11 26 29 32 47 53 70 62 56 58 95 142 51 13 17 23 30 36 39 65 68 72 129 43 61 46 15 25 37 38 27 130 3 21 50 178 54 175 19 134 28 44 98 40 154 150 137 97 106 122 49 99 160 167 153 109 124 113 118 116 127 146 163 144 135 149 108 151 196 18 111 165 45 22 59 63 66 71 79 81 82 87 88 89 90 91 92 93 94 96 100 120 78 104 183 9 55 107 67 85 136 132 180 177 86 184 128 131 190 139 125 138 80 171 115 156 140 123
64 64 103 105 101 18 188 193 54 44 131 118 9 31 112 111 1 2 117 29 34 45 11 62 83 38 40 58 107 49 134 61 175 74 137 150 8 10 27 21 126 60 127 19 183 142 132 52 129 161 95 135 41 104 124 48 106 122 154 35 109 20 70 73 110 128 56 177 0 4 12 14 24 42 57 69 75 76 120 23 30 68 16 5 6 7 26 32 47 53 139 43 33 130 55 13 17 36 39 65 72 51 123 125 46 165 15 25 37 133 77 78 85 50 3 97 99 28 98 67 180 138 86 196 178 179 153 22 59 63 66 71 79 81 82 87 88 89 90 91 92 93 94 96 100 192 149 144 108 113 146 140
67 67 178 16 175 136 35 10 1 52 112 115 124 77 27 143 118 86 46 132 133 122 128 73 2 41 74 21 182 104 146 165 137 191 31 111 49 58 117 113 55 155 162 126 174 107 97 153 130 109 99 85 129 134 9 22 59 63 66 71 19 45 50 95 0 4 12 14 24 42 57 69 75 76 120 64 61 28 48 44 5 6 7 11 26 29 32 47 53 70 54 56 60 13 17 23 30 36 39 62 65 68 72 20 51 15 25 37 38 43 3 18 34 40 33 8
73 73 143 86 136 122 27 1 2 117 10 95 35 74 107 120 133 19 124 128 16 97 55 61 33 48 99 129 60 58 20 67 34 52 0 4 12 14 24 42 57 69 75 76 155 162 104 130 5 6 7 11 26 29 32 47 53 70 85 56 109 41 51 140 13 17 23 30 36 39 62 65 68 72 21 54 9 46 15 25 37 38 150 146 3 64 142 135 50 156 137 132 138 149 112 28 40 44 98 31 8 118 77 111 139 43 153 134 191 18 45 22 59 63 66 71 79 81 82 87 88 89 90 91 92 93 94 96 100 78 126 180 181 125 49 123 154 161 116 131 119 108 144
74 74 85 118 136 122 112 58 124 1 2 117 133 10 97 104 35 41 95 27 73 21 19 120 20 107 5 6 26 32 47 53 13 17 23 30 36 39 56 62 65 68 72 52 61 8 60 137 135 99 9 38 15 25 37 51 28 31 54 64 40 3 55 34 154 33 16 130 146 129 128 48 150 98 175 67 142 132 0 4 12 14 24 42 57 69 75 76 155 162 49 138 140 7 11 29 70 109 80 46 111 143 153 149 50 123 116 134 44 161 106 86 77 126 191 127 139 43 183 174 18 196 181 176 45 22 59 63 66 71 79 81 82 87 88 89 90 91 92 93 94 96 100 178 131 187 182 108 125 144 78 156 119 151 113
77 77 178 8 52 1 117 165 146 112 113 67 46 149 115 60 49 31 171 135 43 109 182 16 58 41 50 33 28 48 111 44 173 35 10 20 160 167 73 34 2 163 144 151 27 161 18 142 74 153 108 45 134 22 59 63 66 71 9 116 64 21 129 55 0 4 12 14 24 42 57 69 75 76 175 127 118 126 106 61 5 6 7 11 26 29 32 47 53 70 62 56 51 177 13 17 23 30 36 39 65 68 72 19 107 104 15 25 37 122 38 180 137 124 3 184 54 132 120 190 95 150 40 125 139 131 80 136 128 130 138 86 157 147 154 98 123
80 80 58 52 34 41 28 5 6 26 32 47 53 8 65 72 62 56 23 30 68 35 9 13 17 36 39 20 104 15 25 37 51 38 31 3 21 61 54 74 40 1 27 19 2 190 184 160 167 163 33 77 151 153 161 165 177 49 118 180 106 178 116 175 149 60 16 109 144 108 146 129 126 112 127 113 10 122 142 134 135 111 120 136 124 43
85 85 154 97 19 74 133 10 104 95 122 120 107 2 136 86 124 118 21 112 130 143 128 55 70 27 134 13 23 30 68 15 117 84 140 58 35 3 138 40 54 126 61 52 111 129 1 142 132 137 146 98 139 125 99 9 135 145 150 119 31 73 18 67 109 49 174 41 34 33 38 106 16 183 179 123 43 64 8 191 131 180 161 149 108 44 79 81 82 87 88 89 90 91 92 93 94 96 100 153 144 0 4 12 14 24 42 57 69 75 76 127 48 5 6 7 11 26 29 32 47 53 60 78 17 36 39 56 62 65 72 20 46 121 141 25 37 51
86 86 19 73 128 35 10 95 107 117 143 85 122 21 138 84 130 104 27 126 124 136 133 70 112 68 13 23 30 132 15 123 134 3 2 139 67 40 111 1 52 125 54 135 145 97 118 55 58 18 137 61 99 142 120 129 174 121 31 119 74 183 44 179 140 131 108 43 144 16 109 154 41 60 106 33 49 98 146 64 141 150 20 127 9 116 153 48 156 34 161 28 149 165 163
95 95 145 179 97 130 183 143 138 125 86 126 142 85 18 136 133 129 104 134 122 112 27 124 52 2 117 107 120 10 35 111 109 73 31 137 135 128 74 55 21 49 99 140 154 113 153 43 33 139 131 149 19 118 98 9 116 64 16 146 132 41 83 60 45 150 127 165 123 155 162 67 171 161 106 181 144 34 1 58 180 8 177 175 108 46 156 48 20 61 174 119 189 197 178 51 15 173 13 23 30 68 151 54 70 191 160 167 3 40 176 163 77 17 36 65 72 5 6 26 32 47 53 44 7 196 0 4 12 14 24 42 57 69 75 76 25 37 182 38 187 78 39 56 62 79 81 82 87 88 89 90 91 92 93 94 96 100 11 29
97 97 85 136 95 124 2 117 74 133 104 99 129 27 138 120 73 98 10 143 154 19 155 162 107 122 86 16 130 41 52 33 126 125 112 142 35 48 134 18 67 145 60 123 128 20 146 55 179 116 183 153 79 81 82 87 88 89 90 91 92 93 94 96 100 21 181 58 174 135 0 4 12 14 24 42 57 69 75 76 176 61 1 118 137 5 6 7 11 26 29 32 47 53 70 187 56 51 9 54 182 78 13 17 23 30 36 39 62 65 68 72 140 38 64 46 15 25 37 31 139 3 111 109 40 132 161 34 49 43 150 8 119 131 149 156 144 44 108
98 98 104 124 2 117 97 10 95 99 128 55 74 153 16 41 33 136 85 27 138 35 139 123 48 31 120 58 116 21 146 60 118 20 135 107 73 52 143 79 81 82 87 88 89 90 91 92 93 94 96 100 133 112 174 134 181 176 137 0 4 12 14 24 42 57 69 75 76 187 64 49 5 6 7 11 26 29 32 47 53 70 111 62 56 51 19 182 61 9 1 78 13 17 23 30 36 39 65 68 72 106 38 46 15 25 37 129 3 86 54 40 132 34 126 161 130 108 8 154 125 142 151 140 43 28 131 156 109 144 157 44 122 119 168 18 155 162 149 165 163 150
99 99 140 133 136 128 132 124 2 117 35 107 120 97 21 122 27 95 10 74 118 104 138 134 123 73 98 111 31 129 154 86 155 162 139 135 46 16 163 85 137 41 52 33 43 141 67 48 109 55 177 60 146 143 20 116 9 153 49 58 79 81 82 87 88 89 90 91 92 93 94 96 100 176 181 112 174 126 19 1 0 4 12 14 24 42 57 69 75 76 142 5 6 7 11 26 29 32 47 53 70 187 130 56 61 51 182 125 78 13 17 23 30 36 39 62 65 68 72 38 64 15 25 37 54 150 131 119 3 161 18 40 108 156 144 34 44 165 121 8 149
104 104 98 139 85 118 128 136 55 153 106 95 134 10 49 31 120 124 58 107 52 117 27 133 21 135 129 122 138 74 111 132 108 97 9 112 137 126 41 143 125 142 109 86 116 99 175 146 123 16 161 130 154 180 131 35 33 144 20 19 8 157 2 43 177 1 67 18 127 73 179 151 183 64 165 34 149 119 80 140 46 174 145 150 113 110 155 162 28 168 114 61 115 147 194 5 6 26 32 47 53 62 56 163 13 17 23 30 36 39 65 68 72 173 60 44 77 121 15 25 37 51 38 181 176 189 197 160 167 3 178 54 40 156 187 182 141
