8 8 173 77 171 149 135 109 49 31 112 111 52 58 1 2 127 142 177 129 134 175 106 183 117 34 122 150 139 180 178 132 144 9 64 124 128 107 27 125 137 118 153 10 131 41 18 179 104 21 154 60 126 161 165 95 35 108 55 138 146 113 120 43 74 130 123 116 16 196 147 157 33 192
9 9 110 150 161 131 64 21 137 134 122 49 31 120 111 124 52 58 1 112 107 126 128 117 55 118 132 27 133 146 129 177 35 139 104 106 135 109 142 180 10 127 149 138 95 153 8 43 175 16 165 108 34 140 136 74 125 176 85 123 143 41 154 151 179 116 183 33 44 144 18 130 188 193 156 46 99 145 73 119 173 147 157 194 97 191 98 113 189 197
10 10 174 130 86 67 143 85 55 118 128 132 104 134 122 27 112 111 124 52 117 107 95 35 120 1 2 31 21 133 74 135 137 73 109 139 16 175 129 9 49 138 136 33 99 123 43 154 116 146 64 142 97 126 150 165 153 41 140 125 178 131 106 98 34 163 177 149 180 60 183 8 181 161 127 168 156 144 108 46 141 113 151 18 77 179 191 160 167 173
16 16 67 153 137 27 124 107 52 117 1 2 108 180 35 136 10 151 161 120 41 118 129 138 104 132 134 111 33 43 55 122 109 126 95 194 133 9 112 46 125 31 175 135 128 139 149 178 123 49 116 181 145 143 20 146 34 157 144 21 73 99 74 156 97 98 142 60 121 44 165 119 140 131 130 86 160 167 18 163 77 85 113 106 174 8 182 127 176 187 177
18 18 109 95 31 107 117 83 45 64 1 142 129 183 134 27 132 104 130 138 125 52 112 55 34 126 106 86 122 135 177 127 175 145 137 8 128 143 133 97 85 136 44 111 131 124 118 43 120 139 123 16 121 140 108 119 144 21 179 10 49 9 35 141
20 20 153 117 58 1 2 157 151 41 16 108 161 125 149 194 46 104 180 49 27 52
21 21 176 156 138 177 139 133 55 128 118 9 35 132 122 49 31 120 124 107 52 19 27 58 135 104 1 2 137 10 111 134 117 109 99 95 146 129 136 85 143 112 142 150 64 86 126 140 175 74 123 161 116 33 154 131 43 153 106 8 144 127 108 113 163 180 130 141 16 34 119 41 149 173 73 164 18 46 183 110 168 67 125 97 179 98 157 147 181 191
27 27 181 156 34 73 180 138 16 139 33 55 129 133 136 132 118 153 10 95 109 134 122 31 120 124 111 107 52 117 21 104 137 61 135 128 58 1 2 49 112 143 85 35 142 99 9 125 86 74 126 149 130 177 140 18 43 175 183 97 146 67 154 161 116 150 41 144 106 64 108 8 131 165 123 127 46 151 163 179 119 174 145 184 141 168 157 155 162 20 98 113 194 185 186 60 44
28 28 117 58 1
31 31 183 34 18 177 175 135 64 142 8 129 128 9 104 106 132 21 127 112 134 111 27 124 52 117 109 49 107 58 118 95 139 10 113 120 1 137 41 122 55 131 138 35 43 136 171 116 115 144 173 33 126 123 99 133 150 153 165 161 149 164 110 16 125 180 74 154 156 98 46 77 146 163 86 60 130 44 108 85 178 176 187 140 182 67 147 181 143 114 97 191 179 141 188 193 73 151
33 33 185 186 184 55 129 27 124 52 117 51 1 2 120 109 10 116 107 135 136 95 104 16 31 111 21 134 137 153 112 138 122 181 168 49 133 34 146 41 35 180 118 128 73 9 74 156 98 97 142 99 123 132 139 60 160 167 143 163 77 151 165 144 108 161 43 106 113 8 174 149 176 126
34 34 109 31 27 111 52 54 61 58 1 2 129 177 8 175 142 183 132 134 106 127 180 18 10 9 124 139 55 122 33 16 64 118 137 165 107 128 117 135 95 120 136 153 21 112 104 138 49 73 181 133 156 131 150 41 125 113 192 43 149 179 154 123 35 126 116 144 108 161
35 35 86 67 143 126 133 128 132 137 21 122 112 124 52 117 58 10 120 1 2 107 95 118 99 16 73 31 27 136 9 135 111 138 134 109 43 104 55 146 74 140 85 161 123 139 41 177 175 178 154 130 142 46 108 49 163 129 151 150 131 60 176 180 33 116 149 153 127 156 97 145 98 144 141 183 8 64 113 165 77 194 160 167 191 125 106 34 174 18
41 41 175 106 153 127 112 124 52 117 58 1 2 31 115 49 109 108 104 111 113 161 149 16 116 135 107 118 46 142 35 151 60 10 144 129 74 137 27 43 187 95 8 182 180 134 126 146 20 157 125 178 114 33 147 110 131 150 67 130 164 9 171 122 191 64 154 138 98 55 120 123 128 183 97 21 136 99 194 160 167 195 165 163 77 132 133 196 34 177 143 139 174 181 176
43 43 125 132 127 137 134 107 52 117 1 111 109 126 120 149 49 31 135 131 118 112 35 144 108 10 16 95 27 9 163 46 153 139 122 151 161 165 129 140 113 124 104 177 180 41 141 55 145 21 133 147 164 171 128 99 115 142 138 123 121 60 44 119 8 130 194 195 160 167 18 116 187 77 175 182 33 86 136 189 197 173 34 146 143 106 85 150 64 178
44 44 64 107 117 1 131 118 111 112 188 193 18 121 31 119 123 130 140 9 86 108 125 144 43 138 16 139 126 134 135 137 142 55 27 128 129 132 120 104 141 145
46 46 178 106 153 132 137 1 2 108 115 109 194 113 49 151 41 112 161 16 43 180 111 35 118 104 107 52 27 31 120 124 77 182 117 165 67 146 114 20 177 157 141 110 163 129 126 21 145 10 9 116 134 149 99 125 122
48 48 117 1 2
49 49 157 147 179 108 144 146 131 139 177 175 8 142 118 129 104 9 153 106 132 21 127 134 52 117 111 31 109 107 135 1 27 120 112 113 137 41 95 55 116 124 10 43 122 128 64 149 171 115 126 180 173 46 161 35 164 125 136 110 133 16 151 77 165 33 163 178 150 138 99 140 98 85 20 67 114 74 34 156 191 141 60 194 18 176 182 187 160 167
50 50 117 1
52 52 190 80 184 160 167 77 165 163 60 116 151 161 144 180 113 34 177 175 108 146 142 149 43 16 126 135 41 33 178 129 8 153 136 104 118 109 35 127 9 112 95 21 134 106 122 10 120 49 111 27 124 31 107 117 137 55 132 133 128 139 125 67 138 131 150 183 1 74 143 85 115 130 64 86 46 171 18 173 97 73 154 182 140 99 123 164 179 110 157 98 147 191 156 145 187 119 176 174 181 2 20 58
55 55 168 116 33 129 10 109 104 21 122 134 120 27 124 107 117 1 52 133 128 95 135 137 31 139 138 112 132 136 118 9 111 85 49 142 143 146 126 130 106 35 140 16 74 153 156 150 144 98 73 43 177 86 119 180 18 174 123 176 125 34 131 181 99 161 154 165 149 97 175 41 184 8 185 186 108 67 121 44 127 173 189 197 191 64 183
60 60 112 52 117 1 2 41 161 126 142 35 129 10 95 130 74 175 8 154 178 150 31 134 64 77 137 160 167 113 165 163 106 116 151 144 43 146 16 127 149 108 107 33 135 109 196 49 122 118 104 153 183 27 111 120 124 9 34
64 64 188 193 44 131 9 118 31 112 111 117 103 105 101 54 18 1 2 134 107 175 49 150 137 21 127 126 10 183 161 52 142 132 74 135 129 8 104 124 154 27 106 122 34 110 120 128 177 41 60 139 123 95 130 165 133 125 35 109 179 180 196 55 43 192
67 67 16 178 175 35 136 10 1 52 112 115 124 143 27 86 118 128 133 132 122 104 137 111 182 77 117 46 191 165 146 41 113 126 155 162 174 95 31 120 97 99 107 73 74 55 130 49 134 85 109 21 129 153
73 73 86 143 136 122 27 117 1 2 95 10 35 120 107 133 74 128 124 129 55 97 99 155 162 52 130 109 104 140 146 150 156 85 142 67 135 112 149 134 138 16 21 33 137 139 111 132 9 180 118 191 34 153 181 31 126
74 74 85 118 136 122 112 124 117 58 1 2 133 10 97 104 95 120 107 27 137 135 73 154 99 52 35 130 21 64 146 150 55 128 41 142 175 129 9 155 162 138 140 134 132 16 60 98 67 33 31 123 149 116 109 111 143 161 153 126 49 8 191 106 183 196 174 181 176 127 139 178 86 182 187
77 77 178 8 52 117 1 165 112 146 113 149 135 171 115 109 49 31 182 111 67 173 46 160 167 60 163 151 144 108 116 161 43 16 41 153 33 126 142 134 10 127 35 175 104 106 27 129 118 95
80 80 52 58
85 85 97 154 74 133 10 104 95 122 120 107 19 2 136 124 112 118 27 130 143 55 134 128 117 21 86 140 138 52 35 126 111 129 142 132 137 146 150 145 135 125 9 99 18 119 139 31 174 106 73 109 49 161 67 153 183 98 149 179 180 16 123 43 191 131 108
86 86 73 35 128 10 95 107 117 19 143 122 104 27 130 138 124 112 126 136 133 132 85 134 21 123 67 52 18 111 137 139 125 135 145 118 55 142 120 97 129 99 174 121 119 44 31 140 183 144 131 179 108 43 16 74
95 95 97 145 179 130 18 183 143 86 138 125 126 85 142 136 133 129 104 134 122 27 112 124 52 117 107 120 10 35 31 111 109 2 73 137 55 135 128 74 49 21 154 153 140 99 43 9 113 33 139 149 118 131 116 146 16 132 41 98 150 165 127 60 123 106 34 155 162 181 161 171 67 108 144 180 64 175 177 8 156 151 178
97 97 85 136 95 124 117 2 133 74 104 120 27 99 129 138 143 122 10 154 107 155 162 130 73 52 86 112 18 126 125 98 142 134 67 123 116 146 145 16 41 31 33 55 179 137 128 183 111 153 35 135 21 174 187 181 176 9 182
98 98 104 124 117 2 55 10 128 153 95 31 120 136 97 139 123 138 99 74 116 146 16 107 41 33 118 135 52 27 35 134 49 112 85 143 137 174 111 133 21 187 181 176 182 9 106
99 99 140 133 136 128 132 124 117 2 120 35 107 27 21 122 104 95 118 10 97 134 123 74 31 138 111 137 135 129 73 154 155 162 86 139 163 52 85 43 67 98 141 112 143 177 116 146 49 16 41 109 46 33 9 55 181 176 153 174 126
104 104 98 139 85 118 55 128 136 153 106 10 95 134 49 31 120 124 107 52 117 27 58 21 133 135 129 122 111 138 74 97 108 112 132 9 126 143 137 116 86 125 142 41 109 99 146 35 175 16 161 123 130 33 154 18 131 180 144 43 64 157 177 8 149 46 67 183 127 151 179 113 165 119 73 140 174 34 145 150 168 155 162 20 115 114 110 147 194 163 60 121 44 173 160 167 77 181 189 197
