8 8 173 77 171 149 135 109 49 31 112 111 52 58 177 127 142 1 2 129 175 134 183 34 150 106 180 178 139 125 122 144 117 137 118 132 18 131 179 41 64 107 9 113 165 10 60 153 128 124 154 138 95 161 55 126 147 108 104 120 74 27 130 21 116 123 146 35 157 43 196 115 192 164 163 133 46 33 151 160 167 16 80 136 85 67 182 184 190 140 86 143 99 20 187 110 73 44 97 191 98 195 114 119 145 28 156 121 48
9 9 110 150 161 131 64 21 137 134 122 49 31 120 111 124 52 58 112 126 1 118 55 146 107 139 133 177 180 106 117 109 149 132 129 128 35 138 135 10 104 95 142 153 43 74 140 44 108 176 127 34 165 27 8 175 188 193 16 125 154 85 143 179 123 151 136 130 156 145 41 46 99 183 173 116 119 194 144 73 97 191 189 197 98 33 18 157 147 174 178 113 187 181 86 192 182 67 163 80 77 184 171 115 190 164 2 54 160 167 60 20 168 121 103 105 141 114 101 28 196 19 155 162
10 10 174 130 67 86 143 85 55 118 128 132 104 134 122 27 112 111 124 52 35 95 107 73 120 117 133 74 21 135 109 137 175 138 139 1 2 99 31 16 136 97 154 126 43 123 49 33 129 146 116 140 150 64 178 165 98 9 153 163 142 161 168 34 181 41 177 149 141 60 46 131 106 156 180 144 108 125 8 183 18 191 173 113 176 189 197 119 145 127 182 196 44 19 160 167 187 192 115 77 121 151 179 184 157 58 171 110 20 147 155 162 190 164 80 48 114 50 28 194 148 152 158 159 166 169 170 172
16 16 67 153 137 27 124 107 52 117 1 2 180 151 108 35 161 136 194 10 46 41 120 138 175 33 43 109 20 181 118 157 134 129 178 125 104 149 95 111 145 126 122 31 112 49 123 116 139 73 132 55 74 135 156 97 133 99 98 9 146 34 144 165 121 143 77 44 174 163 119 60 160 167 182 21 128 176 187 140 113 18 150 142 127 130 141 86 131 64 184 154 115 190 80 155 162 177 183 106 48 147 85 168 110 50 171 28 164 8 114 148 152 158 159 166 169 170 172 58 179 61 191
18 18 109 95 31 83 45 107 117 64 1 183 142 129 34 134 145 27 177 130 86 175 132 138 8 122 125 104 44 106 97 126 112 127 52 135 143 55 137 124 121 85 179 120 128 119 136 133 49 131 139 10 140 123 113 144 9 108 111 35 141 116 73 43 16 21 171 41 74 118 33 99 150 154 153 149 60 161 115 164 77 163 165 98 156 110 114 151 160 167 50 168 146 28 48 155 162 147 20 148 152 158 159 166 169 170 172 180 188 193 157 173 67 46 178 58 2 191 181
20 20 153 58 117 1 2 157 151 194 41 108 161 16 125 149 46 180 49 104 27 28 52 48 124 50 98 60 137 74 148 152 158 159 166 169 170 172 73 168 44 156 114 121 155 160 162 167 77 120 97 110 147 119 163 164 18 33 112 171 150 132 111 64 99 95 134 86 107 9 139 115 123 165 128 8 130 55 35 43 129 154 140 138 106 109 144 21 131 116 146 34 5 6 26 32 47 53 56 62 65 72 23 30 68 113 13 17 36 39 127 15 25 37 51 38 126 3 40 122 10 54 61 136 142 118 19 85 175 135 133 31
21 21 176 156 138 177 139 133 55 128 118 9 35 132 122 49 31 120 124 107 52 19 135 27 58 104 10 99 137 109 134 111 95 1 2 146 74 117 150 129 143 161 154 136 85 126 116 175 86 131 140 142 123 33 64 173 113 164 141 112 180 73 163 67 168 43 149 110 34 46 108 8 41 106 153 119 97 144 127 98 16 181 191 130 18 174 179 183 157 147 178 187 165 182 60 184 80 77 121 115 44 190 171 151 145 160 167 20 125 155 162 194 28
27 27 181 156 34 73 180 138 16 139 33 55 129 133 136 132 118 153 10 95 109 134 122 31 120 124 111 107 21 104 52 61 135 137 143 128 117 58 49 85 99 86 149 67 74 35 125 130 142 140 97 112 18 177 1 2 183 9 154 161 116 126 144 175 43 46 146 41 150 123 131 151 165 184 64 163 174 108 8 168 141 157 185 186 106 155 162 179 20 194 119 98 145 127 176 173 113 191 178 189 197 187 121 77 44 182 60 160 167 192 54 171 147 51 110 164 115 80 190 28 19 114 48
28 28 58 117 1 20 50 48 148 152 158 159 166 169 170 172 44 168 60 114 121 155 160 162 167 74 77 156 98 110 147 119 157 163 164 18 41 171 73 151 86 115 123 165 97 130 43 99 16 64 153 154 140 33 150 144 138 125 108 116 146 161 139 131 35 55 149 113 126 49 52 132 134 107 95 142 112 120 137 109 135 111 128 129 8 104 118 9 10 34 27 31 5 6 26 32 47 53 56 13 17 23 30 36 39 62 65 68 72 21 15 25 37 51 38 3 19 54 61 40
31 31 183 34 18 177 175 135 64 142 8 129 128 9 104 106 132 21 127 112 134 111 27 124 109 52 49 113 139 118 58 95 107 41 138 131 10 55 117 173 122 171 120 115 144 35 43 137 1 116 123 164 126 150 99 136 133 161 110 33 125 165 153 180 74 149 154 86 85 67 98 44 77 156 16 130 163 146 191 178 46 176 140 187 60 143 147 188 193 179 182 181 141 114 108 97 151 195 73 196 174 189 197 192 160 167 157 2 54 145 119 184 80 121 61 190 168 45 155 162 83 28 194 20 19
33 33 185 186 184 129 55 27 124 51 52 117 1 2 116 136 109 120 168 16 21 135 10 181 138 95 31 107 137 122 111 153 104 134 133 128 98 156 139 112 146 34 41 132 97 118 143 73 180 74 49 60 176 160 167 174 123 77 35 106 99 163 151 187 127 165 182 125 86 85 150 161 144 113 9 131 108 43 190 149 126 80 18 183 157 48 64 67 142 20 154 50 28 130 61 46 147 58 148 152 158 159 166 169 170 172 44 110 178 171 114 121 155 162 164 8 140 175 145 177 115 119 179
34 34 109 31 27 111 54 61 52 58 1 2 183 177 8 129 175 142 18 132 106 180 55 134 139 127 165 64 137 10 9 122 33 16 135 118 95 181 120 156 107 138 49 73 131 192 123 113 124 117 128 125 150 41 133 136 153 179 104 21 154 112 77 80 116 60 43 184 163 190 144 35 160 167 161 149 40 108 46 151 126 85 74 173 171 146 67 115 19 143 62 99 86 178 15 3 130 17 36 65 72 25 37 51 38 140 164 20 11 44 97 110 7 191 145 147 98 56 13 23 30 68 5 6 26 32 47 53 28 39 119 141 78
35 35 67 86 143 126 133 128 132 137 21 122 112 124 52 10 120 58 117 73 99 95 107 118 1 2 16 136 138 85 9 55 135 140 27 111 139 123 178 31 109 46 134 43 74 175 131 177 161 154 130 163 104 176 146 142 151 41 60 145 150 156 49 141 129 108 153 194 149 98 116 97 125 180 174 191 18 33 183 181 196 182 160 167 8 77 64 187 106 127 19 44 165 115 121 144 80 119 184 179 113 190 157 171 20 34 28 147 48 50 114 110 148 152 158 159 166 169 170 172 164 173 155 162 168
41 41 175 106 153 127 112 124 52 58 117 115 1 2 108 31 49 161 113 149 109 46 116 16 104 151 187 144 182 191 60 20 67 111 142 157 114 135 118 125 180 74 110 147 137 178 8 131 43 194 35 164 129 183 27 146 126 10 171 122 95 195 98 55 9 138 134 107 154 33 196 130 123 150 34 128 64 136 132 177 21 160 167 97 143 139 120 133 181 163 165 174 77 99 176 80 18 184 85 86 190 28 48 44 121 50 119 179 148 152 158 159 166 169 170 172 155 162 168 73 140 156 145 173 51
43 43 125 132 127 137 134 107 52 117 1 109 149 111 126 131 31 49 46 163 120 135 108 144 153 95 141 118 35 10 112 16 151 161 165 180 145 147 140 164 113 139 27 41 171 9 99 115 177 194 195 129 187 122 104 182 189 197 173 21 55 121 124 44 116 150 119 160 167 133 77 60 64 138 18 123 142 33 183 130 154 86 74 136 175 157 146 184 190 73 80 97 106 34 156 128 98 179 110 67 50 168 28 48 143 155 162 85 8 114 20 148 152 158 159 166 169 170 172 178
44 44 64 107 117 1 188 193 131 118 18 9 121 31 119 112 140 123 111 139 130 138 86 108 144 125 43 16 141 145 126 135 142 137 55 132 129 128 134 104 124 49 60 10 95 143 74 50 154 28 48 73 35 103 105 85 133 101 168 54 99 163 150 20 116 165 148 152 158 159 166 169 170 172 160 167 155 162 156 114 77 161 151 171 52 136 27 98 109 120 147 164 110 33 41 153 97 157 115 113 21 146 149 127 106 8 175 122 2 183 34 177 180 67
46 46 178 106 153 132 137 1 2 108 115 194 113 151 161 180 16 41 43 182 77 109 165 49 35 112 146 114 67 118 20 141 157 163 110 104 177 111 145 120 116 99 9 27 126 125 52 31 129 124 149 10 117 134 107 21 122 175 127 142 8 55 128 183 34 133 131 144 95 150 135 74 139 64 60 136 138 85 33 143 130 18 73 154 140 98 86 123 97 179 147
48 48 117 1 2 20 50 28 60 148 152 158 159 166 169 170 172 44 98 168 114 121 155 160 162 167 77 73 74 97 110 147 119 156 157 163 164 171 99 18 16 41 151 86 64 33 115 123 165 130 43 154 140 150 144 153 125 131 108 116 146 161 138 149 113 35 139 134 55 126 27 104 52 95 49 112 107 142 132 120 137 109 111 31 10 135 128 129 118 8 34
49 49 157 147 179 108 146 144 131 139 177 175 8 142 118 129 9 104 153 106 132 21 127 134 52 111 31 135 109 113 117 107 41 116 173 171 180 55 112 115 95 120 27 64 128 43 122 137 126 1 161 149 164 124 46 125 10 110 178 136 16 151 77 165 138 150 133 163 35 67 33 191 34 183 85 140 99 98 156 20 114 141 18 194 182 176 123 187 74 130 154 195 60 86 143 189 197 160 167 73 97 44 119 58 145 184 80 190 121 168 2 192 155 162 181 174 50 28 48
50 50 117 1 28 48 20 148 152 158 159 166 169 170 172 44 168 60 114 121 155 160 162 167 77 157 110 147 119 156 163 164 18 98 171 151 73 86 74 115 123 165 97 130 43 99 16 41 154 140 150 161 144 64 33 125 108 116 146 131 138 149 113 139 55 134 49 126 153 52 142 107 27 95 132 104 35 120 112 137 111 31 135 129 128 118 10 109
52 52 190 80 184 160 167 77 163 165 60 151 116 161 144 180 113 34 108 177 146 175 149 43 16 142 41 126 135 33 178 153 129 8 136 104 109 118 35 127 9 112 95 134 21 106 122 10 120 49 111 124 27 31 137 132 55 107 67 125 133 183 128 139 150 138 131 115 74 117 143 173 130 171 64 85 182 86 97 46 18 73 164 154 99 1 191 179 140 123 157 110 98 147 145 194 156 187 176 58 174 20 181 119 155 162 185 186 2 114 195 196 189 197 141 192 168 121 44
55 55 168 116 33 129 10 109 104 21 122 134 120 27 124 107 117 133 128 135 1 95 139 52 118 138 31 85 137 9 112 136 142 111 132 146 143 130 49 35 140 106 74 156 73 98 174 184 150 176 185 186 144 180 119 16 126 34 181 99 153 18 177 154 161 86 97 149 165 123 67 41 125 43 131 173 189 197 191 64 121 44 127 187 113 151 183 182 8 175 163 178 2 108 157 46 171 77 160 167 179 60 155 162 147 141 114 115 20 164 145 58 110 51 50 28 48 148 152 158 159 166 169 170 172 194 19
60 60 112 52 117 1 2 161 41 126 130 74 142 150 196 175 154 77 35 129 160 167 8 178 163 64 183 165 113 116 151 10 137 134 95 144 108 127 122 16 31 146 106 33 43 111 149 120 184 190 124 135 80 107 153 34 48 55 20 131 115 171 44 125 18 128 104 118 98 109 132 50 86 28 97 177 73 180 138 164 114 139 147 121 110 168 123 157 148 152 158 159 166 169 170 172 140 155 162 156 119 27 99 49 85 133 67 21 9 136 46 143
64 64 188 193 44 131 9 118 31 112 111 103 105 101 54 18 117 1 2 150 49 175 126 107 161 134 183 74 137 110 127 10 34 135 142 21 154 8 132 129 52 120 60 41 130 124 122 177 106 133 109 104 165 95 139 27 123 35 128 196 43 55 125 192 144 138 108 113 149 146 16 179 153 85 86 115 180 171 136 178 140 77 116 98 164 163 121 33 99 151 156 143 48 119 73 97 160 167 58 20 147 114 46 28 50 67 148 152 158 159 166 169 170 172 145 155 162 168 173 157 29 141 191 11 62
67 67 16 178 175 35 136 10 1 115 143 112 86 118 182 52 77 191 165 124 46 146 132 133 128 27 155 162 41 174 122 113 126 97 137 130 104 73 99 85 21 74 111 153 55 109 129 134 31 49 95 107 120 106 117 2 142 127 8 135 9 139 177 154 138 161 183 34 33 43 60 180 140 150 123 64 108 149 131 151 58 144 163 125 18 116 98 181 156
73 73 143 86 136 122 27 117 1 2 95 10 35 128 133 120 74 107 155 162 129 124 55 67 104 97 85 99 156 135 142 181 21 130 140 137 150 109 132 191 146 34 112 139 16 180 126 52 149 9 33 118 138 134 153 19 49 48 111 31 20 50 28 145 60 148 152 158 159 166 169 170 172 8 44 98 175 183 106 114 121 160 167 168 77 174 127 110 147 119 157 163 164 58 18 41 151 171 179 46 177 64 115 123 165 178 43 61 154 125 108 116 161 144 131 113 141
74 74 85 118 136 122 112 124 58 117 133 97 1 2 104 10 120 95 154 73 135 27 99 130 107 155 162 55 137 128 146 150 64 21 35 67 41 9 138 175 52 142 143 132 60 129 140 191 149 98 16 109 123 111 161 153 116 196 174 49 139 181 33 176 183 86 126 187 182 31 131 18 44 8 180 43 19 20 28 77 34 151 125 178 48 121 113 134 144 160 167 108 171 119 115 50 165 163 145 177 127 46 148 152 158 159 166 169 170 172 114 106 147 164 110 168 156 157 179 54 141 51 13 23 30 68 15 61 62 5 6 26 32 47 53 17 36 65 72 56 40 3
77 77 178 8 52 117 1 165 146 113 171 115 182 173 149 112 67 46 135 109 49 160 167 31 111 60 163 151 144 116 161 108 134 43 41 16 142 190 33 184 80 177 122 153 126 129 137 150 124 132 34 95 175 27 139 104 118 35 180 120 18 125 50 157 20 28 48 154 64 147 128 131 183 55 74 44 164 130 138 168 148 152 158 159 166 169 170 172 156 121 155 162 10 127 114 110 123 86 98 119 73 9 107 97 140 58 21 99 136 2 106 133 85
80 80 52 58 190 184 160 167 77 163 34 165 60 151 161 116 180 144 113 41 177 175 108 146 149 8 43 142 16 126 178 33 135 35 153 104 9 129 136 109 21 118 127 112 124 95 134 106 122 107 31 27 10 49 120 117 111 137
85 85 97 154 74 133 10 104 95 122 120 107 19 136 2 124 118 112 130 143 27 55 134 140 128 86 35 99 138 117 111 146 21 73 126 145 132 150 174 137 119 52 142 98 67 139 9 129 18 183 179 125 161 109 135 149 191 180 106 153 49 41 31 33 116 175 64 127 121 141 58 44 1 8 60 34 155 162 123 165 108 181 156 131 144 177 16 178 176 43 113 151 163 168 46 182 171 187 110 77 115 20 196
86 86 73 35 128 10 95 107 19 143 117 122 130 138 67 124 126 27 104 136 123 85 133 132 112 139 145 18 134 99 21 174 120 52 125 97 137 111 135 55 118 31 142 179 183 121 129 119 44 140 141 109 154 131 144 108 2 9 43 1 16 49 33 74 156 153 149 64 155 162 161 180 150 175 98 165 163 168 60 116 177 8 34 171 148 152 158 159 166 169 170 172 50 114 28 48 58 160 167 110 147 164 20 181 178 157 113 115 151 77 191 176 106 46 127 41 146
95 95 145 179 97 130 183 18 143 86 125 138 126 85 142 136 133 129 104 134 122 27 112 124 107 52 10 73 120 35 109 137 111 117 31 74 135 128 154 21 55 99 140 2 113 131 49 43 149 33 9 116 153 118 139 146 16 98 132 67 34 123 155 162 150 41 180 171 161 181 177 165 60 108 144 175 119 64 174 189 197 106 156 8 173 191 176 127 44 121 196 151 160 167 77 187 182 1 19 178 163 46 157 141 168 147 58 110 20 194 115 190 83 164 80 45 184 114 48
97 97 85 136 95 124 117 2 74 133 104 99 155 162 129 143 120 154 122 138 10 73 27 145 67 18 130 86 107 179 142 98 52 125 128 183 134 112 55 126 123 174 181 176 116 146 16 118 153 41 187 33 135 35 182 137 109 132 49 9 111 48 21 31 19 20 148 152 158 159 166 169 170 172 50 28 60 114 121 160 167 168 106 180 110 147 119 156 157 163 164 127 44 175 151 171 77 115 165 131 8 144 178 149 34 150 140 64 108 161 113 43 177 139 46
98 98 104 124 117 2 55 128 97 139 153 123 10 99 74 136 116 95 146 138 16 41 118 174 85 181 31 176 33 135 143 120 187 133 27 182 35 21 137 134 112 9 129 49 111 106 86 107 20 168 132 157 52 48 155 162 122 119 108 125 130 151 60 18 114 121 126 160 167 148 152 158 159 166 169 170 172 50 28 161 147 110 142 144 163 154 44 73 165 109 131 140 171 77 156 164 64 149 115 43 150 127 113 8 180 175 34 67 177 178 183 46 58
99 99 140 133 136 128 132 124 117 2 35 120 122 138 107 97 21 118 123 134 155 162 27 74 10 104 85 95 139 129 163 141 67 73 154 135 31 86 111 143 137 46 52 177 98 55 43 126 176 109 181 174 49 116 146 16 142 41 187 153 33 182 9 131 112 106 180 127 175 149 48 34 8 20 148 152 158 159 166 169 170 172 50 28 60 145 114 121 160 167 168 183 110 147 119 156 157 164 178 44 151 171 77 125 115 165 144 179 18 130 173 108 150 161 64 113 1
104 104 98 139 85 118 55 128 136 153 106 10 95 134 49 31 120 124 107 52 133 27 135 21 58 117 129 74 97 122 108 132 99 138 143 86 116 137 125 126 111 142 154 175 41 9 180 130 146 123 161 35 112 18 157 33 16 67 177 73 179 183 64 131 109 46 149 174 151 144 168 34 127 8 165 119 155 162 150 43 114 20 145 140 194 110 113 147 115 173 181 176 189 197 163 178 156 2 60 121 160 167 187 77 44 182 1 171 80 164 141 190 184 191 19 28 148 152 158 159 166 169 170 172 50 48
