8 8 173 171 77 149 135 109 58 31 49 112 111 52 1 2 34 127 142 41 177 5 6 26 32 47 53 134 9 129 74 21 20 35 27 13 17 23 30 36 39 56 62 65 68 72 61 51 175 38 15 25 37 54 40 3 106 60 117 28 122 64 183 19 104 10 80 150 139 132 124 0 4 12 14 24 42 57 69 75 76 16 48 118 180 7 11 29 70 128 107 178 33 137 18 144 46 153 73 125 95 131 55 179 126 43 154 161 165 45 138 22 59 63 66 71 79 81 82 87 88 89 90 91 92 93 94 96 100 120 50 108 85 44 98 146 97 67 113 99 130 78 147 123 136 157 116
9 9 110 150 161 131 137 134 21 58 122 64 31 49 120 111 124 52 1 112 35 27 104 8 107 54 117 34 126 55 74 128 132 129 41 118 10 133 146 106 28 177 139 19 18 109 5 6 26 32 47 53 135 20 43 13 17 23 30 36 39 56 62 65 68 72 61 142 51 180 127 153 80 15 25 37 38 149 2 16 40 3 138 95 175 103 105 101 165 108 136 44 125 140 85 46 33 77 143 73 123 154 60 176 151 179 116 45 183 22 59 63 66 71 144 50 130 0 4 12 14 24 42 57 69 75 76 99 48 67 7 11 29 70 145 98 156 97 173 119 194 147 157 191 113 189 197 188 193
10 10 174 130 143 67 86 85 55 118 128 132 104 134 122 112 111 27 124 52 1 2 117 35 107 95 120 73 74 31 21 133 16 137 135 33 109 19 139 60 175 99 129 41 49 9 58 136 43 64 138 8 34 98 97 46 61 123 142 48 154 126 153 146 116 20 150 0 4 12 14 24 42 57 69 75 76 106 165 140 5 6 7 11 26 29 32 47 53 70 125 131 178 54 177 13 17 23 30 36 39 56 62 65 68 72 40 38 77 15 25 37 51 163 3 149 127 180 50 183 161 44 28 168 181 108 144 22 59 63 66 71 79 81 82 87 88 89 90 91 92 93 94 96 100 45 156 18 141 113 151 78 179 173 191 160 167
16 16 67 153 137 27 124 107 52 1 2 117 35 41 10 46 33 20 60 108 43 73 136 180 61 48 74 21 55 151 58 34 161 120 118 0 4 12 14 24 42 57 69 75 76 129 104 132 134 111 5 6 7 11 26 29 32 47 53 70 122 56 31 138 112 51 98 9 97 95 13 17 23 30 36 39 62 65 68 72 44 8 126 77 109 133 54 15 25 37 38 99 64 49 125 3 194 128 135 175 139 19 149 178 40 50 18 123 85 116 28 143 145 146 181 157 144 45 22 59 63 66 71 79 81 82 87 88 89 90 91 92 93 94 96 100 78 142 86 127 156 130 131 140 121 106 165 119 160 167 163 113 174 177 176 182
18 18 83 45 64 109 31 95 107 1 117 103 105 101 54 44 142 129 112 9 131 27 183 134 55 118 52 188 193 111 132 34 8 43 2 104 106 130 126 122 16 127 58 125 21 50 138 175 137 77 177 86 135 49 28 48 124 60 20 145 128 73 143 133 22 59 63 66 71 136 19 61 97 74 41 85 0 4 12 14 24 42 57 69 75 76 67 120 33 139 5 6 7 11 26 29 32 47 53 70 56 35 46 51 13 17 23 30 36 39 62 65 68 72 144 123 108 10 121 140 119 15 25 37 38 3 179 40
20 20 153 58 1 2 117 41 5 6 26 32 47 53 62 56 13 17 23 30 36 39 65 68 72 74 51 61 15 25 37 38 28 3 35 34 19 8 54 27 40 16 46 48 21 60 104 0 4 12 14 24 42 57 69 75 76 73 31 9 7 11 29 70 80 33 64 10 50 49 77 44 98 97 52 78 99 43 157 67 22 59 63 66 71 79 81 82 87 88 89 90 91 92 93 94 96 100 45 151 55 85 161 149 18 108 125 95 124 180 194 86 118
21 21 19 176 156 138 177 139 133 128 118 55 132 9 35 58 122 120 31 49 124 107 52 1 2 27 13 23 30 68 104 15 85 3 135 40 54 61 70 86 74 10 111 134 137 8 117 34 41 99 5 6 26 32 47 53 84 95 109 20 17 36 39 56 62 65 72 51 38 25 37 33 136 129 16 64 146 28 112 143 126 46 80 43 73 142 60 150 140 175 123 0 4 12 14 24 42 57 69 75 76 161 48 116 153 7 11 29 154 106 18 131 67 127 98 130 113 108 97 44 144 180 163 77 141 149 119 173 164 22 59 63 66 71 79 81 82 87 88 89 90 91 92 93 94 96 100 50 183 45 110 168 125 179 78
27 27 61 181 156 180 138 73 139 34 16 129 55 133 136 132 118 33 153 109 95 10 134 122 58 31 120 124 111 107 52 1 2 117 21 104 51 137 17 36 65 72 54 135 15 25 37 74 128 3 35 9 7 49 19 40 41 85 8 112 20 78 99 143 142 62 56 5 6 26 32 47 53 38 97 86 125 67 13 23 30 39 68 126 43 18 46 149 140 28 177 130 64 175 146 183 60 154 106 161 144 150 131 48 116 80 108 127 0 4 12 14 24 42 57 69 75 76 165 123 98 11 29 70 77 44 151 163 179 119 145 174 50 141 184 157 168 155 162 22 59 63 66 71 79 81 82 87 88 89 90 91 92 93 94 96 100 113 194 45
28 28 58 1 117 20 5 6 26 32 47 53 62 56 13 17 23 30 36 39 65 68 72 74 41 51 15 25 37 38 61 3 35 34 19 8 54 31 9 40 80 21 27 2 104 50 77 44 48 60 73 43 22 59 63 66 71 45 55 16 67 0 4 12 14 24 42 57 69 75 76 33 18 64 7 11 29 70 49 46 10 52
31 31 183 177 175 135 142 129 18 34 128 8 104 106 132 9 127 112 134 64 58 111 21 124 27 52 1 117 109 49 107 41 10 118 139 95 35 113 120 54 122 137 55 61 138 131 43 74 45 28 2 136 33 116 171 20 115 144 19 5 6 26 32 47 53 126 173 77 123 99 153 133 13 17 23 30 36 39 56 62 65 68 72 16 80 150 83 60 15 25 37 51 38 46 40 3 165 161 164 149 125 44 110 103 105 101 98 154 180 67 86 146 108 163 85 73 156 130 178 50 187 140 182 176 48 147 97 143 181 114 22 59 63 66 71 191 179 0 4 12 14 24 42 57 69 75 76 141 151 7 11 29 70
33 33 51 185 186 184 129 55 27 124 52 1 2 117 61 58 16 10 60 41 73 31 21 48 95 74 35 34 109 120 20 0 4 12 14 24 42 57 69 75 76 136 104 116 5 6 7 11 26 29 32 47 53 70 56 107 98 135 46 13 17 23 30 36 39 62 65 68 72 8 97 77 54 15 25 37 38 49 111 99 112 122 64 3 134 153 137 43 19 40 138 50 9 44 28 146 133 118 168 181 132 128 22 59 63 66 71 79 81 82 87 88 89 90 91 92 93 94 96 100 45 78 67 18 180 85 142 156 126 123 139 161 143 144 108 149 160 167 163 106 151 165 80 113 175 86
34 34 54 61 109 58 27 31 111 52 1 2 40 62 19 38 17 36 65 72 51 15 25 37 11 3 7 78 64 8 56 5 6 26 32 47 53 20 13 23 30 39 68 41 21 9 74 35 28 16 10 129 80 33 73 60 177 132 175 104 0 4 12 14 24 42 57 69 75 76 134 48 142 106 183 29 70 18 55 46 127 124 122 77 180 95 117 139 118 112 85 137 128 43 107 136 45 153 120 49 22 59 63 66 71 79 81 82 87 88 89 90 91 92 93 94 96 100 165 50 44 98 67 135 97 133 99 131 138 156 150 86 181 125 123 154 149 126
35 35 143 67 86 126 133 128 132 137 58 21 122 112 124 52 1 2 117 10 120 107 74 95 19 41 31 73 9 16 27 99 20 5 6 26 32 47 53 8 118 13 17 23 30 36 39 56 62 65 68 72 61 51 34 38 54 60 15 25 37 40 46 28 3 104 136 134 111 43 135 109 138 33 85 55 48 80 49 0 4 12 14 24 42 57 69 75 76 146 140 161 64 129 139 7 11 29 70 175 98 142 97 178 130 123 154 177 77 108 150 163 151 131 153 180 50 149 116 44 176 127 156 106 22 59 63 66 71 79 81 82 87 88 89 90 91 92 93 94 96 100 45 145 18 144 183 141 165 78 113 194 125 160 167 174 191
41 41 175 106 153 127 58 112 124 52 1 2 117 31 20 74 35 5 6 26 32 47 53 8 56 13 17 23 30 36 39 62 65 68 72 16 104 51 49 27 61 60 46 15 25 37 38 34 21 28 54 3 115 40 19 10 9 33 109 111 48 80 108 43 161 0 4 12 14 24 42 57 69 75 76 149 64 73 113 95 116 67 7 11 29 70 107 98 118 77 97 135 99 129 142 137 144 151 134 126 55 122 50 187 44 180 178 182 146 78 128 157 136 110 131 125 114 147 171 22 59 63 66 71 79 81 82 87 88 89 90 91 92 93 94 96 100 45 120 150 85 130 138 164 154 18 132 183 191 133 123 177 143 194 139 160 167 165 195 86 163 196 181 176
43 43 125 132 127 137 134 107 52 1 117 111 109 49 16 31 126 118 120 112 131 35 149 46 135 10 27 9 55 41 108 144 44 77 95 129 153 60 21 139 122 163 161 104 151 165 124 50 18 140 113 177 180 141 33 28 48 145 133 20 147 73 45 22 59 63 66 71 67 128 171 34 142 164 74 8 115 0 4 12 14 24 42 57 69 75 76 58 64 99 5 6 7 11 26 29 32 47 53 70 62 61 56 51 138 13 17 23 30 36 39 65 68 72 2 130 123 106 136 121 116 15 25 37 38 19 119 86 175 194 160 167 195 3 54 187 146 173 182 143 189 197 40 85 178 150
44 44 64 107 1 117 18 103 105 54 101 43 16 55 50 131 77 28 48 31 45 60 118 20 73 9 22 59 63 66 71 74 0 4 12 14 24 42 57 69 75 76 67 41 33 62 112 111 2 5 6 7 11 26 29 32 47 53 70 58 27 56 61 35 52 46 51 21 13 17 23 30 36 39 65 68 72 49 10 121 15 25 37 19 38 119 34 139 3 108 144 138 130 123 86 134 125 140 132 8 129 137 135 126 40 142 188 193 128 120 104 122 85 124 143 141 133 106 136 127 145
46 46 178 106 153 132 137 1 2 16 41 20 35 108 43 0 4 12 14 24 42 57 69 75 76 49 48 27 5 6 7 11 26 29 32 47 53 70 67 60 62 56 77 13 17 23 30 36 39 65 68 72 10 51 58 61 73 109 52 15 25 37 38 21 112 115 74 3 31 19 113 33 99 34 194 54 8 151 111 161 40 118 64 180 107 124 104 117 9 22 59 63 66 71 79 81 82 87 88 89 90 91 92 93 94 96 100 120 78 45 50 44 98 97 28 85 182 146 165 177 129 55 110 134 157 122 114 126 141 163 18 116 145 149 125 95
48 48 1 2 117 60 20 0 4 12 14 24 42 57 69 75 76 73 16 5 6 7 11 26 29 32 47 53 70 62 56 74 41 46 33 13 17 23 30 36 39 65 68 72 51 61 58 15 25 37 38 35 3 64 34 19 10 54 8 40 50 77 44 98 97 28 27 21 99 43 22 59 63 66 71 79 81 82 87 88 89 90 91 92 93 94 96 100 45 55 78 67 18 85 49 31 95 52 9
49 49 157 147 179 108 144 146 131 139 177 175 142 118 129 153 106 132 104 8 127 9 134 21 52 1 117 111 31 109 107 135 112 120 27 137 41 113 43 55 95 116 124 122 10 46 128 58 149 115 171 126 64 180 173 77 161 35 125 16 136 164 133 33 110 20 67 34 151 178 165 60 74 163 19 2 50 18 150 44 138 28 48 140 54 85 61 99 114 73 3 22 59 63 66 71 98 156 38 191 40 0 4 12 14 24 42 45 57 69 75 76 141 5 6 7 11 26 29 32 47 53 70 194 182 13 17 23 30 36 39 56 62 65 68 72 187 160 167 15 25 37 51 183
50 50 1 117 44 77 28 48 60 20 43 73 22 59 63 66 71 45 16 55 74 0 4 12 14 24 42 57 69 75 76 18 41 67 33 5 6 7 11 26 29 32 47 53 70 62 56 64 35 46 51 13 17 23 30 36 39 65 68 72 58 49 10 61 31 15 25 37 38 3 34 19 54 2 8 9 40 27 52 21
52 52 190 184 160 167 165 163 116 80 151 161 77 144 113 180 177 108 175 146 60 142 149 126 135 43 178 129 153 16 136 118 109 104 127 41 33 112 34 134 106 8 95 9 122 35 120 10 49 111 21 124 31 27 107 1 117 137 55 132 128 133 67 125 139 58 131 138 150 74 183 143 115 85 130 2 73 64 46 18 51 171 86 97 173 154 20 61 182 54 140 99 123 164 179 98 157 110 147 191 44 28 19 156 15 17 36 65 72 62 145 187 119 13 23 30 68 40 5 6 26 32 47 53 3 25 37 38 39 56 174 50 176 7 11 181 48 70 0 4 12 14 24 42 57 69 75 76 155 162 194
55 55 168 116 129 33 109 10 104 122 134 120 21 124 27 107 1 117 52 128 31 133 137 135 112 95 136 139 132 111 138 118 9 49 142 51 85 143 16 146 106 73 35 43 58 130 126 140 74 2 18 153 144 44 150 67 19 34 61 156 131 98 119 86 177 180 123 41 50 174 125 77 28 48 176 161 8 60 149 181 54 154 165 175 20 45 99 22 59 63 66 71 108 64 97 0 4 12 14 24 42 57 69 75 76 184 127 5 6 7 11 26 29 32 47 53 70 56 46 185 186 13 17 23 30 36 39 62 65 68 72 121 15 25 37 38 173 3 189 197 191 40 183 145
60 60 112 52 1 2 117 41 74 48 35 16 8 10 20 33 0 4 12 14 24 42 57 69 75 76 73 64 5 6 7 11 26 29 32 47 53 70 62 56 34 51 46 13 17 23 30 36 39 65 68 72 58 61 77 15 25 37 38 27 3 19 54 43 95 31 21 40 50 44 98 97 28 161 126 129 99 142 49 22 59 63 66 71 79 81 82 87 88 89 90 91 92 93 94 96 100 67 45 55 78 18 175 130 134 9 178 85 124 122 106 137 150 154 107 104 109 153 118 127 111 160 167 113 144 165 149 116 163 135 146 108 120 151 196 183 136 132 86 80
64 64 103 105 101 18 54 188 193 44 131 118 9 31 112 111 1 2 117 29 45 83 11 34 62 40 38 58 61 19 107 74 10 8 49 60 21 134 95 175 137 48 52 27 41 150 20 35 127 0 4 12 14 24 42 57 69 75 76 73 132 126 16 142 109 129 5 6 7 26 32 47 53 70 183 33 104 46 124 51 13 17 23 30 36 39 56 65 68 72 135 161 15 25 37 3 106 122 154 55 50 128 85 98 28 77 120 177 97 139 99 110 43 130 22 59 63 66 71 79 81 82 87 88 89 90 91 92 93 94 96 100 133 123 125 165 67 78 86
67 67 178 175 16 136 35 10 1 52 112 77 27 115 124 46 2 73 41 118 74 143 58 55 137 86 133 128 132 49 31 104 122 22 59 63 66 71 45 50 111 0 4 12 14 24 42 57 69 75 76 44 21 117 28 48 61 182 146 5 6 7 11 26 29 32 47 53 70 60 62 165 56 191 19 20 43 13 17 23 30 36 39 65 68 72 51 95 113 107 120 15 25 37 85 38 155 162 153 109 18 3 129 174 34 33 134 126 54 97 99 8 64 130 9 40
73 73 143 86 136 122 27 1 2 117 10 35 95 74 19 61 16 48 60 33 120 107 58 97 20 0 4 12 14 24 42 57 69 75 76 55 5 6 7 11 26 29 32 47 53 70 34 62 56 133 67 99 124 51 41 46 13 17 23 30 36 39 65 68 72 128 15 25 37 38 52 21 64 85 3 54 129 8 40 50 77 44 98 28 104 109 31 155 162 9 43 130 22 59 63 66 71 79 81 82 87 88 89 90 91 92 93 94 96 100 45 78 112 140 132 18 146 150 142 135 134 156 149 137 118 49 111 138 153 139 191 180 181 126
74 74 85 118 136 58 122 112 124 1 2 117 41 35 27 21 10 20 19 5 6 26 32 47 53 104 56 13 17 23 30 36 39 62 65 68 72 51 61 97 73 133 8 15 25 37 38 95 54 28 3 31 34 9 60 40 120 64 52 107 16 99 48 137 33 0 4 12 14 24 42 57 69 75 76 135 55 7 11 29 70 67 80 98 46 130 154 129 128 49 150 146 175 142 50 77 44 132 134 78 138 155 162 109 43 140 153 22 59 63 66 71 79 81 82 87 88 89 90 91 92 93 94 96 100 45 111 18 149 126 143 161 86 123 116 106 183 139 127 191 178 181 176 174 196
77 77 178 8 52 1 117 67 46 60 165 112 49 146 31 43 113 16 50 58 41 44 149 33 28 48 35 135 115 20 109 73 10 22 59 63 66 71 45 171 34 2 55 74 0 4 12 14 24 42 57 69 75 76 18 27 9 111 5 6 7 11 26 29 32 47 53 70 61 62 64 56 182 51 13 17 23 30 36 39 65 68 72 21 19 15 25 37 38 3 173 160 167 54 163 153 144 151 134 108 40 116 161 142 118 129 104 126 175 127 106 95 120 107 177 122 124 132 80 180 137
80 80 58 52 28 41 5 6 26 32 47 53 34 65 72 62 56 23 30 68 8 20 13 17 36 39 9 104 35 15 25 37 51 38 74 31 3 21 61 54 40 27 1 19 2 33 77 60
85 85 19 154 97 133 74 10 104 95 122 120 107 2 86 21 70 136 13 23 30 68 84 15 124 3 40 58 112 54 118 27 61 128 143 134 55 130 117 1 140 138 52 126 98 35 111 99 129 132 142 137 73 146 139 9 135 145 150 31 125 16 119 79 81 82 87 88 89 90 91 92 93 94 96 100 56 64 18 0 4 12 14 24 42 57 69 75 76 38 48 49 5 6 7 11 26 29 32 47 53 67 60 106 109 20 46 78 17 36 39 62 65 72 161 51 174 183 25 37 153 43 180 149 41 33 179 123 34 8 44 131 191 108
86 86 19 73 128 35 10 95 107 117 85 84 143 21 70 68 13 23 30 122 15 3 40 104 138 54 130 2 27 124 126 112 133 136 61 132 1 58 134 123 52 139 55 111 67 125 137 135 97 145 120 118 142 18 129 99 121 74 119 31 174 44 140 144 131 108 183 179 43 41 16 20 60 34 33 64 49 154
95 95 145 179 97 130 183 143 138 125 126 86 142 136 133 85 129 18 134 104 122 112 124 27 52 2 117 107 120 10 35 111 109 73 31 137 135 74 128 55 99 49 19 33 140 153 154 21 98 64 113 118 43 16 9 139 149 131 83 41 116 60 146 45 1 58 132 150 165 127 8 61 34 106 123 3 48 67 40 155 162 54 171 161 108 181 20 144 79 81 82 87 88 89 90 91 92 93 94 96 100 180 175 0 4 12 14 24 42 57 69 75 76 38 156 5 6 7 11 26 29 32 47 53 70 151 177 46 178 78 13 17 23 30 36 39 56 62 65 68 72 77 15 25 37 51
97 97 85 136 95 124 2 117 74 133 99 104 98 73 27 19 10 120 129 16 138 41 33 143 48 122 107 35 60 155 162 154 20 86 52 112 79 81 82 87 88 89 90 91 92 93 94 96 100 130 0 4 12 14 24 42 57 69 75 76 126 125 5 6 7 11 26 29 32 47 53 70 58 61 62 56 142 51 21 46 78 13 17 23 30 36 39 65 68 72 38 1 134 15 25 37 64 31 123 18 67 128 3 55 153 116 146 137 145 54 111 40 34 8 179 183 135 9 181 174 176 118 187 182
98 98 104 124 2 117 97 99 10 95 16 74 41 33 85 128 48 35 58 153 55 60 20 136 73 79 81 82 87 88 89 90 91 92 93 94 96 100 0 4 12 14 24 42 57 69 75 76 31 27 120 5 6 7 11 26 29 32 47 53 70 138 62 56 51 21 139 61 123 19 46 118 78 13 17 23 30 36 39 65 68 72 38 146 107 116 1 15 25 37 52 64 135 3 34 54 40 134 8 112 143 133 106 137 49 111 174 9 181 176 187 182 86 129
99 99 140 133 136 128 132 124 2 117 35 120 97 107 27 21 10 95 74 122 104 98 73 118 134 138 123 46 16 111 31 85 41 33 48 137 129 135 86 60 139 154 155 162 20 52 79 81 82 87 88 89 90 91 92 93 94 96 100 163 0 4 12 14 24 42 57 69 75 76 58 5 6 7 11 26 29 32 47 53 70 19 43 62 56 1 112 51 61 78 13 17 23 30 36 39 65 68 72 67 38 143 141 109 15 25 37 64 177 3 55 116 146 9 49 153 54 40 34 8 181 176 174 126
104 104 98 139 118 128 85 136 55 153 106 134 95 10 58 120 31 49 124 107 52 117 27 21 133 135 129 122 74 111 9 138 41 112 132 108 126 137 97 143 125 116 86 109 142 35 20 99 146 8 175 2 16 161 1 123 80 130 34 131 180 154 28 33 19 43 144 157 177 149 61 67 127 46 73 23 30 68 18 5 6 26 32 47 53 183 62 56 151 113 165 64 119 179 13 17 36 39 65 72 140 15 25 37 51 38 174 145 54 3 150 40 110 155 162 168 114 60 115 147 44 77 194 163 121 173 160 167 181 176 189 197
