8 8 173 77 171 149 135 109 177 31 49 112 111 142 127 150 34 178 183 180 125 52 164 113 134 175 179 196 129 144 147 139 192 165 115 18 182 60 131 41 117 195 106 122 138 157 154 130 118 137 187 46 116 107 64 95 191 123 80 190 74 67 140 153 55 189 197 10 108 161 120 132 114 35 110 44 9 85 43 119 128 86 126 184 145 121 20 168 146 133 143 163 124 194 28 148 48 50 152 158 159 166 169 170 172 160 167 98 141 155 162 104 97 156 151 136 21 174 99 188 193 73 27 33 176 181 16 185 186
9 9 110 150 161 131 64 21 188 193 137 134 122 31 49 120 44 111 124 176 112 149 126 106 189 197 180 146 156 194 52 118 145 138 55 74 140 139 35 133 177 173 179 109 119 191 165 117 46 107 108 192 151 125 130 154 95 123 34 174 43 98 99 143 181 97 85 135 187 10 153 157 73 128 86 129 114 147 132 104 16 142 196 27 41 116 168 182 164 8 175 127 121 113 115 183 171 80 190 20 67 141 136 144 184 155 162 28 148 48 50 152 158 159 166 169 170 172 163 33 77 18 160 167 195 60 178 185 186
10 10 174 130 67 86 143 85 55 118 128 132 73 104 35 134 122 27 74 112 95 16 97 133 111 124 99 168 138 120 141 21 107 154 175 98 135 123 181 126 163 140 139 189 197 191 109 43 178 136 31 145 137 46 33 176 18 52 165 196 116 119 60 150 41 49 192 173 34 64 182 117 44 156 121 146 149 129 115 131 187 144 155 162 142 153 9 160 167 113 194 157 180 125 177 185 186 183 80 190 106 161 110 147 20 179 8 114 171 188 193 164 28 148 48 50 152 158 159 166 169 170 172 151 77 184 108 127
16 16 67 153 137 27 194 124 151 20 107 181 180 46 157 108 161 35 52 175 145 10 136 178 174 41 156 117 98 73 121 182 125 138 97 149 33 176 43 123 160 167 187 74 165 109 99 184 116 141 120 77 163 80 190 155 162 95 34 126 119 44 49 139 118 31 134 129 104 115 191 60 122 150 146 112 111 144 132 183 135 55 154 133 143 168 179 9 28 148 48 50 152 158 159 166 169 170 172 113 140 18 147 64 185 186 110 130 114 86 164 131 128 171 189 197 21 177 142 196 192 173 85 188 193 106 127 8 195
18 18 109 95 31 107 183 145 34 117 142 97 121 130 129 179 177 86 138 141 175 8 125 119 44 113 143 171 134 140 64 132 164 126 135 85 104 116 106 139 73 173 114 28 148 48 50 152 158 159 166 169 170 172 55 49 163 168 98 160 167 155 162 99 27 137 110 60 123 10 35 52 115 41 127 156 136 77 133 112 74 124 144 108 128 131 154 161 151 165 122 33 149 147 150 191 9 178 20 157 67 180 46 16 43 189 197 153 146 181 188 193 174 187 184 21 194 111 176 80 190 195 182 196 185 186 118 120 192
20 20 153 194 157 151 117 46 161 108 180 125 149 41 16 28 148 48 50 152 158 159 166 169 170 172 168 114 121 155 160 162 167 98 147 156 104 163 60 52 49 110 119 44 164 124 106 171 27 150 77 165 86 139 97 18 73 107 178 123 137 136 99 115 154 127 9 144 130 140 138 146 131 181 8 67 74 182 64 187 122 133 175 142 80 190 21 116 184 33 55 176 129 95 145 113 43 143 134 126 85 118 132 174 34 177 179 128 135 141 173 191 195 35 10 120 188 193 185 186 183 112 189 197 109 31 111
21 21 176 156 138 177 139 133 55 128 9 35 118 132 122 31 49 120 99 135 27 124 173 164 168 141 154 10 104 109 150 74 85 110 137 107 95 181 146 111 73 140 163 123 52 134 143 174 86 191 33 116 67 98 161 97 64 117 113 46 126 136 119 149 180 175 129 187 131 178 112 142 43 147 194 155 162 192 18 153 108 165 80 190 34 179 157 189 197 182 130 185 186 144 20 41 171 188 193 28 148 48 50 152 158 159 166 169 170 172 16 8 114 106 115 121 127 184 160 167 196 183 77 44 145 60 151 125 195
27 27 181 156 34 73 180 16 138 33 139 55 129 133 136 118 132 153 10 95 109 185 186 21 134 143 122 86 184 31 99 135 120 124 67 104 97 35 85 137 149 111 168 194 174 49 18 74 155 162 141 176 140 128 46 125 130 116 183 144 20 163 189 197 112 161 154 107 179 98 191 142 173 52 145 177 165 151 146 157 43 41 119 150 126 131 123 175 9 178 192 108 187 64 117 113 8 121 182 196 171 160 167 164 127 110 106 80 190 77 44 115 60 114 188 193 28 148 48 50 152 158 159 166 169 170 172 147 195
28 28 117 148 48 50 152 158 159 166 169 170 172 168 121 114 20 155 160 162 167 157 163 98 156 147 60 119 44 110 164 171 151 77 18 165 86 97 123 115 99 161 154 130 140 150 73 144 74 138 131 146 64 139 125 108 116 153 16 43 149 136 41 113 142 126 33 52 55 106 127 129 137 135 128 178 132 85 9 8 46 180 95 122 118 21 124 35 134 133 194 184 188 193 177 143 182 10 104 120 175 187 109 67 185 186 173 183 27 80 190 176 145 49 195 34 191 174 31 112 181 179 189 197 141 111 107 196
31 31 34 18 183 177 64 175 135 8 142 129 128 9 109 104 106 173 132 113 21 127 188 193 111 112 134 171 164 139 191 118 27 115 41 138 131 49 110 124 144 123 95 55 67 176 179 44 52 141 187 116 10 43 98 99 126 156 122 195 77 107 125 178 163 192 196 147 114 85 150 130 86 189 197 181 165 60 120 74 140 154 161 35 182 143 33 133 46 136 153 174 146 137 180 145 149 16 184 97 80 190 160 167 194 108 117 157 151 73 185 186 28 148 48 50 152 158 159 166 169 170 172 20 121 155 162 168 119
33 33 185 186 184 55 129 27 124 168 181 52 116 136 176 117 174 156 98 109 16 21 160 167 120 187 80 190 138 34 143 137 10 128 134 135 139 153 97 122 60 163 182 31 95 146 112 104 107 133 111 73 77 123 106 41 132 180 85 183 157 151 28 148 48 50 152 158 159 166 169 170 172 67 145 127 74 194 165 46 99 49 18 144 86 179 141 147 161 118 64 189 197 114 20 121 155 162 35 113 108 110 196 164 192 43 191 149 171 126 119 44 130 9 173 195 115 175 178 131 150 142 125 188 193 177 154 140 8
34 34 109 31 27 111 52 183 192 18 181 177 175 8 180 156 129 179 142 165 139 55 80 190 113 184 106 132 173 123 73 163 33 138 125 131 137 160 167 150 77 16 64 118 134 127 135 60 171 116 10 154 191 122 95 133 41 164 9 144 107 115 46 153 67 161 49 43 136 149 145 141 85 151 128 143 86 140 110 130 168 194 120 44 114 146 104 185 186 99 124 147 112 126 188 193 74 108 187 189 197 157 21 195 174 117 119 182 35 97 121 20 98 155 162 178 176 196 28 148 48 50 152 158 159 166 169 170 172
35 35 67 86 143 126 133 128 132 21 137 73 122 112 99 10 124 16 176 136 120 141 95 138 145 85 46 107 163 174 194 118 191 131 140 27 178 52 175 104 123 130 196 139 154 151 60 9 181 156 55 109 111 43 74 161 135 182 125 146 117 179 134 150 177 187 31 142 153 97 183 49 41 98 160 167 108 77 115 80 190 180 165 184 116 18 129 173 192 149 164 171 8 28 148 48 50 152 158 159 166 169 170 172 33 189 197 114 113 64 106 127 44 144 110 147 20 121 155 162 168 119 157 34 185 186 188 193 195
41 41 175 106 153 127 112 115 191 124 187 114 195 20 194 182 52 157 196 46 67 108 110 60 147 151 161 113 116 164 149 180 178 16 183 98 144 49 117 109 142 31 171 181 8 174 135 176 118 160 167 137 104 125 80 190 74 131 34 43 150 146 123 9 184 122 154 177 111 132 55 129 130 163 128 143 95 35 134 27 126 64 179 165 18 136 173 97 85 133 77 10 21 28 148 48 50 152 158 159 166 169 170 172 33 145 121 120 99 107 138 139 119 44 192 155 162 168 189 197 188 193 156 185 186 140 86 73 141
43 43 125 132 127 137 134 141 195 107 163 149 189 197 194 46 52 147 187 164 145 151 165 109 153 180 182 131 171 173 111 161 126 108 117 144 95 121 115 140 99 49 16 31 35 160 167 10 135 120 113 150 183 118 80 190 157 41 177 139 179 119 44 112 184 60 9 64 116 154 77 27 122 192 28 148 48 50 152 158 159 166 169 170 172 129 156 74 67 18 123 97 98 168 104 110 124 138 155 162 21 73 55 133 174 130 114 33 175 86 34 196 20 181 146 142 191 188 193 136 176 143 85 128 106 185 186 8 178
44 44 64 188 193 107 131 117 121 9 119 141 118 145 28 148 48 50 152 158 159 166 169 170 172 31 140 18 123 130 168 139 112 155 162 86 60 160 167 138 108 114 144 111 125 157 163 20 147 154 98 74 16 43 156 99 165 73 97 151 164 135 110 171 126 116 161 150 142 143 183 137 10 95 175 35 77 132 128 134 8 129 34 104 49 55 85 146 133 115 179 153 177 196 180 41 113 109 33 178 192 149 136 52 173 194 67 120 27 46 21 127 184 174 189 197 106 191 185 186 122 124 80 190 181 176 187 195 182
46 46 178 106 153 132 137 194 115 182 151 114 108 77 141 20 113 165 157 163 110 161 67 146 16 180 41 43 145 177 35 109 116 175 118 99 49 112 9 126 125 104 149 127 183 120 129 10 142 117 124 134 144 8 150 164 111 27 173 147 52 131 34 55 31 74 143 133 171 140 122 60 98 128 21 86 135 138 95 191 64 139 187 130 196 119 174 156 18 107 97 181 136 154 160 167 168 33 123 176 179 195 121 155 162 28 148 48 50 152 158 159 166 169 170 172 85 189 197 73 192 80 190 44 188 193 185 186 184
48 48 117 28 148 50 152 158 159 166 169 170 172 168 121 114 20 155 160 162 167 157 163 98 156 147 60 119 44 110 164 171 151 77 18 165 86 97 123 115 99 161 154 130 140 150 73 144 74 138 131 146 64 139 125 108 116 153 16 43 149 136 41 113 142 126 33 52 55 106 127 129 137 135 128 178 132 85 9 8 46 180 95 122 118 21 124 35 134 133 194 184 188 193 177 143 182 10 104 120 175 187 109 67 185 186 173 183 27 80 190 176 145 49 195 34 191 174 31 112 181 179 189 197 141 111 107 196
49 49 157 147 179 108 146 144 131 139 177 175 8 142 118 9 153 129 104 106 127 173 132 21 171 134 164 135 111 180 191 113 116 115 109 41 31 110 64 46 52 126 195 125 178 194 43 183 34 141 27 67 182 161 55 128 187 165 77 176 95 20 151 163 149 114 107 122 120 189 197 18 112 137 150 123 138 124 192 140 98 16 99 136 154 85 156 33 130 145 10 188 193 184 73 97 181 143 80 190 86 160 167 35 117 74 121 133 174 60 196 119 44 185 186 28 148 48 50 152 158 159 166 169 170 172 155 162 168
50 50 117 28 148 48 152 158 159 166 169 170 172 168 121 114 20 155 160 162 167 157 163 98 156 147 60 119 44 110 164 171 151 77 18 165 86 97 123 115 99 161 154 130 140 150 73 144 74 138 131 146 64 139 125 108 116 153 16 43 149 136 41 113 142 126 33 52 55 106 127 129 137 135 128 178 132 85 9 8 46 180 95 122 118 21 124 35 134 133 194 184 188 193 177 143 182 10 104 120 175 187 109 67 185 186 173 183 27 80 190 176 145 49 195 34 191 174 31 112 181 179 189 197 141 111 107 196
52 52 80 190 184 160 167 60 163 77 165 151 34 116 161 144 180 113 108 146 177 175 41 149 16 43 33 126 178 142 135 153 8 129 136 109 67 104 112 35 127 118 137 173 9 95 183 134 21 115 132 125 106 191 55 122 171 182 194 164 150 185 186 10 124 111 120 49 27 74 138 131 139 31 46 133 179 130 187 157 145 97 128 99 143 73 20 176 18 154 196 195 110 98 64 147 174 86 181 189 197 155 162 156 85 140 114 192 168 107 123 119 188 193 117 121 44 28 148 48 50 152 158 159 166 169 170 172 141
55 55 168 116 33 129 10 185 186 109 104 21 122 134 120 184 27 124 174 176 156 133 98 181 135 107 128 189 197 146 73 138 139 130 9 85 143 119 95 118 142 74 144 140 112 97 180 35 111 52 31 136 191 137 67 106 34 18 99 117 132 173 49 149 187 41 150 165 179 121 161 16 86 123 163 151 126 178 64 154 177 160 167 153 155 162 125 182 114 157 113 44 131 46 43 196 194 171 147 192 20 80 190 60 183 164 141 110 28 148 48 50 152 158 159 166 169 170 172 77 115 145 188 193 127 108 8 175 195
60 60 112 52 196 117 160 167 80 190 161 130 77 163 41 184 150 183 154 74 165 126 28 148 48 50 152 158 159 166 169 170 172 151 175 116 142 113 171 20 178 114 168 121 44 64 115 8 155 162 144 164 129 35 137 147 98 157 108 110 119 146 18 86 149 156 34 125 131 95 135 127 16 43 67 97 180 10 33 85 134 153 123 106 138 46 99 55 177 140 139 107 191 132 31 173 182 145 73 122 104 143 194 133 188 193 109 128 124 118 187 141 174 136 195 179 111 185 186 189 197 49 27 9 120 21 181 176 192
64 64 188 193 44 131 9 118 31 112 111 110 150 126 196 161 49 192 74 183 107 175 60 117 34 154 130 134 165 137 41 120 135 127 133 10 121 8 21 18 43 142 85 109 123 139 132 177 179 171 113 115 122 145 164 149 55 129 141 191 86 144 143 163 95 138 173 52 119 156 136 77 160 167 28 148 48 50 152 158 159 166 169 170 172 153 140 104 114 98 124 106 108 35 125 16 151 46 67 147 194 189 197 187 128 27 174 182 116 176 180 99 146 195 178 20 155 162 168 97 33 181 73 184 80 190 157 185 186
67 67 16 178 175 35 136 10 115 191 182 155 162 77 174 86 143 165 46 146 97 41 118 112 130 113 126 132 73 99 85 128 133 122 74 52 27 124 21 137 106 153 104 55 127 183 109 154 196 60 8 140 134 111 129 34 181 139 163 177 176 151 138 161 142 31 194 150 123 180 156 49 141 135 98 9 95 108 131 64 43 80 190 116 184 173 125 145 171 33 107 120 160 167 110 157 18 179 164 147 20 195 168 117 189 197 192 149 144 187 119 121 188 193 185 186 44 28 148 48 50 152 158 159 166 169 170 172 114
73 73 86 143 136 122 27 155 162 35 95 10 128 67 181 74 133 191 85 97 117 156 120 104 107 99 124 55 129 174 145 34 135 21 130 140 180 150 132 137 146 112 179 28 148 48 50 152 158 159 166 169 170 172 9 141 176 16 149 183 109 175 134 118 33 138 153 52 139 46 187 114 20 121 160 167 168 182 49 142 194 178 8 177 106 171 196 184 110 147 119 44 60 98 157 163 164 127 126 173 111 189 197 151 77 185 186 31 80 190 115 18 123 165 154 131 108 116 161 144 125 195 64 41 113 43 192
74 74 85 118 136 122 97 112 124 155 162 133 154 196 104 73 191 67 120 130 99 174 10 181 117 143 176 95 135 60 55 128 150 64 146 27 98 187 9 175 140 21 86 107 41 182 123 132 137 52 44 35 142 149 183 145 180 121 109 161 153 111 129 16 28 148 48 50 152 158 159 166 169 170 172 116 138 179 18 34 49 141 119 188 193 177 126 171 194 114 115 33 46 125 20 160 167 168 184 151 131 108 80 190 113 77 43 147 164 110 192 144 178 8 156 157 163 31 165 134 185 186 139 127 106 173 189 197 195
77 77 178 8 182 173 165 171 115 52 46 146 67 113 117 149 160 167 80 190 135 112 60 163 184 109 151 28 148 48 50 152 158 159 166 169 170 172 161 183 144 116 20 150 157 177 168 49 164 147 31 121 18 125 155 162 180 142 114 175 34 119 111 108 196 130 137 124 139 156 110 154 98 131 44 41 153 16 43 129 64 33 74 138 126 86 132 123 55 179 99 97 140 127 134 104 128 73 194 118 95 35 107 187 85 145 133 143 191 192 120 176 174 9 181 141 122 136 188 193 21 185 186 10 27 195 189 197 106
80 80 52 190 184 160 167 60 163 77 165 151 34 116 161 144 180 113 108 146 177 175 41 149 16 43 33 126 178 142 135 153 8 129 136 67 109 104 112 127 35 118 137 173 115 9 164 95 171 117 125 183 46 21 134 132 55 106 191 150 122 182 194 20 74 185 186 157 10 124 111 131 49 120 97 139 155 162 130 98 147 27 99 73 138 18 31 154 128 156 168 187 179 86 145 133 143 123 64 176 196 195 140 119 174 85 28 148 48 50 152 158 159 166 169 170 172 110 181 44 189 197 121 141 192 107 114 188 193
85 85 97 154 74 133 10 104 95 122 120 136 174 130 107 99 118 143 112 73 140 124 98 145 86 35 179 119 67 146 27 155 162 21 191 55 183 134 138 150 111 128 18 117 181 176 126 161 132 196 156 137 60 149 9 41 175 139 125 116 168 178 142 109 64 187 121 141 180 34 129 165 33 163 52 135 151 189 197 8 192 173 110 160 167 182 44 177 28 148 48 50 152 158 159 166 169 170 172 20 164 113 114 157 153 147 77 115 194 46 171 127 184 106 49 31 123 188 193 185 186 108 131 80 190 144 16 43 195
86 86 73 35 128 10 143 95 107 174 67 122 130 145 123 138 136 99 126 97 18 124 27 117 179 85 121 139 141 104 133 120 183 132 125 119 44 134 155 162 112 154 181 191 156 21 52 9 31 176 135 111 34 140 74 55 137 28 148 48 50 152 158 159 166 169 170 172 168 109 180 175 118 98 142 163 60 131 49 129 177 150 178 144 153 182 108 165 8 114 187 161 173 189 197 196 64 20 160 167 16 43 80 190 171 116 184 151 194 33 46 110 147 164 192 157 115 77 113 149 188 193 185 186 41 146 106 127
95 95 145 179 97 18 130 183 143 86 125 138 85 126 142 133 136 129 73 104 134 107 122 35 10 74 27 120 109 112 111 137 154 140 99 124 113 155 162 135 31 131 21 67 189 197 128 123 98 174 132 181 141 149 43 49 177 116 55 171 127 33 52 176 139 9 196 191 192 60 146 194 118 153 180 173 46 165 117 41 16 157 156 150 168 175 160 167 187 161 195 20 185 186 80 190 108 182 34 8 147 64 144 163 178 28 148 48 50 152 158 159 166 169 170 172 114 151 77 184 106 115 44 110 121 188 193 119 164
97 97 85 136 95 124 155 162 74 133 154 145 143 104 179 99 117 174 181 67 122 73 18 176 120 98 10 86 138 187 183 130 129 128 27 125 182 123 107 112 28 148 48 50 152 158 159 166 169 170 172 134 126 168 153 116 146 142 191 41 16 52 132 109 180 114 20 121 160 167 33 137 49 9 178 141 34 175 171 106 127 46 111 110 147 119 44 60 156 157 163 164 55 21 135 196 189 197 194 8 173 184 31 177 35 151 77 144 80 190 115 165 185 186 131 149 150 140 195 108 161 192 64 139 113 43 118 188 193
98 98 104 124 117 174 181 176 187 97 123 182 139 99 74 116 55 168 28 148 48 50 152 158 159 166 169 170 172 146 138 143 128 155 162 20 41 85 16 114 136 153 157 133 33 121 160 167 10 118 119 135 86 95 27 9 163 18 21 151 110 31 147 44 60 112 122 120 108 130 144 161 35 137 125 111 156 164 127 154 134 178 106 171 67 180 165 77 129 126 194 49 142 115 183 140 131 73 179 175 185 186 8 34 145 150 149 64 184 46 43 177 107 132 113 191 52 173 196 192 195 189 197 109 141 188 193 80 190
99 99 140 133 136 128 132 124 155 162 141 97 123 35 163 85 122 67 118 107 74 176 134 120 117 174 181 21 154 73 143 46 129 86 138 98 10 95 27 104 187 177 135 43 145 191 182 139 52 55 142 189 197 31 111 28 148 48 50 152 158 159 166 169 170 172 173 137 34 109 175 180 106 179 116 146 178 49 9 183 41 16 153 127 114 20 121 160 167 168 33 8 184 194 80 190 110 147 119 44 60 156 157 164 192 112 151 77 171 125 195 115 18 165 185 186 144 130 150 108 161 131 149 196 64 113 126
104 104 98 139 85 55 118 128 136 106 153 10 95 134 97 31 49 74 120 133 135 124 154 99 168 157 21 174 108 179 194 155 162 27 86 129 73 116 143 67 107 114 122 20 18 125 189 197 123 138 52 137 175 41 183 132 130 161 126 46 33 176 34 180 142 181 119 145 151 173 146 110 64 35 177 150 147 9 156 16 165 149 111 191 187 131 144 178 163 117 112 121 8 115 60 140 160 167 43 127 109 171 80 190 182 113 164 185 186 77 44 188 193 141 192 184 28 148 48 50 152 158 159 166 169 170 172 196 195
