8 8 173 77 171 149 135 109 49 31 112 111 177 52 142 127 150 34 183 175 129 134 178 180 125 139 144 106 122 113 179 18 117 165 131 137 118 41 58 60 64 138 107 132 147 154 153 10 9 95 161 1 2 128 115 55 116 130 126 164 123 124 108 196 157 120 74 192 43 146 104 21 163 182 27 35 46 160 167 133 140 151 67 85 136 80 190 184 86 187 33 191 16 143 110 195 44 145 114 119 99 97 98 73 20 121 189 197 156 194 168 141 174 155 162 28 48 50 176 181 148 152 158 159 166 169 170 172 188 193
9 9 110 150 161 131 64 21 137 134 122 49 31 120 111 124 52 112 126 146 118 55 188 193 149 180 35 44 133 139 106 177 138 107 109 117 176 140 128 74 135 95 10 132 129 108 104 43 165 27 142 153 34 125 154 179 156 85 143 123 127 145 151 175 8 130 16 58 46 173 194 99 119 189 197 41 136 73 191 97 116 183 98 1 86 144 157 147 174 181 187 113 192 182 33 67 18 115 171 164 163 184 168 80 77 190 114 121 141 160 167 20 196 60 155 162 178 28 50 48 148 152 158 159 166 169 170 172 2 195
10 10 174 130 67 86 143 85 55 118 128 132 104 134 122 27 112 111 124 35 73 95 74 133 120 107 52 21 138 99 135 175 97 109 16 139 137 117 154 126 136 123 31 43 33 140 49 178 98 168 116 163 150 64 165 141 129 181 46 153 9 142 34 146 18 60 149 131 144 191 177 41 106 145 183 176 173 189 197 180 119 125 156 1 2 8 113 182 161 196 44 115 192 187 121 160 167 157 127 179 155 162 77 110 151 147 171 194 20 164 190 80 114 108 184 48 50 28 148 152 158 159 166 169 170 172 185 186 19 188 193
16 16 67 153 137 27 124 107 52 151 117 180 194 108 35 161 46 136 10 175 20 181 41 157 178 138 145 33 120 43 125 149 134 118 95 129 73 109 126 104 123 156 116 1 2 122 31 111 49 97 74 139 98 112 99 132 34 174 165 55 135 146 121 133 144 9 182 163 77 160 167 176 44 119 143 187 150 60 141 184 140 113 18 154 115 128 155 162 130 86 21 64 190 80 131 142 183 177 147 168 110 179 48 164 50 28 191 171 148 152 158 159 166 169 170 172 114 106 85 127 8 173 185 186 189 197 192 196
18 18 109 95 31 107 117 183 83 45 142 34 129 145 130 177 138 86 97 134 175 1 8 125 132 104 106 143 135 121 126 179 27 44 55 85 137 52 140 119 112 139 127 113 124 136 133 128 141 49 122 116 131 10 171 123 64 35 144 108 73 9 99 41 164 74 163 115 33 98 43 16 60 154 153 110 149 111 77 165 21 114 150 161 156 168 160 167 151 155 162 173 146 50 28 48 148 152 158 159 166 169 170 172 147 180 118 20 178 67 46 157 120 191 181 187 174 182 184 189 197 194 176 190 80 196 195
20 20 153 117 58 157 194 151 1 2 108 161 46 125 41 16 149 180 49 104 27 28 48 50 148 152 158 159 166 169 170 172 52 137 124 168 98 114 121 155 160 162 167 163 60 44 110 147 119 156 164 171 150 77 106 18 120 107 86 95 99 97 111 115 123 165 134 112 9 130 73 74 154 140 127 139 144 8 136 116 146 64 131 138 43 113 178 33 55 122 126 175 133 142 21 128 118 135 85 129 177 34 35 132 143 179 10 181 67 109 145 183 182 31
21 21 176 156 138 177 139 133 55 128 9 118 35 132 122 49 31 120 124 135 107 27 52 99 104 10 109 137 134 95 111 74 150 146 154 173 143 164 117 129 140 86 123 85 116 136 175 141 64 161 33 168 142 113 73 110 163 67 126 131 19 46 149 180 112 97 34 58 98 43 181 119 191 174 41 108 179 153 144 1 2 8 127 106 18 130 16 157 147 183 178 187 165 182 184 115 171 60 80 190 155 162 121 194 151 77 160 167 44 145 20 189 197 114 125 192 28 48 50 148 152 158 159 166 169 170 172 188 193 185 186
27 27 181 156 34 73 180 138 16 139 33 55 129 133 136 132 118 153 10 95 109 134 122 31 120 124 111 21 104 135 143 137 107 99 86 128 85 35 52 49 67 149 74 97 125 140 18 130 183 177 142 161 117 154 116 112 9 46 144 184 185 186 43 150 126 41 175 146 174 168 163 141 131 194 165 155 162 157 123 179 108 151 64 20 98 176 61 119 145 8 173 106 58 191 189 197 178 113 127 1 2 187 192 121 182 147 160 167 171 77 44 110 164 60 115 80 190 114 28 48 50 148 152 158 159 166 169 170 172 196
28 28 117 58 1 50 48 148 152 158 159 166 169 170 172 168 20 114 121 155 160 162 167 157 163 98 156 147 44 60 110 119 164 171 77 151 18 86 97 99 115 123 165 161 73 130 154 150 74 140 144 138 146 131 108 116 125 139 64 41 43 16 149 113 153 33 142 126 107 55 112 111 129 134 52 135 128 137 132 118 35 127 95 136 9 104 122 10 124 8 109 133 106 21 120 27 178 49 180 85 31 177 175 143
31 31 34 18 183 177 64 175 135 8 142 129 128 9 104 106 132 21 127 112 111 134 109 27 124 113 139 52 49 118 173 138 41 171 131 95 55 107 10 115 164 144 150 43 123 116 35 122 126 110 120 137 99 161 44 125 133 136 117 67 191 33 188 193 165 86 85 98 156 77 180 130 74 154 178 153 163 176 149 179 187 46 140 16 147 146 143 60 141 182 114 181 58 108 97 195 196 192 151 174 189 197 145 1 157 119 73 160 167 184 168 121 80 190 155 162 194 2 28 50 48 148 152 158 159 166 169 170 172 185 186 20
33 33 185 186 184 55 129 27 124 52 117 116 51 168 181 109 120 16 21 10 138 136 95 1 2 137 135 107 122 31 156 153 104 111 133 98 134 128 139 97 34 143 146 176 73 174 41 132 74 160 167 112 180 99 123 49 60 187 163 77 85 182 151 127 118 165 144 35 190 80 183 161 86 113 157 108 155 162 18 43 64 67 150 9 149 126 145 154 130 48 50 28 148 152 158 159 166 169 170 172 147 110 179 114 46 20 121 142 164 171 175 115 140 194 44 178 119 131 141 177 125 8 191 173 106 192 189 197
34 34 109 31 27 111 52 183 177 54 61 175 8 18 129 142 58 180 132 106 139 55 1 2 165 181 134 127 156 137 192 33 64 118 10 16 113 179 122 138 135 131 9 123 120 73 125 107 150 95 133 153 77 163 41 116 128 184 136 49 154 144 124 80 190 160 167 60 43 104 173 112 161 117 21 171 149 151 115 146 46 85 67 143 126 35 108 164 86 130 140 99 191 74 110 178 145 141 44 147 119 97 114 168 182 194 187 157 174 98 20 121 189 197 195 155 162 185 186 176 188 193
35 35 67 86 143 126 133 128 132 21 137 122 112 124 10 73 52 120 99 95 16 136 107 118 138 117 85 27 140 9 46 55 123 139 135 131 178 176 111 163 175 43 109 154 130 145 74 31 161 134 141 151 146 60 104 177 49 58 142 150 156 194 41 174 191 108 125 1 2 18 98 129 181 97 183 153 196 180 149 116 182 77 187 160 167 33 179 165 115 121 44 64 106 127 119 8 184 113 80 190 171 164 144 173 114 157 28 48 50 148 152 158 159 166 169 170 172 110 147 34 20 155 162 168 192 189 197 19
41 41 175 106 153 127 112 124 52 115 117 108 191 46 161 187 113 182 149 116 31 67 114 151 49 157 20 109 16 60 110 194 147 180 104 58 135 142 144 178 195 118 164 183 8 137 111 74 1 2 171 43 125 196 131 98 129 146 35 122 150 95 9 27 55 154 134 123 126 10 130 128 177 34 132 160 167 181 174 64 136 176 33 143 163 107 133 97 165 120 21 77 99 184 18 80 190 85 138 139 179 121 28 48 50 44 148 152 158 159 166 169 170 172 119 173 145 155 162 168 156 140 86 141 73 192
43 43 125 132 127 137 134 107 52 117 149 109 111 46 141 163 131 126 180 49 161 108 31 151 144 147 165 145 95 164 35 153 120 135 16 118 195 112 194 140 171 187 99 177 115 113 1 189 197 182 139 10 41 173 9 27 121 122 150 129 160 167 104 44 119 116 183 64 124 21 60 55 77 154 133 175 123 18 157 138 74 33 130 184 179 190 80 86 142 97 20 73 156 146 136 98 67 110 34 168 155 162 50 28 48 148 152 158 159 166 169 170 172 114 106 128 143 85 8 192 178 174 181 191 176 196
44 44 64 107 117 188 193 131 1 118 9 121 119 31 18 140 112 123 141 139 130 111 138 86 145 108 144 125 43 16 135 126 142 137 74 60 154 49 132 128 50 28 48 148 152 158 159 166 169 170 172 129 143 168 55 10 134 95 104 99 155 162 163 160 167 73 114 116 165 98 150 35 156 161 151 20 85 171 133 157 147 164 110 97 77 136 109 115 41 175 33 153 113 146 52 8 183 149 120 27 177 21 180 34 127 106 67 179 122 178 124 46 103 105 54 101 2 196 173 194 192
46 46 178 106 153 132 137 115 194 108 151 113 182 77 161 165 180 16 41 43 114 141 146 20 67 157 163 110 109 1 2 35 49 118 112 177 145 104 116 99 9 126 125 120 111 149 129 27 175 124 10 52 31 134 117 127 21 107 122 142 183 8 55 144 150 128 133 135 131 34 95 139 138 143 74 64 136 85 86 140 130 18 60 154 33 98 164 173 123 171 119 156 179 73 147 97 181 44 174 160 167 187 176 191 196 121 168 155 162 184 192
48 48 117 1 2 50 28 148 152 158 159 166 169 170 172 168 20 114 121 155 160 162 167 157 98 163 156 147 60 44 110 119 164 171 77 151 86 18 97 99 115 123 165 73 161 130 154 150 140 74 144 138 146 131 108 116 125 139 64 16 41 43 149 113 33 153 142 126 107 55 112 111 129 134 52 135 128 137 132 118 35 95 127 136 9 10 104 122 124 109 8 133 106 21 120 27 85 178 49 180 31 177 175 143
49 49 157 147 179 108 146 144 131 139 177 175 8 142 118 9 129 104 153 106 132 21 127 134 52 111 135 31 109 173 113 171 116 41 180 115 64 107 164 55 126 128 43 95 161 27 46 112 125 149 110 120 137 117 124 122 178 150 10 191 151 77 165 67 138 16 183 34 163 136 133 35 98 33 156 141 194 85 99 18 140 20 114 182 176 187 123 74 154 195 130 86 143 60 189 197 1 97 44 73 145 160 167 119 184 190 80 121 192 181 174 188 193 196 58 50 28 48 148 152 158 159 166 169 170 172 155 162 168
50 50 117 1 28 48 148 152 158 159 166 169 170 172 168 20 114 121 155 160 162 167 157 163 156 98 147 44 60 110 119 164 171 77 151 18 86 97 99 115 123 165 161 73 130 154 150 140 144 138 74 146 131 108 116 125 139 64 43 16 41 149 113 153 33 142 126 107 55 112 111 129 134 52 135 128 137 132 118 35 127 95 136 9 104 10 122 124 109 133 106 8 120 21 178 27 49 180 85 31 177 175 143
52 52 190 80 184 160 167 77 163 60 165 151 116 34 161 144 180 113 108 146 177 175 149 41 43 16 126 142 33 178 135 153 8 129 136 104 109 118 35 127 112 9 95 21 134 106 122 10 137 120 111 124 49 27 31 67 132 55 125 183 115 150 133 139 173 128 138 131 74 171 107 143 130 182 164 46 64 191 97 18 99 73 86 85 154 179 194 157 117 110 145 140 98 147 187 156 176 185 186 174 20 123 181 155 162 119 195 196 114 189 197 141 168 192 1 121 2 58 44
55 55 168 116 33 129 10 109 104 21 122 134 120 27 124 107 133 128 135 117 139 95 138 185 186 85 184 118 52 9 146 143 112 136 142 31 174 156 130 137 111 98 74 132 35 176 73 140 49 106 150 144 180 181 119 99 97 18 34 161 16 126 67 149 86 153 41 177 123 165 189 197 125 173 191 1 131 154 43 64 121 187 151 113 163 178 44 182 183 179 46 157 160 167 155 162 171 127 147 114 60 77 141 108 164 115 20 110 175 8 145 194 50 28 48 148 152 158 159 166 169 170 172 190 80 196 2 192 58
60 60 112 52 117 1 2 161 196 41 130 126 150 160 167 74 154 77 142 175 183 163 165 178 129 151 35 8 64 116 113 137 144 190 80 184 95 108 146 10 149 127 134 171 115 135 106 16 43 33 31 44 124 131 107 86 34 125 153 18 48 114 20 164 50 28 121 122 98 148 152 158 159 166 169 170 172 168 180 147 55 110 157 119 155 162 177 138 97 104 139 109 156 132 123 99 118 140 128 85 73 67 133 46 143 49 111 136 27 120 9 21 182 145 173 191 194 174 187 179 141 188 193
64 64 188 193 44 131 9 118 31 112 111 117 150 126 49 103 105 101 161 175 110 54 74 107 183 134 137 34 127 154 10 135 21 142 60 8 120 132 1 2 130 41 129 133 165 196 177 122 52 18 139 192 109 124 106 104 123 43 95 55 35 27 113 128 125 85 149 179 138 115 171 144 86 153 16 136 108 140 164 121 180 143 77 163 178 156 151 116 98 119 160 167 146 99 114 145 147 46 67 173 33 97 48 50 28 148 152 158 159 166 169 170 172 141 73 191 20 155 162 168 182 157 187 174 176 194 189 197 181 58 195 184
67 67 16 178 175 35 136 10 115 143 86 182 191 77 112 165 46 118 146 155 162 174 41 52 132 128 133 113 97 1 124 130 126 27 122 99 73 85 137 104 74 21 153 55 111 109 129 134 106 31 49 95 127 107 142 120 135 8 183 154 177 139 161 138 9 140 34 180 117 150 60 123 33 43 151 108 64 131 163 125 181 116 98 149 156 176 18 196 194 145 2 141 179 160 167 157 171 144 173 190 80 147 110 20 119 164 184 168 44 187 114 58
73 73 86 143 136 122 27 35 117 95 10 128 155 162 74 133 120 67 107 97 85 129 104 55 1 2 124 99 156 181 191 135 130 140 150 34 137 180 146 21 109 132 112 9 149 16 134 33 138 118 52 139 153 145 142 174 49 183 175 48 50 28 111 148 152 158 159 166 169 170 172 179 106 20 31 114 121 160 167 168 8 171 127 60 44 98 110 147 119 157 163 164 141 177 178 46 77 151 176 18 115 123 165 154 182 187 108 116 161 144 125 131 194 41 43 113 64 19 184 126 173
74 74 85 118 136 122 112 124 97 133 117 104 154 10 120 155 162 73 95 130 135 99 58 27 55 67 128 146 150 64 107 143 137 21 1 2 175 9 191 35 41 60 132 196 140 142 174 52 98 129 181 149 176 123 109 16 86 111 161 116 153 187 49 183 138 182 33 126 180 44 18 121 151 145 31 43 160 167 125 77 113 119 171 115 34 177 131 144 8 108 163 178 28 165 48 50 148 152 158 159 166 169 170 172 179 114 46 20 134 168 147 164 110 141 127 156 157 106 194 139 184 188 193 80 19 190 173
77 77 178 8 52 117 165 171 182 115 146 173 113 46 67 149 1 112 135 109 160 167 163 60 111 49 31 151 144 116 190 80 161 184 150 108 177 142 41 125 183 43 16 137 180 153 33 34 126 18 132 129 124 157 139 147 175 130 154 131 20 50 28 48 164 148 152 158 159 166 169 170 172 168 64 121 155 162 104 114 119 74 138 156 118 110 55 98 86 44 123 35 128 134 127 140 97 95 73 107 99 120 10 9 27 136 21 122 179 133 85 196 106 143 58 194 2 145 192
80 80 52 58 190 184 160 167 77 163 60 165 151 34 116 161 144 180 113 108 177 146 175 41 149 43 16 126 142 33 178 135 8 153 129 136 104 109 35 118 127 9 112 95 21 134 106 122 137 117 10 124 49 111 120 27 31 55 67 132 125 183 115 150 139 138 131 171 46 74 133 173 128 130 164 107
85 85 97 154 74 133 10 104 95 122 120 107 136 130 118 112 124 143 27 140 99 86 35 55 134 128 19 138 73 174 146 145 111 117 98 119 150 67 21 126 179 183 18 137 2 139 9 142 132 52 129 161 191 125 149 109 180 135 141 41 175 116 155 162 33 64 49 153 106 181 31 121 60 34 156 178 165 127 8 44 176 113 151 177 168 123 163 187 108 131 196 144 171 110 182 46 160 167 173 16 43 157 115 77 147 164 20 189 197 114 1 194 58 192 48 184 28 50 148 152 158 159 166 169 170 172
86 86 73 35 128 10 95 107 143 117 122 130 67 138 19 126 124 123 136 27 145 174 85 104 99 18 133 139 97 132 112 134 120 125 21 52 179 183 121 111 135 31 55 137 119 44 118 142 141 154 140 129 9 109 156 131 74 144 108 49 155 162 175 153 180 43 16 150 34 98 161 177 168 163 165 181 64 60 8 191 116 148 152 158 159 166 169 170 172 178 50 33 28 48 176 171 114 151 160 167 20 110 2 147 164 1 157 115 113 46 182 77 149 187 173 41 106 146 184 196 189 197 127 194 190 80 192 58
95 95 145 179 97 18 130 183 143 86 125 138 85 126 142 136 133 129 104 134 122 27 112 124 73 107 10 35 120 109 74 137 111 31 52 135 154 99 140 21 128 113 55 131 43 117 49 149 116 9 33 67 146 139 98 155 162 118 123 153 132 16 171 180 177 181 150 41 161 119 60 174 165 108 189 197 144 176 175 191 2 173 121 156 44 141 8 196 64 34 46 187 106 182 127 160 167 157 194 178 168 163 147 110 151 77 164 20 115 192 190 80 184 114 1 48 148 152 158 159 166 169 170 172 50 28 185 186
97 97 85 136 95 124 74 117 133 104 155 162 143 99 154 129 122 120 145 2 10 73 138 67 179 18 86 130 27 98 183 174 107 181 125 128 134 176 112 55 126 123 118 187 142 182 116 146 153 52 135 16 41 33 109 137 132 9 49 35 48 148 152 158 159 166 169 170 172 50 28 111 106 21 180 175 20 114 121 160 167 168 171 31 127 178 60 110 147 119 156 157 163 164 44 8 34 151 77 115 165 131 144 149 177 191 46 150 140 108 161 113 43 64 141 139 184 173 194 19 189 197
98 98 104 124 117 2 97 55 139 123 128 174 181 99 176 74 116 138 153 146 187 136 10 41 16 85 143 118 182 95 33 133 135 31 27 120 21 137 9 112 168 86 35 134 20 155 162 157 111 106 119 18 49 48 114 122 148 152 158 159 166 169 170 172 50 28 121 160 167 151 108 163 125 130 144 129 110 147 107 60 44 126 161 154 142 165 52 171 127 156 164 77 131 140 73 115 180 149 132 43 150 64 67 175 113 178 8 183 177 34 109 46 145 179 194 184 173 58 185 186
99 99 140 133 136 128 132 124 117 35 122 155 162 120 97 123 118 21 85 107 134 74 141 163 27 104 67 10 95 129 138 154 73 2 143 86 135 46 177 176 31 98 111 181 137 174 55 43 52 139 109 187 142 182 49 116 146 16 41 153 9 33 180 106 175 34 145 127 112 48 183 148 152 158 159 166 169 170 172 50 28 8 178 173 179 20 114 121 160 167 168 191 60 110 147 119 156 157 164 44 151 171 77 125 189 197 115 165 18 144 130 150 108 161 194 131 184 149 113 64 126 192
104 104 98 139 85 55 118 128 136 106 153 10 95 134 49 31 120 124 107 133 97 52 74 135 27 21 129 122 108 99 86 154 143 116 138 132 125 117 137 175 142 157 41 126 18 130 123 67 73 180 179 161 111 9 146 33 183 35 174 16 177 168 64 46 131 155 162 112 34 151 114 194 20 119 150 165 144 145 109 149 110 8 127 43 58 147 173 140 181 176 189 197 113 115 156 178 163 60 187 121 160 167 77 182 171 44 184 191 164 80 190 141 2 1 28 148 152 158 159 166 169 170 172 50 48 192 185 186 188 193 196
