8 8 173 171 77 149 135 109 49 31 112 111 58 52 177 1 2 127 142 129 175 134 34 183 150 106 180 122 125 139 178 144 117 9 118 137 60 132 41 131 153 18 179 113 107 165 27 128 5 6 26 32 47 53 64 124 55 138 74 21 154 13 17 23 30 36 39 56 62 65 68 72 35 161 80 61 54 95 20 38 104 15 25 37 51 120 126 147 130 40 108 3 10 123 116 28 146 157 115 19 196 192 0 4 12 14 24 42 57 69 75 76 164 133 16 163 48 33 7 11 29 70 85 136 151 160 167 140 182 86 184 46 43 190 73 110 143 187 22 59 63 66 71 79 81 82 87 88 89 90 91 92 93 94 96 100 191 50 45 156 114 195 119 145 44 98 78 121 97 168 194 67 141 189 197 99 181
9 9 110 150 161 131 64 137 21 134 122 49 31 120 111 124 58 52 1 112 126 55 146 107 118 139 106 133 180 117 177 109 149 132 128 104 129 138 35 135 153 43 95 8 142 10 34 140 108 127 165 27 176 175 16 18 125 54 103 105 154 74 85 143 179 123 101 151 136 44 130 188 193 145 156 41 73 173 119 194 80 99 183 116 144 19 191 2 33 189 197 28 97 5 6 26 32 47 53 157 46 61 98 147 113 86 13 17 23 30 36 39 56 62 65 68 72 174 187 181 20 182 15 25 37 51 192 38 40 3 77 60 163 115 171 184 164 190 178 160 167 168 121 22 59 63 66 71 114 141 50 0 4 12 14 24 42 45 57 69 75 76 48 7 11 29 70 196 155 162 78 67
10 10 174 130 143 67 86 85 55 118 128 132 104 134 122 27 112 111 124 52 35 95 107 120 73 133 1 2 117 74 135 137 139 109 175 138 31 21 136 16 99 97 126 154 49 123 140 33 19 146 116 129 98 178 43 150 165 60 163 153 9 161 142 168 41 177 64 141 34 149 181 131 106 125 108 144 18 8 46 58 183 180 156 191 173 113 48 189 197 119 61 145 176 77 127 182 20 196 160 167 187 0 4 12 14 24 42 57 69 75 76 192 115 51 50 121 5 6 7 11 26 29 32 47 53 70 151 28 184 179 157 13 17 23 30 36 39 56 62 65 68 72 44 54 38 15 25 37 155 162 171 147 110 3 40 164 190 114 80 22 59 63 66 71 79 81 82 87 88 89 90 91 92 93 94 96 100 194 45 148 152 158 159 166 169 170 172 78
16 16 67 153 137 27 124 107 52 1 2 117 180 151 108 161 136 35 194 46 41 10 20 175 120 43 138 118 33 178 109 95 134 157 104 129 181 126 125 149 132 145 111 122 55 112 60 116 123 73 9 98 139 143 49 133 31 34 135 146 44 97 156 48 74 58 61 86 77 165 144 128 99 121 21 163 174 182 0 4 12 14 24 42 57 69 75 76 119 160 167 140 130 176 18 187 127 150 51 50 5 6 7 11 26 29 32 47 53 70 113 62 56 141 142 13 17 23 30 36 39 65 68 72 28 85 154 8 131 177 184 15 25 37 38 106 115 54 3 64 19 155 162 190 183 40 45 80 147 22 59 63 66 71 79 81 82 87 88 89 90 91 92 93 94 96 100 168 110 171 78 164 114 148 152 158 159 166 169 170 172 179 191 173
18 18 83 45 64 109 31 95 107 117 1 183 44 142 129 103 105 101 134 188 193 131 130 177 175 8 145 34 132 138 125 27 106 86 122 112 9 126 55 137 104 97 54 52 127 118 135 143 179 121 124 120 10 136 49 111 35 128 119 85 139 133 43 123 50 16 113 140 144 21 108 28 48 116 141 171 58 150 77 60 20 161 99 154 2 153 149 115 164 165 110 163 98 146 147 73 156 151 61 114 19 168 22 59 63 66 71 160 167 155 162 74 62 41 180 0 4 12 14 24 42 57 69 75 76 157 148 152 158 159 166 169 170 172 33 5 6 7 11 26 29 32 47 53 70 56 173 51 13 17 23 30 36 39 65 68 72 67 15 25 37 38 178 3 46 40 191
20 20 153 58 1 2 117 41 5 6 26 32 47 53 157 62 56 23 30 68 46 28 16 13 17 36 39 65 72 151 51 15 25 37 61 38 194 3 74 48 54 161 108 40 149 125 104 27 60 180 34 0 4 12 14 24 42 57 69 75 76 70 35 7 11 29 8 73 19 50 80 49 52 77 44 98 21 33 31 64 97 124 78 9 99 22 59 63 66 71 79 81 82 87 88 89 90 91 92 93 94 96 100 45 43 10 18 118 137 156 67 86 112 132 106 95 134 107 120 128 148 152 158 159 166 169 170 172 168 147 111 55 171 139 129 110 136 85 122 114 121 155 160 162 167 150 131 138 119 163 164 135 127 109 175 133 140 130 146 144 154 142 115 123 165 116 178 126 143 177 113
21 21 176 156 138 177 139 133 128 55 118 132 9 19 35 122 120 49 31 124 58 107 52 135 27 104 1 2 10 99 109 137 134 85 95 111 86 146 117 150 74 129 13 23 30 68 136 154 143 161 175 15 116 140 126 131 142 3 123 70 173 113 164 64 141 40 54 112 8 61 33 67 180 43 34 163 84 97 168 106 149 41 110 16 153 56 62 46 5 6 26 32 47 53 108 119 51 17 36 39 65 72 127 144 80 38 20 181 191 25 37 73 130 174 18 179 28 60 98 183 157 178 147 187 165 77 44 0 4 12 14 24 42 57 69 75 76 182 78 48 7 11 29 184 115 171 121 190 151 145 160 167 155 162 125 22 59 63 66 71 79 81 82 87 88 89 90 91 92 93 94 96 100 194 50 45 114
27 27 181 156 180 73 138 34 139 16 129 55 33 133 136 132 118 153 61 109 95 10 134 122 31 120 124 111 58 107 21 104 135 52 137 128 143 49 99 117 1 2 85 86 74 149 51 67 125 112 97 130 140 142 35 154 177 54 9 183 161 126 116 175 18 144 43 150 146 17 36 65 72 20 41 123 46 8 15 25 37 131 151 165 106 64 3 163 7 184 108 174 141 168 157 155 162 40 98 179 78 194 119 185 186 19 127 145 56 173 5 6 26 32 47 53 176 28 38 60 113 13 23 30 39 62 68 80 191 178 189 197 77 44 48 187 121 182 192 160 167 171 0 4 12 14 24 42 57 69 75 76 147 50 110 11 29 70 115 164 45 114 190 22 59 63 66 71 79 81 82 87 88 89 90 91 92 93 94 96 100
28 28 58 1 117 20 5 6 26 32 47 53 62 65 72 56 23 30 68 13 17 36 39 51 15 25 37 38 74 3 41 54 61 50 80 40 48 34 35 44 77 2 60 31 8 19 9 73 27 22 59 63 66 71 45 43 104 18 70 16 21 0 4 12 14 24 42 57 69 75 76 64 33 7 11 29 67 156 55 168 148 152 158 159 166 169 170 172 153 110 86 171 52 114 121 155 160 162 167 147 157 98 119 163 164 139 46 49 132 118 151 131 138 10 112 150 134 107 130 115 123 165 111 144 78 161 120 109 95 116 149 108 146 154 140 137 125 128 97 99 124 129 135 126 142 122 106 113 136 85 127 175 133 177 178 143 180
31 31 183 177 18 175 34 135 142 8 129 128 64 106 104 9 132 127 112 21 134 111 27 124 109 58 52 113 49 139 118 41 107 138 1 95 10 131 173 55 122 171 117 115 120 137 144 116 35 164 123 126 43 150 136 99 161 133 110 54 33 45 125 165 67 153 83 180 77 154 98 149 86 130 191 85 163 156 46 146 178 140 187 74 60 61 176 147 143 44 179 182 103 105 16 141 114 181 2 108 101 188 193 28 80 97 151 195 62 20 196 174 65 72 189 197 192 5 6 26 32 47 53 23 30 68 56 19 73 13 17 36 39 145 157 160 167 119 15 25 37 51 38 184 3 40 11 50 121 7 48 168 190 29 70 155 162 194 22 59 63 66 71 78 0 4 12 14 24 42 57 69 75 76
33 33 185 186 184 51 129 55 27 124 52 1 2 117 61 116 136 109 16 120 168 10 135 138 181 58 31 137 95 104 107 122 153 60 111 112 41 73 98 134 34 133 21 128 156 146 139 48 74 97 35 132 118 143 77 99 20 49 9 174 180 0 4 12 14 24 42 57 69 75 76 106 160 167 85 123 176 5 6 7 11 26 29 32 47 53 70 50 43 163 56 127 187 13 17 23 30 36 39 62 65 68 72 151 86 28 182 165 8 125 54 150 44 15 25 37 38 80 144 161 131 3 113 46 142 108 64 190 19 149 126 183 40 177 157 22 59 63 66 71 79 81 82 87 88 89 90 91 92 93 94 96 100 45 175 18 78 130 178 67 140 147 110 171 148 152 158 159 166 169 170 172 154 164 145 114 121 155 162 115 119 179 194
34 34 54 61 109 31 27 111 58 52 1 2 40 62 38 17 36 65 72 11 19 51 8 15 25 37 3 183 7 177 78 175 64 129 142 132 56 106 9 55 5 6 26 32 47 53 18 180 139 134 13 23 30 39 68 80 16 127 20 137 122 41 33 165 21 73 10 28 118 60 124 136 153 120 181 131 156 138 135 35 95 107 74 117 104 123 128 179 49 192 133 113 0 4 12 14 24 42 57 69 75 76 150 125 48 112 29 70 77 154 116 184 163 144 46 45 86 43 190 149 160 167 161 173 171 22 59 63 66 71 79 81 82 87 88 89 90 91 92 93 94 96 100 85 126 108 143 178 115 50 151 146 130 67 140 44 98 164 97 110 84 191 101 99 145 147 119 141 157 182 103 105 114
35 35 143 67 86 126 133 128 132 137 21 122 112 124 58 52 10 120 1 2 73 117 95 107 99 118 136 16 138 85 140 74 31 135 9 55 134 111 123 19 139 178 109 41 43 27 46 130 175 161 131 60 154 177 163 146 176 142 104 150 151 129 145 20 141 5 6 26 32 47 53 156 8 153 28 108 13 17 23 30 36 39 56 62 65 68 72 33 98 194 49 61 80 54 180 40 38 15 25 37 51 125 34 149 18 191 174 3 116 97 48 106 183 77 181 196 182 64 0 4 12 14 24 42 57 69 75 76 160 167 127 187 50 7 11 29 70 115 144 121 165 44 184 119 110 179 171 168 190 113 157 147 22 59 63 66 71 79 81 82 87 88 89 90 91 92 93 94 96 100 173 114 45 164 148 152 158 159 166 169 170 172 78 155 162
41 41 175 106 153 127 112 124 58 52 1 2 117 115 31 20 108 49 46 161 109 16 113 60 74 149 104 116 35 187 191 151 182 111 144 118 157 142 114 135 110 67 125 8 147 178 137 180 5 6 26 32 47 53 43 56 129 28 131 194 33 13 17 23 30 36 39 62 65 68 72 183 171 164 150 27 80 126 10 61 98 15 25 37 51 38 146 122 34 195 54 107 136 3 134 55 95 48 130 9 97 138 154 128 132 196 123 77 19 21 40 177 64 99 143 139 0 4 12 14 24 42 57 69 75 76 160 167 85 133 181 174 165 176 163 7 11 29 70 73 50 120 86 44 184 190 78 156 22 59 63 66 71 79 81 82 87 88 89 90 91 92 93 94 96 100 45 18 121 168 179 119 140 148 152 158 159 166 169 170 172 155 162 145 173
43 43 125 132 127 137 134 107 52 1 117 149 111 109 126 131 163 49 120 46 141 108 135 144 161 153 112 118 95 16 180 35 31 165 151 177 145 10 147 9 164 140 139 113 171 115 41 99 194 129 195 187 122 27 44 182 55 189 197 77 173 104 124 60 21 121 175 150 116 133 119 160 167 138 18 64 50 123 183 154 142 28 48 136 146 130 33 86 157 106 20 184 190 34 58 45 73 80 178 97 156 110 179 22 59 63 66 71 128 2 168 74 8 98 143 0 4 12 14 24 42 57 69 75 76 155 162 67 114 5 6 7 11 26 29 32 47 53 70 148 152 158 159 166 169 170 172 62 61 51 56 85 19 13 17 23 30 36 39 65 68 72 15 25 37 38 3 54 40 192 174
44 44 64 107 1 117 18 103 105 101 131 188 193 118 54 121 31 119 43 16 50 140 112 123 130 139 86 28 48 138 144 9 108 111 125 141 55 77 45 60 126 145 20 135 137 142 132 129 49 128 134 143 73 22 59 63 66 71 2 95 104 27 124 62 74 0 4 12 14 24 42 57 69 75 76 150 154 41 136 70 58 133 161 85 168 33 109 153 110 116 5 6 7 11 26 29 32 47 53 67 163 65 72 156 147 56 155 162 148 152 158 159 166 169 170 172 165 160 167 21 23 30 68 171 99 114 120 52 151 51 157 13 17 36 39 164 35 146 15 25 37 38 61 98 122 115 149 113 3 97 46 127 106 10 175 40 34 183 177 180 8 19 178 83
46 46 178 106 153 132 137 1 2 108 115 194 113 151 41 16 161 77 180 20 43 67 182 109 165 49 112 35 118 146 114 110 141 163 157 104 177 52 111 99 31 145 120 124 125 116 27 126 129 117 0 4 12 14 24 42 57 69 75 76 149 107 48 134 10 5 6 7 11 26 29 32 47 53 70 62 56 58 21 13 17 23 30 36 39 65 68 72 175 122 61 51 60 15 25 37 38 3 127 9 142 19 54 73 40 95 74 34 183 22 59 63 66 71 79 81 82 87 88 89 90 91 92 93 94 96 100 45 78 135 33 133 136 50 128 64 144 139 8 131 28 150 44 98 143 97 138 130 154 85 140 123 86 18 179 147 119 164 55 156 173 171
48 48 1 2 117 60 20 0 4 12 14 24 42 57 69 75 76 70 5 6 7 11 26 29 32 47 53 73 50 62 65 72 56 23 30 68 13 17 36 39 51 28 16 74 15 25 37 41 44 98 38 58 77 33 3 97 46 54 61 64 40 35 78 99 34 22 59 63 66 71 79 81 82 87 88 89 90 91 92 93 94 96 100 45 43 18 10 27 8 19 67 55 168 86 148 152 158 159 166 169 170 172 156 153 31 114 121 155 160 162 167 171 147 157 110 52 21 119 163 164 85 132 130 138 151 95 112 104 140 107 49 131 139 154 118 115 123 165 125 144 134 150 116 120 108 146 111 137 109 161 149 129 126 128 124 142 136 122 113 135 106 133 9 127 143 178 175 101
49 49 157 147 179 108 146 144 131 139 177 175 142 8 118 129 153 106 104 132 9 127 21 134 52 111 135 109 31 113 1 107 116 117 173 171 41 180 55 115 112 43 95 126 120 27 128 137 122 164 161 149 124 125 46 64 110 10 178 136 151 77 165 67 138 163 150 191 133 16 35 183 140 34 114 99 141 85 194 20 156 98 182 58 187 123 33 74 130 60 154 176 195 18 86 143 189 197 160 167 97 44 119 2 145 80 50 184 190 121 28 48 19 61 168 54 51 13 23 30 68 192 15 155 162 17 36 39 56 62 65 72 181 38 40 3 25 37 73 174 22 59 63 66 71 0 4 12 14 24 42 45 57 69 75 76 148 152 158 159 166 169 170 172 5 6 7 11 26 29 32 47 53 70
50 50 1 117 28 48 44 77 60 20 73 22 59 63 66 71 45 43 18 16 74 0 4 12 14 24 42 57 69 75 76 41 70 33 5 6 7 11 26 29 32 47 53 64 62 65 72 56 23 30 68 55 148 152 158 159 166 169 170 172 168 67 51 13 17 36 39 160 167 157 58 156 163 114 121 155 162 147 15 25 37 35 38 110 171 2 119 164 3 86 151 46 54 61 98 27 10 165 40 144 161 153 31 116 49 130 115 123 131 139 146 34 150 99 138 108 154 140 125 97 149 107 118 142 132 113 134 112 129 126 95 137 120 111 52 135 8 19 128 109 9 104 122 124 136 106 127 21 178 133 175 85
52 52 190 184 160 167 80 163 165 77 151 116 161 144 60 113 180 108 177 146 175 149 142 126 43 135 178 16 34 153 41 129 33 136 118 8 104 109 127 112 9 95 134 106 35 122 21 10 120 49 111 124 31 27 137 132 55 107 67 125 183 133 128 150 139 131 115 138 74 117 173 143 171 130 1 182 164 97 46 154 73 85 99 58 86 191 64 179 18 157 110 147 98 145 194 140 187 123 20 156 2 176 51 174 155 162 181 119 185 186 54 114 61 195 196 189 197 141 19 44 192 168 28 121 15 62 17 36 65 72 40 13 23 30 68 3 5 6 26 32 47 53 38 25 37 50 39 56 11 48 7 45
55 55 168 116 33 129 10 109 104 122 134 21 120 124 27 107 117 1 133 128 135 95 52 139 138 112 118 137 9 31 136 142 111 146 85 132 143 130 49 35 140 106 73 174 156 150 74 98 144 184 180 176 119 16 185 186 126 51 181 153 99 154 161 18 177 149 34 43 123 97 86 125 41 131 165 44 173 189 197 2 191 67 121 58 187 19 8 127 113 151 183 175 182 50 163 61 28 48 178 64 157 108 171 160 167 179 77 60 155 162 54 20 147 141 114 115 164 145 110 40 22 59 63 66 71 38 0 4 12 14 24 42 45 57 69 75 76 148 152 158 159 166 169 170 172 194 5 6 7 11 26 29 32 47 53 70 80 13 17 23 30 36 39 56 62 65 68 72 15 25 37 3 46 190
60 60 112 52 1 2 117 41 161 74 48 130 77 35 8 126 16 142 10 175 20 196 150 64 178 154 129 33 0 4 12 14 24 42 57 69 75 76 160 167 31 95 70 183 50 73 5 6 7 11 26 29 32 47 53 43 163 137 62 34 56 23 30 68 116 134 113 165 51 122 151 61 13 17 36 39 65 72 28 58 144 106 44 98 15 25 37 124 38 127 108 111 146 120 54 3 46 97 153 184 118 107 149 27 80 40 190 135 21 104 132 128 131 99 49 125 115 171 86 22 59 63 66 71 79 81 82 87 88 89 90 91 92 93 94 96 100 109 45 18 78 138 177 139 136 67 140 180 147 157 156 19 164 114 110 123 121 9 133 155 162 148 152 158 159 166 169 170 172 168 55 119 85 143 173 182 145 101 179
64 64 103 105 101 188 193 44 18 131 54 9 118 31 112 111 29 117 1 2 45 83 11 34 62 49 150 175 126 134 183 107 137 161 74 40 38 127 21 110 58 142 132 8 60 61 129 135 10 52 154 27 122 124 104 106 120 19 139 177 130 95 165 43 133 123 109 48 41 128 20 85 55 125 196 138 192 35 0 4 12 14 24 42 57 69 75 76 113 108 179 144 50 146 73 153 149 5 6 7 26 32 47 53 70 140 99 86 116 28 136 115 16 171 13 17 23 30 36 39 56 65 68 72 178 98 180 33 67 15 25 37 51 77 163 156 3 164 97 46 151 143 121 160 167 119 114 147 22 59 63 66 71 79 81 82 87 88 89 90 91 92 93 94 96 100 168 145 148 152 158 159 166 169 170 172 173 155 162 78 157 191 141 182 80
67 67 178 16 175 136 35 10 1 115 112 143 86 77 182 191 118 52 165 146 46 124 155 162 132 27 133 128 113 174 122 97 126 130 41 73 137 104 99 21 74 153 85 111 109 31 129 49 2 134 58 95 55 107 120 106 117 142 127 19 22 59 63 66 71 135 64 45 177 50 0 4 12 14 24 42 57 69 75 76 139 61 161 183 154 138 28 48 5 6 7 11 26 29 32 47 53 70 108 62 56 180 44 140 13 17 23 30 36 39 65 68 72 51 60 20 123 15 25 37 150 149 131 38 151 3 98 116 163 54 125 144 43 40 18 34 181 156 33 176 80 8 179 145 160 167 157 9 196 194
73 73 143 86 136 122 27 1 2 117 95 35 10 133 74 120 128 124 107 155 162 97 129 19 99 104 55 67 16 48 130 156 142 61 33 140 135 85 109 132 52 60 137 191 20 58 34 150 9 112 146 0 4 12 14 24 42 57 69 75 76 118 138 139 126 180 149 134 181 5 6 7 11 26 29 32 47 53 70 50 62 56 51 13 17 23 30 36 39 65 68 72 153 28 21 15 25 37 41 44 98 38 77 3 46 54 31 64 111 40 22 59 63 66 71 79 81 82 87 88 89 90 91 92 93 94 96 100 45 43 78 18 168 145 8 175 106 174 183 148 152 158 159 166 169 170 172 127 114 121 160 167 147 157 171 178 154 110 119 163 164 49 177 151 179 115 123 165 131 144 125 141 108 116 161 176 113 182
74 74 85 118 136 122 112 124 58 1 2 117 133 97 104 10 95 120 73 154 35 41 135 27 99 107 130 19 155 162 137 21 55 60 146 52 150 20 128 5 6 26 32 47 53 64 56 175 28 138 13 17 23 30 36 39 62 65 68 72 51 9 61 143 67 98 132 129 15 25 37 38 140 142 31 54 8 3 109 48 16 149 191 49 86 153 111 40 161 33 123 116 174 196 34 139 181 0 4 12 14 24 42 57 69 75 76 176 183 7 11 29 70 50 126 80 187 182 131 44 180 134 77 178 106 156 46 144 78 151 113 125 171 121 177 168 115 160 167 22 59 63 66 71 79 81 82 87 88 89 90 91 92 93 94 96 100 108 45 43 110 145 165 18 119 163 147 127 157 114 148 152 158 159 166 169 170 172 179 164 141 194 101 184
77 77 178 8 52 1 117 165 146 113 115 182 67 171 46 173 149 112 135 60 109 49 31 160 167 111 50 43 163 16 151 58 144 28 48 116 41 44 33 161 153 134 108 20 184 190 175 177 142 129 35 137 122 2 34 126 124 150 132 73 80 22 59 63 66 71 45 118 180 10 139 18 104 120 125 27 95 74 128 157 0 4 12 14 24 42 57 69 75 76 21 154 147 131 70 183 61 130 9 5 6 7 11 26 29 32 47 53 164 55 156 64 138 62 56 51 168 148 152 158 159 166 169 170 172 155 162 23 30 68 121 136 110 114 127 86 13 17 36 39 65 72 107 123 119 15 25 37 38 98 54 140 3 106 97 40 99 133 85 19 143 179
80 80 58 52 34 28 5 6 26 32 47 53 41 65 72 62 56 23 30 68 13 17 36 39 8 20 15 25 37 51 38 190 35 184 9 3 61 160 167 54 104 77 40 163 21 165 31 74 161 151 60 1 180 116 144 175 177 113 108 146 19 149 2 153 142 27 43 126 135 16 33 118 178 129 136 106 109 124 112 127 49 134 122 95 107 10 117 120 111 137 55 132 78 67 139 128 85 133 138 46
85 85 154 97 74 133 19 10 104 95 122 120 107 136 2 124 86 118 112 130 143 140 134 128 55 35 21 138 27 70 117 84 111 146 13 23 30 68 145 126 15 150 132 119 174 58 137 3 139 98 142 52 129 67 9 40 99 183 179 54 1 125 61 161 109 149 135 18 191 73 41 180 33 153 106 8 64 31 175 49 116 127 121 141 16 155 162 44 165 79 81 82 87 88 89 90 91 92 93 94 96 100 177 123 156 56 108 131 144 176 181 0 4 12 14 24 42 57 69 75 76 178 38 113 151 48 5 6 7 11 26 29 32 47 53 77 28 163 43 168 78 17 36 39 62 65 72 60 171 20 182 25 37 51 187 110 115 46 173 196 160 167 50 157 80 147 34
86 86 73 19 128 35 10 95 107 143 117 122 130 85 138 124 126 67 104 123 84 136 27 21 139 145 133 112 132 70 134 99 68 120 174 125 13 23 30 52 97 15 111 18 135 2 3 118 1 179 55 121 183 142 137 31 40 74 119 129 54 140 44 58 154 141 61 131 144 9 109 108 49 33 41 156 153 43 16 34 64 155 162 150 175 8 161 180 165 163 168 177 98 116 171 148 152 158 159 166 169 170 172 28 114 151 60 160 167 46 50 110 147 164 178 51 56 20 157 62 181 176 113 115 48 17 36 65 72 25 37 38 149 191 11 77 5 6 26 32 47 53 106 7 78 39 127 146 45 0 4 12 14 24 42 57 69 75 76 182
95 95 145 179 97 130 183 143 125 138 86 126 18 85 142 136 133 129 104 134 122 112 27 124 107 52 10 120 73 109 35 111 2 137 117 135 31 74 140 154 128 55 21 113 99 131 49 43 149 9 116 153 146 118 139 83 132 98 33 180 45 19 67 123 155 162 150 171 64 161 60 177 16 165 181 41 144 108 119 175 174 189 197 106 191 173 156 176 1 44 46 127 121 34 196 160 167 58 187 182 8 141 163 77 178 20 157 151 48 51 184 13 23 30 68 15 70 168 147 110 3 54 40 194 61 115 62 17 36 65 72 5 6 26 32 47 53 38 164 190 7 25 37 39 56 28 80 11 29 79 81 82 87 88 89 90 91 92 93 94 96 100 114 50 78 192 0 4 12 14 24 42 57 69 75 76 148 152 158 159 166 169 170 172
97 97 85 136 95 124 2 117 133 74 104 99 155 162 143 129 120 154 122 138 73 98 145 27 130 10 86 67 19 179 107 142 128 125 112 183 134 126 16 18 123 55 181 174 41 52 33 176 153 116 146 48 187 118 135 182 35 60 20 137 109 21 132 111 49 79 81 82 87 88 89 90 91 92 93 94 96 100 58 9 1 0 4 12 14 24 42 57 69 75 76 61 156 31 5 6 7 11 26 29 32 47 53 70 51 106 62 56 148 152 158 159 166 169 170 172 140 78 13 17 23 30 36 39 65 68 72 38 114 121 160 167 168 50 180 15 25 37 64 127 175 110 147 119 157 163 164 44 3 171 28 46 54 151 40 178 77 131 149 115 165 144 139 150 34 108 161 177 113 8 43
98 98 104 124 2 117 97 128 55 153 136 139 99 123 95 10 138 74 116 16 85 146 118 174 41 181 176 33 143 135 31 187 48 120 27 133 21 182 35 60 137 20 112 58 134 9 111 106 73 86 107 79 81 82 87 88 89 90 91 92 93 94 96 100 49 52 132 122 168 157 129 155 162 0 4 12 14 24 42 57 69 75 76 108 119 125 130 70 151 1 144 126 114 121 160 167 5 6 7 11 26 29 32 47 53 140 51 148 152 158 159 166 169 170 172 65 72 62 56 156 161 23 30 68 28 142 110 147 163 109 154 78 13 17 36 39 44 165 38 50 171 18 131 64 149 15 25 37 164 77 127 115 61 150 3 54 40 46 43 113 180 67 175 34 178 183 177 8 19 145 179
99 99 140 133 136 128 132 124 2 117 120 35 122 97 107 21 118 123 134 155 162 104 74 138 27 95 10 139 129 86 163 73 141 154 135 98 67 111 31 143 137 46 177 52 55 85 43 176 126 109 16 181 174 41 33 142 49 153 116 146 48 187 112 182 60 20 9 58 106 1 79 81 82 87 88 89 90 91 92 93 94 96 100 180 175 127 19 156 0 4 12 14 24 42 57 69 75 76 61 5 6 7 11 26 29 32 47 53 70 51 62 56 145 148 152 158 159 166 169 170 172 183 78 13 17 23 30 36 39 65 68 72 38 64 130 114 121 160 167 168 50 178 15 25 37 110 147 119 157 164 3 171 28 54 151 40 44 179 77 125 115 165 144 150 34 173 191 149 108 161 131 113 8 18
104 104 98 139 85 118 55 128 136 153 106 95 10 134 49 31 120 124 58 107 52 133 135 27 117 129 21 97 122 138 74 108 125 143 132 99 116 137 86 9 142 126 154 111 175 123 41 130 161 146 112 157 180 35 67 131 179 177 73 33 183 16 109 149 18 174 151 20 144 168 155 162 119 165 150 127 46 114 64 145 19 43 194 110 8 2 140 113 147 80 115 1 173 34 181 189 197 176 163 178 156 28 121 60 187 77 160 167 61 182 44 171 5 6 26 32 47 53 164 62 56 141 13 17 23 30 36 39 65 68 72 190 48 191 15 25 37 51 38 184 3 50 54 40 70 148 152 158 159 166 169 170 172 7
