8 8 173 171 77 149 135 109 49 31 112 111 52 58 177 127 142 1 2 129 175 134 183 34 150 106 180 178 139 122 125 144 117 137 118 132 41 131 18 9 107 64 179 165 113 60 153 124 128 154 10 138 95 55 161 126 108 74 104 147 27 21 120 130 35 123 116 146 157 43 196 115 192 164 163 33 133 46 16 151 80 160 167 136 85 67 184 190 182 20 140 86 99 143 73 44 97 110 187 191 98 54 28 61 195 114 119 145 48 5 6 26 32 47 53 13 17 23 30 36 39 56 62 65 68 72 156 15 25 37 51 38 3 19 40
9 9 110 150 161 131 64 21 137 134 122 49 31 120 111 124 52 58 112 126 1 118 55 146 107 133 139 177 117 180 106 109 149 132 129 128 35 138 135 104 10 142 95 153 43 74 140 108 127 34 44 176 27 8 165 175 16 188 193 125 154 85 143 179 123 151 136 130 41 156 145 46 99 183 116 173 119 194 144 73 97 18 191 189 197 33 98 157 147 174 178 113 187 181 86 192 182 67 80 54 163 77 2 184 171 115 190 20 103 105 60 164 101 160 167 168 19 121 28 141 114 196
10 10 174 130 67 86 143 85 55 118 128 132 104 134 122 27 112 111 124 52 35 95 107 120 73 117 133 74 21 135 1 2 137 109 175 139 138 31 99 16 136 97 154 126 49 123 33 129 146 116 140 150 64 178 165 98 43 9 153 142 163 161 168 34 41 177 181 60 149 46 131 141 106 125 156 180 144 108 8 183 18 191 173 113 176 189 197 19 119 127 145 182 44 196 160 167 187 192 115 77 121 151 58 179 184 157 20 171 147 110 155 162 48 190 164 80 114 50 28 194 148 152 158 159 166 169 170 172 61
16 16 67 153 137 27 124 107 52 117 1 2 180 151 108 35 161 136 194 10 46 41 120 138 33 175 43 109 20 118 129 134 181 104 157 125 178 111 95 149 126 145 122 31 112 49 123 116 73 132 139 55 74 135 97 156 133 99 98 9 34 146 144 165 121 143 44 77 60 174 163 119 160 167 21 182 128 176 140 187 142 113 18 150 127 130 86 141 64 131 154 184 115 190 80 48 155 162 177 106 183 147 85 50 168 28 110 171 8 58 164 114 148 152 158 159 166 169 170 172 61 179 191
18 18 109 95 31 83 45 107 64 117 1 183 142 129 34 134 27 145 177 130 86 132 175 138 8 44 122 125 104 106 97 112 126 127 52 135 143 55 137 124 85 121 128 120 179 119 131 136 133 49 139 10 111 140 123 144 113 108 35 9 141 21 43 73 16 116 118 41 171 74 33 99 150 60 154 153 149 77 161 115 164 165 163 156 98 110 50 28 48 114 151 188 193 160 167 146 168 155 162 147 20 148 152 158 159 166 169 170 172 180 157 173 67 58 46 2 178 54 191
20 20 153 58 117 1 2 157 151 194 41 16 108 161 46 125 149 180 49 104 27 28 48 52 124 60 50 98 74 73 44 137 148 152 158 159 166 169 170 172 168 156 77 33 114 121 155 160 162 167 97 18 5 6 26 32 47 53 120 13 17 23 30 36 39 56 62 65 68 72 9 64 110 147 119 163 164 112 99 35 15 25 37 51 38 132 171 61 54 129 3 40 8 118 150 95 86 134 111 106 107 55 43 128 21 19 115 123 165 130 139 135 154 140 138 109 131 116 146 144 10 113 127 126 34 122 136 142 31 85 0 4 12 14 24 42 57 69 75 76 7 11 29 70 175 67 133 80
21 21 176 156 138 177 139 133 55 128 118 9 35 132 122 49 31 120 124 19 107 52 58 135 27 104 10 99 137 109 134 1 2 111 95 146 117 74 129 150 143 161 85 136 154 86 126 175 116 131 140 142 123 33 64 113 173 164 141 112 180 73 163 43 67 168 149 34 110 46 8 41 108 106 153 119 97 144 127 16 98 130 181 191 18 174 179 183 157 147 178 187 165 182 60 184 80 77 44 20 121 190 115 151 171 145 160 167 61 13 23 30 68 15 3 125 40 28 54 155 162 194 48
27 27 181 156 34 73 180 138 16 139 33 55 129 133 136 132 118 153 10 95 109 134 122 31 120 124 111 61 107 21 52 104 135 137 58 143 128 117 49 85 99 86 35 74 149 67 125 1 2 112 130 142 140 97 18 177 183 9 154 161 126 116 175 43 144 46 146 150 41 123 131 151 165 64 184 163 108 8 174 141 168 106 157 179 155 162 20 185 186 119 194 98 145 127 176 173 113 191 178 189 197 54 51 187 121 77 44 60 182 160 167 192 171 147 110 164 115 19 80 28 190 48 114 15
28 28 58 117 1 20 50 48 44 74 60 148 152 158 159 166 169 170 172 168 77 41 114 121 155 160 162 167 18 156 98 73 110 147 119 157 163 164 171 151 86 43 16 64 115 123 165 33 35 97 130 154 140 153 150 99 144 55 125 108 116 146 161 131 128 138 139 49 5 6 26 32 47 53 56 62 65 72 149 23 30 68 113 13 17 36 39 134 8 126 52 15 25 37 51 38 3 132 40 142 107 9 54 111 95 112 109 61 104 120 137 31 27 129 21 135 34 10 19 118 2
31 31 183 34 18 177 175 135 64 142 8 129 128 9 104 106 132 21 127 112 134 111 27 124 109 52 49 113 139 118 58 107 95 41 138 10 131 117 55 122 173 171 120 1 115 35 137 144 43 116 123 126 164 150 136 99 133 161 33 110 125 153 165 180 74 149 154 86 67 98 85 16 77 44 156 130 163 146 191 46 178 140 176 60 187 143 147 182 179 188 193 181 141 114 108 97 151 195 54 73 196 174 189 197 192 2 160 167 157 119 145 61 184 80 45 121 190 83 168 19 28 155 162 103 105 101 20 48 194
33 33 185 186 184 129 55 27 51 124 52 117 1 2 116 136 109 120 168 16 10 135 138 181 95 31 107 137 122 111 153 104 134 133 156 139 128 98 112 34 21 41 146 132 118 97 73 143 49 74 180 60 35 123 160 167 174 77 106 176 99 163 151 187 127 165 130 182 125 86 85 161 150 140 144 9 43 113 108 131 154 149 126 190 80 48 18 61 58 64 157 183 20 67 50 142 28 46 147 44 177 148 152 158 159 166 169 170 172 8 110 178 171 164 114 121 155 162 175 145 115 119 179
34 34 109 31 27 111 54 61 52 58 1 2 183 177 8 129 175 142 18 132 106 180 134 55 139 127 64 10 137 165 9 33 122 16 135 118 95 120 181 107 156 138 73 49 131 123 192 117 124 113 41 128 125 150 136 133 153 104 21 179 154 40 80 112 77 60 116 43 184 163 35 190 144 19 62 15 161 17 36 65 72 3 25 37 160 167 51 149 38 74 46 108 85 126 151 67 173 11 171 146 115 7 99 143 86 178 130 140 56 13 23 30 68 5 6 26 32 47 53 164 39 78 44 97 20 110 98 191 48 145 147 28
35 35 67 86 143 126 133 128 132 137 21 122 112 124 52 58 10 120 117 73 95 99 107 1 2 118 16 136 138 85 55 135 27 140 111 139 31 123 134 9 178 109 74 46 43 161 175 177 131 154 130 104 163 176 146 41 142 151 150 60 49 145 156 141 129 108 149 153 194 98 116 97 125 191 174 180 33 18 183 19 64 181 196 8 182 160 167 77 106 187 127 44 165 80 115 121 144 20 119 184 34 28 113 179 110 190 157 48 171 147 50 114 148 152 158 159 166 169 170 172 164 173 155 162 168 13 23 30 68 51 15
41 41 175 106 153 127 112 124 52 58 117 1 2 115 108 31 161 49 113 109 149 46 116 16 104 151 187 144 60 182 20 191 111 67 135 142 157 114 118 74 125 180 137 110 147 8 43 178 35 131 194 129 27 164 150 183 10 126 146 171 95 122 98 195 55 107 134 33 138 154 136 34 130 9 123 196 64 128 132 21 177 97 160 167 143 139 165 77 99 163 181 174 133 176 120 80 18 184 85 86 190 28 48 44 50 121 119 73 179 148 152 158 159 166 169 170 172 155 162 168 61 5 6 26 32 47 53 56 62 140 13 17 23 30 36 39 65 68 72 156 15 25 37 51 38 3 19 40 54 145 173
43 43 125 132 127 137 134 107 52 117 1 109 111 149 126 131 31 49 46 120 163 135 108 144 153 95 118 112 35 141 16 151 161 165 180 145 140 10 147 164 27 113 139 9 41 171 99 115 177 129 122 194 195 187 104 182 189 197 21 124 55 173 121 44 116 119 150 133 160 167 77 60 64 138 142 18 123 33 130 183 154 86 74 136 175 146 157 184 73 190 80 106 34 97 156 128 98 50 110 179 28 48 67 168 143 8 20 85 155 162 114 148 152 158 159 166 169 170 172 178
44 44 64 107 117 1 188 193 131 118 18 9 121 31 111 119 112 140 123 130 138 139 108 86 43 144 125 16 141 145 126 135 55 142 137 103 105 132 129 101 104 128 54 134 124 60 10 50 74 49 28 48 143 95 73 154 35 20 85 133 150 168 165 77 163 99 116 148 152 158 159 166 169 170 172 155 162 160 167 156 114 27 161 151 136 52 171 120 153 98 33 41 109 110 147 164 97 157 21 115 113 146 149 8 106 127 175 2 34 122 183 177 180 67
46 46 178 106 153 132 137 1 2 108 115 194 113 151 16 41 161 180 43 77 182 109 165 49 35 112 146 67 118 114 20 141 157 163 110 104 177 111 120 145 116 99 27 9 52 126 125 31 129 124 10 149 117 107 134 21 122 175 127 142 8 55 34 128 183 74 135 95 133 131 144 64 150 60 139 33 85 136 143 18 138 130 73 98 154 86 140 48 97 58 123 44
48 48 117 1 2 20 60 50 28 44 98 73 148 152 158 159 166 169 170 172 168 77 74 114 121 155 160 162 167 97 16 156 41 33 18 110 147 119 157 163 164 99 64 171 151 86 43 115 123 165 130 154 140 150 144 35 153 125 131 108 116 146 161 55 138 149 113 49 128 139 134 95 52 104 132 126 10 112 107 142 8 120 137 31 111 0 4 12 14 24 42 57 69 75 76 34 109 129 5 6 7 11 26 29 32 47 53 70 56 13 17 23 30 36 39 62 65 68 72 58 135 15 25 37 51 38 27 61 54 118 3 46 19 21 40 9
49 49 157 147 179 108 146 144 131 139 177 175 8 142 118 129 9 104 153 106 132 21 127 134 52 111 31 109 135 117 113 107 41 116 173 171 1 112 55 180 120 95 27 115 128 137 64 43 122 126 149 161 124 164 46 125 10 110 178 136 16 151 77 165 138 133 150 163 35 67 33 191 34 183 85 140 99 98 156 20 114 18 141 194 182 74 176 123 187 130 154 60 195 86 143 189 197 160 167 58 73 44 97 119 145 184 80 190 121 2 168 155 162 192 181 50 28 48 174
50 50 117 1 28 48 20 44 60 148 152 158 159 166 169 170 172 77 168 114 121 155 160 162 167 147 157 18 110 119 156 163 164 73 98 171 74 151 86 43 16 115 123 165 41 97 130 64 99 144 33 154 140 150 146 131 125 108 116 161 153 138 139 55 149 113 134 126 52 27 35 142 107 95 31 104 112 132 120 137 111 109 135 129 118 128 10 49
52 52 190 80 184 160 167 77 163 165 60 151 116 161 144 180 113 34 108 177 146 175 149 43 142 16 126 41 135 178 33 153 129 8 136 104 118 109 127 35 9 112 95 134 21 106 122 10 120 49 111 124 27 31 137 132 55 107 67 125 133 183 128 139 150 131 138 115 117 74 143 130 173 171 64 85 182 86 1 97 46 18 73 154 164 99 179 191 140 123 157 110 98 147 145 58 156 194 187 176 174 2 20 181 119 155 162 185 186 114 195 196 189 197 141 192 168 121 44 61
55 55 168 116 33 129 10 109 104 21 122 134 120 27 124 107 117 133 128 1 135 95 52 139 118 138 31 137 85 9 112 136 142 111 132 146 143 49 130 35 140 106 74 156 73 98 174 150 184 144 180 176 185 186 119 16 126 34 153 181 99 18 177 154 161 86 97 149 165 123 41 67 125 43 131 173 189 197 191 64 121 44 127 187 113 183 151 182 8 175 2 163 178 108 46 157 77 51 171 60 160 167 58 155 162 179 147 141 20 114 115 145 164 110 50 28 48 19 148 152 158 159 166 169 170 172 194 61
60 60 112 52 117 1 2 161 41 126 130 74 142 150 35 175 196 77 154 129 8 160 167 178 64 163 183 10 165 113 134 137 116 151 95 144 16 127 122 31 33 108 146 106 43 111 149 120 124 184 34 135 107 190 48 80 153 20 55 44 131 18 115 171 98 125 128 104 50 118 73 109 28 132 97 86 177 180 138 139 164 114 147 121 110 123 168 157 148 152 158 159 166 169 170 172 27 140 156 155 162 99 49 119 85 21 46 67 9 133 136 143 58 51 54 3 0 4 12 14 24 42 57 69 75 76 61 40 5 6 7 11 26 29 32 47 53 70 19 38 15 25 37 13 17 23 30 36 39 56 62 65 68 72
64 64 188 193 44 131 9 118 31 103 105 101 112 111 54 18 117 1 2 150 49 175 107 126 161 137 134 183 74 110 10 127 34 135 142 21 8 132 154 122 129 52 60 41 124 120 139 106 177 109 104 165 95 130 123 27 133 128 125 35 43 196 55 192 144 138 108 113 16 149 146 153 179 140 85 86 115 180 171 178 77 136 58 98 33 116 48 163 164 151 156 121 99 20 97 143 119 28 160 167 50 147 29 114 46 73 67 11 62 148 152 158 159 166 169 170 172 145 40 155 162 168 38 173 157 61 19 191
67 67 16 178 175 35 136 10 1 115 112 143 86 118 52 182 77 191 165 124 46 146 132 133 128 27 155 162 41 122 174 113 126 137 97 104 130 73 99 85 74 21 111 153 55 109 129 134 31 49 95 107 120 106 117 2 142 127 8 9 135 139 177 34 138 154 161 183 33 43 60 180 140 64 58 150 123 108 116 131 149 151 125 144 18 163 98 181
73 73 143 86 136 122 27 117 1 2 95 10 35 128 120 133 74 124 107 155 162 129 55 67 97 104 85 99 156 138 142 135 149 109 130 140 21 132 191 34 137 146 150 16 139 112 181 52 33 126 180 118 9 134 153 19 48 49 20 31 111 131 60 50 28 145 8 44 98 148 152 158 159 166 169 170 172 77 175 183 174 114 121 160 167 168 106 41 127 61 18 110 147 119 157 163 164 46 64 58 151 171 43 179 115 123 165 177 178 154 125 108 116 161 144 113
74 74 85 118 136 122 112 124 58 117 1 2 133 97 104 10 120 95 154 73 27 135 99 130 107 55 155 162 137 128 21 35 146 64 150 41 67 9 52 175 138 142 132 60 143 129 140 16 98 191 149 109 123 161 111 116 153 196 174 49 33 139 181 176 183 86 126 31 187 182 8 125 19 131 18 44 144 20 28 43 34 180 48 77 178 151 121 113 134 50 108 171 160 167 119 115 165 163 46 177 145 127 106 148 152 158 159 166 169 170 172 114 147 164 110 168 61 23 30 68 5 6 26 32 47 53 56 62 156 157 13 17 36 39 65 72 15 25 37 51 38 40 3 54 179 80
77 77 178 8 52 117 1 165 146 113 115 171 182 149 173 112 67 46 135 109 49 31 111 160 167 60 163 151 144 116 161 43 108 41 16 134 33 142 184 190 153 177 126 80 122 129 137 150 124 132 34 95 27 35 175 104 118 139 50 18 120 180 28 48 20 125 64 128 157 154 44 147 131 55 74 130 138 164 10 183 156 168 148 152 158 159 166 169 170 172 121 127 155 162 114 110 58 73 86 123 9 98 119 107 21 97 140 99 136 2 106 133 85
80 80 52 58 190 184 160 167 34 77 163 60 165 151 161 41 116 144 113 180 177 108 146 8 175 149 43 126 16 142 178 35 33 135 104 9 153 129 21 136 109 118 111 127 112 124 95 106 134 31 122 107 27 10 120 49 117 137 74 20
85 85 97 154 74 133 10 104 95 122 120 19 107 136 2 124 118 112 130 143 128 27 55 134 140 86 35 99 117 111 138 21 146 126 73 145 132 150 137 119 174 52 142 98 129 9 67 18 139 183 179 125 109 161 149 191 135 180 106 153 49 58 33 175 41 116 1 64 31 127 121 141 44 8 60 34 155 162 123 108 165 131 144 16 156 177 181 178 43 113 176 151 46 163 168 54 70 20 182 61 171 40 13 23 30 68 77 187 110 15 3 115
86 86 73 35 128 10 95 19 107 117 143 122 130 138 124 67 126 27 104 136 85 123 133 132 112 139 134 145 99 18 21 120 52 125 174 97 137 111 135 55 118 142 31 179 183 121 129 119 44 140 2 141 131 109 144 154 108 1 9 43 16 49 33 153 74 156 149 41 64 155 162 161 150 175 180 165 98 163 168 58 116 60 8 177 34 171 148 152 158 159 166 169 170 172 114 50 28 48 160 167 110 147 164 20 157 113 115 178 181 151 77 106 191 46 176 127 146 13 23 30 68 70 15 3
95 95 145 179 97 130 183 18 143 86 125 138 126 85 142 136 133 129 104 134 122 27 112 124 107 52 10 120 73 35 109 137 117 111 31 74 135 128 2 154 55 21 99 140 113 49 131 43 149 33 9 116 153 118 139 146 16 98 132 67 123 34 150 155 162 41 180 171 161 165 181 60 177 108 64 175 144 119 174 189 197 106 156 8 173 191 127 176 19 44 121 151 196 1 160 167 77 187 182 178 163 46 157 141 58 83 45 168 147 20 110 115 194 190 80 164 184 48 114
97 97 85 136 95 124 117 2 74 133 104 99 155 162 129 143 120 154 122 138 10 73 27 145 67 86 107 130 18 98 142 179 52 125 128 134 183 112 126 55 123 174 181 116 146 16 176 41 153 118 187 33 135 182 137 35 109 132 49 9 19 48 111 21 31 20 60 148 152 158 159 166 169 170 172 50 28 114 121 160 167 168 106 180 110 147 119 156 157 163 164 127 44 175 151 171 77 8 131 115 165 34 144 149 64 178 150 140 108 161 113 43 46 177 139
98 98 104 124 117 2 55 128 97 139 153 123 10 99 74 136 95 116 146 16 138 41 118 85 174 31 33 135 181 176 120 143 187 27 133 182 35 21 137 134 112 9 129 49 111 106 107 86 20 48 52 132 168 157 122 155 162 60 108 119 125 130 151 126 114 121 18 160 167 148 152 158 159 166 169 170 172 50 161 73 28 142 147 110 144 163 154 44 109 165 131 140 64 171 77 156 164 149 115 43 150 127 113 8 180 175 34 58 46 177 178 183 67
99 99 140 133 136 128 132 124 117 2 35 120 122 138 107 97 21 118 123 134 27 155 162 74 10 104 85 95 139 129 163 141 73 67 154 135 31 86 111 43 143 137 46 52 98 177 55 109 126 176 181 174 49 116 146 16 41 142 187 33 153 182 9 131 112 106 180 127 175 48 149 34 20 8 60 148 152 158 159 166 169 170 172 50 28 114 121 160 167 168 145 183 110 147 119 156 157 164 44 178 151 171 77 115 165 144 130 18 179 64 1 108 150 161 173 113 125
104 104 98 139 85 118 55 128 136 153 106 10 95 134 49 31 120 124 107 52 58 133 27 135 117 21 129 74 97 122 108 132 138 99 143 86 116 137 125 126 111 142 154 175 9 41 180 130 146 123 112 161 35 18 157 33 16 67 177 73 179 183 131 64 109 46 149 174 151 144 127 8 34 168 165 119 155 162 43 150 20 114 145 140 110 194 113 147 115 173 181 176 2 189 197 163 178 156 60 121 1 160 167 187 77 44 182 171 80 19 164 141 190 184 191 28 148 152 158 159 166 169 170 172 50 48
