8 8 173 171 77 58 149 135 109 31 49 112 111 1 2 52 34 5 6 26 32 47 53 41 56 20 74 13 17 23 30 36 39 62 65 68 72 35 51 61 54 21 15 25 37 27 38 9 3 28 19 40 60 127 80 104 10 0 4 12 14 24 42 57 69 75 76 48 134 16 142 64 7 11 29 70 129 46 73 177 33 117 175 106 122 124 18 78 183 132 55 95 43 45 139 85 67 22 59 63 66 71 118 79 81 82 87 88 89 90 91 92 93 94 96 100 50 150 97 128 153 44 98 107 180 99 137 144 178 125 131 126 179 108 161 154 146
9 9 110 150 161 58 131 137 134 122 31 21 49 120 111 124 64 1 52 35 8 54 27 74 28 104 34 41 5 6 26 32 47 53 56 20 19 13 17 23 30 36 39 62 65 68 72 112 51 61 15 25 37 38 55 80 3 18 2 107 117 40 10 43 132 126 128 16 129 118 135 133 146 106 109 44 177 77 139 142 153 103 105 127 33 73 46 101 45 60 180 22 59 63 66 71 67 50 175 149 95 0 4 12 14 24 42 57 69 75 76 138 48 85 108 7 11 29 70 136 165 125 143 140 154 183 123 144 151 176 179 116
10 10 174 130 143 67 86 55 118 128 85 132 134 104 122 112 111 124 27 1 2 52 117 35 95 107 73 74 19 16 120 21 31 33 60 58 41 61 46 48 8 64 34 0 4 12 14 24 42 57 69 75 76 49 99 137 20 133 135 43 5 6 7 11 26 29 32 47 53 70 56 97 9 109 51 98 13 17 23 30 36 39 62 65 68 72 139 54 15 25 37 38 136 175 3 129 77 40 138 50 142 44 126 153 123 28 22 59 63 66 71 79 81 82 87 88 89 90 91 92 93 94 96 100 45 154 78 106 150 116 146 165 177 178 140 18 125 131 127 180 163 149 183 161
16 16 67 153 137 124 27 1 2 107 52 117 35 46 41 10 33 60 20 73 48 61 0 4 12 14 24 42 57 69 75 76 74 58 5 6 7 11 26 29 32 47 53 70 34 62 56 21 43 51 13 17 23 30 36 39 65 68 72 8 55 15 25 37 38 64 3 19 54 98 97 44 77 95 9 31 99 40 136 49 108 104 50 85 180 129 118 28 120 22 59 63 66 71 79 81 82 87 88 89 90 91 92 93 94 96 100 45 112 18 111 161 151 78 132 122 134 138 126 109 135 133 125 128 149 194 175 139 123 116 146 143 178 86 144 145 142 106 157 181
18 18 83 45 64 109 31 95 1 107 117 103 105 101 54 44 9 112 131 55 2 118 52 27 43 111 50 142 129 8 58 188 193 16 77 34 28 48 60 22 59 63 66 71 134 73 61 20 67 21 0 4 12 14 24 42 57 69 75 76 132 19 183 74 33 41 5 6 7 11 26 29 32 47 53 70 46 49 56 35 51 10 13 17 23 30 36 39 62 65 68 72 104 106 122 15 25 37 38 127 137 126 130 3 124 125 175 135 138 128 177 86 40 85
20 20 58 153 1 2 117 5 6 26 32 47 53 41 62 56 13 17 23 30 36 39 65 68 72 74 51 61 15 25 37 38 35 8 34 28 3 19 54 27 40 21 16 9 46 48 31 60 0 4 12 14 24 42 57 69 75 76 73 104 80 7 11 29 70 33 10 64 78 77 50 44 98 97 49 85 99 22 59 63 66 71 79 81 82 87 88 89 90 91 92 93 94 96 100 67 55 43 45 52 95 18 124 157 161 149 151 108 125
21 21 19 176 156 58 138 177 139 133 128 118 55 9 132 35 122 31 120 49 124 1 2 107 52 13 23 30 68 15 3 40 70 54 27 61 85 86 104 74 84 8 5 6 26 32 47 53 41 20 17 36 39 56 62 65 72 38 34 51 10 25 37 28 135 16 117 33 111 99 134 64 46 80 60 137 73 0 4 12 14 24 42 57 69 75 76 95 48 7 11 29 109 43 129 136 112 146 67 97 98 77 143 44 142 18 175 126 45 22 59 63 66 71 79 81 82 87 88 89 90 91 92 93 94 96 100 50 150 140 106 153 123 131 161 116 154 127 78 108 144 130 180
27 27 61 181 156 180 138 58 34 139 73 129 16 55 133 136 132 118 153 33 109 95 10 134 122 31 120 124 111 1 2 107 52 117 51 17 36 65 72 54 15 25 37 21 40 3 7 104 74 35 19 41 20 8 9 78 38 5 6 26 32 47 53 137 13 23 30 39 56 62 68 135 28 128 49 85 46 112 99 64 60 48 97 43 80 0 4 12 14 24 42 57 69 75 76 67 142 143 11 29 70 18 86 125 126 177 149 175 98 140 44 130 77 106 146 183 50 154 161 127 131 45 150 144 22 59 63 66 71 79 81 82 87 88 89 90 91 92 93 94 96 100 108 116 123 165 151 163
28 28 58 1 117 20 5 6 26 32 47 53 62 56 74 13 17 23 30 36 39 65 68 72 41 51 15 25 37 38 35 61 9 8 31 34 3 19 54 80 21 40 27 104 2 50 77 44 48 60 22 59 63 66 71 43 45 73 67 55 0 4 12 14 24 42 57 69 75 76 16 33 7 11 29 70 49 64 46 18 10 52 78
31 31 183 177 58 175 135 142 129 128 104 9 106 132 8 34 18 127 112 134 111 21 64 124 27 1 52 117 109 49 41 54 35 61 107 28 74 10 20 95 5 6 26 32 47 53 118 55 45 120 139 2 13 17 23 30 36 39 56 62 65 68 72 51 19 113 15 25 37 43 38 122 137 80 40 3 33 131 138 77 16 60 46 83 136 67 44 116 153 103 105 73 171 101 115 50 144 133 99 126 150 123 48 173 22 59 63 66 71 161 149 165 0 4 12 14 24 42 57 69 75 76 98 164 125 7 11 29 70 110 85 86 180 108 154 146 163 156 78 178 97 130
33 33 51 185 186 184 129 55 124 27 1 2 52 117 61 58 16 10 60 73 48 41 0 4 12 14 24 42 57 69 75 76 74 35 20 5 6 7 11 26 29 32 47 53 70 34 46 21 56 13 17 23 30 36 39 62 65 68 72 8 54 95 15 25 37 38 31 3 98 97 19 64 77 99 40 49 43 50 44 120 109 104 28 9 67 22 59 63 66 71 79 81 82 87 88 89 90 91 92 93 94 96 100 45 136 78 107 85 116 135 111 112 18 134 153 122 137 118 138 146 133 132 128
34 34 54 61 58 109 27 31 111 1 2 52 40 62 19 38 17 36 65 72 11 51 15 25 37 3 7 78 64 56 8 5 6 26 32 47 53 20 13 23 30 39 68 41 74 35 21 9 28 16 80 60 73 10 0 4 12 14 24 42 57 69 75 76 33 48 104 29 70 46 55 85 129 77 18 132 134 95 43 175 177 45 67 22 59 63 66 71 79 81 82 87 88 89 90 91 92 93 94 96 100 50 106 97 124 44 98 142 49 99 117 127 183 122 112 180 107 118 137 128 139 153 136 86 120 135
35 35 143 58 67 126 86 133 128 132 137 122 21 112 124 1 2 52 117 74 19 41 10 20 5 6 26 32 47 53 56 27 8 31 13 17 23 30 36 39 62 65 68 72 9 51 61 54 15 25 37 34 38 73 16 28 3 95 120 107 60 40 46 104 99 48 33 80 0 4 12 14 24 42 57 69 75 76 43 7 11 29 70 118 85 55 64 134 49 97 98 111 77 136 109 138 135 78 50 129 44 22 59 63 66 71 79 81 82 87 88 89 90 91 92 93 94 96 100 45 175 161 142 139 146 140 130 154 177 18 178 153 123 150 108 163 131 106 151 149 180 116 127
41 41 58 175 106 153 127 112 124 1 2 52 117 20 74 35 5 6 26 32 47 53 62 56 31 8 13 17 23 30 36 39 65 68 72 51 61 34 15 25 37 38 28 27 3 21 19 54 16 104 60 40 9 46 10 48 33 49 80 0 4 12 14 24 42 57 69 75 76 73 7 11 29 70 64 43 67 95 98 77 97 111 99 109 55 78 50 115 44 85 107 22 59 63 66 71 79 81 82 87 88 89 90 91 92 93 94 96 100 45 108 161 149 113 116 118 135 18 129 137 134 142 122 144 151 126 120 136 128 180 146 131 178 187 125 182 110 138 171 157 150
43 43 125 132 127 137 134 1 107 52 117 49 16 111 31 46 35 55 109 10 44 9 77 41 27 60 50 112 120 118 126 21 28 48 135 33 22 59 63 66 71 45 18 131 73 67 149 20 0 4 12 14 24 42 57 69 75 76 74 144 108 34 8 58 5 6 7 11 26 29 32 47 53 70 62 56 129 51 64 13 17 23 30 36 39 65 68 72 61 104 95 122 15 25 37 38 153 139 2 161 163 19 3 124 151 54 165 140 113 40 177 180 141 133 145 142 106 99 147 171 128 136 164 86 138 115
44 44 64 1 107 117 18 54 43 50 55 77 16 103 105 45 101 28 48 60 22 59 63 66 71 73 20 67 31 0 4 12 14 24 42 57 69 75 76 9 62 74 41 33 5 6 7 11 26 29 32 47 53 70 46 56 58 49 35 51 13 17 23 30 36 39 65 68 72 2 10 61 27 52 21 15 25 37 38 8 34 19 3 40 131 118 112 111 86 132
46 46 178 106 153 132 137 1 2 16 41 20 0 4 12 14 24 42 57 69 75 76 48 35 60 5 6 7 11 26 29 32 47 53 70 73 62 56 13 17 23 30 36 39 65 68 72 51 10 61 74 58 33 15 25 37 27 38 8 21 34 43 3 49 19 54 67 77 64 40 99 52 31 22 59 63 66 71 79 81 82 87 88 89 90 91 92 93 94 96 100 50 45 78 44 98 97 108 9 85 28 55 112 109 95 111 18 104 115 117 118 113 124 107 194 151 161 180 120
48 48 1 2 117 60 0 4 12 14 24 42 57 69 75 76 73 20 16 5 6 7 11 26 29 32 47 53 70 46 62 56 74 41 33 13 17 23 30 36 39 65 68 72 51 61 35 58 15 25 37 38 10 8 34 3 64 19 54 40 21 27 50 77 44 98 97 28 99 22 59 63 66 71 79 81 82 87 88 89 90 91 92 93 94 96 100 43 45 67 78 55 85 18 95 49 31 9 52
49 49 157 147 179 108 144 146 131 139 177 175 142 118 129 153 106 132 127 104 9 8 134 21 1 52 117 31 111 107 109 135 112 41 43 27 58 120 55 10 137 46 113 77 95 116 124 16 122 35 64 67 33 149 20 60 128 19 126 50 115 74 171 44 161 180 2 28 48 22 59 63 66 71 45 173 54 73 133 61 0 4 12 14 24 42 57 69 75 76 125 136 34 164 5 6 7 11 26 29 32 47 53 70 18 56 51 110 13 17 23 30 36 39 62 65 68 72 151 15 25 37 38 178 165 163 3 138 150 40
50 50 1 117 77 44 28 48 60 22 59 63 66 71 43 45 73 20 67 55 0 4 12 14 24 42 57 69 75 76 16 70 74 41 33 5 6 7 11 26 29 32 47 53 46 18 62 56 23 30 68 49 35 51 13 17 36 39 65 72 10 31 58 64 61 15 25 37 38 9 8 34 3 54 2 52 27 21 40 19
52 52 190 184 160 167 165 163 116 161 151 144 77 113 180 177 80 175 108 146 142 149 135 126 43 60 178 129 153 136 118 16 109 127 104 112 134 106 41 33 122 95 9 8 120 34 35 49 111 10 124 21 31 27 107 1 117 137 55 132 58 67 128 133 74 2 139 125 51 131 138 150 183 18 46 73 85 64 61 143 54 130 115 44 17 36 65 72 62 15 86 13 23 30 68 20 97 40 25 37 38 3 171 39 56 50 154 19 173 99 28 48 140 182 22 59 63 66 71 123 98 0 4 12 14 24 42 45 57 69 75 76 164 179 5 6 7 11 26 29 32 47 53 70 157 110
55 55 168 116 129 33 109 10 122 134 104 120 124 21 27 1 107 117 52 31 51 9 137 128 49 133 58 112 16 132 135 136 43 95 111 73 139 35 2 138 44 118 74 142 61 18 67 85 50 19 106 143 77 34 41 28 48 146 45 60 22 59 63 66 71 140 20 130 126 8 0 4 12 14 24 42 57 69 75 76 153 5 6 7 11 26 29 32 47 53 70 46 62 56 64 13 17 23 30 36 39 65 68 72 144 86 150 131 15 25 37 38 125 123 119 3 54 156 98 177 180 127 40 99 174 161 97 154 149 176 165 181 108
60 60 112 1 2 52 117 41 48 16 0 4 12 14 24 42 57 69 75 76 74 35 73 10 20 8 33 5 6 7 11 26 29 32 47 53 70 46 62 56 51 13 17 23 30 36 39 65 68 72 61 34 64 58 15 25 37 38 3 19 21 54 27 77 40 43 50 95 31 44 98 97 28 99 22 59 63 66 71 79 81 82 87 88 89 90 91 92 93 94 96 100 67 45 55 78 49 85 9 18 129 126 161 142 134 124 122 175 104 107 178 130 106 118 137 153
64 64 103 105 101 18 54 188 193 44 131 118 9 31 112 111 1 2 117 29 45 83 11 62 34 40 38 61 58 19 60 74 10 8 48 21 95 0 4 12 14 24 42 57 69 75 76 41 107 73 27 20 16 5 6 7 26 32 47 53 70 46 35 33 13 17 23 30 36 39 56 65 68 72 51 49 52 15 25 37 3 134 109 50 77 137 175 98 97 28 132 85 99 127 43 22 59 63 66 71 79 81 82 87 88 89 90 91 92 93 94 96 100 104 129 124 150 67 142 55 126 183 106 135 78 161 122 128 154
67 67 178 175 16 136 35 10 1 52 77 46 73 2 27 58 55 41 22 59 63 66 71 74 50 45 44 112 49 0 4 12 14 24 42 57 69 75 76 31 28 48 60 43 124 5 6 7 11 26 29 32 47 53 70 61 62 56 20 13 17 23 30 36 39 65 68 72 51 21 19 33 15 25 37 38 18 9 8 34 115 3 64 54 118 40 143 133 132 122 86 137 117 107 111 128 104
73 73 143 86 136 122 27 1 2 117 10 35 74 19 48 61 16 60 95 0 4 12 14 24 42 57 69 75 76 20 33 58 5 6 7 11 26 29 32 47 53 70 46 62 56 41 51 13 17 23 30 36 39 65 68 72 34 15 25 37 38 8 97 21 3 64 55 54 67 99 40 85 50 52 77 44 98 107 28 120 22 59 63 66 71 79 81 82 87 88 89 90 91 92 93 94 96 100 43 45 78 31 9 124 133 18 49 128 129 104 109 112 130 132 137 155 162 118 134 142 138 135 146 140 153
74 74 58 118 85 136 122 112 124 1 2 117 41 35 20 5 6 26 32 47 53 62 56 19 13 17 23 30 36 39 65 68 72 51 8 61 27 21 15 25 37 38 34 28 3 10 104 54 73 9 31 40 60 48 16 97 0 4 12 14 24 42 57 69 75 76 64 33 95 7 11 29 70 80 46 52 99 133 55 67 98 107 120 78 50 77 49 44 137 22 59 63 66 71 79 81 82 87 88 89 90 91 92 93 94 96 100 43 45 135 129 18 128 130 154 142 132 150 175 146 134 109 111 153 86 138 126 161 140
77 77 178 8 1 52 117 67 60 43 46 50 49 44 31 16 28 48 58 22 59 63 66 71 41 33 45 73 20 55 35 0 4 12 14 24 42 57 69 75 76 10 74 9 5 6 7 11 26 29 32 47 53 70 34 18 2 62 56 51 61 13 17 23 30 36 39 65 68 72 64 112 27 15 25 37 21 38 19 165 146 3 113 54 40 149 109 135 115 111 171
80 80 58 52 28 5 6 26 32 47 53 65 72 62 56 41 23 30 68 20 104 9 8 13 17 36 39 34 35 74 31 15 25 37 51 38 21 3 61 54 40 27 1 19 2
85 85 19 154 97 133 74 95 10 104 122 120 2 107 86 70 13 23 30 68 84 21 15 3 40 54 61 58 136 124 1 27 118 112 55 128 98 134 99 117 35 143 130 73 79 81 82 87 88 89 90 91 92 93 94 96 100 52 56 16 62 0 4 12 14 24 42 57 69 75 76 48 138 38 140 60 5 6 7 11 26 29 32 47 53 46 126 20 129 9 78 17 36 39 65 72 51 132 142 33 41 25 37 111 8 34 64 31 139 137 135 146 145 18 125 150 119
86 86 19 73 128 35 10 95 107 117 84 85 70 68 13 23 30 21 15 3 40 54 61 2 143 58 122 1 27 104 138 130 124 126 112 133 132 136 134 52 139 123 55 111 125 129 142 118 67 31 97 99 135 120 137 18 16 145 74 34 43 44
95 95 145 179 130 97 183 143 138 125 126 142 86 136 133 129 85 134 18 104 122 112 124 27 2 52 117 107 10 120 35 73 111 109 19 31 74 137 99 135 128 55 98 33 64 49 21 16 60 41 83 1 58 153 45 118 154 140 61 54 9 48 113 8 79 81 82 87 88 89 90 91 92 93 94 96 100 43 139 149 34 116 20 131 0 4 12 14 24 42 57 69 75 76 146 5 6 7 11 26 29 32 47 53 70 46 51 56 78 13 17 23 30 36 39 62 65 68 72 38 150 132 15 25 37 165 3 40 106 127 175 161
97 97 136 85 95 124 2 117 74 99 98 19 73 10 27 16 133 48 33 41 104 79 81 82 87 88 89 90 91 92 93 94 96 100 60 35 20 0 4 12 14 24 42 57 69 75 76 5 6 7 11 26 29 32 47 53 70 46 62 56 61 51 78 13 17 23 30 36 39 65 68 72 58 38 120 21 15 25 37 8 129 1 34 138 64 3 54 40 107 143 52 122 112 86 155 162 154 130 55 126 128 125
98 98 104 124 2 117 97 99 95 10 16 74 48 41 33 85 79 81 82 87 88 89 90 91 92 93 94 96 100 60 58 73 35 20 0 4 12 14 24 42 57 69 75 76 5 6 7 11 26 29 32 47 53 70 46 62 56 61 51 78 13 17 23 30 36 39 65 68 72 27 38 19 21 15 25 37 8 1 34 64 3 54 40 128 153 55 136 31 120 52 107 118 138 139 123
99 99 140 133 136 128 132 124 2 117 35 97 95 10 21 74 98 27 107 73 120 16 46 85 33 48 41 79 81 82 87 88 89 90 91 92 93 94 96 100 60 20 122 0 4 12 14 24 42 57 69 75 76 5 6 7 11 26 29 32 47 53 70 104 62 56 118 58 51 78 13 17 23 30 36 39 65 68 72 61 38 138 19 134 15 25 37 111 123 1 31 8 34 64 3 54 40 135 137 86 52 139 129 154 55 155 162 43 163 109 112
104 104 98 139 58 118 128 136 153 55 106 85 134 95 120 31 10 49 124 107 52 117 27 21 74 9 41 135 133 129 111 80 122 35 20 8 28 112 1 2 138 132 34 108 5 6 26 32 47 53 23 30 68 65 72 62 56 19 126 137 13 17 36 39 143 109 86 125 116 142 97 15 25 37 51 38 61 3 54 16 146 40 175 161 99 123 43 131 130 33 180 144 154 18 177 64 127 157 73 140 67 149 151 46 113 165 119 183 179 60 150 174 145 110
