8 8 173 171 77 149 135 109 58 31 49 112 111 52 1 2 127 34 142 134 129 177 175 117 9 27 106 21 41 35 122 64 74 183 10 60 132 124 5 6 26 32 47 53 62 56 13 17 23 30 36 39 65 68 72 61 20 15 25 37 51 104 38 3 54 19 150 40 139 107 128 118 18 144 180
9 9 110 150 161 131 64 137 21 134 58 122 31 49 120 111 124 52 1 112 27 117 35 107 104 8 55 132 128 126 129 118 10 34 133 146 177 106 135 139 142 127 74 109 43 41 16 153 180 54 18 95 175 138 149 19 108
10 10 174 130 143 67 86 85 55 118 128 132 104 134 122 27 112 111 124 52 1 2 117 107 35 95 120 31 21 74 73 137 135 16 133 109 33 139 9 49 129 136 175 41 64 99 43 19 60 142 34 8 138 154 97 153 123 126 98 106 150 116 146 58 165 46
16 16 67 153 137 27 124 107 52 1 2 117 35 10 41 33 108 136 46 129 43 120 55 118 180 20 111 104 151 161 134 21 73 34 60 9 112 74 132 95 31 138 126 122 49 135 109
18 18 83 45 64 109 31 95 107 1 117 142 129 44 27 112 134 52 183 55 9 132 111 131 34 104 8 54 118
20 20 153 58 1 2 117 41 74 27 5 6 26 32 47 53 56 62 65 72 23 30 68 13 17 36 39 16 35 15 25 37 51 38 3 40 54 61 34 28 8 46 19 21 48 60
21 21 19 176 156 138 177 139 133 128 55 118 9 132 35 58 122 120 31 49 124 107 52 1 2 27 104 135 10 111 117 134 137 85 74 13 23 30 68 95 15 8 3 99 109 40 34 129 54 86 61 41 112 33 146 136 64 16 70 142 143 43 175 56 62 65 72 126 5 6 26 32 47 53 38 17 36 39 20 106 25 37 51 73 150 140 127
27 27 61 181 156 34 180 73 138 139 16 129 55 33 133 136 132 118 153 10 95 109 134 122 58 31 120 124 111 107 52 1 2 117 21 104 137 135 128 9 49 35 112 74 51 85 54 142 8 41 143 99 17 36 65 72 125 15 25 37 3 126 43 40 20 18 64 86 177 97 149 140 130 175 67 19 46 146 7 183 106 154 127 150 161 38 131 62 116 144 56
28 28 58 1 117 20 74 41 35 5 6 26 32 47 53 13 17 23 30 36 39 56 62 65 68 72
31 31 183 177 175 135 34 18 142 129 8 128 104 9 132 106 64 127 21 112 134 58 111 27 124 52 1 117 109 49 107 95 10 118 120 41 139 35 122 55 113 137 131 138 43 54 33 136 116 74 2 61 133 16 171 153 115 150 126 144 123 99 161 77 173 60 165 149 46
33 33 51 185 186 184 129 55 27 124 52 1 2 117 10 16 61 120 31 95 41 109 21 35 107 34 136 73 58 60 74 116 111 104 135 134 112
34 34 54 61 109 58 31 27 111 52 1 2 40 8 19 62 15 3 17 36 65 72 25 37 51 38 64 11 9 21 7 129 41 10 56 13 23 30 68 134 5 6 26 32 47 53 35 177 33 39 175 20 132 16 78 142 106 74 127 183 18 55 73 124 104
35 35 143 67 86 126 133 128 132 137 21 58 122 112 124 52 1 2 117 10 120 107 95 31 27 74 9 16 41 73 19 99 118 134 8 104 111 43 60 136 55 20 135 109 46 33 138 34 129 49 5 6 26 32 47 53 62 56 85 61 13 17 23 30 36 39 65 68 72 161 15 25 37 51 38 142 3 64 146 54 40 28 175 139
41 41 175 106 153 127 58 112 124 52 1 2 117 31 35 74 49 20 16 27 104 8 60 10 111 21 46 109 115 33 34 107 9 5 6 26 32 47 53 62 56 13 17 23 30 36 39 65 68 72 108 61 15 25 37 51 38 161 3 149 95 113 19 54 40 116 43 64 28 135
43 43 125 132 127 137 134 107 52 1 117 111 109 49 31 126 120 112 27 16 118 35 10 135 9 131 149 129 55 108 144 41 46 21 95 104
44 44 64 107 1 117 18
46 46 178 106 153 132 137 1 2 41 16 35 49 108 20 27 43 52 109
48 48 1 2 117 60 20 73
49 49 157 147 179 144 108 146 131 139 177 175 142 8 118 129 153 106 104 132 9 127 21 134 52 1 117 31 111 107 109 135 112 27 120 137 41 113 10 95 55 43 122 116 124 64 149 46 58 128 35 171 115 126 16 161 180 77 173 33 133
50 50 1 117
52 52 190 184 160 167 165 80 77 163 116 161 144 151 180 113 60 177 175 108 146 142 149 135 126 43 16 129 178 34 153 41 136 33 104 118 8 109 127 112 134 9 35 95 106 122 21 10 120 49 111 124 31 27 107 1 117 137 55 132 128 133 58 139 125 67 131 138 2 150 74 183 85 143 64 130 18 115 46 73 86
55 55 168 116 33 129 10 109 104 122 134 120 21 27 124 107 1 117 52 128 137 31 133 95 132 112 135 136 9 111 139 138 49 118 85 142 35 16 143 130 126 146 106 43 140 74 73 18 58 153 34 2
60 60 112 52 1 2 117 41 35 10 74 8 16 33 64 48 20 31 34
64 64 103 105 101 18 54 188 193 44 131 9 118 31 112 111 1 2 117 34 107 29 134 10 11 74 62 8 58 21 49 27 52 40 38 137 175 45 60 150 61 127 19 132 41 95 129 35 142 124
67 67 178 16 175 136 35 10 1 52 112 27 124
73 73 143 86 136 122 27 1 2 117 10 95 35 74 107 120 16 33 55 19 52 133 97 128 34 48 124 21 99
74 74 85 118 136 58 122 112 124 1 2 117 10 27 35 104 41 95 21 133 97 19 73 107 52 20 120 64 8 9 31 137 5 6 26 32 47 53 56 62 60 13 17 23 30 36 39 65 68 72 99 16 61 15 25 37 51 38 3 55 33 135 40 54 34 28 154 129
77 77 178 8 52 1 117 112 49 31 165
80 80 58 52
85 85 19 154 97 74 133 10 104 95 122 120 107 2 136 124 21 27 112 86 118 134 55 117 128 143 130 58 52 35 70 13 23 30 68 138 15 140 3 126 1 54 40
86 86 19 73 128 35 10 95 107 117 143 122 85 21 104 130 27 124 112 138 126 2 132 52 133 134 136 1 111
95 95 97 145 179 130 183 143 138 125 86 126 18 142 85 136 133 129 104 134 122 112 27 124 52 2 117 107 120 10 35 31 111 109 137 73 55 74 128 135 49 21 33 153 99 118 154 140 16 139 41 9 43 113 98 19 64 149 116 146
97 97 85 136 95 124 2 117 74 104 133 99 27 10 120 73
98 98 104 124 2 117 10 95
99 99 140 133 136 128 132 124 2 117 35 107 120 27 21 10 95 97 74 104 122 111 31 118 138 73 123
104 104 98 139 85 118 128 55 136 153 106 95 10 134 58 49 31 120 124 107 52 117 27 21 135 133 129 111 122 112 9 74 132 138 41 108 126 97 137 143 142 125 86 109 116 35 16 146 175 99 1 130 8 161 123 2 131 33 43 34 18 127 144 20 180
