8 8 173 77 171 149 135 109 177 31 49 112 142 196 111 164 192 178 150 127 195 34 183 113 180 125 179 147 134 182 189 197 115 165 175 52 144 80 190 18 187 139 60 129 157 191 41 117 138 28 148 48 50 152 158 159 166 169 170 172 46 114 130 122 106 154 131 116 121 67 168 140 44 20 123 137 110 119 95 184 145 118 74 107 64 188 193 55 194 155 162 85 120 86 10 161 108 153 141 43 156 143 160 167 35 98 27 163 133 132 126 174 9 128 146 181 97 124 73 151 99 136 176 104 21 33 185 186 16
9 9 110 150 161 131 64 188 193 21 44 137 134 189 197 176 122 31 49 120 111 192 124 126 194 112 196 156 106 149 145 191 180 173 146 119 179 74 140 114 174 138 187 181 139 55 98 46 151 109 118 130 52 168 133 80 190 108 125 165 123 177 99 97 34 117 157 95 28 148 48 50 152 158 159 166 169 170 172 43 35 121 143 107 73 164 20 178 86 85 141 132 104 154 41 182 153 116 135 128 16 115 155 162 171 184 10 67 129 147 142 127 27 113 195 183 8 175 163 144 136 160 167 33 185 186 18 77 60
10 10 174 130 67 86 143 85 55 118 128 73 132 104 35 74 134 168 189 197 141 122 97 16 27 95 133 99 181 112 191 196 138 120 98 111 124 192 154 176 21 163 107 175 145 123 140 135 43 18 139 178 46 126 109 116 33 60 185 186 31 165 182 173 121 146 136 187 137 44 150 52 80 190 41 34 156 49 115 108 155 162 64 188 193 160 167 149 161 194 144 119 157 117 129 28 148 48 50 152 158 159 166 169 170 172 113 131 147 20 180 153 125 9 183 177 110 164 114 142 179 171 184 127 106 195 8 151 77
16 16 67 153 194 137 27 20 151 181 124 157 46 180 174 107 108 161 35 145 175 178 52 80 190 10 136 156 182 121 187 98 176 184 160 167 41 155 162 141 73 97 191 125 165 77 138 149 163 123 33 74 117 185 186 43 28 148 48 50 152 158 159 166 169 170 172 99 115 119 44 109 116 34 120 95 60 49 126 139 168 150 31 179 183 134 118 147 129 189 197 104 146 122 112 196 154 111 113 192 144 132 143 114 164 110 55 133 135 18 140 64 188 193 9 171 130 86 173 127 195 131 128 177 21 142 85 106 8
18 18 109 95 31 183 145 107 34 121 179 141 97 142 130 117 28 148 48 50 152 158 159 166 169 170 172 177 119 44 86 129 138 175 171 113 125 164 114 168 8 173 155 162 160 167 143 140 163 98 73 134 64 116 110 189 197 60 188 193 126 132 85 191 135 156 99 104 49 106 139 115 111 77 55 192 123 10 154 165 41 35 20 137 74 27 151 147 174 150 108 144 136 52 133 194 80 190 181 178 127 112 153 195 196 124 184 187 180 128 33 149 131 161 185 186 122 9 67 146 176 16 43 157 46 182 21 118 120
20 20 153 194 157 151 117 46 28 148 48 50 152 158 159 166 169 170 172 161 108 180 125 149 41 16 168 114 121 155 160 162 167 98 147 156 163 60 110 119 44 164 104 106 52 80 190 171 49 150 124 77 181 27 178 187 165 182 86 97 136 18 139 184 107 123 67 73 137 9 127 176 115 195 99 154 8 130 144 140 138 146 145 131 174 74 122 133 175 191 64 141 188 193 21 143 116 179 173 142 33 85 55 185 186 34 95 129 113 43 177 134 126 189 197 118 132 128 135 120 35 10 183 112 196 109 31 111 192
21 21 176 156 138 177 139 133 55 128 9 35 118 132 173 168 164 122 99 141 31 49 120 27 135 181 154 124 174 191 109 73 163 10 150 104 98 85 110 95 111 146 192 123 140 97 143 113 86 33 74 137 185 186 116 107 134 161 189 197 46 117 180 28 148 48 50 152 158 159 166 169 170 172 119 67 155 162 52 136 187 80 190 126 64 188 193 149 131 194 178 41 20 147 175 129 114 179 157 43 182 112 142 196 18 171 34 108 130 153 121 144 115 184 160 167 16 8 106 165 44 145 77 127 195 183 60 151 125
27 27 181 156 34 73 180 16 138 33 185 186 139 55 129 133 136 118 132 153 184 10 95 21 143 109 86 168 134 194 189 197 99 174 176 67 155 162 122 97 141 35 31 135 149 128 104 85 20 124 120 137 18 46 49 140 74 111 163 192 125 130 191 116 183 98 179 144 173 161 154 112 196 145 157 187 119 151 165 178 107 9 41 142 146 43 177 150 123 131 126 175 52 80 190 108 121 8 182 64 188 193 160 167 113 171 164 110 117 28 148 48 50 152 158 159 166 169 170 172 127 77 195 114 44 115 60 106 147
28 28 117 148 48 50 152 158 159 166 169 170 172 168 160 167 121 114 20 155 162 157 163 60 98 156 147 119 44 110 164 171 151 77 165 18 97 86 123 115 161 99 154 130 140 150 73 144 74 138 146 64 131 188 193 125 139 136 116 108 153 16 43 149 113 41 142 126 33 194 185 186 106 127 195 46 55 178 137 129 182 135 187 128 9 8 133 122 180 132 95 21 85 124 176 118 143 173 134 35 189 197 177 191 184 174 67 145 181 183 10 120 104 175 109 179 141 27 49 112 31 34 196 111 192 52 80 190 107
31 31 34 18 183 177 64 188 193 175 135 8 142 173 109 129 128 9 113 191 104 106 132 164 171 21 127 111 195 192 112 196 139 134 110 189 197 115 176 141 41 138 187 118 131 179 49 44 123 144 114 67 27 98 156 181 95 163 55 77 124 178 116 137 99 145 174 60 125 130 85 10 52 86 150 80 190 43 126 182 165 122 140 107 154 74 194 184 143 46 33 185 186 120 146 133 161 136 35 153 147 149 160 167 97 180 16 108 73 117 28 148 48 50 152 158 159 166 169 170 172 151 20 121 155 162 168 119 157
33 33 185 186 184 55 129 168 27 181 124 176 116 52 174 80 190 156 98 160 167 187 136 109 117 28 148 48 50 152 158 159 166 169 170 172 16 21 143 34 120 95 182 60 163 137 138 135 128 145 10 194 139 77 153 31 179 134 183 49 146 122 189 197 73 123 97 112 196 106 107 151 85 9 111 133 192 41 180 141 67 132 46 127 104 157 195 165 74 99 114 20 121 155 162 118 64 188 193 191 18 164 86 144 113 108 161 35 173 110 147 119 44 171 43 149 130 126 115 178 125 142 175 177 150 154 140 131 8
34 34 109 31 27 111 192 183 181 52 18 80 190 156 177 179 175 184 8 180 165 173 129 142 139 113 55 123 191 160 167 73 163 106 138 164 171 132 125 131 77 150 33 185 186 137 64 16 188 193 118 168 60 115 141 134 135 189 197 114 116 127 41 120 195 154 133 46 110 145 194 10 95 144 67 122 44 9 140 107 143 119 147 86 85 130 153 49 121 187 157 20 43 117 174 28 148 48 50 152 158 159 166 169 170 172 149 155 162 136 161 99 128 151 74 182 98 104 146 97 108 112 124 196 176 21 126 35 178
35 35 67 86 143 126 133 128 73 132 21 137 122 99 176 141 10 112 196 16 145 174 194 136 191 124 46 120 163 138 85 95 181 178 107 140 118 27 175 60 156 131 123 130 151 104 154 182 139 52 80 190 179 9 55 111 109 192 187 43 74 161 125 135 177 160 167 146 134 98 150 189 197 115 97 153 183 117 184 28 148 48 50 152 158 159 166 169 170 172 173 142 108 41 31 49 18 180 116 171 114 129 149 77 8 33 185 186 20 121 155 162 168 165 44 110 64 147 164 188 193 106 127 195 144 119 157 113 34
41 41 175 106 153 191 127 195 115 112 196 187 114 20 194 182 124 157 67 110 147 46 60 151 108 52 164 80 190 161 181 113 116 176 174 178 98 149 183 160 167 180 16 171 144 142 49 8 109 184 31 118 135 117 137 125 28 148 48 50 152 158 159 166 169 170 172 74 131 104 150 173 34 43 163 123 177 146 9 154 132 122 179 134 27 130 189 197 55 111 143 192 129 128 18 121 165 85 77 97 64 145 35 188 193 126 95 136 21 133 10 33 185 186 99 155 162 168 120 119 44 139 138 107 156 140 86 141 73
43 43 125 132 127 195 137 134 189 197 141 194 163 187 147 46 149 164 145 107 151 52 80 190 173 165 121 182 171 180 153 109 131 160 167 161 108 115 126 144 111 140 192 157 95 99 179 16 117 49 183 28 148 48 50 152 158 159 166 169 170 172 184 150 35 31 119 44 113 135 10 120 41 60 118 177 174 139 124 112 64 196 77 188 193 154 168 9 181 156 116 155 162 110 67 176 27 114 122 18 123 129 73 74 97 191 104 20 98 138 130 175 33 21 133 55 185 186 86 34 146 142 136 143 85 128 8 106 178
44 44 64 188 193 107 121 131 141 117 28 148 48 50 152 158 159 166 169 170 172 119 9 118 145 168 155 162 160 167 18 123 140 114 31 60 20 130 157 163 139 147 86 138 112 98 196 108 156 144 125 154 111 74 192 164 110 99 151 165 16 43 97 73 171 183 116 161 150 135 179 175 126 143 10 95 77 142 137 34 8 35 194 173 128 132 134 177 146 49 115 189 197 180 153 129 178 85 104 55 133 41 113 109 33 185 186 149 191 174 184 136 67 52 46 80 190 120 27 21 127 195 106 181 176 187 122 124 182
46 46 178 106 153 132 194 137 182 115 114 141 20 77 151 108 165 163 157 113 110 67 146 161 145 16 180 43 41 177 35 175 116 99 109 118 9 126 164 49 112 125 196 183 127 173 195 149 104 191 147 144 187 120 171 150 8 129 142 98 117 60 10 28 148 48 50 152 158 159 166 169 170 172 124 134 174 189 197 131 34 140 74 143 168 181 86 160 167 119 55 27 111 133 156 192 176 138 128 155 162 135 95 52 64 80 190 188 193 121 97 122 31 130 18 21 139 179 154 123 136 33 185 186 107 73 44 85 184
48 48 117 28 148 50 152 158 159 166 169 170 172 168 160 167 121 114 20 155 162 157 163 60 98 156 147 119 44 110 164 171 151 77 165 18 97 86 123 115 161 99 154 130 140 150 73 144 74 138 146 64 131 188 193 125 139 136 116 108 153 16 43 149 113 41 142 126 33 194 185 186 106 127 195 46 55 178 137 129 182 135 187 128 9 8 133 122 180 132 95 21 85 124 176 118 143 173 134 35 189 197 177 191 184 174 67 145 181 183 10 120 104 175 109 179 141 27 49 112 31 34 196 111 192 52 80 190 107
49 49 157 147 179 108 146 144 131 139 177 175 8 173 142 118 9 153 129 104 127 195 164 106 191 171 132 21 180 115 110 134 135 116 189 197 113 111 187 192 194 141 41 109 182 20 64 188 193 31 114 46 183 34 178 125 126 67 163 165 77 151 43 161 52 95 80 190 27 176 18 149 55 128 123 181 98 107 122 145 184 124 150 120 140 156 112 196 154 99 16 130 137 97 160 167 138 85 174 33 73 136 185 186 143 121 86 10 35 74 60 117 28 148 48 50 152 158 159 166 169 170 172 133 119 44 155 162 168
50 50 117 28 148 48 152 158 159 166 169 170 172 168 160 167 121 114 20 155 162 157 163 60 98 156 147 119 44 110 164 171 151 77 165 18 97 86 123 115 161 99 154 130 140 150 73 144 74 138 146 64 131 188 193 125 139 136 116 108 153 16 43 149 113 41 142 126 33 194 185 186 106 127 195 46 55 178 137 129 182 135 187 128 9 8 133 122 180 132 95 21 85 124 176 118 143 173 134 35 189 197 177 191 184 174 67 145 181 183 10 120 104 175 109 179 141 27 49 112 31 34 196 111 192 52 80 190 107
52 52 80 190 184 160 167 60 163 77 151 165 34 116 161 144 180 113 108 146 177 175 41 149 16 43 33 126 185 186 178 142 153 135 173 8 67 191 194 129 136 137 109 183 112 104 182 115 196 164 127 35 195 118 171 125 9 132 95 134 55 21 189 197 150 187 106 20 122 176 157 179 46 10 124 111 138 97 131 174 74 192 120 49 139 130 110 181 155 162 98 99 73 27 147 154 18 143 31 133 128 156 85 64 86 188 193 114 140 145 119 123 107 121 117 28 148 48 50 152 158 159 166 169 170 172 44 141 168
55 55 168 116 33 185 186 129 184 10 109 104 21 174 122 134 189 197 176 120 27 181 124 156 98 133 135 119 73 191 74 146 128 130 143 138 107 139 85 97 99 144 95 142 140 118 180 9 173 187 150 35 67 112 196 34 31 121 179 111 18 52 136 192 80 190 161 106 137 149 160 167 132 155 162 163 49 114 41 165 151 178 117 28 148 48 50 152 158 159 166 169 170 172 123 86 16 157 194 182 154 64 188 193 20 126 44 177 113 46 147 125 171 153 141 60 164 110 131 43 77 183 115 145 127 195 108 8 175
60 60 112 196 52 80 190 160 167 117 28 148 48 50 152 158 159 166 169 170 172 184 77 161 163 130 183 41 150 154 165 74 20 168 114 151 121 126 155 162 44 116 171 175 164 115 142 113 147 157 98 178 110 119 64 188 193 144 8 156 129 137 18 108 35 86 146 191 34 125 131 67 149 194 46 97 85 173 182 123 135 145 180 16 43 95 127 99 195 153 33 138 140 185 186 55 10 177 134 139 189 197 106 132 143 73 141 107 187 133 174 31 122 104 128 109 124 118 179 136 181 176 111 192 49 27 9 120 21
64 64 188 193 44 131 9 118 31 112 196 111 110 192 150 161 126 60 49 183 74 107 175 34 121 191 154 117 28 148 48 50 152 158 159 166 169 170 172 137 141 130 145 134 122 189 197 165 135 41 43 120 18 85 164 179 127 160 167 171 195 194 133 115 109 123 173 113 163 8 21 114 10 119 149 139 138 142 156 177 77 132 98 55 86 144 143 187 151 52 153 80 190 136 108 176 174 129 147 16 95 182 67 125 104 106 184 140 46 124 20 155 162 168 116 35 181 99 128 178 33 27 185 186 97 146 180 157 73
67 67 16 178 175 35 136 10 191 115 182 155 162 174 77 165 46 86 143 146 97 41 130 118 113 112 196 126 73 99 85 132 128 122 133 74 106 52 80 190 27 21 124 181 176 137 153 127 194 60 195 183 154 163 141 104 140 55 8 151 34 109 156 184 173 177 161 139 123 150 138 98 134 189 197 142 129 171 111 160 167 180 192 145 20 131 31 157 116 108 64 9 43 188 193 179 49 135 168 125 18 95 33 185 186 187 107 120 144 119 121 149 164 117 28 148 48 50 152 158 159 166 169 170 172 147 44 114 110
73 73 86 143 136 122 155 162 27 35 181 95 10 191 67 128 74 156 97 174 85 133 145 120 99 117 104 28 148 48 50 152 158 159 166 169 170 172 107 55 129 34 124 179 141 135 130 140 176 180 150 137 21 146 9 175 187 183 132 112 194 196 16 182 149 114 20 121 160 167 168 109 46 118 134 33 138 189 197 185 186 153 139 184 178 49 173 52 80 190 8 142 171 110 147 119 44 60 98 157 163 164 106 177 127 195 151 77 111 192 115 18 123 165 31 154 108 116 161 144 125 131 64 188 193 41 113 43 126
74 74 85 118 136 97 122 155 162 112 196 124 133 154 191 174 181 73 176 104 67 130 99 120 60 143 187 10 98 95 135 55 128 117 150 28 148 48 50 152 158 159 166 169 170 172 146 64 188 193 27 182 44 86 9 121 140 175 145 123 21 41 132 107 141 179 180 52 137 183 80 190 149 35 194 142 161 153 109 111 34 192 18 16 114 116 129 119 138 184 171 49 177 46 20 160 167 168 115 126 33 151 185 186 125 147 164 110 131 77 108 113 43 156 157 163 144 165 178 8 31 134 189 197 139 127 195 106 173
77 77 178 8 182 173 171 165 115 46 146 67 52 80 190 113 160 167 149 117 28 148 48 50 152 158 159 166 169 170 172 184 60 163 135 112 196 20 183 151 168 109 121 157 155 162 161 164 147 150 144 114 111 116 192 125 18 177 119 49 31 156 34 110 180 98 154 130 124 44 142 137 175 139 108 179 131 194 64 123 188 193 41 153 74 16 43 138 86 187 132 33 185 186 126 129 99 55 97 191 176 174 140 181 145 128 141 73 127 104 195 85 134 189 197 143 118 133 95 35 107 120 9 122 136 21 10 27 106
80 80 52 190 184 160 167 60 163 77 151 165 34 116 161 144 180 113 108 146 177 175 41 149 16 43 33 126 185 186 178 142 153 135 173 8 67 191 194 129 136 109 183 137 112 104 182 115 196 164 127 35 195 118 171 125 9 132 95 134 55 21 189 197 150 187 106 20 122 176 145 157 179 46 10 124 111 138 97 131 174 74 192 120 49 139 130 110 181 155 162 98 99 73 27 147 154 18 143 31 133 128 156 85 64 86 188 193 114 140 119 123 107 121 117 28 148 48 50 152 158 159 166 169 170 172 44 141 168
85 85 97 154 74 133 10 104 95 122 120 136 174 130 99 155 162 98 143 145 118 107 140 73 112 179 196 119 191 124 67 35 86 181 176 128 146 183 27 21 156 117 60 28 148 48 50 152 158 159 166 169 170 172 55 18 168 111 134 192 189 197 138 150 129 187 121 141 126 41 175 160 167 163 132 116 161 178 137 9 165 20 64 114 110 34 188 193 149 125 151 33 115 185 186 164 180 142 109 139 184 182 157 147 8 52 44 80 190 194 77 177 113 171 46 135 153 127 106 195 123 49 173 131 31 144 108 16 43
86 86 73 35 128 10 143 95 174 67 107 130 122 145 123 121 138 99 97 179 136 141 18 126 191 124 27 155 162 181 85 117 139 28 148 48 50 152 158 159 166 169 170 172 119 44 156 183 133 176 104 120 154 125 132 134 168 189 197 137 112 196 21 34 52 9 80 190 74 180 140 187 98 31 175 194 163 109 135 182 60 111 173 192 114 55 178 184 118 177 20 160 167 142 150 161 49 131 153 165 8 144 129 108 46 64 188 193 171 110 116 147 164 16 43 33 185 186 157 151 77 115 149 113 41 146 106 127 195
95 95 145 179 97 18 130 183 143 86 125 138 85 126 142 133 136 73 129 104 134 189 197 107 74 155 162 10 35 122 120 109 111 137 192 154 140 99 141 113 174 27 112 131 196 135 181 67 31 98 21 128 124 176 49 177 132 149 194 171 43 191 116 123 127 195 55 60 33 185 186 173 146 46 157 9 52 80 190 168 165 156 118 153 160 167 139 187 180 41 16 20 147 117 28 148 48 50 152 158 159 166 169 170 172 150 182 161 34 144 175 163 64 188 193 114 184 8 151 77 178 108 115 106 110 121 119 44 164
97 97 85 136 95 155 162 74 124 133 145 154 174 179 181 143 176 99 104 67 187 98 73 18 117 122 28 148 48 50 152 158 159 166 169 170 172 86 120 183 130 10 138 182 129 128 191 125 123 27 168 107 134 112 189 197 196 126 52 80 190 141 114 20 121 160 167 116 146 153 142 180 184 109 178 132 34 41 16 194 46 173 49 175 33 171 185 186 127 137 195 106 110 147 119 44 60 156 157 163 164 9 8 177 111 55 192 135 21 151 77 31 35 144 115 165 131 149 150 140 108 161 64 188 193 139 113 43 118
98 98 104 124 174 176 181 187 117 28 148 48 50 152 158 159 166 169 170 172 97 123 168 182 155 162 20 99 74 139 114 116 138 121 143 160 167 146 55 157 41 128 85 16 119 33 185 186 133 163 136 153 156 86 110 118 147 10 135 151 18 44 9 60 95 21 194 164 178 122 31 112 130 127 108 144 196 195 184 171 161 67 125 111 154 27 179 192 120 77 73 137 35 165 180 191 129 145 106 183 134 189 197 115 126 142 140 8 34 175 131 173 46 49 177 150 64 149 188 193 43 132 141 107 113 52 80 190 109
99 99 140 133 136 128 132 155 162 141 124 163 97 123 176 85 174 181 122 35 67 74 118 107 134 189 197 187 154 73 120 143 98 46 21 86 117 191 28 148 48 50 152 158 159 166 169 170 172 129 138 95 145 10 104 27 177 173 182 135 43 142 55 139 52 179 34 80 190 175 137 31 111 180 192 178 109 106 114 20 121 160 167 168 184 194 183 116 146 127 195 49 9 153 41 16 8 33 185 186 110 147 119 44 60 156 157 164 112 196 151 77 171 125 115 18 165 144 130 150 108 161 131 149 64 188 193 113 126
104 104 98 139 85 55 118 128 136 106 153 97 10 95 74 134 189 197 168 31 49 174 194 155 162 120 157 179 154 114 20 133 99 138 135 73 124 108 86 181 176 27 21 116 18 143 35 180 123 67 129 125 122 173 145 183 119 110 191 46 107 175 130 151 156 41 161 33 126 147 185 186 137 52 142 187 80 190 146 131 132 150 177 165 16 111 121 163 192 178 64 160 167 188 193 9 144 149 60 34 115 164 171 182 140 112 117 196 28 148 48 50 152 158 159 166 169 170 172 43 44 8 109 127 113 141 195 77 184
