8 8 173 77 171 149 135 109 49 31 112 111 52 177 127 142 129 175 134 183 34 150 178 180 106 125 139 144 122 117 137 118 18 179 131 113 132 64 165 58 107 41 9 60 153 10 138 154 128 1 2 124 95 161 147 55 126 108 130 120 116 123 104 74 146 157 27 21 196 115 43 35 192 164 163 160 167 151 133 46 136 182 33 85 140 67 16 80 184 190 86 99 143 187 110 191 44 73 97 195 114 119 145 98 156 20 121 189 197 194 141 168 174
9 9 110 150 161 131 64 21 137 134 122 49 31 120 111 124 52 112 126 118 55 146 35 133 107 177 139 180 106 149 117 109 138 128 132 129 135 10 104 44 27 95 142 188 193 176 140 74 43 108 153 165 127 34 175 8 125 85 154 143 16 179 123 58 151 156 130 136 145 46 99 173 41 1 119 194 183 116 73 144 97 191 189 197 98 157 147 33 86 174 181 113 187 182 192 18 67 163 115 171 184 77 164 80 190 160 167 168 121 60 114 141 178 20 196 155 162
10 10 174 130 67 86 143 85 55 118 128 132 104 134 122 27 112 111 124 35 52 95 73 107 120 74 133 21 117 16 135 138 109 175 139 99 137 31 97 136 154 126 43 33 123 49 146 116 140 129 64 178 150 98 165 41 163 9 168 161 142 181 34 153 141 177 149 46 131 60 156 144 18 108 180 106 183 125 8 1 2 191 173 176 189 197 119 113 145 182 196 44 160 167 192 187 127 115 121 77 151 179 157 155 162 171 110 147 190 80 164 20 114 184 194 48 50 28 148 152 158 159 166 169 170 172
16 16 67 153 137 27 124 107 52 117 180 151 108 35 161 194 10 136 46 41 175 120 138 181 33 20 157 178 43 109 125 118 129 149 145 104 134 95 126 111 31 1 2 122 123 116 49 139 73 112 132 156 55 74 135 97 99 98 133 34 146 9 144 165 174 121 143 163 77 44 119 160 167 182 176 60 187 128 140 150 21 113 18 141 142 86 130 131 184 154 64 115 190 80 155 162 183 177 106 147 168 110 127 85 171 164 48 114 50 28 148 152 158 159 166 169 170 172 179 8 191
18 18 109 95 31 107 117 183 142 83 129 45 34 134 145 130 177 138 86 132 175 1 8 125 97 104 27 106 126 143 55 135 52 112 85 127 137 121 44 179 124 128 122 136 133 119 64 139 140 49 131 113 10 123 144 108 141 35 116 171 9 73 111 41 43 99 16 21 74 33 164 115 153 163 154 149 165 98 60 150 161 77 110 156 114 168 151 118 160 167 146 155 162 147 50 28 48 148 152 158 159 166 169 170 172 173 20 180 120 157 46 67 178 191 181 182 187
20 20 153 117 58 157 1 2 151 194 108 161 125 41 16 149 46 180 104 49 27 52 124 28 48 50 148 152 158 159 166 169 170 172 137 168 114 121 155 160 162 167 60 44 98 110 147 119 156 163 164 171 120 150 77 132 112 97 111 134 86 18 107 115 123 165 99 95 73 74 130 154 140 106 31 10 144 116 146 131 109 138 64 127 43 9 113 139 33 8 126 136 142 122 175 55 135 35 21 129 133 128 178 118 177 85 34 67
21 21 176 156 138 177 139 133 55 128 9 118 35 132 122 49 31 120 124 107 52 135 27 104 10 99 137 109 134 111 95 85 146 150 117 129 74 154 143 136 126 140 86 175 33 64 116 123 142 161 173 164 113 141 180 131 73 112 163 168 19 67 110 149 43 58 46 34 97 108 119 153 106 41 127 98 144 8 1 2 181 191 16 18 174 130 179 183 157 147 178 187 165 182 60 115 80 171 190 121 151 77 44 145 184 160 167 155 162 125 194 20 114 189 197
27 27 181 156 34 73 180 138 16 139 33 55 129 133 136 132 118 153 10 95 109 134 122 31 120 124 111 21 107 104 135 52 137 143 128 99 85 49 35 86 117 149 74 125 67 130 97 140 18 142 112 9 177 183 161 154 116 144 126 43 46 175 150 146 41 184 151 131 165 174 163 123 168 64 185 186 108 141 157 155 162 8 179 194 106 119 61 20 98 145 58 176 173 127 113 1 2 191 178 189 197 187 121 182 192 77 160 167 44 147 171 60 110 164 115 80 190 114
28 28 117 58 1 50 48 148 152 158 159 166 169 170 172 168 20 114 121 155 160 162 167 157 163 98 44 60 110 147 119 156 164 171 77 151 18 86 99 115 123 165 97 130 73 74 154 140 150 161 144 108 116 146 125 131 138 41 43 16 64 139 149 113 33 153 126 49 134 112 142 55 120 52 107 27 95 111 137 135 129 128 35 118 132 31 10 109 104 127 106
31 31 34 18 183 177 64 175 135 142 8 129 128 9 104 106 132 21 127 112 111 134 27 109 124 52 113 49 139 118 41 138 95 131 107 173 10 55 171 122 117 115 120 144 43 35 116 137 164 123 126 150 99 136 133 161 110 33 125 165 153 44 180 85 67 86 74 149 98 154 156 77 130 191 16 163 178 146 46 176 188 193 140 187 60 143 147 179 182 141 181 114 58 108 97 1 151 195 196 174 192 189 197 73 145 157 160 167 119 184 121 168 80 190 155 162 20 194 2
33 33 185 186 184 55 129 27 124 52 117 116 136 109 51 168 120 181 10 16 21 138 95 31 135 137 107 122 1 2 111 153 134 104 128 133 156 139 98 34 146 112 41 143 132 97 180 73 49 174 176 160 167 74 123 106 60 163 118 77 99 35 187 151 127 182 165 144 125 85 161 113 108 190 80 9 43 131 86 149 126 183 64 18 157 150 67 154 130 142 48 147 50 28 148 152 158 159 166 169 170 172 110 175 46 145 20 114 121 155 162 171 178 164 140 115 44 177 119 179 8 194
34 34 109 31 27 111 52 183 177 175 129 8 54 61 142 18 58 180 132 106 55 134 139 1 2 127 165 137 10 64 122 33 181 9 135 156 118 16 95 120 138 107 192 49 113 123 131 73 125 150 117 128 124 133 136 153 179 41 154 104 116 112 184 77 163 21 80 43 190 144 60 160 167 161 149 173 171 108 35 151 115 126 85 146 46 143 67 86 130 164 140 178 99 74 110 191 145 147 97 44 141 119 114 157 182 168 98 187 194 174
35 35 67 86 143 126 133 128 132 21 137 122 112 124 52 10 120 73 99 117 95 107 118 16 136 138 27 85 9 140 55 135 123 111 139 178 46 175 109 131 43 31 134 74 177 161 154 176 130 163 146 104 151 145 142 49 60 41 150 58 97 141 156 108 129 1 2 194 174 191 125 98 153 116 180 149 18 183 181 33 196 182 8 160 167 187 64 106 127 77 115 44 121 165 179 119 144 184 80 190 171 113 114 173 157 28 34 48 50 148 152 158 159 166 169 170 172 110 147 164 20 155 162 168
41 41 175 106 153 127 112 124 52 117 115 108 31 149 161 113 49 46 109 116 16 191 187 151 182 104 67 60 114 157 20 135 142 180 58 144 111 110 147 118 137 194 178 74 1 2 164 43 131 183 8 125 129 195 171 146 35 126 122 95 64 10 27 98 55 196 138 134 154 33 130 123 9 107 150 128 132 136 34 177 160 167 21 139 143 174 181 97 133 163 176 165 120 77 99 18 184 80 190 85 121 179 44 119 28 48 50 148 152 158 159 166 169 170 172 155 162 168 140 156 86 145 173 73
43 43 125 132 127 137 134 107 52 117 149 109 111 126 46 131 163 31 49 141 153 120 108 144 95 135 35 118 151 10 165 16 161 112 180 145 147 140 164 113 1 171 99 139 41 27 9 115 194 195 177 187 182 129 122 189 197 104 173 121 21 124 150 55 116 44 119 160 167 133 64 60 77 183 138 123 18 154 142 33 130 86 74 157 175 136 146 184 190 80 97 73 156 179 34 98 106 110 128 67 168 143 155 162 114 85 50 28 48 148 152 158 159 166 169 170 172 8 20 178 174 192
44 44 64 107 117 188 193 131 1 118 9 121 31 119 112 18 140 123 111 139 130 138 86 108 144 141 125 43 16 145 126 135 142 137 132 129 128 55 134 104 10 49 154 143 124 95 74 60 85 168 99 50 28 48 73 35 163 150 148 152 158 159 166 169 170 172 133 165 155 162 116 160 167 114 156 161 151 171 98 20 147 164 110 153 136 109 52 97 27 120 77 157 115 113 41 33 146 149 21 175 127 106 8 183 177 180 122 34
46 46 178 106 153 132 137 108 115 194 113 151 161 180 41 182 16 43 77 165 109 1 2 114 146 49 67 35 112 141 157 20 118 163 110 104 177 145 111 116 120 9 99 126 125 27 129 149 52 124 31 10 117 134 107 175 21 122 127 142 55 8 183 128 135 133 144 131 150 95 139 34 136 74 64 143 138 85 140 130 86 18 154 33 60 123 98 147 73 164 119 173 156 179 97 171
48 48 117 1 2 50 28 148 152 158 159 166 169 170 172 168 20 114 121 155 160 162 167 157 98 163 60 44 110 147 119 156 164 171 77 151 86 18 99 97 115 123 165 130 73 74 154 140 150 161 144 108 116 146 125 131 138 16 41 64 43 139 149 113 33 153 126 49 134 112 142 55 120 52 107 27 95 111 137 135 129 128 35 118 132 31 10 109 127 104 106
49 49 157 147 179 108 146 144 131 139 177 175 8 142 118 9 129 104 153 106 132 21 127 134 52 111 31 135 109 113 41 173 107 116 171 117 180 64 55 115 112 95 27 128 120 126 43 122 137 161 164 149 46 124 125 110 10 178 16 136 151 138 77 165 150 163 133 191 67 35 34 33 183 85 98 99 140 156 20 114 141 18 194 182 176 123 187 130 154 74 1 195 60 86 143 189 197 160 167 97 73 44 119 145 184 190 80 121 168 192 181 155 162 174
50 50 117 1 28 48 148 152 158 159 166 169 170 172 168 20 114 121 155 160 162 167 157 163 98 44 60 110 147 119 156 164 171 77 151 18 86 99 115 123 165 97 130 73 154 140 150 161 74 144 108 116 146 125 131 138 43 16 64 41 139 149 113 33 153 126 49 134 142 112 55 120 52 107 27 95 111 137 135 129 128 118 35 132 31 10 109 127 104 106
52 52 190 80 184 160 167 77 163 60 165 151 116 34 161 144 180 113 108 177 146 175 149 41 43 16 142 126 33 135 178 153 8 129 136 104 109 118 35 127 9 112 95 21 134 106 122 10 120 111 49 124 27 31 137 132 55 67 125 107 183 133 128 150 139 138 131 115 74 173 171 143 130 117 64 182 85 86 18 46 97 164 73 154 99 191 179 140 157 110 98 145 194 147 156 187 123 176 174 20 181 185 186 155 162 119 114 195 196 189 197 141 1 192 168 121 44 2 58
55 55 168 116 33 129 10 109 104 21 122 134 120 27 124 107 117 133 128 135 95 139 138 118 85 52 31 9 137 112 136 142 111 132 146 143 130 35 49 156 74 140 184 98 106 73 174 185 186 176 150 144 180 119 34 181 99 16 126 18 153 154 177 97 161 86 149 67 41 123 125 165 1 131 43 173 189 197 191 64 121 187 113 44 151 127 183 182 163 175 8 178 157 179 171 108 46 160 167 155 162 147 77 141 60 114 115 164 145 20 110 50 28 48 148 152 158 159 166 169 170 172 194 2 190
60 60 112 52 117 1 2 161 41 130 126 196 142 74 150 154 175 160 167 77 129 35 178 163 183 8 64 165 151 113 116 137 134 144 95 10 108 127 146 149 106 31 111 190 80 184 16 43 135 33 124 107 122 153 115 171 131 125 34 104 55 128 109 18 44 86 118 180 132 164 98 177 114 20 121 147 48 50 110 168 28 139 119 157 123 148 152 158 159 166 169 170 172 97 138 155 162 140 156 73 99 49 27 85 120 136 133 67 9 21 143 46 182 145 173
64 64 188 193 44 131 9 118 31 112 111 117 150 49 126 175 161 107 183 74 103 105 134 101 54 110 137 127 10 135 154 142 21 34 132 8 129 1 2 120 52 60 130 41 122 18 124 133 177 165 106 104 139 109 27 123 196 95 128 35 192 43 125 55 144 138 113 149 179 85 153 115 86 16 171 180 108 136 178 140 164 77 116 163 121 151 156 143 98 146 99 119 33 160 167 114 147 97 73 46 48 50 145 28 67 148 152 158 159 166 169 170 172 173 20 155 162 168 157 141 191 182 187 174 176
67 67 16 178 175 35 136 10 115 143 86 112 182 191 118 77 165 52 46 146 124 132 133 128 155 162 1 27 41 174 113 126 122 97 130 137 104 99 73 85 21 74 153 111 55 109 129 134 31 49 95 107 106 120 117 142 127 135 139 177 8 9 154 183 138 161 34 180 140 33 43 150 123 149 108 60 131 151 64 163 125 116 144 98 181 18 156 2 176 145 196 194 160 167 179 141
73 73 86 143 136 122 27 117 35 95 10 128 120 74 133 155 162 107 129 67 55 1 2 124 104 97 85 99 156 135 142 181 191 130 140 137 150 109 146 34 180 21 132 112 149 16 9 134 33 138 52 118 139 153 49 145 111 31 48 50 28 148 152 158 159 166 169 170 172 183 175 174 20 106 114 121 160 167 168 60 179 127 44 98 8 110 147 119 157 163 164 77 151 171 177 178 18 115 123 165 154 141 108 116 161 144 125 131 41 43 113 64 46 176 126
74 74 85 118 136 122 112 124 117 97 133 104 10 120 154 95 73 135 27 130 99 155 162 107 55 58 128 137 146 64 150 21 67 1 2 35 175 9 41 52 143 142 132 129 60 140 191 149 98 109 123 196 16 174 111 161 116 153 181 139 49 176 138 86 183 33 187 126 182 31 180 44 18 43 151 121 125 8 113 178 77 131 144 160 167 119 108 115 171 134 145 165 177 163 34 28 48 50 148 152 158 159 166 169 170 172 114 20 127 106 147 164 110 168 179 46 156 157 141 194
77 77 178 8 52 117 165 146 171 113 115 182 173 149 46 67 112 1 135 109 160 167 49 111 31 163 60 151 144 116 161 108 134 190 80 184 41 142 43 16 177 150 153 122 33 126 137 129 132 124 125 175 139 34 18 180 55 27 104 157 118 154 120 147 183 64 35 130 131 128 20 164 50 28 48 148 152 158 159 166 169 170 172 156 121 138 155 162 114 74 110 127 98 123 168 44 119 86 10 95 140 97 107 73 9 21 99 136 133 106 85 179 143
80 80 52 58 190 184 160 167 77 163 60 165 151 34 161 116 180 144 113 177 108 146 175 41 149 43 16 142 33 126 178 135 8 153 129 136 109 35 104 9 118 127 112 21 124 95 134 106 107 122 10 49 117 120 111 31 27 137 55 132
85 85 97 154 74 133 10 104 95 122 120 107 136 118 124 112 130 143 27 134 140 55 86 35 21 128 99 19 138 111 117 146 73 145 174 126 150 132 119 137 67 98 2 18 142 9 52 129 183 179 139 125 161 109 149 191 135 180 106 153 41 175 116 33 49 64 121 141 31 127 155 162 44 156 8 34 165 60 181 177 123 176 178 108 131 144 113 151 16 43 163 168 187 110 46 77 115 182 196 171 160 167 173 157 147 164
86 86 73 35 128 10 95 107 143 117 122 130 67 138 126 124 27 136 104 19 123 85 133 139 18 132 112 145 99 174 134 21 120 97 52 125 137 111 135 55 179 31 183 118 121 142 119 129 44 140 141 154 109 131 9 144 108 74 43 16 49 156 153 155 162 64 150 180 175 161 98 165 163 168 60 177 34 116 33 8 171 148 152 158 159 166 169 170 172 50 28 48 114 181 178 160 167 20 110 147 164 191 157 176 113 115 2 149 151 77 1 46 106 41 127 146 182 187
95 95 145 179 97 18 130 183 143 86 125 138 85 126 142 136 133 129 104 134 122 27 112 124 107 73 10 52 120 35 109 137 74 111 31 135 117 154 128 21 55 99 140 113 131 43 49 149 33 9 116 153 146 118 139 67 16 98 132 34 123 155 162 180 150 171 41 177 181 161 165 60 108 119 144 2 174 175 189 197 156 8 173 191 176 64 106 127 44 121 196 160 167 187 182 141 178 46 163 157 151 77 168 147 194 110 115 20 164 190 80 184 114 192
97 97 85 136 95 124 117 74 133 104 155 162 99 143 129 120 154 122 2 10 138 73 27 145 67 18 86 179 130 107 142 98 125 183 128 134 112 55 174 126 181 123 176 52 118 116 146 153 187 135 16 41 35 182 33 137 132 109 9 49 111 21 48 148 152 158 159 166 169 170 172 50 28 31 106 20 114 121 160 167 168 180 127 60 110 147 119 156 157 163 164 175 44 151 171 77 178 115 165 131 144 149 8 150 140 34 108 161 113 43 64 177 139 46
98 98 104 124 117 2 55 128 97 139 123 153 74 99 136 10 116 138 146 174 95 41 16 181 176 118 85 31 187 33 143 135 120 133 182 27 137 21 35 134 9 112 111 49 106 86 168 107 132 157 20 155 162 122 119 108 18 52 125 129 151 114 130 144 121 48 160 167 148 152 158 159 166 169 170 172 50 28 126 161 147 110 44 60 163 142 154 165 131 77 171 140 109 156 164 73 127 115 149 43 150 64 113 180 175 8 67 177 183 178 46 34 145 179
99 99 140 133 136 128 132 124 117 35 120 122 21 97 107 118 123 134 155 162 27 74 85 104 10 95 139 138 129 163 141 2 67 154 73 135 86 143 31 111 137 46 177 52 55 43 98 176 181 126 174 109 49 142 116 146 187 16 41 153 182 33 9 106 64 112 175 180 127 34 48 145 148 152 158 159 166 169 170 172 50 28 8 183 20 114 121 160 167 168 178 60 110 147 119 156 157 164 44 151 171 77 179 125 173 115 165 18 144 130 150 108 161 149 113 131 191
104 104 98 139 85 55 118 128 136 153 106 10 95 134 49 31 120 124 107 52 133 135 27 21 74 97 129 117 122 108 99 86 138 132 143 116 137 125 154 142 126 111 175 41 9 130 18 123 146 161 35 157 33 67 180 112 16 73 179 177 64 131 183 149 46 174 109 168 34 151 144 155 162 119 165 127 150 8 114 43 20 145 194 58 110 140 113 147 173 115 181 176 189 197 178 163 156 60 121 187 160 167 77 44 182 171 164 80 190 141 191 184 2 28 1 148 152 158 159 166 169 170 172 50 48
