8 8 58 173 77 171 149 135 109 1 2 31 49 112 111 52 34 41 21 27 35 74 5 6 26 32 47 53 65 72 62 56 23 30 68 9 20 13 17 36 39 15 25 37 51 38 3 61 54 40 127 19 60 64 10 134 28 142 129 117 33 16 104 177
9 9 58 110 150 161 131 137 1 21 134 31 64 122 49 120 111 124 52 27 35 8 34 104 54 74 112 41 19 117 55 28 5 6 26 32 47 53 56 107 20 13 17 23 30 36 39 62 65 68 72 10 61 15 25 37 51 38 3 2 18 40
10 10 174 130 143 67 86 85 55 118 128 132 1 2 104 134 122 112 27 111 124 52 117 35 107 95 74 21 31 120 73 16 33 19 41 60 64 34 8 49 137 9 135 46 58 99 133 48 43 109 20 61
16 16 67 153 1 2 137 27 124 107 52 117 35 10 41 33 46 20 60 73 21 74 34 48 43 61 55 8 0 4 12 14 24 42 57 69 75 76 51 17 36 65 72 5 6 7 11 26 29 32 47 53 70
18 18 83 45 64 109 1 31 95 107 117 54 103 105 101 44 9 27
20 20 58 153 1 2 117 41 5 6 26 32 47 53 74 13 17 23 30 36 39 56 62 65 68 72 61 15 25 37 51 38 35 54 3 40 34 27 8 19 21 28 16 31 46 48 60 9 73 33 0 4 12 14 24 42 57 69 75 76 7 11 29 70 64 10
21 21 19 58 176 156 138 177 139 133 9 128 55 118 35 132 1 2 122 31 49 120 124 107 52 27 13 23 30 68 15 3 40 54 104 61 74 85 70 10 8 34 41 56 62 17 36 65 72 5 6 26 32 47 53 38 20 25 37 51 39 86 135 117 111 134 33 16 64 137 95 28 99 73 46 84 60
27 27 61 58 181 156 34 73 180 138 16 139 129 55 133 136 33 132 118 153 10 95 109 134 1 2 122 31 120 124 111 107 52 117 21 51 54 104 17 36 65 72 15 25 37 3 40 35 74 9 41 8 19 137 7 20 135 62 56 49 23 30 68 5 6 26 32 47 53 128 38 13 39 78 85 112 64 99 28 46 142 43 18 60
28 28 58 1 117 20 74 41 5 6 26 32 47 53 62 56 13 17 23 30 36 39 65 68 72 35 15 25 37 51 38 61 31 3 34 8 9 19 54 40 27 21
31 31 58 183 177 135 175 142 34 18 8 129 128 104 9 132 106 127 1 64 112 134 21 111 27 124 52 117 49 109 107 41 35 10 54 61 95 120 55 118 74 2 139 122 19 28 20 43 137 113 33 40 38 5 6 26 32 47 53 13 17 23 30 36 39 56 62 65 68 72 15 25 37 51 3
33 33 51 185 186 184 129 55 1 2 27 124 52 117 61 10 16 58 41 35 21 34 60 73 74 48 20 31 95 8 17 36 65 72 7 5 6 26 32 47 53 15 25 37 0 4 12 14 24 42 57 69 75 76
34 34 54 61 58 109 1 2 27 31 111 52 40 19 62 15 17 36 65 72 3 25 37 51 38 11 8 64 7 56 21 13 23 30 68 41 5 6 26 32 47 53 20 78 39 35 74 9 10 33 28 16 73 60 70
35 35 58 143 67 126 86 133 128 132 137 1 2 21 122 112 124 52 117 10 74 41 19 27 31 9 8 20 95 107 16 23 30 68 5 6 26 32 47 53 120 65 72 62 56 34 13 17 36 39 73 15 25 37 51 38 3 61 54 40 60 28 33 99 46 104 55 48 64 43
41 41 58 175 153 106 1 2 127 112 124 52 117 35 31 74 20 8 27 34 5 6 26 32 47 53 65 72 62 56 23 30 68 21 13 17 36 39 15 25 37 51 38 3 61 54 40 16 60 104 10 28 9 33 19 46 49 48 64 73 7 11 70 0 4 12 14 24 42 57 69 75 76
43 43 125 132 127 1 137 134 107 52 117 111 49 31 16 35 27 10
44 44 1 64 107 117 18
46 46 178 106 153 132 1 2 137 16 41 35 20 27 10 0 4 12 14 24 42 57 69 75 76 48 5 6 7 11 26 29 32 47 53 70 60 21 13 17 23 30 36 39 56 62 65 68 72 73
48 48 1 2 117 60 20 73 16 33 74 41 0 4 12 14 24 42 57 69 75 76 5 6 7 11 26 29 32 47 53 70 35 46 13 17 23 30 36 39 56 62 65 68 72 10 15 25 37 51 38 64 3
49 49 157 147 179 144 108 146 131 139 177 175 142 118 129 153 106 8 132 104 9 127 1 134 21 52 117 31 111 107 109 135 27 41 112 120 10 43 55 58 137
50 50 1 117
52 52 190 184 160 167 165 77 163 116 161 144 151 80 180 113 177 175 108 60 146 142 135 149 126 43 129 178 16 153 136 118 41 109 104 33 127 34 8 112 134 9 106 95 35 122 1 10 120 49 21 111 124 31 27 107 117 137 55 58 132 2 128 133 67 74 139 125 131 138
55 55 168 116 129 33 10 109 1 104 122 134 120 21 124 27 107 117 52 31 9 128 137 49 133 132 16 35 112 95
60 60 1 2 112 52 117 41 35 10 74 16 8 33 48 20 73 64 34 0 4 12 14 24 42 57 69 75 76 27 5 6 7 11 26 29 32 47 53 70 46 13 17 23 30 36 39 56 62 65 68 72 21 15 25 37 51
64 64 103 105 101 18 54 188 193 44 131 118 9 1 2 31 112 111 117 29 34 11 62 40 38 45 58 61 19 83 74 10 8 21 27 60 41 107 35 20 48
67 67 178 16 175 136 35 1 10 52
73 73 143 86 136 1 2 122 27 117 10 35 74 95 19 16 33 48 60 61 20 34 58 41 15 0 4 12 14 24 42 57 69 75 76 3 21 51 54 25 37 5 6 7 11 26 29 32 47 53 70 40 46 38 13 17 23 30 36 39 56 62 65 68 72
74 74 58 85 118 136 1 2 122 112 124 117 35 41 27 21 20 10 19 5 6 26 32 47 53 23 30 68 65 72 62 56 8 13 17 36 39 15 25 37 51 38 3 34 61 54 40 73 31 104 9 28 95 64 60 16 33 97 52 48 70 7 11 0 4 12 14 24 42 57 69 75 76
77 77 178 8 1 52 117
80 80 58 52
85 85 19 154 97 74 133 10 2 104 95 122 120 107 21 86 70 13 23 30 68 15 58 3 40 54 27 136 61 124 84 1
86 86 19 73 128 35 10 95 107 117 85 21 84 2 70 13 23 30 68 15 40 3 1 54
95 95 97 145 179 130 183 143 138 125 126 86 142 136 85 133 129 18 134 2 104 122 112 124 27 52 117 107 10 120 35 31 73 111 109 74 137 21 55 33 19 135 99 128
97 97 85 136 95 2 124 117 74 99
98 98 2 104 124 117
99 99 140 133 136 128 132 2 124 117 35 27 21 10 95 97
104 104 58 98 139 118 128 85 136 55 153 106 134 95 10 31 120 49 124 107 52 117 27 21 9 74 135 111 129 41 133 122 112 35 1 132 8
