8 8 173 171 77 149 135 109 49 31 112 111 58 52 1 2 127 177 142 129 134 175 34 183 150 106 122 139 180 178 117 125 144 118 9 137 132 107 64 153 18 124 179 128 10 60 165 131 113 27 95 21 154 55 138 41 104 161 126 108 120 147 130 146 35 74 123 43 116 157 196 33 80 16 192 46 115 163 54 5 6 26 32 47 53 133 61 151 164 13 17 23 30 36 39 56 62 65 68 72 160 167 85 136 15 25 37 51 38 67 3 40 20 73 184 190 140 19 99 44 182 86 28 98 97 143 110 0 4 12 14 24 42 57 69 75 76 187 7 11 29 70 48 191 50
9 9 110 150 161 131 64 21 137 134 122 49 31 120 111 124 58 52 1 112 126 55 118 107 146 133 149 139 177 117 106 109 35 129 132 128 180 104 135 10 138 142 95 153 27 74 43 8 127 34 108 140 175 165 16 176 44 154 85 143 179 123 125 136 41 151 188 193 18 130 46 183 156 145 116 99 73 144 173 119 194 33 191 97 113 189 197 54 98 157 147 174 181 2 178 187 103 105 80 86 101 192 182 19 77 67 163 60 184 61 115 190 171 160 167 62 5 6 26 32 47 53 56 28 13 17 23 30 36 39 65 68 72 164 15 25 37 51 38 3 20 40 48 168 50 121
10 10 174 130 67 143 86 85 55 118 128 132 104 134 122 27 112 111 124 52 35 117 95 107 1 2 120 73 133 74 21 135 137 109 31 139 175 138 99 16 136 49 126 97 154 33 123 129 146 116 140 150 43 9 64 165 98 178 153 142 163 161 41 60 34 177 168 46 131 149 106 181 19 125 141 180 144 183 108 8 156 18 191 127 113 173 189 197 176 58 119 77 44 182 145 196 160 167 187 192 20 115 151 48 121 179 184 157 61 171 147 110 50 155 162 28 190 164 51 80 54 114 15 13 23 30 68 3 70 40 17 36 65 72 62
16 16 67 153 137 27 124 107 52 117 1 2 180 108 151 35 161 136 10 194 41 46 132 104 33 120 138 43 118 20 129 134 109 175 95 111 178 125 126 122 149 181 112 31 157 145 49 73 55 123 116 74 135 139 9 99 98 97 133 34 146 156 144 60 44 77 21 165 143 121 128 119 160 167 174 18 142 182 163 140 113 176 64 127 187 130 58 48 150 86 131 61 184 154 106 141 8 50 115 190 28 80 155 162 85 177 147 183 110 168 171 19 0 4 12 14 24 42 57 69 75 76 164 114 5 6 7 11 26 29 32 47 53 70 62 56 148 152 158 159 166 169 170 172 13 17 23 30 36 39 65 68 72 15 25 37 51 38 3 54 40 179
18 18 83 45 109 31 95 64 107 117 1 183 142 129 134 34 44 132 177 130 138 175 27 8 86 145 104 122 112 125 127 106 137 126 55 52 97 131 135 143 124 128 111 120 85 9 121 136 133 139 179 119 49 118 10 140 123 43 35 108 21 188 193 16 113 144 73 41 74 141 116 33 60 77 171 149 50 99 28 154 161 150 48 153 115 165 164 163 20 110 156 98 151 54 114 146 103 105 168 160 167 155 162 101 2 147 46 148 152 158 159 166 169 170 172 67 180 58 157 173 178
20 20 153 58 117 1 2 41 157 151 16 46 194 161 108 149 125 180 28 104 27 49 48 74 5 6 26 32 47 53 62 56 65 72 23 30 68 13 17 36 39 51 15 25 37 38 60 3 54 52 40 61 50 35 73 124 98 19 34 44 77 64 33 137 97 70 18 0 4 12 14 24 42 57 69 75 76 99 8 7 11 29 156 31 55 10 95 43 168 148 152 158 159 166 169 170 172 120 118 112 132 114 121 155 160 162 167 111 134 135 110 86 107 171 147 119 163 164 150 128 142 80 21 106 139 129 130 115 123 165 138 85 131 154 140 109 78 67 122 116 146 144 9 126 136 113 127 45
21 21 176 156 138 177 139 133 128 55 118 9 132 35 122 49 120 31 19 124 107 58 52 27 135 1 2 104 10 99 137 134 109 111 95 117 146 129 85 143 150 136 86 74 161 175 126 142 154 116 131 140 33 123 64 112 113 173 73 141 164 180 144 43 8 163 67 46 153 149 108 34 106 16 168 110 127 97 119 98 41 125 18 130 13 23 30 68 181 191 15 3 174 179 165 40 183 54 147 60 178 70 187 80 157 61 182 56 62 77 17 36 65 72 5 6 26 32 47 53 44 38 25 37 51 184 39 20 121 48 190 84 145 160 167 115 171 28 151
27 27 181 156 34 73 180 138 16 139 33 55 129 133 136 132 118 153 10 95 109 134 122 31 120 61 124 111 107 58 52 21 104 135 137 117 128 1 2 143 49 85 99 86 74 125 149 112 142 67 35 130 140 97 177 9 18 175 126 183 154 161 43 116 144 146 46 150 41 123 131 8 64 165 151 108 163 20 184 106 145 174 51 141 168 54 179 157 155 162 119 127 98 194 185 186 173 176 113 191 178 17 36 65 72 60 189 197 15 25 37 3 77 44 40 121 187 19 160 167 7 182 28 192 80 171 48 147 78 56 5 6 26 32 47 53 115 38 110 13 23 30 39 62 68 164 50
28 28 58 117 1 20 74 50 41 48 5 6 26 32 47 53 62 56 65 72 23 30 68 13 17 36 39 44 77 15 25 37 51 60 38 3 35 54 40 61 18 73 43 148 152 158 159 166 169 170 172 168 19 33 16 156 34 31 64 2 114 121 155 160 162 167 55 110 147 157 98 119 163 164 27 171 86 80 104 151 153 8 115 123 165 130 131 150 52 97 154 140 139 161 146 128 144 118 99 125 138 149 108 116 107 132 9 135 134 142 10 120 112 129 95 113 111 126 49 137 109 21 22 59 63 66 71 0 4 12 14 24 42 45 57 69 75 76 46 67 7 11 29 70
31 31 183 18 34 177 175 135 142 64 8 129 128 9 104 106 132 127 21 112 134 111 27 124 52 109 58 49 113 139 118 117 1 107 95 10 41 138 55 131 122 120 173 171 35 137 115 43 144 116 136 123 126 150 99 164 133 161 33 110 153 125 165 149 180 16 154 77 98 67 86 156 85 130 44 146 163 46 60 178 54 140 191 187 176 74 147 143 182 179 108 181 114 141 188 193 97 2 45 61 73 151 195 83 196 174 189 197 192 160 167 80 157 119 103 105 28 101 145 184 20 19 121 190 51 168 40 62 15 17 36 65 72 38 3 13 23 30 68 25 37 50 155 162 39 56 48 5 6 26 32 47 53
33 33 185 186 184 129 51 55 27 124 52 117 1 2 116 136 109 120 16 10 135 138 168 31 95 134 181 107 137 153 122 111 104 112 41 34 21 98 133 139 128 156 146 73 118 61 132 97 60 49 35 74 123 143 180 77 99 160 167 142 174 106 163 176 58 151 127 48 165 9 43 187 130 182 161 85 125 86 20 144 150 108 154 113 140 131 149 126 18 46 28 64 50 80 190 67 8 44 157 183 54 19 0 4 12 14 24 42 57 69 75 76 177 5 6 7 11 26 29 32 47 53 70 147 56 171 13 17 23 30 36 39 62 65 68 72 115 178 148 152 158 159 166 169 170 172 110 15 25 37 38 175 3 164 114 121 155 162 40 119
34 34 109 54 31 27 61 111 58 52 1 2 8 177 183 129 175 142 132 106 18 134 180 55 40 127 64 9 139 19 10 62 122 137 33 38 16 165 17 36 65 72 124 15 25 37 51 118 3 135 120 107 136 153 11 117 138 95 181 131 156 73 21 7 128 123 104 80 179 113 192 133 150 49 125 41 60 78 112 77 56 5 6 26 32 47 53 43 154 13 23 30 39 68 35 116 20 144 184 163 190 149 160 167 28 85 161 67 74 108 126 99 151 146 0 4 12 14 24 42 57 69 75 76 97 178 29 70 171 173 44 48 115 86 98 143 130 140 46 164 45
35 35 67 143 86 126 133 128 132 137 21 122 112 124 58 52 117 10 1 2 120 95 107 73 99 118 16 136 138 55 85 140 135 9 31 111 74 134 109 139 123 43 46 27 161 175 178 146 104 41 177 131 154 130 163 60 176 180 142 150 151 108 49 129 19 145 156 149 141 153 33 116 98 97 8 194 125 144 191 18 174 64 183 77 20 113 119 196 181 160 167 182 34 28 80 106 44 187 127 48 165 5 6 26 32 47 53 13 17 23 30 36 39 56 62 65 68 72 54 61 40 15 25 37 51 38 3 121 115 184 155 162 50 110 190 168 171 157 179 164 147 114 0 4 12 14 24 42 57 69 75 76 7 11 29 70 148 152 158 159 166 169 170 172
41 41 175 106 153 127 112 124 58 52 117 1 2 115 31 108 49 161 109 113 16 46 149 104 116 20 60 111 74 151 144 187 135 118 182 67 142 35 191 157 137 114 43 125 180 27 147 110 10 131 129 178 126 33 146 150 95 164 171 194 130 183 98 9 8 107 55 122 154 134 64 136 195 138 128 123 97 77 196 132 165 177 99 34 160 167 143 80 28 21 139 163 181 120 174 133 176 48 5 6 26 32 47 53 56 62 18 13 17 23 30 36 39 65 68 72 15 25 37 51 85 38 61 3 86 73 184 19 40 54 190 44 50 140 156 121 0 4 12 14 24 42 57 69 75 76 119 7 11 29 70 148 152 158 159 166 169 170 172 179 155 162 168
43 43 125 132 127 137 134 107 52 117 1 109 111 149 126 31 49 131 120 135 46 112 118 108 144 95 163 35 153 16 141 161 151 165 180 10 140 27 145 147 9 113 104 41 164 139 171 129 99 177 122 115 194 195 187 55 21 182 124 44 189 197 173 77 121 60 116 133 119 160 167 150 18 142 33 138 64 123 130 86 74 154 183 146 175 136 73 157 34 184 50 106 190 28 48 128 80 156 97 67 20 8 98 110 143 168 179 155 162 114 148 152 158 159 166 169 170 172 85 178 58
44 44 64 107 117 1 131 188 193 18 118 9 121 31 111 112 119 103 105 43 123 101 140 16 130 138 54 108 139 144 86 125 55 141 126 134 135 145 50 60 142 28 48 132 129 137 128 104 74 73 49 10 124 20 77 35 95 143 154 27 33 133 85 150 165 168 116 52 120 163 99 136 41 156 160 167 148 152 158 159 166 169 170 172 155 162 21 109 161 114 153 151 171 98 110 147 164 8 157 97 115 113 146 34 149 2 106 127 45 67 175 122 46 29 11 62 0 4 12 14 24 42 57 69 75 76
46 46 178 106 153 132 137 1 2 108 115 194 113 151 41 43 161 180 16 109 77 35 49 182 112 67 165 20 118 146 114 104 141 157 163 111 110 177 27 120 52 99 9 10 31 145 116 126 124 125 129 107 117 149 21 134 122 8 175 55 127 142 58 64 33 0 4 12 14 24 42 57 69 75 76 95 70 128 5 6 7 11 26 29 32 47 53 62 56 23 30 68 133 61 48 13 17 36 39 65 72 135 15 25 37 51 183 38 18 131 3 98 139 54 136 85 144 150 40 60 97 44 138 143 73 19 34 130 154 74 28 86 50
48 48 117 1 2 20 60 50 73 28 44 74 16 98 41 77 33 97 18 0 4 12 14 24 42 57 69 75 76 64 99 5 6 7 11 26 29 32 47 53 70 62 65 72 56 23 30 68 51 13 17 36 39 35 43 148 152 158 159 166 169 170 172 15 25 37 168 38 58 3 54 114 121 155 160 162 167 61 156 40 147 157 86 10 55 110 119 163 164 171 27 151 46 153 19 130 115 123 165 34 131 154 140 150 146 52 144 21 125 128 104 138 108 116 161 132 149 142 95 112 120 107 134 139 118 113 135 137 126 109 111 129 31 78 9 49 8 22 59 63 66 71 79 81 82 87 88 89 90 91 92 93 94 96 100 85 67 45
49 49 157 147 179 108 146 144 131 139 177 175 142 8 118 129 153 104 9 106 132 127 21 134 52 111 31 109 135 117 1 107 113 41 116 112 120 55 173 171 27 95 180 137 115 43 122 128 126 64 124 149 161 46 164 10 125 110 136 16 178 77 133 151 165 35 138 163 150 33 67 191 34 140 85 99 183 98 156 20 114 18 141 74 194 182 58 187 123 176 60 130 154 195 86 189 197 160 167 143 73 97 119 2 44 184 145 80 190 121 168 50 19 28 48 155 162
50 50 117 1 28 48 44 20 60 77 18 73 43 148 152 158 159 166 169 170 172 74 168 16 41 114 121 155 160 162 167 33 147 157 64 110 119 156 163 164 171 98 55 151 86 115 123 165 130 35 97 154 140 150 131 146 144 153 99 125 27 108 116 161 52 149 128 113 10 134 126 132 120 138 107 139 142 118 104 137 129 95 49 111 109 135 112 22 59 63 66 71 8 31 0 4 12 14 24 42 45 57 69 75 76 9 5 6 7 11 26 29 32 47 53 70 51 34 67 13 17 23 30 36 39 56 62 65 68 72
52 52 190 184 80 160 167 163 77 165 151 60 116 161 144 180 113 108 177 146 175 34 149 142 43 126 16 135 41 178 33 153 129 8 136 104 118 109 127 35 112 9 95 134 106 21 122 10 120 49 111 124 31 27 137 107 132 55 67 133 125 128 117 183 139 150 131 138 115 1 74 143 130 171 173 85 64 86 182 97 46 73 18 154 164 99 58 179 140 191 123 157 110 98 147 2 145 156 187 194 176 20 174 181 119 155 162 185 186 114 195 196 189 197 61 51 54 141 44 192 121 168 19
55 55 168 116 33 129 10 109 104 21 122 134 120 27 124 107 117 1 133 128 135 52 95 139 118 137 138 31 112 9 136 85 142 132 111 146 143 49 130 35 140 106 73 156 74 98 150 174 144 16 180 126 176 119 153 184 34 18 185 186 181 177 99 154 161 86 149 43 123 165 125 97 67 131 41 51 173 44 189 197 191 64 121 2 127 58 8 187 183 113 151 175 182 163 77 108 46 60 110 178 157 20 171 19 160 167 50 141 155 162 147 28 48 145 115 179 114 164 61 148 152 158 159 166 169 170 172
60 60 112 52 117 1 2 41 161 126 130 35 74 142 77 8 175 150 129 64 154 10 178 196 160 167 16 95 134 163 137 183 31 33 127 116 165 151 122 48 113 106 43 144 108 20 146 111 124 34 120 149 153 107 55 44 135 98 50 18 184 73 28 27 97 118 190 80 104 131 109 128 132 125 115 171 49 99 86 58 177 21 180 138 139 147 164 0 4 12 14 24 42 57 69 75 76 67 114 70 85 110 157 123 121 168 156 9 5 6 7 11 26 29 32 47 53 140 51 62 65 72 56 23 30 68 148 152 158 159 166 169 170 172 155 162 136 13 17 36 39 119 15 25 37 38 54 3 61 40 133 46 19 143 78 45
64 64 188 193 44 131 103 105 101 9 118 54 18 31 112 111 117 1 2 49 150 134 175 107 126 137 183 161 74 34 127 10 8 142 21 110 132 129 52 135 154 60 122 41 124 27 120 106 104 177 139 130 29 165 123 133 35 58 128 11 43 125 62 55 95 16 196 40 38 192 61 45 138 179 108 113 144 48 153 149 33 85 146 20 140 77 19 180 98 86 116 115 178 109 171 73 83 136 99 28 46 50 97 163 151 164 156 121 119 67 160 167 143 3 147 114 0 4 12 14 24 42 57 69 75 76 148 152 158 159 166 169 170 172 5 6 7 26 32 47 53 70 13 17 23 30 36 39 56 65 68 72 155 162 168 15 25 37 51 157
67 67 16 178 175 35 136 10 1 115 112 143 86 52 118 124 77 182 46 191 27 132 133 128 165 146 41 122 155 162 137 104 126 113 174 130 73 97 21 74 99 111 85 55 153 117 109 31 134 129 49 107 95 120 2 106 8 9 60 142 34 58 33 43 135 127 139 138 161 177 64 154 183 18 180 140 20 150 108 123 116 149 131 44 151 48 28 144 50 125
73 73 143 86 136 122 27 117 1 2 95 10 35 120 74 128 133 107 124 155 162 129 97 67 99 104 55 85 150 130 109 138 156 146 19 142 16 135 21 132 140 33 52 149 137 191 118 139 112 34 181 9 126 180 134 48 153 61 20 60 125 49 58 31 161 50 111 28 116 8 44 98 144 41 108 131 77 64 168 0 4 12 14 24 42 57 69 75 76 5 6 7 11 26 29 32 47 53 70 18 62 56 13 17 23 30 36 39 65 68 72 43 106 148 152 158 159 166 169 170 172 15 25 37 51 38 54 145 175 3 114 121 160 167 127 113 183 40 110 147 119 157 163 164 151 171 46 174 115 123 165 177 154
74 74 85 118 136 122 112 124 58 117 1 2 133 97 104 10 95 120 73 27 154 135 107 35 99 130 137 146 55 41 64 128 155 162 9 21 150 52 67 140 175 60 138 142 98 132 129 16 143 19 33 109 149 49 116 31 111 191 123 153 161 20 86 174 196 8 139 28 181 126 183 176 48 187 182 5 6 26 32 47 53 44 56 62 18 13 17 23 30 36 39 65 68 72 43 15 25 37 51 38 61 125 108 131 3 77 144 40 54 50 156 178 180 134 34 151 113 106 121 171 160 167 115 119 165 127 163 0 4 12 14 24 42 57 69 75 76 177 7 11 29 70 114 148 152 158 159 166 169 170 172 145 110 147 164 168 157 80 46
77 77 178 8 52 117 1 165 146 113 115 171 149 112 67 182 46 173 135 109 49 31 60 111 160 167 163 151 127 144 43 116 16 41 161 33 108 134 142 153 129 126 34 50 122 35 184 177 190 28 48 137 20 80 124 104 95 107 118 132 18 150 58 44 175 64 74 180 120 10 55 139 73 128 157 125 154 9 27 147 131 21 168 156 130 148 152 158 159 166 169 170 172 138 110 155 162 114 164 121 183 86 98 123 2 119 97 140 136 99 106 51 5 6 26 32 47 53
80 80 58 52 34 190 41 184 160 167 8 77 163 151 60 165 35 9 116 104 144 113 161 180 177 108 21 146 175 149 43 126 178 142 16 135 33 31 153 27 112 129 5 6 26 32 47 53 62 56 23 30 68 109 136 28 13 17 36 39 65 72 1 120 134 61 118 15 25 37 51 38 124 127 111 3 106 54 20 40 122 95 107 10 19 117 49 74 2
85 85 154 97 74 133 10 104 95 122 120 19 107 2 136 118 112 124 130 143 128 27 55 134 86 140 35 21 117 99 111 138 129 146 126 132 135 73 137 150 145 142 119 52 98 174 9 67 18 139 125 183 179 109 58 161 149 191 180 106 1 153 70 33 13 23 30 68 41 15 3 64 127 121 141 175 49 40 116 8 34 31 60 84 54 44 16 123 61 131 108 155 162 144 46 165 43 156 20 177 181 178 113 48 176 151
86 86 73 35 128 10 95 19 107 117 143 122 130 138 124 126 104 67 27 85 136 123 112 133 132 139 21 134 99 145 18 52 120 125 137 111 97 174 135 55 118 142 31 2 129 121 179 183 119 1 44 74 140 131 144 108 109 141 154 146 58 43 150 9 16 49 116 41 33 161 153 127 84 156 149 64 70 13 23 30 68 155 162 15 3 113 165 98 175 163 180 168 40 8 60 54 34 177 148 152 158 159 166 169 170 172 114 171 50 160 167 61 28 48 110 147 157 164 20 151 115 178 106 77
95 95 145 179 97 130 183 143 18 86 125 138 126 85 142 136 133 129 104 134 122 112 27 124 52 107 10 120 117 73 35 2 109 137 111 31 135 74 128 55 21 154 99 140 49 113 131 43 149 33 9 153 116 118 139 146 16 98 132 41 150 67 123 34 155 162 180 171 161 60 165 64 181 177 19 108 175 144 106 119 8 174 156 189 197 1 83 127 45 173 191 176 151 44 196 160 167 121 77 178 182 163 187 58 46 157 20 141 168 147 110 48 115 190 61 80 164 184
97 97 85 136 95 124 117 2 74 133 104 99 138 129 143 155 162 120 122 154 10 73 27 126 98 86 107 130 67 145 142 52 18 179 125 112 134 183 128 55 123 16 41 174 181 116 146 33 153 176 19 118 187 135 182 35 137 139 48 109 132 49 9 20 60 111 43 21 131 149 31 148 152 158 159 166 169 170 172 50 114 121 160 167 168 28 64 8 110 147 119 156 157 163 164 34 127 106 44 151 171 180 77 115 165 144 175 140 46 108 150 161 1 178 58 113
98 98 104 124 117 2 55 97 128 10 153 139 99 74 95 123 136 16 41 116 146 138 85 33 118 31 120 135 174 27 181 143 176 133 35 187 21 182 137 134 112 9 49 20 111 107 129 48 106 60 86 52 132 73 142 168 157 122 108 155 162 125 119 130 126 151 121 114 160 167 64 148 152 158 159 166 169 170 172 161 18 144 147 154 110 50 28 163 109 165 131 44 140 156 164 77 149 115 43 150 8 58 171 113 127 46 34 180 175 51
99 99 140 133 136 128 132 124 117 2 35 107 120 122 21 97 118 138 123 134 27 10 74 104 95 155 162 85 86 139 129 163 73 31 154 141 135 67 111 43 98 46 137 52 143 177 55 146 109 16 176 181 41 174 126 49 116 33 142 153 187 125 182 150 9 131 161 18 112 108 144 48 149 20 106 60 127 34 113 175 8 180 148 152 158 159 166 169 170 172 50 114 121 160 167 168 28 110 147 119 156 157 164 145 44 1 64 151 171 77 178 183 115 165 58 130 19
104 104 98 139 85 118 55 128 136 153 106 10 95 134 49 31 120 124 107 52 58 117 133 27 135 21 129 74 138 122 97 108 132 143 126 111 86 137 99 116 142 125 9 41 175 154 112 146 16 180 123 161 130 131 157 33 35 18 177 67 43 109 179 183 73 149 144 8 64 151 46 174 127 165 34 119 20 168 150 155 162 145 140 114 113 110 194 147 2 115 173 181 163 176 189 197 1 178 19 60 121 156 77 160 167 44 80 187 182 171 28 141 164 190 184 48 191 51 61 54
