8 8 173 77 171 149 135 109 49 31 112 111 52 58 1 2 127 142 177 134 129 175 106 117 34 122 183 150 139 9 132 118 27 124 178 180 144 64 107 153 128 41 137 10 21 125 104 131 18 60 35 179 95 154 165 126 161 108 55 74 146 138 43 113 120
9 9 110 150 161 131 64 21 137 134 122 49 31 120 111 124 52 58 1 112 107 117 126 128 55 27 118 132 135 129 35 133 104 146 177 10 106 139 142 109 127 153 180 8 95 149 43 138 175 16 34 165 108 74 136 140 125 41 143 85 176 123 18 154 151 179 33 116 183 44 144 130 46
10 10 174 130 86 67 143 85 55 118 128 132 104 134 122 27 112 111 124 52 117 1 2 107 95 35 120 31 21 133 135 74 137 109 73 139 16 136 175 9 129 49 33 138 99 142 123 43 154 64 126 116 153 146 150 97 165 41 140 177 125 106 131 178 98 180 34 60 163 8 149 161 183 127 181 168 46 144 156 108 19
16 16 67 153 137 27 124 107 52 117 1 2 35 108 136 180 10 151 161 120 118 41 129 55 138 111 134 33 104 43 132 112 126 46 95 109 125 122 9 135 194 31 149 133 128 139 49 175 123 20 116 146 34 178 181 145 21 73 143 74 157 144 99 97 98 106 142 60 156 86 44 130 131 127 140 77 18 165 121 119 163 160 167
18 18 109 95 31 83 45 107 64 117 1 142 129 183 134 27 132 112 104 52 130 34 138 55 126 125 106 86 122 8 44 127 177 175 135 137 124 145 131 118 128 111 133 143 136 97 85 43 120 16 139 21 9 121 140 108 123 119 144
20 20 153 58 117 1 2 41 16 157 151 108 161 125 149 46 27 104 49 194
21 21 176 156 138 177 139 133 128 55 118 9 132 35 122 49 120 31 124 107 52 19 58 1 2 27 135 104 111 134 10 137 117 109 99 95 129 146 85 112 136 143 126 142 86 74 150 175 140 33 123 64 131 43 116 161 8 106 154 153 127 16 108 41 34 144 113 180 163 130 141 119 149 73 18 46 67 173 164
27 27 181 156 34 73 180 138 16 139 33 55 129 133 136 132 118 153 10 95 109 134 122 31 120 124 111 107 52 61 117 58 1 2 21 104 137 135 128 49 112 143 35 142 85 9 99 125 74 126 86 149 177 130 140 18 43 175 97 183 146 41 67 154 161 144 8 150 106 116 64 127 123 108 131 165 46 151 163 20 119 179 174 145 184 141 168 98 157 155 162
28 28 58 117 1
31 31 183 18 34 177 175 135 142 64 8 129 128 104 9 106 132 127 21 112 134 111 27 124 52 58 117 1 109 49 107 95 118 139 10 120 113 41 137 122 55 131 138 35 43 116 136 171 115 33 133 144 150 126 173 123 153 99 161 149 165 16 164 74 125 180 110 154 108 77 46 98 156 146 60 163 86 44 130 178 187 176 182 140 85 2 181 67 147 73 114 143 97
33 33 185 186 184 129 55 27 124 51 52 117 1 2 120 109 10 136 116 16 95 31 107 135 104 111 21 112 138 122 153 134 137 41 34 146 49 35 181 168 133 73 118 74 128 139 97 98 180 132 9 60 99 156 123 142 43 126 161 77 144 108
34 34 109 31 27 111 54 52 61 58 1 2 129 8 177 175 142 134 132 183 106 127 9 180 10 55 18 64 124 122 16 139 33 117 118 107 165 137 21 128 112 95 120 41 135 136 104 153 73 35 40 49
35 35 86 67 143 126 133 128 132 137 21 122 112 124 52 117 58 1 2 10 120 107 95 118 99 16 134 31 73 27 9 136 111 138 135 74 43 55 109 104 41 146 139 175 161 154 85 130 140 142 123 178 177 150 129 46 60 49 108 163 151 33 116 180 176 149 131 153 106 8 127 98 97 19 156 64 34 144 77 145
41 41 175 106 153 127 112 124 52 58 117 1 2 31 49 115 109 104 111 108 161 16 113 149 116 35 107 74 27 10 135 46 60 118 8 144 142 151 43 20 129 95 137 126 33 134 146 187 182 180 9 157 122 178 21 114 64 147 55 110 125 131 67 98 164 150 130 136 171 154 128 97 138 34 120 123 99 191 77 183 165 194
43 43 125 132 127 137 134 107 52 117 1 111 109 126 120 112 135 49 31 118 149 131 35 16 108 10 144 27 9 95 129 163 161 139 151 46 55 122 165 140 41 153 21 104 113 124 177 180 141 145 133 147 106 164 171 128 142 115 99 138 44 130 136 86 33 60 77 146 18 116 121 119 8 160 167 123
44 44 64 107 117 1 131 118 18 112 111 188 193 121 43 31 119 16 123 130 140 9 125 108 86 144 55 138 142 135 128 126 139 129
46 46 178 106 153 132 137 1 2 108 109 49 115 41 16 113 194 112 151 43 161 180 35 111 118 107 27 104 52 31 77 20 117 124 120 67 182 10 165 21 146 157 9 177 114 163 141 110 116 125 99
48 48 117 1 2
49 49 157 147 179 108 144 146 131 139 177 175 142 8 118 129 104 153 9 106 132 21 127 134 52 117 1 111 31 109 107 135 120 27 112 41 113 137 95 55 116 10 43 124 122 149 128 64 171 115 126 180 161 173 46 35 125 136 164 110 133 16 77 33 151 165 163 138 150 178 58 99 20 140 74 98 156 67 114 85 34
50 50 117 1
52 52 190 184 80 160 167 77 165 163 116 60 161 151 144 180 113 177 175 108 34 146 142 149 43 135 126 16 41 178 33 129 153 8 136 104 118 109 127 35 9 112 95 134 106 21 122 10 120 49 111 124 31 27 107 117 1 137 132 55 133 128 139 125 67 131 138 150 183 74 143 85 130 115 64 18 86 46 171 58 73 97 173 154 2 182 140 123 99 179 164 110 157 98 147 156 191
55 55 168 116 33 129 10 109 104 21 122 134 120 27 124 107 117 1 52 128 133 137 31 95 135 132 138 139 112 111 136 9 118 85 142 49 143 35 130 146 106 140 126 16 153 74 73 86 43 156 144 98 150 125 131 18 123 119 34 177 180 174 176 127 181 161 99 41 165 149 97 8 154 108 175 184 67 183 44 2 185 186
60 60 112 52 117 1 2 41 161 35 126 142 10 129 8 74 95 31 64 130 134 175 77 178 154 16 33 150 122 43 107 160 167 106 137 165 163 113 127 151 116 135 118 144 124 149 27 109 146 49 108
64 64 188 193 44 131 9 118 31 112 111 103 105 101 54 18 117 1 2 107 134 49 137 175 150 52 127 21 10 126 74 142 183 132 8 161 129 135 27 34 104 124 154 106 122 60 95 41 110 128 120 139 177 35 109 123 130 165 125 133 58
67 67 16 178 175 35 136 10 1 52 112 124 115 27 143 86 118 133 137 128 132 104 122 111 77 117 46 41 182 165 146 191 73 21 99 31 74 113 107 126 153 129 109 155 162 95 120 97 174 130 49 55
73 73 143 86 136 122 27 117 1 2 95 10 35 107 120 74 133 128 124 129 55 52 97 109 99 155 162 16 130 104 140 33 85 67 150 135 156 146 21 118 142 31 134 132 112 137 149 138 139 111 153 9 34
74 74 85 118 136 122 112 124 58 117 1 2 133 10 95 104 97 120 107 27 137 35 135 73 52 21 99 154 129 41 64 130 55 128 146 150 142 31 9 175 16 60 155 162 138 33 98 134 140 132 67 109 149 111 116 123 161 153 126 49 143 8
77 77 178 8 52 117 1 165 112 146 113 149 135 109 115 171 49 31 111 67 46 60 182 173 160 167 43 142 16 163 41 151 33 144 161 116 129 108 35
80 80 52 58
85 85 154 97 74 133 10 104 95 122 120 107 19 2 136 124 112 118 27 134 55 143 128 130 117 21 86 52 140 138 35 111 126 132 142 129 137 146 145 135 150 125 99 9 119 18 139 73 98 31 106 174 109
86 86 73 35 128 10 95 107 19 117 143 122 130 104 126 124 138 27 112 85 136 132 133 134 21 123 52 139 55 67 125 111 18 129 142 137 118 135 145 97 120 31 99 2 140 16 43 121 119 131 44 108 1 144 174
95 95 97 145 179 130 183 143 18 86 138 125 126 85 142 136 133 129 104 134 122 112 27 124 52 117 2 107 120 10 31 35 109 111 137 73 55 135 128 74 49 21 154 153 99 140 33 118 43 113 9 139 116 149 131 16 146 41 98 132 150 165 60 8 127 180 34 64 106 161 175 123 181 155 162 171 108 144 67
97 97 85 136 95 124 117 2 74 133 104 120 27 99 129 138 10 143 107 122 154 52 73 155 162 112 130 86 126 98 18 125 142 55 128 134 16 41 33 123 135 116 146 67 153 35 31
98 98 104 124 117 2 55 10 128 153 95 31 120 136 97 99 74 16 139 123 41 33 138 52 107 116 146 118 85 27 135 134 35 49
99 99 140 133 136 128 132 124 117 2 120 35 107 27 21 122 95 104 10 97 118 138 134 74 123 31 111 135 137 73 155 162 86 154 129 139 85 52 163 55 98 43 109 49 16 41 67 33 112 141 116 146 46 153 177
104 104 98 139 85 118 55 128 136 153 106 10 95 134 49 31 120 124 107 52 117 58 27 21 135 133 129 122 111 138 74 112 132 108 97 9 126 137 143 142 125 41 116 86 109 146 99 16 35 175 130 161 123 131 33 18 154 180 43 144 157 177 8 64 127 140 149 151 46 67 183 113 165 119 179 73 34 174 145 20 150 168 1 110 155 162 2 115 114 147
