8 8 173 171 77 149 135 109 49 31 112 111 58 52 1 2 127 142 177 129 134 34 175 106 183 9 122 117 150 41 27 132 139 180 178 21 60 144 128 74 35 64 125 118 107 5 6 26 32 47 53 62 137 65 72 56 23 30 68 153 124 13 17 36 39 18 20 51 104 15 25 37 38 10 54 3 61 55 40 131 179 80 126 28 95 161 154 165 138 19 113 120 108 16 43 0 4 12 14 24 42 57 69 75 76 33 146 48 7 11 29 70 130 116 46 73 67 85 123 196 147 157 99 136 192 78 97 151 163 133 115 22 59 63 66 71 79 81 82 87 88 89 90 91 92 93 94 96 100 50 184 45 190 44 98 160 167 86
9 9 110 150 161 131 64 137 21 134 122 49 31 120 111 124 58 52 1 112 126 107 55 128 117 35 118 132 146 133 104 129 106 27 177 135 109 8 149 139 180 34 142 10 153 138 43 127 95 74 175 54 18 16 165 108 41 140 136 44 85 176 154 143 151 125 19 2 103 105 179 46 116 80 62 28 33 73 23 30 68 101 123 5 6 26 32 47 53 65 72 56 13 17 36 39 183 20 61 15 25 37 51 38 130 3 40 145 144 156 99 173 119 188 193 77 194 191 113 60 97 189 197 98 67 178 181 174 187 147 157 182 192 163 48 86 11 70 29 7 160 167 22 59 63 66 71 184 50 0 4 12 14 24 42 45 57 69 75 76 190
10 10 174 130 143 67 86 85 55 118 128 132 104 134 122 112 27 111 124 52 1 2 117 35 95 107 120 73 133 74 31 135 137 139 21 109 16 175 136 138 49 33 99 19 129 97 126 154 123 9 43 150 41 60 146 116 98 140 64 142 153 165 34 125 178 131 8 58 177 106 161 163 46 149 180 168 61 181 48 183 108 77 18 141 20 127 156 44 144 0 4 12 14 24 42 57 69 75 76 51 113 151 5 6 7 11 26 29 32 47 53 70 62 56 173 191 28 13 17 23 30 36 39 65 68 72 50 15 25 37 38 189 197 54 3 176 160 167 119 182 40 196 187 192 179 145 78 115 121 45 184 80 22 59 63 66 71 79 81 82 87 88 89 90 91 92 93 94 96 100
16 16 67 153 137 27 124 107 52 1 2 117 35 108 180 136 151 41 10 161 46 33 43 129 20 118 138 104 132 55 194 120 95 134 126 111 109 133 112 175 60 73 178 135 122 9 34 125 149 139 74 128 31 61 98 21 116 146 58 123 181 48 157 145 44 49 97 143 142 99 77 18 144 0 4 12 14 24 42 57 69 75 76 156 8 131 5 6 7 11 26 29 32 47 53 70 86 13 17 23 30 36 39 56 62 65 68 72 85 54 38 15 25 37 51 121 50 40 165 64 119 3 130 28 106 160 167 140 127 163 174 19 113 176 177 187 182 150 154 184 22 59 63 66 71 79 81 82 87 88 89 90 91 92 93 94 96 100 141 45 190 115 78 80 155 162 171 110 168 147
18 18 83 45 64 109 31 95 107 1 117 44 142 129 183 103 105 134 101 34 131 112 27 132 9 104 126 8 138 55 54 130 106 122 177 135 125 175 127 52 118 188 193 137 86 145 111 133 128 136 97 143 85 43 16 124 139 10 49 21 2 41 121 35 50 120 119 33 74 123 28 48 179 77 60 140 58 20 108 144 73 113 61 116 38 19 40 99 22 59 63 66 71 171 153 161 150 141 154 149 0 4 12 14 24 42 57 69 75 76 146 5 6 7 11 26 29 32 47 53 70 165 115 98 110 163 13 17 23 30 36 39 56 62 65 68 72 164 151 156 147 15 25 37 51 67 46 168 114 160 167 3 155 162 157
20 20 153 58 1 2 117 41 5 6 26 32 47 53 56 13 17 23 30 36 39 62 65 68 72 51 16 28 61 74 15 25 37 38 46 54 3 27 40 19 35 34 48 8 104 157 60 151 73 161 0 4 12 14 24 42 57 69 75 76 108 149 125 21 7 11 29 70 31 49 33 194 80 9 64 50 180 52 44 98 77 10 97 99 55 124 43 78 18 45 22 59 63 66 71 79 81 82 87 88 89 90 91 92 93 94 96 100 95 67 85 137 118 86 132 156 112 139 120 126 131 109 111 138 128 129 150 107 135 144 142 116 134 163 160 167 123 168 130 146 147 171 110 165
21 21 176 156 138 177 139 19 133 128 55 118 132 9 35 122 120 49 31 124 58 107 52 1 2 27 135 104 10 111 137 134 85 99 109 95 117 86 74 13 23 30 68 15 146 129 3 136 143 112 40 54 8 150 70 61 140 123 64 161 142 175 34 126 33 41 116 154 16 43 131 56 62 5 6 26 32 47 53 106 51 17 36 39 65 72 113 84 20 38 153 46 144 25 37 67 180 163 141 130 108 97 173 127 73 98 149 164 119 80 28 60 18 168 110 125 0 4 12 14 24 42 57 69 75 76 48 77 7 11 29 44 181 191 165 174 78 145 151 147 178 187 179 157 182 121 50 183 160 167 45
27 27 181 156 180 73 138 34 139 16 129 55 133 33 61 136 132 118 153 109 95 10 134 122 31 120 124 111 58 107 52 1 2 117 21 104 137 135 128 49 143 74 51 85 99 112 35 9 54 142 86 125 149 67 97 130 140 177 41 17 36 65 72 8 126 175 183 15 25 37 18 43 20 154 3 146 161 64 116 40 46 150 144 7 106 19 131 123 165 127 78 108 151 56 5 6 26 32 47 53 163 38 179 98 13 23 30 39 62 68 28 145 60 174 119 184 141 168 157 155 162 80 48 77 44 194 113 185 186 173 0 4 12 14 24 42 57 69 75 76 176 11 29 70 191 178 189 197 121 50 160 167 187 182 192
28 28 58 1 117 20 5 6 26 32 47 53 62 56 74 13 17 23 30 36 39 65 68 72 41 51 15 25 37 38 61 3 35 54 19 40 34 31 8 80 50 9 2 48 77 44 27 21 60 104 73 43 18 16 64 33 45 22 59 63 66 71 55 0 4 12 14 24 42 57 69 75 76 10 7 11 29 70 49 67 52 46 86 156 98 118 168 157 110 153 163 148 152 158 159 166 169 170 172 171 132 147 151 139 114 121 155 160 162 167 161 128 99
31 31 183 177 175 135 18 34 142 129 8 128 104 106 132 9 64 127 112 21 134 111 27 124 58 52 109 1 117 49 118 107 139 113 41 10 95 120 122 55 138 131 35 137 171 43 173 115 116 136 144 54 33 126 123 133 99 150 153 164 16 161 74 61 165 125 110 45 77 149 180 2 67 46 154 60 98 146 86 156 163 85 83 130 44 28 178 187 140 108 176 20 182 147 80 103 105 143 19 62 191 65 72 181 101 23 30 68 5 6 26 32 47 53 114 56 179 13 17 36 39 97 141 73 15 25 37 51 38 3 40 188 193 151 195 196 160 167 174 189 197 50 192 48 11 7 119 157 70 29 184 0 4 12 14 24 42 57 69 75 76
33 33 51 185 186 184 129 55 27 124 52 1 2 117 61 16 10 109 120 136 116 58 31 104 95 41 135 60 107 73 21 137 138 111 134 34 112 122 35 153 74 98 168 48 181 133 97 146 49 20 99 9 77 128 118 180 132 0 4 12 14 24 42 57 69 75 76 139 156 43 8 5 6 7 11 26 29 32 47 53 70 123 13 17 23 30 36 39 56 62 65 68 72 143 54 38 15 25 37 18 50 46 40 85 3 64 142 28 160 167 144 44 106 163 161 19 151 174 67 175 165 176 108 126 177 127 86 149 187 113 130 125 182 178 80 150 131 22 59 63 66 71 79 81 82 87 88 89 90 91 92 93 94 96 100 154 140 45 190 119 78
34 34 54 61 109 31 27 111 58 52 1 2 40 62 38 19 17 36 65 72 8 15 25 37 51 11 3 64 7 129 177 175 9 183 132 142 78 5 6 26 32 47 53 106 134 13 23 30 39 56 68 18 55 21 41 20 16 33 127 10 180 35 74 73 80 28 122 139 124 60 118 104 137 95 107 165 117 136 112 153 120 0 4 12 14 24 42 57 69 75 76 128 48 29 70 135 49 138 77 131 46 156 133 85 181 43 150 113 179 149 123 192 125 126 99 116 161 154 144 108 146 22 59 63 66 71 79 81 82 87 88 89 90 91 92 93 94 96 100 184 178 163 50 45 190 44 98 86 160 167 97 67 151
35 35 143 67 86 126 133 128 132 137 21 122 112 124 58 52 1 2 117 10 120 95 107 73 99 118 16 31 74 136 9 41 27 135 138 19 111 109 85 134 55 43 46 140 60 161 139 104 123 8 146 20 175 178 49 23 30 68 5 6 26 32 47 53 177 62 56 154 130 142 131 13 17 36 39 65 72 61 51 34 129 33 28 163 15 25 37 150 38 108 180 54 151 3 40 176 98 153 97 149 80 48 116 77 156 64 145 70 141 18 0 4 12 14 24 42 57 69 75 76 44 106 7 11 29 194 125 144 183 191 165 174 50 113 127 160 167 181 196 78 182 119 187 22 59 63 66 71 79 81 82 87 88 89 90 91 92 93 94 96 100 184 121 45 115
41 41 175 106 153 127 112 58 124 52 1 2 117 31 115 49 20 74 16 35 104 46 109 60 108 111 161 113 8 149 116 27 5 6 26 32 47 53 33 34 10 13 17 23 30 36 39 56 62 65 68 72 135 43 118 61 28 38 15 25 37 51 151 144 54 142 21 40 9 107 3 95 180 137 187 129 182 134 67 80 178 157 98 19 125 48 55 110 114 126 64 146 131 147 171 97 122 191 150 77 130 99 73 136 164 128 183 138 0 4 12 14 24 42 57 69 75 76 154 194 120 7 11 29 70 123 132 18 133 195 177 50 85 143 196 160 167 165 44 139 163 181 174 176 86 184 22 59 63 66 71 79 81 82 87 88 89 90 91 92 93 94 96 100 45 140 190 78 156
43 43 125 132 127 137 134 107 52 1 117 111 109 149 135 126 118 49 112 120 131 16 31 35 46 108 95 144 9 10 129 163 153 161 41 151 165 27 104 180 141 177 124 140 55 113 145 139 44 133 147 21 142 171 122 77 164 60 115 99 128 18 33 194 195 121 187 50 175 64 146 116 119 173 182 136 28 48 189 197 74 160 167 34 8 123 138 130 20 150 106 178 85 86 73 58 154 22 59 63 66 71 54 2 0 4 12 14 24 42 45 57 69 75 76 184 61 190 5 6 7 11 26 29 32 47 53 70 97 157 183 13 17 23 30 36 39 56 62 65 68 72 143 80 98 19 15 25 37 51 156 38 67 110 3 168 40
44 44 64 107 1 117 18 131 103 105 101 54 118 43 16 9 31 188 193 112 111 121 55 50 119 28 48 77 123 140 60 128 130 20 138 108 125 132 144 139 86 134 73 137 27 10 45 126 35 104 74 2 135 41 52 129 142 33 49 21 120 22 59 63 66 71 141 58 62 122 0 4 12 14 24 42 57 69 75 76 145 61 5 6 7 11 26 29 32 47 53 70 19 124 56 127 67 51 95 13 17 23 30 36 39 65 68 72 143 15 25 37 38 109 46 161 136 3 150 133 99 116 154 98 40 165 110 153 85 97 163 151 168 146 156 34 149 147 171 160 167 157 106 155 162 148 152 158 159 166 169 170 172 114 164 8 113 115
46 46 178 106 153 132 137 1 2 108 41 16 115 194 113 49 20 43 35 109 151 112 180 161 77 67 118 52 27 111 31 104 107 165 182 99 9 124 10 146 0 4 12 14 24 42 57 69 75 76 120 48 117 21 5 6 7 11 26 29 32 47 53 70 58 56 177 114 163 157 141 13 17 23 30 36 39 62 65 68 72 60 61 110 15 25 37 51 38 129 54 126 3 116 73 145 125 134 33 149 19 74 40 34 8 55 122 64 85 22 59 63 66 71 79 81 82 87 88 89 90 91 92 93 94 96 100 95 78 45 50 28 44 98 175 127 97 142 18
48 48 1 2 117 60 20 73 0 4 12 14 24 42 57 69 75 76 16 74 5 6 7 11 26 29 32 47 53 70 62 56 41 33 13 17 23 30 36 39 65 68 72 51 61 15 25 37 38 58 46 50 64 35 3 28 54 19 44 98 77 10 40 97 34 8 99 27 43 18 21 45 22 59 63 66 71 79 81 82 87 88 89 90 91 92 93 94 96 100 78 55 31 67 95 85 49 9 52 86 156 168 157 118 163 148 152 158 159 166 169 170 172 132 147 153 110 104 151 171 114 121 155 160 162 167 130
49 49 157 147 179 108 144 146 131 139 177 175 142 118 8 129 153 106 104 132 9 127 21 134 52 1 117 111 31 109 135 107 113 120 112 41 27 55 116 95 43 137 122 124 171 128 115 180 10 173 126 149 64 46 161 125 164 136 35 110 77 16 33 133 178 151 165 58 67 163 138 20 150 34 140 99 85 74 191 114 98 156 60 18 141 183 194 182 187 123 44 130 176 154 195 2 19 86 160 167 50 189 197 28 48 143 119 97 51 73 80 13 23 30 68 5 6 26 32 47 53 62 184 61 54 3 15 40 25 37 17 36 39 56 65 72 38
50 50 1 117 28 48 44 77 60 20 73 43 18 16 74 41 33 45 22 59 63 66 71 55 64 0 4 12 14 24 42 57 69 75 76 35 5 6 7 11 26 29 32 47 53 70 62 56 10 67 51 13 17 23 30 36 39 65 68 72 58 31 61 15 25 37 38 49 46 27 3 54 19 2 40 34 21 52 168 148 152 158 159 166 169 170 172 8 147 157 156 86 114 121 155 160 162 167 110 98 9 171 119 163 164 108 165 161 151 116 153
52 52 190 184 160 167 80 163 165 77 151 116 161 144 113 180 60 177 108 175 146 149 142 126 135 43 178 16 129 153 34 41 136 33 118 104 109 8 127 112 134 9 95 106 35 122 21 10 120 49 111 124 31 27 107 137 1 117 55 132 133 128 125 67 139 131 183 138 150 74 115 58 143 130 85 171 64 173 73 86 46 18 97 154 182 2 99 164 140 179 123 157 191 110 98 147 20 51 145 156 187 61 54 119 176 174 194 181 155 162 19 114 44 185 186 28 195 196 189 197 48
55 55 168 116 33 129 10 109 104 122 134 120 21 124 27 107 1 117 133 52 128 135 138 139 137 31 112 9 95 118 136 111 132 142 143 85 49 146 130 106 35 140 126 16 74 144 73 51 150 86 156 98 153 18 43 180 119 174 34 123 131 176 125 177 67 181 161 41 58 99 154 2 149 165 44 184 108 97 185 186 8 19 77 60 121 127 173 50 191 189 197 46 61 28 48 20 183 175 64 187 182 113 151 15 13 23 30 68 17 36 65 72 62 56 54 3 163 25 37 38 39 40 110 22 59 63 66 71 141 157 160 167 0 4 12 14 24 42 45 57 69 75 76 171 145 178 155 162 5 6 7 11 26 29 32 47 53 70 147 115
60 60 112 52 1 2 117 41 35 74 8 10 16 48 161 33 64 126 20 142 77 31 73 129 34 0 4 12 14 24 42 57 69 75 76 95 130 178 43 5 6 7 11 26 29 32 47 53 70 58 56 175 51 150 13 17 23 30 36 39 62 65 68 72 61 154 106 134 15 25 37 54 27 38 50 46 3 55 137 28 160 167 122 127 44 98 21 109 118 153 163 19 40 135 97 124 196 151 183 49 111 165 9 99 146 116 144 120 149 108 104 107 18 113 45 136 22 59 63 66 71 79 81 82 87 88 89 90 91 92 93 94 96 100 132 78 184 86 177 128 131 190 67 85 125 139 138 80 171 115 180 140 123 156 110 147 157 119 164 114 168 121 155 162 148 152 158 159 166 169 170 172
64 64 103 105 101 188 193 18 44 54 131 118 9 31 112 111 1 2 117 29 34 11 45 62 49 83 107 134 175 38 40 58 150 74 137 21 126 8 10 61 127 183 27 132 142 60 161 52 129 135 19 104 95 124 122 106 154 41 110 128 48 109 120 35 20 139 177 130 43 73 165 125 70 133 56 0 4 12 14 24 42 57 69 75 76 55 16 23 30 68 123 5 6 7 26 32 47 53 28 33 98 77 51 13 17 36 39 65 72 85 50 15 25 37 97 99 46 3 78 180 196 138 179 192 144 153 178 86 108 113 67 149 146 140 116 115 171 136 22 59 63 66 71 79 81 82 87 88 89 90 91 92 93 94 96 100 147
67 67 178 16 175 136 35 10 1 112 115 52 143 124 86 118 27 77 46 132 133 128 182 122 73 165 146 41 191 137 104 21 55 2 74 111 113 155 162 126 31 130 117 174 49 97 153 99 58 85 109 134 129 107 8 33 95 9 120 19 22 59 63 66 71 64 45 50 61 0 4 12 14 24 42 57 69 75 76 28 48 54 5 6 7 11 26 29 32 47 53 70 44 56 13 17 23 30 36 39 62 65 68 72 60 20 15 25 37 51 38 3 106 43 18 40 34
73 73 143 86 136 122 27 1 2 117 95 10 35 74 107 120 133 124 128 19 97 129 55 16 99 33 85 61 155 162 48 67 104 130 58 60 34 52 20 140 109 150 0 4 12 14 24 42 57 69 75 76 142 146 135 9 156 5 6 7 11 26 29 32 47 53 70 41 21 137 138 132 149 13 17 23 30 36 39 56 62 65 68 72 54 112 38 40 15 25 37 51 118 46 50 64 3 139 31 28 44 98 134 191 77 153 8 126 180 181 43 18 45 22 59 63 66 71 79 81 82 87 88 89 90 91 92 93 94 96 100 111 125 123 154 161 116 119 131 78 108 49 144 121 151 163 168 165
74 74 85 118 136 122 112 58 124 1 2 117 133 97 10 104 95 35 73 41 27 120 107 21 19 135 137 20 52 99 5 6 26 32 47 53 60 154 64 9 55 13 17 23 30 36 39 56 62 65 68 72 8 31 61 28 130 38 146 15 25 37 51 54 40 128 150 3 16 33 34 129 175 98 142 155 162 48 132 138 140 67 49 109 143 0 4 12 14 24 42 57 69 75 76 111 149 153 123 7 11 29 70 116 161 134 80 18 86 50 46 126 191 44 139 127 183 77 174 196 181 43 176 106 187 182 131 178 125 108 144 22 59 63 66 71 79 81 82 87 88 89 90 91 92 93 94 96 100 45 119 156 151 113 165 78 171 163 180 121 115 110 160 167
77 77 178 8 52 1 117 165 146 113 112 67 149 46 115 171 135 49 60 182 31 109 173 43 16 111 41 58 33 50 35 28 48 160 167 44 163 142 10 20 151 153 129 34 144 55 116 161 2 73 175 127 108 9 27 106 18 118 64 74 126 134 45 22 59 63 66 71 21 122 0 4 12 14 24 42 57 69 75 76 137 107 54 61 184 104 124 132 5 6 7 11 26 29 32 47 53 70 95 120 190 51 56 177 150 19 13 17 23 30 36 39 62 65 68 72 125 80 131 139 15 25 37 38 180 136 130 128 3 138 86 157 154 123 40 98 110 156 147 164 99 97 168 119 114 121 155 162 148 152 158 159 166 169 170 172 140
80 80 58 52 34 41 8 28 5 6 26 32 47 53 65 72 62 56 23 30 68 35 9 13 17 36 39 104 20 15 25 37 51 38 21 31 3 61 54 40 74 1 27 19 190 184 160 167 2 77 163 151 165 161 153 116 177 180 60 49 106 113 118 175 149 144 108 146 126 112 109 33 178 10 127 16 43 129 136 135 134 124 122 111 142 120 95
85 85 154 97 74 19 133 10 104 95 122 120 107 2 136 86 124 112 118 27 21 130 128 143 55 134 35 138 140 70 117 13 23 30 68 58 15 126 99 84 111 3 129 142 52 40 146 132 73 137 54 150 1 135 125 61 145 139 98 119 9 31 18 67 174 49 183 109 34 161 179 106 41 33 43 149 191 8 180 16 64 131 25 37 38 51 144 46 127 153 79 81 82 87 88 89 90 91 92 93 94 96 100 121 141 0 4 12 14 24 42 57 69 75 76 48 5 6 7 11 26 29 32 47 53 44 123 175 78 17 36 39 56 62 65 72 60 20 116 108
86 86 73 19 128 35 10 95 107 117 143 122 85 130 138 104 27 21 136 124 126 133 84 132 123 112 67 70 68 139 134 2 13 23 30 135 111 52 125 15 145 3 97 1 137 118 55 18 120 99 142 40 129 54 58 174 61 31 121 119 183 179 44 74 140 131 108 144 43 109 16 154 41 49 146 33 106 98 141 60 150 153 9 116 64 127 156 149 20 161 48 165 163 28 34 155 162 113 151 77 50 160 167 171 8 168
95 95 145 179 97 130 183 143 138 125 86 126 18 85 142 136 133 129 104 134 122 112 27 124 52 2 117 107 120 10 35 109 111 73 137 31 135 128 55 74 21 49 99 140 154 113 43 153 131 33 118 9 149 146 98 116 19 139 132 64 16 41 150 60 83 45 161 123 165 180 67 155 162 171 181 106 175 108 177 34 1 144 58 8 127 156 174 119 189 197 46 173 178 191 151 20 48 160 167 176 61 163 77 44 196 51 15 182 13 23 30 68 187 121 70 54 3 17 36 65 72 62 5 6 26 32 47 53 56 40
97 97 85 136 95 124 2 117 74 133 104 99 129 138 120 27 73 154 143 10 98 155 162 122 107 130 19 86 126 16 52 125 41 33 142 112 18 67 145 134 35 123 179 128 146 48 55 183 116 60 20 153 181 174 176 135 118 187 21 9 182 137 140 58 79 81 82 87 88 89 90 91 92 93 94 96 100 0 4 12 14 24 42 57 69 75 76 1 61 139 109 5 6 7 11 26 29 32 47 53 70 51 56 31 54 8 132 64 111 49 161 78 13 17 23 30 36 39 62 65 68 72 38 43 150 15 25 37 119 46 149 3 131 156 108 151 44 40 144 121 165 163 160 167 77 34 28 157 168 171 113 50
98 98 104 124 2 117 97 10 95 128 55 99 153 74 16 136 41 33 139 138 123 85 35 27 31 116 120 146 118 48 21 135 107 60 58 20 143 52 174 133 73 181 176 112 134 137 187 182 49 111 106 79 81 82 87 88 89 90 91 92 93 94 96 100 64 9 129 0 4 12 14 24 42 57 69 75 76 86 1 5 6 7 11 26 29 32 47 53 70 51 19 61 62 56 78 13 17 23 30 36 39 65 68 72 126 132 38 161 15 25 37 108 130 46 154 125 3 151 142 140 122 54 157 43 40 144 156 131 119 168 109 44 28 155 162 150 18 163 165 121 110 160 167 34 114 77 148 152 158 159 166 169 170 172 147 149 171 8 50
99 99 140 133 136 128 132 124 2 117 35 107 120 122 97 21 27 118 138 10 74 95 104 123 134 85 73 154 155 162 86 98 129 31 139 111 135 163 46 137 16 52 43 141 41 67 33 55 109 177 143 146 48 9 116 60 153 49 20 176 181 174 126 34 112 187 130 19 142 182 8 58 125 1 79 81 82 87 88 89 90 91 92 93 94 96 100 150 131 0 4 12 14 24 42 57 69 75 76 119 161 5 6 7 11 26 29 32 47 53 70 108 156 54 18 144 64 61 78 13 17 23 30 36 39 56 62 65 68 72 38 165 44 149 121 15 25 37 51 151 40 3 77
104 104 98 139 85 118 128 55 136 153 106 95 10 134 49 31 120 124 58 107 52 117 27 133 135 21 129 122 138 74 111 108 97 132 9 143 126 137 112 125 41 142 86 116 99 175 146 123 16 161 154 130 35 180 109 131 33 144 157 177 43 18 67 20 8 2 183 19 73 127 179 151 64 165 1 149 119 46 174 145 150 140 34 113 168 155 162 80 114 110 147 115 28 194 61 173 163 60 44 121 181 77 189 197 176 160 167 178 5 6 26 32 47 53 62 56 13 17 23 30 36 39 65 68 72 156 187 15 25 37 51 38 182 3 54 40 171 184 141
