8 8 173 77 171 149 135 109 49 31 112 111 52 58 1 2 127 142 177 129 134 175 106 183 117 34 122 150 139 180 132 178 9 144 124 64 128 107 27 137 125 118 153 10 41 18 131 21 104 179 60 154 126 35 161 95 165 108 55 146 138 113 120 74 147 43 130 157 123 116 16 33
9 9 110 150 161 131 64 21 137 134 122 49 31 120 111 124 52 58 1 112 107 126 128 117 55 132 118 27 133 129 146 177 35 104 139 10 106 135 109 142 180 127 149 138 95 153 8 43 175 16 165 108 34 74 136 140 125 176 85 143 123 41 154 151 179 116 33 183 44 18 144 130 188 193 156 46 99 145 73 119 173 147 157 194 97 191 98
10 10 174 130 86 67 143 85 55 118 128 132 104 134 122 27 112 111 124 52 117 1 2 107 95 35 120 31 21 133 135 74 137 109 73 139 16 175 129 9 49 138 33 99 136 142 123 43 154 116 146 64 126 150 97 165 153 41 140 131 125 178 106 98 34 163 177 149 180 60 183 8 127 161 181 168 156 144 108 46 141 113 151 77 18 179
16 16 67 153 137 27 124 107 52 117 1 2 35 108 180 136 10 151 161 120 118 41 55 129 104 138 33 111 132 134 43 126 122 95 109 194 9 112 46 133 125 31 175 135 128 139 149 123 178 49 116 181 145 20 143 146 34 157 144 21 73 74 99 156 97 98 142 127 60 44 121 119 165 140 130 160 167 18 131 77 163 85 86 113 106 8 174 182
18 18 109 95 31 107 117 83 45 64 1 142 129 183 134 27 132 104 130 112 125 138 52 55 34 106 126 86 122 177 8 127 175 135 145 137 124 128 143 133 44 97 136 85 131 111 118 43 120 139 121 16 140 108 123 119 144 21 179 10 9 49 35
20 20 153 117 58 1 2 157 151 41 16 108 161 125 149 194 46 104 180 49 27 52
21 21 176 156 138 177 139 133 55 128 118 9 35 132 122 49 31 120 124 107 52 19 58 27 1 2 135 104 10 111 137 134 117 109 99 95 146 129 85 136 143 126 112 142 150 64 86 74 175 140 123 161 33 116 154 131 43 153 106 8 127 144 108 113 16 163 180 130 141 34 41 119 149 73 173 164 18 67 46 183 110 168 97 125 179 98 157
27 27 181 156 34 73 180 138 16 139 33 55 129 133 136 132 118 153 10 95 109 134 122 31 120 124 111 107 52 117 61 58 21 104 137 1 2 135 128 49 112 143 85 142 35 9 99 125 86 74 126 149 130 177 140 18 43 175 146 97 183 67 154 161 116 41 150 144 106 131 64 8 108 165 123 127 46 151 163 179 119 174 145 184 141 168 20 157 155 162 98 113 194 185 186 60
28 28 117 58 1
31 31 183 34 18 177 175 135 64 142 8 129 128 9 104 106 132 21 127 112 134 111 27 124 52 117 109 58 49 1 107 95 118 139 10 113 120 137 41 122 55 131 138 35 43 136 116 171 115 144 173 33 126 123 133 99 153 150 165 161 149 164 125 16 110 180 74 154 156 98 46 77 146 163 60 86 130 108 44 178 176 85 187 140 182 67 147 181 143 114 73 97 191 179 141 151 188 193
33 33 185 186 184 129 55 27 124 52 117 51 1 2 120 109 10 116 136 107 95 135 104 16 31 111 122 21 134 153 137 112 138 181 49 168 41 34 146 133 35 180 128 132 118 73 98 97 156 74 9 142 123 126 99 139 60 160 167 77 163 143 149 151 165 144 43 108 161 8 113
34 34 109 31 27 111 52 54 61 58 1 2 129 177 8 175 142 132 183 134 106 127 180 55 18 10 9 124 139 122 64 16 33 137 118 165 107 128 117 135 95 120 136 153 21 104 112 138 49 73 181 133 41 156 131 123 150 125 43 113 192 35 154 149 179
35 35 86 67 143 126 133 128 132 137 21 122 112 124 52 117 58 1 2 10 120 107 95 118 99 16 73 31 27 136 9 111 135 138 134 109 43 104 55 74 146 161 140 85 41 139 123 177 175 178 154 130 142 46 49 108 129 163 151 150 60 131 176 180 33 116 149 153 127 156 145 98 97 144 8 141 183 165 64 77 113 194 34 160 167 106 191 125 174
41 41 175 106 153 127 112 124 52 117 58 1 2 31 115 49 109 108 104 111 113 161 149 16 116 107 135 118 35 46 142 151 10 60 74 27 144 129 137 43 126 8 95 187 134 182 180 146 20 157 125 178 33 114 147 110 131 150 67 9 130 164 171 64 122 128 154 191 98 55 138 120 123 97 21 183 136 99 194 160 167 165 77 195 163 34 132 133 196 177 143
43 43 125 132 127 137 134 107 52 117 1 111 109 126 120 49 149 31 135 118 112 131 35 144 108 10 16 95 27 9 163 46 153 139 122 151 161 165 129 140 104 124 113 41 55 177 180 141 145 21 133 147 164 171 128 99 115 142 138 44 60 123 121 119 130 8 160 167 18 194 195 77 116 187 33 175 182 136 86 189 197 173 146 34 106 143 85
44 44 64 107 117 1 131 118 111 112 18 188 193 121 31 119 123 130 140 9 86 43 16 108 125 144 138 139 126 134 135 137 55 142 27 128 129 120 132 104
46 46 178 106 153 132 137 1 2 108 115 109 49 194 113 151 41 112 16 161 43 180 111 118 35 107 104 52 27 31 120 124 77 117 182 165 67 20 146 114 177 157 141 110 163 21 129 10 126 145 9 116 134 99 149 125 122
48 48 117 1 2
49 49 157 147 179 108 144 146 131 139 177 175 8 142 118 129 104 9 153 106 132 21 127 134 52 117 111 31 1 109 107 135 120 112 27 113 137 41 95 55 116 124 10 43 122 128 64 149 171 115 126 180 173 46 161 35 125 164 136 133 110 16 151 77 165 33 163 178 150 138 99 140 98 85 20 114 67 74 34 156 191 60 141 194 18
50 50 117 1
52 52 190 184 80 160 167 77 165 163 60 116 151 161 144 180 113 34 177 175 108 146 142 149 43 16 126 135 41 33 178 129 153 8 136 104 118 109 35 127 9 112 95 134 21 106 122 10 120 49 111 27 124 31 107 117 137 55 132 133 128 1 139 125 67 131 138 150 183 74 143 85 115 130 64 86 171 46 18 173 97 73 154 182 140 99 123 179 164 110 157 98 147 156 191 58 2 145 187 119 176 174 181
55 55 168 116 33 129 10 109 104 21 122 134 120 27 124 107 117 1 52 133 128 95 137 135 31 139 138 112 132 136 118 9 111 85 142 49 143 146 126 130 106 35 140 16 74 153 156 150 144 73 98 43 125 34 131 177 86 119 180 18 123 174 176 181 99 161 154 165 41 97 149 184 175 8 183 185 186 108 67 44 121 127 173 191 189 197
60 60 112 52 117 1 2 41 161 126 142 35 129 10 95 8 74 130 175 31 178 154 150 134 64 77 160 167 137 113 165 106 163 43 151 16 144 127 116 149 33 146 108 107 135 109 124 49 196 122 118 104 153 111 27 120 183
64 64 188 193 44 131 9 118 31 112 111 117 103 105 101 54 18 1 2 107 134 175 49 150 137 21 127 126 10 52 183 142 161 132 74 135 129 8 104 124 154 27 106 122 34 110 120 128 41 177 60 95 123 130 165 139 35 125 133 109 179 180
67 67 16 178 175 35 136 10 1 52 112 124 115 27 143 86 133 137 118 128 132 104 122 111 77 182 117 191 165 146 41 46 113 129 95 155 162 126 120 174 21 31 73 97 107 74 55 130 99 134 49 85 109 153
73 73 86 143 136 122 27 117 1 2 95 10 35 120 107 133 74 128 124 129 55 97 99 155 162 52 109 130 104 140 146 150 156 85 67 142 135 112 16 149 138 134 21 33 137 31 139 111 132 9 180 118 191 34 153 181
74 74 85 118 136 122 112 124 117 58 1 2 133 10 95 97 104 120 107 27 137 135 73 154 35 99 52 21 130 64 146 55 150 41 128 129 175 142 9 155 162 138 134 140 16 132 60 98 31 33 67 123 149 116 109 111 161 143 153 126 8 49 191 183 106 196 174 181 127
77 77 178 8 52 117 1 165 112 146 113 149 135 171 115 109 49 31 111 182 67 46 173 60 160 167 163 151 129 43 16 41 108 116 161 144 33 153 126 142 134 10 118 104 35 27 127 175
80 80 52 58
85 85 97 154 74 133 10 104 95 122 120 107 19 2 136 124 112 118 27 134 55 143 130 128 117 21 86 140 138 52 35 126 111 129 142 132 137 146 145 135 150 125 9 99 18 119 139 31 73 106 174 161 109 49 183 67 98 16 149 180 179 153 123 191 43 131
86 86 73 35 128 10 95 107 117 19 143 122 104 27 130 112 138 126 124 136 132 133 85 134 21 123 67 52 55 135 18 111 129 137 139 125 118 145 142 97 120 99 121 174 119 44 140 131 183 108 31 179 144 43 16
95 95 97 145 179 130 183 18 143 86 138 125 126 85 142 136 133 129 104 134 122 27 112 124 52 117 107 120 10 2 31 35 111 109 137 73 55 135 128 74 21 49 154 153 140 118 99 43 9 33 113 139 131 149 116 146 16 132 41 98 150 165 127 8 60 175 123 106 34 181 155 162 161 171 108 67 144 180 64 178 156 177 151
97 97 85 136 95 124 117 2 133 74 104 120 27 99 129 138 143 122 10 107 154 155 162 73 52 130 112 86 126 18 98 125 142 134 123 67 16 116 146 41 145 33 31 55 137 179 128 111 183 153 35 135 21 181 174 176
98 98 104 124 117 2 55 128 153 10 95 136 31 120 97 123 139 99 74 138 16 146 116 118 33 41 107 135 27 52 35 134 49 112 85 106 137 111 143 174 133 21 187 181 176 182
99 99 140 133 136 128 132 124 117 2 120 35 107 27 21 122 95 104 10 118 97 134 123 74 31 138 111 137 135 73 129 154 155 162 86 139 163 52 85 43 98 67 141 112 143 177 16 116 146 41 153 49 33 109 46 9 55 181 176 174
104 104 98 139 85 118 55 128 136 153 106 10 95 134 49 31 120 124 107 52 117 58 27 21 133 135 129 122 111 138 74 97 112 132 108 9 126 143 137 116 125 86 142 41 109 99 146 35 175 130 16 161 123 33 131 154 18 180 144 43 157 64 177 8 127 140 149 46 151 67 183 113 179 165 119 73 174 34 145 150 168 110 155 162 20 115 114 147 194 163 60 121 44 160 167 77 173
