8 8 58 1 2 77 31 173 171 149 135 109 49 112 111 52 5 6 26 32 47 53 20 41 74 62 56 35 13 17 23 30 36 39 65 68 72 28 51 21 61 9 34 27 15 25 37 38 3 19 80 54 60 0 4 12 14 24 42 57 69 75 76 104 48 73 40 46 16 10 7 11 29 70 33 64 85 78 22 59 63 66 71 79 81 82 87 88 89 90 91 92 93 94 96 100 67 50 44 97 98 55 43 45 99 95 18 102 117 101 86 127 134 84 124 122 129 142 106 175 177 132
9 9 58 1 31 110 150 161 131 49 137 134 21 122 120 111 124 52 28 64 5 6 26 32 47 53 20 8 74 41 35 62 56 23 30 68 80 13 17 36 39 65 72 104 27 51 34 61 15 25 37 38 54 3 40 2 19 55 43 77 22 59 63 66 71 44 50 45 67 18 70 16 10 60 73 0 4 12 14 24 42 57 69 75 76 46 48 33 7 11 29 78 101 103 105 85 117 112 102 95 107 132 128 129 98 97 99 106 118 86
10 10 1 2 174 67 130 143 55 118 128 132 134 85 122 86 112 111 124 104 27 52 117 73 60 16 48 0 4 12 14 24 42 57 69 75 76 46 70 35 74 33 41 5 6 7 11 26 29 32 47 53 20 8 21 62 23 30 68 56 58 61 51 13 17 36 39 65 72 34 95 15 25 37 38 64 99 98 97 43 54 77 3 50 49 19 22 59 63 66 71 79 81 82 87 88 89 90 91 92 93 94 96 100 44 31 45 40 78 9 28 18 107 120 101 137 80 133 135 109 129 136 139 102
16 16 1 2 67 153 137 124 52 27 107 117 48 60 0 4 12 14 24 42 57 69 75 76 46 73 10 70 20 41 5 6 7 11 26 29 32 47 53 33 35 74 65 72 62 56 8 23 30 68 51 58 13 17 36 39 21 61 34 15 25 37 38 64 43 77 98 44 97 54 3 50 78 55 22 59 63 66 71 79 81 82 87 88 89 90 91 92 93 94 96 100 99 45 95 49 85 40 28 9 31 18 19 101 104 80 102 112 136
18 18 83 45 64 103 105 101 1 109 31 107 95 54 117 44 2 9 50 77 22 59 63 66 71 43 62 55 67 49 28 48 60 0 4 12 14 24 42 57 69 75 76 16 52 73 46 61 58 10 20 5 6 7 11 26 29 32 47 53 70 8 74 41 33 56 35 19 51 27 13 17 23 30 36 39 65 68 72 21 34 15 25 37 38 3 112 131 118 40 111 188 193 78 85
20 20 58 1 2 153 5 6 26 32 47 53 41 74 62 56 8 35 117 13 17 23 30 36 39 65 68 72 28 51 61 21 15 25 37 38 27 34 9 31 3 19 80 54 48 0 4 12 14 24 42 57 69 75 76 60 104 46 73 16 40 10 7 11 29 70 33 64 85 78 77 50 22 59 63 66 71 79 81 82 87 88 89 90 91 92 93 94 96 100 67 44 98 97 99 55 43 45 49 95 52 18 102 86 101 84 124
21 21 19 58 1 2 9 35 13 23 30 68 31 176 156 138 177 139 55 15 133 128 118 70 132 49 3 85 122 84 120 86 124 61 52 40 54 107 56 62 5 6 26 32 47 53 20 74 41 8 17 36 39 65 72 28 27 51 38 25 37 34 104 80 0 4 12 14 24 42 57 69 75 76 48 60 16 10 73 46 33 7 11 29 78 64 99 97 43 67 95 77 98 44 22 59 63 66 71 79 81 82 87 88 89 90 91 92 93 94 96 100 50 45 18 117 102 101 111 134 135 137 112
27 27 61 58 34 1 2 73 181 31 16 156 17 36 65 72 51 180 138 55 139 129 10 133 136 132 95 118 15 25 37 153 109 7 33 134 122 120 3 124 111 78 54 52 107 40 19 62 56 20 5 6 26 32 47 53 74 41 35 8 38 117 21 13 23 30 39 68 28 9 104 80 48 60 0 4 12 14 24 42 57 69 75 76 46 11 29 70 85 64 49 99 97 67 43 77 98 44 50 22 59 63 66 71 79 81 82 87 88 89 90 91 92 93 94 96 100 45 86 18 84 137 102 128 112 135 101
28 28 58 1 117 9 31 5 6 26 32 47 53 20 74 65 72 62 41 56 8 23 30 68 35 80 13 17 36 39 21 51 104 15 25 37 38 34 27 3 61 54 40 2 50 77 22 59 63 66 71 44 67 43 45 55 19 49 48 70 60 0 4 12 14 24 42 57 69 75 76 73 16 46 52 10 7 11 29 33 64 78 18 102 85 98 97 95 99 101 86 79 81 82 87 88 89 90 91 92 93 94 96 100
31 31 58 1 9 104 183 177 8 135 175 142 129 128 132 106 127 134 112 21 111 34 27 124 52 18 64 117 28 41 5 6 26 32 47 53 20 35 74 62 56 80 61 13 17 23 30 36 39 65 68 72 51 54 15 25 37 38 19 3 45 2 49 40 55 43 77 67 44 50 22 59 63 66 71 10 60 16 46 48 73 0 4 12 14 24 42 57 69 75 76 33 7 11 29 70 78 83 109 107 95 101 85 103 105 120 118 86 122 99 139 102 137 98 97 113 84
33 33 51 1 2 185 186 184 55 129 124 52 61 27 117 58 48 60 0 4 12 14 24 42 57 69 75 76 16 73 46 10 5 6 7 11 26 29 32 47 53 70 20 41 74 62 35 56 8 13 17 23 30 36 39 65 68 72 21 34 15 25 37 38 64 19 77 98 97 3 50 22 59 63 66 71 79 81 82 87 88 89 90 91 92 93 94 96 100 44 99 67 43 54 95 85 45 49 78 40 28 31 9 18 104 80 101
34 34 54 61 58 27 62 40 11 1 2 38 17 36 65 72 31 51 19 15 25 37 78 7 109 3 111 64 52 56 5 6 26 32 47 53 20 8 41 74 35 13 23 30 39 68 28 21 9 80 104 0 4 12 14 24 42 57 69 75 76 48 60 73 16 46 10 85 29 70 33 77 55 22 59 63 66 71 79 81 82 87 88 89 90 91 92 93 94 96 100 67 50 97 44 98 43 45 99 95 49 86 84 101 18 103 105 102 117 124
35 35 58 1 2 67 143 126 21 133 128 132 137 122 86 112 124 52 5 6 26 32 47 53 20 74 41 62 56 8 117 13 17 23 30 36 39 65 68 72 28 51 9 61 31 27 19 15 25 37 34 38 3 80 54 73 10 60 16 104 48 0 4 12 14 24 42 57 69 75 76 46 40 7 11 29 70 33 85 64 95 99 78 43 77 55 97 98 50 22 59 63 66 71 79 81 82 87 88 89 90 91 92 93 94 96 100 44 49 45 18 107 102 120 84 101 118 134 111 136
41 41 58 1 2 175 153 106 127 112 124 52 20 5 6 26 32 47 53 74 62 56 35 8 117 13 17 23 30 36 39 65 68 72 28 51 61 21 31 27 9 15 25 37 34 38 3 19 80 54 104 60 48 0 4 12 14 24 42 57 69 75 76 16 46 73 40 10 7 11 29 70 33 64 85 78 77 49 67 98 97 43 50 22 59 63 66 71 79 81 82 87 88 89 90 91 92 93 94 96 100 44 99 55 95 45 18 102 86 101 84 111 107
43 43 1 125 132 127 137 134 52 107 117 44 77 50 22 59 63 66 71 55 67 49 45 16 46 60 28 48 31 0 4 12 14 24 42 57 69 75 76 9 73 10 70 35 41 20 5 6 7 11 26 29 32 47 53 33 74 65 72 62 8 56 23 30 68 21 18 51 58 27 13 17 36 39 34 15 25 37 64 38 2 61 54 3 40 19 111 78 109 104 112 120 118 101 95
44 44 1 107 117 64 50 22 59 63 66 71 77 45 43 67 55 18 49 28 48 60 0 4 12 14 24 42 57 69 75 76 16 73 46 9 70 31 52 10 20 5 6 7 11 26 29 32 47 53 62 74 41 33 65 72 56 35 8 23 30 68 54 51 58 13 17 36 39 21 27 15 25 37 2 38 34 61 3 101 40 103 105 19 78
46 46 1 2 178 106 153 132 137 0 4 12 14 24 42 57 69 75 76 48 60 16 73 70 10 20 5 6 7 11 26 29 32 47 53 41 65 72 62 74 56 35 33 8 23 30 68 51 13 17 36 39 21 58 27 15 25 37 38 34 61 64 67 77 54 3 78 22 59 63 66 71 79 81 82 87 88 89 90 91 92 93 94 96 100 43 50 99 44 98 97 45 49 55 40 85 95 52 28 31 9 19 18 101 104 102 117 80
48 48 1 2 117 0 4 12 14 24 42 57 69 75 76 60 73 46 16 70 10 5 6 7 11 26 29 32 47 53 20 74 65 72 62 41 33 56 8 23 30 68 35 51 13 17 36 39 21 58 15 25 37 27 38 34 61 64 54 3 50 77 78 22 59 63 66 71 79 81 82 87 88 89 90 91 92 93 94 96 100 44 98 97 67 99 43 55 45 40 85 95 49 28 52 31 9 19 18 101 104 102 80
49 49 1 157 147 179 144 108 146 131 139 177 175 142 118 129 153 106 132 127 134 9 104 52 8 21 117 43 31 77 55 50 67 22 59 63 66 71 44 45 46 58 10 60 16 28 48 0 4 12 14 24 42 57 69 75 76 41 73 70 20 33 35 74 5 6 7 11 26 29 32 47 53 27 65 72 62 56 23 30 68 51 13 17 36 39 18 2 64 34 15 25 37 38 61 111 54 3 107 40 19 109 135 112 95 120 137 78 124 113 122
50 50 1 117 22 59 63 66 71 77 44 67 43 45 55 49 28 48 60 0 4 12 14 24 42 57 69 75 76 73 16 46 70 9 10 31 52 20 5 6 7 11 26 29 32 47 53 74 41 33 65 72 62 56 35 8 23 30 68 51 13 17 36 39 58 18 21 27 15 25 37 64 38 34 2 61 54 3 40 19 78 101
52 52 1 77 190 184 160 167 165 163 116 161 144 151 113 180 43 177 175 108 146 142 149 135 126 178 129 153 136 118 109 127 134 112 106 49 60 122 16 120 80 111 124 9 104 10 31 95 41 33 8 35 107 21 27 34 117 55 58 67 44 50 22 59 63 66 71 45 51 2 46 73 61 28 48 0 4 12 14 24 42 57 69 75 76 74 20 19 137 5 6 7 11 26 29 32 47 53 70 18 62 56 64 13 17 23 30 36 39 65 68 72 54 15 25 37 38 132 3 40 85 128 133 78 139 125 131 97 138 86 150 99
55 55 1 168 116 129 109 122 134 120 10 124 33 104 107 21 27 117 44 52 50 43 77 22 59 63 66 71 67 49 45 51 16 9 31 73 28 48 60 0 4 12 14 24 42 57 69 75 76 58 46 70 74 35 20 41 5 6 7 11 26 29 32 47 53 65 72 8 62 56 23 30 68 2 18 61 13 17 36 39 34 64 15 25 37 38 54 3 40 19 95 85 137 78 128 112 132 111 133 136 135 118 142 98 139 101 138
60 60 1 2 112 52 117 48 0 4 12 14 24 42 57 69 75 76 73 16 46 70 10 5 6 7 11 26 29 32 47 53 20 41 74 33 65 72 62 8 35 56 23 30 68 51 13 17 36 39 21 58 27 15 25 37 34 38 64 61 77 54 3 50 78 22 59 63 66 71 79 81 82 87 88 89 90 91 92 93 94 96 100 44 98 97 67 43 99 55 45 95 40 85 49 28 31 9 19 18 101 104 80 102
64 64 103 105 101 18 54 29 83 45 11 1 2 44 188 193 62 131 118 34 31 9 112 111 38 40 117 61 19 58 60 48 0 4 12 14 24 42 57 69 75 76 56 73 46 16 10 74 5 6 7 26 32 47 53 70 20 78 8 41 33 35 51 95 13 17 23 30 36 39 65 68 72 21 27 85 15 25 37 3 50 77 97 22 59 63 66 71 79 81 82 87 88 89 90 91 92 93 94 96 100 98 67 99 43 49 55 52 28 107 109 86 104 84 80
67 67 1 178 175 136 16 10 35 77 22 59 63 66 71 50 44 45 43 55 49 52 46 0 4 12 14 24 42 57 69 75 76 73 28 48 60 70 31 9 5 6 7 11 26 29 32 47 53 74 20 41 58 65 72 62 56 33 8 23 30 68 51 2 13 17 36 39 21 18 27 15 25 37 38 34 64 61 54 3 40 19 78 101 104
73 73 1 2 143 136 122 86 27 117 48 0 4 12 14 24 42 57 69 75 76 60 16 46 10 70 74 5 6 7 11 26 29 32 47 53 20 35 65 72 33 62 41 56 23 30 68 8 51 58 13 17 36 39 21 61 15 25 37 34 38 64 54 97 67 3 78 50 77 22 59 63 66 71 79 81 82 87 88 89 90 91 92 93 94 96 100 95 99 44 98 55 43 85 45 40 49 28 52 19 9 31 18 101 104 80 102 124 107
74 74 58 1 2 118 136 85 122 112 124 5 6 26 32 47 53 20 41 62 35 56 8 117 13 17 23 30 36 39 65 68 72 28 51 21 61 27 9 15 25 37 38 34 31 19 3 80 54 104 73 60 48 0 4 12 14 24 42 57 69 75 76 16 40 46 10 7 11 29 70 33 64 97 78 67 98 99 77 55 50 95 22 59 63 66 71 79 81 82 87 88 89 90 91 92 93 94 96 100 44 43 52 45 49 18 102 86 101 84 107 133
77 77 1 178 8 52 117 50 67 22 59 63 66 71 44 43 45 55 49 60 28 48 46 0 4 12 14 24 42 57 69 75 76 16 73 31 9 10 70 20 5 6 7 11 26 29 32 47 53 41 33 74 35 65 72 62 58 56 23 30 68 51 13 17 36 39 18 21 27 2 34 15 25 37 64 38 61 54 3 40 19 78 101 104
80 80 58 52 104 28 9 31 5 6 26 32 47 53 20 41 65 72 74 62 56 8 35 23 30 68 13 17 36 39 21 15 25 37 51 34 38 27 3 61 54 40 1 2 19 78 33 7 11 70 60 102 16 10 0 4 12 14 24 42 57 69 75 76 48 73 85 46 64
85 85 19 2 97 154 133 95 84 122 120 86 10 70 74 104 107 13 23 30 68 21 15 3 40 54 61 58 1 98 79 81 82 87 88 89 90 91 92 93 94 96 100 99 56 62 0 4 12 14 24 42 57 69 75 76 73 48 60 16 46 38 35 5 6 7 11 26 29 32 47 53 20 41 33 8 27 51 78 17 36 39 65 72 64 25 37 34 9 31 28 55 52 124 80 136 128 117 67 18 44 112 49 43
86 86 19 128 84 107 95 73 85 10 70 35 68 13 23 30 117 21 15 3 40 54 61 58 34 78 38 56 2 27 62 1 25 37 17 36 65 72 51 11 104 7 74 20 31 41 5 6 26 32 47 53 122 28 8 64 39 9
95 95 2 97 145 179 130 183 143 138 125 126 142 136 133 129 134 85 122 86 112 124 104 27 52 117 18 99 98 10 79 81 82 87 88 89 90 91 92 93 94 96 100 73 60 16 35 48 0 4 12 14 24 42 57 69 75 76 74 70 46 33 41 21 58 20 64 5 6 7 11 26 29 32 47 53 23 30 68 65 72 8 62 56 19 1 61 51 78 13 17 36 39 107 38 34 15 25 37 54 40 3 120 83 45 31 111 55 9 49 109 137 128 135 43 28 101
97 97 2 136 95 85 124 117 99 98 79 81 82 87 88 89 90 91 92 93 94 96 100 73 48 0 4 12 14 24 42 57 69 75 76 60 16 46 10 70 74 20 41 5 6 7 11 26 29 32 47 53 33 65 72 35 62 56 23 30 68 8 21 51 78 13 17 36 39 27 38 58 61 15 25 37 1 34 54 40 3 19 64 104 31 52 28 9 101
98 98 2 124 104 117 97 79 81 82 87 88 89 90 91 92 93 94 96 100 99 95 85 48 0 4 12 14 24 42 57 69 75 76 60 16 73 46 10 70 74 20 41 5 6 7 11 26 29 32 47 53 33 65 72 35 62 56 8 23 30 68 58 51 78 13 17 36 39 21 38 27 15 25 37 61 34 1 54 3 40 64 19 31 28 9 101 55
99 99 2 140 133 136 128 132 124 117 97 98 79 81 82 87 88 89 90 91 92 93 94 96 100 95 85 73 48 0 4 12 14 24 42 57 69 75 76 60 46 16 10 35 70 74 20 41 33 5 6 7 11 26 29 32 47 53 65 72 62 56 21 8 23 30 68 27 51 78 13 17 36 39 38 58 15 25 37 61 1 34 54 3 40 64 19 31 104 107 120 28 9 101
104 104 58 139 118 128 136 153 106 31 134 98 120 55 124 95 107 49 85 10 52 117 80 28 9 74 41 20 21 5 6 26 32 47 53 35 8 65 72 62 56 27 23 30 68 13 17 36 39 34 15 25 37 51 38 3 61 54 1 40 2 19 33 78 16 111 7 135 11 133 70 46 129 112 73 122 60 97 86 48 99 132 64 43 0 4 12 14 24 42 57 69 75 76 138 137 67 29 126 102 108 77
