8 8 58 1 2 5 6 26 32 47 53 20 74 41 35 62 56 13 17 23 30 36 39 65 68 72 21 27 51 61 15 25 37 34 38 31 28 9 3 19 54 40 0 4 12 14 24 42 57 69 75 76 48 60 73 46 16 10 80 104 7 11 29 70 33 64 78 85 77 49 52 67 22 59 63 66 71 50 44 55 43 79 81 82 87 88 89 90 91 92 93 94 96 100 97 98 99 95 45 18
9 9 58 1 31 28 5 6 26 32 47 53 20 74 41 8 35 62 56 21 13 17 23 30 36 39 65 68 72 27 51 61 15 25 37 34 38 3 80 104 19 54 40 2 49 52 22 59 63 66 71 77 50 67 44 43 55 45 0 4 12 14 24 42 57 69 75 76 48 60 73 46 16 10 7 11 29 70 33 64 18 78
10 10 1 2 0 4 12 14 24 42 57 69 75 76 48 60 46 73 16 5 6 7 11 26 29 32 47 53 70 20 74 41 33 8 35 62 56 51 27 13 17 23 30 36 39 65 68 72 21 61 58 15 25 37 34 38 64 3 19 54 40 85 67 55 52 22 59 63 66 71 50 77 44 43 49 79 81 82 87 88 89 90 91 92 93 94 96 100 98 97 99 95 45 78 28 9 31 18
16 16 1 2 0 4 12 14 24 42 57 69 75 76 48 60 46 73 10 5 6 7 11 26 29 32 47 53 70 20 74 41 33 8 35 62 56 51 27 13 17 23 30 36 39 65 68 72 21 61 58 15 25 37 34 38 64 3 19 54 40 85 67 52 22 59 63 66 71 50 77 44 43 55 49 79 81 82 87 88 89 90 91 92 93 94 96 100 98 97 99 95 45 78 28 9 31 18
18 18 83 45 64 1 103 105 101 54 2 62 44 22 59 63 66 71 50 77 67 43 55 49 52 31 9 0 4 12 14 24 42 57 69 75 76 28 48 60 46 73 16 10 61 58 5 6 7 11 26 29 32 47 53 70 20 74 41 33 8 35 56 19 51 13 17 23 30 36 39 65 68 72 21 27 15 25 37 34 38 3 40
20 20 58 1 2 5 6 26 32 47 53 74 41 8 35 62 56 13 17 23 30 36 39 65 68 72 21 27 51 61 15 25 37 34 38 28 9 31 3 19 54 40 0 4 12 14 24 42 57 69 75 76 48 60 73 46 16 10 80 104 7 11 29 70 33 64 78 85 67 22 59 63 66 71 77 50 44 55 43 49 79 81 82 87 88 89 90 91 92 93 94 96 100 97 98 52 99 95 45 18
21 21 19 58 1 2 13 23 30 68 15 3 70 40 61 85 54 84 86 56 62 35 5 6 26 32 47 53 20 74 41 8 17 36 39 65 72 27 51 38 25 37 34 9 31 28 80 104 0 4 12 14 24 42 57 69 75 76 48 60 73 46 16 10 7 11 29 33 64 78 55 49 52 67 77 22 59 63 66 71 50 44 43 79 81 82 87 88 89 90 91 92 93 94 96 100 97 98 99 95 45 18
27 27 61 58 1 2 17 36 65 72 51 34 15 25 37 3 7 54 40 19 78 62 56 5 6 26 32 47 53 20 74 41 8 35 38 13 23 30 39 68 21 31 28 9 73 16 10 0 4 12 14 24 42 57 69 75 76 48 60 46 80 104 33 11 29 70 64 85 55 52 95 67 22 59 63 66 71 77 50 44 43 49 79 81 82 87 88 89 90 91 92 93 94 96 100 97 98 99 45 18
28 28 58 1 9 31 5 6 26 32 47 53 20 74 41 8 35 62 56 13 17 23 30 36 39 65 68 72 21 27 51 61 15 25 37 34 38 3 80 104 19 54 40 2 22 59 63 66 71 77 50 67 44 43 55 49 52 45 0 4 12 14 24 42 57 69 75 76 48 60 73 46 16 10 7 11 29 70 33 64 18 78
31 31 58 1 9 28 8 5 6 26 32 47 53 20 74 41 35 62 56 21 27 13 17 23 30 36 39 65 68 72 51 61 34 15 25 37 38 3 104 80 19 54 40 2 52 22 59 63 66 71 77 50 67 44 43 55 49 45 0 4 12 14 24 42 57 69 75 76 48 60 73 46 16 10 7 11 29 70 33 64 18 78
33 33 51 1 2 61 58 0 4 12 14 24 42 57 69 75 76 48 60 46 73 16 10 5 6 7 11 26 29 32 47 53 70 20 74 41 8 35 62 56 27 13 17 23 30 36 39 65 68 72 21 15 25 37 34 38 64 3 19 54 40 85 55 52 22 59 63 66 71 67 50 77 44 43 49 79 81 82 87 88 89 90 91 92 93 94 96 100 98 97 99 95 45 78 28 9 31 18
34 34 54 61 58 1 2 40 62 38 19 27 17 36 65 72 11 51 15 25 37 3 7 78 64 56 5 6 26 32 47 53 20 74 41 8 35 13 23 30 39 68 21 31 28 9 80 104 0 4 12 14 24 42 57 69 75 76 48 60 73 46 16 10 29 70 33 85 52 67 77 22 59 63 66 71 50 44 55 43 49 79 81 82 87 88 89 90 91 92 93 94 96 100 97 98 99 95 45 18 86 84 101
35 35 58 1 2 5 6 26 32 47 53 20 74 41 8 62 56 21 13 17 23 30 36 39 65 68 72 27 51 61 15 25 37 34 38 28 9 31 3 19 54 40 0 4 12 14 24 42 57 69 75 76 48 60 73 46 16 10 80 104 7 11 29 70 33 64 78 85 67 52 22 59 63 66 71 77 50 44 55 43 49 79 81 82 87 88 89 90 91 92 93 94 96 100 97 98 99 95 45 18
41 41 58 1 2 5 6 26 32 47 53 20 74 8 35 62 56 13 17 23 30 36 39 65 68 72 21 27 51 61 15 25 37 34 38 28 9 31 3 19 54 40 0 4 12 14 24 42 57 69 75 76 48 60 73 46 16 10 80 104 7 11 29 70 33 64 78 85 52 67 22 59 63 66 71 77 50 44 55 43 49 79 81 82 87 88 89 90 91 92 93 94 96 100 97 98 99 95 45 18
43 43 1 52 22 59 63 66 71 50 77 44 67 55 49 45 0 4 12 14 24 42 57 69 75 76 28 48 60 46 73 16 9 10 31 70 5 6 7 11 26 29 32 47 53 20 74 41 33 8 35 65 72 62 56 23 30 68 21 51 13 17 36 39 18 27 58 15 25 37 34 64 38 61 3 54 2 40 19
44 44 1 22 59 63 66 71 50 77 67 43 55 49 52 45 0 4 12 14 24 42 57 69 75 76 28 48 60 46 73 16 9 10 31 70 5 6 7 11 26 29 32 47 53 20 74 41 33 8 35 65 72 62 56 23 30 68 21 51 13 17 36 39 18 27 58 64 15 25 37 34 38 61 3 54 2 40 19
46 46 1 2 0 4 12 14 24 42 57 69 75 76 48 60 73 16 10 5 6 7 11 26 29 32 47 53 70 20 74 41 33 8 35 62 56 51 13 17 23 30 36 39 65 68 72 21 27 61 58 15 25 37 34 38 64 3 19 54 40 85 22 59 63 66 71 67 50 77 44 43 55 49 79 81 82 87 88 89 90 91 92 93 94 96 100 98 97 99 52 95 45 78 28 9 31 18
48 48 1 2 0 4 12 14 24 42 57 69 75 76 60 46 73 16 10 5 6 7 11 26 29 32 47 53 70 20 74 41 33 8 35 62 56 51 13 17 23 30 36 39 65 68 72 21 27 61 58 15 25 37 34 38 64 3 19 54 40 85 22 59 63 66 71 67 50 77 44 43 55 49 79 81 82 87 88 89 90 91 92 93 94 96 100 98 97 99 52 95 45 78 28 9 31 18
49 49 1 52 22 59 63 66 71 50 77 44 67 43 55 45 9 0 4 12 14 24 42 57 69 75 76 28 48 60 46 73 16 10 31 70 8 5 6 7 11 26 29 32 47 53 20 74 41 33 35 65 72 62 56 21 23 30 68 51 13 17 36 39 18 27 58 15 25 37 34 64 38 61 3 54 2 40 19
50 50 1 22 59 63 66 71 77 44 67 43 55 49 52 45 0 4 12 14 24 42 57 69 75 76 28 48 60 46 73 16 9 10 31 70 5 6 7 11 26 29 32 47 53 20 74 41 33 8 35 65 72 62 56 23 30 68 21 51 13 17 36 39 18 27 58 15 25 37 34 64 38 61 3 54 2 40 19
52 52 1 77 43 49 22 59 63 66 71 50 44 67 55 45 60 16 9 10 31 0 4 12 14 24 42 57 69 75 76 28 48 46 73 70 41 33 8 35 5 6 7 11 26 29 32 47 53 20 74 65 72 62 56 21 23 30 68 27 51 13 17 36 39 18 58 34 15 25 37 64 38 61 3 54 2 40 19
55 55 1 22 59 63 66 71 50 77 44 67 43 49 52 45 10 0 4 12 14 24 42 57 69 75 76 28 48 60 46 73 16 9 31 70 33 5 6 7 11 26 29 32 47 53 20 74 41 8 35 65 72 62 56 21 23 30 68 27 51 13 17 36 39 18 58 15 25 37 34 64 38 61 3 54 2 40 19
60 60 1 2 0 4 12 14 24 42 57 69 75 76 48 46 73 16 10 5 6 7 11 26 29 32 47 53 70 20 74 41 33 8 35 62 56 51 13 17 23 30 36 39 65 68 72 21 27 61 58 15 25 37 34 38 64 3 19 54 40 85 52 22 59 63 66 71 67 50 77 44 43 55 49 79 81 82 87 88 89 90 91 92 93 94 96 100 98 97 99 95 45 78 28 9 31 18
64 64 103 105 101 18 54 1 2 29 45 83 11 62 34 38 40 61 19 58 56 0 4 12 14 24 42 57 69 75 76 48 60 46 73 16 10 5 6 7 26 32 47 53 70 20 74 41 33 8 35 51 13 17 23 30 36 39 65 68 72 21 27 15 25 37 78 3 85 44 95 22 59 63 66 71 67 50 77 43 55 49 79 81 82 87 88 89 90 91 92 93 94 96 100 97 98 99 52 31 9 28
67 67 1 22 59 63 66 71 50 77 44 43 55 49 52 45 16 10 0 4 12 14 24 42 57 69 75 76 28 48 60 46 73 9 31 70 35 5 6 7 11 26 29 32 47 53 20 74 41 33 8 65 72 62 56 23 30 68 21 51 13 17 36 39 18 27 58 15 25 37 34 64 38 61 3 54 2 40 19
73 73 1 2 0 4 12 14 24 42 57 69 75 76 48 60 46 16 10 5 6 7 11 26 29 32 47 53 70 20 74 41 33 8 35 62 56 51 27 13 17 23 30 36 39 65 68 72 21 61 58 15 25 37 34 38 64 3 19 54 40 85 22 59 63 66 71 67 50 77 44 43 55 49 79 81 82 87 88 89 90 91 92 93 94 96 100 98 97 99 52 95 45 78 28 9 31 18
74 74 58 1 2 5 6 26 32 47 53 20 41 8 35 62 56 13 17 23 30 36 39 65 68 72 21 27 51 61 15 25 37 34 38 28 9 31 3 19 54 40 0 4 12 14 24 42 57 69 75 76 48 60 73 46 16 10 80 104 7 11 29 70 33 64 85 78 67 22 59 63 66 71 77 50 44 55 43 49 79 81 82 87 88 89 90 91 92 93 94 96 100 97 98 52 99 95 45 18
77 77 1 52 22 59 63 66 71 50 44 67 43 55 49 45 0 4 12 14 24 42 57 69 75 76 28 48 60 46 73 16 9 10 31 70 8 5 6 7 11 26 29 32 47 53 20 74 41 33 35 65 72 62 56 23 30 68 21 51 13 17 36 39 18 27 58 15 25 37 34 64 38 61 3 54 2 40 19
80 80 58 104 28 9 31 5 6 26 32 47 53 20 74 41 8 35 65 72 62 56 23 30 68 21 13 17 36 39 27 15 25 37 51 34 38 3 61 54 40 19 1 2
85 85 19 2 70 84 86 13 23 30 68 21 15 3 40 54 61 58 1 97 95 79 81 82 87 88 89 90 91 92 93 94 96 100 98 99 56 62 10 0 4 12 14 24 42 57 69 75 76 48 60 46 73 16 38 74 5 6 7 11 26 29 32 47 53 20 41 33 35 8 64 51 78 17 36 39 65 72 27 25 37 34
86 86 19 84 85 70 68 13 23 30 21 15 3 40 54 61 58 34 1 2 38 78
95 95 2 97 79 81 82 87 88 89 90 91 92 93 94 96 100 98 99 85 0 4 12 14 24 42 57 69 75 76 48 60 46 73 16 10 70 5 6 7 11 26 29 32 47 53 20 74 41 33 8 35 62 56 23 30 68 21 27 51 78 13 17 36 39 65 72 61 38 58 15 25 37 34 54 3 64 1 40 19
97 97 2 95 79 81 82 87 88 89 90 91 92 93 94 96 100 98 99 85 0 4 12 14 24 42 57 69 75 76 48 60 46 73 16 10 70 5 6 7 11 26 29 32 47 53 20 74 41 33 8 35 62 56 23 30 68 21 51 78 13 17 36 39 65 72 27 61 38 58 15 25 37 34 54 3 64 1 40 19
98 98 2 79 81 82 87 88 89 90 91 92 93 94 96 100 97 99 95 85 0 4 12 14 24 42 57 69 75 76 48 60 46 73 16 10 70 5 6 7 11 26 29 32 47 53 20 74 41 33 8 35 62 56 23 30 68 21 51 78 13 17 36 39 65 72 27 61 38 58 15 25 37 34 54 3 64 1 40 19
99 99 2 79 81 82 87 88 89 90 91 92 93 94 96 100 98 97 95 85 0 4 12 14 24 42 57 69 75 76 48 60 46 73 16 10 70 5 6 7 11 26 29 32 47 53 20 74 41 33 8 35 62 56 23 30 68 21 51 78 13 17 36 39 65 72 27 61 38 58 15 25 37 34 54 3 64 1 40 19
104 104 58 80 31 28 9 5 6 26 32 47 53 20 74 41 8 35 65 72 62 56 23 30 68 21 13 17 36 39 27 15 25 37 51 34 38 3 61 54 40 19 1 2
