33 33 51 61 1 2 58 0 4 12 14 16 24 42 46 57 69 75 76 48 60 73 10 52 22 44 49 55 59 63 66 71 77 50 5 6 7 8 11 20 26 29 32 41 47 53 70 67 79 81 82 87 88 89 90 91 92 93 94 95 96 100 74 43 98 35 97 99 62 56 85 27 13 17 23 30 36 39 65 68 72 21 45 80 104 9 28 15 25 34 37 31 38 64 19 78 3 54 101 40 18 102 103 105 84 86 83
97 97 2 79 81 82 87 88 89 90 91 92 93 94 95 96 100 98 99 85 0 4 12 14 16 24 42 46 57 69 75 76 48 60 73 10 70 5 6 7 8 11 20 26 29 32 41 47 53 74 33 35 65 72 62 56 23 30 68 21 51 78 13 17 36 39 27 1 58 38 61 15 25 34 37 54 64 3 40 101 9 28 31 102 67 22 44 49 55 59 63 66 71 77 50 43 52 80 104 45 19 103 105 18 84 86 83
35 35 58 1 2 5 6 8 20 26 32 41 47 53 74 9 28 31 80 104 62 56 21 13 17 23 30 36 39 65 68 72 27 51 61 0 4 12 14 16 24 42 46 57 69 75 76 48 60 73 10 15 25 34 37 38 19 3 85 67 52 54 22 44 49 55 59 63 66 71 77 50 7 11 29 70 79 81 82 87 88 89 90 91 92 93 94 95 96 100 33 43 98 97 99 40 78 45 102 64 84 86 101 18 103 105 83
98 98 2 79 81 82 87 88 89 90 91 92 93 94 95 96 100 97 99 85 0 4 12 14 16 24 42 46 57 69 75 76 48 60 73 10 70 5 6 7 8 11 20 26 29 32 41 47 53 74 33 35 65 72 62 56 23 30 68 21 51 78 13 17 36 39 27 1 58 38 61 15 25 34 37 54 64 3 40 101 9 28 31 102 67 22 44 49 55 59 63 66 71 77 50 43 52 80 104 45 19 103 105 18 84 86 83
99 99 2 79 81 82 87 88 89 90 91 92 93 94 95 96 100 98 97 85 0 4 12 14 16 24 42 46 57 69 75 76 48 60 73 10 70 5 6 7 8 11 20 26 29 32 41 47 53 74 33 35 65 72 62 56 23 30 68 21 51 78 13 17 36 39 27 1 58 38 61 15 25 34 37 54 64 3 40 101 9 28 31 102 67 22 44 49 55 59 63 66 71 77 50 43 52 80 104 45 19 103 105 18 84 86 83
67 67 1 22 44 49 55 59 63 66 71 77 50 43 52 45 10 0 4 9 12 14 16 24 42 46 57 69 75 76 28 48 60 73 31 70 35 5 6 7 8 11 20 26 29 32 41 47 53 74 33 65 72 62 56 23 30 68 21 58 51 13 17 18 36 39 27 2 64 15 25 34 37 38 61 54 3 101 78 40 80 104 83 102 79 81 82 87 88 89 90 91 92 93 94 95 96 100 98 97 99 85 19 103 105 84 86
73 73 1 2 0 4 12 14 16 24 42 46 57 69 75 76 48 60 10 70 22 44 49 55 59 63 66 71 77 50 5 6 7 8 11 20 26 29 32 41 47 53 67 79 81 82 87 88 89 90 91 92 93 94 95 96 100 74 33 43 98 35 97 99 52 65 72 62 56 23 30 68 21 51 27 13 17 36 39 45 58 85 78 9 28 15 25 34 37 31 38 61 64 54 3 101 40 18 102 80 104 19 103 105 83 84 86
10 10 1 2 0 4 12 14 16 24 42 46 57 69 75 76 48 60 73 70 67 52 22 44 49 55 59 63 66 71 77 50 5 6 7 8 11 20 26 29 32 41 47 53 79 81 82 87 88 89 90 91 92 93 94 95 96 100 74 33 43 98 35 97 99 65 72 62 56 23 30 68 21 51 27 13 17 36 39 45 58 85 78 9 28 15 25 34 37 31 38 61 64 54 3 101 40 18 102 80 104 19 103 105 83 84 86
43 43 1 52 22 44 49 55 59 63 66 71 77 50 67 45 0 4 9 12 14 16 24 42 46 57 69 75 76 28 48 60 73 10 31 70 5 6 7 8 11 20 26 29 32 41 47 53 74 33 35 65 72 62 56 23 30 68 21 58 51 13 17 18 36 39 27 2 64 15 25 34 37 38 61 54 3 101 78 40 80 104 83 102 79 81 82 87 88 89 90 91 92 93 94 95 96 100 98 97 99 85 19 103 105 84 86
74 74 58 1 2 5 6 8 20 26 32 41 47 53 35 9 28 31 80 104 62 56 13 17 23 30 36 39 65 68 72 21 27 51 61 0 4 12 14 16 24 42 46 57 69 75 76 48 60 73 10 15 25 34 37 38 19 3 85 54 22 44 49 55 59 63 66 71 77 50 7 11 29 70 67 79 81 82 87 88 89 90 91 92 93 94 95 96 100 33 43 98 97 99 52 40 78 45 102 64 84 86 101 18 103 105 83
28 28 58 1 9 31 80 104 5 6 8 20 26 32 41 47 53 74 35 65 72 62 56 23 30 68 21 13 17 36 39 27 51 22 44 49 55 59 63 66 71 77 50 67 43 52 15 25 34 37 38 61 3 45 54 2 40 0 4 12 14 16 24 42 46 57 69 75 76 48 60 73 10 78 70 102 7 11 29 33 19 18 85 64 79 81 82 87 88 89 90 91 92 93 94 95 96 100 98 97 99 101 84 86 83 103 105
48 48 1 2 0 4 12 14 16 24 42 46 57 69 75 76 60 73 10 70 22 44 49 55 59 63 66 71 77 50 5 6 7 8 11 20 26 29 32 41 47 53 67 79 81 82 87 88 89 90 91 92 93 94 95 96 100 74 33 43 98 35 97 99 52 65 72 62 56 23 30 68 21 51 13 17 36 39 27 45 58 85 78 9 28 15 25 34 37 31 38 61 64 54 3 101 40 18 102 80 104 19 103 105 83 84 86
50 50 1 22 44 49 55 59 63 66 71 77 67 43 52 45 0 4 9 12 14 16 24 42 46 57 69 75 76 28 48 60 73 10 31 70 5 6 7 8 11 20 26 29 32 41 47 53 74 33 35 65 72 62 56 23 30 68 21 58 51 13 17 18 36 39 27 2 64 15 25 34 37 38 61 54 3 101 78 40 80 104 83 102 79 81 82 87 88 89 90 91 92 93 94 95 96 100 98 97 99 85 19 103 105 84 86
52 52 1 43 22 44 49 55 59 63 66 71 77 50 67 45 60 10 31 0 4 9 12 14 16 24 42 46 57 69 75 76 28 48 73 70 33 35 5 6 7 8 11 20 26 29 32 41 47 53 74 65 72 62 56 21 23 30 68 58 51 27 13 17 18 36 39 2 64 15 25 34 37 38 61 54 3 101 78 40 80 104 83 102 79 81 82 87 88 89 90 91 92 93 94 95 96 100 98 97 99 85 19 103 105 84 86
21 21 19 84 86 58 85 13 23 30 68 70 15 3 1 2 61 35 5 6 8 20 26 32 41 47 53 74 31 9 28 80 104 56 62 40 54 17 36 39 65 72 27 51 38 0 4 12 14 16 24 42 46 57 69 75 76 48 60 73 10 25 34 37 78 52 22 44 49 55 59 63 66 71 77 50 7 11 29 67 79 81 82 87 88 89 90 91 92 93 94 95 96 100 33 43 98 97 99 45 64 102 101 18 103 105 83
27 27 61 58 17 36 65 72 7 51 78 15 25 34 37 3 1 2 5 6 8 20 26 32 41 47 53 74 35 62 31 9 28 54 56 80 104 19 40 38 13 23 30 39 68 21 73 10 0 4 12 14 16 24 42 46 57 69 75 76 48 60 85 52 33 22 44 49 55 59 63 66 71 77 50 11 29 70 67 79 81 82 87 88 89 90 91 92 93 94 95 96 100 43 98 97 99 84 86 45 64 102 101 18 103 105 83
60 60 1 2 0 4 12 14 16 24 42 46 57 69 75 76 48 73 10 70 52 22 44 49 55 59 63 66 71 77 50 5 6 7 8 11 20 26 29 32 41 47 53 67 79 81 82 87 88 89 90 91 92 93 94 95 96 100 74 33 43 98 35 97 99 65 72 62 56 23 30 68 21 51 13 17 36 39 27 45 58 85 78 9 28 15 25 34 37 31 38 61 64 54 3 101 40 18 102 80 104 19 103 105 83 84 86
31 31 58 1 9 28 80 104 5 6 8 20 26 32 41 47 53 74 35 65 72 62 56 21 23 30 68 27 13 17 36 39 51 52 22 44 49 55 59 63 66 71 77 50 67 43 15 25 34 37 38 61 3 45 54 2 40 0 4 12 14 16 24 42 46 57 69 75 76 48 60 73 10 78 70 102 7 11 29 33 19 18 85 64 79 81 82 87 88 89 90 91 92 93 94 95 96 100 98 97 99 101 84 86 83 103 105
