8 8 58 1 2 5 6 26 32 47 53 20 74 41 35 31 28 9 80 104 62 56 13 17 23 30 36 39 65 68 72 21 27 51 61 0 4 12 14 24 42 57 69 75 76 48 60 73 46 16 10 15 25 37 34 38 19 3 85 77 49 52 54 22 59 63 66 71 50 67 7 11 29 70 44 79 81 82 87 88 89 90 91 92 93 94 96 100 33 43 98 97 55 99 95 40 78 45 102 64 86 84 101 18 103 105 83
9 9 58 1 31 28 80 104 5 6 26 32 47 53 20 74 41 8 35 65 72 62 56 21 23 30 68 13 17 36 39 27 51 49 52 22 59 63 66 71 50 77 44 67 43 55 15 25 37 34 38 61 3 45 54 2 40 0 4 12 14 24 42 57 69 75 76 48 60 73 46 16 10 78 70 102 7 11 29 33 19 18 85 64 98 79 81 82 87 88 89 90 91 92 93 94 96 100 97 99 95 101 86 84 83 103 105
10 10 1 2 0 4 12 14 24 42 57 69 75 76 48 60 46 73 16 70 67 55 52 22 59 63 66 71 50 5 6 7 11 26 29 32 47 53 77 44 20 79 81 82 87 88 89 90 91 92 93 94 96 100 74 41 33 8 43 98 97 35 99 49 95 65 72 62 56 23 30 68 21 51 27 13 17 36 39 45 58 85 78 28 15 25 37 34 9 31 38 61 64 54 3 101 40 18 104 102 80 19 103 105 83 86 84
16 16 1 2 0 4 12 14 24 42 57 69 75 76 48 60 46 73 10 70 67 52 22 59 63 66 71 50 5 6 7 11 26 29 32 47 53 77 44 20 79 81 82 87 88 89 90 91 92 93 94 96 100 74 41 33 8 43 98 97 35 55 99 49 95 65 72 62 56 23 30 68 21 51 27 13 17 36 39 45 58 85 78 28 15 25 37 34 9 31 38 61 64 54 3 101 40 18 102 80 104 19 103 105 83 86 84
18 18 83 45 64 103 105 101 1 54 44 22 59 63 66 71 50 77 67 43 55 49 52 62 31 9 0 4 12 14 24 42 57 69 75 76 28 48 60 46 73 16 10 2 5 6 7 11 26 29 32 47 53 70 20 74 41 33 8 35 58 61 56 19 51 13 17 23 30 36 39 65 68 72 21 27 85 15 25 37 34 38 78 95 79 81 82 87 88 89 90 91 92 93 94 96 100 97 98 99 3 80 104 40 86 84 102
20 20 58 1 2 5 6 26 32 47 53 74 41 8 35 28 9 31 80 104 62 56 13 17 23 30 36 39 65 68 72 21 27 51 61 0 4 12 14 24 42 57 69 75 76 48 60 73 46 16 10 15 25 37 34 38 19 3 85 54 22 59 63 66 71 50 77 67 7 11 29 70 44 79 81 82 87 88 89 90 91 92 93 94 96 100 33 43 98 97 55 99 49 95 52 40 78 45 102 64 86 84 101 18 103 105 83
21 21 19 84 86 58 85 13 23 30 68 70 15 3 1 2 61 35 5 6 26 32 47 53 20 74 41 8 9 31 28 80 104 56 62 40 54 17 36 39 65 72 27 51 38 0 4 12 14 24 42 57 69 75 76 48 60 73 46 16 10 25 37 34 78 55 49 52 22 59 63 66 71 50 77 67 7 11 29 44 79 81 82 87 88 89 90 91 92 93 94 96 100 97 33 43 98 99 95 45 64 102 101 18 103 105 83
27 27 61 58 17 36 65 72 7 51 78 34 15 25 37 3 1 2 5 6 26 32 47 53 20 74 41 8 35 62 31 28 9 54 56 80 104 19 40 38 13 23 30 39 68 21 73 16 10 0 4 12 14 24 42 57 69 75 76 48 60 46 85 55 95 52 33 22 59 63 66 71 50 77 67 11 29 70 44 79 81 82 87 88 89 90 91 92 93 94 96 100 97 43 98 99 49 84 86 45 64 102 101 18 103 105 83
28 28 58 1 9 31 80 104 5 6 26 32 47 53 20 74 41 8 35 65 72 62 56 23 30 68 21 13 17 36 39 27 51 22 59 63 66 71 50 77 44 67 43 55 49 52 15 25 37 34 38 61 3 45 54 2 40 0 4 12 14 24 42 57 69 75 76 48 60 73 46 16 10 78 70 102 7 11 29 33 19 18 85 64 98 79 81 82 87 88 89 90 91 92 93 94 96 100 97 99 95 101 86 84 83 103 105
31 31 58 1 9 28 104 80 8 5 6 26 32 47 53 20 74 41 35 65 72 62 56 21 23 30 68 27 13 17 36 39 51 52 22 59 63 66 71 50 77 44 67 43 55 49 34 15 25 37 38 61 3 45 54 2 40 0 4 12 14 24 42 57 69 75 76 48 60 73 46 16 10 78 70 102 7 11 29 33 19 18 85 64 98 79 81 82 87 88 89 90 91 92 93 94 96 100 97 99 95 101 86 84 83 103 105
33 33 51 61 1 2 58 0 4 12 14 24 42 57 69 75 76 48 60 46 73 16 10 55 52 22 59 63 66 71 50 5 6 7 11 26 29 32 47 53 70 77 67 44 20 79 81 82 87 88 89 90 91 92 93 94 96 100 74 41 8 43 98 97 35 99 49 95 62 56 85 27 13 17 23 30 36 39 65 68 72 21 45 80 104 28 15 25 37 34 9 31 38 64 19 78 3 54 101 40 18 102 103 105 86 84 83
34 34 54 61 11 62 58 78 27 17 36 65 72 40 38 7 51 15 25 37 19 3 56 64 1 2 31 80 104 28 9 5 6 26 32 47 53 20 74 41 8 35 13 23 30 39 68 21 85 0 4 12 14 24 42 57 69 75 76 48 60 73 46 16 10 84 86 103 105 101 52 22 59 63 66 71 50 77 67 29 70 44 33 79 81 82 87 88 89 90 91 92 93 94 96 100 97 55 43 98 99 49 95 45 102 18 83
35 35 58 1 2 5 6 26 32 47 53 20 74 41 8 28 9 31 80 104 62 56 21 13 17 23 30 36 39 65 68 72 27 51 61 0 4 12 14 24 42 57 69 75 76 48 60 73 46 16 10 15 25 37 34 38 19 3 85 67 52 54 22 59 63 66 71 50 77 7 11 29 70 44 79 81 82 87 88 89 90 91 92 93 94 96 100 33 43 98 97 55 99 49 95 40 78 45 102 64 86 84 101 18 103 105 83
41 41 58 1 2 5 6 26 32 47 53 20 74 8 35 28 9 31 80 104 62 56 13 17 23 30 36 39 65 68 72 21 27 51 61 0 4 12 14 24 42 57 69 75 76 48 60 73 46 16 10 15 25 37 34 38 19 3 85 52 54 22 59 63 66 71 50 77 67 7 11 29 70 44 79 81 82 87 88 89 90 91 92 93 94 96 100 33 43 98 97 55 99 49 95 40 78 45 102 64 86 84 101 18 103 105 83
43 43 1 52 22 59 63 66 71 50 77 44 67 55 49 45 0 4 12 14 24 42 57 69 75 76 28 48 60 46 73 16 9 10 31 70 5 6 7 11 26 29 32 47 53 20 74 41 33 8 35 65 72 62 56 23 30 68 21 58 51 13 17 36 39 18 27 2 64 15 25 37 34 38 61 54 3 101 78 40 80 104 102 83 79 81 82 87 88 89 90 91 92 93 94 96 100 98 97 99 95 85 19 103 105 86 84
44 44 1 22 59 63 66 71 50 77 67 43 55 49 52 45 0 4 12 14 24 42 57 69 75 76 28 48 60 46 73 16 9 10 31 70 5 6 7 11 26 29 32 47 53 20 74 41 33 8 35 65 72 62 56 23 30 68 21 58 51 13 17 36 39 18 27 2 64 15 25 37 34 38 61 54 3 101 78 40 80 104 102 83 79 81 82 87 88 89 90 91 92 93 94 96 100 98 97 99 95 85 19 103 105 86 84
46 46 1 2 0 4 12 14 24 42 57 69 75 76 48 60 73 16 10 70 22 59 63 66 71 50 5 6 7 11 26 29 32 47 53 77 67 44 20 79 81 82 87 88 89 90 91 92 93 94 96 100 74 41 33 8 43 98 97 35 55 99 49 95 52 65 72 62 56 23 30 68 21 51 13 17 36 39 27 45 58 85 78 28 15 25 37 34 9 31 38 61 64 54 3 101 40 18 102 80 104 19 103 105 83 86 84
48 48 1 2 0 4 12 14 24 42 57 69 75 76 60 46 73 16 10 70 22 59 63 66 71 50 5 6 7 11 26 29 32 47 53 77 67 44 20 79 81 82 87 88 89 90 91 92 93 94 96 100 74 41 33 8 43 98 97 35 55 99 49 95 52 65 72 62 56 23 30 68 21 51 13 17 36 39 27 45 58 85 78 28 15 25 37 34 9 31 38 61 64 54 3 101 40 18 102 80 104 19 103 105 83 86 84
49 49 1 52 22 59 63 66 71 50 77 44 67 43 55 45 9 0 4 12 14 24 42 57 69 75 76 28 48 60 46 73 16 10 31 70 8 5 6 7 11 26 29 32 47 53 20 74 41 33 35 65 72 62 56 21 23 30 68 58 51 13 17 36 39 18 27 2 64 15 25 37 34 38 61 54 3 101 78 40 104 80 102 83 79 81 82 87 88 89 90 91 92 93 94 96 100 98 97 99 95 85 19 103 105 86 84
50 50 1 22 59 63 66 71 77 44 67 43 55 49 52 45 0 4 12 14 24 42 57 69 75 76 28 48 60 46 73 16 9 10 31 70 5 6 7 11 26 29 32 47 53 20 74 41 33 8 35 65 72 62 56 23 30 68 21 58 51 13 17 36 39 18 27 2 64 15 25 37 34 38 61 54 3 101 78 40 80 104 102 83 79 81 82 87 88 89 90 91 92 93 94 96 100 98 97 99 95 85 19 103 105 86 84
52 52 1 77 43 49 22 59 63 66 71 50 44 67 55 45 60 16 9 10 31 0 4 12 14 24 42 57 69 75 76 28 48 46 73 70 41 33 8 35 5 6 7 11 26 29 32 47 53 20 74 65 72 62 56 21 23 30 68 58 51 27 13 17 36 39 18 2 34 64 15 25 37 38 61 54 3 101 78 40 80 104 102 83 95 79 81 82 87 88 89 90 91 92 93 94 96 100 98 97 99 85 19 103 105 86 84
55 55 1 22 59 63 66 71 50 77 44 67 43 49 52 45 10 0 4 12 14 24 42 57 69 75 76 28 48 60 46 73 16 9 31 70 33 5 6 7 11 26 29 32 47 53 20 74 41 8 35 65 72 62 56 21 23 30 68 58 51 27 13 17 36 39 18 2 64 15 25 37 34 38 61 54 3 101 78 40 104 80 102 83 79 81 82 87 88 89 90 91 92 93 94 96 100 98 97 99 95 85 19 103 105 86 84
60 60 1 2 0 4 12 14 24 42 57 69 75 76 48 46 73 16 10 70 52 22 59 63 66 71 50 5 6 7 11 26 29 32 47 53 77 67 44 20 79 81 82 87 88 89 90 91 92 93 94 96 100 74 41 33 8 43 98 97 35 55 99 49 95 65 72 62 56 23 30 68 21 51 13 17 36 39 27 45 58 85 78 28 15 25 37 34 9 31 38 61 64 54 3 101 40 18 102 80 104 19 103 105 83 86 84
64 64 103 105 101 18 83 29 54 45 11 62 34 38 40 1 2 61 19 0 4 12 14 24 42 57 69 75 76 48 60 46 73 16 10 58 44 95 22 59 63 66 71 50 5 6 7 26 32 47 53 70 77 67 20 79 81 82 87 88 89 90 91 92 93 94 96 100 74 41 33 8 43 98 97 35 55 99 49 52 51 13 17 23 30 36 39 56 65 68 72 21 27 84 86 31 9 28 15 25 37 85 80 104 3 78 102
67 67 1 22 59 63 66 71 50 77 44 43 55 49 52 45 16 10 0 4 12 14 24 42 57 69 75 76 28 48 60 46 73 9 31 70 35 5 6 7 11 26 29 32 47 53 20 74 41 33 8 65 72 62 56 23 30 68 21 58 51 13 17 36 39 18 27 2 64 15 25 37 34 38 61 54 3 101 78 40 80 104 102 83 79 81 82 87 88 89 90 91 92 93 94 96 100 98 97 99 95 85 19 103 105 86 84
73 73 1 2 0 4 12 14 24 42 57 69 75 76 48 60 46 16 10 70 22 59 63 66 71 50 5 6 7 11 26 29 32 47 53 77 67 44 20 79 81 82 87 88 89 90 91 92 93 94 96 100 74 41 33 8 43 98 97 35 55 99 49 95 52 65 72 62 56 23 30 68 21 51 27 13 17 36 39 45 58 85 78 28 15 25 37 34 9 31 38 61 64 54 3 101 40 18 102 80 104 19 103 105 83 86 84
74 74 58 1 2 5 6 26 32 47 53 20 41 8 35 28 9 31 80 104 62 56 13 17 23 30 36 39 65 68 72 21 27 51 61 0 4 12 14 24 42 57 69 75 76 48 60 73 46 16 10 15 25 37 34 38 19 3 85 54 22 59 63 66 71 50 77 67 7 11 29 70 44 79 81 82 87 88 89 90 91 92 93 94 96 100 33 43 97 98 55 99 49 95 52 40 78 45 102 64 86 84 101 18 103 105 83
77 77 1 52 22 59 63 66 71 50 44 67 43 55 49 45 0 4 12 14 24 42 57 69 75 76 28 48 60 46 73 16 9 10 31 70 8 5 6 7 11 26 29 32 47 53 20 74 41 33 35 65 72 62 56 23 30 68 21 58 51 13 17 36 39 18 27 2 64 15 25 37 34 38 61 54 3 101 78 40 80 104 102 83 79 81 82 87 88 89 90 91 92 93 94 96 100 98 97 99 95 85 19 103 105 86 84
80 80 58 104 28 9 31 5 6 26 32 47 53 20 74 41 8 35 65 72 62 56 23 30 68 21 13 17 36 39 27 15 25 37 51 34 38 61 3 54 40 1 78 2 102 33 7 11 19 70 0 4 12 14 24 42 57 69 75 76 48 60 73 46 16 10 85 52 55 77 67 22 59 63 66 71 50 49 44 43 29 98 79 81 82 87 88 89 90 91 92 93 94 96 100 97 95 99 64 45 84 86 101 18 103 105
85 85 19 84 86 70 13 23 30 68 21 2 15 3 40 54 97 95 79 81 82 87 88 89 90 91 92 93 94 96 100 98 99 61 58 1 10 0 4 12 14 24 42 57 69 75 76 48 60 46 73 16 56 62 65 72 28 9 31 38 74 5 6 7 11 26 29 32 47 53 20 41 33 35 8 104 80 51 78 17 36 39 27 64 22 59 63 66 71 67 50 77 44 55 43 49 52 25 37 34 45 101 18 102 103 105 83
86 86 19 84 85 70 68 13 23 30 21 15 3 40 54 61 58 78 34 56 38 62 25 37 17 36 65 72 27 11 80 104 51 7 28 9 31 35 74 5 6 26 32 47 53 20 41 8 39 64 1 2 33 10 73 0 4 12 14 24 42 57 69 75 76 48 60 46 16 102 103 105 95
95 95 2 97 79 81 82 87 88 89 90 91 92 93 94 96 100 98 99 85 0 4 12 14 24 42 57 69 75 76 48 60 46 73 16 10 70 5 6 7 11 26 29 32 47 53 20 74 41 33 8 35 65 72 62 56 23 30 68 21 51 27 78 13 17 36 39 1 58 38 61 15 25 37 34 54 64 3 40 101 28 9 31 102 52 104 67 22 59 63 66 71 77 50 44 55 43 49 80 45 19 103 105 18 86 84 83
97 97 2 95 79 81 82 87 88 89 90 91 92 93 94 96 100 98 99 85 0 4 12 14 24 42 57 69 75 76 48 60 46 73 16 10 70 5 6 7 11 26 29 32 47 53 20 74 41 33 8 35 65 72 62 56 23 30 68 21 51 78 13 17 36 39 27 1 58 38 61 15 25 37 34 54 64 3 40 101 28 9 31 102 67 22 59 63 66 71 77 50 44 55 43 52 49 104 80 45 19 103 105 18 86 84 83
98 98 2 79 81 82 87 88 89 90 91 92 93 94 96 100 97 99 95 85 0 4 12 14 24 42 57 69 75 76 48 60 46 73 16 10 70 5 6 7 11 26 29 32 47 53 20 74 41 33 8 35 65 72 62 56 23 30 68 21 51 78 13 17 36 39 27 1 58 38 61 15 25 37 34 54 64 3 40 101 28 9 31 102 104 67 22 59 63 66 71 77 50 44 55 43 52 49 80 45 19 103 105 18 86 84 83
99 99 2 79 81 82 87 88 89 90 91 92 93 94 96 100 98 97 95 85 0 4 12 14 24 42 57 69 75 76 48 60 46 73 16 10 70 5 6 7 11 26 29 32 47 53 20 74 41 33 8 35 65 72 62 56 23 30 68 21 51 78 13 17 36 39 27 1 58 38 61 15 25 37 34 54 64 3 40 101 28 9 31 102 67 22 59 63 66 71 77 50 44 55 43 52 49 104 80 45 19 103 105 18 86 84 83
104 104 58 80 31 28 9 5 6 26 32 47 53 20 74 41 8 35 65 72 62 56 23 30 68 21 13 17 36 39 27 15 25 37 51 34 38 61 3 54 40 1 78 2 102 33 7 11 19 70 10 0 4 12 14 24 42 57 69 75 76 48 60 73 46 16 85 55 52 49 77 67 22 59 63 66 71 50 44 43 29 98 95 79 81 82 87 88 89 90 91 92 93 94 96 100 97 99 64 45 84 86 101 18 103 105
