8 8 58 1 2 5 6 20 26 32 35 41 47 53 74 9 28 31 80 104 62 56 13 17 21 23 27 30 36 39 65 68 72 51 61 0 4 10 12 14 16 24 42 46 48 57 60 69 73 75 76 15 25 34 37 38 19 3 85 54 22 43 44 49 50 52 55 59 63 66 67 71 77 7 11 29 33 70 79 81 82 87 88 89 90 91 92 93 94 95 96 97 98 99 100 40 78 45 102 64 84 86 101 18 103 105 83
9 9 58 1 28 31 80 104 5 6 8 20 26 32 35 41 47 53 74 65 72 62 56 21 23 30 68 13 17 27 36 39 51 22 43 44 49 50 52 55 59 63 66 67 71 77 15 25 34 37 38 61 3 45 54 2 40 0 4 10 12 14 16 24 42 46 48 57 60 69 73 75 76 78 70 102 7 11 29 33 19 18 85 64 79 81 82 87 88 89 90 91 92 93 94 95 96 97 98 99 100 101 84 86 83 103 105
10 10 1 2 0 4 12 14 16 24 42 46 48 57 60 69 73 75 76 70 22 43 44 49 50 52 55 59 63 66 67 71 77 5 6 7 8 11 20 26 29 32 33 35 41 47 53 74 79 81 82 87 88 89 90 91 92 93 94 95 96 97 98 99 100 65 72 62 56 21 23 30 68 51 13 17 27 36 39 45 58 85 78 9 28 31 15 25 34 37 38 61 64 54 3 101 40 18 102 80 104 19 103 105 83 84 86
16 16 1 2 0 4 10 12 14 24 42 46 48 57 60 69 73 75 76 70 22 43 44 49 50 52 55 59 63 66 67 71 77 5 6 7 8 11 20 26 29 32 33 35 41 47 53 74 79 81 82 87 88 89 90 91 92 93 94 95 96 97 98 99 100 65 72 62 56 21 23 30 68 51 13 17 27 36 39 45 58 85 78 9 28 31 15 25 34 37 38 61 64 54 3 101 40 18 102 80 104 19 103 105 83 84 86
18 18 83 45 64 103 105 101 1 54 22 43 44 49 50 52 55 59 63 66 67 71 77 62 0 4 9 10 12 14 16 24 28 31 42 46 48 57 60 69 73 75 76 2 5 6 7 8 11 20 26 29 32 33 35 41 47 53 70 74 58 61 56 19 51 13 17 21 23 27 30 36 39 65 68 72 85 15 25 34 37 38 78 79 81 82 87 88 89 90 91 92 93 94 95 96 97 98 99 100 3 80 104 40 84 86 102
20 20 58 1 2 5 6 8 26 32 35 41 47 53 74 9 28 31 80 104 62 56 13 17 21 23 27 30 36 39 65 68 72 51 61 0 4 10 12 14 16 24 42 46 48 57 60 69 73 75 76 15 25 34 37 38 19 3 85 54 22 43 44 49 50 52 55 59 63 66 67 71 77 7 11 29 33 70 79 81 82 87 88 89 90 91 92 93 94 95 96 97 98 99 100 40 78 45 102 64 84 86 101 18 103 105 83
21 21 19 84 86 58 85 13 23 30 68 70 15 3 1 2 61 5 6 8 20 26 32 35 41 47 53 74 9 28 31 80 104 56 62 40 54 17 27 36 39 65 72 51 38 0 4 10 12 14 16 24 42 46 48 57 60 69 73 75 76 25 34 37 78 22 43 44 49 50 52 55 59 63 66 67 71 77 7 11 29 33 79 81 82 87 88 89 90 91 92 93 94 95 96 97 98 99 100 45 64 102 101 18 103 105 83
27 27 61 58 17 36 65 72 7 51 78 15 25 34 37 3 1 2 5 6 8 20 26 32 35 41 47 53 74 62 9 28 31 54 56 80 104 19 40 38 13 21 23 30 39 68 0 4 10 12 14 16 24 42 46 48 57 60 69 73 75 76 85 22 43 44 49 50 52 55 59 63 66 67 71 77 11 29 33 70 79 81 82 87 88 89 90 91 92 93 94 95 96 97 98 99 100 84 86 45 64 102 101 18 103 105 83
28 28 58 1 9 31 80 104 5 6 8 20 26 32 35 41 47 53 74 65 72 62 56 21 23 30 68 13 17 27 36 39 51 22 43 44 49 50 52 55 59 63 66 67 71 77 15 25 34 37 38 61 3 45 54 2 40 0 4 10 12 14 16 24 42 46 48 57 60 69 73 75 76 78 70 102 7 11 29 33 19 18 85 64 79 81 82 87 88 89 90 91 92 93 94 95 96 97 98 99 100 101 84 86 83 103 105
31 31 58 1 9 28 80 104 5 6 8 20 26 32 35 41 47 53 74 65 72 62 56 21 23 30 68 13 17 27 36 39 51 22 43 44 49 50 52 55 59 63 66 67 71 77 15 25 34 37 38 61 3 45 54 2 40 0 4 10 12 14 16 24 42 46 48 57 60 69 73 75 76 78 70 102 7 11 29 33 19 18 85 64 79 81 82 87 88 89 90 91 92 93 94 95 96 97 98 99 100 101 84 86 83 103 105
33 33 51 61 1 2 58 0 4 10 12 14 16 24 42 46 48 57 60 69 73 75 76 22 43 44 49 50 52 55 59 63 66 67 71 77 5 6 7 8 11 20 26 29 32 35 41 47 53 70 74 79 81 82 87 88 89 90 91 92 93 94 95 96 97 98 99 100 62 56 85 13 17 21 23 27 30 36 39 65 68 72 45 80 104 9 28 31 15 25 34 37 38 64 19 78 3 54 101 40 18 102 103 105 84 86 83
34 34 54 61 11 62 58 78 17 27 36 65 72 40 38 7 51 15 25 37 19 3 56 64 1 2 80 104 9 28 31 5 6 8 20 26 32 35 41 47 53 74 13 21 23 30 39 68 85 0 4 10 12 14 16 24 42 46 48 57 60 69 73 75 76 84 86 103 105 101 22 43 44 49 50 52 55 59 63 66 67 71 77 29 33 70 79 81 82 87 88 89 90 91 92 93 94 95 96 97 98 99 100 45 102 18 83
35 35 58 1 2 5 6 8 20 26 32 41 47 53 74 9 28 31 80 104 62 56 13 17 21 23 27 30 36 39 65 68 72 51 61 0 4 10 12 14 16 24 42 46 48 57 60 69 73 75 76 15 25 34 37 38 19 3 85 54 22 43 44 49 50 52 55 59 63 66 67 71 77 7 11 29 33 70 79 81 82 87 88 89 90 91 92 93 94 95 96 97 98 99 100 40 78 45 102 64 84 86 101 18 103 105 83
41 41 58 1 2 5 6 8 20 26 32 35 47 53 74 9 28 31 80 104 62 56 13 17 21 23 27 30 36 39 65 68 72 51 61 0 4 10 12 14 16 24 42 46 48 57 60 69 73 75 76 15 25 34 37 38 19 3 85 54 22 43 44 49 50 52 55 59 63 66 67 71 77 7 11 29 33 70 79 81 82 87 88 89 90 91 92 93 94 95 96 97 98 99 100 40 78 45 102 64 84 86 101 18 103 105 83
43 43 1 22 44 49 50 52 55 59 63 66 67 71 77 45 0 4 9 10 12 14 16 24 28 31 42 46 48 57 60 69 73 75 76 70 5 6 7 8 11 20 26 29 32 33 35 41 47 53 74 65 72 62 56 21 23 30 68 58 51 13 17 18 27 36 39 2 64 15 25 34 37 38 61 54 3 101 78 40 80 104 83 102 79 81 82 87 88 89 90 91 92 93 94 95 96 97 98 99 100 85 19 103 105 84 86
44 44 1 22 43 49 50 52 55 59 63 66 67 71 77 45 0 4 9 10 12 14 16 24 28 31 42 46 48 57 60 69 73 75 76 70 5 6 7 8 11 20 26 29 32 33 35 41 47 53 74 65 72 62 56 21 23 30 68 58 51 13 17 18 27 36 39 2 64 15 25 34 37 38 61 54 3 101 78 40 80 104 83 102 79 81 82 87 88 89 90 91 92 93 94 95 96 97 98 99 100 85 19 103 105 84 86
46 46 1 2 0 4 10 12 14 16 24 42 48 57 60 69 73 75 76 70 22 43 44 49 50 52 55 59 63 66 67 71 77 5 6 7 8 11 20 26 29 32 33 35 41 47 53 74 79 81 82 87 88 89 90 91 92 93 94 95 96 97 98 99 100 65 72 62 56 21 23 30 68 51 13 17 27 36 39 45 58 85 78 9 28 31 15 25 34 37 38 61 64 54 3 101 40 18 102 80 104 19 103 105 83 84 86
48 48 1 2 0 4 10 12 14 16 24 42 46 57 60 69 73 75 76 70 22 43 44 49 50 52 55 59 63 66 67 71 77 5 6 7 8 11 20 26 29 32 33 35 41 47 53 74 79 81 82 87 88 89 90 91 92 93 94 95 96 97 98 99 100 65 72 62 56 21 23 30 68 51 13 17 27 36 39 45 58 85 78 9 28 31 15 25 34 37 38 61 64 54 3 101 40 18 102 80 104 19 103 105 83 84 86
49 49 1 22 43 44 50 52 55 59 63 66 67 71 77 45 0 4 9 10 12 14 16 24 28 31 42 46 48 57 60 69 73 75 76 70 5 6 7 8 11 20 26 29 32 33 35 41 47 53 74 65 72 62 56 21 23 30 68 58 51 13 17 18 27 36 39 2 64 15 25 34 37 38 61 54 3 101 78 40 80 104 83 102 79 81 82 87 88 89 90 91 92 93 94 95 96 97 98 99 100 85 19 103 105 84 86
50 50 1 22 43 44 49 52 55 59 63 66 67 71 77 45 0 4 9 10 12 14 16 24 28 31 42 46 48 57 60 69 73 75 76 70 5 6 7 8 11 20 26 29 32 33 35 41 47 53 74 65 72 62 56 21 23 30 68 58 51 13 17 18 27 36 39 2 64 15 25 34 37 38 61 54 3 101 78 40 80 104 83 102 79 81 82 87 88 89 90 91 92 93 94 95 96 97 98 99 100 85 19 103 105 84 86
52 52 1 22 43 44 49 50 55 59 63 66 67 71 77 45 0 4 9 10 12 14 16 24 28 31 42 46 48 57 60 69 73 75 76 70 5 6 7 8 11 20 26 29 32 33 35 41 47 53 74 65 72 62 56 21 23 30 68 58 51 13 17 18 27 36 39 2 64 15 25 34 37 38 61 54 3 101 78 40 80 104 83 102 79 81 82 87 88 89 90 91 92 93 94 95 96 97 98 99 100 85 19 103 105 84 86
55 55 1 22 43 44 49 50 52 59 63 66 67 71 77 45 0 4 9 10 12 14 16 24 28 31 42 46 48 57 60 69 73 75 76 70 5 6 7 8 11 20 26 29 32 33 35 41 47 53 74 65 72 62 56 21 23 30 68 58 51 13 17 18 27 36 39 2 64 15 25 34 37 38 61 54 3 101 78 40 80 104 83 102 79 81 82 87 88 89 90 91 92 93 94 95 96 97 98 99 100 85 19 103 105 84 86
60 60 1 2 0 4 10 12 14 16 24 42 46 48 57 69 73 75 76 70 22 43 44 49 50 52 55 59 63 66 67 71 77 5 6 7 8 11 20 26 29 32 33 35 41 47 53 74 79 81 82 87 88 89 90 91 92 93 94 95 96 97 98 99 100 65 72 62 56 21 23 30 68 51 13 17 27 36 39 45 58 85 78 9 28 31 15 25 34 37 38 61 64 54 3 101 40 18 102 80 104 19 103 105 83 84 86
64 64 103 105 101 18 83 29 54 45 11 62 34 38 40 1 2 61 19 0 4 10 12 14 16 24 42 46 48 57 60 69 73 75 76 58 22 43 44 49 50 52 55 59 63 66 67 71 77 5 6 7 8 20 26 32 33 35 41 47 53 70 74 79 81 82 87 88 89 90 91 92 93 94 95 96 97 98 99 100 51 13 17 21 23 27 30 36 39 56 65 68 72 84 86 9 28 31 15 25 37 85 80 104 3 78 102
67 67 1 22 43 44 49 50 52 55 59 63 66 71 77 45 0 4 9 10 12 14 16 24 28 31 42 46 48 57 60 69 73 75 76 70 5 6 7 8 11 20 26 29 32 33 35 41 47 53 74 65 72 62 56 21 23 30 68 58 51 13 17 18 27 36 39 2 64 15 25 34 37 38 61 54 3 101 78 40 80 104 83 102 79 81 82 87 88 89 90 91 92 93 94 95 96 97 98 99 100 85 19 103 105 84 86
73 73 1 2 0 4 10 12 14 16 24 42 46 48 57 60 69 75 76 70 22 43 44 49 50 52 55 59 63 66 67 71 77 5 6 7 8 11 20 26 29 32 33 35 41 47 53 74 79 81 82 87 88 89 90 91 92 93 94 95 96 97 98 99 100 65 72 62 56 21 23 30 68 51 13 17 27 36 39 45 58 85 78 9 28 31 15 25 34 37 38 61 64 54 3 101 40 18 102 80 104 19 103 105 83 84 86
74 74 58 1 2 5 6 8 20 26 32 35 41 47 53 9 28 31 80 104 62 56 13 17 21 23 27 30 36 39 65 68 72 51 61 0 4 10 12 14 16 24 42 46 48 57 60 69 73 75 76 15 25 34 37 38 19 3 85 54 22 43 44 49 50 52 55 59 63 66 67 71 77 7 11 29 33 70 79 81 82 87 88 89 90 91 92 93 94 95 96 97 98 99 100 40 78 45 102 64 84 86 101 18 103 105 83
77 77 1 22 43 44 49 50 52 55 59 63 66 67 71 45 0 4 9 10 12 14 16 24 28 31 42 46 48 57 60 69 73 75 76 70 5 6 7 8 11 20 26 29 32 33 35 41 47 53 74 65 72 62 56 21 23 30 68 58 51 13 17 18 27 36 39 2 64 15 25 34 37 38 61 54 3 101 78 40 80 104 83 102 79 81 82 87 88 89 90 91 92 93 94 95 96 97 98 99 100 85 19 103 105 84 86
80 80 58 104 9 28 31 5 6 8 20 26 32 35 41 47 53 74 65 72 62 56 21 23 30 68 13 17 27 36 39 15 25 34 37 51 38 61 3 54 40 1 78 2 102 33 7 11 19 70 0 4 10 12 14 16 24 42 46 48 57 60 69 73 75 76 85 22 43 44 49 50 52 55 59 63 66 67 71 77 29 79 81 82 87 88 89 90 91 92 93 94 95 96 97 98 99 100 64 45 84 86 101 18 103 105
85 85 19 84 86 70 13 21 23 30 68 2 15 3 40 54 79 81 82 87 88 89 90 91 92 93 94 95 96 97 98 99 100 61 58 1 0 4 10 12 14 16 24 42 46 48 57 60 69 73 75 76 56 62 65 72 9 28 31 38 5 6 7 8 11 20 26 29 32 33 35 41 47 53 74 80 104 51 78 17 27 36 39 64 22 43 44 49 50 52 55 59 63 66 67 71 77 25 34 37 45 101 18 102 103 105 83
86 86 19 84 85 70 68 13 21 23 30 15 3 40 54 61 58 78 34 56 38 62 25 37 17 27 36 65 72 11 80 104 51 7 9 28 31 5 6 8 20 26 32 35 41 47 53 74 39 64 1 2 33 0 4 10 12 14 16 24 42 46 48 57 60 69 73 75 76 102 103 105
95 95 2 79 81 82 87 88 89 90 91 92 93 94 96 97 98 99 100 85 0 4 10 12 14 16 24 42 46 48 57 60 69 73 75 76 70 5 6 7 8 11 20 26 29 32 33 35 41 47 53 74 65 72 62 56 21 23 30 68 51 78 13 17 27 36 39 1 58 38 61 15 25 34 37 54 64 3 40 101 9 28 31 102 22 43 44 49 50 52 55 59 63 66 67 71 77 80 104 45 19 103 105 18 84 86 83
97 97 2 79 81 82 87 88 89 90 91 92 93 94 95 96 98 99 100 85 0 4 10 12 14 16 24 42 46 48 57 60 69 73 75 76 70 5 6 7 8 11 20 26 29 32 33 35 41 47 53 74 65 72 62 56 21 23 30 68 51 78 13 17 27 36 39 1 58 38 61 15 25 34 37 54 64 3 40 101 9 28 31 102 22 43 44 49 50 52 55 59 63 66 67 71 77 80 104 45 19 103 105 18 84 86 83
98 98 2 79 81 82 87 88 89 90 91 92 93 94 95 96 97 99 100 85 0 4 10 12 14 16 24 42 46 48 57 60 69 73 75 76 70 5 6 7 8 11 20 26 29 32 33 35 41 47 53 74 65 72 62 56 21 23 30 68 51 78 13 17 27 36 39 1 58 38 61 15 25 34 37 54 64 3 40 101 9 28 31 102 22 43 44 49 50 52 55 59 63 66 67 71 77 80 104 45 19 103 105 18 84 86 83
99 99 2 79 81 82 87 88 89 90 91 92 93 94 95 96 97 98 100 85 0 4 10 12 14 16 24 42 46 48 57 60 69 73 75 76 70 5 6 7 8 11 20 26 29 32 33 35 41 47 53 74 65 72 62 56 21 23 30 68 51 78 13 17 27 36 39 1 58 38 61 15 25 34 37 54 64 3 40 101 9 28 31 102 22 43 44 49 50 52 55 59 63 66 67 71 77 80 104 45 19 103 105 18 84 86 83
104 104 58 80 9 28 31 5 6 8 20 26 32 35 41 47 53 74 65 72 62 56 21 23 30 68 13 17 27 36 39 15 25 34 37 51 38 61 3 54 40 1 78 2 102 33 7 11 19 70 0 4 10 12 14 16 24 42 46 48 57 60 69 73 75 76 85 22 43 44 49 50 52 55 59 63 66 67 71 77 29 79 81 82 87 88 89 90 91 92 93 94 95 96 97 98 99 100 64 45 84 86 101 18 103 105
