8 8 173 171 77 149 135 109 49 31 112 111 177 142 127 150 52 34 58 183 178 180 175 134 125 129 113 144 139 179 164 106 18 165 147 1 2 117 122 131 41 115 196 60 138 137 118 192 154 107 130 157 64 182 95 153 10 74 116 132 55 123 46 9 108 161 120 128 126 140 195 187 67 80 124 43 146 191 85 190 133 110 44 104 184 114 163 73 119 86 21 145 35 27 189 197 143 121 136 160 167 98 151 168 97 194 99 48 156 141 50 33 155 162 16 148 152 158 159 166 169 170 172 174 176 188 193 181 5 6 26 32 47 53 13 17 23 30 36 39 56 62 65 68 72 15 25 37 51 38 3 40 61 54 19 45 20 0 4 12 14 24 42 57 69 75 76 28 7 11 29 70
9 9 110 150 161 131 64 21 137 134 122 49 31 120 111 124 188 193 44 112 52 126 176 149 58 146 180 106 55 118 139 138 35 133 177 109 140 74 107 156 117 145 179 194 165 108 95 189 197 173 125 43 154 135 119 151 10 130 123 128 46 143 34 129 153 191 132 1 85 104 99 142 27 16 97 98 73 174 127 8 175 192 181 41 86 157 187 116 147 183 136 113 182 144 164 115 114 67 168 171 18 80 121 20 33 196 184 190 141 163 103 105 54 101 77 28 155 162 160 167 50 48 2 148 152 158 159 166 169 170 172 60 178 195 19 61 40 38 3 185 186 5 6 26 32 47 53 13 17 23 30 36 39 56 62 65 68 72 15 25 37 51
10 10 174 130 67 86 143 85 55 118 128 132 104 134 122 73 27 35 112 111 124 74 95 133 120 107 97 99 138 21 175 16 135 154 109 139 168 52 126 137 123 141 140 136 98 178 163 181 31 46 33 165 49 191 116 150 117 145 189 197 64 129 43 176 60 119 1 2 144 173 34 149 153 146 142 18 9 196 131 182 177 156 125 183 44 192 41 115 113 121 106 180 187 19 8 184 160 167 157 155 162 161 194 147 110 20 179 171 190 80 164 77 127 114 151 48 58 50 185 186 28 148 152 158 159 166 169 170 172 188 193 108 61 54 51 15 13 23 30 68 3
16 16 67 153 137 27 124 107 194 151 52 180 108 161 46 35 20 181 157 175 136 117 10 145 178 1 2 41 138 156 125 149 33 73 174 43 98 97 120 123 74 116 95 134 121 99 182 165 126 109 118 49 129 176 31 139 104 122 160 167 77 34 187 163 111 112 44 141 119 184 146 132 60 150 144 55 155 162 135 133 115 190 9 143 80 154 183 113 140 191 18 64 48 168 130 179 147 86 50 131 28 128 177 110 148 152 158 159 166 169 170 172 21 142 164 114 171 58 185 186 173 85 61 189 197 106 127 192 8 196 54 19 0 4 12 14 24 42 57 69 75 76 188 193 5 6 7 11 26 29 32 47 53 70 56 13 17 23 30 36 39 62 65 68 72 15 25 37 51 38 3 40 45
18 18 83 45 109 95 31 107 183 117 145 64 34 142 1 129 130 97 44 177 138 86 121 179 175 8 125 134 132 143 141 119 126 113 104 135 140 106 171 55 85 139 137 27 116 112 49 127 52 73 164 10 133 136 123 124 35 128 99 163 41 144 60 108 114 122 115 98 173 168 74 50 77 160 167 131 110 28 155 162 48 154 156 148 152 158 159 166 169 170 172 165 33 153 149 151 150 188 193 161 43 16 147 111 9 67 180 178 20 21 146 191 118 46 157 181 187 174 189 197 194 184 182 120 176 2 196 195 190 80 58 185 186 61 192 19 51 54 15 13 23 30 68 62 5 6 26 32 47 53 7 70 40 3 11 103 105 29 25 37 38 17 36 39 56 65 72 101 22 59 63 66 71 0 4 12 14 24 42 57 69 75 76
20 20 153 58 157 194 117 1 2 151 46 161 108 180 41 16 125 149 28 48 50 148 152 158 159 166 169 170 172 104 98 168 114 121 155 160 162 167 60 147 49 156 52 27 124 163 44 5 6 26 32 47 53 56 62 110 119 164 13 17 23 30 36 39 65 68 72 106 77 171 15 25 37 51 38 61 150 3 97 137 86 18 74 9 19 99 40 139 54 73 107 111 134 127 112 136 115 123 165 144 138 146 33 130 154 131 64 67 21 178 132 140 122 55 0 4 12 14 24 42 57 69 75 76 133 43 175 7 11 29 70 116 142 129 85 95 118 181 177 113 126 35 143 182 179 128 184 187 135 176 145 10 80 34 183 78 190 174 120 141 22 59 63 66 71 79 81 82 87 88 89 90 91 92 93 94 96 100 45 31 109 191 173 192 189 197 195 196 8 185 186 188 193
21 21 176 156 138 177 139 133 55 128 9 118 35 132 122 49 31 120 19 124 135 99 27 10 104 173 107 109 164 154 52 137 150 74 58 111 141 95 168 146 134 140 143 86 123 110 73 116 117 163 161 126 85 67 113 64 33 181 129 136 98 191 174 46 175 97 149 180 34 1 2 119 142 131 43 41 187 112 157 108 178 147 130 18 153 144 184 165 8 16 179 182 106 115 80 155 162 194 127 171 20 190 192 60 183 28 189 197 121 48 114 50 160 167 148 152 158 159 166 169 170 172 77 151 44 145 188 193 185 186 13 23 30 68 15 3 40 70 125 54 61 196 56 62 65 72 5 6 26 32 47 53 38 17 36 39 84 25 37 51 195
27 27 181 156 34 73 180 138 16 139 33 55 129 133 136 132 118 153 10 95 109 134 122 21 31 120 124 143 135 104 111 61 99 86 137 67 85 35 128 185 186 97 149 49 184 74 140 125 18 107 130 46 168 183 116 174 161 194 154 144 177 52 141 155 162 58 163 142 9 176 112 150 41 43 20 179 146 126 98 165 175 131 173 151 189 197 123 145 117 119 157 191 108 64 178 1 2 8 113 187 192 106 54 121 51 182 171 160 167 164 110 127 77 44 60 80 115 19 190 114 196 28 48 50 148 152 158 159 166 169 170 172 17 36 65 72 147 15 25 37 188 193 3 40 7 38 62 78
28 28 58 117 1 50 48 148 152 158 159 166 169 170 172 20 168 114 121 155 160 162 167 157 44 60 163 156 147 98 110 119 164 77 171 18 151 86 165 97 74 5 6 26 32 47 53 73 123 56 62 65 72 23 30 68 161 115 99 154 13 17 36 39 130 150 41 140 15 25 37 51 38 3 64 144 138 139 40 131 54 146 61 125 43 16 108 116 153 33 149 142 113 126 55 136 107 19 52 35 9 129 2 137 135 106 127 128 132 118 21 122 46 80 178 95 124 133 134 104 22 59 63 66 71 85 180 10 27 143 70 0 4 12 14 24 42 45 57 69 75 76 177 31 34 7 11 29 109 67 175 112 49 120 184 145 194 183 182 141 188 193 187 111 176 185 186 8 174 181 191 173 179 190
31 31 183 34 18 177 175 64 135 142 8 129 128 9 104 106 132 109 21 127 112 111 134 113 173 139 27 171 118 124 49 164 138 41 131 115 52 188 193 191 95 144 55 110 123 10 107 122 116 43 67 150 126 99 58 125 161 176 179 98 187 156 35 44 178 77 141 85 130 86 163 165 137 147 120 133 74 136 154 33 140 180 114 60 143 181 46 153 182 146 195 149 196 192 16 189 197 174 117 145 1 97 151 108 54 184 160 167 45 83 80 73 157 190 194 61 2 103 105 101 185 186 28 50 48 148 152 158 159 166 169 170 172 20 51 121 155 162 168 19 62 40 15 17 36 65 72 119
33 33 185 186 184 55 129 51 27 124 52 168 181 116 117 1 2 109 156 138 16 120 98 174 136 137 176 97 133 10 135 143 122 95 107 104 31 34 128 153 160 167 111 73 112 134 187 139 146 60 132 41 163 74 182 190 77 21 85 123 99 180 80 49 183 151 127 155 162 157 165 48 118 144 145 35 50 67 28 86 18 61 148 152 158 159 166 169 170 172 161 46 179 113 108 194 20 147 43 114 141 110 149 150 121 126 9 164 44 154 171 58 64 115 130 119 140 177 131 191 175 192 178 142 196 189 197 173 125 54 8 19 195 0 4 12 14 24 42 57 69 75 76 5 6 7 11 26 29 32 47 53 70 56 13 17 23 30 36 39 62 65 68 72 15 25 37 38 3 106 40
34 34 109 54 31 27 61 111 58 52 183 177 18 1 2 175 8 129 181 192 142 180 156 139 55 165 106 179 132 113 123 138 73 137 80 134 33 131 125 127 16 64 118 184 190 150 9 135 10 120 173 122 40 41 77 133 95 163 107 171 154 116 60 62 153 160 167 49 144 164 117 38 115 46 136 17 36 65 72 128 19 43 67 15 25 37 51 191 3 11 149 104 143 85 124 161 86 140 130 112 110 21 7 99 151 44 145 78 146 108 141 168 35 114 147 119 126 56 194 23 30 68 97 157 5 6 26 32 47 53 98 13 39 187 182 174 121 178 189 197 155 162 185 186 195 188 193 50 176 70 20 0 4 12 14 24 42 57 69 75 76 28 29 148 152 158 159 166 169 170 172 48 196 83 22 59 63 66 71 79 81 82 87 88 89 90 91 92 93 94 96 100 45 74
35 35 67 86 143 126 133 128 132 137 21 122 112 73 124 10 99 120 136 16 95 138 107 85 58 52 118 176 46 145 27 141 140 131 163 178 139 175 55 9 123 130 154 111 174 194 117 43 151 191 135 74 161 109 60 1 2 156 134 146 31 181 196 150 177 125 49 142 98 41 104 182 108 97 183 179 77 187 153 18 180 160 167 129 19 115 116 149 165 80 190 184 33 164 171 28 173 64 113 48 106 8 127 50 20 114 192 148 152 158 159 166 169 170 172 157 144 44 189 197 110 147 34 121 155 162 168 61 119 5 6 26 32 47 53 56 62 13 17 23 30 36 39 65 68 72 15 25 37 51 38 3 40 54 70 185 186 7
41 41 175 106 153 127 112 124 115 191 52 58 187 114 108 182 20 46 194 67 157 195 151 161 60 113 110 147 116 149 117 1 2 196 16 180 49 164 31 109 178 183 144 142 135 8 104 118 171 98 137 74 125 131 43 181 174 34 111 150 146 176 160 167 122 9 177 129 154 123 55 132 130 80 126 95 128 27 35 134 143 163 190 10 184 64 136 97 133 165 33 77 85 21 18 120 28 179 99 107 48 173 50 138 121 148 152 158 159 166 169 170 172 145 139 44 119 155 162 168 86 5 6 26 32 47 53 56 156 192 13 17 23 30 36 39 62 65 68 72 15 25 37 51 38 3 61 54 140 40 189 197 19 73 188 193 185 186 0 4 12 14 24 42 57 69 75 76 7 11 29 70 141 45 78
43 43 125 132 127 137 134 107 52 141 149 163 46 195 147 117 164 194 145 109 180 151 189 197 187 111 161 131 1 165 126 108 144 49 153 171 95 182 31 140 173 16 35 115 99 135 120 177 118 113 112 121 139 41 150 160 167 10 183 9 44 119 27 157 116 122 179 60 64 77 190 154 129 80 184 104 20 175 124 123 74 21 55 18 138 133 156 67 97 130 33 73 50 98 110 168 86 28 48 148 152 158 159 166 169 170 172 155 162 142 192 114 146 34 136 174 181 191 143 196 128 106 85 176 8 178 188 193 2 58 185 186 45 51 54
44 44 64 188 193 107 117 1 131 121 9 118 119 18 141 103 105 31 140 101 123 145 130 139 112 50 138 86 108 28 48 144 125 148 152 158 159 166 169 170 172 54 111 60 43 16 168 155 162 160 167 114 163 74 157 154 135 126 147 20 73 156 142 98 99 137 165 143 116 10 151 97 95 161 171 150 164 110 35 128 132 55 77 134 129 104 175 183 49 8 85 133 146 34 115 153 41 109 33 113 177 136 180 52 149 2 178 179 120 27 67 21 46 127 106 196 173 58 192 194 122 19 124 184 174 22 59 63 66 71 61 191 189 197 182 0 4 12 14 24 42 45 57 69 75 76 5 6 7 11 26 29 32 47 53 70 56 13 17 23 30 36 39 62 65 68 72 15 25 37 51 38 185 186 3 80 181 190 176 40 187
46 46 178 106 153 132 137 194 115 108 182 151 113 77 114 165 141 1 2 20 161 157 163 180 110 16 43 41 146 67 145 35 177 109 118 49 116 112 99 9 175 104 126 125 149 120 129 10 127 111 124 134 27 117 183 142 52 31 8 144 55 150 21 122 34 74 131 133 128 143 107 135 95 164 64 138 140 98 139 86 173 147 171 154 130 136 18 97 119 156 123 33 191 73 174 187 179 181 160 167 196 85 58 176 168 28 50 121 44 155 162 184 195 0 4 12 14 24 42 57 69 75 76 192 189 197 148 152 158 159 166 169 170 172 5 6 7 11 26 29 32 47 53 70 62 56 65 72 23 30 68 80 190 13 17 36 39 15 25 37 51 38 3 54 40 61 48 188 193 19 78 22 59 63 66 71 79 81 82 87 88 89 90 91 92 93 94 96 100 45 185 186 60
48 48 117 1 2 50 28 148 152 158 159 166 169 170 172 20 168 114 121 155 160 162 167 60 157 44 98 163 156 147 110 119 164 77 171 97 151 18 86 73 99 165 123 161 115 154 74 130 150 64 140 16 41 144 138 139 131 0 4 12 14 24 42 57 69 75 76 146 70 33 125 43 5 6 7 11 26 29 32 47 53 108 116 153 62 56 65 72 23 30 68 13 17 36 39 149 142 113 15 25 37 51 38 126 55 58 107 3 136 52 54 40 61 129 8 137 35 106 132 135 127 128 118 122 95 133 85 21 178 9 19 124 10 78 134 27 104 143 180 22 59 63 66 71 79 81 82 87 88 89 90 91 92 93 94 96 100 45 177 109 175 67 112 120 49 145 184 31 194 183 34 182 46 141 188 193 173 185 186 187 176 111 174 181 80 191 179 190
49 49 157 147 179 108 146 144 131 139 177 175 8 142 118 9 129 153 104 106 132 127 21 134 173 135 171 111 109 113 164 31 116 180 52 115 41 110 64 191 126 161 55 46 125 43 128 95 107 178 149 122 183 67 165 151 27 112 77 137 163 120 194 34 141 150 182 124 138 16 187 195 114 176 20 18 140 136 10 123 99 85 33 117 98 154 189 197 130 156 133 35 1 145 143 60 86 97 73 192 74 184 160 167 190 80 181 121 174 188 193 44 119 58 196 2 50 28 48 185 186 148 152 158 159 166 169 170 172 19 155 162 168 54
50 50 117 1 28 48 148 152 158 159 166 169 170 172 168 20 114 121 155 160 162 167 157 44 60 163 156 147 98 110 119 164 77 171 151 18 165 86 97 123 73 115 161 154 99 130 150 74 140 144 64 138 131 146 139 125 43 16 108 116 41 33 153 149 113 142 126 55 107 136 52 129 137 135 127 106 128 132 46 35 8 9 178 95 85 118 21 122 134 124 22 59 63 66 71 133 10 180 58 0 4 12 14 24 42 45 57 69 75 76 2 143 70 177 5 6 7 11 26 29 32 47 53 34 62 56 65 72 23 30 68 13 17 36 39 104 67 109 27 15 25 37 51 38 120 49 3 175 54 145 40 61 31 112 184 194 183 182 141 173 19 188 193 187 111 185 186 176 174 80 179 190 181 191
52 52 190 80 184 160 167 163 77 60 165 151 116 161 34 144 113 180 108 146 177 175 149 43 41 16 126 142 178 33 135 153 8 129 136 104 109 118 127 112 35 9 95 134 137 21 67 106 122 132 183 10 55 125 173 124 111 120 115 49 27 150 31 171 182 191 164 138 133 131 139 74 128 194 130 143 46 97 99 179 73 154 185 186 157 145 18 86 187 64 110 98 176 147 107 85 20 174 156 181 155 162 195 196 140 123 189 197 58 114 119 117 168 192 2 1 121 54 188 193 44 61 51 28 141 19 50 48 148 152 158 159 166 169 170 172
55 55 168 116 33 129 10 109 104 21 122 134 120 27 124 185 186 184 107 133 174 135 128 176 156 98 138 139 146 9 95 85 143 118 130 181 142 73 112 52 140 117 111 119 136 31 74 144 35 137 180 132 106 189 197 97 49 67 99 1 18 34 191 149 150 173 16 161 165 126 86 123 177 153 187 41 154 121 125 151 64 179 178 163 131 43 113 182 44 160 167 157 155 162 46 114 183 171 147 51 60 77 20 194 164 141 110 115 50 196 2 28 48 190 127 80 148 152 158 159 166 169 170 172 192 145 108 175 8 58 19 188 193 61 54
60 60 112 52 117 1 2 196 161 160 167 130 41 77 150 74 154 163 183 126 190 165 80 175 142 184 151 116 178 113 48 8 64 129 35 50 144 137 28 171 44 115 148 152 158 159 166 169 170 172 108 114 168 98 146 121 164 20 149 95 34 16 155 162 18 147 86 10 157 110 43 127 131 125 33 119 135 134 153 97 106 156 180 55 67 99 124 138 85 31 123 177 107 139 73 140 132 122 109 104 128 133 143 118 182 173 145 58 191 194 136 49 27 111 9 0 4 12 14 24 42 57 69 75 76 21 174 120 187 5 6 7 11 26 29 32 47 53 70 56 188 193 13 17 23 30 36 39 62 65 68 72 15 25 37 51 38 179 61 141 54 3 19 40 181 195 176 185 186 189 197 22 59 63 66 71 79 81 82 87 88 89 90 91 92 93 94 96 100 78 45 46
64 64 188 193 44 131 9 103 105 101 118 54 31 112 111 18 110 150 126 161 49 117 74 183 175 1 2 107 196 60 34 134 137 154 192 130 135 127 120 10 41 123 165 8 21 133 139 142 109 132 43 177 122 129 95 85 52 125 113 55 124 149 115 179 171 104 106 121 86 35 138 153 144 164 136 143 27 16 77 145 163 108 156 98 140 29 128 48 119 151 173 160 167 114 191 50 67 28 141 116 180 147 148 152 158 159 166 169 170 172 99 178 46 146 58 97 20 11 33 182 194 62 187 73 174 176 155 162 168 40 38 189 197 61 181 195 157 184 19 80 45 190 3 0 4 12 14 24 42 57 69 75 76 83 5 6 7 26 32 47 53 70 13 17 23 30 36 39 56 65 68 72 15 25 37 51
67 67 16 178 175 35 136 10 115 191 182 77 143 86 155 162 165 46 174 146 1 112 118 41 97 113 130 132 126 128 133 73 99 52 85 122 124 27 74 137 21 104 153 106 55 109 111 129 134 127 183 154 31 8 142 139 49 177 140 60 138 161 34 95 150 151 135 123 9 163 180 107 120 43 181 108 64 131 196 176 33 156 125 98 194 141 116 18 145 117 184 171 173 2 179 149 157 160 167 190 20 80 110 147 164 144 58 114 168 119 187 19 192 189 197 195 44 121 48 28 50 61 54 51 188 193 185 186 5 6 26 32 47 53 15 38 13 17 23 30 36 39 56 62 65 68 72 40 45 3 0 4 12 14 24 42 57 69 75 76 25 37 7 11 29 70 148 152 158 159 166 169 170 172 22 59 63 66 71
73 73 143 86 136 122 27 35 155 162 95 10 128 117 1 2 74 67 133 120 181 85 97 107 191 156 104 99 124 129 34 135 21 130 140 150 180 145 137 132 112 146 174 55 19 9 109 16 149 48 33 134 118 138 179 50 168 153 52 28 183 139 175 148 152 158 159 166 169 170 172 142 141 20 176 49 46 8 114 121 160 167 60 106 178 44 98 177 182 171 187 111 127 126 110 147 119 157 163 164 194 61 58 77 31 151 184 173 18 115 123 165 196 41 154 64 131 0 4 12 14 24 42 57 69 75 76 43 5 6 7 11 26 29 32 47 53 70 125 108 116 161 144 62 56 185 186 189 197 13 17 23 30 36 39 65 68 72 80 113 15 25 37 51 190 38 3 54 40 78 45 22 59 63 66 71 79 81 82 87 88 89 90 91 92 93 94 96 100
74 74 85 118 136 122 112 124 97 133 58 155 162 154 104 73 117 120 10 1 2 130 99 67 191 95 135 196 55 143 128 146 27 174 150 60 64 181 176 9 175 21 107 98 41 137 140 35 132 187 86 149 123 142 182 16 52 129 109 116 161 153 183 111 44 180 138 49 28 145 33 121 19 18 34 48 126 160 167 50 151 77 20 179 177 119 148 152 158 159 166 169 170 172 171 43 46 115 113 125 163 141 114 144 131 165 8 108 31 194 168 178 147 164 110 188 193 184 5 6 26 32 47 53 56 62 156 157 13 17 23 30 36 39 65 68 72 134 15 25 37 51 38 61 3 127 40 106 54 139 190 192 185 186 0 4 12 14 24 42 57 69 75 76 7 11 29 70 173 45 78 80
77 77 178 8 52 182 165 173 171 115 146 117 46 113 67 1 149 160 167 135 112 163 60 109 190 80 184 151 161 111 144 49 116 183 31 150 50 28 48 177 125 148 152 158 159 166 169 170 172 157 142 20 147 18 108 168 164 175 180 121 137 34 124 139 155 162 41 43 130 16 114 154 131 153 119 33 44 156 126 110 129 64 74 98 138 132 123 86 55 58 104 128 134 99 73 118 140 196 97 127 35 179 95 107 2 120 9 133 85 10 143 21 136 122 27 194 192 145 187 191 174 176 181 106 141 54 185 186 19 40 188 193 61 38 22 59 63 66 71 0 4 12 14 24 42 45 57 69 75 76 5 6 7 11 26 29 32 47 53 70 189 197 13 17 23 30 36 39 56 62 65 68 72 195 15 25 37 51 3
80 80 52 58 190 184 160 167 163 77 60 165 151 34 116 161 144 180 113 108 177 41 146 175 149 43 16 126 142 8 33 178 135 153 129 104 35 136 9 109 127 112 118 21 137 95 134 67 5 6 26 32 47 53 62 65 72 56 23 30 68 117 106 13 17 36 39 122 27 31 15 25 37 51 55 38 115 125 54 183 173 3 61 132 171 124 10 150 111 40 120 49 28 164 139 131 1 138 2 182 46 191 19 128 130 97 133 157 86 99 194 110 20 98 18 154 156 73 143 147 155 162 85 64 123 179 185 186 145 140 187 176 114 168 107 119 181 174 44 195 196 48 121 50 189 197 148 152 158 159 166 169 170 172 74 141
85 85 97 154 74 133 10 104 95 122 120 19 136 107 130 118 143 112 124 99 174 140 86 73 35 27 145 98 146 55 138 2 134 119 179 67 128 111 150 183 117 191 21 126 18 155 162 137 139 161 9 149 142 125 141 181 132 129 109 41 175 180 52 60 116 156 176 64 135 33 178 34 121 165 196 168 8 187 151 49 153 113 44 163 58 31 106 110 127 177 182 173 1 160 167 20 189 197 157 147 48 46 77 115 171 164 123 192 114 28 50 108 148 152 158 159 166 169 170 172 194 131 144 184 70 13 23 30 68 16 15 3 43 84 40 80 190 54 188 193 185 186 61 51 195 56 62 17 36 65 72 5 6 26 32 47 53
86 86 73 35 128 10 95 19 143 107 130 67 174 122 145 138 117 123 126 136 85 124 99 27 97 133 18 139 104 179 120 121 112 132 134 125 183 21 141 140 52 135 119 154 44 74 55 111 31 137 142 156 155 162 150 9 118 181 109 180 175 2 129 34 168 131 144 49 176 1 153 108 98 163 177 148 152 158 159 166 169 170 172 161 8 178 60 50 165 28 48 43 16 64 114 116 171 149 58 191 182 160 167 151 33 173 187 146 46 20 110 147 164 196 189 197 157 194 184 84 80 115 190 113 77 70 13 23 30 68 192 15 3 40 41 54 106 61 127 188 193 185 186
95 95 145 179 97 130 18 183 143 86 125 138 126 85 142 133 136 129 104 134 73 122 107 27 112 10 35 124 74 109 111 137 120 154 99 135 140 113 31 131 21 128 43 155 162 55 67 52 149 123 49 116 98 146 171 33 177 181 139 9 119 174 189 197 16 118 132 117 153 150 176 60 180 141 121 2 161 191 108 165 41 44 144 173 196 194 156 46 175 192 83 157 45 64 187 182 168 19 160 167 8 34 147 1 163 20 190 106 178 80 115 151 77 58 185 186 127 114 184 48 148 152 158 159 166 169 170 172 50 28 110 164 188 193
97 97 85 136 95 124 74 155 162 133 117 104 2 154 143 99 145 179 122 120 73 67 86 138 130 181 174 98 18 183 176 129 27 187 128 125 10 107 112 123 134 182 126 153 116 146 142 52 16 48 41 148 152 158 159 166 169 170 172 109 50 168 33 137 19 28 49 180 132 9 55 20 111 114 121 160 167 135 178 175 106 21 191 34 171 127 60 35 46 31 8 110 147 119 156 157 163 164 44 141 177 151 77 144 173 194 184 115 165 131 196 149 189 197 1 150 140 58 64 108 161 139 113 80 190 43 118 185 186 13 23 30 68 61 15 54 3 192 17 36 65 72 62 56 40 25 37 38 39 195 51 78 79 81 82 87 88 89 90 91 92 93 94 96 100 0 4 12 14 24 42 57 69 75 76 5 6 7 11 26 29 32 47 53 70
98 98 104 124 117 2 174 97 176 181 123 187 139 99 74 55 138 116 128 182 146 143 41 16 85 153 136 33 10 168 133 118 20 95 48 155 162 135 148 152 158 159 166 169 170 172 157 50 114 28 86 9 21 31 121 119 160 167 120 112 163 27 151 35 156 111 18 122 60 110 137 147 108 134 130 144 106 125 161 44 129 73 154 49 127 164 126 171 165 142 77 178 180 67 131 115 140 107 8 183 175 132 149 150 64 43 34 46 52 179 194 177 113 145 184 185 186 58 1 109 173 191 19 196 141 192 189 197 79 81 82 87 88 89 90 91 92 93 94 96 100 195 61 0 4 12 14 24 42 57 69 75 76 54 5 6 7 11 26 29 32 47 53 70 56 78 13 17 23 30 36 39 62 65 68 72 38 15 25 37 51 80 3 188 193 40 190
99 99 140 133 136 128 132 124 155 162 141 97 122 123 35 85 117 163 2 118 120 21 134 74 67 107 86 143 154 129 73 176 27 104 10 138 95 181 174 46 98 135 177 187 55 43 137 111 52 139 31 142 182 109 145 116 146 180 175 49 191 34 106 16 48 173 9 41 153 148 152 158 159 166 169 170 172 50 33 183 127 178 179 28 189 197 112 8 20 114 121 160 167 168 60 110 147 119 156 157 164 44 194 184 126 151 171 77 125 192 1 190 115 165 80 144 18 19 130 58 150 131 108 161 149 64 113 185 186 195 196 61 51 13 23 30 68 17 36 65 72 70 5 6 26 32 47 53 62 54 3 15
104 104 98 139 85 118 55 128 136 106 153 10 95 134 49 31 120 97 124 74 133 135 21 107 99 27 154 108 129 52 86 122 157 143 116 179 138 125 168 58 73 174 67 137 123 155 162 130 132 175 18 194 180 41 142 161 114 126 183 146 33 20 46 9 151 177 35 119 111 34 64 16 145 117 131 189 197 110 150 173 176 165 181 147 144 149 156 112 8 178 109 127 43 163 140 115 187 113 191 121 184 60 160 167 171 182 2 164 80 77 44 190 141 1 19 185 186 28 192 188 193 148 152 158 159 166 169 170 172 50 48 196 195 54 51 61 15 13 23 30 68 3
