8 8 58 173 77 171 149 135 109 31 49 112 111 1 2 52 34 127 27 41 21 9 35 74 134 5 6 26 32 47 53 65 72 62 56 23 30 68 20 13 17 36 39 142 15 25 37 51 38 129 3 61 54 40 117 177 64 10 60 175 106 19 28 104 122 33 16
9 9 58 110 150 161 131 137 64 21 134 122 31 49 120 111 124 1 52 27 35 112 8 104 117 34 107 55 74 54 41 132 10 19 129 128 126 118 18 28 106 133 38 5 6 26 32 47 53 61 16 43 135 40 146 20 13 17 23 30 36 39 56 62 65 68 72 142 2 177 3 15 25 37 51
10 10 174 130 143 67 86 85 55 118 128 132 104 134 122 112 27 111 124 1 2 52 117 107 35 95 120 31 21 74 73 16 33 137 19 41 49 135 133 60 64 109 9 34 139 8 99 43 129 136 175 58 46 97
16 16 67 153 137 27 124 1 2 107 52 117 35 10 41 33 46 20 60 73 21 34 74 43 55 48 136 108 61 120 31 95
18 18 83 45 64 109 31 95 1 107 117 44 54 103 105 27 101 112 9 142
20 20 58 153 1 2 117 41 74 5 6 26 32 47 53 65 72 56 62 23 30 68 13 17 36 39 15 25 37 51 38 35 3 27 34 61 40 54 8 21 28 19 16 46 48 31 60 73 33 9 7 11
21 21 19 58 176 156 138 177 139 133 128 55 9 118 132 35 122 31 49 120 124 1 2 107 52 27 104 13 23 30 68 15 3 40 10 54 85 74 135 61 8 34 70 117 134 111 41 86 137 56 62 17 36 65 72 5 6 26 32 47 53 38 25 37 51 20 39 33 95 16 99 64 129 109 112 73 46 28
27 27 61 58 181 156 34 180 73 138 139 16 129 55 133 33 136 132 118 153 10 95 109 134 122 31 120 124 111 1 2 107 52 117 21 104 51 54 137 35 74 17 36 65 72 15 25 37 135 9 3 40 19 41 8 128 49 20 112 7 85 142 99 62 56 5 6 26 32 47 53 38 64 13 23 30 39 68 43 143 78 18 46 97 125 126 28 67 60
28 28 58 1 117 20 74 41 5 6 26 32 47 53 62 56 13 17 23 30 36 39 65 68 72 35 15 25 37 51 38 61 3 31 34 54 40 8 19 9 27 21
31 31 58 183 177 135 175 142 34 18 129 8 128 104 9 132 106 127 64 112 134 21 111 27 124 1 52 117 109 49 107 41 10 35 95 120 118 55 54 139 122 137 113 61 74 43 2 33 131 138 28 20 16 19 62 51 15 17 36 65 72
33 33 51 185 186 184 129 55 27 1 2 124 52 117 61 10 16 41 58 21 35 34 60 31 73 74 95 48 20 120
34 34 54 61 58 109 27 31 111 1 2 52 40 19 62 15 17 36 65 72 3 25 37 51 38 8 64 11 7 21 56 41 13 23 30 68 5 6 26 32 47 53 9 20 39 35 78 74 10 33 16 28 73 60 129
35 35 58 143 67 86 126 133 128 132 137 21 122 112 124 1 2 52 117 10 74 107 120 31 41 27 95 19 9 16 73 8 20 34 23 30 68 5 6 26 32 47 53 65 72 62 56 99 13 17 36 39 15 25 37 51 38 3 61 60 54 40 33 46 104 118 28 43 134 55 111 64 49 48
41 41 58 175 153 106 127 112 1 2 124 52 117 31 35 74 20 8 27 16 34 21 5 6 26 32 47 53 65 72 62 56 23 30 68 13 17 36 39 49 104 15 25 37 51 38 3 60 61 54 40 10 46 33 9 28 19 64 111 48 73 95 109
43 43 125 132 127 137 134 1 107 52 117 111 49 31 109 16 35 27 10 120 9 112 126 118 55
44 44 64 1 107 117 18
46 46 178 106 153 132 137 1 2 16 41 35 20 27 49 10
48 48 1 2 117 60 20 73 16 74 41 33 0 4 12 14 24 42 57 69 75 76 5 6 7 11 26 29 32 47 53 70 35
49 49 157 147 179 144 108 146 131 139 177 175 142 118 129 153 8 106 132 104 9 127 134 21 1 52 117 31 111 107 109 135 27 112 120 41 10 137 43 55 95 113 58 124 64 122 35 46 116
50 50 1 117
52 52 190 184 160 167 165 77 163 116 161 80 144 151 180 113 177 175 60 108 146 142 149 135 126 43 129 178 16 153 136 41 118 34 33 104 109 127 8 112 134 9 106 95 35 122 10 21 120 49 111 124 31 27 1 107 117 137 55 132 58 128 133 2 139 67 125 74 131 138 150 64 183 18
55 55 168 116 129 33 10 109 104 122 134 120 21 124 27 1 107 117 52 31 128 137 133 9 95 49 132 112 139 111 136 135 118 138 16 35 85 142 43 58 74 73
60 60 112 1 2 52 117 41 35 10 74 8 16 33 48 64 20 73 34 27 0 4 12 14 24 42 57 69 75 76
64 64 103 105 101 18 54 188 193 44 131 118 9 31 112 111 1 2 117 29 34 11 62 40 38 45 58 61 19 10 74 8 107 27 21 60 83 52 41 35 49 134 95
67 67 178 16 175 136 35 10 1 52
73 73 143 86 136 122 27 1 2 117 10 35 95 74 16 33 19 48 60 34 20 107 61 55 21 41
74 74 58 85 118 136 122 112 1 2 124 117 35 27 41 10 21 20 19 8 23 30 68 5 6 26 32 47 53 104 65 72 56 62 13 17 36 39 73 15 25 37 51 38 95 3 61 34 40 54 31 9 97 64 52 28 60 16 133 33 107 48 99 55 120
77 77 178 8 1 52 117
80 80 58 52
85 85 19 154 97 74 133 10 104 95 122 120 2 107 21 86 136 124 58 70 27 13 23 30 68 15 3 40 54 112 134 118 61 117 128 55 1 84
86 86 19 73 128 35 10 95 107 117 85 21 122 143 2 84 1 13 23 30 68 15 70
95 95 97 145 179 130 183 143 138 125 126 86 142 85 136 133 18 129 104 134 122 112 27 124 2 52 117 107 120 10 35 31 111 109 73 137 74 55 135 128 21 49 33 99 19 16 153 64
97 97 85 136 95 2 124 117 74 99 27 104
98 98 104 124 2 117
99 99 140 133 136 128 132 2 124 117 35 107 27 21 120 10 95 97 74
104 104 58 98 139 118 85 128 136 55 153 106 95 134 10 31 120 49 124 107 52 117 27 21 135 133 129 111 9 74 122 112 41 132 35 138 108 126 142 137 1 8 143 97 2 20 125 34 109 86 116
