33 33 185 186 184 252 129 51 27 124 168 181 52 116 136 176 117 174 156 98 109 1 2 213 21 160 167 120 138 187 190 277 231 143 10 134 137 128 122 292 135 153 60 163 182 107 31 112 146 111 133 301 274 73 238 97 123 106 132 217 180 282 183 157 139 48 151 50 148 152 158 159 166 169 170 172 28 145 127 67 74 165 246 194 99 243 215 179 144 141 147 118 189 197 114 121 155 162 35 283 113 108 161 110 241 196 164 192 43 150 171 191 173 206 126 149 154 119 130 195 115 261 205 131 178 61 142 125 177 175 58 140 188 193
97 97 282 136 292 124 155 162 74 133 154 145 143 301 99 179 117 174 181 67 2 73 122 120 215 176 98 10 283 138 187 183 130 129 27 125 182 107 123 134 112 148 152 158 159 166 169 170 172 48 126 50 28 153 116 146 142 191 109 238 213 52 132 180 114 121 160 167 168 217 206 33 246 252 137 178 231 175 141 171 106 241 127 21 243 111 135 60 110 147 119 156 157 163 164 189 197 196 205 173 194 31 128 177 184 35 151 274 144 190 277 115 165 149 185 186 131 150 140 139 195 108 161 192 113 43 261 1 58 118
35 35 67 283 143 126 133 128 132 21 137 73 122 112 99 10 124 213 136 176 120 292 141 138 145 282 243 107 163 118 174 131 191 194 140 27 178 52 175 301 206 123 130 196 139 154 58 252 151 60 181 156 111 43 74 161 135 109 182 117 125 146 179 134 150 177 31 187 97 246 1 2 238 98 108 215 160 167 274 115 142 190 277 180 165 153 116 184 129 173 183 192 149 164 205 217 171 28 48 50 148 152 158 159 166 169 170 172 33 189 197 114 113 261 106 157 127 241 144 110 147 121 155 162 168 119 231 185 186 188 193 195 19
98 98 301 124 117 174 176 2 181 187 97 123 182 99 74 139 252 116 138 168 213 146 148 152 158 159 166 169 170 172 143 48 50 28 155 162 217 128 282 238 10 33 157 136 114 153 133 121 160 167 119 283 135 292 118 206 241 163 21 215 147 156 110 151 31 60 112 246 122 108 120 130 144 111 35 27 161 127 125 164 67 129 154 106 178 171 137 73 274 165 180 126 179 142 134 115 194 183 185 186 140 205 175 131 145 184 150 149 177 132 231 243 107 43 261 113 191 52 173 196 192 195 141 109 189 197 188 193 190 277 1 58 51 5 6 8 20 26 32 41 47 53 0 4 12 14 16 24 42 46 57 69 75 76 70 79 81 82 87 88 89 90 91 92 93 94 95 96 100 85 13 17 23 30 36 39 56 62 65 68 72 15 19
99 99 140 133 136 128 132 124 155 162 141 97 123 35 163 282 122 67 118 107 74 134 176 120 117 174 181 21 154 73 2 129 243 283 138 292 98 10 27 143 301 187 177 135 43 145 182 191 139 52 252 142 31 189 197 111 173 148 152 158 159 166 169 170 172 48 137 50 28 231 109 175 180 179 106 116 146 206 178 246 183 238 213 153 127 114 121 160 167 168 217 33 205 184 241 194 190 277 60 110 147 119 156 157 164 192 112 151 171 274 125 195 115 165 215 185 186 144 130 150 108 161 149 1 113 196 131 261 58 126
67 67 213 178 175 35 136 10 115 191 182 274 155 162 243 174 165 283 143 146 238 118 130 112 113 97 1 126 73 99 128 282 133 132 52 124 74 122 137 27 106 153 21 127 252 183 109 301 154 60 205 111 196 140 151 231 163 181 161 177 176 142 194 123 135 31 129 150 139 138 156 180 134 246 292 108 98 116 261 206 141 43 190 277 125 160 167 184 117 145 33 157 110 107 215 173 114 217 131 179 168 195 120 144 149 187 192 119 121 189 197 164 50 48 28 147 188 193 148 152 158 159 166 169 170 172 241 185 186 171 2 58
73 73 283 143 136 122 27 155 162 35 292 10 128 67 181 74 133 191 282 97 117 156 120 1 2 301 107 252 99 124 174 129 145 231 135 21 130 140 180 150 132 137 146 112 206 179 48 50 148 152 158 159 166 169 170 172 28 141 176 213 149 183 109 175 118 33 138 134 153 52 139 187 243 114 121 160 167 168 217 142 246 182 194 178 205 177 241 106 60 171 98 196 110 147 119 157 163 164 184 127 126 173 111 151 274 185 186 189 197 31 190 277 115 123 165 215 58 154 61 108 116 161 144 131 125 195 43 113 238 192 261 51 19 15 25 34 37 0 4 12 14 16 24 42 46 57 69 75 76 38 3 5 6 7 8 11 20 26 29 32 41 47 53 70 54 40 13 17 23 30 36 39 56 62 65 68 72
10 10 174 130 67 283 143 282 252 118 128 132 73 301 35 134 122 27 74 112 292 97 213 133 111 124 99 168 120 138 141 21 107 154 175 135 98 123 181 136 163 109 140 139 191 178 43 31 189 197 33 145 243 176 52 116 165 137 119 196 60 246 215 192 150 238 231 126 173 261 182 117 241 121 206 156 146 149 129 115 155 162 144 187 142 153 1 2 113 160 167 157 180 177 125 183 185 186 106 190 277 194 131 110 161 147 217 179 205 114 171 188 193 48 50 164 148 152 158 159 166 169 170 172 28 151 274 184 108 127 58
43 43 125 132 127 137 134 141 195 107 163 149 189 197 52 243 194 147 164 187 145 151 180 165 173 171 131 182 109 161 126 108 117 111 144 238 246 292 153 115 121 140 31 99 213 35 206 1 160 167 177 10 135 150 113 120 118 183 190 277 157 179 119 241 139 231 112 274 217 184 261 60 116 154 27 205 122 110 50 148 152 158 159 166 169 170 172 301 28 48 192 156 168 67 129 123 215 252 74 98 138 21 175 73 155 162 130 33 133 114 124 174 283 196 146 142 97 181 188 193 191 176 136 282 143 128 106 185 186 178
74 74 282 118 136 122 112 97 124 155 162 133 154 58 196 301 73 191 120 67 130 99 10 174 117 181 292 143 176 135 60 252 128 150 1 2 261 146 27 98 187 238 206 140 21 283 107 175 132 182 123 137 241 35 52 149 145 180 121 161 153 109 129 111 246 28 142 213 48 50 179 138 148 152 158 159 166 169 170 172 116 215 231 141 183 119 188 193 126 177 194 114 33 171 115 243 125 160 167 168 217 151 184 131 108 274 190 277 43 110 147 164 113 144 192 178 205 31 156 157 163 165 134 185 186 139 106 127 5 6 8 20 26 32 41 47 53 62 56 65 72 23 30 68 13 17 36 39 15 25 34 37 51 38 3 173 54 40 61 189 197 9 19
28 28 58 117 1 50 148 152 158 159 166 169 170 172 48 217 121 114 155 160 162 167 168 157 241 163 60 156 147 98 119 110 164 171 151 274 215 165 123 283 115 97 99 154 130 161 140 73 150 74 144 213 146 139 125 138 108 116 252 131 261 43 238 149 136 113 33 126 142 52 292 153 9 106 127 5 6 8 20 26 32 41 47 53 62 56 65 72 23 30 68 13 17 36 39 135 129 137 128 15 25 34 37 51 38 178 132 282 3 122 54 40 61 35 205 21 206 118 124 180 243 133 184 134 143 19 177 67 80 104 182 10 194 188 193 2 175 120 301 109 187 183 185 186 173 145 27 176 246 190 277 231 31 195 191 179 174 181 22 44 49 55 59 63 66 71 77 45 70 0 4 12 14 16 24 42 46 57 69 75 76 112 7 11 29 64 18 141 111 189 197 107
48 48 117 1 2 50 148 152 158 159 166 169 170 172 28 217 121 114 155 160 162 167 168 157 241 98 163 60 147 156 119 110 164 171 151 274 215 165 123 283 97 99 115 154 130 73 161 140 150 74 144 213 146 139 125 138 108 116 252 131 261 43 238 136 149 33 113 126 142 52 292 153 106 127 135 129 137 128 178 282 132 122 205 206 35 118 21 124 0 4 12 14 16 24 42 46 57 69 75 76 180 70 243 133 5 6 7 8 11 20 26 29 32 41 47 53 62 65 72 56 23 30 68 184 13 17 36 39 134 143 15 25 34 37 51 38 64 177 67 3 54 61 10 40 182 58 194 188 193 175 120 185 186 301 109 183 187 19 173 145 176 246 27 190 277 112 231 195 191 174 179 31 78 181 85 22 44 49 55 59 63 66 71 77 79 81 82 87 88 89 90 91 92 93 94 95 96 100 45 9 18 141 111 189 197 107 196
50 50 117 1 148 152 158 159 166 169 170 172 28 48 217 121 114 155 160 162 167 168 157 241 163 60 147 156 98 119 110 164 171 151 274 215 165 123 283 115 97 99 154 130 161 140 150 73 144 74 213 146 125 139 138 108 116 252 131 261 43 238 149 136 113 33 126 142 52 292 153 106 127 135 129 137 128 178 132 282 122 205 21 206 118 124 180 35 243 133 184 134 143 177 67 182 10 194 188 193 175 120 301 109 187 183 185 186 173 145 246 176 190 277 27 2 231 195 179 58 174 191 31 22 44 49 55 59 63 66 71 77 45 181 0 4 9 12 14 16 24 42 46 57 69 75 76 70 112 5 6 7 8 11 20 26 29 32 41 47 53 62 65 72 56 23 30 68 13 17 18 36 39 141 15 25 34 37 51 111 64 38 189 197 3 54 61 40 19 107
52 52 190 277 184 160 167 163 60 274 151 165 231 116 238 161 144 113 180 108 213 146 177 205 43 149 175 126 33 178 246 142 206 135 153 129 301 67 136 173 35 137 118 292 112 127 109 132 106 183 21 115 171 134 125 252 122 191 10 131 150 182 185 186 179 164 194 139 157 120 147 31 27 124 74 138 110 243 111 133 130 143 97 99 73 215 128 187 154 283 98 176 196 217 195 174 261 282 155 162 156 181 189 197 140 107 114 145 168 119 123 192 117 188 193 121 1 241 141 2 50 148 152 158 159 166 169 170 172 28 48
21 21 176 156 138 177 139 133 206 252 128 118 35 132 122 246 31 120 99 135 173 27 164 124 168 141 19 10 301 109 150 282 110 154 137 74 107 292 111 146 181 163 73 140 123 52 283 143 134 33 174 116 67 191 261 98 97 161 117 243 113 58 126 129 179 136 231 149 119 175 131 180 157 187 178 112 147 142 43 153 205 194 155 162 192 1 2 215 108 238 165 190 277 182 189 197 217 171 130 144 185 186 188 193 28 48 50 148 152 158 159 166 169 170 172 114 213 106 115 121 127 184 160 167 274 196 183 145 241 60 151 125 195 13 23 30 68 61 15 3 40 51
27 27 181 156 231 73 180 213 138 33 139 252 129 133 136 118 132 292 10 153 109 185 186 21 134 143 122 283 31 184 99 67 120 301 135 97 124 282 168 35 137 111 149 215 74 128 246 174 194 141 155 162 140 130 125 243 116 176 183 61 144 161 163 177 217 179 107 189 197 154 112 98 173 142 145 191 238 52 206 165 146 43 150 119 126 151 175 131 157 123 178 58 192 205 108 261 187 117 113 121 171 164 182 160 167 110 196 1 2 127 106 274 190 277 241 115 60 114 188 193 28 48 50 148 152 158 159 166 169 170 172 51 147 195
60 60 112 52 196 117 1 2 160 167 190 277 238 161 130 274 163 150 184 154 183 74 165 126 48 50 151 148 152 158 159 166 169 170 172 28 116 205 142 113 178 171 114 175 261 121 241 217 115 147 155 162 129 157 164 35 110 144 137 231 98 108 168 119 213 131 283 215 146 292 156 125 43 246 67 149 97 10 33 252 282 135 106 180 123 99 139 134 138 127 140 243 132 177 107 31 173 145 73 301 206 122 153 143 191 182 188 193 133 128 194 118 179 109 124 141 174 136 187 185 186 189 197 195 27 120 111 21 181 58 176 0 4 12 14 16 24 42 46 57 69 75 76 70 5 6 7 8 11 20 26 29 32 41 47 53 62 65 72 56 23 30 68 13 17 36 39 15 25 34 37 51 38 3 64 54 61 40 192 19 78 9 85 22 44 49 55 59 63 66 71 77 79 81 82 87 88 89 90 91 92 93 94 95 96 100
31 31 231 215 183 177 261 205 175 135 206 142 129 128 109 301 106 173 132 113 21 127 188 193 171 112 164 134 139 131 191 110 111 27 246 118 115 238 292 124 138 150 144 241 123 137 176 274 67 141 187 252 98 116 179 156 161 10 195 99 147 114 122 178 163 282 283 107 43 125 52 120 130 149 181 196 145 189 197 243 182 74 143 140 33 35 60 165 154 146 174 192 153 136 58 126 97 133 194 213 184 180 117 108 157 160 167 1 190 277 73 185 186 151 28 50 148 152 158 159 166 169 170 172 48 121 155 162 168 217 119 2
