8 8 173 171 77 149 135 109 49 31 112 111 58 52 1 2 127 177 142 34 129 134 175 106 183 9 41 122 150 5 6 26 32 47 53 117 56 74 21 20 13 17 23 30 36 39 62 65 68 72 27 60 139 180 61 51 35 178 15 25 37 54 38 132 64 144 118 125 3 28 80 124 104 107 137 153 19 10 40 128 18 0 4 12 14 24 42 57 69 75 76 131 179 95 126 48 16 154 161 138 7 11 29 70 113 33 120 165 46 73 108 130 55 146 116 78 43 45 123 157 136 22 59 63 66 71 79 81 82 87 88 89 90 91 92 93 94 96 100 196 50 133 67 147 192 85 44 98 115 97 86 99 163 164 184 151 190 140 160 167 143 182 110
9 9 110 150 161 131 137 64 134 21 122 49 120 31 111 124 58 52 1 112 126 107 35 132 104 117 146 133 106 129 128 8 27 118 55 139 109 149 177 10 180 34 54 135 153 74 142 138 127 18 43 95 41 175 28 103 105 165 19 16 108 5 6 26 32 47 53 80 140 101 56 136 20 61 13 17 23 30 36 39 62 65 68 72 51 2 85 143 176 154 15 25 37 38 125 44 123 179 116 3 151 46 130 183 40 77 144 145 33 73 156 173 99 119 194 60 113 45 188 193 191 189 197 97 98 86 181 22 59 63 66 71 174 178 187 50 182 147 157 192 0 4 12 14 24 42 57 69 75 76 48 67 7 11 29 70 163 184 190 78 115 171 160 167
10 10 174 130 143 67 86 85 55 118 128 132 104 134 122 112 27 111 124 52 1 2 117 35 107 95 120 73 133 74 135 137 31 109 21 139 16 136 175 138 99 33 19 129 9 126 60 49 123 43 154 97 98 41 142 116 146 140 150 64 58 153 165 178 34 8 46 106 177 161 163 125 61 48 131 149 183 20 168 0 4 12 14 24 42 57 69 75 76 180 181 51 77 5 6 7 11 26 29 32 47 53 70 141 108 144 54 13 17 23 30 36 39 56 62 65 68 72 127 40 156 38 15 25 37 50 113 179 3 151 173 191 44 28 189 197 176 119 22 59 63 66 71 79 81 82 87 88 89 90 91 92 93 94 96 100 160 167 182 45 196 187 192 145 18 115 80 121 184 78 171 157 110 155 162 147 190 164
16 16 67 153 137 27 124 107 52 1 2 117 35 108 180 46 136 41 151 10 161 20 33 43 129 118 60 104 194 132 73 55 120 134 138 48 175 126 112 133 111 178 109 135 61 74 34 122 125 58 98 128 97 149 0 4 12 14 24 42 57 69 75 76 44 9 31 145 21 77 157 116 181 5 6 7 11 26 29 32 47 53 70 123 95 62 99 56 143 51 49 13 17 23 30 36 39 65 68 72 146 139 8 15 25 37 38 50 144 64 86 18 156 19 3 85 54 28 142 40 130 121 165 131 45 106 119 22 59 63 66 71 79 81 82 87 88 89 90 91 92 93 94 96 100 127 160 167 174 78 140 163 176 113 177 187 150 182 154 184 141 115 190 155 162 80 171 110 168 147 164 114 183 148 152 158 159 166 169 170 172
18 18 83 45 64 109 31 95 107 1 117 103 105 101 44 142 183 54 129 131 188 193 134 112 9 27 132 118 104 55 130 34 135 106 175 177 122 8 111 125 52 137 127 126 138 86 145 43 128 133 136 97 143 49 50 16 21 124 2 77 85 28 48 58 120 60 121 179 20 119 123 22 59 63 66 71 73 61 62 139 19 140 0 4 12 14 24 42 57 69 75 76 74 108 67 41 113 144 33 5 6 7 11 26 29 32 47 53 70 56 116 99 51 13 17 23 30 36 39 65 68 72 150 161 46 35 149 154 171 153 15 25 37 38 141 10 146 98 165 3 115 110 163 151 164 156 147 40 168 114 160 167 157 148 152 158 159 166 169 170 172 155 162 180
20 20 153 58 1 2 117 41 5 6 26 32 47 53 62 56 13 17 23 30 36 39 65 68 72 28 51 61 74 15 25 37 38 3 16 46 19 34 54 35 40 48 8 27 60 104 0 4 12 14 24 42 57 69 75 76 80 73 7 11 29 70 21 157 151 31 9 33 161 50 149 64 108 125 77 49 44 98 194 97 78 52 10 180 22 59 63 66 71 79 81 82 87 88 89 90 91 92 93 94 96 100 99 45 67 43 124 55 85 18 86 95 118 137 132 112 120 107 156 111 139 134 135 129 122 128 138 126 116 136 144 109 142 123 171 106 110 146 168 165 131 147 133 150 148 152 158 159 166 169 170 172 154 130 127 114 121 155 160 162 167 140 113 115 119 163 164 175
21 21 176 156 138 177 19 139 133 128 118 55 132 9 35 122 120 49 31 124 58 107 52 1 2 27 104 135 85 13 23 30 68 86 15 111 137 3 10 134 70 109 74 99 40 61 54 95 117 84 136 146 8 129 143 34 140 33 41 150 5 6 26 32 47 53 123 175 20 161 17 36 39 56 62 65 72 154 126 38 112 142 64 116 16 25 37 51 43 131 28 46 80 113 106 130 73 153 180 163 173 60 144 141 164 18 149 108 0 4 12 14 24 42 57 69 75 76 119 67 48 127 7 11 29 98 168 110 125 97 44 77 181 191 165 174 145 151 147 22 59 63 66 71 79 81 82 87 88 89 90 91 92 93 94 96 100 178 187 50 179 157 183 182 45 160 167 184 78 121 190
27 27 181 156 180 138 73 139 34 61 16 129 55 133 136 33 132 118 153 109 95 10 134 122 120 31 124 111 58 107 52 1 2 21 104 117 135 137 51 128 49 74 143 85 54 17 36 65 72 99 9 35 15 25 37 112 86 3 7 125 142 149 67 41 20 19 8 130 140 40 97 78 177 175 126 18 43 154 183 146 46 161 62 56 116 5 6 26 32 47 53 144 150 38 106 64 131 123 13 23 30 39 68 28 165 108 151 60 127 163 80 145 48 174 141 98 184 119 179 157 168 155 162 44 0 4 12 14 24 42 57 69 75 76 194 77 11 29 70 173 185 186 113 176 50 191 178 189 197 121 187 160 167 22 59 63 66 71 79 81 82 87 88 89 90 91 92 93 94 96 100 182 192 171 45 115 110 147
28 28 58 1 117 20 5 6 26 32 47 53 65 72 62 56 23 30 68 13 17 36 39 74 51 41 15 25 37 38 3 61 80 34 54 35 40 8 31 9 50 2 21 77 44 48 19 104 27 60 22 59 63 66 71 73 45 43 70 0 4 12 14 24 42 57 69 75 76 16 67 55 18 64 33 7 11 29 46 49 10 52 78 153 86 156 118 132 97 112 99 110 134 168 128 111 160 167 139 171 107 109 148 152 158 159 166 169 170 172 120 95 147 157 163 137 129 131 161 135 114 121 155 162 142 98 151 144 149 124 138 119 164 122 116 125 126 150 85 165 146 130 108 115 123 113 154 140 106 136
31 31 183 177 175 135 142 18 34 129 128 8 106 104 132 9 127 64 112 134 111 21 124 27 58 52 109 1 49 117 113 139 118 107 41 10 95 122 138 120 55 35 131 137 54 171 173 43 115 116 144 45 136 123 126 61 150 99 133 74 164 33 161 83 153 77 110 125 165 28 2 149 46 180 16 60 154 103 105 98 20 86 80 85 146 5 6 26 32 47 53 101 163 19 130 44 178 156 13 17 23 30 36 39 56 62 65 68 72 140 187 67 191 15 25 37 51 182 147 38 176 143 108 40 3 114 181 179 141 97 73 50 195 48 188 193 151 196 174 189 197 192 160 167 22 59 63 66 71 119 157 0 4 12 14 24 42 57 69 75 76 184 78 145 7 11 29 70 121 190 168
33 33 51 185 186 184 129 55 27 124 52 1 2 117 61 58 16 10 136 109 120 116 31 60 41 73 95 48 21 135 74 104 34 137 98 35 134 138 107 112 0 4 12 14 24 42 57 69 75 76 20 122 153 111 97 168 77 5 6 7 11 26 29 32 47 53 70 181 56 99 49 13 17 23 30 36 39 62 65 68 72 46 128 146 133 118 8 54 43 15 25 37 180 38 132 139 50 156 3 64 44 9 28 123 143 19 40 67 22 59 63 66 71 79 81 82 87 88 89 90 91 92 93 94 96 100 142 45 106 160 167 144 78 174 163 175 176 161 151 86 80 18 177 127 165 85 108 126 130 187 125 178 149 182 150 131 113 140 154 119 190 157 155 162 171 115 183 121 110 164 147
34 34 54 61 109 31 27 58 111 52 1 2 40 62 38 17 36 65 72 11 19 51 15 25 37 3 7 78 8 64 56 5 6 26 32 47 53 20 13 23 30 39 68 177 9 129 21 41 175 183 28 74 132 80 16 142 106 35 134 10 73 33 60 18 180 127 104 0 4 12 14 24 42 57 69 75 76 55 122 139 48 118 124 29 70 95 137 77 136 46 107 117 112 153 165 120 49 128 135 138 133 131 156 85 45 43 181 22 59 63 66 71 79 81 82 87 88 89 90 91 92 93 94 96 100 113 150 149 179 50 123 126 67 86 192 125 154 161 44 98 116 108 144 97 146 99 184 163 178 84 190 101 160 167 143 151 171 173 103 105
35 35 143 67 86 126 133 128 132 137 21 122 112 58 124 52 1 2 117 10 120 95 107 73 99 16 74 118 19 31 41 9 136 27 138 134 111 46 20 135 109 5 6 26 32 47 53 60 43 56 140 8 104 13 17 23 30 36 39 62 65 68 72 61 51 28 85 139 15 25 37 123 54 161 38 175 34 130 178 146 55 3 154 129 131 80 177 33 142 48 163 40 108 180 49 150 151 98 97 153 176 0 4 12 14 24 42 57 69 75 76 77 149 64 116 7 11 29 70 145 156 141 50 106 144 194 125 44 191 174 183 78 165 113 127 22 59 63 66 71 79 81 82 87 88 89 90 91 92 93 94 96 100 181 45 160 167 196 119 182 18 187 115 184 121 171 110 155 162 190 157 164 147 168
41 41 175 106 153 127 112 58 124 52 1 2 117 31 20 115 74 49 35 46 16 104 60 5 6 26 32 47 53 62 56 8 109 13 17 23 30 36 39 65 68 72 51 108 28 61 161 15 25 37 27 38 113 149 34 111 116 21 3 67 80 54 19 10 33 118 43 9 135 40 48 151 144 142 107 180 187 98 137 95 129 0 4 12 14 24 42 57 69 75 76 182 178 77 134 97 157 64 110 125 114 73 191 7 11 29 70 126 122 131 147 171 99 146 136 150 130 183 164 128 154 138 194 50 55 132 120 123 44 177 195 78 143 139 196 133 22 59 63 66 71 79 81 82 87 88 89 90 91 92 93 94 96 100 160 167 45 165 86 85 163 181 176 174 18 184 140 156 190 119 121 155 162 168
43 43 125 132 127 137 134 107 52 1 117 111 109 149 126 131 118 112 120 16 135 49 46 144 31 108 153 95 35 129 163 161 27 10 165 151 9 141 41 55 44 180 104 140 139 113 77 145 177 147 122 60 164 171 21 115 99 50 128 124 18 133 194 28 48 187 195 142 182 33 136 116 121 173 189 197 20 106 45 119 67 22 59 63 66 71 138 160 167 73 34 86 130 175 150 58 123 0 4 12 14 24 42 57 69 75 76 146 74 64 8 5 6 7 11 26 29 32 47 53 70 62 2 56 154 51 61 13 17 23 30 36 39 65 68 72 143 19 15 25 37 183 38 184 3 157 178 54 190 97 98 156 40 80 110 168 85 155 162 114 148 152 158 159 166 169 170 172 179
44 44 64 107 1 117 18 103 105 101 131 54 43 50 16 118 55 28 48 77 45 31 60 188 193 121 112 111 20 9 119 22 59 63 66 71 73 86 123 144 130 139 0 4 12 14 24 42 57 69 75 76 140 138 108 62 67 74 125 70 2 137 41 33 134 5 6 7 11 26 29 32 47 53 58 65 72 135 126 56 23 30 68 132 129 142 51 27 13 17 36 39 120 52 21 46 35 141 128 104 15 25 37 61 122 38 49 10 145 34 3 124 143 95 40 136 109 8 153 99 133 161 154 85 116 150 106 168 165 163 110 156 127 171 160 167 147 155 162 114 19 148 152 158 159 166 169 170 172 157 149 164 113 151 115 98 146 97 175
46 46 178 106 153 132 137 1 2 108 16 41 115 20 194 43 113 67 77 35 151 49 109 161 180 112 0 4 12 14 24 42 57 69 75 76 118 48 27 52 5 6 7 11 26 29 32 47 53 70 62 56 60 99 111 58 13 17 23 30 36 39 65 68 72 165 182 31 104 51 10 61 73 146 15 25 37 124 38 21 120 114 3 177 117 110 19 163 74 157 141 107 54 34 33 129 125 40 126 8 116 145 64 9 134 22 59 63 66 71 79 81 82 87 88 89 90 91 92 93 94 96 100 149 122 45 50 78 44 98 28 97 85 175 55 127 18 142 136 133 128 95 135 139 86 183 131 144 143 150 138
48 48 1 2 117 60 0 4 12 14 24 42 57 69 75 76 20 70 73 5 6 7 11 26 29 32 47 53 65 72 62 56 23 30 68 16 13 17 36 39 74 51 46 41 33 58 15 25 37 38 50 61 3 54 64 35 44 98 77 34 28 97 40 10 8 78 22 59 63 66 71 79 81 82 87 88 89 90 91 92 93 94 96 100 99 45 43 67 55 21 27 19 18 85 31 49 95 52 86 9 153 104 132 156 112 168 118 160 167 148 152 158 159 166 169 170 172 135 107 171 147 157 128 111 163 134 120 130 110 125 129 114 121 155 162 137 131 142 151 138 109 124 119 164 116 122 140 165 126 139 149 144 146 154 161 136 115 123 108 113 150
49 49 157 147 179 108 144 146 131 139 177 175 142 118 129 153 106 8 132 104 9 127 134 21 52 1 111 117 31 109 135 107 113 112 120 116 41 27 137 95 122 55 171 43 180 115 124 173 128 126 10 149 46 161 164 125 64 77 136 110 178 58 133 35 151 165 163 16 138 150 67 33 20 34 140 191 114 74 99 85 60 18 183 156 98 141 194 2 182 19 187 50 123 130 154 195 86 44 176 28 48 54 160 167 61 189 197 143 40 22 59 63 66 71 73 97 80 38 119 0 4 12 14 24 42 45 57 69 75 76 184 5 6 7 11 26 29 32 47 53 70 190 13 17 23 30 36 39 56 62 65 68 72 145 121 15 25 37 51 168 3
50 50 1 117 44 28 48 77 60 20 22 59 63 66 71 45 73 43 0 4 12 14 24 42 57 69 75 76 16 74 18 70 67 55 41 33 5 6 7 11 26 29 32 47 53 65 72 62 56 23 30 68 64 51 13 17 36 39 46 58 35 15 25 37 38 10 61 49 31 3 2 54 34 40 8 9 27 52 21 168 19 156 160 167 148 152 158 159 166 169 170 172 153 86 147 157 110 163 114 121 155 162 132 171 151 119 164 104 118 116 165 131 135 107 144 146 112 161 142 130 137 134 150 129 120 115 123 149 128 98 108 111 125 139 126 95 109 154 140 138 113 97 99
52 52 190 184 160 167 163 165 80 151 116 77 161 144 113 180 108 177 146 175 60 149 142 126 135 43 178 129 153 16 136 118 41 109 104 34 33 127 112 8 134 106 95 9 35 122 120 21 10 49 111 124 31 27 107 137 132 55 1 117 133 125 67 128 139 183 131 150 138 115 74 143 130 58 85 171 173 73 46 182 97 154 64 86 18 164 99 51 140 2 179 123 191 157 110 98 147 20 54 145 61 187 156 194 119 176 174 181 155 162 44 28 114 62 17 36 65 72 15 19 5 6 26 32 47 53 13 23 30 68 40 3 25 37 38 185 186 39 56 195 50 196 11 7 189 197 70 45 48 0 4 12 14 24 42 57 69 75 76 141 121 29 192
55 55 168 116 129 33 109 10 104 122 134 120 21 124 27 107 1 117 133 52 128 135 138 137 31 139 136 112 118 95 132 111 142 49 143 9 85 146 106 130 51 140 126 16 73 150 43 153 144 35 156 86 74 98 180 174 119 18 131 58 176 44 67 177 2 161 125 34 181 123 154 149 99 165 184 19 185 186 97 61 41 50 77 28 48 8 127 173 191 60 189 197 121 45 54 20 175 64 22 59 63 66 71 183 187 113 151 0 4 12 14 24 42 57 69 75 76 182 108 163 5 6 7 11 26 29 32 47 53 70 56 13 17 23 30 36 39 62 65 68 72 110 46 178 157 15 25 37 171 160 167 38 141 155 162 147 145 3 115 114 164 40 179
60 60 112 52 1 2 117 41 48 74 35 16 8 0 4 12 14 24 42 57 69 75 76 20 10 33 70 73 77 64 5 6 7 11 26 29 32 47 53 62 56 23 30 68 34 161 51 61 13 17 36 39 65 72 46 58 126 43 15 25 37 38 50 129 31 130 95 142 54 3 44 98 178 28 97 175 40 150 21 154 27 106 134 122 137 99 22 59 63 66 71 79 81 82 87 88 89 90 91 92 93 94 96 100 109 45 67 160 167 153 118 196 78 127 124 55 49 163 135 165 116 183 151 104 111 18 19 113 120 108 146 9 107 144 85 136 149 132 80 128 184 86 131 190 125 139 171 138 115 177 140 156 180 157 110 147 133 123 114 164 168 121 148 152 158 159 166 169 170 172 119 155 162 143 101
64 64 103 105 101 18 188 193 54 44 131 118 9 31 112 111 29 1 2 117 45 83 11 62 34 40 38 58 61 107 49 175 134 74 137 150 19 60 8 126 10 183 21 127 132 95 161 52 142 129 135 104 48 109 27 41 122 124 154 20 106 0 4 12 14 24 42 57 69 75 76 35 110 73 128 139 120 5 6 7 26 32 47 53 70 16 33 13 17 23 30 36 39 56 65 68 72 130 55 177 46 133 50 165 15 25 37 51 123 3 125 98 28 77 97 86 99 138 22 59 63 66 71 79 81 82 87 88 89 90 91 92 93 94 96 100 43 196 85 144 179 153 149 108 192 178 113 146 140 136 67 180 116 171 115 78 147 151 119 163 156 143 157 164 121
67 67 178 175 16 136 35 10 1 115 112 52 77 143 118 124 27 46 86 132 133 182 73 128 165 191 146 41 122 74 104 2 137 155 162 113 97 111 58 126 55 130 174 99 49 117 153 31 109 129 85 22 59 63 66 71 45 50 134 0 4 12 14 24 42 57 69 75 76 21 107 44 28 48 95 19 61 5 6 7 11 26 29 32 47 53 70 120 62 56 60 20 13 17 23 30 36 39 65 68 72 51 43 15 25 37 38 3 18 34 54 33 106 64 40 8 9 142 135 127 139 161 138 177 154 108 180 183
73 73 143 86 136 122 27 1 2 117 10 95 35 74 107 19 120 97 133 124 128 67 16 48 61 99 55 60 129 33 0 4 12 14 24 42 57 69 75 76 20 58 155 162 34 5 6 7 11 26 29 32 47 53 70 130 62 104 56 85 51 13 17 23 30 36 39 65 68 72 52 140 46 41 15 25 37 109 38 150 50 146 142 3 21 135 64 54 156 44 98 77 28 137 132 149 138 112 40 8 118 9 22 59 63 66 71 79 81 82 87 88 89 90 91 92 93 94 96 100 45 31 191 43 139 78 134 126 153 18 180 181 125 123 154 49 111 161 119 116 131 144 108 151 163 168 165 106 171 157 175 110 127 148 152 158 159 166 169 170 172 147 113 115 164 114 121 160 167
74 74 85 118 136 122 112 58 124 1 2 117 133 97 104 10 41 35 73 19 27 21 20 5 6 26 32 47 53 62 56 95 120 13 17 23 30 36 39 65 68 72 28 51 61 107 60 15 25 37 38 8 99 135 3 137 31 9 64 52 154 54 130 34 67 48 40 16 146 128 129 175 150 55 98 33 0 4 12 14 24 42 57 69 75 76 142 155 162 80 132 7 11 29 70 138 140 109 46 143 50 111 123 153 149 49 77 86 126 116 161 44 78 134 191 139 22 59 63 66 71 79 81 82 87 88 89 90 91 92 93 94 96 100 45 43 174 183 181 176 196 178 106 18 182 187 131 125 108 144 156 127 119 151 180 165 171 113 163 115 110 121 177 160 167 157 168 147 114 164 148 152 158 159 166 169 170 172
77 77 178 8 52 1 117 165 67 146 113 46 112 115 149 60 171 182 49 31 43 135 50 109 173 16 58 44 28 48 41 33 20 111 22 59 63 66 71 35 73 45 160 167 34 163 2 10 129 0 4 12 14 24 42 57 69 75 76 153 151 55 116 74 144 18 70 106 127 108 5 6 7 11 26 29 32 47 53 9 62 161 61 56 23 30 68 64 134 51 13 17 36 39 65 72 118 27 126 142 21 122 15 25 37 38 137 124 54 184 132 3 175 107 104 190 177 120 136 95 125 40 131 150 128 139 80 180 157 154 99 97 138 86 147 156 168 130 19 148 152 158 159 166 169 170 172 110 164 114 121 155 162 123 119 98 140 183
80 80 58 52 28 5 6 26 32 47 53 65 72 62 56 34 41 23 30 68 20 13 17 36 39 8 15 25 37 51 9 38 35 104 3 74 61 31 54 21 40 1 27 19 2 77 190 184 160 167 163 161 60 151 165 177 116 175 49 180 153 33 113 144 108 112 43 149 118 10 16 146 124 126 127 135 106 122 136 109 178 134 129 95 142 111 120 107 78 117
85 85 154 97 19 74 133 10 104 95 122 120 107 2 136 86 70 21 124 84 118 112 13 23 30 68 128 130 143 15 55 134 3 27 58 140 40 54 117 61 138 111 129 142 52 132 126 146 137 98 135 150 99 1 35 9 145 119 139 73 125 18 174 67 183 179 161 109 149 64 16 106 191 79 81 82 87 88 89 90 91 92 93 94 96 100 180 56 62 153 0 4 12 14 24 42 57 69 75 76 38 48 31 5 6 7 11 26 29 32 47 53 60 49 44 20 127 78 17 36 39 65 72 51 46 25 37 121 141 116 175 43 41 123 33 34 131 28 8 108 144 177 156
86 86 19 73 128 35 10 95 107 117 143 85 84 122 70 21 68 13 23 30 130 138 104 15 27 124 126 3 123 132 40 67 136 133 112 139 2 134 54 125 97 145 52 99 1 120 61 111 135 137 55 58 118 142 18 174 129 31 121 74 119 179 183 140 44 144 131 108 154 41 109 9 60 34 49 43 98 33 146 20 16 64 141 150 48 116 28 149 161 127 8 153 165 56 62 38 77 51 151 25 37 17 36 65 72 156 155 162 113 78 163 168 11 171 7 46 5 6 26 32 47 53 175 148 152 158 159 166 169 170 172 180 114 177 160 167 110 39 115 147 157 164 50 106
95 95 145 179 97 130 183 143 125 138 126 86 142 136 85 133 18 129 134 104 122 112 124 27 52 107 2 117 120 10 109 35 73 137 111 31 135 128 55 74 140 154 99 49 113 131 153 19 43 149 83 118 33 98 9 146 21 116 45 139 64 132 16 60 41 150 123 67 161 155 162 171 180 165 1 58 181 106 177 108 175 144 34 61 8 156 54 127 119 48 174 189 197 40 173 191 44 20 178 151 79 81 82 87 88 89 90 91 92 93 94 96 100 160 167 176 196 38 163 77 182 121 0 4 12 14 24 42 57 69 75 76 187 5 6 7 11 26 29 32 47 53 70 157 78 13 17 23 30 36 39 56 62 65 68 72 184 46 80 28 15 25 37 51 168 147 110 3
97 97 85 136 95 124 2 117 74 133 104 99 129 73 138 98 143 120 154 155 162 10 27 122 130 86 19 16 126 33 41 107 52 125 48 142 112 67 145 35 60 134 179 128 20 79 81 82 87 88 89 90 91 92 93 94 96 100 18 123 55 146 183 70 116 0 4 12 14 24 42 57 69 75 76 153 23 30 68 58 174 181 5 6 7 11 26 29 32 47 53 176 1 61 62 56 21 51 135 118 187 140 78 13 17 36 39 65 72 137 182 38 46 54 40 15 25 37 64 139 3 34 109 49 132 111 161 43 31 150 8 149 9 156 28 131 108 144 113 148 152 158 159 166 169 170 172 77 114 121 160 167 168 171 106 110 147 119 157 163 164 50 44 127 151 115 165
98 98 104 124 2 117 97 99 10 128 95 55 16 74 153 136 85 41 33 139 48 138 123 58 35 60 118 31 116 20 146 120 79 81 82 87 88 89 90 91 92 93 94 96 100 73 135 143 0 4 12 14 24 42 57 69 75 76 174 133 52 70 181 176 5 6 7 11 26 29 32 47 53 134 27 112 65 72 137 62 56 187 51 23 30 68 107 21 1 182 78 13 17 36 39 38 111 46 49 9 15 25 37 106 61 129 64 3 54 40 86 34 132 126 8 125 122 142 43 130 157 168 131 155 162 144 119 151 140 108 156 109 161 18 160 167 28 121 114 154 148 152 158 159 166 169 170 172 163 165 19 147 110 149 44 171 77 164 50 115 113 150 127
99 99 140 133 136 128 132 124 2 117 35 97 107 120 122 21 118 27 74 138 123 134 10 95 104 73 98 155 162 154 86 129 139 31 46 111 163 135 85 16 141 137 41 52 67 33 43 48 143 177 60 109 55 20 146 79 81 82 87 88 89 90 91 92 93 94 96 100 58 116 153 0 4 12 14 24 42 57 69 75 76 49 126 176 181 174 1 19 5 6 7 11 26 29 32 47 53 70 130 61 142 62 56 112 51 187 125 78 13 17 23 30 36 39 65 68 72 182 38 15 25 37 150 131 64 161 9 3 108 156 144 18 54 40 44 165 34 149 8 151 106 28 127 77 113 180 175 148 152 158 159 166 169 170 172 115 114 121 160 167 168 171 110 147 119 157 164 50
104 104 98 139 118 85 128 136 55 153 106 95 134 10 49 120 31 124 58 107 52 117 133 27 135 21 129 122 138 74 108 111 97 132 143 137 126 125 9 41 86 112 116 142 99 175 146 154 180 161 123 16 109 131 130 35 157 20 144 177 33 67 43 8 2 73 183 80 179 149 151 1 34 127 18 165 119 174 150 64 28 46 110 140 155 162 19 168 113 114 145 194 115 147 23 30 68 5 6 26 32 47 53 65 72 62 56 61 13 17 36 39 173 163 15 25 37 51 38 181 77 60 189 197 176 121 54 178 3 40 160 167 156 187 44 182 48 171 141 190 164 50 184 70
