8 8 58 1 2 31 77 173 171 149 135 49 109 112 111 52 5 6 26 32 47 53 20 41 74 62 56 35 13 17 23 30 36 39 65 68 72 51 21 28 61 34 27 15 25 37 9 38 3 19 54 80 40 60 0 4 12 14 24 42 57 69 75 76 48 104 73 46 16 10 7 11 29 70 33 64 78 85 22 59 63 66 71 79 81 82 87 88 89 90 91 92 93 94 96 100 67 50 44 97 98 55 43 45 99 95 18 102 117 101 86 84 134 124 127
9 9 58 1 31 110 150 161 131 49 21 137 134 122 120 111 124 52 64 28 5 6 26 32 47 53 20 8 74 41 35 62 56 23 30 68 13 17 36 39 65 72 80 27 51 104 34 61 15 25 37 38 54 3 40 2 19 55 43 77 22 59 63 66 71 44 50 45 67 18 70 16 10 60 73 0 4 12 14 24 42 57 69 75 76 46 48 33 7 11 29 78 101 103 105 85 117 112 95 102 107
10 10 1 2 67 174 130 55 143 118 128 132 85 134 122 86 112 111 124 27 52 104 117 73 60 16 48 0 4 12 14 24 42 57 69 75 76 46 35 74 33 41 5 6 7 11 26 29 32 47 53 70 20 8 19 62 56 58 61 51 21 13 17 23 30 36 39 65 68 72 34 15 25 37 38 64 95 3 54 99 98 97 43 77 50 49 22 59 63 66 71 79 81 82 87 88 89 90 91 92 93 94 96 100 44 31 45 40 78 9 28 18 107 101 120
16 16 1 2 67 153 137 124 27 52 107 117 60 48 0 4 12 14 24 42 57 69 75 76 46 73 10 70 20 41 5 6 7 11 26 29 32 47 53 33 35 74 62 56 8 61 23 30 68 51 21 13 17 36 39 65 72 58 34 15 25 37 38 64 54 3 43 77 98 44 97 55 50 22 59 63 66 71 79 81 82 87 88 89 90 91 92 93 94 96 100 40 99 45 95 85 49 78 28 9 31 19 18 101 104
18 18 83 45 64 103 105 1 101 109 31 107 95 54 117 44 2 9 50 77 22 59 63 66 71 62 43 55 67 49 28 48 60 0 4 12 14 24 42 57 69 75 76 16 52 73 46 58 61 10 20 5 6 7 11 26 29 32 47 53 70 8 74 41 33 56 35 19 51 27 13 17 23 30 36 39 65 68 72 21 34 15 25 37 38 3 40 112 118 131 111 188 193
20 20 58 1 2 153 5 6 26 32 47 53 41 74 62 56 8 117 35 13 17 23 30 36 39 65 68 72 51 28 61 21 15 25 37 38 27 34 9 31 3 19 54 40 80 48 0 4 12 14 24 42 57 69 75 76 60 46 73 16 104 10 7 11 29 70 33 64 78 85 77 50 22 59 63 66 71 79 81 82 87 88 89 90 91 92 93 94 96 100 67 44 98 97 99 55 43 45 49 95 52 18 102 86 101 84
21 21 19 58 1 2 35 9 13 23 30 68 31 176 15 156 55 138 177 139 133 70 128 118 132 3 49 122 85 120 84 124 86 61 52 40 54 107 56 62 5 6 26 32 47 53 20 74 41 8 17 36 39 65 72 27 51 38 28 25 37 34 104 80 0 4 12 14 24 42 57 69 75 76 60 48 16 73 10 46 33 7 11 29 64 78 99 97 43 67 95 77 98 44 22 59 63 66 71 79 81 82 87 88 89 90 91 92 93 94 96 100 50 45 18 117 102 101
27 27 61 58 34 1 2 31 73 16 17 36 65 72 51 181 55 10 156 180 138 139 15 25 37 129 95 33 133 136 132 118 153 7 109 134 3 122 120 124 111 78 54 52 40 107 19 62 56 20 5 6 26 32 47 53 74 41 117 35 8 38 21 13 23 30 39 68 28 9 104 80 60 48 0 4 12 14 24 42 57 69 75 76 46 11 29 70 85 64 49 99 97 67 43 77 98 44 50 22 59 63 66 71 79 81 82 87 88 89 90 91 92 93 94 96 100 45 18 86 84 137 102 101 112 128 135
28 28 58 1 117 9 31 5 6 26 32 47 53 20 65 72 74 62 41 56 23 30 68 8 35 13 17 36 39 21 80 51 15 25 37 38 34 27 104 3 61 54 40 2 50 77 22 59 63 66 71 19 44 67 43 45 55 49 70 48 60 0 4 12 14 24 42 57 69 75 76 73 16 46 52 10 7 11 29 33 64 18 78 85 102
31 31 58 1 9 104 8 183 177 135 175 142 129 128 21 132 106 127 34 27 134 112 111 52 124 18 64 117 28 41 5 6 26 32 47 53 20 35 74 62 56 61 13 17 23 30 36 39 65 68 72 80 51 54 15 25 37 38 19 3 2 45 40 49 55 43 77 44 67 50 22 59 63 66 71 10 60 16 46 48 73 0 4 12 14 24 42 57 69 75 76 33 7 11 29 70 78 83 109 101 107 95 103 105 85 120 86 118 122 99 102 98
33 33 51 1 2 185 186 184 55 129 124 27 52 61 117 58 60 48 0 4 12 14 24 42 57 69 75 76 16 73 46 10 5 6 7 11 26 29 32 47 53 70 20 41 74 62 35 56 8 13 17 23 30 36 39 65 68 72 21 34 15 25 37 38 64 19 3 54 77 98 97 50 22 59 63 66 71 79 81 82 87 88 89 90 91 92 93 94 96 100 44 99 67 43 85 95 45 40 49 78 28 31 9 18 104 80 101
34 34 54 61 58 27 1 2 62 40 11 38 17 36 65 72 31 19 51 15 25 37 78 7 3 109 111 64 52 56 5 6 26 32 47 53 20 8 41 74 35 13 23 30 39 68 28 21 9 80 104 0 4 12 14 24 42 57 69 75 76 60 48 16 73 46 10 29 70 33 85 77 55 22 59 63 66 71 79 81 82 87 88 89 90 91 92 93 94 96 100 67 50 97 44 98 43 45 99 95 49 86 84 18 101 103 105 102
35 35 58 1 2 21 67 143 126 133 128 132 137 122 86 112 124 52 5 6 26 32 47 53 20 74 41 62 56 8 117 13 17 23 30 36 39 65 68 72 51 28 61 27 19 15 25 37 9 34 38 31 3 54 80 40 73 10 60 16 48 0 4 12 14 24 42 57 69 75 76 46 104 7 11 29 70 33 64 85 78 95 99 43 55 77 97 98 50 22 59 63 66 71 79 81 82 87 88 89 90 91 92 93 94 96 100 44 49 45 18 102 107 120 101 84
41 41 58 1 2 175 153 106 127 112 124 52 20 5 6 26 32 47 53 74 62 56 35 8 117 13 17 23 30 36 39 65 68 72 51 28 61 21 27 15 25 37 34 38 31 9 3 19 54 80 40 60 104 48 0 4 12 14 24 42 57 69 75 76 16 46 73 10 7 11 29 70 33 64 78 85 49 77 67 98 97 43 50 22 59 63 66 71 79 81 82 87 88 89 90 91 92 93 94 96 100 44 99 55 95 45 18 102 86 101 84
43 43 1 125 132 127 137 134 52 107 117 44 77 50 22 59 63 66 71 55 49 67 45 16 46 60 28 48 31 0 4 12 14 24 42 57 69 75 76 9 73 10 70 41 35 20 5 6 7 11 26 29 32 47 53 33 74 65 72 62 8 56 23 30 68 21 18 51 58 27 13 17 36 39 34 15 25 37 64 38 2 61 54 3 40 19 111 78
44 44 1 107 117 64 50 77 22 59 63 66 71 45 43 67 55 18 49 28 48 60 0 4 12 14 24 42 57 69 75 76 16 73 46 70 9 31 52 10 20 5 6 7 11 26 29 32 47 53 62 74 41 33 65 72 56 35 23 30 68 8 54 51 13 17 36 39 58 21 27 15 25 37 38 34 2 61 3 40 101 103 105 19 78
46 46 1 2 178 106 153 132 137 0 4 12 14 24 42 57 69 75 76 48 60 16 73 70 10 20 5 6 7 11 26 29 32 47 53 41 62 56 74 35 33 23 30 68 8 51 13 17 36 39 65 72 61 21 58 27 15 25 37 38 34 64 3 54 67 77 22 59 63 66 71 79 81 82 87 88 89 90 91 92 93 94 96 100 43 40 50 99 44 98 97 45 49 55 85 78 95 52 28 31 9 19 18 101 104
48 48 1 2 117 0 4 12 14 24 42 57 69 75 76 60 73 46 16 70 10 5 6 7 11 26 29 32 47 53 20 65 72 74 62 41 33 56 23 30 68 8 35 51 13 17 36 39 21 58 15 25 37 27 38 34 61 64 3 54 78 50 77 22 59 63 66 71 79 81 82 87 88 89 90 91 92 93 94 96 100 44 98 40 97 67 99 43 45 55 85 95 49 28 52 31 9 19 18 101
49 49 1 157 147 179 144 108 146 131 139 177 175 142 118 129 153 106 132 127 134 9 52 104 8 21 117 43 31 77 55 50 67 22 59 63 66 71 44 45 58 46 10 60 16 28 48 0 4 12 14 24 42 57 69 75 76 73 41 70 20 33 35 74 5 6 7 11 26 29 32 47 53 65 72 27 62 56 23 30 68 51 13 17 36 39 18 64 2 34 15 25 37 38 61 54 3 40 19 111 107 109 112 135 95 120
50 50 1 117 77 22 59 63 66 71 44 67 43 45 55 49 28 48 60 0 4 12 14 24 42 57 69 75 76 73 16 46 70 9 10 31 52 20 5 6 7 11 26 29 32 47 53 74 41 33 65 72 62 56 35 23 30 68 8 51 13 17 36 39 18 58 21 15 25 37 27 64 38 34 61 2 3 54 40 19 78
52 52 1 77 43 190 184 160 167 165 163 116 161 144 151 113 180 177 175 108 146 142 135 149 126 129 178 153 136 118 49 109 60 127 134 112 106 16 122 120 9 80 111 124 10 104 31 41 33 95 8 35 107 21 27 34 117 58 55 67 44 50 22 59 63 66 71 45 2 51 61 73 46 28 48 0 4 12 14 24 42 57 69 75 76 74 20 5 6 7 11 26 29 32 47 53 70 62 18 19 56 64 54 13 17 23 30 36 39 65 68 72 137 15 25 37 38 3 40 132 85 128 133 78
55 55 1 168 116 129 109 122 134 120 10 124 33 104 107 21 27 117 44 52 43 50 77 22 59 63 66 71 67 49 51 45 16 9 31 73 28 48 60 58 0 4 12 14 24 42 57 69 75 76 46 70 74 35 20 41 5 6 7 11 26 29 32 47 53 65 72 62 8 56 23 30 68 2 18 61 13 17 36 39 34 15 25 37 64 38 54 3 40 19 85 95 78 137
60 60 1 2 112 52 117 48 0 4 12 14 24 42 57 69 75 76 73 16 46 70 10 5 6 7 11 26 29 32 47 53 20 41 74 33 65 72 62 8 35 56 23 30 68 51 13 17 36 39 21 58 27 15 25 37 34 38 64 61 3 54 78 77 50 22 59 63 66 71 79 81 82 87 88 89 90 91 92 93 94 96 100 44 98 97 40 67 43 99 55 45 95 85 49 28 31 9 19 18 101 104
64 64 103 105 101 18 54 29 83 45 1 2 11 44 62 188 193 131 34 118 31 9 112 111 38 40 117 61 19 58 60 48 0 4 12 14 24 42 57 69 75 76 56 73 46 16 10 74 5 6 7 26 32 47 53 70 20 8 41 33 35 78 51 13 17 23 30 36 39 65 68 72 21 95 27 15 25 37 85 3 50 77 97 22 59 63 66 71 79 81 82 87 88 89 90 91 92 93 94 96 100 98 67 99 43 49 55 52 28 107 109 86 104
67 67 1 178 175 136 16 10 35 77 22 59 63 66 71 50 44 45 43 55 49 52 0 4 12 14 24 42 57 69 75 76 46 73 28 48 60 70 31 9 5 6 7 11 26 29 32 47 53 74 20 41 58 65 72 62 56 33 23 30 68 8 51 13 17 36 39 2 21 18 27 15 25 37 38 34 64 61 3 54 40 19 78
73 73 1 2 143 136 122 86 27 117 48 0 4 12 14 24 42 57 69 75 76 60 16 46 10 70 5 6 7 11 26 29 32 47 53 74 20 35 33 62 41 56 61 23 30 68 8 51 13 17 36 39 65 72 21 58 15 25 37 34 38 64 54 3 97 67 50 40 77 95 22 59 63 66 71 79 81 82 87 88 89 90 91 92 93 94 96 100 99 44 98 55 85 43 45 78 19 49 28 52 9 31 18 101 104
74 74 58 1 2 118 136 85 122 112 124 5 6 26 32 47 53 20 41 62 56 35 8 117 13 17 23 30 36 39 65 68 72 51 28 21 61 27 15 25 37 38 34 9 19 31 3 54 40 80 73 60 104 48 0 4 12 14 24 42 57 69 75 76 16 46 10 7 11 29 70 33 64 78 97 67 99 98 55 77 50 95 22 59 63 66 71 79 81 82 87 88 89 90 91 92 93 94 96 100 44 52 43 45 49 18 102 86 101 84
77 77 1 178 8 52 117 50 67 22 59 63 66 71 44 43 45 55 49 60 28 48 0 4 12 14 24 42 57 69 75 76 46 16 73 31 9 10 70 20 41 5 6 7 11 26 29 32 47 53 33 74 35 65 72 62 58 56 23 30 68 51 13 17 36 39 18 21 27 34 15 25 37 2 64 38 61 54 3 40 19 78
80 80 58 52 104 28 9 31 5 6 26 32 47 53 20 41 65 72 62 56 74 8 23 30 68 35 13 17 36 39 21 15 25 37 51 34 38 27 3 61 54 40 1 19 2 78 33 7 11 70
85 85 19 2 97 154 95 133 122 120 10 84 74 86 70 104 107 13 23 30 68 21 15 3 40 54 61 58 1 98 79 81 82 87 88 89 90 91 92 93 94 96 100 99 56 62 0 4 12 14 24 42 57 69 75 76 73 48 60 16 46 38 35 5 6 7 11 26 29 32 47 53 20 41 33 8 27 51 78 17 36 39 65 72 64 25 37 34 9 31 28 55 52 124
86 86 19 128 84 107 95 73 85 10 70 35 117 68 13 23 30 21 15 3 40 54 61 58 34 38 2 1 78 56 27 62 25 37 17 36 65 72 51 11 104 7 74
95 95 2 97 145 179 130 183 143 138 125 126 142 136 133 129 85 134 122 86 112 124 104 27 52 117 18 99 98 10 79 81 82 87 88 89 90 91 92 93 94 96 100 73 60 16 35 48 0 4 12 14 24 42 57 69 75 76 74 70 46 33 61 41 21 64 20 5 6 7 11 26 29 32 47 53 58 23 30 68 8 62 56 19 1 51 78 13 17 36 39 65 72 38 34 15 25 37 54 40 3 107 83 31 120 45 55 111 9 49 137 109
97 97 2 95 136 85 124 117 99 98 79 81 82 87 88 89 90 91 92 93 94 96 100 73 48 60 0 4 12 14 24 42 57 69 75 76 16 46 10 70 74 20 41 33 5 6 7 11 26 29 32 47 53 65 72 35 62 56 23 30 68 8 21 51 78 13 17 36 39 27 38 58 61 15 25 37 34 1 54 40 3 64 19
98 98 2 124 104 117 97 79 81 82 87 88 89 90 91 92 93 94 96 100 99 95 85 48 60 0 4 12 14 24 42 57 69 75 76 16 73 46 10 70 74 20 41 33 5 6 7 11 26 29 32 47 53 65 72 35 62 56 23 30 68 8 58 51 78 13 17 36 39 21 38 27 15 25 37 61 34 1 54 3 40 64 19
99 99 2 140 133 136 128 132 124 117 97 98 79 81 82 87 88 89 90 91 92 93 94 96 100 95 85 73 48 60 0 4 12 14 24 42 57 69 75 76 46 16 10 35 70 74 20 41 33 5 6 7 11 26 29 32 47 53 65 72 62 56 21 23 30 68 8 51 27 78 13 17 36 39 38 58 15 25 37 61 34 1 54 3 40 64 19 31
104 104 58 139 118 31 128 136 153 106 134 98 120 55 124 95 107 49 85 10 52 117 80 28 9 74 41 20 21 5 6 26 32 47 53 35 8 65 72 62 56 27 23 30 68 13 17 36 39 34 15 25 37 51 38 3 61 54 40 1 2 19 78 33 16 7 11 111 70 135 46 73 133 112 129 60 122 86 64
