8 8 173 77 171 149 135 109 49 31 112 111 52 127 142 177 129 134 175 106 183 34 117 122 150 139 180 132 178 144 128 9 125 107 124 118 27 137 64 153 10 18 41 179 131 21 104 154 126 161 60 165 95 35 108 138 113 146 55 120 43 130 74 116 196 147 157 16 192 33 123 151 136 163 160 167
9 9 110 150 161 131 64 21 137 134 122 49 31 120 111 124 52 112 126 107 128 55 117 118 133 146 132 177 27 129 139 35 106 104 135 109 142 180 10 149 127 138 95 153 43 175 8 16 165 108 34 140 125 74 136 176 143 85 123 41 154 151 179 116 44 183 33 188 193 144 130 156 99 46 145 119 173 194 73 97 191 98 113 189 197 181 174 187 60 147 157 182 178 192 18 163 77
10 10 174 130 86 67 143 85 55 118 128 132 104 134 122 27 112 111 124 52 117 35 107 95 120 31 21 133 74 135 73 109 139 137 16 175 138 136 99 49 33 129 123 154 43 126 64 9 116 97 150 142 165 146 153 41 140 131 125 178 98 106 34 163 177 149 180 161 183 60 181 127 168 8 156 144 108 46 141 113 151 18 179 77 191 173 160 167 189 197 176 119 182 196 187
16 16 67 153 137 27 124 107 52 117 108 180 35 136 10 151 161 41 118 138 129 104 120 55 33 134 43 109 111 132 126 194 95 133 46 9 175 125 112 31 178 139 135 149 123 122 49 181 145 146 116 128 143 157 20 34 144 73 156 99 21 74 97 98 142 119 121 140 130 86 165 163 44 60 160 167 131 18 85 77 113 174 8 106 176 187 177 127 182 150 64 184 154 141
18 18 109 95 31 107 117 142 129 183 134 27 132 104 130 34 138 125 126 55 86 106 52 112 122 177 135 127 175 145 8 137 128 143 97 133 85 136 124 120 43 139 111 131 64 121 118 16 108 140 119 44 144 21 123 179 10 49 35 113 116 141 73 41 9 99 74 33 171 154 149
20 20 153 117 157 151 108 161 125 16 41 149 194 46 180 104 49 27 52 124
21 21 176 156 138 177 139 133 55 128 9 118 35 132 122 49 31 120 124 107 52 27 135 104 10 137 111 134 109 117 99 95 146 129 85 136 143 112 150 64 142 86 140 126 175 74 161 123 116 33 154 131 43 106 144 8 113 108 153 180 163 127 141 130 16 149 119 41 34 173 164 73 18 183 110 168 46 67 125 97 98 181 191 174 165 147 145 151 179 157 187 44
27 27 181 156 34 73 180 138 16 139 33 55 129 133 136 132 118 153 10 95 109 134 122 31 120 124 111 107 52 117 21 104 137 135 128 49 143 85 35 112 142 99 9 86 125 74 126 149 130 177 140 18 43 175 183 97 67 146 154 161 116 150 144 41 64 8 106 131 165 127 123 108 46 151 163 179 184 174 145 119 141 168 157 155 162 20 98 185 186 194 113 173 176 60 44 121 191 77 189 197 160 167
28 28 117
31 31 34 18 183 177 64 175 135 142 8 129 128 9 104 106 132 21 127 112 134 111 27 124 52 117 109 49 107 118 139 95 113 10 120 122 137 41 55 138 131 35 43 171 136 116 173 115 144 133 126 33 123 99 150 153 164 165 161 149 110 125 16 180 154 74 156 98 77 146 163 86 46 60 130 85 44 176 108 178 187 140 182 67 147 181 143 191 114 179 97 188 193 141 73 160 167 195 196 189 197 174 151 192
33 33 185 186 184 55 129 27 124 52 117 120 109 116 10 136 104 95 31 16 107 135 21 111 134 138 137 153 112 122 181 168 49 133 34 146 41 180 128 118 73 156 9 139 35 98 74 97 132 123 99 143 160 167 163 60 144 151 77 165 106 174 108 161 176 113 43 8 126 142 149 177 175 127 187 182 130 125 18 86 150
34 34 109 31 27 111 52 129 177 175 8 183 142 132 134 106 127 180 18 10 55 9 139 122 124 33 64 16 118 165 107 137 95 120 117 136 135 153 128 112 21 104 138 49 181 156 73 131 133 123 113 150 192 41 43 149 179 154 125 126 116 144 108 161 35 146 163 77 151 60 190 80 184 160 167 178
35 35 86 67 143 126 133 128 132 21 137 122 112 124 52 117 10 120 107 95 118 99 73 27 16 136 9 31 135 138 111 134 109 55 104 43 85 74 140 161 123 146 139 175 130 177 178 142 41 154 49 46 163 129 131 150 151 180 176 60 108 153 149 116 33 156 145 97 141 98 183 8 194 64 165 77 191 125 113 160 167 174 127 106 34 18 181 144 196 182 119 187
41 41 175 106 153 127 112 124 52 117 115 31 49 109 108 113 161 111 149 104 116 16 135 46 107 151 144 60 137 142 35 74 10 27 118 187 43 182 180 95 8 129 134 126 146 157 125 178 114 20 147 110 131 67 33 150 171 130 164 191 122 64 9 154 138 55 183 98 128 123 120 97 194 136 21 99 195 160 167 165 163 132 196 77 133 177 143 34 139 174 181 176 18 184
43 43 125 132 127 137 134 107 52 117 111 109 126 149 49 31 131 135 118 112 120 35 144 108 10 95 16 9 27 163 46 153 139 151 165 161 129 140 177 180 141 113 124 104 41 145 55 133 147 21 164 171 99 115 122 142 138 119 123 121 128 8 130 60 194 195 44 86 187 160 167 116 175 182 18 146 136 189 197 173 77 33 34 143 85 106 150 64 178 154 74
44 44 64 107 117 131 118 188 193 111 112 31 121 9 119 18 123 130 140 138 139 108 86 125 144 43 16 126 135 55 128 137 142 132 129 134 104 141 145 120 21 27 52 127 122 106 85 143 133
46 46 178 106 153 132 137 108 115 194 113 109 151 49 161 41 112 43 16 180 111 35 118 104 52 107 27 120 77 182 124 165 146 31 117 67 114 177 157 141 110 20 163 129 126 145 9 116 149 134 99 125 10 21 122
48 48 117
49 49 157 147 179 108 144 146 131 139 177 175 8 142 118 9 129 104 153 106 132 21 127 134 52 117 111 31 109 135 107 27 120 112 113 41 137 95 116 55 122 43 124 64 128 171 10 149 115 173 126 180 161 46 164 125 133 136 110 35 16 151 77 165 33 178 163 138 150 99 140 85 98 34 67 20 114 74 156 191 141 194 60 18 176 182 183 187 123 160 167 130 154 195 86 189 197
50 50 117
52 52 190 80 184 160 167 77 165 163 60 116 151 34 161 144 180 113 177 175 108 146 149 142 43 16 41 126 135 33 178 8 129 153 136 104 118 35 109 9 127 112 95 21 134 106 122 10 120 49 111 27 124 31 107 137 117 55 132 128 133 125 139 67 138 131 150 183 74 143 115 85 130 64 46 171 86 18 173 97 73 154 182 140 99 164 123 179 110 157 98 191 147 156 145 187 176 119 174 181 194 20 155 162 114
55 55 168 116 33 129 10 109 104 21 122 134 120 27 124 107 117 52 133 128 135 31 138 95 139 137 118 112 136 132 9 111 85 143 142 49 146 35 130 106 140 126 16 74 153 156 144 98 150 73 86 43 180 119 174 18 123 176 131 125 34 177 181 99 161 154 184 149 165 97 41 185 186 67 108 121 44 173 189 197 191 127 64 183 145 187 182 113 151 141 175 8
60 60 112 52 117 161 41 126 142 35 129 130 95 175 10 74 154 150 178 8 31 134 64 77 160 167 137 113 165 163 146 144 106 116 151 127 149 43 108 196 135 33 16 109 118 153 122 183 111 104 120 27 107 49 124 180 9 190 80 34 184 177 136 131 55 132 21
64 64 188 193 44 131 9 118 31 112 111 117 134 107 175 49 150 137 21 126 127 10 183 161 142 52 135 74 132 129 8 104 154 27 106 124 122 110 34 120 128 177 139 60 41 18 165 130 125 95 133 35 123 109 180 196 192 43 55 179 138 178 144 108 113 149 146 153 16
67 67 16 178 175 35 136 10 112 52 115 124 143 86 118 27 133 132 122 128 104 137 182 77 111 146 191 165 46 117 41 126 113 174 155 162 97 120 99 21 130 73 107 74 85 134 109 153 55 129 31 95 49
73 73 86 143 136 122 27 117 95 10 35 107 120 133 74 128 124 129 55 97 99 155 162 130 104 52 109 140 150 146 156 142 67 135 138 149 21 137 16 139 85 33 132 112 191 34 181 118 134 153 180 9 126 31 18 125 111 123
74 74 85 118 136 122 112 124 117 133 97 10 104 95 120 107 27 135 137 154 73 99 52 35 146 21 55 130 64 150 128 142 41 129 155 162 175 9 138 140 132 67 16 98 60 31 123 149 109 33 116 143 111 161 153 49 126 191 106 196 174 181 127 86 176 139 187 134 182 183 108 43 178 144 18 131 125 8
77 77 178 8 52 117 165 146 112 113 149 171 135 115 109 49 31 182 173 67 46 111 160 167 163 60 151 144 161 108 116 142 43 16 41 134 33 126 153 127 175 106 129 118 35 177 95 27 180 34 10 120 104 107 190 80 184
80 80 52 190 184 160 167 163 60 151 77 165 34
85 85 97 154 74 133 10 104 95 122 120 107 136 124 118 112 27 130 55 143 128 134 117 21 140 86 138 35 52 126 111 129 142 132 146 137 145 9 125 99 135 18 150 119 139 31 174 73 109 98 49 106 67 183 153 179 16 123 43 191 180 131 161 149 108 144 121 127 44 141
86 86 73 35 128 10 95 107 117 143 122 27 130 104 138 126 136 112 124 133 85 132 21 134 67 123 18 139 52 137 111 125 135 145 118 55 99 97 142 120 129 174 121 31 119 44 183 179 140 144 131 108 43 16 74 109 154 106 49 141 146 150 127 116
95 95 97 145 179 130 18 183 143 86 138 125 85 126 142 136 133 129 104 134 122 27 112 124 52 117 107 120 10 35 31 109 111 73 137 135 55 74 128 21 49 154 140 99 43 153 33 113 118 139 131 149 9 116 146 16 132 41 98 150 165 127 60 123 34 155 162 67 161 181 106 171 108 144 180 175 177 156 64 8 151 178 174 189 197 119 77 160 167 173 191 163
97 97 85 136 95 124 117 133 74 104 99 120 129 138 27 154 107 10 143 155 162 122 73 130 86 112 52 18 126 125 98 142 134 67 145 123 146 55 116 179 33 128 16 41 183 153 111 135 181 21 35 174 187 176 9 182 118 137 140 31 139
98 98 104 124 117 55 128 153 10 120 95 31 139 136 97 123 138 74 116 146 99 16 118 33 41 135 107 134 52 27 35 85 49 143 174 137 181 133 21 187 176 112 182 111 106 9 129
99 99 140 133 136 128 132 124 117 120 35 107 27 21 122 118 97 104 10 134 123 95 74 138 31 111 86 73 155 162 135 154 129 139 85 163 52 43 137 67 98 141 143 177 112 46 116 146 49 109 16 41 9 55 33 153 174 126 187 181 176 142 182 130 125 150
104 104 98 139 85 55 118 128 136 153 106 10 95 134 49 31 120 124 107 52 117 27 21 133 135 129 122 138 74 111 97 108 132 112 9 137 126 143 86 125 142 109 116 99 41 35 175 146 16 123 130 161 33 154 18 131 180 144 64 157 43 177 8 149 127 183 67 179 73 151 46 165 119 174 140 34 145 113 168 150 155 162 20 114 110 147 115 194 163 60 121 173 44 77 181 160 167 176 189 197 178 156 182 187
