8 8 58 1 2 77 173 171 149 135 31 109 49 112 111 52 34 41 21 5 6 26 32 47 53 74 20 35 27 13 17 23 30 36 39 56 62 65 68 72 51 61 15 25 37 38 54 3 40 19 9 28 60 10 64 16 0 4 12 14 24 42 57 69 75 76 48 33 7 11 29 70 46 73 104
9 9 58 1 110 150 161 131 31 21 137 49 134 122 120 111 64 124 52 35 27 8 54 34 74 19 41 28 62 5 6 26 32 47 53 56 20 13 17 23 30 36 39 65 68 72 61 15 25 37 51 38 3 104 40 2
10 10 1 2 174 130 67 143 55 86 85 118 128 132 134 104 122 112 27 111 124 52 117 35 19 74 73 21 16 33 95 58 60 41 61 8 34 31 48 64 107 46 20 54 0 4 12 14 24 42 57 69 75 76 5 6 7 11 26 29 32 47 53 70 40 51 13 17 23 30 36 39 56 62 65 68 72 15 25 37 38 3
16 16 1 2 67 153 137 27 124 107 52 117 35 10 41 33 46 60 61 20 73 48 74 58 34 21 0 4 12 14 24 42 57 69 75 76 5 6 7 11 26 29 32 47 53 70 56 8 51 13 17 23 30 36 39 62 65 68 72 54 19 15 25 37 38 3 64 40
18 18 83 45 64 1 109 31 95 107 117 54 103 105 101 44
20 20 58 1 2 153 117 41 5 6 26 32 47 53 56 74 13 17 23 30 36 39 62 65 68 72 51 35 61 15 25 37 38 54 8 3 34 27 19 40 21 28 31 9 16 48 46 60 73 0 4 12 14 24 42 57 69 75 76 7 11 29 70 33 10 64 104
21 21 19 58 1 2 176 156 138 35 9 177 139 133 55 128 118 132 31 122 49 120 124 107 52 13 23 30 68 15 3 40 54 27 61 70 74 34 85 8 41 5 6 26 32 47 53 38 20 25 37 51 17 36 39 56 62 65 72 104 10 86 28 84 33 16 64 46 60 73 0 4 12 14 24 42 57 69 75 76 48 7 11 29
27 27 61 58 1 2 34 181 73 156 16 180 138 55 139 129 33 133 136 132 10 118 153 95 31 109 134 122 120 124 111 107 52 117 51 54 17 36 65 72 15 25 37 3 40 21 19 7 74 35 41 8 20 62 56 23 30 68 5 6 26 32 47 53 38 13 39 78 104 9 28 64 46 60 11 48 70 49 0 4 12 14 24 42 57 69 75 76
28 28 58 1 117 20 5 6 26 32 47 53 74 65 72 62 56 23 30 68 41 13 17 36 39 35 31 15 25 37 51 38 9 8 34 3 61 54 21 40 27 19
31 31 58 1 183 177 135 175 9 8 142 104 34 129 128 132 106 18 127 21 134 112 111 64 27 124 52 117 41 54 61 35 49 74 28 19 20 2 62 5 6 26 32 47 53 56 13 17 23 30 36 39 65 68 72 15 25 37 51 38 3 109 10 40 107 55
33 33 51 1 2 185 186 184 55 129 27 124 52 117 61 58 16 10 60 41 73 21 35 48 74 20 34 54 0 4 12 14 24 42 57 69 75 76 5 6 7 11 26 29 32 47 53 70 46 40 8 19 38 13 17 23 30 36 39 56 62 65 68 72 15 25 37 3 64
34 34 54 61 58 1 2 27 31 109 111 52 40 19 62 38 17 36 65 72 51 15 25 37 3 11 7 64 8 78 5 6 26 32 47 53 21 20 41 13 23 30 39 56 68 74 35 9 28 16 10 33 60 73 0 4 12 14 24 42 57 69 75 76 48 29 70 46
35 35 58 1 2 67 143 126 86 133 128 21 132 137 122 112 124 52 117 19 74 41 27 20 8 5 6 26 32 47 53 13 17 23 30 36 39 56 62 65 68 72 51 61 34 15 25 37 38 54 40 3 31 10 9 28 16 73 60 46 33 48 95 0 4 12 14 24 42 57 69 75 76 64 7 11 29 70 104
41 41 58 1 2 175 153 106 127 112 124 52 117 74 20 35 8 5 6 26 32 47 53 13 17 23 30 36 39 56 62 65 68 72 27 21 51 61 34 15 25 37 38 54 3 40 31 19 28 9 16 60 46 10 33 48 104 73 0 4 12 14 24 42 57 69 75 76 64 7 11 29 70 49
43 43 1 125 132 127 137 134 107 52 117
44 44 1 64 107 117 18
46 46 1 2 178 106 153 132 137 16 41 20 35 0 4 12 14 24 42 57 69 75 76 48 60 5 6 7 11 26 29 32 47 53 70 56 73 10 27 13 17 23 30 36 39 62 65 68 72 51 61 74 33 15 25 37 38 54 8 21 58 3 34 19 40 64
48 48 1 2 117 60 73 20 0 4 12 14 24 42 57 69 75 76 16 74 41 5 6 7 11 26 29 32 47 53 70 33 46 56 51 13 17 23 30 36 39 62 65 68 72 35 10 61 15 25 37 38 54 8 34 3 58 19 64 27 40 21
49 49 1 157 147 179 144 108 146 131 139 177 175 142 118 129 153 106 132 9 8 104 127 134 21 52 117 31 111 107 27
50 50 1 117
52 52 1 77 190 184 160 167 165 163 116 161 144 151 180 113 177 175 43 142 108 146 60 80 135 149 126 129 178 16 153 136 118 109 127 41 104 33 112 134 9 106 8 122 95 34 35 49 10 120 111 124 31 21 27 107 117 58 55 137 2 132
55 55 1 168 116 129 33 10 109 122 134 120 104 21 124 27 107 117 52 31
60 60 1 2 112 52 117 41 35 16 10 48 74 33 8 73 20 0 4 12 14 24 42 57 69 75 76 5 6 7 11 26 29 32 47 53 70 46 56 34 51 13 17 23 30 36 39 62 65 68 72 61 64 15 25 37 54 38 27 58 21 3 19 40
64 64 103 105 101 18 54 1 2 188 193 44 131 118 9 31 112 111 117 29 11 62 34 45 40 38 61 19 83 58 74 8 10 27 21 60 41 3 25 37 15 48 35 56 17 36 65 72 51 13 23 30 68 73 20 16 0 4 12 14 24 42 57 69 75 76 39 33 5 6 7 26 32 47 53 70 46
67 67 1 178 16 175 136 35 10
73 73 1 2 143 86 136 122 27 117 10 35 19 74 61 16 48 58 60 33 20 0 4 12 14 24 42 57 69 75 76 41 5 6 7 11 26 29 32 47 53 70 46 56 54 34 51 13 17 23 30 36 39 62 65 68 72 15 25 37 38 8 21 3 64 40 95
74 74 58 1 2 85 118 136 122 112 124 117 41 35 20 21 27 5 6 26 32 47 53 19 56 13 17 23 30 36 39 62 65 68 72 8 51 61 15 25 37 38 54 3 34 40 28 31 9 10 73 60 16 48 64 104 33 0 4 12 14 24 42 57 69 75 76 7 11 29 70 46
77 77 1 178 8 52 117
80 80 58 52
85 85 19 2 97 154 133 74 95 10 104 122 120 107 21 70 13 23 30 68 15 3 40 86 54 58 61 84 1
86 86 19 73 128 35 10 95 107 117 85 84 21 70 13 23 30 68 15 3 40 54 2 61 58
95 95 2 97 145 179 130 183 143 138 125 126 142 136 86 85 133 129 134 18 104 122 112 124 27 52 117 107 10 35 120 73
97 97 2 85 136 95 124 117
98 98 2 104 124 117
99 99 2 140 133 136 128 132 124 117
104 104 58 139 98 118 128 136 153 55 106 85 134 31 95 120 10 49 124 107 52 117 27 21 9 74 41 35 8
