8 8 173 171 77 149 135 109 49 31 112 111 58 52 1 2 177 127 142 129 175 134 34 183 150 106 122 180 139 125 178 117 9 144 118 137 132 60 41 107 153 27 18 64 128 124 179 21 165 74 113 5 6 26 32 47 53 131 55 35 138 13 17 23 30 36 39 56 62 65 68 72 154 104 61 54 95 20 161 38 15 25 37 51 80 10 126 120 40 3 43 108 130 147 28 123 116 146 19 157 196 16 0 4 12 14 24 42 57 69 75 76 115 192 33 48 133 7 11 29 70 85 163 136 164 99 151 160 167 46 140 73 184 86 190 182 143 22 59 63 66 71 79 81 82 87 88 89 90 91 92 93 94 96 100 110 50 45 187 191 44 98 156 78 114 119 195 97 145 67
9 9 110 150 161 131 64 137 21 134 122 49 31 120 111 124 58 52 1 112 126 55 146 107 118 149 133 139 117 177 106 109 132 128 104 35 129 180 135 138 8 142 10 95 153 43 34 27 127 140 108 175 16 165 18 176 54 74 154 85 143 123 136 103 105 179 125 151 101 46 41 44 130 73 188 193 145 156 183 80 116 19 173 99 119 194 144 2 33 28 5 6 26 32 47 53 191 61 189 197 97 13 17 23 30 36 39 56 62 65 68 72 157 98 147 20 15 25 37 51 38 174 113 181 178 67 187 86 40 3 192 182 77 60 163 115 184 171 190 160 167 164 22 59 63 66 71 50 0 4 12 14 24 42 45 57 69 75 76 168 121 141 48 114 7 11 29 70
10 10 174 130 143 67 86 85 55 118 128 132 104 134 122 27 112 111 124 52 35 95 107 1 2 117 120 73 133 74 135 137 109 31 139 175 21 138 16 136 99 97 49 126 154 33 123 19 140 129 146 116 98 43 150 178 165 9 60 153 142 41 163 161 64 177 34 168 149 106 131 181 141 125 58 8 46 108 144 180 183 156 18 191 77 48 44 61 173 113 127 189 197 119 176 20 145 182 196 0 4 12 14 24 42 57 69 75 76 51 160 167 187 192 50 5 6 7 11 26 29 32 47 53 70 115 62 56 151 121 13 17 23 30 36 39 65 68 72 28 179 184 15 25 37 38 157 54 3 171 147 155 162 110 40 78 164 190 114 80 22 59 63 66 71 79 81 82 87 88 89 90 91 92 93 94 96 100 45 194 148 152 158 159 166 169 170 172
16 16 67 153 137 27 124 107 52 1 2 117 180 108 151 161 35 136 46 194 41 10 104 20 132 43 33 120 118 175 138 95 134 129 109 178 126 55 111 122 125 112 149 157 181 145 60 9 73 116 123 133 34 98 135 143 31 49 139 146 44 74 97 156 48 58 61 144 77 128 21 99 86 165 121 0 4 12 14 24 42 57 69 75 76 119 18 174 160 167 140 182 130 127 5 6 7 11 26 29 32 47 53 70 163 176 85 50 113 56 142 187 150 8 13 17 23 30 36 39 62 65 68 72 28 131 54 15 25 37 51 38 106 154 64 3 184 141 19 177 115 40 190 155 162 45 80 183 22 59 63 66 71 79 81 82 87 88 89 90 91 92 93 94 96 100 147 110 168 78 171 164 114 148 152 158 159 166 169 170 172 179
18 18 83 45 64 109 31 95 107 117 1 183 44 142 129 134 103 105 101 131 130 104 132 8 177 34 175 188 193 138 27 145 125 112 106 122 86 9 127 126 55 137 54 52 97 118 143 135 124 111 120 10 179 121 128 49 136 35 43 133 119 85 16 123 139 21 50 33 140 108 113 28 48 144 141 116 58 77 60 171 20 149 2 161 99 150 154 153 115 73 165 164 110 163 98 146 61 147 156 19 74 151 114 22 59 63 66 71 41 168 160 167 155 162 0 4 12 14 24 42 57 69 75 76 157 148 152 158 159 166 169 170 172 180 5 6 7 11 26 29 32 47 53 70 56 13 17 23 30 36 39 62 65 68 72 67 15 25 37 51 38 173 3 46 178 40
20 20 153 58 1 2 117 41 5 6 26 32 47 53 62 56 16 46 157 28 13 17 23 30 36 39 65 68 72 51 61 15 25 37 38 151 74 3 194 48 19 54 161 40 108 149 27 125 104 34 60 180 35 0 4 12 14 24 42 57 69 75 76 8 73 7 11 29 70 49 50 80 21 52 77 31 33 44 98 64 97 124 9 78 99 10 43 18 45 22 59 63 66 71 79 81 82 87 88 89 90 91 92 93 94 96 100 118 67 137 156 86 95 132 112 107 120 55 128 134 85 111 139 129 147 142 168 148 152 158 159 166 169 170 172 106 110 171 122 114 121 155 160 162 167 150 131 138 136 135 119 163 164 109 127 140 130 146 144 133 175 154 115 123 165 116 126 113 143 178 177
21 21 176 156 138 177 139 133 128 55 118 132 19 9 35 122 120 49 31 124 58 107 52 27 135 1 2 104 10 99 137 109 134 85 111 95 86 117 146 74 129 150 136 13 23 30 68 143 161 154 175 15 116 126 142 140 131 3 123 70 64 8 112 40 54 113 173 61 33 164 141 34 43 180 67 106 41 144 16 163 153 97 84 149 98 56 62 168 46 5 6 26 32 47 53 110 108 51 17 36 39 65 72 127 119 125 38 20 80 25 37 73 18 130 181 191 60 28 174 179 183 147 178 77 187 44 0 4 12 14 24 42 57 69 75 76 165 157 182 48 7 11 29 78 184 115 121 171 190 145 160 167 22 59 63 66 71 79 81 82 87 88 89 90 91 92 93 94 96 100 151 50 45 155 162
27 27 181 156 180 73 138 34 139 16 129 55 33 133 136 132 118 153 61 109 95 10 134 122 31 120 124 111 58 107 52 21 104 135 137 128 117 1 2 143 49 99 85 86 74 149 112 51 125 67 142 35 130 97 140 9 177 54 154 183 126 161 175 18 116 43 144 41 146 150 20 17 36 65 72 8 46 123 15 25 37 131 106 64 165 151 3 108 7 163 40 184 174 141 168 98 157 78 179 155 162 19 127 119 194 145 185 186 56 5 6 26 32 47 53 38 28 60 173 13 23 30 39 62 68 176 113 80 77 44 191 178 48 189 197 187 121 182 160 167 0 4 12 14 24 42 57 69 75 76 192 171 50 11 29 70 147 110 115 164 45 190 114
28 28 58 1 117 20 5 6 26 32 47 53 62 56 23 30 68 13 17 36 39 65 72 51 74 15 25 37 38 61 41 3 54 40 50 80 34 48 35 44 77 31 2 60 8 19 9 73 27 21 43 104 18 45 22 59 63 66 71 16 70 64 0 4 12 14 24 42 57 69 75 76 33 55 67 7 11 29 156 168 148 152 158 159 166 169 170 172 153 52 110 49 171 86 147 157 114 121 155 160 162 167 118 98 46 10 119 163 164 132 128 139 112 131 151 134 150 107 129 120 130 115 123 165 161 111 138 95 116 109 146 144 149 137 154 140 125 97 135 78 108 142 126 99 124 113 122 106 136 85 127 133 175
31 31 183 177 18 175 34 135 142 8 129 128 64 106 104 9 132 127 112 21 134 111 27 124 58 109 52 49 113 139 118 1 107 117 41 95 138 10 55 122 131 173 171 120 137 115 35 144 116 43 123 126 164 136 150 99 133 161 33 54 110 125 153 165 45 67 180 77 149 154 98 86 83 130 85 46 74 163 146 156 61 60 178 191 140 187 16 176 44 147 143 182 2 179 103 105 108 114 141 181 101 28 80 97 188 193 20 151 62 195 65 72 19 5 6 26 32 47 53 23 30 68 196 174 56 189 197 73 192 13 17 36 39 160 167 15 25 37 51 38 157 119 145 3 40 184 50 11 48 7 121 190 29 168 70 0 4 12 14 24 42 57 69 75 76 155 162 22 59 63 66 71
33 33 185 186 184 51 129 55 27 124 52 1 2 117 61 116 136 109 16 120 10 168 135 31 138 58 95 137 181 134 104 107 153 41 122 112 60 111 73 34 21 98 128 74 146 35 133 139 156 97 48 118 132 77 123 99 143 49 20 9 180 0 4 12 14 24 42 57 69 75 76 160 167 174 43 106 85 142 5 6 7 11 26 29 32 47 53 70 176 18 56 50 163 8 13 17 23 30 36 39 62 65 68 72 151 127 28 54 165 187 86 130 15 25 37 38 182 44 125 144 150 161 3 154 46 140 80 131 108 64 113 19 149 126 40 190 177 157 175 183 22 59 63 66 71 79 81 82 87 88 89 90 91 92 93 94 96 100 78 178 45 115 171 147 110 148 152 158 159 166 169 170 172 164 114 121 155 162 67 119 145
34 34 54 61 109 31 27 111 58 52 1 2 40 62 38 19 17 36 65 72 8 11 15 25 37 51 3 183 177 7 64 129 175 78 142 132 106 9 56 55 18 134 5 6 26 32 47 53 180 139 13 23 30 39 68 127 16 33 20 80 118 41 122 21 10 137 73 165 124 28 60 136 35 153 120 74 135 95 131 107 138 117 156 104 181 128 49 123 133 0 4 12 14 24 42 57 69 75 76 179 150 113 192 112 125 48 29 70 85 77 154 116 46 43 184 144 163 45 190 86 149 160 167 161 22 59 63 66 71 79 81 82 87 88 89 90 91 92 93 94 96 100 126 108 178 171 50 173 151 143 146 115 67 44 98 130 140 97 164 110 99
35 35 143 67 86 126 133 128 132 137 21 122 112 124 58 52 1 2 10 117 120 95 73 107 99 118 16 136 138 74 85 31 140 9 135 55 111 19 41 27 134 109 139 123 43 178 46 161 175 60 131 177 154 130 163 146 104 180 142 49 176 151 150 20 8 129 145 5 6 26 32 47 53 153 28 33 156 141 108 13 17 23 30 36 39 56 62 65 68 72 97 149 61 54 98 40 38 34 15 25 37 51 80 3 194 18 125 116 48 191 144 174 106 77 183 64 113 119 181 196 182 0 4 12 14 24 42 57 69 75 76 160 167 7 11 29 70 50 187 127 165 44 115 121 184 110 179 171 157 190 168 164 147 22 59 63 66 71 79 81 82 87 88 89 90 91 92 93 94 96 100 45 114 173 148 152 158 159 166 169 170 172 78 155 162
41 41 175 106 153 127 112 124 58 52 1 2 117 115 31 20 49 108 46 109 161 16 74 104 113 60 149 116 35 111 151 144 187 182 118 135 142 191 8 157 67 114 137 110 43 125 27 5 6 26 32 47 53 180 56 178 129 147 28 33 131 10 13 17 23 30 36 39 62 65 68 72 126 34 171 15 25 37 51 194 150 183 80 107 38 164 61 98 146 130 54 122 3 9 95 134 136 55 154 48 97 195 21 138 128 19 40 77 64 132 123 99 196 177 143 0 4 12 14 24 42 57 69 75 76 139 160 167 85 73 165 7 11 29 70 181 163 174 120 133 50 176 86 44 184 140 190 78 156 18 45 22 59 63 66 71 79 81 82 87 88 89 90 91 92 93 94 96 100 121 168 119 179 148 152 158 159 166 169 170 172 155 162 145
43 43 125 132 127 137 134 107 52 1 117 109 111 149 126 131 49 120 112 153 135 163 46 108 118 144 31 35 16 95 141 161 165 151 10 180 9 145 140 147 139 177 113 164 41 171 129 27 115 122 99 55 44 194 195 187 104 182 124 77 21 60 173 189 197 121 133 116 150 119 18 160 167 138 175 64 50 142 123 136 8 28 48 146 33 130 154 86 183 106 20 157 34 184 58 190 73 45 178 128 80 97 156 74 22 59 63 66 71 2 110 143 168 98 0 4 12 14 24 42 57 69 75 76 179 67 155 162 5 6 7 11 26 29 32 47 53 70 61 114 51 85 56 19 148 152 158 159 166 169 170 172 54 13 17 23 30 36 39 62 65 68 72 15 25 37 38 3 40
44 44 64 107 1 117 18 103 105 131 101 188 193 118 54 121 31 43 119 111 16 112 140 50 123 130 138 9 139 28 48 86 144 108 125 55 77 126 60 141 20 135 10 145 45 137 142 49 129 132 73 128 134 2 143 27 104 22 59 63 66 71 124 74 95 21 41 62 33 0 4 12 14 24 42 57 69 75 76 150 136 154 58 133 70 85 161 153 109 52 120 5 6 7 11 26 29 32 47 53 61 168 56 116 110 165 23 30 68 67 156 163 147 155 162 51 160 167 148 152 158 159 166 169 170 172 13 17 36 39 65 72 99 171 114 151 35 157 15 25 37 38 146 164 122 98 3 46 149 113 115 106 97 40 127 175 34 8 19 177 183 180
46 46 178 106 153 132 137 1 2 108 115 194 113 151 41 16 161 180 77 43 20 109 67 49 182 112 35 165 118 146 114 104 141 163 157 52 111 110 177 9 31 99 27 120 124 125 145 116 117 126 129 0 4 12 14 24 42 57 69 75 76 107 149 10 48 5 6 7 11 26 29 32 47 53 70 58 62 56 134 21 13 17 23 30 36 39 65 68 72 61 51 60 122 15 25 37 38 55 175 3 54 19 73 40 127 142 74 34 95 33 22 59 63 66 71 79 81 82 87 88 89 90 91 92 93 94 96 100 78 45 8 64 50 183 128 135 133 28 136 131 139 144 44 98 150 97 143 85 138 130 154 18 86 140 123
48 48 1 2 117 60 20 0 4 12 14 24 42 57 69 75 76 70 73 5 6 7 11 26 29 32 47 53 62 56 50 23 30 68 16 74 13 17 36 39 65 72 51 61 41 28 15 25 37 38 33 44 98 58 77 3 46 54 64 97 40 35 99 34 43 10 18 45 22 59 63 66 71 79 81 82 87 88 89 90 91 92 93 94 96 100 78 8 19 27 67 55 21 31 156 86 168 148 152 158 159 166 169 170 172 95 153 52 171 114 121 155 160 162 167 147 157 110 85 49 132 119 163 164 104 112 151 118 140 128 131 129 130 107 134 138 154 115 123 165 150 116 120 139 144 146 137 125 111 161 149 109 142 108 124 126 113 136 135 122 9 106 133 127
49 49 157 147 179 108 146 144 131 139 177 175 142 8 118 129 153 106 104 132 9 127 21 134 52 111 31 109 135 1 117 107 113 116 41 173 55 112 171 180 120 27 115 95 43 137 122 128 126 124 161 149 164 46 64 125 10 110 178 136 77 151 165 67 133 138 35 163 150 16 191 183 34 140 20 99 85 114 58 98 156 141 33 194 74 182 60 187 123 130 18 154 176 195 86 143 189 197 160 167 44 97 119 2 50 145 80 184 19 28 48 190 61 121 54 168 51 13 23 30 68 5 6 26 32 47 53 15 17 36 39 56 62 65 72 38 73 70 40 155 162 3 11 25 37 192 181 22 59 63 66 71 7 29 0 4 12 14 24 42 45 57 69 75 76
50 50 1 117 28 48 44 77 60 20 73 43 18 45 22 59 63 66 71 16 74 41 0 4 12 14 24 42 57 69 75 76 33 70 55 64 5 6 7 11 26 29 32 47 53 62 65 72 56 23 30 68 67 51 13 17 36 39 168 148 152 158 159 166 169 170 172 35 58 156 15 25 37 38 114 121 155 160 162 167 147 157 110 2 171 3 31 46 54 10 119 163 164 61 27 52 86 153 49 40 151 98 130 131 115 123 165 144 150 34 116 132 108 146 154 140 125 139 97 161 138 128 104 134 107 112 120 149 99 111 95 109 137 118 113 8 142 129 126 19 135 9 21 124 122 106 136 127
52 52 190 184 160 167 80 163 165 77 151 116 161 144 113 60 180 108 177 146 175 149 142 126 43 135 178 16 34 153 129 41 33 136 118 8 104 109 127 112 9 134 95 106 35 122 21 10 120 49 111 124 31 27 137 132 107 55 67 125 133 128 183 139 150 131 138 117 115 1 74 143 130 173 171 182 58 85 46 97 73 154 164 86 64 99 18 179 191 140 157 110 98 147 2 145 123 194 20 187 156 51 176 174 119 181 155 162 54 61 114 185 186 195 196 19 189 197 44 141 192 28 121 168 48 15 62 40 17 36 65 72 13 23 30 68 3 5 6 26 32 47 53 38 25 37 50 39 56
55 55 168 116 33 129 10 109 104 122 134 21 120 124 27 107 117 1 133 128 135 52 95 139 112 137 138 118 31 9 136 142 111 132 85 146 143 49 130 35 140 106 73 74 156 150 174 98 144 16 180 126 119 176 184 153 51 18 181 185 186 99 177 67 43 161 154 34 149 165 123 86 125 97 41 131 44 2 173 189 197 58 191 121 8 19 127 46 187 183 113 151 61 50 182 175 163 28 48 178 64 108 77 60 20 157 171 160 167 155 162 147 141 54 3 179 40 115 114 145 164 38 110 22 59 63 66 71 0 4 12 14 24 42 45 57 69 75 76 148 152 158 159 166 169 170 172 5 6 7 11 26 29 32 47 53 70 13 17 23 30 36 39 56 62 65 68 72 194 15 25 37
60 60 112 52 1 2 117 41 161 74 35 48 8 77 130 126 16 10 142 64 20 175 33 129 178 150 154 95 196 31 0 4 12 14 24 42 57 69 75 76 160 167 73 43 34 137 183 134 5 6 7 11 26 29 32 47 53 70 50 62 163 56 58 122 116 51 113 165 13 17 23 30 36 39 65 68 72 151 61 28 106 124 144 15 25 37 44 98 127 38 111 108 120 3 146 46 27 107 153 97 54 118 19 149 21 135 40 184 49 132 99 104 190 128 109 131 86 18 125 171 115 80 45 22 59 63 66 71 79 81 82 87 88 89 90 91 92 93 94 96 100 78 177 138 139 136 67 180 9 140 55 147 156 157 123 164 110 114 121 155 162 133 168 148 152 158 159 166 169 170 172 85 119 143
64 64 103 105 101 188 193 44 18 131 54 9 118 31 112 111 117 1 2 29 34 45 11 49 83 62 150 175 134 126 107 137 183 74 161 40 38 127 21 58 132 8 142 60 10 129 52 61 110 135 27 154 122 124 106 104 19 120 139 95 177 130 41 128 165 109 48 43 133 123 20 55 125 35 85 196 0 4 12 14 24 42 57 69 75 76 73 138 192 50 113 108 179 5 6 7 26 32 47 53 70 144 99 97 16 149 146 153 86 28 140 13 17 23 30 36 39 56 65 68 72 51 116 98 136 178 33 180 115 15 25 37 171 67 77 3 46 151 156 163 164 121 143 160 167 119 114 147 22 59 63 66 71 79 81 82 87 88 89 90 91 92 93 94 96 100 168 148 152 158 159 166 169 170 172 145 155 162 173 78 157
67 67 178 16 175 136 35 10 1 115 112 143 52 86 77 118 182 191 124 165 46 146 27 132 133 128 155 162 122 113 174 41 73 137 126 97 130 104 21 55 99 74 111 153 85 31 117 109 2 49 129 134 58 95 107 9 120 106 19 22 59 63 66 71 135 64 142 45 61 50 127 0 4 12 14 24 42 57 69 75 76 161 139 28 48 177 5 6 7 11 26 29 32 47 53 70 62 56 138 44 154 13 17 23 30 36 39 65 68 72 183 51 60 20 15 25 37 180 38 140 150 108 116 131 3 123 149 54 151 144 43 40 98 18 163 34 125 33 8 156
73 73 143 86 136 122 27 1 2 117 95 35 10 74 133 120 128 124 107 97 129 155 162 19 99 55 104 67 16 48 33 61 130 156 138 142 109 52 135 140 85 132 149 34 60 58 20 137 9 112 146 191 118 150 139 0 4 12 14 24 42 57 69 75 76 134 126 5 6 7 11 26 29 32 47 53 70 62 56 50 181 51 180 13 17 23 30 36 39 65 68 72 21 41 28 153 15 25 37 38 44 98 125 3 46 77 54 31 64 40 111 43 131 144 18 8 45 22 59 63 66 71 79 81 82 87 88 89 90 91 92 93 94 96 100 78 168 175 145 106 113 127 148 152 158 159 166 169 170 172 183 114 121 160 167 147 157 174 171 49 154 110 119 163 164 151 177 178 115 123 165 179 108 116 161
74 74 85 118 136 122 112 124 58 1 2 117 133 97 10 104 95 120 73 35 41 154 27 135 107 99 19 21 137 130 146 52 55 60 20 155 162 128 64 150 5 6 26 32 47 53 56 175 28 9 13 17 23 30 36 39 62 65 68 72 138 61 31 129 8 15 25 37 51 132 38 98 142 67 54 143 33 140 3 16 109 48 49 40 149 116 111 161 191 86 153 34 123 139 174 196 0 4 12 14 24 42 57 69 75 76 181 183 176 126 7 11 29 70 50 80 187 182 108 44 125 134 131 144 77 46 106 178 180 156 78 151 113 43 18 171 121 45 22 59 63 66 71 79 81 82 87 88 89 90 91 92 93 94 96 100 177 115 160 167 168 110 165 119 127 163 147 145 157 114 148 152 158 159 166 169 170 172 164 179
77 77 178 8 52 1 117 165 146 113 115 67 171 182 46 112 149 173 135 109 60 49 31 111 160 167 43 16 50 163 58 41 144 151 28 48 116 33 44 161 153 134 108 20 35 10 142 129 34 2 184 175 177 126 122 190 73 132 137 124 118 150 18 27 80 104 45 22 59 63 66 71 120 74 95 180 128 139 21 125 0 4 12 14 24 42 57 69 75 76 9 157 154 64 131 61 147 55 5 6 7 11 26 29 32 47 53 70 130 62 51 56 138 136 156 19 107 164 127 168 183 155 162 121 13 17 23 30 36 39 65 68 72 148 152 158 159 166 169 170 172 110 114 86 123 15 25 37 119 38 98 3 140 54 106 97 40 99 133 85
80 80 58 52 34 41 28 5 6 26 32 47 53 65 72 62 56 23 30 68 8 13 17 36 39 20 35 15 25 37 51 38 9 3 104 190 61 54 184 40 21 160 167 31 77 74 163 165 1 151 60 161 116 180 144 113 177 175 19 27 108 146 149 2 153 135 126 43 16 33 118 112 142 178 129 136 106 109 124 111 127 49 122 134 107 95 10 120 117 137 55 132
85 85 154 97 74 133 19 10 104 95 122 120 107 2 136 124 118 86 112 130 143 128 55 134 140 21 35 27 138 117 111 70 146 13 23 30 68 84 126 132 15 150 145 58 137 52 3 119 142 174 98 40 129 9 139 67 99 1 54 183 125 61 179 161 109 18 149 191 73 135 41 180 34 33 153 106 8 64 49 31 38 175 16 127 116 121 141 44 123 79 81 82 87 88 89 90 91 92 93 94 96 100 108 131 155 162 144 165 0 4 12 14 24 42 57 69 75 76 177 156 113 48 5 6 7 11 26 29 32 47 53 176 43 181 178 78 17 36 39 56 62 65 72 151 60 20 77 25 37 51 28 163 168 46 171
86 86 73 19 128 35 10 95 107 117 143 122 85 130 138 124 126 104 67 123 27 136 21 84 139 133 112 132 134 145 70 120 99 125 68 52 13 23 30 174 137 111 97 2 18 135 15 3 118 1 55 142 31 40 121 179 129 183 74 119 54 140 44 58 61 131 144 154 141 108 109 9 49 43 33 41 16 156 153 64 149 34 155 162 161 150 8 175 165 180 163 168 98 116 177 171 28 148 152 158 159 166 169 170 172 114 60 160 167 110 50 147 164 46 20 157 113 115 48 38 178 51 151 56 62 106 17 36 65 72 77 181 176 127 25 37 146 11 191 5 6 26 32 47 53 7 78
95 95 145 179 97 130 183 143 125 138 86 126 18 85 142 136 133 129 104 134 122 112 27 124 107 52 120 10 73 2 109 35 117 111 137 135 31 74 128 55 140 154 21 99 113 131 49 43 149 9 153 116 118 146 139 33 98 132 83 19 180 45 67 150 123 64 155 162 16 171 60 161 41 165 177 181 108 144 175 119 106 174 189 197 156 191 173 1 127 34 176 46 44 58 151 8 196 121 160 167 187 182 178 163 77 20 48 157 141 51 184 13 23 30 68 15 54 70 61 168 3 147 40 110 17 36 65 72 115 5 6 26 32 47 53 190 7 38 0 4 12 14 24 42 57 69 75 76 25 37 164 39 56 62 194 78 28 80 11 29 79 81 82 87 88 89 90 91 92 93 94 96 100 114 50
97 97 85 136 95 124 2 117 133 74 104 99 129 155 162 143 120 138 122 73 154 98 27 10 130 86 107 19 145 67 142 52 179 112 128 125 134 183 16 126 18 41 123 55 33 181 174 153 116 146 176 48 118 135 187 35 182 60 20 137 21 109 111 132 49 58 79 81 82 87 88 89 90 91 92 93 94 96 100 1 9 0 4 12 14 24 42 57 69 75 76 31 61 64 5 6 7 11 26 29 32 47 53 70 156 51 62 56 78 13 17 23 30 36 39 65 68 72 148 152 158 159 166 169 170 172 140 38 106 15 25 37 114 121 160 167 168 50 3 46 127 110 147 119 157 163 164 180 171 28 54 40 175 151 44 77 131 149 115 165 144 139 178 34 150 108 161 113 8 43 177
98 98 104 124 2 117 97 128 55 153 10 136 95 99 139 123 74 16 138 116 41 146 118 85 33 135 31 174 120 181 143 176 27 48 21 133 187 35 182 60 20 137 58 112 134 111 9 129 106 107 73 49 52 86 79 81 82 87 88 89 90 91 92 93 94 96 100 132 122 157 0 4 12 14 24 42 57 69 75 76 168 155 162 108 1 125 130 70 119 126 151 51 5 6 7 11 26 29 32 47 53 61 62 56 140 114 121 160 167 23 30 68 161 148 152 158 159 166 169 170 172 156 142 109 78 13 17 36 39 65 72 28 64 144 110 38 147 163 154 44 165 18 131 50 15 25 37 171 149 77 164 3 115 54 40 46 150 43 127 113 34 180 175 8 67 19 177 183 178
99 99 140 133 136 128 132 124 2 117 120 35 122 97 107 138 21 118 123 134 104 74 27 155 162 95 10 86 129 139 73 163 154 98 141 111 135 31 67 137 143 46 43 52 177 85 55 16 109 41 176 33 126 181 174 116 146 49 153 48 142 112 187 125 182 60 20 131 9 8 58 149 18 144 1 106 19 79 81 82 87 88 89 90 91 92 93 94 96 100 127 175 180 0 4 12 14 24 42 57 69 75 76 113 156 5 6 7 11 26 29 32 47 53 70 51 61 62 56 64 78 13 17 23 30 36 39 65 68 72 148 152 158 159 166 169 170 172 38 130 15 25 37 114 121 160 167 168 50 145 183 3 110 147 119 157 164 178 28 54 40 151 171 44 115 165 77 34 179 108 150 161
104 104 98 139 85 118 55 128 136 153 106 95 10 134 49 31 120 124 58 107 52 117 133 135 27 129 21 122 97 138 74 108 132 111 143 137 9 116 99 125 86 142 126 41 175 154 112 180 146 130 161 123 35 16 157 131 67 177 33 109 179 183 73 18 149 151 144 20 127 174 165 119 150 46 168 64 155 162 43 19 8 2 114 145 140 110 113 194 1 147 34 80 115 173 181 189 197 163 176 178 28 121 60 156 77 160 167 187 61 44 182 171 5 6 26 32 47 53 62 56 13 17 23 30 36 39 65 68 72 164 141 190 15 25 37 51 38 48 184 3 54 191 50 40 148 152 158 159 166 169 170 172
