8 8 173 77 171 149 135 109 49 31 112 177 111 142 127 150 34 52 183 178 180 125 134 175 129 113 144 139 179 164 18 147 165 106 117 115 122 196 131 41 60 192 138 137 118 154 182 157 64 130 107 95 116 153 10 55 74 132 46 123 108 161 120 195 9 187 128 140 126 67 191 43 124 146 190 80 85 110 133 44 114 184 119 104 145 163 86 189 197 73 121 21 20 143 168 160 167 27 136 98 151 35 194 97 141 156 99 155 162 148 152 158 159 166 169 170 172 50 28 48 174 33 16 188 193 176 181 185 186
9 9 110 150 161 131 64 21 137 134 122 49 31 120 188 193 111 124 44 112 176 126 52 149 146 106 180 118 55 139 138 35 133 177 74 140 109 156 145 107 117 194 189 197 179 165 108 173 95 119 125 154 43 46 34 151 130 135 123 10 191 143 128 85 99 153 129 132 104 142 98 97 27 16 174 73 192 181 86 157 187 175 8 41 127 147 116 183 182 113 136 114 144 164 115 168 67 171 196 121 33 190 80 184 20 141 163 155 162 18 77 160 167 148 152 158 159 166 169 170 172 50 28 48 60 195 178 185 186
10 10 174 130 67 86 143 85 55 118 128 132 104 73 134 122 27 35 112 74 111 124 95 133 16 97 120 99 138 21 107 135 154 175 168 141 139 123 126 109 98 31 52 140 43 136 137 178 163 181 33 46 191 165 18 116 49 145 189 197 150 41 176 117 60 64 34 119 173 129 146 196 149 156 182 192 131 142 9 44 153 144 121 115 180 177 113 125 187 106 183 160 167 155 162 157 161 194 8 110 147 179 190 80 20 171 185 186 114 151 77 164 184 148 152 158 159 166 169 170 172 50 28 48 188 193 127 108
16 16 67 153 137 27 124 194 107 151 52 180 20 108 46 35 161 181 157 175 10 136 145 178 117 41 174 156 138 125 33 73 149 98 43 97 123 120 121 74 182 116 99 95 165 176 126 109 134 34 160 167 49 118 129 139 187 77 31 104 163 141 184 122 119 44 111 112 146 155 162 132 190 80 150 60 115 144 135 55 133 9 143 154 191 183 113 140 18 64 168 179 147 130 86 148 152 158 159 166 169 170 172 50 28 48 131 110 177 128 164 21 114 142 171 185 186 173 189 197 85 106 192 127 196 8 188 193
18 18 109 95 31 107 183 34 145 117 142 129 130 97 177 86 121 138 179 175 8 125 134 141 143 119 44 132 113 64 140 104 126 135 171 106 85 55 139 27 116 49 137 73 164 52 127 99 123 112 136 10 133 163 35 124 98 128 114 173 168 41 144 60 110 108 115 160 167 131 155 162 74 122 77 148 152 158 159 166 169 170 172 50 28 48 156 154 161 165 33 9 151 149 150 147 43 16 178 153 67 20 157 180 146 46 191 21 111 181 187 174 189 197 184 194 188 193 118 182 176 120 190 80 195 196 185 186 192
20 20 153 194 157 117 151 46 161 108 180 125 16 41 149 148 152 158 159 166 169 170 172 50 28 48 168 104 98 114 121 155 160 162 167 147 156 49 52 163 124 60 27 110 119 164 44 106 171 150 77 139 86 97 165 18 111 73 107 137 9 99 115 123 178 144 130 154 138 140 146 136 127 131 8 74 64 142 116 33 55 133 122 21 175 129 181 95 113 43 126 134 182 67 34 118 132 143 85 128 187 135 184 145 176 177 190 80 174 35 179 10 120 183 173 141 191 112 109 192 195 31 188 193 185 186 189 197
21 21 176 156 138 177 139 133 55 128 9 35 118 132 122 49 31 120 124 135 99 27 173 10 164 104 109 107 154 150 137 141 168 85 52 111 95 74 146 134 140 110 143 123 86 73 33 116 163 161 117 64 126 67 181 113 97 129 191 98 136 174 46 175 34 149 180 119 142 131 43 178 187 41 157 147 112 108 18 165 130 144 153 179 182 8 16 155 162 106 194 171 190 80 127 192 189 197 183 115 20 60 114 121 185 186 148 152 158 159 166 169 170 172 50 28 48 188 193 184 160 167 151 77 145 44 125 196 195
27 27 181 156 34 73 180 16 138 33 139 55 129 133 136 132 118 153 10 95 109 134 122 21 31 143 120 124 135 86 104 99 111 185 186 67 137 35 85 97 184 149 128 49 74 18 140 125 168 130 46 174 107 194 183 116 161 144 141 155 162 177 112 52 176 154 163 142 20 9 179 98 43 146 41 165 126 150 189 197 175 173 131 151 145 123 157 191 119 117 108 178 64 187 113 8 192 127 106 182 121 164 171 160 167 110 77 44 115 196 60 190 80 114 147 148 152 158 159 166 169 170 172 50 28 48 188 193 195
28 28 117 148 152 158 159 166 169 170 172 50 48 168 114 121 155 160 162 167 20 157 163 98 156 147 60 110 119 164 44 171 151 77 165 18 86 97 123 115 99 161 154 130 150 140 73 144 74 138 131 146 139 64 125 108 116 153 149 113 43 16 41 142 126 33 136 107 55 52 129 137 106 127 135 128 132 9 95 118 178 35 85 133 122 134 124 8 21 180 143 46 177 10 104 109 120 145 175 194 27 184 49 141 67 182 183 31 188 193 112 173 34 187 185 186 111 176 174 190 80 179 191 181 195
31 31 34 18 183 177 64 175 135 8 142 129 128 9 104 106 132 109 21 127 112 111 113 173 134 139 171 27 118 164 49 124 41 138 188 193 131 115 191 52 95 110 144 55 123 10 107 116 122 43 67 150 99 126 44 176 179 125 98 161 156 187 77 141 85 178 86 130 35 163 165 147 74 133 137 33 154 114 120 140 136 60 153 181 143 46 195 182 180 146 196 192 149 189 197 16 174 145 97 117 184 108 160 167 151 190 80 157 73 194 185 186 148 152 158 159 166 169 170 172 50 28 48 121 155 162 168 20 119
33 33 185 186 184 55 129 27 124 168 52 181 116 117 109 156 16 98 21 176 120 138 174 136 10 137 97 143 34 160 167 135 128 95 133 122 107 153 31 104 111 187 73 112 134 146 190 80 163 60 139 182 41 132 74 123 85 180 77 99 183 151 155 162 127 157 49 165 145 144 18 86 67 148 152 158 159 166 169 170 172 50 28 48 118 179 194 161 35 113 108 46 147 114 141 110 43 121 20 150 149 126 164 9 154 171 130 115 119 44 140 191 64 192 196 131 189 197 175 178 142 173 177 125 195 8 106
34 34 109 31 27 111 52 183 18 177 175 8 192 181 180 129 142 156 165 139 55 179 106 132 113 123 33 137 138 131 134 73 16 184 125 64 118 190 80 150 127 163 173 135 77 10 122 160 167 9 95 116 133 154 41 60 107 171 144 153 49 136 164 161 115 43 191 46 128 149 67 120 151 85 143 124 86 104 140 130 145 112 146 110 141 126 99 21 117 108 168 74 44 194 35 114 147 187 157 182 119 174 97 185 186 178 189 197 188 193 195 121 98 20 155 162 176 196 148 152 158 159 166 169 170 172 50 28 48
35 35 67 86 143 126 133 128 132 21 137 122 73 112 124 10 99 120 16 136 95 138 85 107 176 118 52 46 145 141 27 163 131 140 178 139 175 55 123 9 174 130 154 194 191 111 151 43 135 60 74 117 161 109 156 181 196 146 134 31 125 177 150 49 98 142 182 41 104 97 179 108 183 187 18 77 160 167 153 115 180 129 116 165 149 190 80 184 8 33 164 173 171 64 113 106 192 127 114 148 152 158 159 166 169 170 172 50 28 48 157 144 189 197 44 110 147 121 155 162 168 20 34 119 185 186 188 193
41 41 175 106 153 127 112 115 124 191 52 187 114 182 20 108 46 194 67 157 195 151 60 110 161 147 113 116 196 149 117 16 180 164 49 178 109 31 183 144 142 135 8 171 98 118 104 137 125 74 131 181 174 43 176 160 167 34 150 146 111 122 177 9 123 129 154 55 132 35 130 190 80 95 128 163 27 134 143 184 126 64 10 136 165 97 133 18 85 33 77 179 120 21 173 99 107 121 148 152 158 159 166 169 170 172 50 28 48 138 145 139 119 44 155 162 168 192 156 189 197 140 86 188 193 185 186 73 141
43 43 125 132 127 137 134 107 52 141 149 163 46 195 147 194 164 145 189 197 187 180 151 117 109 161 165 131 111 126 108 144 171 182 49 153 95 31 173 140 16 115 35 99 135 10 120 177 118 121 113 112 41 139 150 160 167 183 9 119 44 157 179 27 116 64 190 80 60 154 122 77 184 129 20 104 175 123 18 74 124 21 67 156 55 97 138 133 98 130 33 110 73 168 86 148 152 158 159 166 169 170 172 50 28 48 192 155 162 114 34 142 146 174 136 181 191 196 143 176 128 85 106 8 188 193 178 185 186
44 44 64 188 193 107 117 131 121 9 118 119 141 31 145 140 18 123 130 112 139 86 138 148 152 158 159 166 169 170 172 50 28 48 108 111 144 125 60 168 155 162 160 167 43 16 114 157 163 154 74 147 98 135 20 126 156 99 142 73 165 137 97 151 116 143 10 150 161 171 164 110 95 35 132 128 134 183 129 55 104 175 77 85 49 133 8 146 115 153 34 41 109 177 113 33 180 136 149 52 179 178 67 120 27 196 21 173 127 192 106 46 194 122 184 124 174 189 197 191 182 185 186 181 190 80 176 187
46 46 178 106 153 132 137 194 115 182 108 151 77 113 114 165 141 20 157 163 161 110 180 16 41 43 67 146 145 177 35 109 118 116 49 112 99 175 9 126 104 125 149 120 129 127 10 111 124 183 134 117 27 142 52 8 31 144 150 21 122 55 131 133 34 128 164 74 135 95 173 107 138 86 140 147 143 139 60 64 98 171 154 130 136 18 119 156 33 191 123 97 187 174 73 181 179 196 160 167 44 176 168 121 85 155 162 195 192 189 197 148 152 158 159 166 169 170 172 50 28 48 190 80 184 188 193 185 186
48 48 117 148 152 158 159 166 169 170 172 50 28 168 114 121 155 160 162 167 20 157 163 98 156 147 60 110 119 164 44 171 151 77 165 18 86 97 123 115 99 161 154 130 150 140 73 144 74 138 131 146 139 64 125 108 116 153 149 113 43 16 41 142 126 33 136 107 55 52 129 137 106 127 135 128 132 9 95 118 178 35 85 133 122 134 124 8 21 180 143 46 177 10 104 109 120 145 175 194 27 184 49 141 67 182 183 31 188 193 112 173 34 187 185 186 111 176 174 190 80 179 191 181 195
49 49 157 147 179 108 146 144 131 139 177 175 8 142 118 9 129 153 104 106 132 127 21 134 173 171 135 111 164 109 113 31 116 180 115 41 52 64 191 110 126 46 161 55 125 43 128 95 178 107 149 183 67 122 34 77 165 151 194 27 112 163 141 182 137 120 150 195 138 20 187 176 124 16 114 18 140 123 136 99 10 85 33 98 189 197 154 130 156 117 133 35 145 143 97 86 192 73 184 74 160 167 190 80 181 188 193 121 60 174 119 44 196 185 186 148 152 158 159 166 169 170 172 50 28 48 155 162 168
50 50 117 148 152 158 159 166 169 170 172 28 48 168 114 121 155 160 162 167 20 157 163 98 156 147 60 110 119 164 44 171 151 77 165 18 86 97 123 115 99 161 154 130 150 140 73 144 74 138 131 146 139 64 125 108 116 153 149 113 43 16 41 142 126 33 136 107 55 52 129 137 106 127 135 128 132 9 95 118 178 35 85 133 122 134 124 8 21 180 143 46 177 10 104 109 120 145 175 194 27 184 49 141 67 182 183 31 188 193 112 173 34 187 185 186 111 176 174 190 80 179 191 181 195
52 52 190 80 184 160 167 163 60 77 165 151 34 116 161 144 180 113 108 146 177 175 41 149 43 16 33 126 142 178 135 153 8 129 136 109 104 35 118 127 112 9 95 67 137 21 134 106 122 183 132 173 55 125 10 115 124 111 120 49 27 150 171 31 182 191 164 74 138 131 139 194 133 128 46 130 143 185 186 97 99 179 73 18 157 154 145 64 187 86 110 176 98 20 147 85 174 156 107 140 181 195 196 155 162 189 197 123 114 119 168 117 192 121 188 193 44 141 148 152 158 159 166 169 170 172 50 28 48
55 55 168 116 33 129 10 109 104 21 122 134 120 27 124 185 186 184 133 174 107 176 135 156 128 98 138 139 146 85 9 181 95 143 130 73 118 142 112 74 119 52 140 111 31 35 136 144 117 180 189 197 137 97 132 106 49 67 34 18 99 191 149 173 150 41 16 161 86 165 123 126 187 177 153 121 154 64 179 151 125 178 163 131 43 113 182 160 167 44 155 162 157 46 114 171 183 147 60 20 194 164 77 141 110 196 115 190 80 192 148 152 158 159 166 169 170 172 50 28 48 127 145 108 175 8 188 193
60 60 112 52 117 196 161 160 167 130 41 77 150 163 190 80 154 74 183 126 165 184 175 142 151 116 178 113 64 129 8 148 152 158 159 166 169 170 172 50 28 48 171 144 35 115 137 44 114 20 168 121 108 164 146 155 162 149 147 98 95 157 110 86 18 119 131 135 125 34 127 43 16 10 134 156 33 106 153 180 97 55 138 67 123 177 107 85 31 139 99 140 132 122 46 104 109 73 128 124 133 118 143 145 173 182 191 194 136 111 188 193 49 27 120 9 187 174 141 179 21 195 189 197 185 186 181 176 192
64 64 188 193 44 131 9 118 31 112 111 110 150 126 161 49 74 117 183 175 107 196 34 60 192 134 154 137 130 135 127 120 41 165 10 133 21 8 142 18 132 109 177 139 43 123 122 129 85 113 52 55 121 115 179 171 149 95 104 124 106 86 164 138 144 35 143 145 136 153 125 163 140 77 156 108 16 119 173 98 141 191 27 128 160 167 151 114 46 67 148 152 158 159 166 169 170 172 50 28 48 147 116 180 178 99 146 182 194 187 97 174 176 33 155 162 168 20 189 197 73 195 181 157 184 190 80
67 67 16 178 175 35 136 10 115 191 182 77 86 143 155 162 165 46 174 146 112 118 41 97 130 113 126 132 128 133 73 99 85 52 122 124 74 27 137 21 153 104 106 55 109 111 127 134 129 183 154 8 31 140 139 177 142 34 138 60 161 49 150 95 151 163 123 135 181 180 9 196 176 107 108 64 43 120 33 131 156 116 194 98 125 141 145 18 173 171 117 190 80 160 167 157 179 149 110 164 147 20 114 144 168 184 119 187 192 195 189 197 121 44 188 193 185 186 148 152 158 159 166 169 170 172 50 28 48
73 73 86 143 136 122 27 155 162 35 95 10 128 74 117 67 133 181 85 97 120 191 156 107 104 99 129 124 55 34 135 21 145 130 140 180 150 174 132 137 146 112 9 109 16 149 179 134 118 138 33 183 153 148 152 158 159 166 169 170 172 50 28 48 52 139 175 141 176 142 49 46 114 121 160 167 168 20 8 106 178 182 187 177 171 127 111 126 194 110 147 119 157 163 164 44 98 60 31 184 151 77 173 196 115 123 165 18 154 189 197 131 185 186 108 116 161 144 125 190 80 113 43 41 64 195 192
74 74 85 118 136 122 112 97 124 133 155 162 154 104 73 120 117 10 130 99 67 191 196 95 135 143 174 55 128 150 27 64 60 181 146 176 9 175 98 21 107 140 41 137 187 132 86 52 35 123 142 182 149 109 129 161 183 44 111 153 180 16 116 138 145 121 49 18 126 34 179 33 148 152 158 159 166 169 170 172 50 28 48 119 177 171 115 141 125 114 46 131 151 108 194 43 113 160 167 168 20 188 193 77 31 147 164 110 8 178 184 144 156 157 163 165 190 80 134 127 192 106 139 185 186 173
77 77 178 8 52 182 173 165 171 115 146 46 113 67 117 149 160 167 135 112 190 80 163 60 109 184 151 161 111 144 183 49 116 31 150 148 152 158 159 166 169 170 172 50 28 48 157 177 125 20 147 18 142 168 164 108 175 121 180 34 155 162 137 139 124 114 130 154 41 131 119 43 16 153 156 110 33 64 98 126 129 44 138 74 123 132 86 55 196 104 99 128 97 179 134 140 118 127 73 35 95 107 85 120 133 9 192 194 143 122 136 21 10 145 27 187 191 176 174 181 141 106 185 186 188 193 189 197 195
80 80 52 190 184 160 167 163 60 77 165 151 34 116 161 144 180 113 108 146 177 175 41 149 43 16 33 126 142 178 135 153 8 129 136 109 104 127 35 118 112 9 137 95 67 21 134 106 117 115 125 122 55 183 173 171 132 10 150 164 124 111 49 120 131 139 27 31 182 191 46 74 138 130 97 157 194 128 18 99 20 73 110 133 154 98 147 143 155 162 185 186 156 85 179 123 145 86 187 64 140 114 168 176 119 107 174 181 195 196 44 121 189 197 148 152 158 159 166 169 170 172 50 28 48 141 192
85 85 97 154 74 133 10 104 95 122 120 136 107 130 118 143 112 174 99 124 140 73 86 35 145 27 98 146 67 119 21 179 55 134 138 128 111 150 183 117 191 18 155 162 126 132 161 137 9 149 139 181 142 176 125 156 41 109 175 129 60 180 116 64 52 178 33 196 135 34 121 141 165 168 187 8 163 151 177 44 153 110 173 113 106 182 127 160 167 49 189 197 164 31 157 46 192 20 147 115 171 77 114 148 152 158 159 166 169 170 172 50 28 48 123 194 108 184 131 144 43 16 188 193 190 80 185 186 195
86 86 73 35 128 10 95 143 107 122 67 130 174 145 138 123 117 136 126 99 124 27 18 97 85 139 104 179 133 121 120 132 134 125 112 183 141 21 119 44 52 154 156 31 155 162 135 111 9 55 137 181 140 191 74 109 118 142 34 180 175 176 129 168 131 98 49 144 148 152 158 159 166 169 170 172 50 28 48 163 153 108 60 150 177 178 161 8 165 64 43 16 114 182 116 160 167 20 173 171 187 33 151 110 147 164 46 189 197 196 157 184 194 190 80 115 77 192 113 149 41 146 106 188 193 127 185 186
95 95 145 179 97 18 130 183 143 86 125 138 85 126 142 133 136 129 104 73 134 122 107 27 10 35 112 120 74 109 124 111 137 154 140 135 99 31 113 131 21 43 128 155 162 67 132 52 149 98 123 49 55 116 177 33 181 127 174 171 189 197 9 139 16 118 141 146 153 117 176 60 180 121 191 108 44 41 165 196 173 194 144 46 119 156 150 192 175 157 161 160 167 168 8 34 187 64 182 20 163 147 190 80 178 106 185 186 195 151 77 115 114 184 148 152 158 159 166 169 170 172 50 28 48 110 164
97 97 85 136 95 124 74 155 162 133 154 117 104 143 145 99 179 122 67 120 73 174 18 181 10 138 86 98 130 176 183 129 187 27 128 125 107 123 112 182 134 126 116 146 142 153 148 152 158 159 166 169 170 172 50 28 48 52 16 41 168 132 109 33 137 180 9 49 114 121 160 167 20 191 178 175 106 55 135 111 171 34 21 127 35 110 147 119 156 157 163 164 44 60 31 46 141 8 177 151 77 173 194 144 184 196 189 197 115 165 131 149 150 140 108 161 190 80 64 139 113 43 185 186 192 195 118
98 98 104 124 117 174 181 176 97 187 123 139 99 74 55 116 182 128 138 146 143 41 85 16 153 136 168 10 33 133 20 155 162 118 148 152 158 159 166 169 170 172 50 28 48 135 95 157 27 114 9 86 121 160 167 31 21 119 18 120 163 112 151 110 122 147 35 137 44 111 108 60 130 134 144 161 125 106 154 127 129 156 164 49 171 165 126 77 180 178 67 142 131 115 140 73 183 107 175 8 149 150 64 43 194 34 179 132 52 177 145 46 113 184 185 186 173 109 191 196 192 141 189 197 195 188 193 190 80
99 99 140 133 136 128 132 124 155 162 141 97 35 122 123 85 163 117 118 120 74 67 134 21 107 143 154 176 73 129 27 104 181 174 138 86 10 95 46 98 135 177 187 55 43 137 111 52 139 31 182 142 109 145 191 180 34 175 116 146 173 49 106 148 152 158 159 166 169 170 172 50 28 48 9 16 41 153 178 189 197 179 183 127 33 8 114 121 160 167 168 20 112 110 147 119 156 157 164 44 60 194 184 151 171 77 192 190 80 125 115 165 18 144 130 150 108 161 131 149 113 64 195 185 186 126 196
104 104 98 139 85 55 118 128 136 106 153 10 95 134 49 31 120 97 74 124 133 135 21 99 154 27 107 108 129 86 157 122 52 143 116 179 168 73 174 67 138 18 125 155 162 123 137 194 175 132 41 180 114 20 161 142 130 183 33 46 146 34 126 64 151 9 35 177 119 189 197 145 16 111 110 176 173 150 131 181 117 165 147 156 112 144 149 178 8 163 127 109 43 187 140 115 191 184 60 121 113 160 167 171 182 164 77 44 190 80 141 185 186 188 193 192 148 152 158 159 166 169 170 172 50 28 48 196 195
