3 3 15 13 11 10 14 4 9 8 5 12 16 17 7 6 57 20 55 50 45 22 46 36 29 42 49 33 43 25 18 30 38 19 39 32 28 56 52 27 35 44 23 48 2 24 51 26 21 41 47 34 40 31 0 1 53 37 58 54 60
4 4 11 12 19 7 20 44 39 40 3 18 41 36 21 25 22 50 45 6 43 38 33 8 46 57 16 49 29 32 28 55 15 26 27 30 14 23 56 52 2 47 17 35 13 51 42 37 34 48 24 31 54 58 10 0 1 9 53 5 60
6 6 56 20 2 15 50 43 0 1 14 33 38 29 22 12 25 3 11 4 45 8 36 17 55 46 49 57 16 7 30 58 28 37 32 52 21 54 42 60 27 23 18 35 53 26 48 31 34 47 24 10 51 13 9 5 39 19 40 41 44
7 7 11 36 44 41 40 12 19 39 4 20 3 33 22 45 50 25 6 38 43 46 29 28 8 30 18 32 21 49 16 14 57 27 55 15 52 23 56 26 37 2 48 47 17 51 13 42 35 24 34 58 31 10 54 0 60 1 9 53 5
8 8 57 55 42 50 3 17 46 24 18 16 22 51 20 11 49 4 12 47 6 34 45 56 48 7 2 28 33 43 25 23 27 15 36 30 32 38 29 26 52 14 0 1 13 31 10 9 5 35 21 58 54 37 60 19 53 39 41 44 40
11 11 4 12 7 19 39 44 40 41 36 3 22 20 21 25 45 50 16 38 6 46 43 8 18 55 49 33 57 30 29 32 15 52 28 14 27 23 26 37 51 47 48 56 2 13 42 24 10 31 34 60 54 9 53 0 1 35 17 5 58
12 12 11 4 44 7 19 39 40 41 21 25 20 36 22 45 6 50 3 43 16 38 46 33 55 8 49 30 57 18 29 28 32 15 26 27 52 23 14 56 2 37 51 48 47 54 58 60 42 17 34 0 31 1 53 13 10 35 24 9 5
14 14 15 13 10 9 5 38 6 29 33 3 36 28 30 25 45 20 35 32 22 23 18 27 50 43 46 49 7 11 16 4 12 52 37 17 55 57 8 26 34 56 21 31 24 2 48 54 51 58 42 53 60 39 0 1 40 41 44 19 47
15 15 14 10 9 13 5 6 3 38 29 33 20 36 45 50 22 12 11 30 43 4 17 25 7 28 23 49 32 8 18 46 27 57 16 55 35 37 56 52 26 2 42 24 47 21 48 51 34 0 1 60 31 40 39 44 54 53 19 58 41
16 16 46 22 48 49 45 51 50 47 3 55 8 24 11 57 12 20 38 6 36 25 43 4 42 18 33 52 30 56 7 32 21 28 29 15 2 14 27 23 34 26 17 0 1 53 13 37 39 19 54 58 31 40 41 35 10 9 5 44 60
18 18 35 29 23 57 32 24 4 27 33 30 28 26 55 8 34 22 25 14 47 49 50 31 46 38 36 16 45 11 52 43 6 20 51 42 7 21 15 12 48 56 13 37 17 3 58 10 2 9 54 5 53 60 0 1 41 39 40 44 19
20 20 56 2 6 4 50 17 43 12 7 45 0 1 11 33 8 57 38 36 22 55 16 46 42 3 49 25 58 52 28 29 15 37 54 27 32 30 60 14 23 48 53 51 18 47 21 35 31 26 34 39 24 19 44 13 40 41 10 9 5
22 22 49 16 48 51 45 50 46 55 47 11 36 8 24 38 20 57 4 12 52 6 43 7 18 25 42 33 30 56 32 29 3 2 21 28 27 14 15 23 37 26 34 0 1 17 54 58 53 35 41 40 39 44 31 19 60 10 9 5 13
23 23 32 30 27 29 35 28 33 18 34 31 25 26 24 38 52 57 36 49 14 43 20 45 6 50 21 46 12 7 47 8 56 22 4 55 16 15 37 58 11 42 51 2 54 53 48 60 13 3 17 0 10 1 9 5 40 41 44 39 19
25 21 25 26 12 28 45 33 43 27 38 32 29 50 30 11 6 4 37 20 36 18 46 22 23 7 54 16 52 44 58 60 49 56 35 19 8 48 40 53 39 34 31 57 41 51 55 14 2 47 15 24 42 17 0 1 3 13 10 9 5
26 26 25 18 37 58 28 35 27 32 53 34 21 29 31 54 33 60 23 30 38 43 52 57 4 6 50 12 20 55 8 56 45 22 11 46 36 16 24 14 49 15 7 3 42 2 17 47 51 48 0 1 13 19 10 39 40 44 9 5 41
27 27 32 28 30 35 23 33 34 31 29 25 26 18 38 52 36 43 57 21 49 20 14 45 24 6 37 56 50 7 58 8 46 15 55 22 54 16 4 11 53 12 42 60 47 2 48 51 17 3 13 0 1 10 9 5 44 41 40 19 39
28 28 32 27 30 34 31 33 23 25 29 35 26 18 38 52 57 21 36 43 49 50 6 20 24 12 14 45 56 37 8 7 58 46 55 11 15 4 22 16 54 42 47 53 60 2 48 3 51 17 0 1 13 44 39 10 41 40 9 5 19
29 29 35 23 14 18 32 33 27 28 30 25 15 38 13 6 34 31 43 26 36 10 9 52 20 5 45 49 57 24 22 21 7 4 50 46 56 37 11 12 3 55 8 16 47 58 54 2 53 48 17 60 51 42 0 1 41 40 39 44 19
30 30 28 32 27 34 31 33 23 36 29 38 35 25 26 18 24 43 57 20 52 6 22 49 7 14 45 50 21 12 46 47 37 56 16 11 58 15 8 55 3 54 42 51 53 4 2 60 48 17 0 1 40 10 44 9 41 5 39 19 13
32 32 28 52 27 30 35 31 34 33 23 29 25 26 18 49 43 38 36 21 57 20 45 6 14 24 46 50 37 7 56 54 12 58 22 15 8 55 11 16 42 53 4 47 3 60 48 2 17 51 13 0 1 10 9 44 41 5 40 39 19
33 33 28 32 35 30 27 31 34 56 29 25 23 21 20 14 6 49 38 26 7 45 18 52 22 43 36 46 15 50 12 2 4 16 11 57 8 24 0 55 1 37 58 54 48 42 51 17 3 47 60 13 53 10 40 9 39 5 41 44 19
36 36 40 7 39 44 41 11 38 30 22 12 4 43 25 45 6 29 20 19 50 32 33 16 46 28 49 14 55 27 52 15 18 23 21 3 8 57 37 26 51 56 47 58 31 35 34 24 54 2 53 42 48 13 10 17 9 5 0 1 60
38 38 37 43 36 26 14 25 58 22 50 20 6 45 30 54 29 60 52 33 15 53 32 28 21 27 46 12 56 16 7 4 55 11 23 2 57 18 49 17 35 8 34 31 0 1 24 48 47 42 51 13 3 10 40 9 41 44 5 19 39
43 43 58 37 54 20 60 38 52 53 25 56 36 50 6 2 21 45 22 17 32 29 12 30 33 28 27 26 46 49 0 1 16 11 57 55 7 18 4 8 23 42 15 14 48 3 51 34 35 47 40 41 31 39 44 10 24 9 19 5 13
45 45 46 16 48 22 51 49 21 47 50 25 20 38 12 55 24 43 6 33 36 57 11 4 8 7 29 52 28 32 56 30 14 18 15 3 37 26 2 27 42 23 34 54 35 0 1 17 31 40 60 44 58 19 41 39 53 10 9 5 13
46 46 47 49 45 51 16 55 50 22 48 57 24 8 52 20 38 42 25 12 33 4 43 6 18 21 32 56 7 30 11 3 2 29 28 36 23 34 27 14 17 26 15 0 1 54 58 53 37 31 35 60 19 41 44 39 40
49 49 52 46 48 16 22 51 50 45 47 33 55 32 8 24 57 42 20 38 6 56 28 43 36 25 12 54 17 2 4 11 21 18 53 30 27 3 14 23 29 7 15 58 0 1 26 34 35 31 60 37 10 9 19 44 41 5 40 39 13
50 50 8 46 57 20 49 56 16 55 42 45 22 2 6 48 51 47 43 25 17 38 0 12 1 18 11 33 24 36 4 3 28 52 27 29 21 7 32 15 23 30 58 37 54 14 34 60 26 53 35 31 13 10 9 39 5 19 40 41 44
52 52 54 49 53 58 32 60 43 46 33 37 28 22 38 25 27 26 30 29 20 16 23 56 50 45 21 55 6 2 48 18 36 8 17 11 57 14 7 51 47 12 0 1 35 4 34 3 15 24 31 42 44 39 41 19 40
55 55 57 8 42 46 50 17 51 22 18 47 24 16 49 45 20 48 34 3 6 38 12 11 43 4 56 33 32 52 7 25 28 30 27 2 36 26 29 23 15 14 31 0 1 21 35 13 53 10 9 5 37 58 54 60 41 44 39 19 40
57 57 8 55 42 50 17 18 34 46 24 22 51 49 16 3 20 45 32 28 4 47 30 27 6 11 38 23 31 12 33 25 26 43 36 29 56 35 48 7 2 15 14 21 37 52 0 1 53 13 58 10 9 5 54 19 39 60 41 44 40
