3 3 15 13 10 11 14 9 4 8 5 12 17 16 7 6 57 20 55 50 46 22 45 36 29 42 49 43 33 25 18 30 38 32 52 28 35 27 56 23 24 2 26 51 48 34 19 39 31 47 21 40 0 1 53 44 41 37 54 58 60
4 4 11 19 12 7 44 39 20 40 3 41 18 36 21 25 22 45 50 6 43 33 38 8 46 57 16 29 49 32 28 55 26 27 15 30 14 23 52 37 56 60 2 51 58 35 47 54 34 42 13 53 24 10 48 17 31 9 0 5 1
6 6 56 20 2 15 50 43 0 1 33 14 38 29 22 25 12 3 45 11 4 17 8 36 49 46 55 57 16 58 37 30 28 54 21 42 52 7 32 60 23 35 53 27 48 26 18 31 34 47 24 51 10 9 5 13 19 41 39 44 40
7 7 11 44 36 40 41 19 39 12 4 20 3 33 22 45 50 25 6 38 43 46 29 21 28 8 18 30 32 49 16 57 55 27 14 15 52 23 26 37 2 56 48 47 51 17 24 42
8 8 57 55 42 50 17 3 46 24 18 16 22 51 20 11 49 4 12 47 34 6 45 48 56 7 2 28 33 43 23 27 25 32 30 36 38 15 29 26 52 0 1 31 14 13 35 10 58 54 37 9 21 60 5 53
11 11 4 12 7 19 39 44 40 41 36 3 22 20 21 25 45 50 38 6 16 46 43 55 8 18 33 49 57 30 29 32 52 28 15 14 27 23 26 37 48 2 51 56 60 47 34 13 54 31 42 58 10 53 24 35 9 17 5
12 12 11 4 44 7 19 39 40 41 21 25 20 36 22 45 6 50 3 43 16 38 33 46 55 8 30 49 57 29 28 18 32 26 15 23 52 27 14 37 54 56 58 48 60 2 51 34 47 53 35 42 31 17 24 0 1
14 14 15 13 10 9 5 38 6 29 33 3 36 35 25 28 45 30 20 22 32 23 18 27 50 43 46 49 7 11 16 4 17 52 12 55 57 26 8 37 34 31 24 21 56 2 42 54 53 51 48 58 60 47 0 1
15 15 14 10 9 13 5 6 3 38 29 33 20 36 45 22 50 12 30 43 11 17 25 23 4 28 7 32 18 49 57 55 27 46 8 16 35 52 26 37 56 42 2 34 31 21 51 48 0 1 47 24
16 16 46 22 48 49 45 51 50 47 3 55 8 24 57 11 12 20 38 6 36 25 43 4 42 18 33 56 52 30 21 32 7 28 29 2 27 15 14 23 34 26 17 0 1 58 37 54 31 35 53 60 10 9 19 39 41 5 44 40 13
18 18 35 29 23 32 24 57 33 27 4 30 28 26 55 8 34 22 25 47 14 49 31 50 46 16 45 38 36 11 42 51 43 52 15 20 6 21 7 12 13 48 56 17 37 10 3 9 58 2 5 54 53 60 0 1 19 41 44 39 40
20 20 56 2 6 4 50 17 43 12 0 7 1 45 33 11 8 57 38 22 42 55 16 36 46 3 49 25 58 54 37 52 28 29 27 15 60 30 32 14 23 53 48 51 47 18 21 35 31 26 34 24 13 10 9 39 5 41 40 19 44
22 22 49 48 16 51 50 45 46 47 55 11 36 8 24 38 20 57 4 12 6 52 43 7 42 18 25 33 56 30 32 29 3 21 2 28 27 14 15 23 26 34 0 1 37 17 58 54 53 60 35 31 19 41 44 40 39
23 23 32 30 27 35 29 33 28 34 18 31 25 26 24 38 57 52 36 49 14 43 20 45 21 50 6 12 46 47 56 8 7 22 16 15 55 4 37 58 11 42 51 2 54 53 13 48 60 3 17 10 0 1 9 5
25 21 25 26 12 28 45 33 43 27 38 32 29 50 30 11 37 6 4 20 36 18 46 54 23 22 44 7 58 16 52 60 49 19 56 35 48 40 39 53 8 31 34 41 51 47 57 2 55 14 15 24 17 0 42 1 3 10 9 5 13
26 26 25 18 37 58 28 35 27 32 53 34 21 33 30 31 54 29 60 43 23 38 57 52 4 50 6 20 12 45 8 55 56 36 22 7 49 11 14 16 24 46 15 42 2 17 3 47 51 48 0 1 44 13 19 10 40 39 9 41 5
27 27 32 28 30 35 34 33 23 31 29 25 26 18 38 52 36 43 57 21 49 20 24 14 45 37 6 56 50 58 7 8 46 55 15 22 16 54 4 53 11 42 12 47 60 2 51 17 48 3 13 0 1 10 9 5
28 28 32 27 30 34 31 33 23 25 29 35 26 18 38 57 52 43 36 21 49 20 24 50 6 12 56 45 14 37 8 58 46 55 7 16 11 22 4 15 42 54 53 47 60 2 3 17 51 48 0 1 10 9 5 13 44 41 39 19 40
29 29 35 23 14 18 32 33 27 28 30 15 25 13 38 34 6 31 10 26 43 9 36 5 20 24 52 45 49 57 21 22 46 7 56 50 4 3 12 11 55 37 8 16 47 58 54 2 51 42 48 17 60 53 0 1
30 30 28 32 27 34 31 33 23 36 29 38 35 25 26 18 24 43 57 20 6 52 22 49 21 45 50 14 7 12 46 37 47 56 16 58 11 8 15 55 3 42 51 54 53 4 2 60 48 17 0 1 13 10 9 19 39 41 5 44 40
32 32 28 30 27 35 52 31 34 33 23 29 25 26 18 49 43 38 36 57 21 20 45 6 24 46 14 37 50 56 7 58 12 22 8 15 54 55 11 42 16 53 47 3 4 60 2 17 48 51 13 0 1 10 9 5
33 33 28 35 32 30 31 34 27 56 29 25 21 23 20 6 14 38 49 26 45 18 7 22 52 43 46 36 50 15 2 12 4 16 11 57 8 24 0 1 55 37 58 54 42 17 48 60 51 47 53 3 13 10 9 5 44 40 39 19 41
36 36 40 7 39 44 41 11 38 12 30 22 4 43 25 19 45 6 29 20 50 32 33 46 16 28 49 14 55 27 52 18 21 15 23 57 8 3 26 37 48 35 31 51 34 56 2 24 47
38 38 37 43 36 26 58 25 14 54 50 22 20 60 6 53 30 45 52 29 33 21 56 32 15 28 27 46 12 2 16 7 55 23 11 4 57 17 18 49 35 8 34 0 1 31 42 48 51 47 3 19 24 13 10 39 41 9 44 5 40
43 43 58 54 37 60 20 38 52 53 56 25 50 36 6 21 2 45 22 17 32 29 12 30 33 28 26 27 46 0 49 1 57 16 55 11 7 18 8 4 23 42 15 14 48 3 51 34 35 47 31 44 40 24 41 10 39 9 19 5 13
45 45 46 16 48 22 51 21 49 47 50 25 20 38 12 24 55 43 6 33 36 57 11 8 4 7 29 52 32 30 28 56 14 18 15 26 3 2 27 37 42 23 34 54 35 17 31 0 1 58 60 44 40 19 53 39 41
46 46 47 49 45 51 16 55 50 22 48 24 57 8 52 20 38 42 25 12 33 21 43 4 32 6 18 56 30 7 11 2 29 3 28 36 34 27 23 14 17 26 15 0 1 58 54 31 37 35 53 60 19 44 39
49 49 52 46 48 16 22 51 50 45 47 33 32 55 8 24 42 57 20 56 38 6 28 43 25 36 17 12 2 21 11 4 18 30 27 14 3 23 29 54 0 1 7 15 34 53 26 58 35 31 60 37 13 10 9 5 19 39 44
50 50 8 46 57 20 56 49 16 55 42 45 2 22 48 6 51 47 43 25 17 38 0 1 12 18 24 33 11 36 4 3 28 52 27 29 7 32 21 23 58 30 15 54 37 34 60 14 26 53 35 31 13 10 9 19 41 39 5 44 40
52 52 54 49 53 58 60 32 43 46 33 37 22 28 38 25 26 27 30 20 29 56 16 50 23 45 21 55 2 6 18 8 36 17 57 11 7 14 0 1 12 48 3 4 35 15 34 47 31 51 42 24 44 19 39
55 55 57 8 42 46 17 50 51 22 18 24 47 16 49 45 48 20 34 3 6 38 12 43 11 56 4 33 52 32 28 25 7 30 27 2 26 29 36 23 15 14 31 0 1 21 13 35 10 9 58 54 5 37 60 53
57 57 8 55 42 50 17 18 34 46 24 22 51 49 16 3 20 45 32 28 47 4 30 6 27 11 38 23 31 33 12 43 26 25 56 36 29 35 48 7 2 15 14 21 37 52 0 58 1 13 10 53 54 9 60 5
