32 32 112 83 35 31 28 34 90 30 27 109 33 85 86 78 29 26 93 23 18 96 38 43 57 25 21 24 105 66 64 110 37 56 46 68 14 72 6 55 58 20 22 7 15 63 11 42 53 54 47 16 8 60 50 2 17 45 52 51 49 48 13 0 12 1 10 3 9 5 4
38 38 37 96 43 90 26 105 58 66 85 110 14 54 93 52 86 60 20 53 83 15 25 72 21 29 68 56 112 22 28 109 78 64 6 32 63 27 2 7 46 16 50 55 17 57 33 35 34 0 1 31 11 30 42 18 23 49 8 45 48 12 51 47 10 9 3 5 13 19 4 40 39 24 41 36 44
7 7 36 44 40 41 11 96 19 39 63 12 72 64 4 20 93 68 66 90 105 38 85 110 22 86 109 16 83 25 21 78 43 112 46 14 55 57 15 29 32 28 27 37 45 2 56 49 50 6 26 33 48 51 17 42 47 8 24
11 11 4 12 64 19 7 63 72 39 44 40 41 36 68 22 96 105 66 20 25 21 110 109 85 78 86 16 93 112 90 43 57 83 38 15 46 29 55 32 28 14 27 45 26 33 37 48 51 56 50 2 47 49 6 54 30 58 60 42 17 34 23 18 35 8 53 31 24 52
43 43 58 54 37 52 60 96 20 38 53 56 105 90 6 25 85 21 2 110 66 72 50 86 17 83 68 29 32 63 93 26 109 22 0 28 78 1 112 46 57 27 64 55 16 7 33 11 42 15 14 8 49 48 45 12 51 34 35 47 3 18 31 30 10 4 24 9 23 39 5 41 44 40 36 19 13
46 46 47 109 51 45 16 105 55 112 110 49 48 68 50 22 24 57 20 72 93 42 64 38 8 96 25 21 63 66 85 86 56 78 83 43 18 6 32 7 90 2 28 11 29 34 27 14 33 15 17 30 0 1 26 23 37 58 35 31 12 54 53 52 60 4 19 3
14 14 15 13 10 66 9 5 38 3 93 29 85 83 72 18 96 86 20 64 109 90 105 110 63 112 35 78 28 68 22 32 27 43 46 11 17 16 23 33 7 55 57 37 34 26 31 24 30 56 25 21 6 42 2 58 8 54 51 49 60 50 53 47 48 45 52
16 16 49 48 63 105 22 46 51 45 110 47 68 50 109 55 72 64 24 20 57 66 112 38 96 11 7 42 85 93 8 43 25 86 56 21 6 83 90 18 78 2 15 28 29 32 14 27 34 33 0 17 1 30 23 26 37 58 35 31 54 12 52 60 53 4 40 44 19 36 3 39 41
15 15 14 66 10 9 13 5 3 38 85 93 29 63 72 110 105 86 96 20 64 83 68 22 90 112 11 17 43 109 78 7 28 32 57 46 16 18 55 27 35 37 23 33 42 8 31 56 30 6 26 47 48 50 34 45 25 24 2 21 51 49
20 20 56 6 2 64 17 105 72 50 110 43 0 1 66 63 7 93 68 38 11 57 42 46 22 55 16 85 8 33 96 86 58 78 49 54 37 15 83 52 109 60 90 14 28 112 53 29 48 51 3 27 47 25 21 32 45 35 31 34 24 26 30 23 13 10 9 4 41 12 5 19 40 39 36 18 44
22 22 49 48 16 109 51 45 50 96 46 47 105 112 110 55 68 72 24 11 20 66 63 64 78 57 38 86 42 93 8 85 56 90 43 83 7 6 25 21 2 28 18 15 29 27 32 14 0 33 34 1 37 17 30 58 26 23 54 12 52 60 31 35 53 4 40 19 39 44 41 36 3
55 55 68 57 42 8 110 46 17 51 78 47 24 86 22 63 109 105 50 16 64 49 112 48 20 85 34 83 90 45 72 66 96 18 56 38 3 28 6 32 7 43 2 27 29 93 15 33 30 14 31 11 0 1 23 26 25 13 21 35 10 9 58 54 5 52 37 60 53
57 57 68 55 42 8 110 78 17 34 86 24 63 105 46 50 64 72 16 51 66 22 83 85 109 47 20 28 38 90 49 112 32 31 96 18 30 27 11 56 43 33 7 3 6 35 93 48 23 15 26 29 2 14 45 25 21 37 58 0 1 13 10 53 54 9 60 5 52 12
27 27 83 35 28 90 34 31 32 30 85 33 86 78 29 93 26 23 18 112 96 38 109 57 25 21 43 110 24 72 66 37 64 14 105 56 68 58 55 6 20 22 46 15 54 53 63 42 11 60 47 16 8 50 2 52 45 7 51 17 49 48 13 12 0 1 10 9 3 5 4
28 28 34 31 32 27 90 30 85 33 86 83 78 93 35 23 29 26 112 96 109 38 57 25 21 110 43 72 66 24 64 56 105 68 37 14 55 6 20 18 22 58 46 15 63 11 42 54 53 16 47 8 60 50 2 7 45 52 17 51 49 48 0 1 12 10 9 5 3 4 13
29 29 18 35 83 14 90 23 33 85 32 86 28 27 15 78 66 93 13 38 34 96 31 10 30 112 26 9 43 5 109 24 64 72 57 110 3 20 25 21 105 68 56 22 6 63 55 37 46 7 11 47 16 58 2 50 54 45 42 51 60 17 53 49 8 52 48 0 1 12 4
