3 3 15 13 11 10 14 4 8 9 5 12 16 17 7 6 57 20 55 50 45 22 46 36 29 42 49 33 43 25 18 19 38 30 44 39 32 28 56 27 41 52 48 35 2 23 51 24 40 21 26 47 34 0 1 31 58 54 53 37 60
4 4 11 12 19 7 20 44 39 3 40 18 41 36 25 21 22 50 6 45 43 38 8 33 46 57 16 49 29 32 28 15 55 26 27 30 14 23 56 2 52 47 17 13 42 35 51 37 34 48 24 31 10 54 58 0 1 9 5 53 60
6 6 56 20 2 15 50 43 14 0 1 33 38 29 22 12 25 3 11 4 45 36 8 17 55 46 49 57 16 7 30 28 58 32 37 52 21 54 42 60 27 23 18 35 53 26 48 10 31 34 47 13 24 9 51 5 39 19 40 41 44
7 7 11 36 44 41 40 12 19 39 4 20 3 33 22 45 50 25 6 38 43 46 29 28 8 30 18 32 49 21 14 16 27 57 55 15 52 23 56 26 2 37 48 47 51 13 42 35 17 34 24 60 10 31 54 0 1 9 53 5 58
8 8 57 55 42 50 3 17 46 24 18 16 22 51 20 11 49 4 12 6 47 34 45 56 48 7 2 28 33 43 25 15 23 27 36 30 32 38 29 26 52 14 13 0 1 31 10 9 5 21 35 58 54 37 60 19 39 41 53 44 40
11 11 4 12 7 19 39 44 40 41 36 3 22 20 25 45 21 50 16 6 38 46 43 8 18 55 49 33 57 30 29 32 15 52 14 28 27 23 26 37 51 47 48 2 56 13 42 24 10 31 34 9 60 54 5 0 1 17 53 35 58
12 12 11 4 44 7 19 39 40 41 21 25 20 36 22 45 6 50 3 43 16 38 46 33 55 8 49 57 30 18 29 28 32 15 26 27 52 23 14 56 2 37 51 48 47 54 58 60 42 17 0 1 10 34 31 53 9 5 35 24 13
14 14 15 13 10 9 5 38 6 29 33 3 36 28 30 25 45 20 35 32 22 23 27 18 50 43 11 49 7 46 16 4 37 52 12 17 55 57 8 26 34 56 21 31 2 24 48 58 51 54 53 40 42 60 0 1 44 39 19 41 47
15 15 14 10 9 13 5 6 3 38 29 33 20 36 50 45 22 11 12 30 43 4 17 25 7 28 23 49 32 8 46 18 16 27 57 55 37 35 56 52 2 26 42 21 24 47 48 51 34 0 1 60 31 39 40 41 54 44 19 53 58
16 16 46 22 48 49 45 50 51 3 47 55 8 24 11 12 57 20 38 36 6 25 4 43 42 18 33 52 30 56 7 32 21 28 29 15 2 14 27 23 34 26 17 0 1 13 53 39 19 37 40 54 31 10 41 58 9 35 5 44 60
18 18 35 29 23 57 32 4 24 27 33 30 28 26 55 8 22 34 25 14 47 49 50 31 38 46 36 16 45 11 52 43 6 20 7 21 51 42 12 15 56 48 37 13 17 3 58 2 10 54 9 5 53 60 0 1 41 39 40 44 19
20 20 56 2 6 4 50 17 43 12 7 45 0 1 11 33 8 57 38 36 22 55 16 46 42 3 49 25 29 58 52 28 15 37 54 27 32 30 14 60 23 48 53 51 18 47 21 35 31 26 44 34 39 24 19 41 40 13 10 9 5
22 22 49 16 48 51 45 50 46 55 47 11 36 8 38 24 20 57 4 52 12 6 43 7 18 25 42 33 30 56 32 29 3 2 21 28 27 14 15 23 37 26 34 0 1 54 17 58 41 40 39 44 53 31 35 19 60 10 9 5 13
23 23 32 30 27 29 35 28 33 18 34 31 25 26 24 38 52 57 36 49 14 43 20 45 6 50 21 46 12 7 47 8 22 56 4 55 16 37 15 58 11 42 51 54 2 53 60 48 17 13 3 0 1 10 9 5 44 39 40 41 19
25 25 21 26 12 28 45 33 43 27 38 32 29 50 30 6 11 4 37 20 36 18 46 22 23 7 16 54 52 58 44 60 49 56 35 19 8 48 53 40 39 34 31 57 14 55 41 51 2 15 47 24 42 0 17 1 3 13 10 9 5
26 26 25 18 37 58 28 35 27 32 53 34 31 21 29 54 60 33 23 30 38 43 52 57 4 6 50 12 20 55 8 56 45 22 11 46 36 24 16 14 49 15 7 42 3 2 17 47 51 48 0 1 13 19 10 40 39 44 9 5 41
27 27 32 28 30 35 23 33 34 31 29 25 26 18 38 52 36 43 57 21 49 20 14 45 24 6 37 7 50 56 58 8 46 15 55 22 54 4 16 11 12 53 42 60 47 2 48 51 3 17 13 0 10 1 9 5 41 40 44 39 19
28 28 32 27 30 34 31 33 23 25 29 35 18 26 38 52 21 36 57 43 49 50 20 6 24 14 12 45 56 37 8 7 46 58 55 11 15 4 22 16 54 42 47 53 60 2 48 3 51 17 0 1 13 39 44 41 40 10 9 5 19
29 29 35 23 14 18 32 33 28 27 30 25 15 38 6 13 34 43 31 26 36 10 9 52 20 45 5 49 57 22 21 24 7 4 50 37 46 56 11 12 3 55 8 16 47 58 54 2 48 53 17 60 51 42 0 1 40 41 39 44 19
30 30 28 32 27 34 33 31 23 36 29 38 35 25 26 18 43 24 57 20 52 6 22 49 7 14 45 50 21 12 46 47 37 56 16 15 11 58 8 55 54 3 42 51 4 53 60 2 48 17 40 44 0 1 13 41 39 10 19 9 5
32 32 28 52 27 30 35 31 34 33 23 29 25 26 18 49 43 38 36 21 57 20 45 6 14 24 46 50 7 37 54 56 12 58 22 15 8 55 11 16 4 53 42 3 47 60 48 2 17 51 13 0 1 10 9 41 40 19 5 39 44
33 33 28 32 35 30 27 31 34 56 29 25 23 21 20 14 49 6 38 7 26 45 18 52 22 43 36 46 15 50 12 4 2 16 11 57 8 24 55 0 1 37 48 58 54 51 42 17 3 47 60 13 53 10 9 39 40 41 5 44 19
36 36 40 7 39 44 41 11 38 30 22 12 4 43 25 45 6 20 29 19 50 32 33 16 46 49 28 14 55 27 52 15 18 23 3 57 8 21 37 26 56 51 47 53 34 31 35 2 58 24 42 48 54 10 9 17 5 0 1 60 13
38 38 37 43 36 14 26 25 58 22 50 6 45 20 30 29 54 15 33 52 60 32 53 28 21 46 27 12 56 16 7 4 11 55 23 57 18 2 49 17 8 35 34 31 0 1 48 24 47 13 42 10 51 40 3 9 41 5 44 39 19
43 43 58 37 54 20 60 38 52 36 25 53 56 50 6 2 45 21 22 32 17 29 12 30 33 28 26 27 46 49 0 11 1 16 57 55 7 18 4 8 23 42 15 14 48 3 51 34 35 47 40 41 39 31 44 13 10 19 24 9 5
45 45 46 16 48 22 51 49 21 50 47 25 20 38 12 55 24 43 6 33 36 11 57 4 8 7 29 52 32 28 56 30 14 18 15 3 37 26 27 2 42 23 34 54 0 40 35 1 17 31 44 60 58 19 41 39 53 10 9 5 13
46 46 47 49 45 16 51 55 50 22 48 57 24 8 52 20 38 42 25 12 33 4 43 6 18 21 32 56 7 30 11 3 2 29 36 28 23 27 34 14 17 26 15 0 54 1 58 53 37 31 35 60 19 41 44 39 40 13 10 9 5
49 49 52 46 48 16 22 51 50 45 47 33 55 32 8 24 57 42 20 38 6 56 28 36 43 54 25 12 17 2 11 4 53 21 18 30 14 27 3 23 29 58 15 7 0 1 26 34 35 60 31 37 13 10 19 9 39 44 5 41 40
50 50 8 46 57 20 49 56 16 55 42 45 22 6 2 48 51 47 43 25 38 17 12 0 1 18 11 33 36 24 4 3 28 52 27 29 21 7 32 15 30 23 58 37 54 14 34 60 26 53 35 31 13 10 9 39 19 5 40 41 44
52 52 54 49 53 32 58 60 43 46 33 28 37 22 38 25 27 26 30 29 20 16 23 56 50 45 48 21 6 2 55 18 36 17 8 11 57 14 7 51 47 35 12 0 1 34 4 24 31 15 3 42 13 44 39 41 10 19 9 40 5
55 55 57 8 42 46 50 17 51 22 18 47 24 16 49 45 20 48 34 3 6 38 12 11 4 43 56 33 32 7 52 25 28 30 27 36 26 2 29 23 15 14 31 0 1 21 35 13 53 10 9 5 37 58 54 41 40 60 39 19 44
57 57 8 55 42 50 17 18 34 46 24 22 51 49 16 3 20 45 32 28 4 47 30 27 6 11 23 38 12 31 33 25 26 43 29 36 56 35 48 7 2 15 14 21 37 52 0 1 53 13 58 10 9 5 19 54 39 40 41 60 44
