3 3 15 13 10 11 14 9 4 8 5 12 17 16 7 6 57 20 55 50 46 22 45 36 29 42 49 43 33 25 18 30 38 32 28 52 35 27 56 23 24 2 19 51 26 39 48 40 34 44 41 21 47 31 0 1 53 37 58 54 60
4 4 11 12 19 7 44 20 39 40 3 41 18 36 21 25 22 45 50 6 43 33 38 8 46 16 57 29 49 32 55 28 26 27 14 30 15 23 52 56 2 37 51 47 35 48 58 54 17 34 24 42 53 31 10 0 1 60 9 5 13
6 6 56 20 2 15 50 43 0 1 33 14 38 29 22 25 12 3 11 45 4 8 17 36 55 46 49 57 16 58 30 37 28 7 54 32 21 52 42 60 27 23 35 18 53 48 26 31 34 47 24 51 10 13 9 5 39 19 41 40 44
7 7 11 36 44 40 41 19 39 12 4 20 3 33 22 45 50 25 6 38 43 46 29 28 21 8 30 18 32 16 49 27 57 55 14 15 52 23 26 37 56 2 10 48 47 9 51 5 35 17 34 42 24 31 13 0 1
8 8 57 55 42 50 17 3 46 24 18 16 22 51 20 11 49 4 12 47 34 6 45 48 56 7 2 28 33 43 23 25 27 32 30 36 15 38 29 26 52 0 1 14 31 13 10 35 58 9 54 37 21 5 60 53 19 39
11 11 4 12 7 19 39 44 40 41 36 3 22 20 21 25 45 50 38 6 16 46 43 18 55 8 33 49 57 30 29 32 52 15 28 14 27 23 26 37 48 51 47 56 2 13 10 60 34 17 24 42 54 9 31 53 5 35 58 0 1
12 12 11 4 44 7 19 39 40 41 21 25 20 36 22 45 6 50 3 43 16 38 33 46 55 30 8 49 57 29 18 28 32 26 15 27 23 52 14 37 56 2 54 48 51 58 60 47 34 53 35 17 42 0 31 1 24
14 14 15 13 10 9 5 38 6 29 33 3 36 35 25 28 45 30 20 22 32 23 18 27 50 43 46 7 11 49 4 16 17 12 52 55 57 26 37 8 34 31 24 21 56 60 2 42 53 51 48 54 58 47 0 1
15 15 14 10 9 13 5 6 3 38 29 33 20 36 45 22 50 12 30 11 43 17 25 4 23 7 28 32 49 18 46 57 27 8 55 16 35 52 37 26 56 42 2 34 31 21 48 51 47 0 60 1 54 58 53 24
16 16 46 22 48 49 45 51 50 47 3 55 8 24 57 11 12 20 38 6 36 25 43 4 42 18 33 52 56 30 21 32 7 28 29 2 14 27 15 23 34 26 17 0 1 58 37 54 31 35 53 10 60 9 19 39 41 40 5 44 13
18 18 35 29 23 32 57 24 27 33 4 30 28 26 55 8 34 22 25 14 47 49 31 50 46 16 38 45 36 11 43 52 42 51 6 20 15 21 7 12 13 48 56 17 37 3 10 58 9 2 5 54 53 60 0 1 39 41 40 44 19
20 20 56 2 6 4 50 17 43 12 7 0 1 45 33 11 8 57 38 22 36 55 42 16 46 3 49 25 58 52 54 37 28 29 15 27 32 30 60 14 23 53 48 51 47 18 21 35 31 26 34 24 13 40 39 10 19 44 9 41 5
22 22 49 48 16 51 50 45 46 55 47 11 36 8 24 38 20 57 4 12 6 52 43 7 18 42 25 33 56 30 32 29 3 21 2 28 14 27 15 23 26 37 34 0 1 17 58 54 53 60 35 31 41 39 44 40 19
23 23 32 30 27 29 35 28 33 34 18 31 25 26 24 38 52 57 36 49 14 43 20 45 21 50 6 12 46 47 56 7 8 22 16 55 4 15 37 58 11 42 51 2 54 53 13 48 60 3 17 10 0 1 9 5
25 21 25 26 12 28 45 33 43 27 38 32 29 50 30 11 37 6 4 20 36 18 46 54 22 23 7 44 16 58 52 60 49 19 56 35 48 40 39 8 53 34 31 41 51 57 47 2 55 14 15 24 17 42 0 1 3 10 9 5 13
26 26 25 18 37 58 28 35 27 32 53 34 21 33 31 29 54 60 43 23 30 38 57 52 4 50 6 20 12 45 55 8 56 22 36 49 7 11 14 16 24 46 15 42 2 17 3 47 51 48 0 1 13 44 19 10 40 9 39 41 5
27 27 32 28 30 35 34 23 33 31 29 25 26 18 38 52 36 43 57 21 49 20 14 24 45 37 6 56 50 58 7 8 46 55 15 22 16 54 4 11 53 42 12 47 60 2 51 48 17 3 13 0 1 10 9 5 44 39 41 19 40
28 28 32 27 30 34 31 33 23 25 29 35 26 18 38 52 57 43 36 21 49 20 50 6 24 12 45 56 14 37 8 58 46 7 55 11 16 22 4 15 54 42 47 53 60 2 3 17 51 48 0 1 10 9 5 13 39 41 44 40 19
29 29 35 23 14 18 32 33 27 28 30 15 25 38 13 6 34 31 26 10 43 36 9 5 52 20 45 24 49 57 22 21 7 46 50 56 4 3 11 12 37 55 8 16 47 58 54 2 48 51 60 42 17 53 0 1 44 39 41 40 19
30 30 28 32 27 34 31 33 23 36 29 38 35 25 26 18 24 43 57 20 6 52 22 49 21 45 14 50 7 12 46 37 47 56 16 58 11 8 15 55 3 42 54 51 53 4 2 60 48 17 0 1 13 10 39 41 9 19 5 44 40
32 32 28 52 30 27 35 31 34 33 23 29 25 26 18 49 43 38 36 57 21 20 45 6 24 46 14 37 50 56 7 58 12 22 54 8 15 55 11 16 42 53 47 4 3 60 2 17 48 51 13 0 1 10 9 5 44 39 41 40 19
33 33 28 35 32 30 27 31 34 56 29 25 21 23 20 6 14 49 38 26 45 7 18 22 52 43 46 36 50 15 2 12 4 16 11 57 8 24 0 1 55 37 58 54 42 17 51 48 60 47 3 53 13 10 9 40 5 44 39 19 41
36 36 40 7 39 44 41 11 38 30 12 22 4 43 25 45 19 6 29 20 50 32 33 46 16 28 49 14 55 27 52 18 21 15 23 57 8 3 26 37 48 56 51 47 34 35 31 60 58 24 17 54 2 42 53
38 38 37 43 36 26 58 14 25 54 22 50 20 6 60 45 30 53 29 52 33 21 15 32 56 28 27 46 12 16 2 7 55 4 11 23 57 18 17 49 35 8 34 0 1 31 42 48 51 47 3 10 9 19 40 41 5 24 44 39 13
43 43 58 54 37 20 60 38 52 53 56 25 50 36 6 21 2 45 22 17 32 29 12 30 33 28 26 27 46 49 0 1 57 16 11 55 7 18 8 4 23 42 15 14 48 3 51 34 35 47 31 40 41 44 39 24 10 9 19 5 13
45 45 46 16 48 22 51 21 49 47 50 25 20 38 12 55 24 43 6 33 36 57 11 8 4 7 29 52 32 28 30 56 14 18 15 26 3 2 37 27 42 23 34 54 35 17 31 0 1 60 58 44 40 19 53 39 41
46 46 47 49 45 51 16 55 50 22 48 24 57 8 52 20 38 42 25 12 33 43 4 21 6 18 32 56 30 7 11 2 3 29 28 36 34 27 23 14 17 26 15 0 1 54 58 37 53 31 35 60 19 44 41 39 40
49 49 52 46 48 16 22 51 50 45 47 33 32 55 8 24 42 57 20 56 38 6 28 43 25 36 12 17 2 21 4 11 18 54 30 27 14 3 23 29 0 53 1 15 7 26 34 58 35 31 60 37 10 9 5 41 40 19 44 39 13
50 50 8 46 57 20 56 49 16 55 42 45 2 22 48 6 51 47 43 25 17 38 0 1 12 18 24 33 11 36 4 3 28 52 27 29 7 32 21 23 58 30 54 37 15 14 34 60 26 53 35 31 13 10 9 5 19 39 44 41 40
52 52 54 49 53 58 60 32 43 46 33 37 28 22 38 25 26 27 30 20 29 16 56 50 23 45 21 55 2 6 18 36 8 17 11 57 48 7 14 0 1 12 3 35 4 15 47 51 34 31 24 42 39 44 19
55 55 57 8 42 46 50 17 51 22 18 47 24 16 49 45 20 48 34 3 6 38 12 43 11 4 56 33 52 32 7 28 25 30 27 2 26 36 29 23 15 14 31 0 1 21 13 35 10 9 58 54 5 37 60 53
57 57 8 55 42 50 17 18 34 46 24 22 51 49 16 3 20 45 32 28 47 4 30 6 27 11 38 23 31 33 12 43 26 25 36 29 56 35 48 7 2 15 14 21 37 52 0 58 1 13 10 53 54 9 60 5
