32 32 112 83 35 31 34 28 90 30 27 33 109 85 86 78 26 29 93 23 18 96 38 43 57 25 21 24 105 66 64 110 37 56 46 68 14 72 6 55 58 20 22 15 63 7 42 53 11 54 47 8 16 50 60 2 17 45 51 52 49 48 13 12 0 1 10 3 9 5
38 38 37 43 96 26 58 90 105 66 85 54 110 52 14 60 53 93 20 86 83 25 21 56 15 72 68 29 6 112 22 109 28 78 64 2 32 63 27 7 50 46 17 33 16 35 55 57 34 0 1 31 30 11 42 23 49 8 18 45 12 48 51 47 3 10 9 4 44 5 19 36 39 24 41 40 13
7 7 36 44 40 41 11 96 19 39 63 12 72 64 4 20 93 68 66 90 105 38 85 110 22 86 109 16 25 83 21 78 112 43 46 55 14 57 15 29 32 28 27 45 37 26 33
11 11 4 12 64 19 7 63 39 72 44 40 41 36 68 22 96 105 66 20 25 21 110 109 85 78 86 16 93 112 90 43 57 83 38 46 15 29 32 55 28 14 45 27 26 33 37 48 54 56 58 49 60 6 2 50 51 53 35 52
43 43 58 54 37 52 60 96 20 53 56 38 105 6 90 25 21 85 2 110 66 72 50 17 86 83 68 29 32 63 93 26 109 0 78 1 22 28 112 46 57 64 27 55 16 33 7 42 11 15 8 14 49 48 45 12 51 34 35 47 3 18 31 30 4 24 10 23 44 9 5 40 19 39 41 36 13
46 46 47 109 51 45 16 105 112 55 110 49 48 68 50 22 24 57 20 72 42 93 64 8 38 25 96 21 63 66 85 56 86 78 83 43 18 6 32 7 2 90 28 11 34 29 27 33 14 17 30 15 0 1 23 26 31 37 58 35 12 54 52 60 53 3 4
14 14 15 13 10 66 9 5 38 3 93 29 85 72 83 18 96 64 86 20 109 90 110 105 35 63 112 78 68 28 22 32 27 43 46 17 11 23 33 16 55 7 57 26 34 37 31 24 30 25 21 56 42 6 8 2 54 58 53 51 47 50 60 52 49 45 48
16 16 49 48 63 105 22 51 46 45 110 47 68 50 109 55 72 64 24 20 57 66 112 38 96 11 7 42 85 8 93 43 25 56 86 21 6 83 90 18 78 2 28 29 32 15 14 27 34 33 0 17 1 30 23 26 37 58 35 31 54 12 52 60 53 4
15 15 14 66 10 9 13 5 3 38 85 93 29 63 72 110 105 86 96 20 64 83 68 90 22 112 109 78 43 11 17 7 32 28 57 46 18 16 55 27 35 23 33 42 8 37 31 30 56 26 6 34 2 50 25 24 21
20 20 56 6 2 64 17 105 72 50 110 43 0 1 66 63 7 93 68 38 42 57 11 46 22 55 8 16 33 85 96 86 58 54 49 78 37 52 83 109 15 60 90 14 28 53 112 48 51 29 3 47 27 25 21 32 45 35 31 34 24 26 30 23 13 10 9 5 12 18 4
22 22 49 48 16 51 109 45 50 96 47 46 105 112 110 55 68 24 72 11 20 66 63 64 78 57 38 86 42 93 8 56 85 90 43 83 6 7 25 21 2 28 18 29 27 32 15 14 0 34 1 33 37 17 30 58 26 23 54 52 60 31 35 12 53 4
55 55 68 57 42 8 110 17 46 51 78 24 47 86 109 63 22 105 50 16 49 112 64 48 34 20 85 83 90 45 72 66 96 18 56 38 3 28 6 32 2 7 43 27 29 93 15 33 30 31 14 11 0 1 26 23 25 13 21 35 10 9 58 54 5 52 37 60 53
57 57 68 55 42 8 110 78 17 34 86 24 63 105 46 50 51 64 72 16 66 22 83 85 109 47 20 28 49 38 90 112 31 32 96 18 30 27 56 11 43 33 3 6 35 7 93 48 23 15 26 2 29 14 45 25 21 37 58 0 1 13 10 53 54 9 60 5 52
27 27 83 35 28 34 90 31 32 30 85 33 86 78 29 93 26 23 18 112 96 38 109 57 25 21 43 24 110 37 72 66 64 14 56 105 68 58 6 55 20 22 46 15 54 53 42 63 60 47 8 16 11 50 2 52 45 51 17 7 49 48 13 12 0 1 10 9 3 5
28 28 34 31 32 27 90 30 85 33 86 83 78 93 35 23 29 26 112 96 109 38 57 25 21 110 43 72 66 24 64 56 105 68 37 6 14 18 55 20 58 22 46 63 42 15 11 54 53 16 47 8 60 50 2 45 52 7 17 51 49 48 0 1 12 13 10 9 3 5 4
29 29 18 35 14 83 90 23 33 85 32 86 28 27 15 78 66 13 93 34 38 96 31 10 30 112 9 26 5 43 109 24 64 72 3 57 25 110 21 20 68 105 56 22 6 63 46 55 37 7 11 47 16 58 2 50 45 54 42 51 17 60 53 49 8 48 52 0 1 12
