3 3 15 13 11 10 14 4 8 9 5 12 16 7 17 6 57 20 55 46 50 45 22 36 29 42 49 33 25 43 19 44 18 38 39 30 41 32 56 28 48 27 40 2 52 21 35 23 24 51 26 34 0 1 31 58 53 47 37 54 60
4 4 11 12 19 7 20 44 39 3 18 40 41 36 25 22 6 50 45 21 43 8 38 33 46 57 16 29 49 32 15 28 55 26 27 14 30 23 56 2 13 17 52 35 47 42 51 24 10 48 34 37 0 9 1 31 54 58 5 53 60
6 6 20 56 15 2 50 43 14 0 1 33 38 29 22 12 25 3 11 4 45 36 8 17 55 46 49 57 16 7 30 28 58 32 52 21 37 54 42 27 60 23 18 35 10 26 48 53 13 9 31 34 5 47 24 51 39 19 40 41 44
7 7 11 36 44 41 40 12 19 39 4 20 3 33 22 45 50 6 25 38 43 46 28 29 8 30 49 18 32 14 16 21 27 57 55 15 52 23 56 2 37 26 48 51 47 13 42 17 35 34 10 54 24 31 0 9 1 53 5 58 60
8 8 57 55 42 50 3 17 46 24 18 16 22 11 20 51 49 4 12 6 47 34 45 56 48 7 2 43 28 33 15 25 23 36 27 30 32 38 29 13 14 26 52 0 1 10 31 9 5 21 35 58 54 37 19 60 39 41 44 40 53
11 11 4 12 7 19 39 44 40 41 36 3 22 20 45 25 50 16 21 6 38 46 8 43 18 49 55 33 57 30 29 32 15 52 14 28 27 23 51 26 37 47 48 2 13 56 42 10 24 9 5 34 31 17 0 1 60 54 35 53 58
12 12 11 4 44 7 19 39 40 41 21 25 20 36 22 45 6 50 3 43 16 38 46 33 55 8 49 57 30 28 18 29 15 32 26 27 14 52 23 2 56 51 37 48 47 54 42 17 60 58 0 1 35 53 34 31 13 24 10 9 5
14 14 15 13 10 9 5 38 6 29 33 3 36 25 30 28 45 20 32 35 22 27 23 18 50 43 11 49 7 37 46 16 4 52 12 17 55 57 8 34 26 56 31 21 2 48 58 24 51 54 40 53 0 60 1 42 44 39 19 41 47
15 15 14 10 9 13 5 6 3 38 29 33 20 36 50 45 22 11 12 43 4 30 25 17 7 18 23 28 49 8 46 16 32 57 55 27 56 37 35 52 2 26 21 48 47 42 24 51 0 1 34 54 39 44 40 31 60 19 58 41 53
16 16 46 22 48 49 45 50 51 3 47 55 8 11 24 12 57 20 38 36 6 4 25 43 18 52 42 33 30 7 56 32 28 21 29 15 14 2 27 23 34 26 17 0 1 13 39 19 53 10 40 41 9 54 37 31 5 58 44 35 60
18 18 35 29 23 57 32 4 27 24 33 30 28 26 55 8 22 25 34 14 47 49 50 38 31 36 46 45 16 11 52 43 6 7 20 21 12 51 42 15 56 48 37 17 13 58 3 2 54 10 9 53 60 5 0 1 41 39 40 44 19
20 20 56 6 4 2 50 17 43 7 12 45 11 0 1 33 8 57 36 38 22 55 16 46 42 3 25 49 15 29 28 52 58 37 54 32 27 30 14 60 23 48 53 51 18 47 35 21 44 31 26 39 19 34 24 41 40 13 10 9 5
22 22 49 16 48 45 50 51 46 55 47 11 36 8 38 24 52 4 20 12 57 6 43 7 18 25 42 33 30 56 3 32 29 28 2 14 27 15 21 37 23 26 34 0 40 1 54 41 58 17 19 39 53 35 31 44 60 13 10 9 5
23 23 32 30 27 29 35 28 33 18 34 31 25 26 24 38 52 57 36 49 14 43 20 45 6 50 7 46 21 12 47 4 22 56 55 16 37 15 8 11 58 42 51 54 2 53 3 60 48 17 13 0 1 10 9 5 39 40 44 41 19
25 25 21 26 12 28 45 33 43 27 38 32 29 50 6 30 11 4 20 18 36 37 46 22 23 7 16 52 54 58 44 49 60 56 8 35 19 48 53 57 40 14 34 31 39 55 15 51 41 2 47 24 42 3 0 17 1 10 9 5 13
26 26 25 18 37 58 28 35 27 53 32 34 31 29 21 54 60 33 23 30 38 43 52 57 4 6 50 12 20 55 56 8 45 22 11 36 46 24 14 16 49 7 15 42 2 17 3 47 51 48 0 1 10 19 40 9 5 39 41 44 13
27 27 32 28 30 35 23 33 34 29 31 25 18 26 52 38 36 43 57 21 49 20 14 45 24 6 37 7 50 56 58 8 15 46 55 22 4 54 16 11 12 53 42 60 47 48 2 51 3 17 13 10 0 1 9 40 41 19 5 39 44
28 28 32 27 30 34 33 31 23 25 29 35 18 26 38 52 21 36 57 43 49 50 20 6 14 24 12 45 56 37 8 7 46 55 58 11 4 15 22 16 54 42 47 53 60 2 48 3 51 17 13 0 1 39 44 40 41 10 9 5 19
29 29 35 23 14 18 32 33 28 27 30 25 38 15 6 13 34 43 31 26 36 10 52 9 20 45 5 49 57 22 21 4 7 24 50 37 46 56 11 12 55 3 8 16 58 54 47 2 48 53 60 17 51 42 0 1 40 41 39 44 19
30 30 28 32 27 34 33 31 23 36 29 38 26 35 25 18 43 24 57 20 52 6 22 49 7 14 45 50 12 21 46 47 37 56 15 11 16 8 58 55 54 3 42 4 51 53 60 2 48 17 40 41 44 0 1 13 39 19 10 9 5
32 32 28 52 27 30 35 31 34 33 23 29 25 26 18 49 43 38 36 21 57 20 45 6 14 24 54 50 7 46 37 56 12 22 58 15 8 11 55 4 16 53 42 3 60 47 48 2 17 51 13 0 1 10 40 39 41 9 44 5 19
33 33 28 32 35 27 30 31 29 34 56 25 23 21 20 49 14 6 38 7 26 45 52 18 22 43 36 15 46 50 4 12 2 16 11 57 8 24 55 0 48 1 37 54 58 51 17 42 3 47 60 13 53 10 40 9 39 41 5 44 19
36 36 7 40 39 44 41 11 38 30 22 12 43 4 25 45 20 6 29 50 32 19 33 16 46 49 28 14 55 27 52 15 23 18 8 3 57 21 37 26 56 51 58 47 35 2 34 54 42 48 53 13 10 60 17 31 9 24 5 0 1
38 38 37 43 36 14 25 26 22 50 58 45 6 30 29 20 15 33 54 52 32 28 60 46 53 27 21 12 16 7 56 11 4 55 23 57 49 18 2 8 35 17 34 31 48 0 1 24 47 13 10 40 9 51 42 3 41 5 44 39 19
43 43 58 37 54 20 38 60 52 36 25 56 53 50 6 2 45 22 21 32 17 29 12 30 28 33 26 27 46 49 0 11 1 16 57 7 55 4 18 8 23 42 15 14 48 3 51 34 35 40 47 41 39 44 31 13 10 19 24 9 5
45 45 46 16 48 22 51 49 21 50 47 25 20 38 12 55 24 43 6 33 36 11 57 4 8 7 29 52 32 28 56 30 14 15 18 37 3 27 26 2 42 23 34 40 54 0 1 35 17 31 44 60 58 19 41 39 53 13 10 9 5
46 46 47 49 45 16 51 55 50 22 48 57 24 8 52 20 38 12 25 42 33 4 43 6 18 21 32 56 7 30 11 3 29 2 36 28 23 27 34 14 17 15 26 53 0 1 54 37 58 31 35 44 19 41 39 13 10 40 60 9 5
49 49 52 46 48 16 22 51 50 45 47 33 55 32 8 24 57 42 20 38 54 6 36 56 28 43 12 25 11 53 4 17 2 18 21 27 30 14 3 23 58 29 15 7 26 0 1 34 60 31 35 13 37 10 19 39 9 44 41 40 5
50 50 8 46 57 20 49 56 16 55 45 42 22 6 2 48 51 43 25 47 38 17 12 0 1 18 11 36 33 4 24 3 28 52 7 21 29 27 32 15 30 23 58 37 14 54 34 60 26 35 53 31 13 10 40 9 39 41 19 5 44
52 52 54 49 53 32 58 60 43 46 33 28 37 22 38 27 25 26 30 29 16 20 23 48 56 50 45 21 6 2 55 18 36 17 8 51 11 14 47 57 7 35 12 0 1 34 24 31 4 15 3 42 13 39 41 10 44 9 19 5 40
55 55 57 8 42 46 50 17 51 22 18 47 24 16 49 45 20 48 34 3 6 38 12 11 4 43 56 33 32 7 25 28 52 30 27 36 26 2 29 23 15 14 31 0 1 35 21 13 53 10 9 5 41 37 44 58 39 54 19 40 60
57 57 8 55 42 50 17 18 34 46 24 22 49 51 16 3 20 28 32 45 4 47 30 27 6 11 23 38 12 33 31 25 26 43 29 36 56 35 48 7 2 15 14 21 37 52 0 1 53 13 58 10 9 19 39 5 41 44 54 40 60
