32 32 112 83 28 35 31 34 90 30 27 109 33 85 86 78 29 26 93 23 18 96 38 43 57 25 21 24 105 64 66 110 37 56 46 14 68 72 55 6 20 58 22 7 15 11 63 53 54 42 16 47 60 50 8 2 17 45 52 51 49 48 13 0 1 12 10 9 3 4 5 19
38 38 37 96 43 90 105 66 85 14 26 110 58 93 86 54 83 15 20 52 60 72 29 53 68 22 112 28 25 109 21 78 64 32 63 56 7 27 6 46 16 2 55 57 50 17 35 33 34 11 0 31 1 30 24 18 49 47 23 42 48 45 8 13 51 12 3 10 9 5 40 4 44 41 39 36 19
7 7 36 44 40 41 11 96 63 19 39 72 12 64 4 20 93 68 66 90 105 38 85 110 22 16 86 109 83 25 43 78 21 112 46 14 55 57 15 29 32 28 27 37 56 6 45 47 49 50 51 2 42 48 8 17 24 10 13 26 33 9 18 31 5 23 30 35 0 34 52 1 3
11 11 4 12 64 19 7 63 72 39 44 40 41 36 22 68 96 20 66 105 25 21 110 109 78 16 85 86 93 112 90 57 43 83 15 38 46 29 28 32 55 14 27 45 37 50 26 33 56 51 2 48 47 6 42 34 54 8 24 18 49 30 60 58 35 17 23 53 31 0 1 52
43 43 58 54 37 52 60 96 20 38 53 56 105 90 6 25 85 21 110 2 66 72 50 86 17 83 29 68 32 63 93 22 28 26 0 109 78 1 46 57 27 112 64 55 7 16 33 11 15 14 42 8 49 48 45 12 51 35 34 47 3 18 31 10 30 9 40 5 39 4 24 23 44 36 41 19 13
46 46 47 109 51 45 16 105 55 112 110 49 48 68 22 50 24 57 20 72 93 42 38 64 8 96 25 21 66 63 85 86 56 78 83 43 18 6 32 7 90 28 2 11 29 27 34 14 15 33 17 30 0 1 26 23 37 58 35 31 12 54 53 52 60 4 3 41 44 36 40 19 39
14 14 15 13 10 66 9 5 38 3 93 29 85 83 72 18 96 20 86 109 90 64 105 110 63 112 35 78 28 32 22 68 27 43 46 11 17 37 16 7 23 33 55 57 34 30 24 31 26 56 2 6 49 58 54 42 25 21 50 51 8 48 53 60 52 47 0 45 1
16 16 49 48 63 105 46 22 51 110 45 47 68 50 109 55 72 64 20 24 57 66 38 11 112 96 7 42 85 93 8 43 86 25 56 21 6 83 90 78 18 2 15 28 29 32 14 27 34 33 0 17 1 30 23 26 37 53 58 35 4 31 40 12 52 41 54 39 44 19 60 36 3
15 15 14 66 10 9 13 5 3 38 85 93 29 63 72 110 105 86 20 96 64 83 68 22 90 11 43 17 112 109 78 7 28 16 32 46 57 27 55 18 35 37 42 23 33 24 8 47 31 56 30 2 34 6 48 50 51 45 26 49 25 21 52 0 12 1 4
20 20 56 6 64 2 17 105 72 50 110 43 66 0 1 63 7 93 68 11 38 57 42 46 22 85 55 16 96 8 33 86 78 58 15 49 54 83 37 109 52 90 14 60 28 112 29 53 48 3 51 27 32 47 25 21 45 35 31 34 24 30 26 23 13 19 4 44 36 10 40 41 39 12 9 5 18
22 22 49 48 16 109 51 45 50 96 46 105 47 112 55 110 68 11 72 24 66 20 63 64 78 57 38 86 93 42 85 8 90 43 56 7 83 6 25 21 28 2 15 29 27 14 18 32 37 33 0 34 1 17 30 58 4 26 23 54 12 52 60 31 35 53 40 19 44 39 36 41 13 10 3 9 5
55 55 68 57 42 8 110 46 17 78 51 47 24 86 22 63 109 105 50 16 64 49 112 48 20 85 34 83 90 45 72 66 96 38 18 56 28 3 32 6 7 43 27 2 29 93 15 33 11 14 30 31 0 1 23 26 25 13 21 35 10 53 9 5 52 37 54 58 60
57 57 68 55 42 8 110 78 17 34 86 24 63 105 46 50 64 72 16 51 66 22 83 85 109 47 20 28 38 90 112 32 49 31 96 11 18 27 30 43 56 7 33 3 93 6 35 23 48 15 29 26 2 14 45 25 21 37 0 1 13 53 58 10 9 5 52 54 12 4 60
27 27 83 28 35 90 34 32 31 85 30 33 86 78 29 93 26 23 18 112 96 38 109 57 25 21 43 110 24 72 66 14 37 64 105 68 56 58 55 20 6 22 46 15 54 63 53 11 42 60 47 16 50 8 2 52 7 45 51 49 17 48 13 12 0 1 10 9 3 5 4 19
28 28 34 32 27 90 31 85 30 86 33 83 78 93 35 29 23 26 112 96 38 109 57 25 21 43 110 72 66 64 24 105 68 56 14 37 55 20 6 18 22 58 46 15 63 11 54 42 16 53 47 60 8 2 50 7 45 52 51 17 49 48 0 1 12 13 10 4 3 9 5 19
29 29 18 35 83 14 90 85 23 33 32 28 86 27 78 15 66 93 38 13 96 34 31 112 30 10 26 43 9 109 5 64 72 24 57 110 20 25 21 3 105 68 37 56 22 63 6 55 7 11 46 47 16 58 50 54 53 2 17 45 60 42 51 49 8 52 48 0 1 12 4 19
