32 32 112 83 28 35 31 34 90 27 30 109 85 33 86 78 29 93 26 23 18 96 38 43 57 25 21 24 105 64 66 110 37 14 46 56 68 72 55 6 20 58 22 7 15 11 63 54 53 42 16 60 47 50 8 2 52 17 45 51 49 48 13 0 1 12 10 9 3 4 5 41 44 19 40 36 39
38 38 37 96 43 90 105 66 85 14 110 26 58 93 86 15 83 20 54 29 72 52 60 22 68 53 28 112 109 78 64 32 63 25 21 7 27 56 46 16 6 55 57 2 50 35 17 33 34 11 31 0 1 30 18 24 49 47 13 48 23 42 45 51 8 10 3 12 9 5 44 4 41 39 36 40 19
7 7 36 44 40 41 11 96 63 19 39 72 12 64 20 4 93 68 66 90 105 38 85 22 110 16 109 86 43 83 78 25 21 112 46 14 55 57 15 29 32 28 27 37 56 6 47 49 2 51 48 45 42 17 8 50 24 10 13 58 18 9 54 26 33 0 5 1 31 3 52 30 34 35 60 23 53
11 11 4 64 12 19 7 63 72 39 44 40 41 36 22 68 20 96 66 105 25 21 110 16 78 85 109 86 93 90 112 57 43 15 83 38 46 29 28 14 32 55 27 45 37 50 49 51 2 56 26 33 48 47 6 42 8 34 24 18 54 17 30 60 35 58 23 0 1 31 53 52
43 43 58 54 37 52 96 60 20 38 53 56 105 90 6 85 25 21 110 66 2 72 50 86 17 83 29 32 68 93 63 22 28 26 0 109 1 78 27 46 57 64 112 7 55 16 15 11 33 14 42 8 49 48 45 12 51 35 34 47 18 3 31 10 30 9 40 5 39 36 4 24 44 41 23 19 13
46 46 47 109 51 45 16 55 105 112 110 49 48 22 68 50 24 57 20 72 93 38 42 64 96 8 25 21 66 85 63 86 78 56 43 83 18 32 7 6 90 28 2 11 29 27 34 14 15 33 17 30 0 1 26 23 37 58 35 31 12 54 53 52 60 4 41 44 3 19 39 40 36
14 14 15 13 10 66 9 5 38 3 93 29 85 83 72 18 20 96 86 109 90 64 105 110 63 112 35 78 28 32 22 68 27 43 37 46 11 17 16 7 55 23 33 57 34 30 24 31 26 56 2 6 54 48 58 50 42 49 51 25 21 8 53 52 60 0 1 45 47
16 16 49 48 63 105 46 22 51 110 45 47 68 50 109 55 72 64 20 24 57 66 38 11 96 112 7 42 85 93 8 43 86 25 56 21 6 83 90 78 18 15 2 29 14 28 32 27 34 33 0 17 1 30 23 26 37 4 53 31 44 36 58 35 41 12 40 39 52 19 54 10 60 13 3 9 5
15 15 14 66 10 9 13 5 3 38 85 29 93 63 72 110 105 86 20 64 96 83 22 68 11 90 43 17 112 109 7 78 28 16 46 32 57 27 55 18 37 35 42 24 47 23 33 31 8 56 2 30 34 51 26 6 50 60 49 45 54 48 25 53 21 52 12 4 58 0 1
20 20 56 6 64 2 105 17 72 50 110 43 66 7 63 0 1 93 68 11 38 57 42 46 22 85 16 55 96 8 33 86 15 78 58 83 49 54 109 37 14 52 90 60 28 29 112 53 48 27 3 51 32 25 47 21 45 35 31 34 24 19 30 26 4 44 23 13 36 40 41 39 12 10 9 5 18
22 22 49 48 16 109 51 45 96 50 46 105 47 112 55 110 11 68 72 24 66 20 63 78 64 38 57 86 93 42 85 43 90 7 8 83 56 6 25 21 28 2 15 27 14 29 32 18 37 33 0 1 34 17 30 4 58 12 54 26 23 31 41 19 52 60 35 36 53 40 44 39 13 10 3 9 5
55 55 68 57 42 8 110 46 17 78 51 47 24 86 22 63 109 105 50 16 64 49 112 48 20 85 34 83 90 45 72 66 96 38 18 56 28 3 32 7 6 43 27 29 2 93 15 33 11 14 30 31 0 1 23 26 25 13 21 35 10 53 9 5 52 37 54 58 60 12
57 57 68 55 42 8 110 78 17 34 86 24 63 105 46 50 64 72 16 66 51 22 83 85 109 20 47 28 38 90 32 112 49 11 31 96 27 18 30 43 7 56 33 3 93 6 35 23 15 48 29 26 2 14 45 25 21 37 0 1 13 53 58 10 9 5 12 52 54 40 36 60 44 4 39 19 41
27 27 83 28 90 35 34 32 31 85 30 86 33 78 29 93 26 23 18 112 96 38 109 57 25 43 21 110 24 14 72 66 64 37 105 68 56 55 58 20 6 22 15 46 54 11 63 53 60 42 16 47 50 8 2 7 52 45 51 49 17 48 13 0 12 1 10 9 3 5 4 19
28 28 32 34 27 90 31 85 30 86 83 33 78 93 29 35 23 26 112 96 38 109 57 43 25 21 110 72 66 64 24 14 105 68 56 37 55 20 6 18 22 58 46 15 11 63 54 42 16 53 47 60 8 7 2 50 52 45 51 17 49 48 0 1 12 13 10 4 9 3 5 19
29 29 18 35 83 14 90 85 23 33 32 28 86 27 78 15 66 93 38 96 13 34 31 112 30 10 43 26 9 109 64 72 5 24 57 110 20 105 25 21 37 3 68 22 56 63 55 7 11 6 46 16 47 58 50 54 53 2 17 60 45 42 51 49 52 8 48 0 1 12 4 41 36 19 40 44 39
