32 32 112 83 28 35 31 34 90 27 30 109 33 85 86 78 29 93 26 23 18 96 38 43 57 25 21 24 105 64 66 110 37 46 56 14 68 72 55 6 20 58 22 7 15 11 63 54 53 42 16 47 60 50 8 2 17 45 52 51 49 48 13 0 1 12 10 9 3 4 5 19
38 38 37 96 43 90 105 66 85 14 110 26 58 93 86 15 83 54 20 29 72 52 60 53 22 68 112 28 109 78 64 25 32 21 63 7 56 27 46 6 16 55 2 57 50 17 35 33 34 11 31 0 1 30 18 24 49 47 48 23 42 13 45 8 51 12 10 3 9 5 40 4 41 44 39 36 19
7 7 36 44 40 41 11 96 63 19 39 72 12 64 4 20 93 68 66 90 105 38 85 22 110 16 109 86 83 43 25 78 21 112 46 14 55 57 15 29 32 28 27 37 56 6 47 50 49 51 2 45 42 48 8 17 24 10 13 9 26 33 18 31 5 0 23 1 30 3 52 34 35
11 11 4 64 12 19 7 63 72 39 44 40 41 36 22 68 20 96 66 105 25 21 110 16 78 109 85 86 93 112 90 57 43 83 15 38 46 29 28 32 14 55 27 45 37 50 26 33 51 56 2 48 47 6 42 34 8 49 24 54 18 30 60 35 17 58 23 0 1 31 53 52
43 43 58 54 37 52 60 96 20 38 53 56 105 90 6 85 25 21 110 2 66 72 50 86 17 83 29 68 32 63 93 22 28 26 0 109 1 78 46 57 27 64 112 7 55 16 33 11 15 14 42 8 49 48 45 12 51 35 34 47 18 3 31 10 30 9 40 5 39 4 24 36 44 23 41 19 13
46 46 47 109 51 45 16 105 55 112 110 49 48 68 22 50 24 57 20 72 93 42 38 64 8 96 25 21 66 63 85 86 56 78 83 43 18 32 6 7 90 28 2 11 29 27 34 14 15 33 17 30 0 1 26 23 37 58 35 31 12 54 53 52 60 4 40 3 44 19 36 41 39
14 14 15 13 10 66 9 5 38 3 93 29 85 83 72 18 96 20 86 109 90 64 105 110 63 112 35 78 28 32 22 68 27 43 37 46 11 17 16 7 55 23 33 57 34 30 24 31 26 56 2 6 49 54 58 42 50 25 51 21 8 48 53 60 52 0 1 45 47
16 16 49 48 63 105 46 22 51 110 45 47 68 50 109 55 72 64 20 24 57 66 38 11 112 96 7 42 85 93 8 43 86 25 56 21 6 83 90 78 18 2 15 28 29 14 32 27 34 33 0 17 1 30 23 26 37 53 4 58 40 35 31 12 41 39 52 54 44 19 36 60 3
15 15 14 66 10 9 13 5 3 38 85 93 29 63 72 110 105 86 20 96 64 83 68 22 90 11 43 17 112 109 78 7 28 16 46 32 57 27 55 18 37 35 42 23 33 24 47 8 31 56 2 30 34 26 51 6 50 60 45 49 54 25 48 21 53 52 12 58 4 0 1
20 20 56 6 64 2 105 17 72 50 110 43 66 7 0 63 1 93 68 11 38 57 42 46 22 85 55 16 96 8 33 86 78 15 58 49 54 83 37 109 52 14 90 60 28 29 112 53 48 3 27 51 32 47 25 21 45 35 31 34 24 30 26 19 23 4 13 44 36 40 41 39 12 10 9 5 18
22 22 49 48 16 109 51 45 50 96 46 105 47 112 55 110 68 11 72 24 66 20 63 64 78 38 57 86 93 42 85 90 43 8 7 56 83 6 25 21 28 2 15 14 29 27 32 18 37 33 0 1 34 17 30 58 4 26 12 54 23 52 60 41 31 19 35 53 36 40 44 39 13 10 3 9 5
55 55 68 57 42 8 110 46 17 78 51 47 24 86 22 63 109 105 50 16 64 49 112 48 20 85 34 83 90 45 72 66 96 38 18 56 28 3 32 7 6 43 27 29 2 93 15 33 11 14 30 31 0 1 23 26 25 13 21 35 10 53 9 5 52 37 54 58 60 12
57 57 68 55 42 8 110 78 17 34 86 24 63 105 46 50 64 72 16 51 66 22 83 85 109 47 20 28 38 90 32 112 49 31 96 11 18 27 30 43 7 56 33 3 93 6 35 23 48 15 29 26 2 14 45 25 21 37 0 1 13 53 58 10 9 5 52 12 54 60 4
27 27 83 28 90 35 34 32 31 85 30 86 33 78 29 93 26 23 18 112 96 38 109 57 25 21 43 110 24 72 66 14 64 37 105 68 56 55 58 20 6 22 46 15 54 11 63 53 42 60 16 47 50 8 2 52 7 45 51 49 17 48 13 0 12 1 10 9 3 5 4 19
28 28 34 32 27 90 31 85 30 86 33 83 78 93 29 35 23 26 112 96 38 109 57 25 43 21 110 72 66 64 24 105 14 68 56 37 55 20 6 18 22 58 46 15 11 63 54 42 16 53 47 60 8 2 50 7 45 52 51 17 49 48 0 1 12 13 10 4 9 3 5 19
29 29 18 35 83 14 90 85 23 33 32 28 86 27 78 15 66 93 38 13 96 34 31 112 30 10 26 43 9 109 64 72 5 24 57 110 20 25 105 21 3 37 68 22 56 63 55 7 6 11 46 16 47 58 50 54 53 2 17 45 60 42 51 49 52 8 48 0 1 12 4 41 19 44 36 40 39
