32 32 112 83 35 28 31 34 90 30 27 109 33 85 86 78 29 26 93 23 18 96 38 43 57 25 21 24 105 64 66 110 37 56 46 14 68 72 55 6 58 20 22 7 15 63 11 42 53 54 47 16 8 60 50 2 17 45 52 51 49 48 13 0 1 12 10 9 3 5 4
38 38 37 96 43 90 105 66 26 85 58 14 110 54 93 86 83 52 20 60 15 53 72 29 25 68 21 22 112 28 109 56 78 64 32 63 6 27 7 46 2 16 55 57 50 17 35 33 34 0 31 1 11 30 42 18 49 23 8 45 48 51 12 47 13 3 10 9 4 5 41 44 40 39 19 24 36
7 7 36 44 40 41 11 96 19 63 39 12 72 64 4 20 93 68 66 90 105 38 85 110 22 16 86 109 83 25 78 21 43 112 46 14 55 57 15 29 32 28 27 37 45 56 6 47 49 51 50 48 2 42 26 33 8 17 24
11 11 4 12 64 19 7 63 72 39 44 40 41 36 68 22 96 20 66 105 25 21 110 109 85 78 86 16 93 112 90 57 43 83 15 38 46 29 32 28 55 14 27 45 37 26 33 49 48 50 56 2 51 47 6 54 34 42 23 58 60 18 30 24 8 35 53 31 17 52 0 1
43 43 58 54 37 52 60 96 20 38 53 56 105 90 6 25 85 21 110 2 66 72 50 86 17 83 29 68 32 63 93 22 26 109 28 0 78 1 46 112 57 27 64 55 7 16 33 11 15 42 14 8 49 48 45 12 51 34 35 47 3 18 31 30 10 9 4 24 39 5 40 23 44 36 41 19 13
46 46 47 109 51 45 16 105 55 112 110 49 48 68 50 22 24 57 20 72 93 42 38 64 8 96 25 21 63 66 85 86 56 78 83 43 18 6 32 7 90 28 2 11 29 27 34 14 33 15 17 30 0 1 26 23 37 58 35 31 12 54 53 52 60 4 40 44 19 41 36 39 3
14 14 15 13 10 66 9 5 38 3 93 29 85 83 72 18 96 20 86 109 90 64 105 110 63 112 35 78 28 22 68 32 27 43 46 11 17 16 7 23 33 37 55 57 34 26 31 24 30 56 25 6 21 2 42 54 58 49 8 60 51 50 53 48 47 52 45 0 1
16 16 49 48 63 105 22 46 51 110 45 47 68 50 109 55 72 64 24 20 57 66 38 112 96 11 7 42 85 93 8 43 86 25 56 21 6 83 90 18 78 2 15 28 29 32 14 27 34 33 0 17 1 30 23 26 37 58 35 31 54 12 52 60 4 53 41 39 40 44 19 3 36
15 15 14 66 10 9 13 5 3 38 85 93 29 63 72 110 105 86 20 96 64 83 68 22 90 11 112 17 43 109 78 7 28 32 16 57 46 18 27 55 35 37 23 42 33 8 56 31 6 30 48 26 50 45 51 49 2 34 25 21 24 47
20 20 56 6 2 64 17 105 72 50 110 43 0 66 1 63 7 93 68 11 38 57 42 46 22 55 85 16 8 96 33 86 58 78 49 54 15 37 83 52 109 60 90 14 28 112 29 53 48 51 3 27 47 32 25 21 45 35 31 34 24 26 30 23 13 19 4 10 39 9 12 5 36 44 40 41 18
22 22 49 48 16 109 51 45 50 96 46 47 105 112 55 110 68 72 11 24 20 66 63 64 78 57 38 86 42 93 85 8 90 56 43 83 7 6 25 21 2 28 15 18 29 27 32 14 37 33 0 34 1 17 30 58 26 23 54 12 4 52 60 31 35 53 40 19 39 41 36 44 3
55 55 68 57 42 8 110 46 17 78 51 47 24 86 22 63 109 105 50 16 64 49 112 48 20 85 34 83 90 45 72 66 96 18 38 56 28 3 6 32 7 43 2 27 29 93 15 33 11 14 30 31 0 1 23 26 25 13 21 35 10 53 9 5 52 37 54 58 60
57 57 68 55 42 8 110 78 17 34 86 24 63 105 46 50 64 72 16 51 66 22 83 85 109 47 20 28 38 90 49 112 32 31 96 18 11 30 27 56 43 33 7 3 6 35 93 48 23 15 29 26 2 14 45 25 21 37 0 1 13 53 58 10 9 5 52 54 60 12 4
27 27 83 35 28 90 34 32 31 85 30 33 86 78 29 93 26 23 18 112 96 38 109 57 25 21 43 110 24 72 66 37 14 64 105 56 68 58 55 6 20 22 46 15 54 53 63 42 11 60 47 16 8 50 2 52 45 7 51 17 49 48 13 12 0 1 10 9 3 5 4
28 28 34 32 31 27 90 85 30 33 86 83 78 93 35 29 23 26 112 96 38 109 57 25 21 43 110 72 66 24 64 105 56 68 14 37 55 20 6 18 22 58 46 15 63 11 42 54 16 53 47 8 60 2 50 7 45 52 17 51 49 48 0 1 12 10 9 5 4 3 13 19
29 29 18 35 83 14 90 23 33 85 32 28 86 27 15 78 66 93 13 38 34 96 31 10 112 30 26 9 43 5 109 64 24 72 57 110 20 3 25 21 105 68 56 37 22 63 6 55 7 46 11 47 16 58 50 54 53 17 2 45 42 51 60 49 8 52 48 0 1 12 4
