3 3 5 9 10 13 15
4 4 7 11 12 19 36 39 40 44
6 2 6 12 16 20 22 25 37 38 43 45 46 47 49 50 51 56
7 4 7 11 12 39 40 41 44
8 8 17 24 42 55 57
11 4 7 11 12 19 36 39 40 44
12 4 7 11 12 19 36 39 40 44
14 5 9 10 13 14 15
15 5 9 10 13 14 15
16 16 22 45 46 47 48 49 50
18 18 23 25 27 28 29 30 31 32 33 34
20 2 6 12 16 20 22 25 37 38 43 45 46 47 49 50 51 56
22 16 22 45 46 47 48 49 50
23 18 23 25 27 28 29 30 31 32 33 34
25 18 23 25 27 28 29 30 31 32 33 35
26 18 23 25 26 27 28 29 30 31 32 33 34
27 18 23 25 27 28 29 30 31 32 33 34
28 18 23 25 27 28 29 30 31 32 33 34
29 18 23 25 27 28 29 30 31 32 33 34
30 18 23 25 27 28 29 30 31 32 33 34
32 18 23 25 27 28 29 30 31 32 33 34
33 18 23 25 27 28 29 30 31 32 33 34
36 4 7 11 12 19 36 39 40 44
38 2 6 12 16 20 22 25 36 37 38 43 45 46 47 48 49 50 51 56
43 2 6 12 16 20 22 25 36 37 38 43 45 46 47 48 49 50 51 56
45 16 22 45 46 47 48 49 50
46 16 22 45 46 47 49 50 51
49 16 22 45 46 47 48 49 50
50 2 6 12 16 20 22 25 36 37 38 43 45 46 47 48 49 50 51 56
52 52 53 54 58 60
55 8 17 24 42 55 57
57 8 17 24 42 55 57
