3 3 5 9 10 13 14
4 4 7 11 12 19 39 40 41 44
6 2 6 20 37 38 43 50 56
7 7 39 40 41 44
8 8 17 24 42 55 57
11 4 7 11 12 19 39 40 41 44
12 4 7 11 12 19 39 40 41 44
14 5 9 10 13 14 15
15 5 9 10 13 14 15
16 16 22 45 46 47 48 49 51
18 18 23 25 26 27 28 29 30 31 32 33 34 35 37 38
20 2 6 20 37 38 43 50 56
22 16 22 45 46 47 48 49 51
23 18 23 26 27 28 29 30 31 32 33 34 35
25 18 23 25 26 27 28 29 30 31 32 33 34 35 37 38
26 23 25 26 27 28 29 30 31 32 33 34 35
27 23 25 26 27 28 29 30 31 32 33 34 35
28 23 25 26 27 28 29 30 31 32 33 34 35
29 18 23 25 26 27 28 29 30 31 32 33 34 35 37 38
30 18 23 26 27 28 29 30 31 32 33 34 35
32 23 25 26 27 28 29 30 31 32 33 34 35
33 18 23 26 27 28 29 30 31 32 33 34 35
36 7 36 39 40 41 44
38 2 6 20 37 38 43 50 56
43 2 6 20 37 38 43 50 56
45 16 22 45 46 47 48 49 51
46 16 22 45 46 47 48 49 51
49 16 22 45 46 47 48 49 50 51
50 2 6 20 37 38 43 50 56
52 52 53 54 58 60
55 8 17 42 55 57
57 8 17 42 55 57
