3 3 15 13 14 4 11 10 9 8 5 7 17 16 12 6 19 44 57 39 41 20 55 42 37 50 22 46 38 45 40 48 49 47 51 56 33 36 21 24 25 2 43 29 23 34 30 52 26 27 0 1 32 28 18 35 31 58 54 53 60
4 4 11 19 12 41 7 44 20 39 40 3 18 36 56 22 6 21 15 25 50 2 13 45 14 35 17 43 37 48 10 49 29 46 16 33 9 8 23 38 5 0 51 1 24 42 57 27 26 32 28 55 30 58 31 34 54 47 60 52 53
6 6 56 20 2 15 50 43 0 14 1 37 33 3 25 38 21 29 12 22 45 4 13 10 7 49 46 11 9 16 17 57 48 8 55 5 36 35 23 47 32 30 58 52 24 41 40 44 42 51 19 54 28 39 27 60 34 18 31 26 53
7 7 11 44 40 36 41 19 39 12 4 20 3 33 56 22 6 15 37 43 21 13 14 2 25 50 38 17 45 10 30 16 49 9 46 18 48 29 28 5 8 32 57 27 51 0 47 1 55 24 26 42 52 23 31 35 34 58 54 60 53
8 8 57 55 42 17 50 3 24 46 47 18 51 20 15 22 45 13 16 34 48 14 49 10 6 56 35 23 9 37 43 2 5 29 27 21 4 32 11 30 33 28 12 38 25 31 26 7 52 36 0 1 44 19 39 58 54 60 41 53 40
11 11 4 19 7 12 39 44 41 36 3 40 22 20 6 15 21 13 56 25 50 16 45 37 49 48 14 43 46 2 10 38 18 51 9 33 47 5 8 57 55 24 17 30 52 29 0 1 42 32 27 35 28 26 23 58 34 54 60 31 53
12 12 11 4 44 19 7 39 41 21 25 40 20 36 45 6 50 22 3 43 56 37 2 16 49 33 48 38 46 51 15 18 26 17 47 55 8 29 32 35 28 0 13 30 57 1 52 14 27 23 58 42 24 34 10 54 60 31 9 5 53
14 14 15 13 10 9 5 37 38 6 29 33 3 56 43 20 21 11 4 35 25 2 7 28 30 23 32 27 18 36 12 8 50 16 45 22 17 48 40 41 24 49 57 0 1 39 31 26 19 34 44 55 52 47 58 42 51 46 54 60 53
15 15 14 10 9 13 5 6 3 37 38 56 20 2 33 29 11 4 50 7 8 12 0 43 1 16 21 17 35 45 25 19 23 41 36 57 32 48 22 28 44 40 39 27 30 18 24 55 49 42 31 34 47 51 46 26 52 58 54 60 53
16 16 48 46 49 45 51 22 47 50 3 24 55 8 37 57 52 20 42 56 6 38 15 12 11 43 13 21 14 33 2 25 10 4 17 36 9 54 7 5 18 30 32 29 23 0 39 35 1 40 34 58 44 41 53 19 28 27 26 60 31
18 18 35 23 29 24 57 27 32 4 55 26 28 33 30 34 8 47 21 25 31 22 42 37 16 17 50 38 14 46 45 11 49 51 48 56 12 43 6 7 52 20 19 36 15 2 54 40 58 44 39 13 60 3 53 0 10 41 1 9 5
20 20 56 2 4 6 17 50 7 43 0 1 12 45 11 37 33 21 57 8 25 44 16 55 38 22 42 49 46 19 15 36 3 41 39 14 29 58 51 47 52 48 54 32 40 60 30 28 27 23 35 24 13 26 34 10 53 31 9 18 5
22 22 49 48 16 51 45 50 47 46 55 11 24 36 37 52 8 38 6 57 12 42 20 18 43 7 4 21 56 40 17 25 39 33 3 41 2 30 44 19 23 35 34 32 29 0 58 1 14 27 15 26 54 28 13 60 31 10 53 9 5
23 23 35 27 32 29 30 28 34 31 33 18 21 26 25 24 37 57 38 43 14 52 56 36 50 49 45 20 47 8 6 46 16 54 12 7 55 22 15 2 51 4 42 48 58 17 60 53 44 40 3 13 11 0 39 1 10 41 9 5 19
25 21 25 26 12 45 37 33 43 27 28 32 38 29 6 35 20 23 30 18 31 4 34 50 56 48 11 58 16 46 22 7 36 49 40 2 44 54 53 47 52 14 51 60 19 57 17 41 39 8 24 42 55 0 1 3 15 13 10 9 5
26 26 21 25 18 37 35 58 23 29 27 32 53 28 33 31 30 34 43 54 60 38 45 12 24 52 20 56 6 57 36 50 49 4 16 46 8 14 7 48 22 11 55 2 42 51 47 17 15 40 39 44 41 3 19 13 0 1 10 9 5
27 27 28 35 23 32 31 34 30 33 29 21 18 26 25 37 24 38 52 14 57 36 56 20 43 45 49 7 54 8 6 50 46 2 48 53 58 16 22 47 15 42 51 60 12 17 40 55 10 39 41 11 9 3 0 5 1 4 13 44 19
28 28 27 32 31 23 34 30 33 21 29 35 25 18 26 37 38 24 43 52 57 14 36 45 56 49 20 58 12 8 7 50 6 46 54 16 53 2 48 22 47 42 11 51 17 15 55 40 60 19 44 4 10 39 9 3 0 1 5 41 13
29 29 35 23 14 18 33 27 32 28 37 30 21 25 15 38 34 31 6 26 43 56 13 57 20 10 24 45 9 22 52 36 4 49 5 7 58 55 16 47 2 8 51 11 48 17 12 46 42 50 54 60 53 40 3 41 39 0 1 19 44
30 30 28 27 23 32 31 34 33 36 37 21 35 29 26 38 25 18 24 43 57 7 40 52 20 56 45 49 47 14 58 8 46 22 12 16 6 44 11 39 48 51 42 41 54 15 60 17 53 50 55 2 4 3 13 19 10 9 5 0 1
32 32 28 35 52 27 23 31 34 30 33 29 26 21 18 25 37 43 54 58 49 53 38 60 24 56 20 57 14 36 45 22 48 6 7 16 8 46 15 51 50 12 42 47 11 2 17 40 55 13 41 44 10 39 3 9 4 0 5 1 19
33 33 35 28 27 23 31 32 56 34 30 29 21 25 49 37 20 6 14 26 45 7 38 18 22 43 16 15 52 2 50 48 46 24 51 47 36 12 54 8 57 13 4 0 1 60 11 58 19 10 53 44 42 41 9 55 17 40 5 3 39
36 36 40 7 39 44 41 37 11 19 38 30 22 4 43 12 20 21 3 56 49 25 16 50 45 33 6 48 46 2 58 52 51 32 28 54 29 17 15 60 27 47 35 57 14 18 34 23 31 8 26 13 55 24 53 0 1 42 10 9 5
38 37 38 43 26 36 21 14 45 25 6 29 30 20 22 50 58 56 33 54 32 60 2 52 16 12 7 40 15 49 53 11 46 48 31 27 34 17 51 28 13 41 39 44 4 57 23 47 55 35 0 10 8 1 19 9 42 18 24 5 3
43 43 37 58 54 20 60 56 38 21 2 52 36 25 50 53 6 45 17 12 30 32 29 49 22 26 0 1 33 16 7 40 57 46 55 27 28 18 8 4 42 23 35 51 47 48 34 39 31 41 14 11 24 15 44 3 19 13 10 9 5
45 45 16 48 46 51 22 47 49 50 37 20 25 24 21 38 55 12 43 56 33 57 8 6 52 42 2 11 36 17 18 3 4 29 30 40 26 7 58 0 32 1 28 15 44 54 14 27 60 34 23 19 39 41 53 13 35 10 31 9 5
46 46 47 51 16 49 45 55 50 48 22 24 57 8 42 17 20 37 52 56 38 21 43 25 12 2 6 33 11 34 54 30 4 32 18 23 29 36 0 28 1 58 7 27 53 26 39 44 3 14 35 41 40 60 31 19 15 10 9 5 13
49 49 52 48 46 16 22 51 47 50 45 33 54 55 53 24 8 43 57 37 58 60 42 17 32 2 20 38 11 12 6 21 3 36 56 18 25 4 28 0 1 27 29 35 7 30 15 40 39 23 19 31 44 41 34 13 14 10 26 9 5
50 50 8 56 20 46 16 42 57 49 2 55 51 6 45 47 22 48 43 37 21 17 24 0 1 38 25 12 52 3 33 18 4 36 11 23 15 35 29 7 34 32 26 14 58 30 28 27 40 54 60 31 13 44 10 53 9 19 41 5 39
52 52 54 49 53 32 58 60 43 48 16 21 22 46 37 45 26 51 25 50 28 47 30 33 29 27 35 20 38 56 31 36 18 23 34 6 24 8 2 55 12 42 11 7 57 40 4 14 0 1 39 17 41 15 44 3 19 13 10 9 5
55 55 57 8 42 46 17 51 47 24 50 22 16 18 49 45 48 20 34 3 23 35 56 37 43 52 30 6 29 2 38 27 25 15 12 32 33 28 14 31 4 26 11 13 21 7 54 0 1 10 58 9 53 36 5 41 44 40 60 39 19
57 57 8 55 42 17 50 24 18 34 47 46 51 16 23 45 22 49 20 3 35 48 27 30 32 29 31 28 37 33 56 6 43 26 15 14 2 25 11 12 4 38 7 52 36 13 21 10 40 58 0 1 9 41 54 39 44 5 19 53 60
