3 3 15 13 14 4 11 10 9 8 5 7 17 16 12 6 19 44 57 39 20 55 42 41 50 22 46 45 37 38 49 40 48 36 47 51 33 56 21 24 25 29 43 2 34 23 30 26 52 18 32 28 0 27 1 35 31 53 58 54 60
4 4 11 19 12 41 7 44 39 20 40 3 18 36 21 22 6 56 25 50 15 45 2 13 43 14 35 17 37 48 49 33 16 8 29 10 38 46 9 23 57 51 5 0 26 42 1 27 24 28 32 55 30 58 31 34 54 47 60 52 53
6 6 56 20 2 15 50 43 0 1 14 37 33 3 38 25 29 12 21 22 4 45 49 7 11 17 13 10 46 16 57 8 48 9 55 36 35 23 58 5 32 30 52 47 42 54 24 28 60 51 41 27 40 44 34 19 39 18 31 53 26
7 7 11 44 40 36 41 19 39 12 4 20 3 33 56 22 6 37 21 15 43 25 50 38 45 14 13 2 17 16 30 49 46 10 18 8 29 28 48 9 32 27 51 57 5 47 55 0 1 26 52 23 42 24 31 35 58 34 54 60 53
8 8 57 55 42 17 50 3 24 46 47 18 51 20 22 16 45 15 34 48 13 49 14 6 56 10 23 35 4 11 43 9 2 12 29 27 37 21 5 32 28 30 33 25 38 7 31 26 52 36 0 1 44 39 19 58 54 60 41 53 40
11 11 4 19 7 12 39 44 41 36 3 40 22 20 21 6 25 16 50 45 15 56 49 37 13 43 48 14 46 38 2 18 10 51 33 8 47 9 55 5 57 30 24 32 29 26 52 17 42 0 1 35 23 27 28 58 34 54 60 31 53
12 12 11 4 44 19 7 39 41 21 40 25 20 36 45 6 22 50 3 43 56 37 16 49 2 33 38 46 48 18 51 26 15 8 55 32 47 29 17 30 28 57 35 27 52 23 0 14 58 1 13 42 34 54 24 31 60 10 9 53 5
14 14 15 13 10 9 5 37 38 6 29 33 3 56 43 20 21 35 11 25 4 28 30 23 7 32 36 18 2 27 45 50 12 16 8 22 17 48 24 40 55 57 49 41 31 26 34 0 46 39 1 52 47 58 19 44 54 51 60 42 53
15 15 14 10 9 13 5 6 3 37 38 56 20 33 2 29 11 4 50 7 12 8 43 16 17 0 1 21 45 25 18 23 36 22 27 32 57 30 48 41 35 19 40 24 44 39 55 49 42 31 34 28 47 46 51 26 52 58 54 60 53
16 16 48 46 49 22 45 51 47 50 3 24 55 8 57 20 37 42 52 56 6 12 38 11 15 43 21 2 33 13 25 14 4 36 17 10 7 18 9 32 30 54 29 5 23 39 0 1 34 40 35 44 58 41 27 19 53 28 26 60 31
18 18 35 23 29 24 57 27 32 4 55 28 33 26 30 34 8 47 25 31 22 42 21 37 16 14 17 46 38 45 49 11 50 51 48 56 6 12 36 43 52 7 20 15 19 2 58 54 40 13 53 39 44 60 3 10 9 0 1 41 5
20 20 56 2 4 6 17 50 7 43 0 1 12 45 11 33 37 21 57 8 25 16 55 38 44 42 22 49 46 36 19 15 3 39 14 58 41 29 52 51 47 54 60 32 30 28 27 48 23 40 35 24 26 13 53 34 10 31 18 9 5
22 22 49 48 16 51 45 50 47 46 55 11 24 36 37 52 8 38 6 57 12 42 20 43 18 4 7 21 56 25 40 17 33 2 3 39 41 30 44 34 23 19 29 32 35 27 14 26 0 58 15 28 1 54 31 60 13 53 10 9 5
23 23 35 27 32 30 29 28 34 33 31 18 21 26 25 24 37 57 38 43 14 52 36 56 49 50 20 45 47 8 6 16 54 46 7 55 12 22 15 4 2 51 48 42 58 60 17 53 13 44 40 11 3 0 1 39 10 9 41 5 19
25 21 25 26 12 45 37 33 43 27 28 32 38 29 6 35 20 30 23 18 4 50 31 11 34 58 56 48 46 16 7 22 36 44 54 53 40 49 2 52 60 47 19 51 14 57 39 41 17 8 24 55 42 0 1 3 15 10 9 5 13
26 26 21 25 18 37 35 58 23 27 29 32 53 28 33 31 34 30 54 43 60 38 45 12 52 24 20 56 57 6 4 36 50 49 8 16 46 14 7 22 55 11 48 42 51 2 17 47 40 44 41 39 15 19 3 0 10 1 9 5 13
27 27 28 35 23 32 31 34 30 33 29 18 26 25 21 37 38 24 52 57 14 36 56 20 43 49 45 7 6 54 8 15 50 58 53 46 2 48 22 47 16 42 60 51 55 17 12 40 13 11 39 41 4 10 3 0 1 9 5 44 19
28 28 27 32 31 34 23 30 33 21 29 35 25 18 26 37 38 43 24 52 57 14 36 56 49 45 20 58 12 50 6 7 8 46 53 54 16 2 48 22 15 42 47 51 55 17 11 4 60 19 3 44 40 39 0 1 13 41 10 9 5
29 29 35 23 14 18 33 27 32 28 30 37 25 15 38 34 21 31 6 26 43 13 56 10 57 20 24 9 36 45 22 52 5 4 49 58 7 55 16 47 8 51 46 12 11 2 17 50 48 42 54 3 53 60 40 41 39 19 44 0 1
30 30 28 27 32 23 34 31 33 36 37 35 21 29 26 38 25 18 24 43 57 7 52 20 56 40 45 49 58 47 14 8 6 22 46 12 16 44 48 51 11 42 39 54 41 50 15 53 60 17 55 4 2 3 13 19 10 9 5 0 1
32 32 28 35 27 52 31 23 34 30 33 29 26 25 18 21 37 43 54 49 58 38 53 56 24 60 57 20 36 14 45 6 7 48 46 8 16 22 50 51 12 42 11 47 15 2 55 17 40 41 10 44 4 3 9 39 5 19 0 1 13
33 33 35 28 31 32 27 23 34 56 30 29 21 25 49 37 20 6 14 26 45 7 38 18 22 43 52 15 16 2 50 46 48 36 24 47 12 51 54 57 8 4 13 0 1 58 60 11 53 19 42 10 55 44 9 41 17 40 3 5 39
36 36 40 7 39 44 41 19 11 37 38 30 4 22 12 43 20 21 3 25 49 16 56 45 50 6 33 48 46 29 58 2 32 52 28 51 54 27 47 17 15 60 35 14 18 57 8 23 34 55 31 26 53 13 24 42 0 1 10 9 5
38 37 38 43 26 36 21 14 25 6 45 58 30 29 20 22 50 56 54 33 60 32 52 2 53 12 16 15 7 49 40 11 46 17 28 27 31 34 48 51 57 4 13 41 55 44 23 39 47 0 1 8 35 10 18 42 19 9 24 5 3
43 43 37 58 54 20 60 56 38 21 2 52 36 53 25 50 6 45 17 30 32 12 29 22 49 26 0 1 33 16 7 57 40 46 28 27 55 8 18 4 42 23 35 51 47 34 31 11 48 14 39 41 15 24 44 3 13 19 10 9 5
45 45 16 48 46 51 22 47 49 50 20 21 25 37 24 38 55 12 43 33 56 57 8 6 52 42 11 2 36 4 18 17 3 29 30 7 26 58 32 40 28 0 1 54 14 15 34 60 27 44 23 19 53 41 39 13 35 31 10 9 5
46 46 47 51 16 49 45 55 50 48 22 24 57 8 42 17 20 52 37 56 21 38 12 43 25 6 2 33 11 34 32 18 30 4 54 29 23 7 36 28 0 1 58 27 53 26 3 14 35 44 60 39 41 31 40 19 15 10 9 5 13
49 49 52 48 46 16 22 51 50 47 45 33 54 55 8 24 53 43 57 42 37 32 58 60 17 2 20 38 11 12 6 36 56 3 21 18 4 25 28 0 1 27 29 7 30 35 15 23 40 14 19 39 31 41 44 34 13 26 10 9 5
50 50 8 56 20 46 57 16 42 49 2 55 51 6 45 47 48 22 43 17 21 37 24 0 38 1 25 12 52 18 33 3 4 11 36 23 15 7 29 34 32 58 26 35 30 14 27 54 28 60 31 40 13 53 44 10 9 19 41 5 39
52 52 54 49 53 32 58 60 43 48 46 16 22 37 21 26 45 25 28 50 33 51 30 47 29 27 56 20 38 35 31 23 18 36 34 6 2 24 8 55 12 42 11 57 7 4 17 0 40 1 14 15 39 41 44 3 19 13 10 9 5
55 55 57 8 42 46 17 51 47 50 24 22 16 18 49 45 48 20 34 3 56 23 43 35 37 6 30 52 2 38 29 27 25 12 32 33 15 4 31 11 26 28 14 7 21 13 54 0 58 1 36 10 9 53 41 44 60 5 39 40 19
57 57 8 55 42 17 50 18 34 24 47 46 51 16 45 22 23 49 20 3 48 35 27 32 30 31 28 29 33 37 56 6 43 26 4 25 11 12 15 38 14 2 7 36 52 21 13 58 10 40 0 1 54 9 41 39 44 5 53 19 60
