3 3 15 13 14 11 4 10 9 8 5 7 17 16 12 19 37 44 6 39 41 57 38 42 55 50 20 40 33 22 48 46 49 56 45 47 51 24 2 21 43 36 18 25 35 29 23 27 28 52 0 1 31 32 30 34 26 54 58 53 60
4 4 11 19 12 41 44 20 7 39 3 40 18 15 36 56 22 13 6 14 17 21 2 35 50 37 45 10 25 43 29 48 9 49 5 46 23 33 16 24 38 0 1 51 27 32 30 42 28 8 52 26 57 31 55 34 58 47 54 60 53
6 6 56 2 20 15 50 14 43 37 0 1 21 33 3 38 13 10 25 45 12 29 9 4 22 5 7 46 48 49 16 36 32 57 55 40 17 30 8 47 11 27 28 19 18 51 35 52 23 34 41 44 24 31 42 58 54 60 39 26 53
7 7 11 44 40 36 41 19 39 12 20 4 3 33 56 15 21 37 13 6 14 25 2 17 22 43 10 50 9 38 45 5 18 30 29 46 48 0 1 32 28 27 16 49 57 47 51 23 31 55 52 35 42 34 8 26 24 58 54 60 53
8 8 57 55 42 17 50 3 24 47 46 15 13 18 14 20 51 22 45 37 10 9 34 16 48 35 23 6 56 49 5 29 43 38 2 27 21 33 30 28 32 25 0 26 1 52 31 36 12 54 58 4 40 11 53 60 7 44 19 39 41
11 11 4 19 7 12 39 44 41 3 36 40 22 20 15 13 6 56 14 37 21 50 2 45 10 48 43 25 9 49 46 5 16 33 38 18 51 47 17 0 1 24 29 30 52 57 35 23 32 27 26 8 42 55 28 54 58 31 34 60 53
12 12 11 4 44 19 7 39 41 25 21 40 20 36 45 6 37 50 56 3 22 43 2 46 49 38 48 33 16 18 35 15 17 51 14 13 29 47 0 1 23 28 32 26 10 27 55 52 57 58 30 42 9 8 31 5 24 54 60 34 53
14 14 15 13 10 37 9 5 38 6 29 33 3 56 43 21 4 20 11 2 7 12 25 8 19 16 32 27 28 30 50 18 23 45 44 0 35 1 36 39 22 40 24 31 48 49 34 42 51 41 55 47 57 17 26 46 54 52 53 58 60
15 15 14 10 9 13 5 6 3 37 56 2 20 4 11 38 33 7 8 29 12 50 0 1 16 43 19 41 44 39 45 40 25 21 48 57 35 36 23 32 28 27 24 30 55 49 22 42 17 31 34 47 51 46 26 52 18 58 54 60 53
16 16 48 46 45 49 51 22 47 50 3 24 37 55 52 15 8 57 13 42 38 20 14 6 33 56 10 12 2 43 17 54 9 25 11 21 5 18 36 35 53 29 26 58 23 34 0 39 1 32 30 40 27 28 4 7 44 31 19 41 60
18 18 35 23 29 24 57 27 4 55 32 26 28 21 30 33 34 47 8 42 25 31 22 46 16 45 17 38 11 50 51 12 49 19 6 20 43 2 14 48 7 3 52 15 56 37 36 54 13 40 58 44 10 0 1 60 39 9 5 53 41
20 20 56 2 4 6 17 50 7 43 0 1 12 37 45 11 21 44 25 33 19 55 22 38 57 8 41 16 46 49 15 42 39 14 36 29 3 40 47 52 32 30 51 18 13 58 48 10 54 60 24 9 28 27 5 26 23 34 53 35 31
22 22 49 48 16 51 45 47 50 46 11 24 55 37 36 52 8 20 57 38 6 12 40 18 21 42 7 39 43 56 4 25 3 17 41 33 19 2 23 44 29 35 30 32 13 14 27 15 34 0 1 10 58 28 9 54 60 5 26 53 31
23 23 35 27 29 32 28 30 21 31 18 34 33 25 26 24 37 57 43 38 14 45 52 8 50 12 47 49 20 6 56 15 46 16 36 55 54 42 22 4 48 2 51 7 17 11 53 60 13 40 44 3 10 58 9 0 1 5 41 39 19
25 21 25 26 12 37 45 33 43 27 28 20 32 35 38 23 29 6 30 18 56 50 48 4 31 16 22 46 11 34 7 49 36 58 2 40 14 47 44 51 53 3 54 57 17 52 41 60 19 55 13 0 1 39 15 8 42 10 24 9 5
26 26 21 25 18 35 37 23 58 29 27 53 32 30 33 43 28 31 34 45 54 60 24 38 12 20 52 36 6 46 56 16 50 2 49 7 8 48 14 22 40 51 47 57 11 42 17 39 41 15 0 1 44 55 4 3 19 13 10 9 5
27 27 35 28 23 31 32 30 34 21 33 29 18 25 26 37 38 24 52 14 49 57 20 36 45 43 50 7 54 6 22 8 48 56 2 55 15 16 12 4 53 40 46 47 51 11 17 60 19 44 13 39 42 0 1 10 41 9 3 58 5
28 28 27 23 32 31 30 34 21 33 35 29 18 25 26 37 38 24 52 14 43 45 49 20 57 36 50 12 7 22 54 16 48 56 6 8 55 15 2 46 4 11 53 51 40 47 17 19 44 60 42 3 41 0 13 1 39 10 58 9 5
29 29 35 23 14 18 33 37 27 28 32 21 30 15 38 25 26 6 31 43 34 20 56 4 57 49 22 45 48 7 2 52 10 11 36 24 16 13 55 9 58 12 51 50 5 8 44 19 42 54 60 3 40 41 0 1 46 39 53 47 17
30 30 28 23 27 21 31 32 34 37 36 33 35 25 26 29 38 18 24 43 40 7 57 52 45 20 12 49 39 8 14 47 55 46 50 56 16 44 6 11 41 58 48 22 15 4 54 17 51 60 42 3 13 53 10 2 9 19 5 0 1
32 32 35 28 23 52 27 31 34 30 33 21 29 26 18 25 37 54 43 53 58 60 38 24 57 36 49 14 45 20 7 6 56 22 48 50 16 12 55 8 15 4 40 46 51 11 19 44 47 39 17 13 41 2 10 42 9 3 5 0 1
33 33 35 28 23 27 56 31 32 29 34 30 37 21 25 49 20 26 6 7 14 45 18 38 22 16 43 48 50 15 2 52 51 24 47 36 57 12 46 55 8 13 44 41 11 60 3 0 19 54 1 10 4 40 17 9 42 53 5 58 39
36 36 40 7 39 37 44 41 11 19 38 30 43 22 4 12 20 21 3 48 49 25 16 56 45 33 50 6 17 52 15 46 58 51 2 47 54 13 32 60 35 29 57 24 14 27 28 26 18 10 34 31 8 9 23 53 55 42 0 5 1
38 38 37 43 26 36 21 14 45 18 6 20 29 25 30 22 50 33 56 12 32 40 16 49 46 2 48 7 11 44 4 51 13 27 15 52 58 23 47 39 35 10 28 54 41 60 55 19 17 57 9 8 3 0 1 34 31 24 5 42 53
43 43 37 58 54 20 60 56 2 38 21 36 52 6 50 25 53 17 45 29 49 12 26 0 1 30 40 32 22 33 7 16 18 46 8 4 57 39 55 48 27 47 41 14 11 51 23 15 28 35 3 42 44 24 13 34 31 10 19 9 5
45 45 16 48 46 51 22 47 37 49 25 20 24 50 38 55 12 43 56 33 21 6 57 52 8 42 18 11 2 17 36 3 40 29 4 15 44 32 28 27 30 0 1 58 23 26 14 19 7 34 13 54 60 39 41 10 9 53 35 5 31
46 46 47 51 16 49 45 48 55 50 22 24 57 8 37 42 17 52 20 38 56 43 6 33 12 21 2 25 11 54 23 18 4 30 34 35 29 26 36 7 58 53 32 44 0 1 27 39 28 19 31 41 60 40 14 3 15 10 9 5 13
49 49 52 48 46 16 51 22 47 50 45 54 33 53 37 43 58 60 55 8 21 24 20 57 38 12 17 2 42 6 11 25 3 18 32 36 4 29 56 30 27 0 44 1 28 39 35 7 15 13 31 19 14 23 34 41 40 10 26 9 5
50 50 8 56 16 42 20 46 49 2 57 55 51 6 37 47 21 45 22 43 48 17 0 1 24 38 12 25 52 33 4 3 18 15 36 35 29 23 11 14 7 40 13 32 30 34 26 10 27 44 9 58 28 31 5 54 19 60 41 39 53
52 52 54 49 53 32 58 60 43 48 16 21 22 51 45 37 50 26 25 46 47 30 35 29 28 36 27 18 31 34 20 23 38 33 24 6 56 12 8 55 40 2 42 7 57 39 4 11 41 44 14 3 0 1 15 19 10 17 9 5 13
55 55 8 57 42 46 17 47 51 24 50 22 16 18 45 48 49 20 37 3 23 35 34 33 29 52 43 21 38 27 12 6 30 32 15 25 56 28 14 13 31 2 26 54 7 10 9 58 11 44 53 5 4 41 0 1 39 60 19 40 36
57 57 8 55 42 17 24 50 34 18 47 46 51 23 35 22 45 29 3 16 20 48 37 30 32 49 33 27 43 56 6 38 15 2 21 12 31 25 14 28 13 7 52 36 26 11 10 40 9 39 41 0 1 44 54 5 4 58 19 53 60
