32 32 112 35 31 34 28 83 30 27 33 18 109 90 23 26 29 85 86 78 93 43 37 25 21 58 24 56 6 57 38 53 47 54 96 68 14 60 46 52 64 20 42 45 55 66 8 72 16 50 22 15 110 51 63 105 2 7 12 48 17 49 10 11 9 19 39 4 0 1 5 44 3 36 40 41 13
38 38 37 43 96 26 90 14 105 85 110 66 72 29 20 32 93 15 58 86 22 18 13 31 34 49 16 30 53 25 35 21 83 28 27 10 48 46 7 9 54 47 112 64 45 68 5 60 57 78 51 52 11 50 3 63 55 56 109 23 33 42 6 24 19 8 44 36 4 40 41 12 2 17 39 0 1
7 7 36 44 40 41 11 96 19 39 12 63 4 72 20 64 93 37 56 68 6 48 22 38 90 25 21 2 49 66 43 16 45 105 17 110 109 50 85 0 1 26 58 51 47 57 83 33 55 112 86 54 14 46 28 27 15 52 42 60 35 24 32 53 18 8 29 34 31 30 23 78 13 3 10 9 5
11 11 4 12 64 19 7 39 44 63 72 41 36 40 22 20 25 21 49 96 68 48 16 37 56 66 6 45 51 2 110 105 78 50 93 38 86 85 46 55 17 43 57 33 47 0 1 24 109 90 26 28 35 112 42 27 32 31 14 29 30 34 8 23 83 15 58 54 10 3 52 9 60 5 18 53 13
43 43 37 58 54 52 60 56 20 96 53 38 6 2 25 21 50 105 17 90 85 110 72 66 32 29 0 1 35 26 33 49 22 86 64 42 16 18 7 8 93 46 57 45 28 27 47 14 31 15 83 51 63 55 48 112 34 12 68 30 23 78 109 24 44 11 3 19 36 40 41 4 13 39 10 9 5
46 46 47 51 109 45 16 49 48 55 50 112 105 24 22 110 42 8 57 37 68 63 25 21 56 20 17 6 18 93 2 38 43 64 78 72 96 33 86 32 11 66 7 35 34 0 1 30 85 90 26 12 28 31 4 27 44 29 58 14 36 23 83 41 40 39 54 19 15 52 60 53 3 13 10 9 5
14 14 15 13 10 9 37 5 3 38 66 93 29 43 85 83 20 17 90 109 35 72 26 27 32 86 28 110 112 63 22 105 96 18 31 56 34 33 6 30 78 49 58 23 57 16 64 2 25 7 21 42 50 68 46 48 47 8 55 53 54 11 51 45 60 24 52 0 4 1 36 44 40 41 19 39 12
16 16 49 48 51 45 46 47 63 22 105 50 110 24 37 109 55 68 42 72 8 20 57 56 38 6 112 43 66 11 25 21 2 96 64 17 78 4 7 19 18 86 33 93 85 0 12 1 58 26 39 90 34 35 44 54 14 29 32 15 52 30 60 41 28 53 40 31 27 36 83 23 3 13 10 9 5
15 15 14 10 9 13 5 66 3 37 38 93 29 63 17 43 85 20 72 110 105 86 26 64 22 56 35 18 83 68 27 96 7 6 57 28 42 49 32 58 16 55 109 8 34 31 2 90 112 33 50 30 11 48 78 54 47 25 23 21 46 53 45 51 60 19 52 24 44 4 36 40 41 12 0 1 39
20 20 56 6 2 64 17 50 105 72 0 1 43 7 110 66 42 93 8 63 49 33 48 57 38 11 16 36 22 85 44 55 40 41 68 45 46 47 51 19 96 14 86 15 3 35 4 24 58 39 18 90 54 29 37 52 32 78 60 12 34 13 28 27 30 109 10 23 112 53 25 21 31 83 9 5 26
22 22 49 48 16 45 51 50 109 47 46 96 37 24 55 11 112 105 42 63 8 38 110 72 66 68 20 57 78 25 21 56 64 43 93 6 4 18 86 2 7 17 12 90 19 85 33 40 44 34 14 29 35 30 39 36 58 28 0 1 41 15 27 32 23 31 54 83 52 60 26 53 13 3 10 9 5
55 55 57 42 68 8 47 17 51 46 24 110 50 45 22 78 48 49 16 63 86 109 18 20 34 56 37 64 105 6 112 3 30 2 72 43 11 96 25 23 21 85 35 66 33 7 83 38 28 31 4 27 19 32 15 29 90 0 1 12 13 26 39 44 10 14 9 41 93 40 58 36 5 54 53 60 52
57 57 68 55 42 8 17 110 78 34 24 47 86 50 46 63 49 45 16 37 22 48 18 51 64 30 56 31 20 28 72 6 23 3 85 27 33 83 32 35 66 38 105 43 2 112 26 11 25 21 90 7 29 109 15 4 96 19 0 13 1 58 93 12 14 10 44 39 9 5 41 40 53 54 36 60 52
27 27 35 83 31 28 34 32 30 33 18 90 23 29 85 37 26 86 112 78 93 25 21 24 38 57 43 56 6 58 14 96 68 54 47 53 42 60 55 2 109 64 8 20 45 52 17 66 50 22 72 15 46 16 110 51 63 0 12 1 7 49 105 48 10 9 3 5 19 4 44 11 39 36 40 41 13
28 28 31 34 27 32 30 33 23 90 35 85 83 29 86 37 112 78 26 18 93 25 21 24 38 57 56 43 6 14 58 68 96 54 47 53 42 55 109 60 2 64 20 8 45 52 15 66 50 17 72 22 46 110 16 51 63 12 0 1 7 105 49 3 48 10 4 19 13 9 11 39 5 36 40 41 44
29 29 18 35 14 23 33 83 37 27 32 28 90 26 15 31 38 85 34 66 86 30 78 112 24 25 93 21 43 58 56 6 96 10 47 53 9 57 20 54 13 64 5 72 45 60 110 42 55 22 16 3 52 8 68 51 46 105 109 48 50 63 7 49 12 2 11 17 4 19 44 39 0 1 36 40 41
