32 32 112 35 31 34 83 28 30 27 33 90 109 18 23 85 26 29 86 37 78 93 43 25 21 24 38 57 58 56 96 6 47 53 14 64 46 55 22 68 54 20 42 60 45 66 51 8 110 105 16 7 52 72 15 48 50 11 12 63 49 2 13 19 4 10 39 17 9 44 36 5 3 0 1 40 41
38 37 38 43 96 26 90 105 14 85 66 58 110 20 72 93 29 86 54 15 53 32 22 25 21 60 52 83 31 34 7 64 16 28 56 68 112 78 30 13 18 49 63 27 46 6 57 50 109 35 2 10 48 47 45 9 17 55 51 5 11 42 12 8 44 3 36 19 0 1 40 41 23 33 24 39 4
7 7 36 44 40 41 11 96 19 39 63 12 72 4 64 20 93 37 68 90 22 38 66 56 16 105 25 21 6 49 85 43 109 2 86 110 48 50 83 14 45 57 78 17 46 51 112 55 47 15 28 0 29 27 33 1 42 32 58 35 8 54 18 34 52 60 24 31 26 53 30 13 23 10 9 3 5
11 11 4 12 64 19 7 39 44 63 72 41 36 40 22 20 25 21 68 96 66 16 49 105 48 110 78 56 86 85 6 50 43 93 45 51 2 57 37 90 47 109 17 46 33 38 28 29 15 32 27 26 0 83 35 1 42 14 24 55 112 8 34 31 58 18 54 30 23 52 60 13 53 10 3 9 5
43 43 37 58 54 52 60 96 56 20 53 38 6 2 25 21 105 90 50 85 17 110 72 66 32 29 86 0 26 1 22 33 49 35 42 64 57 16 7 63 93 8 46 28 68 31 55 27 83 78 18 34 15 14 45 47 30 51 11 12 48 109 23 24 3 19 4 44 13 10 112 39 36 40 41 9 5
46 46 47 109 51 45 16 55 49 48 112 105 50 22 24 110 42 8 57 68 20 37 56 25 21 6 93 72 38 17 18 2 43 32 33 96 64 66 85 34 86 26 0 1 35 11 30 78 7 28 83 31 27 90 12 29 63 23 14 58 54 15 52 60 44 3 36 53 41 40 13 4 10 39 9 19 5
14 14 15 13 10 9 5 37 66 3 38 93 29 83 85 20 43 72 18 109 35 86 27 17 90 32 28 63 26 112 105 110 22 78 64 96 56 34 31 6 30 23 33 57 7 68 16 49 50 46 42 55 2 8 47 11 58 54 48 52 60 51 24 45 25 21 0 53 1 19 4 44 12 36 40 41 39
16 16 49 48 51 45 46 63 22 105 47 50 110 24 68 55 72 20 42 64 57 37 109 8 56 11 66 38 6 25 21 43 2 7 96 17 112 85 93 18 12 33 86 0 44 1 36 4 34 58 78 32 41 26 90 29 40 35 14 28 54 39 30 15 83 27 19 52 31 60 53 23 3 10 9 5 13
15 15 14 10 9 13 66 5 3 37 38 29 93 63 85 20 17 72 43 110 86 22 105 18 64 35 68 56 83 96 7 90 26 16 6 57 11 32 109 28 58 27 49 112 42 55 78 34 46 2 8 54 31 50 47 23 33 48 30 52 60 25 53 21 45 19 51 4 24 44 12 0 1 39 41 40 36
20 20 56 6 2 64 17 50 105 72 0 1 43 110 7 66 63 93 42 8 49 33 38 57 11 16 48 22 68 85 55 46 86 47 51 96 45 15 36 58 44 54 78 37 40 3 41 19 29 52 14 90 60 83 35 4 32 24 34 28 109 27 18 53 39 31 13 25 30 21 12 10 23 112 9 5 26
22 22 49 48 16 51 45 109 50 46 47 96 55 24 105 112 37 11 110 42 63 72 38 8 20 68 66 78 57 56 25 21 64 93 86 43 6 18 2 7 85 90 4 17 83 28 27 34 32 33 12 35 14 19 30 29 0 40 31 1 58 44 15 23 36 54 39 41 52 60 26 53 3 13 10 9 5
55 55 57 68 42 8 17 46 51 47 110 24 78 50 22 45 49 48 16 63 86 20 18 105 34 64 56 6 109 85 2 3 37 30 83 43 35 33 28 23 90 72 38 25 31 21 66 32 27 112 29 7 0 1 26 15 13 93 58 14 96 10 9 54 53 5 11 52 44 12 36 19 40 41 60 39 4
57 57 68 55 42 8 110 17 78 34 24 86 47 50 63 46 49 16 22 45 64 51 37 48 18 105 72 56 30 20 31 28 85 66 83 6 38 32 27 3 33 23 35 11 112 43 109 2 90 26 25 21 29 7 96 15 93 58 12 0 13 1 14 10 44 4 54 36 9 53 41 60 5 52 40 39 19
27 27 35 83 34 31 28 32 30 90 33 18 23 85 29 86 26 78 37 93 112 25 21 38 24 109 57 96 56 58 43 6 14 47 68 53 55 64 42 20 2 66 8 72 22 110 46 45 17 15 54 60 50 16 105 51 49 52 11 0 7 1 12 63 13 48 10 9 3 4 5 41 44 19 39 36 40
28 28 34 31 27 32 30 33 90 23 85 35 83 86 78 29 26 37 93 112 18 25 21 38 109 57 24 56 96 58 43 6 14 68 47 53 64 55 42 20 66 2 72 8 22 110 46 15 45 17 54 105 16 50 60 49 51 11 52 7 0 1 63 12 13 48 10 9 3 4 5 41 44 19 39 36 40
29 29 18 35 14 83 23 33 27 90 32 28 37 15 26 85 86 38 31 66 78 34 30 93 24 25 21 112 43 13 56 58 10 96 6 9 47 109 5 57 64 53 20 22 110 72 3 45 55 54 42 68 16 51 60 8 46 63 7 52 48 105 11 50 49 12 2 19 4 39 17 44 36 0 40 1 41
