3 3 15 13 10 14 11 9 4 8 5 17 12 16 7 6 57 20 55 46 22 50 45 36 29 42 43 33 49 25 24 18 47 30 44 38 32 19 51 39 35 23 27 52 28 21 41 26 48 37 58 34 40 54 31 60 56 53 2 0 1
4 4 11 19 12 7 44 41 39 40 20 3 18 36 21 25 22 45 6 50 43 33 8 38 46 16 57 49 29 26 15 28 32 55 30 27 14 37 56 23 2 51 47 58 48 31 35 52 13 17 54 42 10 53 34 60 9 0 1 5 24
6 6 56 20 2 15 50 43 0 1 33 14 38 29 22 25 12 3 17 8 4 11 45 57 37 46 16 58 36 49 55 54 30 42 28 7 32 52 60 23 26 27 53 47 34 31 24 35 51 18 21 10 9 5 39 48 41 40 19 13 44
7 7 11 44 36 40 41 19 39 12 4 20 3 33 22 45 25 50 6 21 38 43 46 30 8 29 28 18 32 16 49 57 14 27 55 15 23 52 56 26 37 51 35 47 2 48 34 58 13 17 54 42 10 53 60 31 24 9 0 1 5
8 8 57 55 42 50 17 3 24 46 18 47 51 16 20 22 45 11 34 4 49 12 48 6 43 7 28 23 56 25 27 30 32 33 2 36 26 29 38 21 31 15 35 58 37 54 14 0 1 60 13 53 52 10 9 41 19 44 40 5 39
11 11 4 12 7 19 44 39 41 40 36 3 22 20 21 25 45 50 6 16 38 43 46 8 18 33 55 49 57 30 32 29 15 28 52 14 37 27 23 26 56 48 47 2 51 54 13 24 31 60 42 58 10 34 9 35 53 5 0 1 17
12 12 11 4 44 19 7 41 39 21 40 25 20 36 22 45 6 50 43 3 16 33 38 46 8 55 49 30 57 26 18 32 29 28 23 27 15 14 58 52 34 31 56 51 35 37 54 47 24 60 42 53 2 48 17 0 10 1 9 5 13
14 14 15 13 10 9 5 38 6 29 33 3 36 23 30 20 45 37 25 28 35 32 22 18 43 50 27 7 11 17 49 46 4 16 57 12 55 26 52 8 21 56 24 34 42 47 58 48 2 53 51 31 54 41 19 44 40 60 39 0 1
15 15 14 10 9 13 5 6 3 38 29 33 20 36 22 50 45 12 17 11 30 23 43 25 4 7 37 28 8 32 57 27 18 55 49 16 35 46 56 52 2 26 34 24 42 48 31 47 0 21 1 58 44 41 51 53 19 39 40 54 60
16 16 48 46 22 49 45 51 50 47 3 55 8 24 57 12 20 11 38 6 43 42 36 25 4 21 18 56 52 33 32 7 30 2 28 29 37 15 27 14 23 34 17 0 26 1 58 35 54 31 60 53 44 13 41 39 19 40 10 9 5
18 18 35 29 23 24 27 57 32 26 33 4 30 28 55 8 47 22 34 25 14 16 50 46 45 42 31 38 36 49 43 11 15 52 20 51 6 7 17 12 13 58 56 10 53 54 3 9 60 5 2 21 48 37 0 1 41 40 39 44 19
20 20 56 2 6 4 50 17 43 0 1 7 12 45 33 11 57 8 55 38 42 16 22 46 36 3 49 25 37 58 54 30 52 32 28 27 21 53 29 15 60 47 24 23 14 51 34 18 26 31 35 39 10 9 44 5 19 13 48 41 40
22 22 49 48 16 51 50 45 46 47 55 11 36 8 24 38 6 20 12 57 42 4 43 52 18 7 25 33 2 21 30 56 3 32 29 28 17 27 37 23 0 1 15 14 26 34 31 58 54 44 53 41 60 40 39 19 13 35 10 9 5
23 23 32 35 27 30 29 28 33 34 18 31 26 25 24 38 57 52 36 14 43 21 49 20 45 37 50 6 56 47 46 12 8 7 22 16 15 55 4 58 51 42 60 48 11 2 53 13 54 17 10 3 9 0 5 1 44 19 41 39 40
25 21 25 26 12 45 33 28 43 32 27 38 37 29 50 6 30 4 11 23 36 18 54 44 46 58 20 19 7 16 22 60 31 35 56 49 53 41 48 34 39 52 51 47 8 57 55 40 14 24 17 2 15 42 3 0 1 13 10 9 5
26 26 25 18 37 58 21 35 32 28 27 53 34 33 31 54 30 29 23 60 43 38 57 52 4 50 12 20 6 45 8 55 56 36 22 46 49 7 11 16 14 24 15 42 48 2 17 51 47 3 44 19 41 39 0 1 40 13 10 9 5
27 27 32 28 35 30 34 23 31 33 29 26 25 18 38 52 43 57 37 36 24 49 20 14 56 6 45 58 50 8 7 60 46 55 21 22 42 15 53 47 16 2 54 4 11 51 12 17 48 3 13 0 1 10 9 5 41 19 40 44 39
28 28 32 27 34 30 31 33 23 25 29 26 35 18 21 38 37 52 57 43 36 24 49 20 56 50 6 12 45 14 58 8 7 46 55 53 60 16 22 11 42 4 47 2 15 54 17 51 48 3 0 1 44 10 39 41 9 19 5 13 40
29 29 35 23 14 18 33 27 32 28 30 15 25 38 13 26 34 6 10 43 31 9 24 36 5 37 49 52 22 20 57 45 56 46 7 8 50 55 4 3 47 16 58 42 11 12 21 53 54 51 17 60 41 48 44 19 2 40 39
30 30 28 32 34 27 31 23 33 36 29 35 38 26 25 18 24 43 21 37 57 20 6 22 49 45 52 50 56 7 14 46 47 12 58 16 8 11 53 51 15 55 42 48 3 54 2 4 17 0 1 19 40 44 13 60 41 10 39 9 5
32 32 28 35 31 27 30 34 52 33 23 29 25 26 18 49 43 38 37 36 57 24 20 6 56 45 46 14 50 58 7 22 8 53 60 12 55 21 42 47 15 16 2 17 11 51 4 48 54 3 0 1 13 10 9 41 40 44 5 39 19
33 33 28 35 32 31 34 27 30 56 21 29 25 23 20 6 49 14 38 26 18 45 7 22 52 43 2 46 50 36 37 12 15 4 11 16 24 57 8 0 1 55 58 60 47 42 17 53 54 51 10 3 48 19 9 5 41 44 39 13 40
36 36 40 7 39 44 41 19 11 38 4 30 12 22 43 25 20 45 6 29 50 33 32 16 46 21 49 37 28 55 14 27 3 23 18 52 8 57 15 26 56 35 48 58 47 2 51 54 34 42 17 60 53 10 24 31 9 0 1 5 13
38 37 38 43 26 58 36 54 50 14 53 25 6 22 30 20 45 52 29 60 21 56 32 33 15 2 17 12 28 46 7 57 55 16 27 11 4 8 18 49 23 0 1 34 42 3 19 47 51 24 41 40 31 44 48 13 35 39 10 9 5
43 43 58 37 54 60 20 38 56 53 52 25 50 36 21 2 6 45 22 32 17 30 29 12 33 26 28 0 49 1 16 27 57 46 55 8 7 23 11 42 18 4 34 15 47 51 31 14 24 35 3 44 19 41 40 48 39 13 10 9 5
45 45 16 46 48 51 22 21 47 49 50 25 20 38 24 12 55 43 33 57 8 6 36 11 4 42 7 29 52 32 30 28 26 56 37 18 14 27 3 15 58 23 35 34 31 17 54 53 39 60 2 40 41 13 0 1 10 19 9 44 5
46 46 47 16 51 45 49 55 50 22 48 24 8 57 52 20 42 38 21 25 43 12 33 17 56 32 6 18 4 2 30 11 7 3 28 29 34 27 23 36 37 26 58 14 0 1 31 15 60 35 54 53 44 39 19 41 13 40 10 9 5
49 49 52 48 46 16 22 51 50 45 47 33 55 32 8 57 42 24 2 20 43 56 38 17 6 36 28 12 11 0 18 1 4 23 25 30 3 54 14 37 27 58 29 7 60 15 26 34 53 21 13 44 41 19 35 10 40 31 9 39 5
50 50 8 46 20 56 57 49 55 16 42 45 2 48 22 6 51 47 43 25 17 38 0 1 24 12 18 33 36 11 4 3 52 28 37 27 21 29 32 58 7 23 30 54 15 26 60 34 14 53 35 31 13 41 19 39 40 10 44 9 5
52 52 54 49 53 58 60 32 43 46 37 33 22 28 25 38 26 56 20 30 21 27 45 29 16 50 2 23 55 6 18 36 8 17 11 7 57 0 1 14 12 47 35 48 31 34 42 4 3 15 51 24 40 41 44 13 39 19 10 9 5
55 55 57 8 42 46 17 50 51 22 24 16 18 47 49 45 20 34 48 3 43 38 12 6 11 52 25 4 28 30 33 32 7 27 23 26 56 31 37 36 15 29 2 58 14 13 54 60 53 10 35 0 1 9 5 21 41 40 44 39 19
57 57 8 55 42 17 50 34 18 24 46 47 51 22 45 16 20 49 3 32 48 28 4 27 30 23 43 31 33 11 38 25 26 12 6 36 29 37 7 15 56 58 14 35 13 52 2 54 53 10 60 9 5 0 1 21 40 41 44 39 19
