3 3 15 13 10 14 11 4 9 8 5 17 7 16 12 6 57 20 55 22 46 50 45 42 44 36 19 39 29 49 33 25 43 41 21 47 38 51 24 48 18 56 40 30 28 37 23 32 27 2 34 52 35 26 31 58 54 0 1 60 53
4 4 11 19 12 7 44 41 39 20 40 3 18 36 21 25 22 6 50 45 43 16 33 8 38 56 46 49 57 29 15 37 28 26 14 32 2 55 27 48 13 35 30 23 17 51 10 42 31 9 58 34 0 1 5 24 54 52 60 53 47
6 6 56 20 2 15 50 43 0 1 14 33 38 29 25 22 3 37 12 4 17 11 8 45 49 57 16 46 36 58 55 7 30 54 42 32 28 52 48 23 60 35 21 27 34 47 31 53 51 24 18 26 10 13 9 5 40 41 44 19 39
7 7 11 44 40 36 41 19 39 12 4 20 3 33 22 45 21 6 25 50 43 38 46 56 16 30 49 8 29 28 18 15 37 14 32 27 57 55 2 47 13 52 51 23 48 17 26 10 24 9 53 0 1 5 58 35 42 31 34 54 60
8 8 57 55 42 17 50 3 24 46 47 18 16 51 20 22 45 49 48 34 11 4 12 6 56 23 43 7 28 32 15 27 25 30 33 2 35 21 13 29 14 26 38 31 36 10 37 52 9 0 1 5 40 44 39 58 54 41 19 60 53
11 11 4 12 19 7 44 39 41 40 36 3 22 20 21 25 45 6 50 16 38 43 8 49 46 33 18 55 37 15 57 30 14 56 48 32 29 13 28 27 51 47 2 52 26 10 23 9 31 53 5 42 24 58 35 34 0 1 17 54 60
12 12 11 4 44 19 7 41 39 21 40 25 20 36 45 22 6 50 3 43 16 33 38 46 49 37 56 55 30 8 26 18 57 32 29 28 23 15 27 2 52 47 58 24 48 14 34 51 35 31 54 17 60 53 0 1 42 13 10 9 5
14 14 15 13 10 9 5 38 6 29 33 3 37 20 35 36 25 30 28 23 45 43 18 32 22 27 7 21 56 50 11 17 4 49 16 12 46 55 57 8 52 24 2 48 47 26 31 34 58 51 54 19 41 40 42 60 39 0 1 53 44
15 15 14 10 9 13 5 6 3 38 29 33 20 37 50 56 12 11 17 45 36 4 22 43 7 23 2 25 8 30 18 35 57 28 32 16 49 55 21 27 46 24 0 1 48 34 31 26 52 42 39 47 40 41 53 51 19 44 58 54 60
16 16 48 46 22 49 45 51 50 47 3 55 24 8 57 20 12 11 42 6 38 56 43 21 4 25 52 36 33 37 18 2 7 32 15 30 14 28 29 17 27 13 34 23 0 35 1 53 26 41 44 39 40 31 10 9 54 58 19 5 60
18 18 35 29 23 27 24 32 57 28 4 33 30 26 55 8 34 47 22 25 31 14 42 16 46 50 45 49 38 37 11 36 17 43 20 15 6 52 21 51 56 7 12 13 48 58 2 10 54 3 9 60 5 53 41 19 40 0 1 39 44
20 20 56 2 6 4 50 17 43 7 0 1 12 45 33 11 57 8 42 16 55 38 22 37 25 46 49 21 36 3 58 54 15 52 29 60 14 26 30 28 32 27 47 51 44 23 53 35 39 19 18 34 41 31 24 13 40 48 10 9 5
22 22 49 48 16 51 45 50 46 47 55 11 36 24 8 38 6 57 52 12 43 20 4 42 18 7 21 25 33 37 17 56 30 3 2 32 29 28 27 34 23 40 14 26 58 41 15 0 31 1 39 44 54 60 19 35 53 13 10 9 5
23 23 35 32 27 30 29 28 33 34 31 18 26 25 24 21 57 38 52 37 43 14 36 49 20 45 56 50 47 6 8 46 22 7 12 15 55 16 4 58 54 51 48 42 2 60 11 53 13 17 10 9 3 0 1 44 41 19 5 40 39
25 21 25 26 12 45 33 43 28 27 37 32 38 29 6 30 11 58 4 50 18 23 35 20 48 46 34 31 36 56 7 16 44 22 54 51 53 19 52 40 60 47 39 57 41 49 8 14 2 55 17 15 24 42 3 0 1 10 9 5 13
26 26 25 18 21 37 58 35 32 28 27 53 34 33 29 23 31 54 30 60 43 38 52 57 4 12 45 20 6 50 56 8 55 36 24 49 22 11 46 16 14 7 48 42 2 15 51 17 47 44 3 41 39 40 19 0 1 13 10 9 5
27 27 28 32 35 30 23 34 31 33 29 26 18 25 37 38 21 52 57 36 24 56 49 14 43 20 6 45 58 50 7 8 53 54 46 15 55 22 42 2 47 60 16 4 48 17 51 12 11 13 3 0 1 10 9 41 40 44 5 39 19
28 28 32 27 34 30 31 23 33 25 29 35 26 18 21 37 38 57 43 52 24 36 49 56 20 58 14 50 6 45 12 8 53 7 46 55 42 22 4 2 47 54 16 11 15 48 17 51 3 60 0 44 1 19 41 13 39 40 10 9 5
29 29 35 23 14 18 33 32 27 28 30 25 15 26 38 34 6 13 31 37 43 10 9 36 24 5 21 56 57 20 45 22 52 49 58 7 46 4 47 55 3 16 8 11 50 12 53 42 51 17 54 60 48 2 40 41 39 19 44 0 1
30 30 28 32 34 27 31 23 33 36 29 35 38 26 25 18 37 24 21 43 57 20 6 56 52 22 49 45 7 50 47 14 58 46 12 16 8 11 51 48 53 42 55 4 40 15 54 17 3 44 60 41 39 2 10 9 19 5 0 1 13
32 32 28 35 31 27 34 30 52 23 33 29 25 26 18 49 43 37 38 21 36 57 58 56 24 20 6 14 45 53 50 46 54 7 60 22 8 12 15 16 48 55 42 11 47 51 4 3 17 2 13 41 44 40 10 9 39 19 5 0 1
33 33 28 35 32 31 34 27 30 56 21 23 29 25 20 49 6 14 38 45 26 7 18 37 22 43 52 50 15 2 36 46 12 16 4 57 54 24 8 58 47 11 60 0 1 55 53 51 42 48 13 19 10 3 9 44 5 17 41 40 39
36 36 40 7 39 44 41 19 11 38 4 30 22 12 43 37 20 25 45 6 21 50 16 29 33 49 46 32 3 28 14 55 27 18 8 56 52 23 15 48 57 58 2 51 35 54 60 42 26 47 34 17 31 53 0 1 24 13 10 9 5
38 37 38 43 26 36 58 25 14 6 54 21 45 22 50 20 60 30 29 53 56 52 33 15 2 12 32 17 16 46 7 28 11 27 49 55 4 57 0 8 1 18 23 42 40 51 47 44 41 48 13 31 34 10 39 19 35 9 24 5 3
43 43 37 58 54 60 20 38 56 52 53 21 25 36 50 2 6 45 22 17 32 30 12 29 26 33 49 0 1 16 28 57 46 27 55 7 8 18 4 11 23 42 47 31 15 35 34 51 14 40 24 3 48 41 39 44 13 10 9 19 5
45 45 16 46 48 51 22 47 21 49 50 25 20 38 24 12 55 43 33 57 8 6 37 36 56 11 42 4 52 26 2 7 29 30 18 23 3 32 28 58 14 17 54 15 0 1 60 27 34 53 40 44 10 19 41 9 39 5 31 35 13
46 46 47 51 16 45 49 55 50 22 48 24 8 57 52 20 42 17 21 38 56 25 12 33 43 6 32 2 18 4 37 11 30 7 34 29 3 28 36 23 27 26 0 1 31 54 14 58 53 35 15 41 40 44 19 60 39 10 9 5 13
49 49 52 48 46 16 22 51 50 45 47 33 55 32 8 24 57 42 2 43 20 54 17 38 56 6 36 12 11 28 53 37 58 60 4 18 3 0 1 25 27 14 7 30 29 21 23 15 35 40 41 39 31 19 44 34 26 13 10 9 5
50 50 8 46 20 56 57 49 16 42 55 2 45 48 6 22 47 51 43 17 25 24 38 0 1 12 21 37 18 33 3 4 52 11 36 23 28 26 30 29 7 58 32 34 54 27 15 60 35 14 31 53 40 13 44 41 10 19 9 39 5
52 52 54 49 53 58 60 32 43 46 37 33 22 28 26 25 21 56 38 16 45 30 20 50 27 29 23 48 2 6 18 47 55 36 8 35 51 31 34 17 11 42 12 7 57 0 24 1 14 4 3 15 44 41 13 19 40 39 10 9 5
55 55 57 8 42 46 17 51 50 24 22 47 16 18 49 45 20 34 48 3 43 6 38 56 12 25 30 4 23 11 52 27 32 37 33 28 31 26 7 2 29 36 14 35 15 58 54 13 0 1 21 53 60 10 19 9 41 44 5 40 39
57 57 8 55 42 17 50 18 34 24 46 47 51 22 45 16 20 49 48 3 23 32 28 27 30 31 4 33 26 43 25 6 11 38 12 29 37 35 56 36 15 7 14 2 58 52 13 21 54 10 53 60 0 9 1 40 39 5 19 41 44
