3 3 15 13 10 14 11 9 4 8 5 17 12 16 7 6 57 20 55 22 46 50 45 36 42 29 44 19 39 49 43 33 25 47 21 41 38 18 51 24 30 48 56 23 40 27 32 28 37 35 52 34 2 26 58 31 54 60 0 1 53
4 4 11 19 12 7 44 41 39 40 20 3 18 36 21 25 22 6 45 50 43 33 8 16 38 46 57 56 49 29 28 26 15 14 37 32 55 27 30 2 23 13 35 51 17 48 42 10 31 34 54 9 53 0 1 5 52 24 58 47 60
6 6 56 20 2 15 50 43 0 1 33 14 38 29 25 22 3 12 37 4 17 11 8 45 57 49 16 46 36 58 55 7 30 54 42 28 32 51 52 23 60 35 47 27 34 48 31 53 21 26 18 24 10 13 9 40 41 5 44 19 39
7 7 11 44 40 36 41 19 39 12 4 20 3 33 22 45 21 6 25 50 43 38 8 46 16 30 49 29 28 18 56 32 15 14 37 27 57 55 52 23 2 47 51 48 13 26 17 10 24 58 9 0 54 1 35 5 31 34 53 42 60
8 8 57 55 42 17 50 3 24 46 18 47 16 51 20 22 45 49 34 48 11 4 12 6 56 23 7 28 43 32 27 25 30 33 2 15 35 21 29 26 38 31 36 14 13 52 37 10 0 1 9 5 40 58 54 44 39 60 41 19 53
11 11 4 12 7 19 44 39 41 40 36 3 22 20 21 25 45 6 50 16 38 43 8 46 49 33 18 55 57 30 37 14 15 32 29 28 48 56 27 52 13 26 47 51 2 23 10 58 31 9 54 42 5 53 24 35 34 0 1 17 60
12 12 11 4 44 19 7 41 39 21 40 25 20 36 45 22 6 50 43 3 16 38 33 46 49 37 55 30 8 18 57 26 32 29 28 56 23 15 27 52 58 2 14 47 24 34 54 48 51 35 31 60 53 17 0 1 42 13 10 9 5
14 14 15 13 10 9 5 38 6 29 33 3 37 36 35 20 25 30 28 23 45 18 22 43 32 27 50 7 11 17 21 56 4 16 49 12 46 55 57 8 52 24 26 31 34 47 2 58 48 51 54 42 19 41 40 60 39 53 0 1 44
15 15 14 10 9 13 5 6 3 38 29 33 20 37 50 12 17 11 22 45 36 43 4 56 7 23 30 25 35 8 28 57 32 16 2 27 18 55 49 21 46 24 52 48 34 31 26 0 42 1 47 40 39 41 58 51 19 54 53 44 60
16 16 48 46 22 49 45 51 50 47 3 55 24 8 57 20 12 11 6 42 38 43 36 25 4 56 21 52 18 33 2 7 37 32 30 28 14 29 15 27 17 34 23 0 1 35 13 26 31 58 54 44 41 39 40 10 53 9 19 5 60
18 18 35 29 23 27 24 32 57 28 4 33 30 26 55 8 34 47 22 25 14 31 16 42 50 46 45 49 38 36 37 11 20 43 17 15 52 6 7 51 56 12 13 21 48 2 10 53 3 58 54 9 5 60 0 1 41 40 19 39 44
20 20 56 2 6 4 50 17 43 7 0 1 12 45 33 11 57 8 42 55 16 38 22 46 25 37 49 36 3 21 58 54 15 52 29 23 60 14 30 28 32 26 27 47 51 53 44 18 35 39 34 19 24 31 41 13 10 40 48 9 5
22 22 49 48 16 51 50 45 46 47 55 11 36 24 8 38 6 57 12 20 52 43 4 42 18 7 25 21 33 17 56 37 30 2 3 32 29 28 26 27 23 14 34 53 40 0 1 15 31 41 44 39 58 54 35 19 60 10 9 5 13
23 23 32 35 27 30 29 28 33 34 31 18 26 25 24 21 38 57 52 14 43 36 49 37 20 50 45 56 47 6 46 8 12 22 7 15 16 55 4 58 54 51 48 42 2 11 60 53 13 17 10 3 9 0 1 5 44 19 41 40 39
25 21 25 26 12 45 33 43 28 27 32 37 38 29 6 30 11 58 4 50 18 23 20 35 48 34 46 36 7 31 44 56 16 22 54 51 53 19 52 40 60 39 47 57 41 49 14 8 55 17 2 15 24 3 0 1 42 13 10 9 5
26 26 25 18 37 21 58 35 32 28 27 53 34 33 31 29 54 23 30 60 43 38 52 57 4 12 20 6 50 45 56 8 55 36 22 49 11 24 46 16 14 7 42 48 15 2 51 17 47 3 44 41 39 40 19 0 1 13 10 9 5
27 27 28 32 35 30 34 23 31 33 29 26 18 25 37 38 52 57 36 21 24 49 43 56 14 20 6 45 58 50 7 8 46 53 54 15 55 22 42 2 47 60 16 4 17 48 12 51 11 3 13 0 1 10 9 5 41 40 44 39 19
28 28 32 27 34 30 31 33 23 25 29 35 26 18 21 37 38 57 43 52 36 24 49 56 20 50 6 14 45 12 53 58 8 7 46 55 54 22 42 11 4 2 47 15 16 48 17 51 3 0 1 44 41 19 60 13 39 40 10 9 5
29 29 35 23 14 18 27 33 32 28 30 25 15 26 38 13 6 34 31 37 43 10 9 36 5 24 57 56 45 52 20 22 21 49 58 7 4 46 55 3 8 16 47 50 11 12 53 51 17 42 54 60 48 2 41 44 40 39 19 0 1
30 30 28 32 34 27 31 23 33 36 29 35 38 26 25 18 24 37 43 21 57 20 6 22 49 56 52 45 50 7 14 47 58 46 12 16 8 51 11 48 53 42 55 17 15 4 3 54 40 60 19 44 10 2 39 41 9 5 0 1 13
32 32 28 35 31 27 34 30 52 23 33 29 25 26 18 49 43 37 38 36 57 56 58 21 24 20 6 14 45 50 46 53 7 54 22 8 60 12 15 55 42 16 48 17 11 47 51 4 3 13 2 10 41 44 40 9 5 39 19 0 1
33 33 28 35 32 31 34 27 30 56 21 29 23 25 20 49 6 14 38 26 45 7 18 43 22 37 52 50 15 36 2 46 12 4 24 16 57 54 8 47 11 58 0 55 1 60 42 51 53 13 48 19 3 10 9 44 5 41 40 39 17
36 36 40 7 39 44 41 19 11 38 4 30 22 12 43 37 20 25 45 6 50 21 29 16 33 49 32 46 28 3 55 14 27 18 8 52 23 56 57 15 48 58 51 2 35 54 60 26 42 47 34 17 31 53 10 0 1 24 9 5 13
38 37 38 43 26 36 58 25 54 14 6 21 60 22 45 50 20 30 53 29 52 56 15 33 2 12 32 17 46 16 7 28 11 55 27 49 57 4 8 0 18 1 34 23 42 47 51 40 44 41 48 13 31 19 10 39 35 24 9 5 3
43 43 37 58 54 60 20 38 56 53 52 25 21 50 36 2 6 45 22 32 17 12 30 29 26 33 49 0 1 28 16 57 46 27 55 7 8 11 18 4 42 23 15 47 31 34 35 51 14 40 3 24 48 41 39 44 13 10 9 19 5
45 45 16 46 48 51 22 21 47 49 50 25 20 38 24 12 55 43 33 8 57 6 36 11 56 37 42 4 52 30 7 32 29 26 2 18 3 28 34 23 14 58 15 17 54 0 1 27 60 53 40 44 13 41 19 10 39 9 5 35 31
46 46 47 16 51 45 49 55 50 22 48 24 8 57 52 20 42 21 17 38 25 56 12 33 43 6 32 18 2 4 30 11 37 7 34 28 3 29 27 23 36 26 0 31 1 58 14 15 54 60 35 53 41 13 19 44 40 39 10 9 5
49 49 52 48 46 16 22 51 50 45 47 33 55 32 8 24 57 42 2 43 20 17 38 56 6 54 36 28 11 12 4 18 0 37 1 3 25 58 53 60 14 27 30 7 29 23 15 21 35 40 41 39 31 19 44 34 26 13 10 9 5
50 50 8 46 20 56 57 49 16 42 55 2 45 48 22 6 47 51 43 17 25 24 38 0 1 12 18 33 37 21 4 3 11 36 52 28 23 29 27 32 30 58 7 26 54 34 35 60 15 31 14 53 40 44 13 41 19 10 39 9 5
52 52 54 49 53 58 60 32 43 46 37 33 22 28 26 25 56 38 21 20 30 45 16 27 29 50 23 2 6 18 55 48 36 8 47 17 35 31 34 51 11 7 57 12 42 0 1 14 24 4 3 15 19 44 41 13 39 40 10 9 5
55 55 57 8 42 46 17 51 50 22 24 47 16 18 49 45 20 34 48 3 43 6 38 12 56 11 25 30 4 52 32 27 23 33 28 37 31 7 26 29 2 36 35 14 15 10 58 9 54 5 0 1 53 60 21 13 44 41 19 39 40
57 57 8 55 42 17 50 18 34 24 46 47 51 22 45 16 20 49 3 48 32 28 23 27 30 31 4 33 26 25 43 6 11 38 12 29 36 37 56 35 7 15 14 2 58 52 13 21 54 53 10 60 9 0 1 5 39 41 40 19 44
