32 32 112 35 31 34 83 28 30 27 33 90 109 18 23 85 26 29 86 78 37 93 43 25 21 38 24 57 96 58 56 6 47 46 53 64 14 55 68 20 66 42 105 54 110 22 72 8 60 45 7 16 15 52 51 49 63 50 11 12 48 13 2 19 4 10 39 17 9 44 5 36 3 40 0 1 41
38 37 38 43 96 26 90 105 58 85 14 66 110 20 93 54 72 29 86 53 15 60 52 25 21 22 32 83 56 7 64 34 30 68 28 112 16 31 6 63 78 27 46 49 13 50 109 18 2 57 55 17 35 10 47 45 48 9 42 11 51 5 8 12 0 1 44 3 19 36 40 41 24 39 23 33 4
7 7 36 44 40 41 11 96 19 39 63 12 72 4 64 20 93 37 68 90 38 22 66 105 16 25 21 56 85 49 6 109 43 110 86 2 83 48 14 78 57 46 112 45 50 55 17 51 47 15 28 29 32 27 33 58 0 1 42 35 54 34 8 18 52 60 24 31 26 53 30 13 23 10 9 3 5
11 11 4 12 64 19 7 44 39 63 72 41 36 40 22 20 25 21 68 96 66 105 16 49 110 78 86 85 48 56 93 43 6 50 57 51 45 37 2 109 90 47 46 38 17 33 28 15 29 83 27 112 32 26 14 35 42 0 34 1 8 24 55 58 54 31 30 52 18 23 60 53 13 10 3 9 5
43 43 37 58 54 52 60 96 56 20 53 38 6 2 25 21 105 90 50 85 110 17 72 66 32 86 29 0 26 1 22 33 42 49 64 35 83 63 93 57 16 7 46 28 8 68 27 55 31 15 78 34 14 45 18 47 30 11 109 51 12 48 3 23 24 112 19 4 44 13 10 39 41 40 36 9 5
46 46 47 109 51 45 16 55 112 49 105 48 50 22 110 24 42 68 57 8 20 25 56 21 37 6 72 93 38 18 17 2 43 64 32 96 66 85 33 34 86 78 26 0 1 11 35 83 30 7 63 28 90 27 31 29 12 14 23 58 54 15 52 60 44 3 39 53 41 40 36 13 4 10 9 5 19
14 14 15 13 10 9 5 66 37 3 38 93 29 83 85 20 18 72 43 35 109 86 90 27 17 63 32 28 112 105 110 26 64 78 22 96 56 34 31 68 23 33 57 6 7 16 30 49 46 55 50 42 2 11 8 47 58 54 52 48 60 24 51 25 45 21 53 0 19 1 4 44 12 36 40 41 39
16 16 49 48 51 63 46 45 22 105 47 110 50 68 24 55 72 20 64 57 42 109 37 8 56 11 66 38 6 25 21 43 2 96 7 112 17 85 93 18 86 12 33 0 1 44 34 26 78 36 32 29 15 4 90 41 14 28 35 83 40 58 27 54 30 39 52 31 60 19 23 53 3 13 10 9 5
15 15 14 10 9 13 66 5 3 37 38 29 93 63 85 72 20 17 110 43 86 105 22 18 64 68 35 96 26 90 83 7 56 16 57 11 109 6 28 32 27 112 55 78 49 42 46 2 8 58 54 23 33 47 34 50 52 48 60 31 19 4 51 30 45 24 25 53 21 44 12 0 1 39 41 40 36
20 20 56 6 2 64 17 50 105 72 0 1 43 110 7 66 63 93 42 8 49 33 38 57 11 68 16 22 48 85 55 46 86 96 51 47 58 45 15 54 37 78 52 3 36 29 90 44 14 60 83 19 40 41 27 109 32 28 24 35 4 34 53 25 18 21 31 13 39 30 112 10 23 12 9 5 26
22 22 49 48 16 51 45 109 50 46 96 47 55 105 24 112 11 110 37 72 42 63 68 20 66 38 8 78 57 64 56 25 21 93 86 43 6 2 18 7 85 90 83 17 4 28 27 34 32 29 33 12 35 30 0 1 19 14 31 40 58 15 23 44 36 54 52 41 39 60 53 26 10 3 9 5 13
55 55 57 68 42 8 17 46 51 47 110 24 78 22 50 45 49 16 48 86 63 105 20 64 34 18 56 109 6 85 2 3 83 30 37 43 112 28 90 33 35 72 38 66 23 32 31 27 25 29 21 7 0 1 26 15 93 96 13 58 14 10 54 53 9 11 52 5 12 44 60 19 36 40 41 4 39
57 57 68 55 42 8 110 17 78 34 24 86 47 50 63 46 49 16 22 64 51 45 37 105 48 72 18 20 56 31 30 28 85 66 83 6 38 32 27 33 3 23 11 109 35 112 43 90 2 26 25 96 21 7 29 15 93 58 13 0 1 12 14 10 44 54 53 9 36 4 60 52 41 5 40 39 19
27 27 35 83 34 28 31 32 90 30 33 85 18 23 86 29 78 26 93 37 112 25 21 38 24 96 109 57 56 58 43 6 14 47 53 55 64 42 68 20 66 72 110 8 2 22 46 45 17 15 54 105 16 60 50 51 49 11 52 63 7 0 1 12 13 48 10 9 3 4 5 41 44 19 39 36 40
28 28 34 31 27 32 30 33 90 85 23 83 86 35 78 29 26 93 37 112 18 25 21 38 109 57 24 96 56 58 43 6 14 47 64 55 53 68 42 66 20 72 110 2 8 22 46 15 45 17 105 54 16 50 60 49 51 11 63 7 52 0 1 12 13 48 10 9 3 4 5 41 44 19 39 36 40
29 29 18 35 14 83 23 33 27 90 32 28 85 15 26 37 86 66 38 78 31 34 93 30 24 25 13 21 112 43 96 10 56 58 9 6 5 109 47 64 20 57 72 53 3 55 110 22 42 54 45 46 8 63 7 16 105 60 68 51 52 49 11 50 12 48 4 19 2 39 17 44 36 40 0 41 1
