32 32 112 35 31 83 34 28 30 90 27 33 109 85 86 23 78 26 29 18 93 37 43 96 38 25 21 57 24 56 58 6 46 64 47 105 66 110 55 68 53 72 14 22 20 42 7 8 16 45 63 11 54 50 51 15 60 12 52 49 48 10 41 4 9 39 19 5 2 40 13 17 3 36 44
38 37 38 43 96 26 90 105 66 85 14 110 58 54 52 93 20 60 86 72 29 83 15 56 22 53 32 6 68 50 64 112 25 2 21 78 7 63 109 28 31 34 46 57 17 30 27 16 55 0 1 42 8 13 11 18 47 49 45 10 35 48 9 12 5 51 44 19 3 24 36 40 41 39 4 23 33
7 7 36 44 40 41 11 96 19 39 63 12 72 64 4 20 93 68 90 66 105 38 22 85 16 37 25 21 110 109 86 43 83 78 112 46 14 55 57 56 49 15 6 29 28 32 45 48 2 27 47 50 26 51 17 33 42 34 58 54 0 1 52 8 31 35 60 13 30 18 10 23 24 53 9 3 5
11 11 4 12 64 19 7 44 63 39 72 41 36 40 22 68 25 20 21 96 66 105 110 16 78 86 85 109 93 43 90 57 49 112 38 56 48 83 46 15 37 29 6 28 50 32 27 14 51 2 45 33 55 47 26 17 53 34 35 42 52 31 0 8 54 1 58 23 30 24 60 18 13 10 9 3 5
43 43 37 58 54 52 60 96 20 56 53 38 6 105 25 2 21 90 85 110 50 66 72 17 86 32 29 26 83 0 1 22 63 68 93 57 28 33 64 42 46 78 16 7 109 55 27 49 8 15 35 112 11 14 31 34 45 47 30 12 51 18 3 24 4 19 48 23 13 44 10 39 9 5 41 40 36
46 46 47 109 51 45 16 55 105 112 110 50 49 48 22 24 68 57 42 8 20 72 25 21 93 56 38 6 18 64 43 37 96 2 66 85 63 17 32 86 78 83 7 33 34 28 90 11 27 0 30 26 1 29 14 31 53 35 15 23 12 52 54 58 44 60 19 3 39 13 41 40 10 36 9 4 5
14 14 15 13 10 9 66 5 3 38 93 37 29 83 85 18 72 20 35 86 109 90 63 28 96 110 64 105 112 32 78 22 43 27 17 68 26 23 33 57 46 11 7 55 16 56 34 31 6 24 30 42 47 8 50 49 58 54 2 52 60 25 21 48 53 51 45 41 0 1 4 44 12 19 39 40 36
16 16 49 48 51 63 46 105 22 45 110 47 50 68 24 55 109 72 20 64 57 42 66 8 38 11 56 96 112 7 6 25 37 43 21 85 93 2 86 18 17 33 78 90 83 32 34 15 28 0 29 1 12 14 26 27 30 44 58 54 36 31 52 35 60 41 4 23 40 39 53 19 3 13 10 9 5
15 15 14 10 66 9 13 5 3 38 37 93 29 85 63 72 110 20 86 105 17 64 43 22 90 68 96 18 78 109 7 11 112 32 57 35 83 16 28 27 55 46 26 56 6 42 34 8 49 23 33 58 54 47 2 52 60 50 24 48 4 31 39 51 30 25 45 21 53 19 12 0 1 36 40 41 44
20 20 56 6 2 64 17 105 50 72 0 110 43 1 66 7 63 93 42 68 38 57 8 33 11 49 16 22 55 85 46 96 86 48 58 54 37 78 52 51 83 60 47 90 45 15 109 3 14 29 27 28 53 34 112 32 25 21 24 35 19 36 44 30 10 40 4 41 9 31 18 5 23 39 26 13 12
22 22 49 48 16 51 45 109 50 96 46 47 105 55 112 110 24 11 72 68 63 66 20 42 38 78 64 57 8 86 56 93 37 25 6 21 43 85 90 2 7 83 18 17 28 27 32 29 15 34 33 14 0 1 26 30 31 4 35 23 12 58 40 54 19 52 36 44 60 41 39 53 3 13 10 9 5
55 55 57 68 42 8 17 46 110 51 78 47 24 22 50 86 16 63 49 45 105 109 48 20 64 34 85 18 112 56 6 83 90 2 72 3 66 38 43 28 30 32 96 33 37 29 35 27 7 31 23 93 15 25 21 0 1 26 58 13 14 11 54 10 52 9 60 53 5 41 12 40 19 36 4 39 44
57 57 68 55 42 8 110 17 78 34 24 86 63 50 47 46 16 105 64 49 22 51 72 66 85 83 20 28 18 31 48 45 56 109 30 38 32 37 6 90 27 112 33 11 3 43 35 23 96 2 7 26 29 93 15 25 21 14 58 0 1 13 53 54 10 12 52 9 44 5 39 60 41 4 40 36 19
27 27 83 35 34 28 31 90 32 30 33 85 86 78 23 29 26 18 93 112 37 96 38 25 109 21 57 24 58 43 56 6 64 110 72 66 55 68 53 47 14 42 105 20 22 46 8 45 2 17 16 15 54 63 60 11 50 7 51 52 0 12 1 13 10 3 4 9 5 40 49 36 41 44 19 39 48
28 28 34 31 32 27 30 90 33 85 86 83 78 23 35 29 93 26 112 37 96 38 18 109 25 57 21 24 56 43 58 6 64 110 72 66 55 68 14 47 53 42 105 20 22 46 8 2 17 15 45 54 16 50 63 11 60 51 7 52 0 1 12 13 48 49 10 3 4 9 5 40 44 41 36 19 39
29 29 18 35 14 83 23 33 90 27 85 32 28 15 86 26 78 66 38 93 13 34 31 96 24 10 30 37 112 9 43 5 56 109 64 6 72 25 21 3 47 57 20 110 22 55 105 68 46 63 42 7 16 11 8 45 51 50 58 54 49 52 60 12 48 53 41 4 2 40 44 19 39 17 36 0 1
