32 32 112 35 31 34 83 28 30 27 90 33 109 85 23 86 18 26 29 78 93 37 43 96 25 38 21 57 24 56 58 6 46 64 47 55 68 53 66 105 110 14 20 72 22 42 8 7 45 54 16 15 60 63 11 51 49 52 50 12 48 13 41 4 19 10 2 40 9 39 5 44 17 36 3 0 1
38 37 38 43 96 26 90 58 105 66 85 14 110 54 20 53 93 60 52 86 72 25 29 21 15 83 22 56 32 6 64 68 112 7 28 63 31 78 2 109 34 16 50 46 30 27 57 17 55 49 13 18 0 45 42 1 47 11 8 10 35 48 51 12 9 5 44 19 3 36 40 41 39 4 24 23 33
7 7 36 44 40 41 11 96 19 39 63 12 72 4 64 20 93 68 90 66 38 105 37 22 85 16 25 21 110 109 86 43 83 56 78 49 46 6 14 112 57 55 48 2 45 15 29 32 50 47 28 51 26 17 27 33 34 42 0 58 1 54 31 8 52 35 10 60 30 18 23 9 24 5 53 3 13
11 11 4 12 64 19 7 44 39 63 72 41 36 40 22 68 25 20 21 96 66 105 110 16 78 86 85 49 93 109 43 57 90 48 56 6 37 112 50 38 46 83 15 51 2 45 29 32 28 27 33 14 26 17 55 47 35 42 31 58 34 54 0 1 8 18 52 24 60 30 23 53 13 10 9 3 5
43 43 37 58 54 52 60 96 56 20 53 38 6 25 2 105 21 90 85 50 110 72 66 17 86 32 29 0 26 1 22 83 63 93 33 68 57 42 64 28 46 16 49 7 78 55 8 27 35 109 15 31 14 11 34 45 47 112 30 12 51 18 3 48 24 4 19 23 13 44 10 39 9 41 40 36 5
46 46 47 109 51 45 16 55 105 112 49 50 48 110 22 24 68 42 57 8 20 25 21 56 72 93 38 6 37 18 43 2 64 17 96 66 85 32 86 63 33 78 34 7 83 28 11 0 90 27 1 26 30 35 29 31 14 15 23 12 58 54 52 60 19 53 44 3 39 13 41 40 36 10 4 9 5
14 14 15 13 10 9 5 66 3 38 93 37 29 83 85 18 20 72 35 109 86 90 63 112 110 105 64 43 32 96 28 17 27 78 22 26 68 23 33 57 34 56 16 7 30 46 55 6 31 11 49 42 50 8 47 58 2 54 52 24 60 25 21 48 51 45 53 0 4 44 1 19 39 12 36 40 41
16 16 49 48 51 63 46 45 22 105 110 47 50 68 24 55 72 109 20 64 57 42 66 8 11 38 56 37 6 96 7 25 112 21 43 2 85 93 17 18 86 33 78 12 0 34 90 1 32 15 83 29 28 26 14 44 27 36 35 30 58 54 4 41 31 52 40 60 23 39 19 53 3 13 10 9 5
15 15 14 10 66 9 13 5 3 38 37 93 29 85 63 72 110 20 86 17 105 43 64 22 96 68 18 90 35 7 83 11 109 78 28 57 16 26 112 27 32 56 55 46 6 42 49 8 23 33 58 54 2 47 52 34 50 60 48 19 24 4 31 51 45 25 30 21 53 44 12 39 0 1 41 40 36
20 20 56 6 2 64 17 105 50 72 0 43 1 110 66 7 63 93 42 8 68 38 57 33 11 49 16 22 55 85 46 48 96 86 58 54 37 78 15 51 47 52 45 60 83 90 3 29 14 109 28 27 53 34 32 36 24 19 44 25 112 35 21 40 41 4 13 31 18 30 10 39 23 9 12 5 26
22 22 49 48 16 51 45 109 50 96 46 47 55 105 112 24 110 11 72 68 63 42 20 66 38 78 8 57 64 37 56 86 93 25 21 6 43 85 2 90 7 18 83 28 27 32 17 29 33 34 15 4 0 14 1 26 30 31 35 12 40 23 19 58 54 44 36 52 60 41 39 53 13 3 10 9 5
55 55 57 68 42 8 17 46 51 110 47 78 24 22 50 86 16 63 49 45 48 105 109 20 64 34 18 56 85 6 112 83 2 3 90 72 43 30 66 38 28 37 33 32 35 27 29 23 31 7 96 25 21 15 0 93 1 26 13 58 14 11 10 54 9 52 60 53 5 12 19 44 4 36 40 41 39
57 57 68 55 42 8 110 17 78 34 24 86 63 50 47 46 16 49 105 64 22 51 72 45 66 85 48 18 20 83 31 28 56 37 30 38 109 32 6 27 112 33 90 11 3 43 35 23 2 96 26 7 29 15 25 21 93 53 14 13 0 1 58 12 10 9 52 44 54 5 36 4 41 60 40 39 19
27 27 83 35 34 28 31 32 90 30 33 85 86 23 78 29 18 26 93 37 112 96 38 25 21 109 57 24 58 56 43 6 64 55 47 53 14 72 66 110 68 42 20 22 8 105 46 2 17 45 15 54 16 51 60 50 63 11 7 52 0 49 1 12 13 48 10 3 9 4 5 40 44 36 41 19 39
28 28 34 31 32 27 30 90 33 85 86 83 23 78 35 29 26 93 112 37 18 38 96 25 109 21 57 24 56 43 58 6 64 55 14 72 66 110 47 68 53 20 42 22 105 46 8 2 15 17 45 16 54 51 50 60 63 11 7 52 0 49 1 12 13 48 10 3 9 4 5 41 44 39 19 40 36
29 29 18 35 14 83 23 33 90 27 32 85 28 15 86 26 78 66 38 93 31 34 37 13 30 24 96 112 10 25 21 43 9 56 5 58 109 6 64 72 47 20 57 3 110 22 55 53 105 42 63 46 68 7 45 16 8 51 54 11 60 50 52 12 49 48 4 44 19 2 39 17 36 40 41 0 1
