32 32 112 35 83 31 34 28 30 90 27 33 109 85 86 78 26 23 29 18 93 96 43 37 38 57 25 21 24 56 64 58 105 46 6 66 110 68 55 72 42 22 20 53 47 14 8 7 17 63 16 11 51 15 45 49 48 50 54 60 12 52 13 3 4 40 10 41 44 19 9 39 36 5 2
38 37 38 43 96 26 90 53 105 66 85 110 14 52 54 58 20 93 25 86 21 56 60 83 6 72 29 15 2 22 68 112 32 28 64 109 78 63 17 7 57 46 31 27 34 55 50 16 30 0 1 42 11 8 12 47 13 18 24 49 44 10 35 4 9 48 19 5 39 3 51 45 36 40 23 33 41
7 7 36 44 40 41 11 96 19 39 63 12 72 64 4 20 93 68 90 66 105 38 85 22 110 16 109 86 25 21 83 78 43 112 46 37 55 14 57 15 29 28 32 56 49 27 6 45 48 47 26 2 50 51 33 17 24 42 31 58 34 54 30 8 23 52 35 0 18 1 60 13 10 9 53 5 3
11 11 4 12 64 19 7 44 63 39 72 41 36 40 22 68 96 25 21 20 66 105 110 78 85 86 16 109 93 90 43 112 57 83 38 46 29 15 28 32 49 55 14 27 56 37 48 33 6 26 50 58 51 2 45 47 35 54 17 31 52 60 53 34 30 42 23 0 1 8 24 18 3
43 43 37 58 54 52 60 96 20 53 56 38 6 105 90 25 21 2 85 110 66 72 50 17 86 83 32 29 26 0 68 1 22 63 93 78 109 28 57 46 64 33 55 42 16 27 7 112 8 11 49 15 34 14 35 30 47 31 45 12 51 3 24 18 4 23 48 41 13 44 19 10 40 9 39 5 36
46 46 47 109 51 45 16 105 55 112 110 50 22 49 48 24 68 57 42 20 8 72 93 25 21 38 56 64 96 6 66 63 18 85 43 86 2 78 32 83 7 17 37 28 34 90 33 11 27 29 30 0 1 14 26 15 58 31 23 35 54 12 52 60 53 40 4 44 41 3 39 13 19 10 9 36 5
14 14 15 13 10 9 66 5 3 38 93 29 37 85 83 18 72 20 35 86 109 96 90 63 64 110 105 112 28 78 22 32 27 68 43 17 23 33 46 57 11 55 7 16 26 34 56 24 31 42 6 47 30 8 25 53 21 50 51 2 52 54 58 49 60 48 45 40 4 0 12 1 44 36 39 41 19
16 16 49 48 63 51 105 46 22 45 110 50 47 68 109 55 24 72 64 20 57 66 42 38 11 112 8 96 56 7 85 43 25 6 21 93 86 2 18 37 83 90 78 17 32 28 15 29 33 34 14 27 0 1 58 30 26 12 54 31 52 35 23 60 44 53 39 41 40 4 36 3 13 19 10 9 5
15 15 14 10 66 9 13 5 3 38 93 85 29 63 72 110 37 105 86 20 64 83 96 22 68 17 43 90 11 109 112 18 78 7 32 57 28 16 46 35 27 55 42 8 34 56 26 58 23 33 6 24 47 31 51 54 30 25 49 53 50 21 52 2 60 44 48 12 41 19 4 0 1 45 36 40 39
20 20 56 6 2 64 17 105 50 72 110 0 43 1 66 63 7 93 68 42 57 38 8 11 33 22 16 55 85 46 49 96 86 58 54 78 52 37 48 15 83 60 109 90 28 51 14 47 3 29 45 27 53 112 32 26 25 21 34 30 24 35 31 13 23 19 36 44 4 10 40 41 9 18 5 39 12
22 22 49 48 16 51 45 109 50 96 46 105 55 47 112 110 24 68 72 11 20 66 63 64 78 42 38 57 8 86 56 93 6 85 25 43 21 90 2 83 7 18 28 37 27 32 29 15 17 0 14 1 33 34 30 26 23 35 31 58 4 54 52 40 12 53 36 60 44 19 41 3 39 13 10 9 5
55 55 68 57 42 8 110 17 46 51 78 24 47 22 86 63 50 16 109 105 49 45 20 64 48 34 112 85 18 83 56 90 72 6 66 3 38 2 96 28 43 32 30 29 7 27 33 35 93 31 23 15 37 0 14 1 25 21 26 11 58 13 54 52 10 60 53 9 5 12 44 41 4 19 39 36 40
57 57 68 55 42 8 110 78 17 34 86 24 63 46 50 47 105 16 64 72 22 51 49 66 83 85 109 20 28 31 38 18 30 56 32 90 112 48 45 27 6 11 96 33 43 3 35 23 37 7 2 93 15 26 29 25 14 21 58 0 1 13 54 53 10 60 9 52 5 12 41 40 44 19 4 39 36
27 27 83 35 34 28 31 90 32 30 33 85 86 78 29 23 26 93 18 112 96 37 38 109 25 57 21 24 43 56 110 58 72 66 64 6 68 55 105 20 53 14 22 54 46 42 60 47 8 50 2 45 15 63 17 16 11 49 51 48 7 12 52 0 1 13 4 3 10 9 40 39 5 19 36 41 44
28 28 34 31 32 27 90 30 33 85 86 83 78 23 93 29 35 26 112 96 37 38 109 57 25 21 18 24 43 56 110 72 64 6 66 58 68 55 105 20 53 14 22 42 46 47 8 54 2 63 16 45 11 17 51 48 15 7 49 50 0 12 1 52 3 60 4 10 9 40 5 19 44 41 36 39 13
29 29 18 35 14 83 90 23 33 27 85 32 28 86 15 78 66 26 13 93 38 34 96 10 31 24 112 9 30 5 25 21 43 109 56 64 72 3 37 6 110 57 20 105 22 55 68 47 63 46 42 53 7 17 8 11 16 51 45 2 50 12 0 1 52 54 58 4 40 60 36 41 44 39 19 49 48
