32 32 112 35 31 83 34 28 30 90 27 33 109 85 86 78 26 23 29 18 93 43 96 37 38 25 57 21 24 56 58 6 64 46 105 66 110 55 68 72 42 22 53 47 20 14 8 17 7 51 16 63 11 45 15 50 54 60 12 52 49 48 13 3 41 4 19 10 36 40 9 39 5 2 44
38 37 38 43 96 26 90 105 66 85 58 54 110 14 52 60 93 20 86 83 72 56 29 53 15 22 6 32 68 112 50 64 17 25 2 21 78 109 63 7 28 46 27 57 34 30 55 16 31 0 1 42 8 11 13 45 18 47 49 12 10 48 35 9 5 19 44 51 4 3 36 40 41 39 23 33 24
7 7 36 44 40 41 11 96 19 39 63 12 72 64 4 20 93 68 90 66 105 38 85 22 110 16 109 25 86 21 83 43 78 37 112 46 14 55 57 15 29 56 49 32 28 6 45 27 48 2 26 47 50 51 17 33 34 58 31 54 42 0 52 1 30 8 35 60 13 18 23 24 10 53 9 3 5
11 11 4 12 64 19 7 44 63 39 72 41 36 40 22 68 25 96 20 21 66 105 110 78 16 85 86 109 93 90 43 112 57 38 83 49 15 46 29 28 32 56 14 48 37 27 55 6 50 33 26 51 2 45 58 47 17 54 35 31 53 34 52 42 23 8 30 0 1 60 24 18 13 10 9 3 5
43 43 37 58 54 52 60 96 20 56 53 38 6 105 25 90 21 2 85 110 66 72 50 17 86 32 83 29 26 0 1 22 68 63 93 57 28 78 109 46 64 33 42 55 16 7 27 8 112 49 11 15 14 35 31 47 34 45 12 30 24 51 3 18 4 19 23 48 10 39 9 5 44 13 36 40 41
46 46 47 109 51 45 16 55 105 112 110 50 22 49 48 24 68 57 42 20 8 72 93 25 21 56 38 64 6 96 18 66 43 85 63 2 86 32 78 37 83 17 7 34 28 33 90 11 27 29 30 0 1 14 26 58 15 31 35 23 54 12 53 52 60 41 44 40 3 39 13 19 10 36 9 4 5
14 14 15 13 10 9 66 5 3 38 93 29 37 85 83 18 72 20 35 86 109 90 96 63 64 110 105 112 28 78 27 32 22 43 68 17 23 33 57 46 11 26 55 7 16 56 34 31 24 6 42 30 8 50 47 58 54 2 25 52 21 49 60 48 53 45 41 0 1 4 51 44 19 12 39 40 36
16 16 49 48 63 51 46 105 22 45 110 50 47 68 24 109 55 72 64 20 57 66 42 38 11 8 112 96 56 7 85 6 25 43 21 93 2 37 86 18 17 78 90 83 32 33 15 28 29 34 14 0 1 27 12 58 26 30 54 31 53 52 44 35 23 36 41 60 4 40 39 3 19 13 10 9 5
15 15 14 10 66 9 13 5 3 38 93 85 29 63 37 72 110 20 86 105 64 83 96 17 22 43 68 90 18 109 11 112 7 78 32 57 28 16 35 46 27 55 42 26 56 34 8 53 6 24 23 33 49 47 31 30 50 25 21 52 2 54 58 60 12 48 44 19 51 4 39 0 1 45 36 40 41
20 20 56 6 2 64 17 105 50 72 0 110 43 1 66 7 63 93 42 68 57 38 8 11 33 22 16 55 49 85 46 96 86 58 54 48 78 52 37 15 83 60 51 109 28 90 47 45 3 14 29 27 53 112 32 34 26 25 21 24 35 31 30 13 23 19 36 44 4 40 10 41 9 18 5 39 12
22 22 49 48 16 51 45 109 50 96 46 105 47 55 112 110 24 68 72 11 20 63 66 42 78 64 38 57 8 56 86 93 6 25 21 85 43 2 90 7 83 37 18 28 27 32 29 17 15 0 33 1 14 34 30 26 35 53 23 4 31 52 12 40 54 58 36 19 44 60 41 39 3 13 10 9 5
55 55 68 57 42 8 17 46 110 51 78 24 47 22 86 50 63 16 109 105 49 45 48 20 64 34 112 85 18 56 83 90 6 72 66 3 2 38 28 43 96 30 32 29 33 27 7 35 37 31 23 93 15 0 25 1 21 14 26 58 11 13 54 10 52 60 53 9 5 41 12 44 4 36 40 39 19
57 57 68 55 42 8 110 17 78 34 24 86 63 46 50 47 105 16 64 22 72 51 49 66 83 85 20 28 109 31 18 38 56 30 48 32 45 90 112 27 6 11 33 96 43 3 37 35 23 7 2 93 26 15 29 25 21 14 58 0 1 13 54 53 10 60 52 9 12 5 41 40 44 19 4 39 36
27 27 83 35 34 28 31 90 32 30 33 85 86 78 29 23 26 93 18 112 37 96 38 109 25 21 57 24 43 56 58 6 110 64 72 66 68 55 53 105 20 14 22 42 46 47 54 8 2 45 51 16 17 63 11 15 50 7 52 12 0 1 3 60 10 4 9 40 19 44 5 41 39 49 36 13 48
28 28 34 31 32 27 90 30 33 85 86 83 78 23 35 29 93 26 112 37 96 38 109 57 25 21 18 24 56 43 6 58 110 64 72 66 68 55 20 105 14 53 22 42 46 47 8 54 2 45 16 51 17 63 15 11 7 50 0 52 1 12 3 60 4 13 10 40 9 36 19 44 41 49 39 5 48
29 29 18 35 14 83 23 33 90 27 85 32 28 86 15 78 26 66 93 13 38 34 31 96 10 24 112 30 9 5 43 37 109 56 64 72 3 6 57 25 21 110 20 22 55 105 47 68 63 42 46 7 8 16 51 11 17 45 50 58 54 52 12 60 41 53 4 40 39 2 44 49 19 48 36
