3 3 15 13 10 14 11 4 9 8 5 7 17 16 12 6 57 20 55 22 46 50 45 44 19 42 39 36 29 41 49 33 21 25 47 43 38 51 48 24 56 40 37 18 30 23 32 2 27 34 28 52 35 26 31 58 0 1 54 60 53
4 4 11 19 12 7 44 41 39 20 40 3 18 36 21 25 22 6 50 45 43 16 56 33 8 38 49 15 46 57 37 29 2 14 26 28 13 48 35 32 55 27 17 23 51 30 10 42 9 31 58 0 5 1 34 24 47 54 52 60 53
6 6 56 20 2 15 50 43 0 1 14 33 38 29 25 37 3 22 12 4 17 11 45 49 8 57 16 46 36 7 58 55 30 54 32 48 42 52 28 21 23 35 60 47 27 34 31 51 24 13 10 53 18 26 9 5 41 40 44 19 39
7 7 11 44 40 36 41 19 39 12 4 20 3 33 22 45 21 6 25 50 43 38 56 16 46 49 30 37 15 8 29 14 18 28 32 27 2 57 13 55 51 47 17 48 52 23 10 26 24 9 58 0 5 1 35 42 54 31 34 60 53
8 8 57 55 42 17 50 3 24 46 47 18 51 16 20 22 45 49 48 34 11 4 6 12 56 23 15 43 7 28 32 27 13 35 25 2 30 33 21 14 29 38 31 26 10 36 37 9 52 5 0 1 40 44 39 19 41 58 54 60 53
11 11 4 12 19 7 44 39 41 36 40 3 22 20 21 25 6 45 16 50 43 49 38 8 46 18 33 37 55 15 56 14 48 30 57 13 32 29 51 47 2 28 27 10 26 52 9 23 5 58 42 35 24 31 0 1 17 54 34 60 53
12 12 11 4 44 19 7 41 39 21 40 25 20 36 45 6 22 50 3 43 16 33 38 49 37 46 56 8 55 26 30 18 32 57 29 28 2 15 27 23 52 48 51 58 47 14 35 34 17 54 31 42 0 1 60 53 13 24 10 9 5
14 14 15 13 10 9 5 38 6 29 37 33 3 20 35 36 25 30 43 23 28 18 45 56 32 21 22 7 27 50 11 17 4 16 49 12 57 46 55 8 24 52 2 48 47 26 31 34 58 51 19 54 41 40 60 42 39 0 1 53 44
15 15 14 10 9 13 5 6 3 38 29 33 37 20 56 50 11 17 4 12 2 36 43 7 45 22 8 25 23 30 35 18 57 21 16 28 32 49 55 27 0 1 46 24 48 34 31 42 40 52 41 47 39 44 19 51 58 26 54 60 53
16 16 48 46 22 49 45 51 50 47 3 55 24 8 57 20 12 11 42 6 38 56 43 21 52 4 25 36 37 33 2 18 7 15 32 14 30 28 29 13 17 27 34 23 35 0 1 10 39 54 40 41 44 58 31 26 9 19 5 53 60
18 18 35 23 29 24 32 57 27 4 30 33 28 26 55 34 8 47 22 25 14 31 42 16 46 37 50 49 45 38 11 17 36 21 20 15 6 51 52 56 43 7 12 48 13 58 2 10 3 54 53 9 40 19 5 60 39 44 0 1 41
20 20 56 2 6 4 17 50 43 7 0 1 12 45 33 11 57 8 37 42 16 38 55 25 22 21 49 46 36 3 58 15 54 52 29 14 60 44 28 30 32 47 51 27 23 53 39 19 35 26 41 18 34 24 31 13 40 48 10 9 5
22 22 49 48 16 51 45 50 46 47 55 11 36 24 8 38 6 52 57 12 20 42 4 43 18 7 21 37 25 56 30 33 2 3 17 32 29 40 34 27 23 41 26 14 28 15 39 44 0 1 58 31 19 35 54 60 53 13 10 9 5
23 23 35 32 27 30 29 28 33 34 31 18 26 25 24 21 57 38 37 52 43 14 36 49 20 56 50 45 47 6 8 46 22 7 4 12 15 55 16 54 58 51 48 42 2 60 11 53 13 17 10 9 0 1 44 3 41 5 40 19 39
25 21 25 26 12 45 33 43 28 27 37 32 38 29 6 30 11 58 4 50 18 35 23 48 20 34 31 46 56 36 7 16 22 44 54 53 19 52 40 60 49 39 57 47 51 41 14 8 2 17 55 15 24 42 3 0 1 13 10 9 5
26 26 25 18 21 37 58 35 32 28 27 53 23 29 34 33 31 54 30 60 43 38 52 57 4 12 45 20 6 56 50 8 55 24 36 49 22 11 46 16 14 7 48 42 2 51 15 17 47 44 41 3 39 40 19 0 1 13 10 9 5
27 27 28 32 35 23 30 34 31 33 29 26 18 25 37 21 38 52 57 24 36 56 14 49 20 43 6 45 58 50 7 8 54 53 15 46 55 22 42 2 47 60 16 48 51 17 4 12 11 13 3 0 10 1 41 9 40 44 39 5 19
28 28 32 27 34 30 31 23 33 25 29 35 26 18 21 37 38 57 43 52 24 36 49 56 20 58 14 45 50 6 12 8 7 53 46 55 42 22 2 4 54 15 47 16 48 11 17 51 60 3 44 0 19 1 41 13 40 39 10 9 5
29 29 35 23 14 18 33 32 27 28 30 25 26 15 38 34 6 31 37 13 43 10 21 9 36 24 5 56 57 20 45 22 52 58 7 49 4 47 55 46 16 8 3 11 50 12 53 51 42 17 54 60 48 2 40 41 39 19 0 1 44
30 30 28 32 34 27 31 23 33 36 35 29 38 26 25 18 37 24 21 43 57 20 56 52 6 49 22 7 45 50 58 47 14 46 12 16 8 51 11 48 53 42 40 55 4 54 17 44 15 60 3 41 39 2 10 9 19 5 0 1 13
32 32 28 35 31 27 34 52 30 23 33 29 26 25 18 43 49 37 21 38 58 36 57 56 24 20 6 14 53 54 45 50 46 60 7 22 8 48 16 12 15 42 55 47 51 11 4 3 17 2 13 41 44 40 10 19 39 9 5 0 1
33 33 28 35 32 31 34 27 56 30 21 23 29 25 20 49 6 14 38 45 26 7 18 37 22 43 52 50 15 2 46 36 12 16 4 24 57 54 47 8 58 11 0 1 51 60 55 53 48 42 13 19 10 3 9 44 5 17 41 40 39
36 36 40 7 39 44 41 19 11 38 30 4 22 12 43 37 20 25 21 45 6 50 16 33 49 29 46 3 32 28 56 14 27 55 52 8 18 48 23 15 58 2 51 35 57 54 60 47 42 34 17 26 31 53 0 1 24 13 10 9 5
38 37 38 43 26 36 58 25 14 21 6 54 45 30 22 50 20 60 29 53 56 52 32 33 2 15 12 17 16 7 46 28 11 49 27 55 57 4 31 34 8 0 1 23 18 40 47 51 42 48 41 44 13 10 39 24 35 19 9 5 3
43 43 37 58 54 20 60 38 56 52 53 21 36 25 50 2 6 45 22 17 32 30 12 29 26 49 0 33 1 16 28 57 46 27 55 7 8 18 4 42 23 11 47 31 35 51 34 40 14 15 24 48 41 3 39 44 10 9 5 19 13
45 45 16 46 48 51 22 47 21 49 50 20 25 38 24 12 55 43 33 37 57 8 6 56 36 11 42 52 4 2 30 7 29 18 3 26 32 28 14 17 58 54 34 15 0 1 23 27 60 40 53 44 35 19 31 41 39 13 10 9 5
46 46 47 51 16 45 49 55 50 22 48 24 57 8 52 20 42 17 21 56 38 25 12 33 43 6 2 37 32 18 4 11 30 34 7 29 36 3 27 26 23 53 0 1 31 28 14 54 58 15 35 41 44 19 39 40 60 13 10 9 5
49 49 52 48 46 16 22 51 50 45 47 33 55 8 32 24 57 42 54 43 2 20 17 38 56 6 36 53 12 37 11 58 60 28 3 4 18 0 1 25 21 27 7 14 30 29 23 15 35 40 41 39 31 19 44 34 26 13 10 9 5
50 50 8 46 56 20 57 49 16 42 55 2 45 48 6 22 51 47 43 17 25 38 0 24 1 12 21 37 18 33 52 3 4 11 23 36 26 28 7 29 58 30 34 32 54 15 27 60 35 14 31 53 40 13 44 10 41 19 9 39 5
52 52 54 49 53 58 60 32 43 46 37 22 33 26 28 25 21 16 56 45 38 30 20 50 29 27 48 23 47 6 2 18 36 55 51 35 8 31 34 11 17 24 42 12 7 57 0 1 14 4 15 3 44 41 19 40 39 10 9 5 13
55 55 57 8 42 46 17 51 50 24 22 47 16 18 49 45 20 48 34 3 43 6 56 38 23 12 25 30 37 4 27 52 11 32 33 31 28 2 26 7 29 35 15 14 36 58 13 54 0 1 21 53 60 10 19 41 40 9 44 39 5
57 57 8 55 42 17 50 18 34 24 46 47 51 22 45 16 20 49 48 3 23 32 28 27 30 31 33 4 26 43 6 25 11 29 38 35 12 37 56 36 15 14 7 2 58 52 13 21 54 10 53 39 40 0 1 9 60 5 19 41 44
