32 32 112 35 31 34 83 28 30 27 33 90 109 18 23 85 26 29 37 86 78 93 43 25 21 24 38 58 56 57 96 6 47 53 68 14 64 46 54 22 20 55 60 42 45 51 110 66 52 16 105 8 7 72 15 48 50 12 11 63 2 49 13 19 4 39 10 17 9 44 36 5 3 0 1 40 41
38 37 38 43 96 26 90 105 14 85 66 58 110 20 72 29 93 86 15 32 53 54 22 25 21 60 52 31 34 83 7 16 64 18 13 28 30 49 68 112 56 78 27 63 46 6 35 57 50 10 109 48 47 2 45 9 55 5 17 51 42 3 8 44 12 36 40 41 0 23 33 1 24 19 39 11 4
7 7 36 44 40 41 11 96 19 39 63 12 72 4 64 20 93 37 68 22 90 38 56 66 16 25 21 105 6 49 85 43 2 109 48 86 110 50 45 14 17 83 57 78 46 51 112 55 47 28 15 0 1 33 42 27 29 58 32 35 8 54 18 34 52 60 24 31 26 53 30 13 23 10 9 3 5
11 11 4 12 64 19 7 39 44 63 72 41 36 40 22 20 25 21 68 96 49 66 16 105 48 56 78 110 86 6 85 50 45 43 51 2 93 57 37 90 47 17 33 46 109 28 38 29 15 32 27 0 1 35 42 26 24 83 14 8 34 55 31 112 18 58 30 23 54 52 60 13 53 10 3 9 5
43 43 37 58 54 52 60 96 56 20 53 38 6 2 25 21 105 50 90 85 17 110 72 66 32 29 86 0 1 26 22 33 35 49 42 64 7 57 16 8 93 63 46 28 31 27 68 55 18 34 78 83 45 47 15 30 14 51 12 11 48 23 109 24 19 3 44 4 13 36 40 41 39 10 112 9 5
46 46 47 109 51 45 16 55 49 48 112 105 50 22 24 110 42 8 57 68 20 37 56 25 21 6 93 17 72 38 2 18 43 32 33 96 66 64 85 34 86 26 0 1 35 11 30 78 7 28 31 83 27 12 29 90 23 14 63 58 54 15 52 44 60 3 36 41 53 40 13 4 10 39 9 19 5
14 14 15 13 10 9 5 37 66 3 38 93 29 83 85 20 43 72 109 27 17 35 86 18 90 32 28 26 63 112 105 110 22 78 64 56 31 34 96 6 30 23 33 57 7 49 16 68 50 42 46 2 55 8 47 11 58 48 54 52 51 60 24 45 25 21 0 1 19 53 44 4 36 40 12 41 39
16 16 49 48 51 45 46 63 22 47 105 50 110 24 68 55 72 20 42 37 57 64 8 109 56 11 66 38 6 25 21 2 43 7 96 17 112 93 85 18 12 33 86 44 0 1 4 36 34 41 58 78 32 26 40 90 35 29 14 39 54 28 30 19 15 27 83 52 31 60 53 23 3 10 9 5 13
15 15 14 10 9 13 66 5 3 37 38 29 93 63 85 20 17 72 43 110 86 22 18 105 64 35 56 68 83 26 7 96 6 90 16 57 32 28 27 11 58 109 49 55 42 112 2 34 8 78 46 54 30 50 47 48 23 33 31 52 25 60 53 21 45 19 51 4 24 44 12 0 1 39 36 40 41
20 20 56 6 2 64 17 50 105 72 0 1 43 110 7 66 42 93 63 8 49 33 38 57 11 48 16 22 68 85 55 46 86 47 51 45 36 96 44 15 58 40 41 19 54 3 78 37 29 14 52 90 60 35 4 24 83 32 34 28 109 18 27 39 53 31 13 30 25 21 12 10 23 112 9 5 26
22 22 49 48 16 51 45 50 109 46 47 96 55 24 105 112 37 11 110 42 63 72 38 8 20 68 66 57 78 56 25 21 64 93 43 86 6 18 2 7 4 85 90 17 83 28 27 12 34 32 33 35 19 30 14 40 29 31 0 1 58 44 23 15 36 54 39 41 52 60 26 53 3 13 10 9 5
55 55 57 68 42 8 17 46 51 47 110 24 78 50 22 45 49 48 16 63 86 20 18 105 34 64 56 6 2 85 3 30 37 109 43 83 35 33 28 23 25 38 21 90 72 31 32 27 66 29 7 112 0 1 26 15 13 93 58 14 10 96 9 53 54 5 44 12 52 11 36 40 41 19 60 39 4
57 57 68 55 42 8 110 17 78 34 24 86 47 50 63 46 49 16 45 22 37 64 51 48 18 72 56 30 20 105 31 28 85 6 66 83 38 27 32 3 33 23 35 11 43 112 2 109 90 26 25 21 29 7 15 96 93 58 12 0 13 1 14 44 10 4 36 54 9 53 41 60 5 40 52 39 19
27 27 35 83 31 34 28 32 30 90 33 18 23 85 29 86 26 78 37 93 112 25 21 24 38 109 57 96 56 58 43 6 14 47 68 53 55 42 64 20 2 8 66 72 22 45 46 15 110 17 54 60 16 50 105 51 49 52 11 0 7 1 12 63 13 48 10 9 3 4 5 41 44 19 39 36 40
28 28 31 34 27 32 30 33 90 23 85 35 83 86 78 29 26 37 93 112 18 25 21 38 109 24 57 56 58 96 43 6 14 68 47 53 55 64 42 20 2 66 8 72 22 15 110 46 45 17 54 50 16 60 105 49 51 7 52 0 1 12 63 13 48 10 11 9 3 4 19 5 44 39 36 40 41
29 29 18 35 14 23 33 83 27 90 32 37 28 15 26 85 86 38 31 66 34 78 30 93 24 25 21 112 43 56 58 13 10 6 96 9 47 109 5 57 53 64 72 20 22 45 3 110 55 54 42 51 60 16 68 8 52 46 48 105 7 63 50 11 49 12 2 4 19 39 17 44 36 0 1 40 41
