32 32 112 35 31 34 83 28 30 27 33 90 109 18 85 23 26 86 29 78 37 93 43 25 21 38 96 24 57 56 58 6 47 46 64 53 14 55 68 20 66 105 110 42 22 54 72 8 45 7 60 16 15 52 51 63 49 11 50 12 48 13 2 19 4 10 44 39 9 17 5 36 3 40 0 1 41
38 37 38 43 96 26 90 105 58 85 66 14 110 20 54 93 72 86 53 29 60 52 25 15 21 22 32 83 56 64 31 7 68 34 6 112 28 16 63 78 30 46 27 2 50 109 49 57 13 18 17 55 35 47 45 10 48 42 9 11 51 0 8 1 5 12 44 19 3 36 40 41 24 39 23 33 4
7 7 36 44 40 41 11 96 19 39 63 12 72 4 64 20 93 68 37 90 38 22 66 105 16 25 21 85 56 109 110 49 86 43 6 83 78 14 2 48 57 46 55 45 112 50 17 15 51 47 29 32 28 27 33 58 0 42 1 54 35 34 8 52 60 30 18 23 26 24 53 31 13 10 9 3 5
11 11 4 12 64 19 7 44 39 63 72 41 36 40 22 20 25 21 68 96 66 105 16 110 49 78 86 85 48 56 93 43 6 50 57 109 37 90 51 45 2 46 38 15 28 29 33 112 17 32 83 47 27 26 14 35 42 0 34 1 55 8 24 58 54 31 52 30 18 23 60 53 13 10 3 9 5
43 43 37 58 54 52 60 96 56 20 53 38 6 2 25 21 105 90 50 85 110 17 72 66 32 86 29 0 26 1 22 33 83 42 49 63 93 64 57 35 16 7 68 28 46 8 55 27 31 78 15 14 34 45 47 109 18 30 11 51 12 112 48 3 24 23 19 4 44 13 10 39 9 41 40 36 5
46 46 47 109 51 45 16 55 112 105 49 48 50 110 22 24 68 42 57 8 20 25 56 21 37 72 93 6 38 18 2 17 43 64 32 96 66 85 33 34 86 78 63 0 26 83 1 11 7 28 35 30 90 27 31 29 12 14 23 58 54 15 52 60 44 3 39 53 41 40 13 36 10 4 9 5 19
14 14 15 13 10 9 5 66 3 38 37 93 29 83 85 20 18 72 35 109 86 43 90 27 63 17 32 28 112 105 110 64 78 22 26 96 56 68 34 31 23 33 57 6 7 16 30 46 55 49 50 42 11 2 8 58 47 54 52 60 48 24 51 25 21 45 53 39 0 1 4 19 12 36 44 40 41
16 16 49 48 51 63 46 45 22 105 47 110 50 68 24 55 72 20 64 57 109 42 8 37 56 66 11 38 6 25 21 43 96 7 2 112 85 17 93 18 86 12 33 0 1 34 78 44 26 32 15 90 36 29 28 14 4 83 41 35 27 58 54 40 30 52 31 39 60 19 23 53 3 13 10 9 5
15 15 14 10 9 66 13 5 3 37 38 29 93 63 85 72 20 110 17 43 86 105 22 64 18 96 68 90 35 83 7 26 28 56 16 11 57 109 27 6 32 112 78 55 46 49 42 8 2 58 54 23 33 47 52 50 34 48 60 19 4 31 51 24 45 30 25 21 53 44 12 0 39 1 41 40 36
20 20 56 6 2 64 17 50 105 72 0 1 43 110 7 66 63 93 42 8 38 57 49 33 11 68 16 22 85 55 48 46 86 96 58 51 47 45 54 15 37 78 52 3 90 60 29 14 83 36 44 27 19 109 40 41 32 28 24 35 34 53 4 25 21 18 31 13 112 30 39 10 23 12 9 5 26
22 22 49 48 16 51 45 109 50 96 46 47 55 105 24 112 110 11 72 42 37 63 68 20 66 38 8 78 57 64 56 25 93 21 86 6 43 2 18 85 7 90 83 28 17 27 4 34 32 29 33 35 30 12 0 1 14 19 40 58 31 15 23 44 54 36 52 60 41 39 53 26 10 3 9 5 13
55 55 57 68 42 8 17 46 51 110 47 24 78 22 50 45 16 49 86 63 48 105 20 64 34 18 109 56 6 85 2 3 83 30 37 112 43 90 28 72 33 38 35 66 23 32 27 31 29 25 21 7 0 1 15 26 96 93 13 58 14 10 54 53 11 9 52 5 12 60 44 19 36 40 41 4 39
57 57 68 55 42 8 110 17 78 34 24 86 47 50 63 46 49 16 22 64 51 105 45 37 72 48 18 20 56 31 30 85 28 66 83 6 38 32 27 33 109 3 11 23 112 35 43 90 2 26 96 7 25 29 21 15 93 58 13 0 1 14 12 10 54 44 53 9 36 60 4 52 5 41 40 39 19
27 27 35 83 34 28 31 32 90 30 33 85 18 23 86 29 78 26 93 37 112 25 38 21 96 24 109 57 58 56 43 6 14 47 53 55 64 42 68 66 72 20 110 8 22 2 46 105 45 17 15 54 16 60 50 51 49 11 63 52 7 0 1 12 13 48 10 9 3 4 5 41 19 44 40 39 36
28 28 34 31 27 32 30 33 90 85 23 83 86 35 78 29 26 93 37 112 18 25 38 21 109 57 96 24 56 58 43 6 14 64 47 55 53 68 66 42 72 20 110 22 2 8 46 105 15 17 45 54 16 50 60 49 51 11 63 7 52 0 1 12 13 48 10 9 3 4 5 41 44 19 39 36 40
29 29 18 35 14 83 23 33 27 90 32 28 85 15 26 86 37 66 78 38 31 34 93 30 24 13 25 21 112 96 43 10 56 58 9 6 5 109 47 64 20 57 72 3 53 110 55 22 42 46 45 54 63 105 8 7 16 60 68 51 11 52 49 50 12 48 4 19 2 39 17 44 36 40 0 41 1
