3 3 15 13 14 10 11 4 9 8 5 7 17 16 12 6 57 44 19 20 39 55 42 22 50 41 46 45 36 49 38 37 47 51 21 48 40 33 56 29 25 24 43 2 23 34 18 30 28 32 26 52 27 35 0 1 31 58 54 60 53
4 4 11 19 12 7 44 41 39 20 40 3 18 36 21 22 6 25 56 50 45 15 43 2 13 14 37 33 8 49 35 48 16 17 29 38 10 57 46 23 51 26 9 28 27 32 42 5 55 0 1 24 30 58 31 47 34 54 60 52 53
6 6 56 20 2 15 50 43 0 1 14 33 37 38 3 25 29 12 22 4 21 45 49 11 17 7 8 46 16 57 48 36 55 13 10 58 35 30 23 32 9 52 54 42 47 28 60 5 24 27 51 34 41 40 31 44 19 18 39 53 26
7 7 11 44 40 36 41 19 39 12 4 20 3 33 22 56 6 21 43 25 45 37 50 15 38 14 16 2 13 49 30 17 18 46 29 8 28 32 10 48 51 27 47 9 57 5 55 0 24 52 1 23 26 58 31 35 34 42 54 60 53
8 8 57 55 42 17 50 3 24 46 47 18 51 20 22 16 45 48 34 49 15 13 6 56 4 11 14 23 12 35 43 10 2 27 32 21 29 28 9 7 30 25 37 33 5 38 31 26 36 52 0 1 44 39 19 58 54 60 41 53 40
11 11 4 19 7 12 39 44 41 36 40 3 22 20 21 6 25 45 16 50 49 43 15 37 56 46 38 13 48 18 14 8 33 2 51 10 55 47 57 9 30 5 29 32 26 52 24 42 27 28 35 0 17 1 23 58 34 54 31 60 53
12 12 11 4 44 19 7 41 39 21 40 25 20 36 45 6 22 50 3 43 56 37 16 49 33 38 2 46 18 26 48 8 55 15 51 30 32 29 28 57 47 27 17 23 52 35 58 14 0 1 42 34 13 54 31 60 24 10 53 9 5
14 14 15 13 10 9 5 38 37 6 29 33 3 56 20 43 21 35 25 23 30 28 36 11 18 32 4 7 27 45 50 22 2 16 12 17 8 48 49 55 24 57 40 46 31 26 52 34 41 58 47 39 0 1 54 44 19 60 51 42 53
15 15 14 10 9 13 5 6 3 38 37 20 56 33 29 2 11 4 50 12 7 8 17 43 16 21 45 23 0 1 22 25 36 18 57 27 32 30 35 48 28 49 55 24 41 40 19 42 31 46 34 39 44 47 51 26 52 58 54 60 53
16 16 48 46 49 22 45 51 50 47 3 24 55 8 57 20 42 12 11 52 56 37 6 38 21 43 25 15 4 2 33 36 14 13 7 18 17 10 32 30 29 9 54 23 28 0 34 39 1 40 35 5 44 41 58 27 19 26 53 60 31
18 18 35 23 29 24 57 32 27 4 33 28 55 26 30 34 8 47 25 31 22 42 37 21 16 14 46 17 38 45 49 50 11 51 36 56 6 20 43 48 52 7 12 15 2 58 19 54 13 40 53 3 39 60 44 10 9 0 1 5 41
20 20 56 2 6 4 17 50 43 7 0 1 12 45 11 33 37 57 21 8 25 16 55 42 38 22 49 46 44 36 3 15 58 19 14 29 52 39 54 47 51 41 60 32 28 30 27 23 35 40 48 53 26 24 13 34 18 31 10 9 5
22 22 49 48 16 51 45 50 46 47 55 11 36 24 8 52 38 37 6 57 12 42 20 43 18 4 7 21 56 25 17 40 33 2 3 30 41 39 34 44 23 29 32 19 35 14 27 28 26 15 0 1 58 54 31 60 13 53 10 9 5
23 23 35 32 27 30 29 28 33 34 31 18 21 26 25 24 37 57 38 43 14 52 36 49 56 20 50 45 47 6 8 16 46 54 7 22 55 12 15 4 51 2 48 58 42 60 53 17 13 44 3 40 11 0 1 10 39 9 41 5 19
25 21 25 26 12 45 33 37 43 28 27 32 38 29 6 35 30 20 23 18 4 11 50 58 31 34 48 56 46 16 7 22 36 44 54 53 40 49 52 60 19 2 47 51 57 14 39 41 8 17 55 24 42 15 3 0 1 13 10 9 5
26 26 21 25 18 37 35 58 27 23 32 28 29 53 33 34 31 30 54 43 60 38 45 12 52 57 24 20 4 56 6 50 36 8 49 55 16 46 14 22 11 7 48 42 51 2 17 15 47 44 40 41 39 19 3 0 13 1 10 9 5
27 27 28 35 32 23 31 30 34 33 29 18 26 25 21 37 38 24 52 57 14 36 56 20 43 49 45 6 7 54 58 50 8 15 53 46 2 22 42 48 47 16 55 60 51 17 12 13 40 11 4 3 10 39 41 0 1 9 5 44 19
28 28 27 32 31 34 30 23 33 21 29 25 35 18 26 37 38 43 24 57 52 36 14 56 49 20 45 58 50 12 6 7 8 53 16 46 2 54 22 48 42 47 15 55 51 11 17 4 60 44 3 19 40 0 1 39 13 41 10 9 5
29 29 35 23 14 18 33 32 27 28 30 37 25 15 38 34 31 6 26 21 43 13 56 10 57 24 9 20 36 5 45 52 22 58 49 4 7 47 55 16 8 46 11 12 50 51 3 17 54 42 53 48 2 60 40 41 39 19 44 0 1
30 30 28 32 27 34 23 31 33 36 35 37 29 26 38 21 25 18 24 43 57 20 52 7 56 49 45 58 6 47 22 40 14 46 12 8 16 51 48 11 42 44 50 53 54 39 55 17 60 41 4 15 3 2 10 19 9 5 0 1 13
32 32 28 35 27 31 52 23 34 30 33 29 26 25 18 21 37 43 49 38 58 54 53 56 24 57 36 20 60 14 45 6 7 46 48 16 8 22 50 51 12 42 15 47 11 55 2 17 3 40 4 41 44 39 13 10 19 0 1 9 5
33 33 35 28 32 31 27 34 23 56 30 21 29 25 49 20 37 6 14 26 45 38 7 18 22 43 52 15 50 2 16 46 36 12 24 47 48 51 54 57 4 8 0 13 58 1 11 60 53 42 55 19 10 44 9 17 3 41 5 40 39
36 36 40 7 39 44 41 19 11 38 37 30 4 22 12 43 20 21 25 16 45 49 3 6 50 33 56 46 29 32 48 28 58 52 2 27 51 54 14 18 35 47 8 15 57 60 55 23 17 34 31 26 53 42 24 13 0 1 10 9 5
38 37 38 43 26 36 21 14 25 58 6 45 30 29 20 22 50 54 56 60 33 52 53 32 2 15 12 16 7 49 11 17 46 28 40 27 31 34 57 4 55 48 51 23 41 13 0 1 8 44 47 39 18 10 35 42 19 9 24 5 3
43 43 37 58 54 20 60 56 38 21 52 36 2 53 25 50 6 45 17 32 30 22 12 29 49 26 0 1 33 16 7 57 28 46 27 55 8 40 18 4 42 23 11 35 34 51 47 31 14 48 15 41 39 24 44 3 13 19 10 9 5
45 45 16 46 48 51 22 47 49 50 21 20 25 24 37 38 12 55 43 33 56 57 8 6 42 52 11 36 2 4 18 3 17 29 30 7 26 32 58 28 0 40 14 1 54 15 34 60 27 23 44 53 19 41 39 35 13 31 10 9 5
46 46 47 51 16 49 45 55 50 48 22 24 57 8 42 20 52 17 56 21 38 37 12 25 33 43 6 2 11 18 4 34 32 30 26 54 23 7 36 29 28 0 58 1 27 3 53 14 35 60 41 44 19 39 40 31 15 10 9 5 13
49 49 52 48 46 16 22 51 50 47 45 33 54 55 8 24 57 32 43 42 53 17 2 37 58 20 60 38 11 6 12 56 36 3 21 18 4 28 25 0 1 27 29 7 30 14 23 15 35 40 19 31 39 41 34 44 13 26 10 9 5
50 50 8 56 20 46 57 16 49 42 55 2 45 6 51 48 47 22 43 17 21 37 24 25 38 0 1 12 18 52 33 3 4 11 23 36 58 30 7 29 34 32 15 26 35 54 28 14 60 27 40 31 53 13 44 10 41 19 9 39 5
52 52 54 49 53 32 58 60 43 46 37 22 48 16 21 26 33 25 45 28 50 30 56 47 29 27 20 38 51 23 35 18 31 6 36 34 2 8 24 55 42 12 11 57 7 17 0 1 4 14 40 15 41 39 3 44 19 13 10 9 5
55 55 57 8 42 46 17 51 50 47 24 22 16 18 49 45 48 20 34 3 56 43 23 37 6 35 30 38 52 25 27 2 12 4 29 32 33 11 31 28 26 15 7 14 54 13 21 36 0 1 58 10 53 9 60 41 44 39 40 5 19
57 57 8 55 42 17 50 18 34 24 46 47 51 22 16 45 48 49 20 23 3 35 32 27 30 31 28 33 29 26 37 6 43 56 4 25 11 12 38 15 14 2 7 36 21 52 13 58 40 10 54 0 1 9 39 44 53 5 19 60 41
