32 32 112 35 31 34 28 83 30 27 33 90 109 18 23 26 29 85 86 78 93 43 25 37 21 58 24 56 57 38 6 96 47 53 14 68 54 46 60 64 20 52 55 42 45 66 22 72 8 16 15 110 51 7 105 50 48 12 2 11 63 49 13 17 10 19 39 4 9 44 5 36 0 1 3 40 41
38 38 37 43 96 26 90 105 14 85 66 110 58 72 29 20 93 32 86 15 22 53 31 25 34 21 18 54 83 13 16 49 28 30 60 27 52 35 46 64 10 7 112 68 48 47 78 57 9 56 45 50 5 6 11 51 55 63 109 3 2 42 17 8 23 33 19 24 4 44 36 12 40 41 0 1 39
7 7 36 44 40 41 11 96 19 39 12 63 4 72 20 64 93 37 68 56 38 22 90 6 49 16 25 21 66 2 105 48 85 43 50 109 17 45 86 51 110 46 14 55 83 47 57 78 112 0 1 33 28 15 27 35 58 32 29 42 18 34 54 8 24 52 31 60 30 13 23 26 53 10 3 9 5
11 11 4 12 64 19 7 39 44 63 72 41 36 40 22 20 25 21 96 68 49 16 37 48 66 56 6 105 50 110 78 45 2 51 86 85 38 43 93 57 17 47 33 46 90 0 1 42 24 28 29 35 27 32 15 8 58 14 34 31 109 18 83 55 26 54 23 30 52 60 53 112 13 3 10 9 5
43 43 37 58 54 52 60 56 96 20 53 38 6 2 25 21 50 105 90 17 85 110 72 66 32 29 0 1 26 86 35 22 33 49 42 16 64 7 8 57 18 93 46 63 28 27 55 45 47 68 15 83 31 14 78 51 11 12 34 48 109 30 23 19 24 44 4 3 36 40 41 39 13 10 9 5 112
46 46 47 109 51 45 16 49 55 48 112 50 105 24 22 110 42 8 57 68 37 25 21 56 20 6 17 93 38 18 2 43 72 33 66 32 64 85 96 34 86 78 35 26 0 1 30 11 28 31 58 27 7 29 83 90 12 23 14 54 15 52 60 53 41 36 40 4 44 3 13 63 10 19 9 5 39
14 14 15 13 10 9 37 5 3 66 38 93 29 83 43 85 20 17 27 72 32 109 28 26 86 90 35 18 112 63 105 22 78 31 110 34 56 64 30 6 96 49 58 23 33 57 7 50 16 42 2 68 46 55 8 25 47 21 11 53 48 54 45 51 24 4 52 0 1 60 44 36 19 40 41 12 39
16 16 49 48 51 45 46 63 47 22 105 50 110 24 37 68 55 72 42 20 57 8 56 38 11 6 109 43 66 64 25 21 2 17 96 78 7 86 18 93 12 112 85 33 4 0 1 58 44 26 32 35 34 54 36 29 14 90 41 19 39 28 52 15 83 60 27 40 30 53 31 23 3 13 10 9 5
15 15 14 10 9 13 5 66 3 37 38 29 93 63 85 17 20 43 72 110 86 22 64 26 56 105 18 68 35 83 6 7 16 27 57 49 28 32 58 42 96 33 90 55 34 109 2 23 31 8 112 50 11 48 30 46 78 54 47 25 21 45 53 60 52 51 24 19 4 44 0 1 12 36 40 41 39
20 20 56 6 2 64 17 50 105 72 0 1 43 7 110 66 42 93 63 8 49 33 38 57 48 11 16 22 85 55 68 36 44 46 45 40 47 51 41 86 19 14 96 15 3 90 58 54 37 4 35 24 52 29 18 39 60 78 32 34 28 109 12 13 27 53 112 30 83 25 21 10 23 31 9 5 26
22 22 49 48 16 45 51 50 109 47 46 96 55 24 37 105 112 11 42 63 110 8 72 38 20 66 68 57 78 25 21 56 43 93 6 64 86 18 4 2 7 90 17 85 12 19 33 34 35 40 14 44 30 58 28 0 29 1 83 27 15 32 39 36 54 23 31 41 52 60 26 53 13 3 10 9 5
55 55 57 42 68 8 17 46 51 47 24 110 50 78 22 45 49 48 16 63 86 18 37 20 34 56 64 105 6 72 2 3 43 30 38 66 85 83 25 33 35 21 23 28 31 27 7 90 32 15 0 29 1 93 109 26 13 58 10 14 9 54 44 5 112 36 12 52 60 40 53 41 19 11 39 4 96
57 57 68 55 42 8 17 110 78 34 24 86 47 50 46 63 49 45 16 37 22 48 51 64 18 30 56 31 20 72 28 6 85 105 83 27 3 66 23 32 38 33 35 43 2 112 11 90 26 25 109 21 7 29 15 96 4 19 58 0 13 93 1 14 12 10 9 39 44 54 53 5 60 41 40 52 36
27 27 35 83 31 34 28 32 30 33 90 18 23 29 85 26 86 37 78 112 93 25 21 24 38 109 57 43 56 96 6 58 14 68 47 54 53 55 42 60 64 2 20 8 52 66 45 15 46 72 17 22 110 50 51 16 49 63 105 0 7 12 1 48 13 10 9 3 19 11 4 5 44 39 36 40 41
28 28 31 34 27 32 30 33 90 23 35 85 83 86 29 78 26 37 112 18 93 25 21 24 38 109 57 56 43 6 96 58 14 68 47 54 55 42 64 53 60 2 20 8 66 15 52 45 72 46 17 22 110 50 51 16 49 63 105 7 0 1 12 48 13 10 9 3 11 19 4 5 44 39 36 40 41
29 29 18 35 14 23 33 83 27 37 90 32 28 15 26 85 31 38 86 34 66 78 30 93 24 25 21 112 43 56 58 6 10 96 13 47 9 53 109 57 20 5 64 54 72 22 110 45 55 42 3 60 16 51 68 8 52 48 105 46 7 50 63 49 11 12 2 19 4 17 39 44 36 0 1 40 41
