3 3 15 13 14 10 11 4 9 8 5 7 17 16 12 6 44 19 57 20 39 55 42 41 50 22 46 45 37 38 36 49 47 40 48 51 21 33 56 25 24 29 43 2 23 34 30 18 52 28 26 32 27 0 1 35 31 53 58 54 60
4 4 11 19 12 7 41 44 39 20 40 3 18 36 21 22 6 25 56 50 45 15 43 2 13 14 35 37 17 48 49 33 8 16 29 10 38 23 57 46 9 51 26 5 27 42 28 0 32 1 24 55 30 58 31 47 34 54 60 52 53
6 6 56 20 2 15 50 43 0 1 14 37 33 3 38 25 29 12 22 21 4 45 49 11 17 7 46 16 57 8 13 10 48 36 55 9 35 58 23 30 32 52 47 5 54 42 28 24 60 51 27 34 41 40 44 19 39 31 18 53 26
7 7 11 44 40 36 41 19 39 12 4 20 3 33 22 56 6 21 37 43 15 25 50 45 38 14 13 2 16 17 30 49 46 8 18 29 10 28 32 48 9 57 51 27 47 5 55 0 1 26 52 23 42 24 31 58 35 34 54 60 53
8 8 57 55 42 17 50 3 24 46 47 18 51 20 22 16 45 48 34 15 49 13 6 14 56 4 11 23 10 35 43 12 2 9 27 29 21 32 28 37 7 30 5 25 33 38 31 26 52 36 0 1 39 19 44 58 54 60 41 53 40
11 11 4 19 7 12 39 44 41 36 3 40 22 20 21 6 25 16 45 50 15 49 56 37 43 13 48 46 14 38 18 2 33 8 51 10 47 9 55 57 5 30 29 32 26 52 24 42 17 0 35 1 27 23 28 58 34 54 60 31 53
12 12 11 4 44 19 7 39 41 21 40 25 20 36 45 6 22 50 3 43 56 37 16 49 2 33 38 46 48 18 26 51 15 8 55 32 29 30 28 47 57 17 27 23 35 52 58 14 0 1 13 42 34 54 24 31 60 10 53 9 5
14 14 15 13 10 9 5 38 37 6 29 33 3 56 43 20 21 35 25 11 23 28 30 4 36 7 32 18 27 45 2 50 16 12 22 8 17 48 24 49 55 57 40 31 26 41 46 34 52 58 47 0 39 1 19 44 54 60 51 42 53
15 15 14 10 9 13 5 6 3 38 37 56 20 33 29 2 11 4 50 7 12 8 43 17 16 0 1 21 45 25 18 22 36 23 27 57 32 30 35 48 41 28 19 24 55 49 40 44 39 42 31 34 46 47 51 26 52 58 54 60 53
16 16 48 46 49 22 45 51 50 47 3 24 55 8 57 20 42 37 52 12 56 11 6 38 43 21 15 25 2 33 4 13 14 36 17 7 10 18 32 9 30 29 54 5 23 0 39 34 1 40 28 35 44 41 58 27 19 53 26 60 31
18 18 35 23 29 24 57 27 32 4 33 55 28 26 30 34 8 47 25 31 22 42 37 21 16 14 46 17 38 45 49 50 11 51 56 36 48 6 43 12 52 7 20 15 19 2 58 54 40 13 53 39 44 60 3 10 9 0 1 5 41
20 20 56 2 6 4 17 50 43 7 0 1 12 45 11 33 37 21 57 8 25 16 55 38 42 22 49 46 44 36 15 3 19 58 14 39 29 52 41 54 47 51 60 32 30 28 27 23 35 48 40 26 53 24 13 34 31 10 18 9 5
22 22 49 48 16 51 45 50 47 46 55 11 24 36 8 52 37 38 6 57 12 42 20 43 18 4 7 21 56 25 40 17 33 2 3 30 39 41 44 34 23 29 32 19 35 27 14 26 0 28 15 58 1 54 31 60 13 53 10 9 5
23 23 35 27 32 30 29 28 33 34 31 18 21 26 25 24 37 57 38 43 14 52 36 49 56 50 20 45 47 8 6 16 46 54 7 55 22 12 15 4 51 2 48 42 58 60 17 53 13 44 11 3 40 0 1 10 39 9 41 5 19
25 21 25 26 12 45 33 37 43 28 27 32 38 29 6 35 30 20 23 18 4 11 50 58 31 34 56 48 46 16 7 22 36 44 54 53 40 49 52 60 2 19 47 51 14 57 39 41 17 8 55 24 42 0 3 1 15 10 9 5 13
26 26 21 25 18 37 35 58 23 27 32 29 53 28 33 31 34 30 54 43 60 38 45 12 52 24 20 57 56 6 4 50 36 8 49 16 46 55 14 22 11 7 48 42 51 2 17 47 44 40 41 39 15 19 3 0 10 1 9 5 13
27 27 28 35 32 23 31 34 30 33 29 18 26 25 21 37 38 24 52 57 14 36 56 20 43 49 45 6 7 54 8 58 50 15 53 46 2 22 48 47 42 16 60 55 51 17 12 13 40 11 4 39 10 41 3 0 1 9 5 44 19
28 28 27 32 31 34 30 23 33 21 29 35 25 18 26 37 38 43 24 52 57 14 36 56 49 45 20 58 12 50 6 7 8 46 53 54 2 16 48 22 42 15 47 55 51 17 11 4 44 60 3 19 40 0 1 39 13 41 10 9 5
29 29 35 23 14 18 33 32 27 28 30 37 25 15 38 34 31 6 21 26 43 13 56 10 57 24 20 9 36 45 5 52 22 4 58 49 7 55 47 16 8 46 51 12 11 50 17 2 48 54 3 42 53 60 40 41 39 19 44 0 1
30 30 28 32 27 34 23 31 33 36 37 35 29 21 26 38 25 18 24 43 57 7 52 20 56 49 45 40 58 47 14 6 22 8 46 12 16 48 51 11 44 42 50 53 39 54 41 60 17 55 4 15 2 3 10 19 9 5 0 1 13
32 32 28 35 27 31 52 23 34 30 33 29 26 25 18 21 37 43 49 54 38 58 53 56 24 57 20 60 36 14 45 6 7 46 48 8 16 22 50 51 12 42 15 47 11 55 2 17 40 3 41 44 4 39 13 10 19 0 1 9 5
33 33 35 28 32 31 27 23 34 56 30 21 29 25 49 20 37 6 14 26 45 7 38 18 22 43 52 15 50 2 16 46 36 48 24 12 47 51 54 57 8 4 13 0 1 58 60 11 53 42 19 55 10 44 9 41 17 3 40 5 39
36 36 40 7 39 44 41 19 11 37 38 30 4 22 12 43 20 21 25 3 16 49 45 6 50 56 33 46 48 29 32 58 28 2 52 51 27 54 14 47 35 15 60 18 17 57 8 23 55 34 31 26 53 42 13 24 0 1 10 9 5
38 37 38 43 26 36 21 14 25 6 45 58 30 29 20 22 50 56 54 60 33 52 32 53 2 15 12 16 7 49 11 46 40 17 28 27 31 34 57 48 4 51 55 13 41 23 44 47 0 1 8 39 35 10 18 42 19 9 24 5 3
43 43 37 58 54 20 60 56 38 21 52 2 36 53 25 50 6 45 17 32 30 12 22 29 49 26 0 1 33 16 7 57 28 46 27 55 40 8 18 4 42 23 35 11 51 34 47 31 48 14 41 39 15 24 44 3 13 19 10 9 5
45 45 16 48 46 51 22 47 49 50 21 20 25 37 24 38 12 55 43 33 56 57 8 6 42 52 11 36 2 4 18 17 3 29 30 7 26 58 32 28 40 0 1 14 54 15 34 60 27 23 44 19 53 41 39 13 35 31 10 9 5
46 46 47 51 16 49 45 55 50 48 22 24 57 8 42 20 17 52 56 37 21 38 12 25 43 33 6 2 11 18 34 4 32 30 54 23 36 7 29 0 28 1 58 27 3 53 26 14 35 44 41 60 19 39 40 31 15 10 9 5 13
49 49 52 48 46 16 22 51 50 47 45 33 54 55 8 24 53 57 43 42 32 37 58 60 17 2 20 38 11 12 6 56 36 3 21 18 4 25 28 0 1 27 29 7 30 35 15 23 14 40 19 31 39 41 44 34 13 26 10 9 5
50 50 8 56 20 46 57 16 49 42 55 2 45 6 51 47 48 22 43 17 21 37 24 0 25 38 1 12 52 18 33 3 4 23 11 36 15 7 58 29 34 30 32 26 35 14 54 28 60 27 40 31 53 13 44 10 19 41 9 39 5
52 52 54 49 53 32 58 60 43 46 48 22 37 16 21 26 45 25 33 28 50 30 47 51 29 56 27 20 38 35 23 31 18 36 6 34 2 8 24 55 12 42 11 57 7 17 4 0 1 14 40 15 39 41 3 44 19 13 10 9 5
55 55 57 8 42 46 17 51 47 50 24 22 16 18 49 45 48 20 34 3 56 23 43 37 35 6 30 52 38 2 25 27 29 12 32 4 33 31 11 15 28 26 14 7 21 13 54 36 0 1 10 58 53 9 41 44 60 39 5 40 19
57 57 8 55 42 17 50 18 34 24 47 46 51 16 45 22 49 20 23 48 3 35 32 27 30 31 28 29 33 37 26 6 56 43 4 25 11 12 38 15 14 2 7 36 21 52 13 58 10 40 0 54 1 41 9 39 44 53 5 19 60
