3 3 15 13 14 10 11 4 9 8 5 7 17 16 12 6 57 20 44 19 55 39 42 22 50 46 45 41 36 49 38 47 21 51 33 48 37 29 40 25 56 43 24 2 23 34 18 30 28 32 52 26 27 35 0 1 31 58 54 60 53
4 4 11 19 12 7 44 41 39 20 40 3 18 36 21 22 25 6 50 56 45 43 15 8 33 2 37 49 16 13 48 38 14 35 17 29 57 46 10 26 23 28 51 27 32 9 55 42 5 0 1 24 30 58 31 47 34 54 60 52 53
6 6 56 20 2 15 50 43 0 1 14 33 37 38 25 3 29 12 22 4 45 11 17 49 21 8 7 57 16 46 36 55 48 58 13 35 10 30 32 23 52 54 42 28 9 47 60 24 27 34 5 51 31 41 40 18 44 53 19 39 26
7 7 11 44 40 36 41 19 39 12 4 20 3 33 22 56 6 21 45 43 25 50 38 37 15 16 14 49 30 2 13 46 8 18 29 28 17 32 48 51 27 10 47 57 9 55 52 23 5 26 24 0 1 58 31 35 34 42 54 60 53
8 8 57 55 42 17 50 3 24 46 47 18 51 20 16 22 45 48 34 49 15 6 4 11 13 56 12 23 14 43 35 27 10 2 32 21 28 7 25 30 33 29 9 37 38 31 5 26 36 52 0 1 44 39 19 58 54 60 41 53 40
11 11 4 19 7 12 39 44 41 36 40 3 22 20 21 25 6 45 16 50 49 43 15 37 46 56 38 18 48 13 8 14 33 2 55 51 10 57 47 30 9 32 29 5 26 52 42 28 27 24 35 23 0 1 17 58 34 54 60 31 53
12 12 11 4 44 19 7 41 39 21 40 25 20 36 45 6 22 50 3 43 56 16 37 49 33 38 46 2 26 18 8 55 30 15 32 48 29 57 28 51 47 27 23 52 58 17 35 14 0 34 1 42 13 54 31 60 24 53 10 9 5
14 14 15 13 10 9 5 38 6 37 29 33 3 20 56 43 35 21 25 36 23 30 28 18 11 32 45 7 27 4 22 50 17 16 12 2 8 49 57 48 24 55 46 40 52 31 26 34 58 47 41 39 54 0 1 44 60 51 19 42 53
15 15 14 10 9 13 5 6 3 38 37 33 20 29 56 2 11 4 50 12 7 17 8 43 16 45 23 21 22 36 25 18 0 1 27 57 32 30 35 48 28 49 55 24 41 46 42 40 31 34 19 47 39 44 51 26 52 58 54 60 53
16 16 48 46 22 49 45 51 50 47 3 55 24 8 57 20 42 12 11 6 56 38 52 37 21 43 25 4 2 15 33 36 14 13 18 7 17 32 30 10 29 28 9 34 23 54 0 1 35 39 40 44 41 58 5 27 19 26 53 60 31
18 18 35 23 29 24 57 32 27 4 33 28 55 26 30 34 8 47 25 22 31 42 37 14 16 21 46 38 17 50 45 49 11 51 36 56 6 20 43 7 52 15 12 48 2 58 13 19 54 40 53 3 10 39 60 44 9 5 0 1 41
20 20 56 2 6 4 17 50 43 7 0 1 12 45 11 33 37 57 8 21 16 25 42 55 38 22 49 46 36 3 44 15 58 14 54 29 52 19 39 60 47 51 32 28 30 41 27 23 35 53 26 40 48 24 34 13 18 31 10 9 5
22 22 49 48 16 51 45 50 46 47 55 11 36 24 8 38 52 6 57 37 12 42 20 43 18 4 7 21 56 25 17 33 2 40 3 30 41 26 39 29 23 34 32 44 19 14 35 27 28 58 15 0 1 54 60 31 53 13 10 9 5
23 23 35 32 27 30 29 28 33 34 31 18 26 21 25 24 37 57 38 43 14 52 36 49 56 20 50 45 47 6 8 46 7 54 22 55 12 15 4 16 58 51 48 2 42 60 53 17 13 3 44 10 0 40 1 11 39 9 5 41 19
25 21 25 26 12 45 33 43 37 28 27 32 38 29 6 30 35 20 23 18 11 4 58 50 48 34 31 56 46 16 7 36 22 44 54 53 40 52 60 49 19 47 51 2 57 39 14 41 8 17 55 24 15 42 3 0 1 13 10 9 5
26 26 25 21 18 37 35 58 27 32 28 23 53 29 33 34 31 54 30 43 60 38 52 12 45 57 4 20 56 6 24 50 8 36 49 55 16 46 22 11 14 7 48 42 51 2 17 15 47 44 41 39 40 19 3 0 13 1 10 9 5
27 27 28 35 32 23 30 31 34 33 29 18 26 25 21 37 38 52 24 57 14 36 56 20 43 49 45 6 7 58 54 50 8 15 53 46 2 22 42 16 47 55 48 60 51 17 12 13 4 11 40 3 10 0 41 39 1 9 5 44 19
28 28 27 32 31 34 30 23 33 29 25 21 35 18 26 37 38 43 57 24 52 36 56 14 49 20 58 45 50 6 12 7 8 53 16 46 2 54 22 42 48 15 55 47 4 51 11 17 60 44 41 19 0 3 40 1 13 39 10 9 5
29 29 35 23 14 18 33 32 27 28 30 25 15 37 38 34 31 6 26 21 13 43 10 56 9 24 57 36 20 5 45 52 22 49 58 4 7 47 55 16 8 46 50 11 12 3 51 17 53 42 54 48 2 60 40 41 39 44 19 0 1
30 30 28 32 27 34 31 23 33 36 35 29 37 26 38 21 25 18 24 43 57 20 56 52 7 49 45 6 58 22 47 14 46 40 12 8 16 51 48 11 50 42 53 44 54 55 17 60 39 41 4 15 3 2 10 19 9 5 0 1 13
32 32 28 35 31 27 52 34 23 30 33 29 26 25 18 21 43 37 49 38 58 54 56 53 57 24 36 20 14 60 45 6 7 46 16 48 8 50 22 42 12 51 15 47 55 11 2 17 3 4 40 41 44 13 39 10 19 0 1 9 5
33 33 28 35 32 31 27 34 56 23 30 21 29 25 49 20 6 14 37 26 45 38 7 18 22 43 52 50 15 2 16 46 36 12 24 47 4 54 57 48 51 8 58 0 11 1 60 13 53 42 55 19 10 44 9 3 17 41 5 40 39
36 36 40 7 39 44 41 19 11 38 37 30 4 22 12 43 20 21 25 45 16 6 49 50 3 33 56 29 46 32 28 48 52 58 27 2 14 51 18 54 8 55 57 35 15 47 23 60 17 34 31 26 53 42 24 0 1 13 10 9 5
38 37 38 43 26 36 21 58 14 25 6 45 30 22 20 29 50 54 56 60 53 52 33 32 2 15 12 16 7 17 49 46 11 28 27 31 34 57 40 55 4 23 0 48 51 1 8 41 13 47 44 18 39 42 10 35 19 9 5 24 3
43 43 37 58 54 20 60 56 38 21 52 36 53 2 25 50 6 45 17 32 22 30 12 29 26 49 0 1 33 16 57 7 28 46 27 55 8 4 18 42 40 23 11 34 35 31 47 51 14 15 48 41 39 24 3 44 13 19 10 9 5
45 45 16 46 48 51 22 47 49 21 50 20 25 24 38 37 12 55 43 33 57 8 56 6 42 11 36 52 2 4 18 3 30 29 7 17 26 32 58 28 14 0 1 54 40 15 34 60 27 23 44 53 19 41 39 35 31 13 10 9 5
46 46 47 51 16 49 45 55 50 48 22 24 57 8 42 20 52 17 56 21 38 12 25 37 33 43 6 2 18 11 4 32 34 30 26 7 54 29 36 23 28 0 58 1 3 27 53 14 35 60 41 44 19 39 31 40 15 10 9 5 13
49 49 52 48 46 16 22 51 50 47 45 33 55 54 8 24 57 32 42 43 53 2 20 17 37 38 58 60 6 11 56 12 36 3 28 4 18 21 25 0 1 27 7 29 30 14 23 15 35 40 19 31 41 39 34 44 13 26 10 9 5
50 50 8 56 20 46 57 16 49 42 55 2 45 6 48 51 47 22 43 17 21 25 38 24 37 0 1 12 18 52 33 3 4 23 11 36 58 7 34 29 15 26 30 35 32 54 28 14 60 27 31 53 40 13 44 10 41 19 9 39 5
52 52 54 49 53 32 58 60 43 46 37 22 16 48 33 21 26 25 28 45 50 30 56 29 20 38 47 27 51 23 35 6 18 31 36 2 34 8 55 24 42 12 11 57 17 7 0 1 14 4 15 40 39 41 3 19 44 13 10 9 5
55 55 57 8 42 46 17 51 50 47 24 22 16 18 49 45 48 20 34 3 56 43 23 37 6 38 30 35 25 52 12 27 4 2 32 11 33 29 31 28 26 15 7 14 36 54 13 21 0 53 1 10 58 9 41 44 39 40 5 19 60
57 57 8 55 42 17 50 18 34 24 46 47 51 22 45 16 48 20 49 3 23 32 27 30 28 35 31 33 29 26 6 4 43 37 56 25 11 12 38 15 14 2 36 7 21 52 13 58 40 10 54 0 1 9 53 39 44 5 60 19 41
