32 32 112 83 35 31 34 28 30 90 109 33 78 27 86 85 29 18 26 93 23 96 38 25 21 37 66 57 43 64 56 24 6 58 54 110 46 55 42 105 53 14 60 68 72 63 8 2 52 47 20 17 22 51 45 15 49 50 16 48 0 1 13 11 12 10 7 3 9 4 5 19 40 39 36 41 44
38 38 37 96 90 105 85 66 110 14 86 43 29 93 83 22 72 20 78 13 63 64 58 15 26 10 68 109 46 28 35 54 9 16 112 49 52 5 60 7 27 32 53 18 48 31 34 3 33 25 21 55 56 30 57 23 47 50 6 11 2 42 51 45 40 8 36 17 12 19 4 44 0 1 41 39 24
7 7 40 36 44 41 96 11 19 12 63 39 72 4 64 93 20 68 90 66 105 38 85 25 21 22 109 110 86 16 83 78 43 37 56 49 112 46 48 57 6 50 45 55 2 14 17 29 47 58 51 15 42 33 54 8 52 60 28 32 34 0 1 13 35 53 10 26 27 31 23 9 24 30 5 18 3
11 11 4 12 64 19 63 7 39 44 72 40 41 36 68 25 21 22 96 66 20 105 110 78 85 86 16 49 48 109 93 45 43 56 90 112 57 6 2 51 29 46 37 38 28 17 83 50 47 58 33 27 15 34 32 26 55 54 18 35 14 0 31 1 52 42 60 30 53 8 23 24 13 10 3 9 5
43 43 58 54 37 52 60 96 53 56 20 38 6 25 105 21 2 66 90 85 110 50 17 72 86 26 0 1 83 22 93 68 29 63 64 33 49 28 78 16 32 42 46 48 112 109 27 8 57 7 35 14 51 45 55 18 47 34 11 15 31 12 30 23 13 40 10 4 36 3 9 41 44 5 39 24 19
46 46 47 109 51 45 105 112 16 48 110 55 49 50 22 68 24 57 42 8 17 93 72 38 20 25 21 63 66 64 85 56 86 78 18 96 6 83 37 32 43 2 34 90 27 29 7 28 30 14 33 0 1 58 35 26 12 31 11 23 15 54 3 52 13 60 40 53 10 19 36 4 9 44 5 39 41
14 14 15 13 10 9 5 3 66 38 29 93 85 37 90 96 83 110 86 72 105 18 109 63 17 35 20 112 68 64 78 43 22 28 32 27 46 26 56 16 57 58 49 34 6 23 33 11 55 31 50 48 47 30 54 2 25 21 52 7 60 53 42 51 24 8 45 4 0 1 41 19 12 44 39 36 40
16 16 49 48 51 22 45 105 63 46 47 110 68 50 109 24 55 72 64 66 112 38 57 96 20 42 25 21 85 8 11 86 93 56 7 78 17 37 18 43 6 2 83 90 29 34 4 28 40 12 36 14 44 27 15 30 39 32 58 19 33 41 35 0 1 54 26 52 23 60 31 53 13 10 9 5 3
15 15 10 14 9 13 5 3 66 38 29 93 85 17 63 110 72 37 86 96 90 105 83 20 68 64 43 18 22 78 109 35 112 57 32 28 56 11 16 46 55 27 6 42 50 26 7 49 31 51 8 58 54 2 47 52 30 34 48 60 23 33 25 21 53 45 12 44 24 0 1 4 19 41 36 40 39
20 20 56 64 6 2 105 50 17 72 110 66 43 0 1 63 93 68 7 42 38 85 49 8 57 86 11 55 78 96 16 22 46 109 58 48 33 54 37 83 52 47 90 60 40 45 36 51 24 112 25 21 19 53 4 3 29 14 15 34 44 12 18 28 41 39 13 35 31 10 30 27 9 32 23 26 5
22 22 49 109 48 96 16 105 112 45 110 51 46 47 66 72 55 68 38 78 50 11 64 86 63 24 93 57 85 90 20 43 42 37 17 7 8 83 25 21 12 56 4 29 6 2 58 40 44 14 36 54 19 18 15 52 60 33 41 35 28 32 26 34 53 39 31 3 13 27 0 1 10 9 30 5 23
55 55 68 57 42 8 17 110 51 78 46 47 24 63 50 49 86 22 48 45 16 105 109 34 64 83 112 85 56 18 66 20 3 6 72 90 28 2 38 33 32 96 31 27 29 93 43 35 25 21 30 15 7 37 26 14 0 1 23 13 11 10 58 54 40 9 36 52 12 60 5 44 19 53 41 39 4
57 57 68 42 55 8 17 34 110 78 24 86 63 50 51 47 46 83 49 22 64 85 31 105 18 30 90 28 56 32 109 112 48 33 3 20 6 35 93 16 29 66 27 23 72 96 26 2 38 11 45 37 43 14 15 25 21 7 58 0 1 13 4 39 10 53 19 12 54 9 60 5 52 40 36 44 41
27 27 83 35 34 31 28 90 32 30 78 33 86 85 29 18 93 26 23 112 37 96 109 25 21 38 57 64 66 56 24 6 58 110 72 55 14 43 68 105 42 63 53 54 8 60 50 2 17 22 47 20 46 52 15 45 49 51 16 48 13 11 0 1 12 10 7 3 9 4 5 19 41 39 40 44 36
28 28 34 31 90 32 30 27 78 33 86 85 83 35 29 93 23 112 26 18 96 109 37 25 38 21 57 64 56 66 24 6 110 58 55 72 68 105 43 14 42 63 8 54 53 50 2 17 60 47 22 46 20 49 52 45 15 51 16 48 11 13 0 1 12 7 10 3 9 4 5 19 41 39 40 44 36
29 29 18 83 35 90 85 86 66 14 78 38 32 28 23 33 27 93 96 31 34 37 112 30 15 26 13 110 64 72 43 10 105 25 21 57 24 109 68 9 56 58 63 5 6 20 22 42 2 3 55 8 53 46 16 54 49 47 51 17 60 48 50 52 11 45 0 1 7 4 12 19 40 39 41 44 36
