3 3 13 15 10 9 14 5 17 11 4 8 12 6 16 7 19 57 44 40 20 42 39 55 56 50 41 36 22 46 45 51 48 47 49 2 25 38 21 29 24 43 18 33 34 37 0 1 26 52 58 32 35 28 30 54 27 23 53 60 31
4 4 11 19 12 7 3 44 20 39 40 18 41 36 15 56 13 6 25 17 21 2 10 22 14 50 9 45 38 33 43 5 42 16 57 37 8 29 46 49 48 55 35 0 1 47 24 32 51 31 26 34 23 58 30 28 52 27 54 53 60
6 6 56 20 2 15 38 50 14 0 29 1 43 12 25 21 37 10 22 13 3 9 4 5 45 33 17 16 48 11 36 58 46 7 51 57 47 54 49 24 55 18 8 19 40 42 35 52 44 39 60 32 30 41 53 26 28 34 31 27 23
7 7 40 36 44 41 11 19 39 12 4 3 20 38 33 56 15 22 13 6 43 2 14 37 17 25 21 30 10 45 50 48 18 9 16 5 49 57 46 29 8 32 42 35 28 0 55 1 34 31 47 58 51 24 52 54 27 26 60 23 53
8 8 57 42 55 17 50 24 3 47 51 46 34 18 48 20 22 49 45 16 15 13 56 4 10 14 11 6 2 9 43 31 38 28 5 12 35 33 27 29 26 36 32 37 7 30 25 52 21 19 0 1 40 39 54 44 41 58 23 60 53
11 11 4 19 12 7 39 44 40 41 3 36 22 20 15 13 25 21 6 10 45 14 16 49 48 38 56 9 17 50 18 46 43 5 2 37 42 8 55 47 51 57 29 24 33 52 58 0 30 1 26 32 54 34 31 28 35 27 60 53 23
12 12 11 44 4 19 7 39 40 41 25 21 20 3 36 22 6 45 56 50 43 2 15 49 38 16 37 48 17 13 14 46 51 33 47 55 18 10 0 57 1 58 8 9 26 29 42 30 35 5 34 54 28 24 23 31 60 32 53 52 27
14 14 15 13 10 9 5 3 38 29 6 33 37 56 20 35 25 21 32 30 31 43 36 2 28 26 34 18 27 45 50 23 22 12 17 11 58 48 4 49 46 24 8 7 47 0 52 39 1 51 55 57 54 53 40 16 60 42 19 44 41
15 15 14 10 9 13 5 3 6 38 29 56 20 33 2 37 17 12 11 25 21 4 50 43 8 22 45 35 18 30 32 16 0 36 34 26 1 39 7 31 28 49 51 19 46 57 58 42 27 47 23 55 48 44 52 54 40 24 53 60 41
16 16 48 49 22 51 46 45 47 50 24 3 55 17 38 57 52 42 20 8 12 36 4 11 6 56 15 33 18 25 37 21 13 7 43 14 2 10 29 41 40 54 39 35 19 9 34 28 44 58 31 5 53 32 27 26 30 0 1 60 23
18 18 35 29 23 32 4 57 31 28 30 33 27 34 26 55 24 25 21 22 42 8 37 49 38 17 48 56 50 47 12 51 11 52 58 20 45 43 46 36 2 54 14 16 6 7 3 19 53 40 60 44 39 15 13 0 41 1 10 9 5
20 20 56 2 6 17 50 4 43 12 0 1 45 7 11 33 37 42 57 38 25 21 48 8 49 55 16 44 40 46 58 36 22 24 3 39 47 19 54 51 60 29 41 15 18 34 35 53 52 28 14 13 31 10 23 27 26 32 9 30 5
22 22 49 48 16 46 51 45 47 36 55 38 11 50 12 24 6 52 18 37 4 57 43 17 7 33 20 42 40 56 8 25 21 41 39 19 29 2 44 3 54 32 58 31 30 28 53 26 35 27 34 60 14 13 15 0 1 23 10 9 5
23 23 35 34 31 32 30 18 33 27 29 28 26 24 25 21 57 37 38 52 56 36 43 47 49 58 22 54 14 55 20 50 45 48 6 53 60 4 12 2 51 42 7 15 17 11 46 16 44 13 40 8 39 0 1 41 19 10 3 9 5
25 25 21 26 12 38 37 28 45 29 33 35 32 43 6 31 18 27 34 58 23 30 50 20 56 4 16 53 11 7 22 44 46 54 2 51 47 48 41 14 52 60 19 39 42 36 24 49 40 8 57 55 3 15 13 0 1 10 9 5 17
26 26 37 58 35 53 34 31 54 25 21 60 18 32 28 27 33 30 29 38 52 23 43 57 24 56 45 36 12 20 47 14 6 49 42 22 4 55 51 8 48 16 46 50 7 11 40 13 3 41 39 2 10 44 15 9 19 17 5 0 1
27 27 35 34 31 32 28 29 30 33 18 23 26 25 21 37 24 38 57 52 58 56 14 43 54 6 53 42 45 36 60 8 2 55 20 12 49 48 51 47 22 17 50 46 16 4 13 3 10 7 11 15 19 9 0 1 5 44 40 39 41
28 28 34 31 32 27 30 29 33 35 18 25 21 26 23 37 38 57 24 52 56 14 58 43 6 54 53 45 42 36 2 60 8 20 12 49 48 55 51 50 22 17 47 16 46 4 13 7 3 10 11 19 15 0 1 9 44 40 5 39 41
29 29 35 18 32 28 23 14 27 30 38 33 31 34 25 21 37 26 6 43 15 13 58 56 52 36 2 10 20 57 53 54 24 50 45 9 12 22 42 5 17 60 8 4 48 16 51 46 0 1 3 47 55 49 11 40 39 41 44 7 19
30 30 34 31 28 32 27 29 33 36 35 23 18 26 38 37 25 21 24 43 57 52 56 40 54 6 58 14 22 2 7 47 20 49 50 60 53 39 12 44 48 55 45 19 11 41 42 51 17 4 13 0 1 15 10 46 3 9 16 8 5
32 32 35 31 34 28 52 30 29 27 33 18 23 25 21 26 54 38 53 43 37 24 58 57 56 60 49 6 14 36 2 42 45 20 48 8 12 50 17 51 55 22 47 16 46 4 13 0 3 1 7 10 11 19 15 9 40 44 5 39 41
33 33 35 31 34 32 28 56 30 18 27 29 25 21 23 38 49 26 14 20 37 45 6 52 48 7 43 36 2 22 24 46 50 47 57 4 16 54 12 51 42 13 58 17 40 15 8 10 60 55 19 9 0 1 53 11 5 44 39 41 3
36 36 40 7 39 44 41 38 11 30 22 12 37 43 4 19 49 56 20 48 45 6 58 3 31 28 25 21 34 16 50 2 46 54 33 27 29 26 60 35 23 32 47 14 51 18 53 57 15 17 55 52 24 13 42 8 0 1 10 9 5
38 38 37 36 14 43 29 22 45 6 25 21 30 50 26 33 56 20 58 16 35 13 40 51 15 48 2 31 46 10 34 28 23 7 54 49 9 47 18 60 12 41 53 32 27 39 5 55 44 57 4 11 52 24 0 1 42 19 8 3 17
43 43 58 37 54 60 38 52 20 56 53 2 36 6 25 21 17 50 45 22 12 29 0 1 26 32 48 30 33 16 49 28 46 51 4 7 40 42 27 18 11 57 35 47 39 8 34 14 55 41 31 23 44 15 24 3 13 19 10 9 5
45 45 48 16 46 51 22 47 49 50 38 25 21 24 55 20 12 56 37 43 6 33 2 57 52 42 4 36 8 7 11 58 29 54 17 28 3 0 35 44 1 41 18 19 26 31 40 32 53 39 34 14 60 30 27 13 15 10 9 23 5
46 46 47 51 49 45 48 16 55 22 50 24 42 57 17 8 52 20 38 56 18 25 21 33 12 6 3 36 43 4 2 37 34 11 35 54 7 29 28 31 26 32 27 41 40 39 13 14 58 30 19 53 44 0 1 10 60 9 5 23 15
49 49 48 52 22 51 46 16 47 45 50 54 24 33 55 53 58 60 56 38 17 32 36 20 43 6 34 18 35 37 57 11 30 12 25 4 21 29 42 7 31 8 23 28 3 2 40 27 41 39 14 26 19 44 13 15 10 0 1 9 5
50 50 56 49 20 42 8 46 16 57 2 48 45 55 22 47 6 51 17 38 24 43 0 1 12 25 21 37 4 52 18 33 34 58 7 54 36 3 29 23 11 35 60 41 44 53 19 15 31 39 40 14 28 13 26 10 32 27 30 9 5
52 52 54 53 58 60 49 32 43 48 37 26 35 22 16 51 46 33 31 34 47 38 28 20 25 21 50 18 56 30 27 24 23 2 36 29 55 6 17 45 12 57 0 11 1 4 7 14 42 40 8 39 41 3 44 13 19 10 9 5 15
55 55 57 42 8 17 46 51 47 50 24 18 22 49 16 48 45 34 56 20 3 6 38 2 33 31 12 37 52 35 32 28 4 29 43 11 23 25 21 26 27 36 15 30 14 7 0 1 58 54 13 41 39 40 19 53 44 10 60 9 5
57 57 55 42 8 17 34 24 18 50 51 46 47 22 49 48 56 35 16 31 3 20 32 6 28 23 29 30 2 33 38 27 25 21 26 37 4 12 45 11 43 15 52 14 0 1 58 36 13 7 54 53 19 41 39 10 40 44 9 60 5
