32 32 112 83 35 31 34 28 30 90 109 33 78 86 27 85 29 18 26 93 23 96 43 38 37 25 21 66 56 57 64 46 58 6 54 24 55 60 110 14 52 105 42 53 2 72 68 63 8 15 22 20 17 50 49 45 16 11 0 51 48 1 13 47 7 12 10 4 9 3 19 5 41 39 40 36 44
38 38 37 96 14 90 105 85 66 110 29 86 43 22 15 83 93 13 72 10 20 9 28 78 46 63 64 5 16 7 68 35 27 58 26 109 49 32 112 3 55 54 18 48 34 31 57 52 11 60 33 53 30 47 23 25 21 56 42 40 50 36 51 6 8 45 19 2 4 12 44 17 41 39 0 1 24
7 7 40 36 44 41 96 11 19 12 63 39 72 4 64 20 93 68 90 66 105 38 22 16 85 25 21 110 109 43 86 56 37 49 46 83 78 57 14 48 55 112 6 50 15 2 17 45 29 47 58 42 51 54 32 13 8 28 52 33 10 60 34 9 0 1 27 35 53 5 31 23 30 24 26 3 18
11 11 4 12 64 19 63 7 39 44 72 40 41 36 22 68 20 96 25 21 66 105 110 16 49 78 85 86 48 109 93 43 57 56 90 45 6 112 2 46 51 37 15 83 29 38 17 47 50 33 14 55 58 28 32 34 54 0 27 1 52 26 42 35 60 31 10 13 8 53 30 23 9 3 5 24 18
43 43 58 54 37 52 60 53 96 56 6 25 20 21 105 2 66 90 38 85 50 110 17 72 86 22 26 29 0 1 83 32 28 63 68 93 16 49 33 112 7 27 46 48 64 78 14 109 42 15 35 11 8 57 51 18 45 47 55 34 31 30 40 13 10 23 12 36 9 4 41 5 44 39 3 19 24
46 46 47 109 51 45 16 105 112 55 48 110 49 50 68 22 24 57 42 8 17 72 93 38 63 20 25 21 66 64 85 86 78 56 37 43 83 32 18 96 6 7 27 28 2 34 90 14 29 15 35 11 33 58 30 12 31 40 54 13 0 1 36 10 52 26 3 44 60 23 9 4 53 5 41 39 19
14 14 15 13 10 9 5 3 66 38 93 29 37 96 85 90 110 105 72 83 109 86 20 63 22 17 43 112 68 64 46 16 28 18 32 11 78 49 27 56 55 35 6 58 48 57 47 50 7 26 34 54 31 2 52 30 60 51 53 4 25 21 42 39 45 19 8 23 33 12 24 0 1 40 36 41 44
16 16 49 48 51 46 45 63 105 47 22 110 68 50 109 24 55 64 72 66 112 57 38 11 7 20 42 25 21 96 8 85 56 17 86 43 37 93 18 78 6 40 4 36 15 90 2 14 83 12 29 44 34 27 28 39 41 19 58 33 35 30 54 32 52 0 10 13 1 60 26 31 9 23 53 5 3
15 15 10 14 9 13 5 3 66 38 29 85 93 17 63 37 96 110 72 20 86 105 43 90 22 68 64 83 11 109 78 16 46 112 7 28 56 32 49 18 58 6 57 27 50 54 48 55 2 52 35 42 60 47 31 26 8 25 53 21 4 30 19 51 34 40 45 36 12 0 1 44 39 24 23 33 41
20 20 56 64 6 2 105 50 17 72 110 7 66 63 43 0 1 93 68 11 42 49 16 85 38 96 8 22 86 40 57 46 78 36 48 109 55 58 33 19 83 54 15 37 47 4 14 45 44 90 52 51 12 60 24 112 41 39 29 28 25 21 53 34 3 13 18 10 27 9 35 31 30 32 5 23 26
22 22 49 109 48 96 16 105 46 112 110 45 51 55 11 47 66 68 38 72 78 64 50 57 86 63 43 20 7 93 24 85 90 37 17 42 8 12 4 83 25 21 14 56 15 29 40 58 44 6 36 19 54 2 52 41 60 32 28 13 10 39 53 35 33 26 18 3 9 27 34 31 5 0 1 30 23
55 55 68 57 42 8 46 17 110 51 47 78 24 49 50 63 86 22 48 45 16 109 105 34 112 83 64 85 66 56 18 28 72 6 3 38 20 32 90 2 27 33 96 29 7 31 93 43 35 14 25 21 37 30 26 11 0 1 15 23 40 36 13 12 58 54 19 44 10 52 60 9 41 39 5 53 4
57 57 68 42 55 8 17 34 110 78 24 86 63 50 46 51 47 49 22 83 64 105 31 85 18 30 109 16 48 90 56 112 3 28 29 11 33 32 6 35 93 66 20 23 27 96 72 38 26 2 7 37 45 15 14 43 25 21 4 19 58 0 1 13 40 12 36 39 10 44 53 9 54 41 5 60 52
27 27 83 35 34 31 28 90 30 78 32 33 86 85 29 18 93 23 26 112 37 96 38 109 25 21 64 57 66 56 43 24 6 58 55 110 14 72 68 105 54 46 63 42 53 60 15 22 8 2 17 52 20 50 49 16 45 11 48 13 51 47 7 0 1 12 10 4 9 3 19 5 41 39 40 44 36
28 28 34 31 90 30 32 78 27 33 86 85 83 29 35 93 23 26 112 18 96 37 109 38 25 21 64 57 66 56 24 43 6 55 110 14 58 72 68 105 63 42 54 50 46 22 8 15 2 60 53 17 20 47 52 49 51 16 45 11 48 13 7 0 1 12 10 4 9 3 19 5 39 44 36 40 41
29 29 18 83 35 90 85 86 28 32 38 78 27 66 23 33 31 96 14 93 34 112 37 30 15 43 26 110 64 72 57 105 25 58 21 68 13 56 22 20 109 24 6 46 63 55 2 54 42 10 53 16 8 60 11 52 9 49 50 5 17 48 45 3 51 0 1 47 7 4 12 19 39 41 40 36 44
