3 3 15 13 14 10 9 5 17 4 11 8 12 6 57 16 7 29 55 42 20 19 44 50 39 56 24 40 38 43 51 2 36 41 22 25 45 49 46 18 48 47 33 34 35 37 26 23 21 30 31 32 0 58 54 52 27 28 60 53 1
4 4 11 12 19 7 39 44 40 3 41 20 18 36 25 21 6 15 56 13 22 17 2 45 50 14 43 10 29 9 33 38 35 5 49 26 42 24 16 46 37 30 48 23 57 32 55 8 51 31 27 34 47 58 0 54 28 52 53 60 1
6 6 20 56 2 50 43 38 33 0 15 29 25 37 22 12 17 14 3 16 58 49 42 46 54 1 45 21 51 8 48 35 4 52 10 60 24 13 57 9 18 55 32 53 26 5 11 30 47 34 31 28 7 36 27 23 44 39 19 40 41
7 7 40 36 44 41 11 39 12 19 4 3 20 25 38 33 22 56 6 43 21 15 2 17 13 45 50 14 37 30 10 18 26 9 49 5 29 16 51 48 32 28 58 35 57 46 34 8 31 55 27 24 42 54 0 47 52 53 60 23
8 8 57 55 42 17 50 24 3 51 47 20 34 46 22 49 45 18 48 16 56 43 6 2 15 13 31 38 14 30 32 29 28 10 33 26 27 9 35 23 5 37 4 25 12 52 0 54 58 11 7 60 53 36 21 19 1 39 44 41 40
11 11 4 12 19 7 39 44 40 41 36 3 22 25 20 21 45 15 13 6 49 18 48 50 14 38 10 43 16 17 56 9 5 2 46 51 37 24 55 29 26 47 8 57 42 33 23 53 30 58 32 34 31 52 35 0 28 54 27 60
12 12 4 11 44 7 19 39 25 40 41 36 21 20 3 45 22 6 43 50 56 2 38 33 49 16 26 37 17 51 15 18 48 46 14 13 58 29 30 35 10 55 28 47 57 31 8 54 34 9 32 42 23 53 24 60 5 52 0 27 1
14 14 15 13 10 9 5 29 3 38 6 33 35 18 37 23 17 56 32 20 27 30 28 31 25 26 43 34 2 24 50 57 11 4 8 12 21 45 22 58 36 7 55 42 51 16 53 49 46 47 54 52 60 48 0 39 19 40 41 44
15 15 14 10 9 5 13 3 6 29 17 38 20 56 33 18 35 4 11 8 2 12 43 50 37 25 57 23 42 16 7 32 31 26 55 30 27 28 22 34 45 19 24 36 21 51 48 49 39 44 0 46 54 40 58 60 41 47 53 52
16 16 22 48 49 51 45 46 50 47 24 55 3 17 42 57 8 20 38 25 56 6 18 33 2 52 43 12 36 34 11 21 37 29 15 4 30 26 32 13 14 31 35 28 7 27 23 10 54 39 9 0 19 5 40 58 53 41 60 44 1
18 18 35 29 23 24 32 33 27 30 31 34 28 4 57 26 55 22 25 42 8 47 14 51 17 37 45 48 56 38 49 16 46 21 50 6 12 11 43 58 20 2 53 52 19 15 3 13 54 7 60 10 36 39 9 44 5 40 41 0
20 20 56 6 2 17 50 43 0 4 42 12 33 8 57 38 37 55 45 49 25 7 58 46 24 16 22 54 11 1 60 48 51 3 52 53 47 29 34 44 21 36 39 19 26 35 40 18 15 31 28 23 41 32 14 27 13 30 10 9 5
22 22 49 48 16 45 51 46 50 47 24 55 38 36 18 6 11 42 12 8 20 17 57 25 43 56 33 2 52 37 4 7 40 29 39 21 34 30 32 19 26 41 44 35 3 23 58 54 28 31 27 53 60 0 14 10 15 9 5 1 13
23 23 35 18 34 32 31 29 30 33 28 27 26 24 25 57 37 56 38 14 21 6 47 58 22 55 43 45 52 53 50 20 51 42 46 49 54 48 2 16 8 17 60 36 12 4 15 13 7 10 3 11 9 5 39 0 44 19 41 40
25 25 21 12 45 26 33 43 38 37 29 28 6 35 32 31 58 34 18 20 56 23 27 30 4 11 50 16 44 53 46 7 51 22 48 19 54 39 2 60 52 24 47 40 41 57 49 14 55 42 17 8 36 3 0 15 13 10 9 5 1
26 26 37 58 35 53 34 25 31 32 33 30 28 54 27 60 23 18 38 29 21 43 52 56 24 57 6 45 20 12 22 14 42 50 8 47 16 51 55 36 46 49 2 4 48 17 7 11 39 44 40 10 3 41 19 15 9 5 13 0
27 27 35 34 31 32 28 30 33 29 23 18 26 25 24 57 37 21 56 6 58 38 14 53 43 45 42 52 50 8 54 20 55 17 2 47 60 12 22 51 36 46 16 48 49 15 13 4 7 3 10 9 11 39 0 5 44 41 19 40
28 28 34 31 32 27 30 33 35 23 29 26 18 25 24 57 21 37 56 6 38 58 14 53 43 45 42 52 50 8 20 17 54 55 2 47 12 60 51 22 36 46 16 48 49 15 7 13 3 4 10 11 39 0 9 44 5 41 19 40
29 29 18 35 14 23 33 32 27 28 38 30 31 34 26 25 6 15 13 37 10 43 9 56 24 5 21 57 58 3 20 2 45 50 53 17 42 22 8 52 12 4 54 51 55 16 46 36 47 48 60 49 11 0 39 7 19 40 44 41 1
30 30 34 31 32 28 27 33 23 35 26 29 18 24 36 38 25 57 37 56 43 6 58 21 47 52 22 53 50 55 14 54 20 42 51 60 2 45 46 49 40 17 8 7 12 48 16 39 44 11 15 19 41 13 3 4 0 10 9 5
32 32 35 31 34 28 30 27 33 29 23 26 18 25 52 24 57 38 21 37 43 56 53 54 58 6 14 45 42 60 8 20 17 2 55 50 12 51 47 46 36 22 16 48 49 15 13 7 3 4 10 0 11 39 9 44 5 19 41 40
33 33 35 32 31 34 28 56 30 29 25 27 18 6 23 26 38 21 20 37 14 43 2 45 49 24 50 57 22 58 12 7 52 48 46 16 42 54 17 53 8 51 47 36 60 4 0 13 55 15 10 9 40 19 5 11 44 39 3 1 41
36 36 40 7 39 44 41 11 38 12 22 4 30 19 43 37 25 49 20 48 45 6 50 3 58 56 16 26 32 34 33 31 54 28 2 51 46 60 21 52 27 53 18 24 35 17 29 23 47 57 14 42 55 8 15 13 10 0 9 5
38 38 37 43 36 6 25 29 14 26 22 45 58 50 20 56 33 30 54 2 60 53 21 52 49 35 16 31 34 51 27 23 40 46 48 32 7 13 18 12 28 10 17 15 9 24 57 47 39 55 5 42 8 0 41 44 3 11 4 19 1
43 43 58 38 54 37 60 20 52 53 56 6 2 25 50 17 26 21 36 45 22 12 33 0 29 42 32 16 8 49 57 46 51 48 30 28 55 35 18 27 34 31 4 7 1 23 47 11 14 40 39 3 24 44 41 15 19 10 9 5 13
45 45 46 48 22 16 51 49 25 47 50 24 38 21 55 12 20 43 56 6 33 57 42 37 2 8 18 26 4 17 29 11 34 52 28 35 36 31 58 30 32 7 44 19 54 27 53 39 3 23 60 41 0 40 14 13 1 15 10 9 5
46 46 47 51 45 49 50 48 16 22 24 55 42 8 57 17 20 25 56 38 18 6 2 34 43 33 21 12 30 52 37 3 26 29 32 31 23 28 35 36 27 4 0 11 54 7 58 39 60 53 14 19 13 40 15 10 41 44 1 9 5
49 49 48 22 16 51 45 50 46 52 47 24 55 56 33 20 6 17 38 54 42 43 8 18 2 53 57 34 36 30 58 37 60 25 35 11 12 32 23 29 31 4 3 28 7 26 0 27 21 39 44 40 19 14 41 13 15 1 10 9 5
50 50 49 20 56 46 42 8 6 22 2 16 51 48 45 55 17 57 47 43 24 38 0 25 37 12 33 52 58 54 18 4 34 1 60 21 53 23 30 29 35 31 28 7 36 26 3 27 11 19 44 39 15 32 14 41 40 13 10 9 5
52 52 54 53 58 60 43 49 32 37 26 38 20 56 25 48 50 6 2 22 33 35 17 16 34 31 51 30 21 28 46 18 23 24 27 36 45 12 47 29 57 0 55 42 8 4 7 11 14 1 3 44 19 40 39 41 15
55 55 57 42 8 17 51 24 46 47 50 18 22 49 16 48 45 34 20 3 56 6 2 43 31 23 32 38 33 28 29 30 35 25 27 26 37 15 14 12 52 58 13 0 4 21 11 54 36 10 53 9 60 7 5 1 39 19 44 40 41
57 57 55 42 8 17 34 24 18 50 51 46 47 22 20 31 49 32 28 30 3 48 23 16 35 56 33 27 6 29 26 2 43 45 25 38 37 14 15 58 12 13 21 52 4 53 0 54 10 9 11 60 36 7 5 1 19 39 44 41 40
