3 3 11 8 4 16 7 12 57 6 20 46 45 55 50 22 15 36 49 25 52 14 33 43 26 30 38 32 29 18 28 27 23
4 4 11 3 20 12 7 18 16 8 57 26 6 36 15 33 55 46 45 43 50 22 38 14 32 28 52 30 25 23 27 29 49
6 6 15 14 20 3 12 29 38 11 22 25 16 4 43 50 7 45 33 36 28 23 8 49 18 27 26 55 57 46 52 32 30
7 7 11 36 3 20 4 12 33 16 8 43 38 6 15 22 14 45 57 30 46 50 55 18 49 52 32 28 29 26 23 27 25
8 8 57 55 3 50 11 16 4 46 18 7 45 22 12 26 6 49 36 23 15 20 38 33 52 28 30 25 27 32 29 14 43
11 11 3 4 7 12 22 16 20 8 36 6 46 55 57 43 15 45 50 38 49 14 33 18 52 30 26 32 29 25 28 27 23
12 12 11 3 20 7 4 22 6 16 45 43 50 36 15 8 25 46 57 55 38 49 14 26 33 30 52 29 28 23 32 18 27
14 14 15 6 38 33 36 29 45 20 7 25 22 28 49 26 32 52 11 12 30 16 27 23 18 43 50 3 4 46 57 55 8
15 15 14 6 38 20 33 29 12 3 25 22 11 45 7 36 16 43 50 4 26 28 32 57 52 27 18 49 55 30 46 23 8
16 16 46 3 45 22 49 50 55 4 8 11 7 57 12 52 38 20 36 6 43 15 14 33 18 26 25 28 23 30 29 27 32
18 18 26 57 4 28 32 23 27 55 30 8 33 22 49 52 29 25 36 7 50 16 45 11 43 20 38 46 14 12 3 15 6
20 20 4 7 12 45 11 6 43 50 33 3 16 36 15 14 22 38 46 49 8 57 25 18 28 26 55 27 52 23 29 32 30
22 22 46 49 36 16 55 11 7 12 43 52 45 38 4 57 3 33 6 15 30 20 14 8 50 18 32 26 25 29 28 27 23
23 23 27 32 30 33 28 29 18 52 26 49 25 36 43 14 38 7 45 57 20 15 46 22 50 16 12 8 4 11 55 3 6
25 25 26 28 32 27 29 38 18 23 50 6 30 12 52 15 43 14 57 33 8 16 36 45 22 20 4 7 3 46 55 11 49
26 26 25 18 28 57 23 30 32 27 29 4 55 8 52 38 33 22 36 50 6 16 12 15 46 14 20 11 7 45 3 43 49
27 27 29 23 32 28 30 18 25 26 33 52 43 49 38 6 36 15 57 14 50 46 4 8 45 12 22 55 7 20 11 16 3
28 28 29 27 32 25 23 26 30 18 33 52 43 49 38 6 36 15 57 14 50 46 4 8 12 45 22 55 7 20 16 11 3
29 29 32 28 30 27 23 52 38 43 25 26 36 6 18 33 15 14 12 50 45 20 22 46 49 16 57 11 8 4 3 55 7
30 30 36 29 23 28 32 27 18 43 26 33 38 25 52 7 49 6 15 14 22 12 45 50 46 57 11 8 20 16 4 3 55
32 32 52 29 23 28 49 30 27 18 25 26 43 33 36 38 6 46 15 50 14 57 45 12 22 8 4 20 7 16 55 11 3
33 33 14 49 52 28 32 23 15 27 7 30 18 45 20 36 26 38 46 4 22 29 43 25 6 12 16 57 11 50 8 3 55
36 36 7 30 38 43 22 11 28 45 23 14 16 27 46 20 4 3 15 12 29 6 50 33 32 55 49 52 57 18 8 26 25
38 38 14 36 15 45 22 30 29 50 6 25 16 33 43 28 23 7 46 27 12 20 55 57 11 49 52 32 4 18 26 8 3
43 43 36 45 20 32 22 12 30 29 38 7 50 16 23 28 6 25 11 49 27 4 33 15 52 46 55 57 18 14 26 8 3
45 45 16 46 50 20 43 12 38 22 33 49 7 57 4 55 6 8 15 14 36 52 25 11 3 28 30 29 27 23 32 26 18
46 46 49 16 55 52 45 22 57 50 8 3 33 11 4 7 12 18 38 36 20 32 43 27 26 23 14 28 15 30 6 29 25
49 49 52 46 22 33 32 16 55 45 14 57 20 36 7 30 50 38 3 28 8 15 4 23 27 11 43 25 12 26 29 18 6
50 50 57 55 8 16 45 46 20 12 38 22 25 4 3 7 6 43 26 15 18 36 49 11 33 14 28 52 23 27 29 32 30
52 52 49 32 46 33 22 29 16 23 28 30 27 18 25 26 45 55 43 50 36 38 8 14 6 15 11 3 12 57 7 20 4
55 55 57 8 46 50 18 22 16 49 45 26 52 11 3 12 36 7 38 4 20 43 6 28 15 33 32 25 27 23 14 30 29
57 57 8 55 50 18 46 26 16 45 3 22 11 4 49 12 20 52 38 36 28 32 6 43 25 27 23 7 15 33 30 14 29
