3 3 13 11 8 10 4 9 16 5 7 12 17 19 6 44 57 40 39 20 46 41 42 45 55 48 50 22 51 47 36 56 15 24 25 21 2 43 33 49 14 26 52 27 30 29 31 34 18 32 58 0 1 37 28 38 23 35 60 54 53
4 4 11 3 19 20 12 7 18 44 39 13 40 56 16 8 41 57 17 6 10 2 26 36 42 9 33 15 5 37 45 55 50 46 43 22 38 48 47 31 34 32 0 58 1 24 51 52 28 30 25 21 49 35 29 23 27 14 53 60 54
6 6 15 14 56 10 13 9 2 5 20 3 12 29 38 11 22 25 21 50 43 4 0 16 1 7 45 37 36 48 41 39 19 44 8 28 40 17 55 35 18 57 24 26 23 46 47 27 49 51 34 52 32 30 42 31 58 60 54 53 33
7 7 40 44 41 36 11 3 19 39 20 4 12 33 56 13 16 8 43 17 38 15 6 2 22 14 10 45 37 48 30 57 9 50 46 18 55 5 42 49 52 32 47 28 29 35 26 24 34 58 31 51 0 23 27 1 25 21 60 54 53
8 8 57 42 55 3 17 50 24 47 11 16 13 46 51 4 18 34 48 10 45 7 22 9 12 5 26 56 6 19 49 40 15 39 35 36 41 23 44 20 31 28 33 52 2 38 25 21 14 27 32 43 29 30 37 0 1 58 60 54 53
11 11 4 3 19 7 39 12 44 40 41 22 16 13 20 8 36 10 6 9 48 46 17 55 56 15 42 5 57 43 45 50 38 2 49 47 37 51 18 33 52 24 30 14 34 26 32 58 25 29 21 0 1 31 28 60 54 27 35 23 53
12 12 44 11 3 20 7 4 19 39 41 40 22 6 56 45 16 50 43 36 2 25 21 8 14 37 46 13 17 57 48 55 38 49 51 15 47 10 33 26 58 42 52 30 0 1 9 34 5 29 35 28 23 24 31 60 54 32 18 53 27
14 14 15 13 10 9 5 6 38 33 56 37 36 45 20 25 21 7 22 49 2 12 52 35 28 43 50 31 34 32 30 48 18 27 46 40 23 26 47 41 24 55 57 51 0 1 39 58 44 17 3 60 54 53 42 29 19 8 11 4 16
15 15 14 10 9 5 13 6 38 56 20 33 2 25 21 37 22 36 43 45 50 29 12 26 30 32 0 1 52 48 28 46 49 58 31 27 3 55 34 47 57 51 24 35 18 23 60 54 40 53 44 42 19 39 11 8 41 4 16 7 17
16 16 48 46 51 47 3 45 22 50 55 24 17 4 11 8 7 57 12 13 42 38 20 10 41 36 6 9 15 43 19 40 39 56 44 5 14 33 37 18 26 49 25 21 23 35 28 30 2 29 31 34 27 32 58 54 60 52 0 1 53
18 18 26 57 31 4 28 32 35 37 23 34 27 55 30 33 8 58 29 42 22 25 21 52 49 53 54 17 36 24 48 7 50 60 16 45 43 11 20 56 38 46 14 12 40 3 2 15 51 13 44 39 19 10 41 6 9 47 5 0 1
20 20 56 4 2 7 12 45 17 11 6 50 43 40 33 0 1 3 44 16 36 39 15 48 19 41 14 38 22 13 46 37 49 24 42 10 47 57 25 8 21 35 51 18 34 28 26 9 55 52 31 27 23 5 29 58 32 60 54 30 53
22 22 48 46 49 36 16 55 11 47 51 7 12 43 45 52 38 4 57 40 33 3 37 6 17 41 30 20 39 50 15 18 8 42 56 14 19 32 44 24 58 54 13 25 26 21 31 10 29 53 2 9 28 60 5 27 35 23 34 0 1
23 23 35 34 31 32 27 30 33 29 18 52 24 25 21 26 28 49 36 37 43 14 38 54 57 56 45 7 20 47 46 22 58 15 50 48 16 2 12 8 60 13 4 40 11 10 44 53 55 39 42 9 17 41 3 5 0 1 51 6 19
25 25 21 26 28 37 32 35 27 29 31 38 58 34 23 18 50 6 30 12 52 43 53 15 14 33 56 8 57 20 36 42 22 16 4 7 55 2 3 13 24 10 11 60 54 9 47 46 40 41 44 51 5 45 49 39 19 0 1 48 17
26 26 37 58 53 35 31 34 60 54 25 18 21 28 27 57 29 55 4 32 24 8 38 42 52 17 33 22 47 50 6 12 46 49 11 14 51 15 23 16 48 3 30 20 56 2 13 10 19 9 43 5 7 39 44 45 40 41 0 1 36
27 27 35 34 31 29 23 32 28 30 18 25 21 26 33 37 52 43 38 49 6 54 36 58 24 53 57 15 14 50 60 46 4 2 8 48 45 12 22 56 42 55 7 20 17 16 51 11 3 19 13 40 44 0 1 47 10 39 9 41 5
28 28 34 31 29 27 32 25 21 30 18 26 33 35 37 52 43 38 49 6 54 36 58 53 15 57 14 50 60 24 46 2 4 8 12 45 48 22 56 55 7 42 20 16 11 3 17 51 19 13 40 44 0 1 10 39 9 41 47 5 23
29 29 32 28 35 30 27 23 31 34 38 52 43 25 37 21 26 18 6 36 33 58 56 2 15 12 50 45 20 22 60 54 53 46 48 24 17 49 40 57 16 8 11 42 0 1 39 51 4 41 3 10 55 44 9 13 7 5 14 19 47
30 30 36 34 31 29 28 23 32 27 18 35 43 33 38 25 21 37 52 24 40 7 54 6 49 14 15 22 2 12 45 39 50 46 60 44 19 48 56 11 55 8 57 20 16 4 41 58 3 13 0 17 47 53 1 26 10 9 42 5 51
32 32 52 35 31 34 29 28 23 54 30 27 49 18 25 21 43 33 53 60 36 38 6 48 46 58 2 37 15 50 24 14 57 45 56 12 51 22 8 4 17 20 42 16 7 55 11 3 19 0 1 26 40 13 44 39 10 47 41 9 5
33 33 14 49 35 31 34 52 28 32 23 27 56 30 18 7 45 20 15 48 38 36 46 29 25 13 21 4 22 37 43 40 47 54 51 10 16 57 12 24 11 26 19 9 50 42 17 2 8 44 5 39 55 41 3 60 58 0 1 53 6
36 36 40 7 39 30 41 44 38 43 22 37 11 56 28 45 31 23 16 14 12 46 27 4 20 48 34 3 58 29 6 15 50 33 2 49 35 32 55 54 57 60 18 47 25 8 21 13 19 51 42 17 53 24 10 0 1 26 9 5 52
38 38 37 14 36 15 45 22 30 29 13 50 10 6 25 21 9 33 16 43 28 5 23 7 40 56 35 46 51 31 20 27 12 34 55 48 57 11 41 47 26 49 4 32 18 52 2 44 39 19 24 8 42 58 60 54 3 0 1 53 17
43 43 58 37 54 60 36 56 53 2 45 20 32 22 12 17 30 29 38 50 7 48 25 16 6 21 40 28 11 23 0 1 35 34 39 46 31 4 27 33 41 15 51 55 57 47 44 49 18 14 42 24 8 19 10 13 3 9 5 52 26
45 45 16 48 46 51 50 20 47 43 22 56 38 12 49 33 2 7 57 37 55 24 6 4 8 36 14 15 11 58 52 3 54 41 42 40 30 44 17 0 1 35 31 60 19 28 29 23 32 13 27 39 53 10 18 9 5 34 26 25 21
46 46 47 49 16 55 48 51 52 45 22 57 50 24 42 8 17 3 54 33 11 4 7 12 18 38 36 20 43 32 53 35 23 13 56 26 41 14 58 40 28 27 37 10 31 39 15 19 30 44 6 9 34 29 5 2 25 21 60 0 1
49 49 52 48 46 54 51 47 53 22 33 32 58 60 55 45 35 24 34 14 36 20 30 7 31 57 38 28 42 56 23 27 11 37 18 17 43 15 25 12 21 26 4 8 29 40 41 16 2 39 13 10 44 6 9 19 5 0 1 50 3
50 50 57 55 8 16 56 45 42 17 46 2 48 20 47 51 24 12 38 22 25 21 4 6 3 43 7 49 0 1 34 26 37 18 36 15 33 11 41 13 52 44 14 40 28 35 39 31 19 10 23 9 27 29 5 58 60 54 32 30 53
52 52 49 54 53 60 58 32 48 46 33 47 51 35 22 34 31 29 28 23 30 25 18 21 27 55 45 24 38 14 6 15 57 42 26 11 12 8 3 17 20 7 13 43 4 19 10 16 9 50 44 5 39 40 37 41 36 56 2
55 55 57 8 42 46 17 47 50 51 18 22 16 24 49 45 48 26 52 34 3 11 56 37 12 36 38 7 20 4 31 43 6 54 28 33 32 15 2 25 23 41 35 21 27 40 14 39 30 58 19 44 60 53 13 0 1 29 10 9 5
57 57 8 42 55 17 50 34 18 24 46 16 51 26 45 48 3 56 22 49 37 47 11 4 12 20 35 52 38 25 31 28 21 36 32 43 6 2 27 33 30 23 7 15 54 14 40 58 19 39 13 44 29 60 41 53 0 1 10 9 5
