32 32 112 83 31 35 34 28 30 90 27 33 78 85 29 26 93 23 18 109 86 43 38 96 25 66 57 37 56 24 64 6 58 110 14 105 55 53 72 54 20 22 60 46 2 42 52 63 8 21 17 68 50 16 15 45 51 47 49 7 11 48 12 13 10 0 3 9 5 4
38 38 37 96 90 105 85 14 66 110 43 29 93 22 72 83 20 86 15 78 28 46 13 16 63 10 27 32 26 9 64 109 7 58 35 68 5 49 54 55 3 52 18 60 48 33 53 57 34 31 23 25 11 50 56 30 6 112 2 51 45 47 17 42 8 40 12 36 44 24 21 19 39 41 4 0
7 7 40 36 44 11 41 96 12 63 39 72 19 64 20 93 4 66 68 105 90 38 22 85 110 25 16 43 109 56 78 83 50 6 46 14 49 2 17 86 37 29 57 55 48 45 21 28 32 15 112 51 33 27 58 42 54 8 47 34 52 60 35 10 24 26 53 31 23 9 3 30 5 0 18 13
11 11 4 12 64 19 7 63 39 72 44 40 41 36 22 96 20 66 68 25 105 110 16 78 85 93 49 48 109 43 45 21 86 57 56 51 46 90 6 38 29 50 2 55 28 17 27 15 37 83 112 32 14 47 24 58 33 34 26 42 35 31 54 8 52 60 30 53 23 18 0 10 3 9 13 5
43 43 58 54 37 52 60 96 20 53 56 38 6 25 105 2 66 90 85 110 50 17 72 26 22 29 32 93 21 83 28 33 16 63 86 78 64 46 27 49 68 7 0 14 42 35 57 8 48 109 51 55 45 11 15 34 31 112 18 30 23 12 47 3 1 10 24 13 9 40 19 5 36 4 44 39 41
46 46 47 109 51 45 105 16 110 55 50 48 22 24 49 112 68 57 42 8 17 72 93 38 20 66 63 25 85 78 56 43 64 18 96 6 2 34 83 32 28 86 29 7 37 90 30 27 21 14 11 26 23 33 15 35 12 31 58 3 54 52 60 0 44 53 13 10 36 4 9 40 19 39 5 41
14 14 15 13 10 9 5 3 66 38 93 29 85 90 37 96 110 83 105 72 20 109 63 22 43 17 18 78 28 32 86 35 27 64 68 46 16 112 57 11 56 7 23 33 31 55 26 6 34 49 50 30 58 2 48 54 25 51 24 52 60 53 47 45 42 8 12 4 36 39 19
16 16 49 48 51 45 22 46 105 63 110 50 47 24 68 109 55 72 66 64 38 57 20 11 96 42 25 8 85 7 93 43 56 78 17 112 18 6 2 37 29 34 86 90 83 14 27 30 12 28 21 15 4 32 26 40 39 23 44 36 33 19 31 41 35 58 54 52 60 0 10 53 9 5 3 13
15 15 14 10 9 5 3 13 66 38 29 93 85 17 63 110 72 20 43 105 90 96 22 37 83 64 78 68 86 109 18 32 28 11 16 7 27 46 35 57 56 50 55 6 2 51 42 49 26 45 8 58 54 31 112 52 30 60 34 23 48 33 53 47 24 25 12 4
20 20 56 64 6 2 105 17 50 72 110 66 43 7 93 63 38 11 85 68 0 22 42 16 8 57 46 49 96 78 55 33 109 90 58 83 54 37 40 48 14 51 52 36 24 29 60 86 45 15 25 44 12 53 3 28 47 39 19 41 1 34 27 4 32 35 18 26 30 112 31 10 13 23 9 5 21
22 22 49 48 109 16 96 105 110 45 51 46 66 55 11 72 38 78 50 24 93 47 112 43 68 64 63 20 85 57 90 7 42 17 86 8 37 83 29 25 12 56 14 6 4 2 15 32 58 19 28 54 44 18 40 52 27 60 39 34 33 26 36 53 35 41 31 21 3 10 30 13 9 5 23 0
55 55 68 57 42 8 17 46 110 51 78 24 22 47 50 49 16 45 63 48 105 109 86 34 85 83 64 66 20 72 18 38 3 28 90 32 56 27 6 29 93 112 96 43 2 33 31 30 7 14 25 26 35 23 11 37 15 13 0 58 54 10 21 52 12 60 9 41 5 44 53 39 4 40 36 19
57 57 68 55 42 8 17 34 110 78 24 50 63 51 46 86 22 47 83 85 30 105 31 64 49 28 32 18 90 16 20 33 3 29 23 93 27 66 109 48 72 56 26 35 38 6 45 96 43 11 2 112 7 14 37 25 15 53 58 13 12 10 9 44 0 5 21 39 36 19 41 52 54 4 40 60
27 27 83 35 34 31 28 32 90 30 78 33 85 29 93 23 26 18 86 112 38 96 25 57 66 37 109 24 64 56 43 110 6 14 55 72 105 58 22 53 20 42 68 63 17 50 8 21 46 2 54 15 60 16 45 51 52 47 7 49 11 48 13 12 10 3 9 5 0 4
28 28 34 31 32 90 27 30 78 33 85 29 83 93 23 35 86 26 112 18 38 96 57 25 66 109 24 64 37 56 43 110 6 14 55 72 105 22 58 20 42 68 63 53 17 8 50 46 2 21 54 15 16 60 45 51 47 7 52 49 11 48 13 12 10 3 9 5 0 4 40 44 19 41 36 39
29 29 18 83 35 90 85 78 38 66 28 32 14 27 23 33 93 86 31 34 96 30 43 15 37 26 110 112 72 105 64 13 25 57 22 20 56 24 10 6 109 63 58 9 68 5 55 46 2 53 3 16 54 42 50 17 60 52 8 11 49 21 51 45 48 7 47 0 12 4 19 39
