3 3 11 8 4 16 7 12 13 10 6 9 5 17 15 20 50 55 46 45 22 19 14 57 36 39 44 25 51 43 42 40 48 24 56 41 49 18 29 2 33 38 26 32 28 30 47 52 27 23 34 31 37 35 58 21 53 60 54
4 4 11 3 20 12 19 18 7 6 16 8 57 39 33 50 45 22 43 36 55 26 17 15 56 38 46 44 13 2 25 32 10 28 29 9 30 5 23 27 14 49 40 42 24 41 34 52 51 31 35 48 37 58 47 53 60 54 21 0
6 6 15 14 20 12 3 38 29 56 22 25 50 43 2 11 4 45 16 7 10 9 5 36 13 28 8 18 46 55 23 49 27 57 32 30 26 17 24 37 48 39 51 19 35 44 34 31 40 21 42 58 41 33 0 54 53 60 47 52
7 7 36 11 3 40 20 12 44 41 39 4 33 19 43 38 6 16 22 45 8 30 14 50 15 56 18 17 49 46 32 57 29 28 55 2 13 27 25 23 10 9 52 5 48 34 24 35 31 51 26 42 37 58 54 53 47 60 21 0
8 8 57 55 3 42 50 17 24 16 46 18 11 4 22 45 51 12 7 34 6 49 20 15 13 38 10 47 36 9 26 33 48 5 25 28 23 14 56 43 27 32 29 2 19 39 35 30 31 52 44 40 41 37 53 58 54 21 60
11 11 4 3 7 12 19 39 22 20 16 36 44 6 8 40 41 45 46 43 50 55 38 15 49 18 57 13 33 17 10 9 14 25 5 30 48 56 29 51 32 2 24 52 42 26 28 27 23 34 37 31 47 35 58 53 60 54 21
12 12 11 4 20 7 3 44 22 6 45 19 50 39 43 25 16 36 38 46 8 15 49 55 56 40 33 41 14 57 2 30 17 29 26 51 18 28 32 48 23 13 24 37 10 27 9 34 42 5 35 31 58 21 52 53 54 47 60 0
14 14 15 13 6 38 10 9 5 33 25 20 36 45 22 43 3 30 50 56 49 29 32 28 26 46 12 37 27 7 23 31 35 34 52 2 18 55 57 51 48 11 24 39 21 40 8 58 53 4 42 54 16 47 44 60 41 19 17
15 15 14 6 10 9 5 13 38 3 20 33 25 22 56 43 50 29 12 45 36 2 30 32 28 26 46 49 27 55 57 18 11 52 37 23 8 4 24 16 31 51 34 48 7 35 21 58 17 19 53 42 39 44 60 54 40 47 0
16 16 46 45 3 48 22 51 50 55 24 11 12 4 8 49 7 57 47 38 20 6 17 36 43 33 15 14 18 25 42 13 10 52 30 56 23 29 9 28 5 39 19 26 32 27 44 2 40 35 41 31 37 34 54 53 58 60 21
18 18 26 57 4 32 28 23 27 30 55 33 29 35 25 22 8 34 31 49 24 36 52 38 50 43 45 20 11 7 16 12 46 37 42 3 17 58 6 14 53 56 48 51 15 2 19 54 39 21 40 60 44 41 10 13 9 47 5
20 20 4 7 12 45 56 6 50 43 11 2 17 33 3 16 36 38 22 25 15 46 14 49 18 8 28 57 29 55 39 27 44 23 19 48 32 24 40 51 30 34 35 42 41 37 26 31 10 58 9 13 5 54 0 60 53 47 21 52
22 22 49 46 16 36 55 11 48 45 12 38 43 7 6 33 51 50 4 18 57 3 52 20 30 25 8 24 32 14 29 15 17 47 26 28 39 27 56 40 23 42 19 37 31 2 44 35 54 41 53 58 10 9 13 34 5 60 21
23 23 32 27 30 35 33 34 29 31 18 28 26 25 24 52 38 36 43 49 57 45 14 20 22 7 50 12 4 46 16 55 8 56 37 11 6 15 58 54 48 3 2 53 21 17 39 47 40 42 60 44 19 51 41 13 10 9 5
25 25 26 28 21 32 29 27 38 12 6 50 18 23 43 30 33 35 31 34 20 14 22 37 36 15 4 57 52 7 45 16 8 55 3 58 11 49 46 53 56 24 2 51 42 54 44 39 10 19 9 60 48 5 13 40 47 41 17
26 26 37 58 25 18 53 35 31 34 28 27 32 29 33 23 57 60 54 30 55 4 38 52 43 21 22 12 50 24 8 6 49 14 11 46 45 36 16 7 42 15 20 3 51 17 56 48 19 47 39 10 9 44 13 5 40 41 2
27 27 29 23 28 32 30 18 25 34 33 35 31 26 38 52 43 6 36 49 14 50 57 24 45 55 22 4 12 15 46 7 20 8 37 21 16 11 3 53 56 58 2 51 54 42 17 48 60 39 19 40 13 44 10 9 5 41 47
28 28 29 32 27 30 25 18 34 33 31 26 35 38 52 43 6 36 49 14 50 57 45 23 12 22 55 4 15 46 7 20 24 8 21 37 16 11 3 53 56 58 2 54 51 42 17 48 60 39 19 40 47 13 44 10 9 5 41
29 29 32 28 30 27 23 38 35 25 18 43 6 33 26 31 36 34 52 50 12 45 20 15 22 14 37 46 57 49 56 16 24 2 53 11 58 8 4 54 3 55 17 21 7 60 51 48 42 39 40 10 9 5 19 47 44 41 13
30 30 36 29 28 32 23 27 18 34 33 31 43 38 25 35 24 52 6 7 26 22 14 45 49 12 50 20 57 46 55 4 37 15 11 16 40 8 3 39 2 56 54 58 60 48 53 17 21 44 19 41 13 47 10 42 9 5 51
32 32 52 29 28 30 23 27 18 25 31 34 33 35 43 49 38 36 6 26 54 53 50 45 14 12 46 22 20 57 24 4 55 15 7 16 8 2 56 11 21 3 58 37 51 60 48 17 42 39 40 19 44 13 10 9 5 41 47
33 33 49 14 28 32 27 30 23 18 7 45 20 35 34 31 38 52 29 25 36 22 56 46 43 26 4 15 12 16 50 11 55 48 57 24 51 3 8 10 13 37 9 17 5 40 39 2 54 44 42 19 47 6 41 21 58 53 60
36 36 7 40 30 38 22 43 39 11 45 12 28 41 44 20 29 6 33 50 27 23 16 3 46 14 4 49 32 18 25 55 37 31 34 15 56 57 8 2 48 26 35 24 51 58 17 54 60 53 42 19 13 47 10 9 5 52 21 0
38 38 14 36 37 45 22 29 30 50 6 25 15 43 33 16 28 23 7 20 46 12 27 55 32 18 49 11 57 26 4 51 56 35 31 10 34 9 13 5 8 40 48 2 39 24 3 58 44 21 42 19 47 41 53 54 60 17 52 0
43 43 36 20 45 38 12 32 22 58 37 29 54 30 60 50 25 6 56 53 2 17 7 16 28 23 11 33 46 27 4 52 55 18 49 57 14 15 26 34 35 31 48 51 39 8 40 3 24 44 42 19 41 21 47 0 10 9 5 13
45 45 16 46 50 20 22 43 38 51 12 48 33 49 6 55 7 24 4 36 57 8 14 56 11 3 30 2 47 29 15 28 32 52 23 27 37 18 17 42 31 35 19 25 44 39 54 58 53 60 40 26 41 34 13 10 9 5 0
46 46 49 16 55 45 47 22 51 50 52 48 57 24 8 3 38 33 12 20 42 17 18 11 36 43 4 7 6 32 27 23 25 14 28 30 29 26 56 15 35 54 31 39 2 53 34 19 37 44 13 10 40 9 5 41 58 60 21
49 49 52 46 48 22 51 33 32 45 55 54 16 53 47 36 24 38 30 7 43 14 28 18 12 11 25 27 23 34 50 35 29 6 57 31 26 56 20 4 15 58 60 42 17 39 2 37 3 40 44 19 8 10 9 41 13 5 21
50 50 57 8 55 16 45 46 20 38 12 22 56 25 6 42 43 49 51 2 24 17 4 3 7 48 33 18 36 11 15 14 28 29 47 34 23 27 52 26 37 32 30 39 19 35 44 31 21 10 40 58 9 54 13 53 5 41 60 0
52 52 49 54 32 53 46 33 48 60 58 28 22 27 18 23 51 43 35 34 30 31 29 26 55 25 16 24 57 47 14 7 36 11 50 4 3 12 45 20 38 42 15 37 6 56 21 2 39 17 19 8 40
55 55 57 8 46 42 50 18 22 17 51 16 24 49 45 47 12 38 20 3 26 11 36 43 33 48 6 52 34 7 4 25 32 28 23 27 30 56 14 15 31 29 35 2 37 39 19 53 54 44 40 58 41 60 13 10 9 5 21
57 57 8 55 42 50 18 17 34 24 46 22 45 16 3 51 26 4 49 12 25 38 6 43 32 11 33 23 36 20 28 56 30 29 27 35 52 48 47 31 14 7 2 15 37 19 39 58 53 54 44 13 40 10 21 9 60 5 41
