32 32 112 83 35 31 34 28 30 90 109 33 27 78 86 85 18 29 26 93 23 25 21 96 57 37 64 24 56 38 66 6 58 110 42 68 72 53 8 54 63 105 14 47 50 55 60 20 17 43 45 2 46 22 52 51 49 48 16 15 12 13 0 1 10 3 9 11 5 7 44 4 19 39
38 38 37 96 90 105 85 66 110 86 43 93 72 83 26 58 78 63 54 64 68 20 52 60 53 29 109 14 25 21 22 56 112 6 35 2 50 33 31 34 49 17 46 13 30 32 16 18 10 48 23 28 15 9 0 42 1 45 5 27 8 3 7 47 55 57 51 11 12 4 40 19 36 44 24 39 41
7 7 40 36 44 41 96 11 19 12 63 39 72 4 64 93 68 90 66 25 21 105 110 85 109 86 20 83 78 38 112 22 43 37 45 16 29 56 49 53 26 6 33 46 51 32 58 50 2 28 47 18 52 48 34 54 27 35 55 30 42 17 24 57 23 60 8 31 14
11 11 4 12 64 19 63 7 39 44 72 40 41 36 68 25 21 96 66 105 78 86 85 110 93 22 20 45 90 38 109 48 49 83 16 37 43 33 26 46 56 112 6 47 51 53 55 2 29 58 57 18 34 23 24 35 42 30 28 50 52 8 17 31 32 54 27 60 0 1 14
43 43 38 58 54 37 52 60 96 20 53 56 105 6 66 25 90 21 2 85 110 50 17 72 86 93 26 0 1 64 68 63 83 33 42 78 49 57 8 109 46 22 55 48 16 45 51 27 112 35 28 34 47 12 29 31 30 18 32 3 23 14 7 11 4 13 24 15 10 44 40 9 19 41 39 5 36
46 46 47 109 51 45 112 105 48 110 16 50 49 24 22 68 55 42 57 8 93 72 17 25 21 20 66 56 63 85 18 64 6 86 96 78 38 2 90 34 83 43 32 30 37 0 1 33 29 26 35 31 28 23 27 12 3 58 54 52 60 14 7 13 53 10 4 15 9 19 5 40 11 44 41 36 39
14 14 15 13 10 9 5 29 3 66 93 83 38 18 85 90 35 86 78 110 63 72 109 96 17 37 112 23 33 105 64 68 32 26 27 28 34 31 43 30 24 20 56 57 53 6 55 58 22 2 25 42 21 50 46 47 8 51 48 52 49 54 45 16 7 0 1 60 11
16 16 49 22 48 51 45 105 63 110 47 46 109 68 50 24 72 66 55 64 96 112 57 42 93 78 25 21 85 86 20 8 38 56 17 18 90 6 2 83 34 37 43 30 29 32 11 26 0 1 33 35 31 28 23 12 27 7 4 58 54 52 19 60 41 14 3 44 40 36 53 39 15 13 10 9 5
15 15 10 14 9 13 5 3 66 29 93 17 85 63 38 72 86 18 83 110 90 68 35 64 105 78 96 37 109 57 20 112 55 23 42 33 43 32 8 27 31 26 28 56 30 34 6 22 58 50 53 2 24 48 49 25 52 21 47 16 51 46 54 45 60
20 20 56 64 6 2 105 50 17 72 110 66 43 0 1 93 68 63 38 42 57 85 8 55 49 86 78 58 54 33 37 109 96 22 52 46 60 48 90 83 47 16 24 25 21 53 45 3 51 112 34 7 18 35 30 29 31 26 28 11 13 27 10 15 14 23 32 9 12 40 36 5 19 4 44 39 41
22 22 49 48 109 96 16 105 45 51 112 110 66 47 46 72 78 50 68 24 93 86 63 64 55 85 90 38 42 57 8 20 17 25 21 83 56 6 37 11 18 2 43 34 29 33 12 35 26 7 32 0 31 30 1 28 4 27 58 54 23 52 3 60 44 40 14 19 36 53 13 41 15 39 10 9 5
55 55 68 57 42 8 17 51 110 78 47 24 63 86 50 49 46 48 45 16 34 22 105 64 109 83 85 20 18 56 3 66 6 112 72 2 90 33 31 93 28 30 32 43 96 38 35 25 21 27 26 0 29 15 1 23 14 13 37 10 9 58 54 5 52 60 11 7 53 12 4
57 57 68 55 42 8 17 34 110 78 24 86 63 50 51 47 83 49 64 85 31 32 18 22 28 30 46 105 20 90 56 112 33 3 6 27 35 48 93 66 23 109 72 16 29 26 2 96 45 37 43 25 21 38 15 14 58 0 1 13 10 53 54 9 60 5 52 11 7 12 4
27 27 83 35 34 31 32 28 90 30 78 33 86 85 18 29 93 26 23 112 109 37 25 21 96 57 64 24 56 58 66 6 110 53 20 42 68 72 54 43 38 8 60 14 63 55 47 105 17 50 52 2 45 51 46 22 49 16 48 15 13 12 0 1 10 3 9 11 7 5 44 40 4 19 39 41 36
28 28 34 31 32 90 30 27 78 33 86 85 83 35 93 23 112 26 29 18 109 57 96 25 21 37 64 24 56 6 66 58 110 42 68 72 53 8 43 54 38 63 55 105 17 60 50 47 2 45 14 52 20 51 46 49 22 16 48 0 1 12 15 13 3 11 7 10 9 5 44 40 4 19 39 41 36
29 29 18 83 35 90 14 85 86 66 78 23 33 93 32 27 15 31 13 34 38 28 30 96 112 26 10 9 37 64 5 110 72 24 25 21 3 109 56 63 105 6 68 57 58 47 42 17 8 20 50 22 2 45 53 46 49 51 43 16 55 48 0 54 1 60 12 11 52 4 19 7
