3 3 11 8 4 16 7 12 6 57 20 45 46 50 22 55 36 15 49 25 43 33 14 38 29 18 30 27 26 52 32 28 23
4 4 11 3 20 12 7 18 16 8 6 57 26 33 45 43 50 22 36 55 46 38 15 32 14 28 30 25 27 23 29 49 52
6 6 15 14 20 3 12 29 38 22 25 43 50 11 16 4 7 45 33 36 28 23 8 18 27 49 55 46 57 26 32 30 52
7 7 11 36 3 20 12 4 33 16 43 8 6 38 22 45 30 14 50 18 46 57 49 15 55 32 29 28 23 27 52 25 26
8 8 57 55 3 50 16 11 46 4 18 7 22 12 45 6 26 20 49 38 36 23 33 25 30 28 15 43 32 29 27 52 14
11 11 3 4 7 12 22 16 20 8 36 6 46 43 55 45 50 57 38 49 33 18 15 14 30 25 29 32 52 26 28 27 23
12 12 11 20 3 7 4 22 6 45 43 50 16 25 36 8 46 38 55 15 57 33 49 14 30 26 29 28 32 18 23 52 27
14 14 15 6 38 33 29 45 36 20 25 22 7 28 30 32 49 12 27 18 23 43 50 16 3 11 26 52 4 46 55 57 8
15 15 14 6 38 20 33 29 12 3 25 22 43 50 45 7 11 36 16 4 32 28 26 30 18 27 55 49 46 57 23 8 52
16 16 46 3 45 22 50 49 55 11 4 8 12 7 57 38 20 6 43 36 52 33 18 14 25 15 30 29 28 23 26 27 32
18 18 26 57 4 28 32 23 27 55 30 33 8 22 29 25 49 52 36 50 43 45 7 38 20 16 11 46 12 14 3 6 15
20 20 4 7 12 45 11 6 43 50 33 3 16 36 22 15 38 14 46 25 18 49 28 8 57 55 29 27 23 32 26 30 52
22 22 46 36 49 16 55 11 12 43 45 38 7 33 6 4 3 57 50 18 52 20 30 14 32 8 25 15 29 26 28 27 23
23 23 27 32 30 33 29 28 18 52 25 26 36 43 49 38 14 45 20 7 57 22 50 12 4 46 16 55 15 11 8 3 6
25 25 26 28 32 27 29 38 18 50 6 12 23 30 43 33 14 52 15 45 22 20 57 36 16 8 4 7 3 46 55 11 49
26 26 25 18 28 23 57 32 27 30 29 4 55 33 38 22 8 50 6 52 36 12 43 20 45 46 14 16 11 7 3 15 49
27 27 29 23 28 32 30 18 25 33 26 52 43 38 6 36 49 57 14 50 4 22 45 12 15 55 46 7 20 8 3 11 16
28 28 29 27 32 25 30 18 23 33 26 43 52 38 6 36 49 14 57 50 12 4 22 45 15 55 46 7 20 8 3 11 16
29 29 32 28 30 27 23 38 43 25 6 18 33 36 52 26 14 15 12 50 45 20 22 46 49 57 16 11 8 4 3 55 7
30 30 36 29 23 28 32 27 18 43 33 38 25 26 6 52 7 22 14 45 49 12 50 57 20 15 46 4 11 55 16 3 8
32 32 52 29 23 28 30 27 18 25 43 33 49 26 38 36 6 50 46 45 14 12 22 57 20 15 4 55 7 8 16 11 3
33 33 14 49 28 32 23 27 7 30 18 45 20 52 38 15 36 29 25 22 46 43 26 4 6 12 50 16 11 57 55 3 8
36 36 7 30 38 43 22 11 45 28 23 29 12 20 27 14 33 6 50 16 46 3 32 4 55 49 18 25 15 57 52 8 26
38 38 14 36 45 22 30 15 29 50 6 25 33 43 16 28 23 7 12 46 27 20 55 32 57 18 11 49 4 26 52 8 3
43 43 36 45 20 32 12 22 30 29 38 50 6 25 7 28 16 23 11 33 27 4 49 46 55 18 57 15 52 14 26 3 8
45 45 16 46 50 20 43 12 38 22 33 49 7 6 55 4 36 57 14 25 8 11 3 30 15 29 28 52 27 32 23 26 18
46 46 49 16 55 45 22 50 52 57 8 3 33 12 38 11 18 20 36 7 4 43 32 28 14 6 23 27 30 26 29 25 15
49 49 52 46 22 33 32 16 55 45 14 20 50 36 38 30 7 57 28 23 27 3 11 43 25 12 8 4 18 29 15 6 26
50 50 57 55 8 16 45 46 20 12 38 22 25 6 43 3 4 7 18 36 33 26 49 11 15 14 28 29 27 23 52 32 30
52 52 49 32 46 33 22 29 23 28 30 27 18 25 16 43 45 55 50 26 36 38 6 14 8 12 11 7 3 57 20 15 4
55 55 57 8 46 50 18 22 16 49 45 26 3 12 11 38 52 36 20 43 6 4 7 33 28 25 32 27 23 30 14 15 29
57 57 8 55 50 18 46 26 16 45 3 22 12 4 20 38 11 49 28 25 32 43 6 27 23 36 33 30 7 52 14 15 29
