32 32 112 83 35 31 34 28 30 90 109 33 78 86 85 29 27 18 26 93 23 43 96 37 38 25 21 66 46 56 54 58 64 6 55 60 57 52 15 14 110 24 2 105 53 72 42 63 68 22 8 20 17 50 11 49 16 45 0 1 48 51 7 13 47 12 4 10 19 9 3 41 5 39 40 44 36
38 38 37 14 96 15 90 105 85 66 13 29 10 110 22 9 86 43 83 5 28 93 46 72 7 16 20 3 27 63 78 64 32 35 68 55 57 49 112 11 109 58 34 48 31 26 18 54 33 30 47 23 52 60 40 36 42 53 8 19 25 51 21 4 50 56 44 45 12 6 41 39 2 17 24 0 1
7 7 40 36 44 41 11 96 19 12 63 39 72 64 4 20 93 16 68 66 90 105 38 22 43 85 14 15 56 110 46 49 57 86 109 25 37 21 55 48 83 6 78 50 112 2 17 45 29 47 13 10 58 42 9 32 54 51 28 8 52 5 60 34 33 27 0 1 53 35 31 23 30 3 24 26 18
11 11 4 12 64 19 7 63 39 44 72 40 41 36 22 20 68 96 25 66 105 21 16 110 49 57 48 109 43 78 85 86 15 56 93 6 112 90 46 45 2 14 37 51 55 29 17 83 28 32 38 47 58 50 33 10 13 54 34 27 9 31 35 52 0 60 42 1 5 3 8 26 53 30 18 23 24
43 43 58 54 37 52 60 53 56 96 6 25 21 2 105 90 66 85 20 50 17 110 72 38 32 22 29 86 28 15 83 26 16 0 1 112 7 46 27 68 14 33 93 63 11 48 109 78 57 35 42 49 55 64 18 8 10 45 31 47 9 40 34 36 30 5 23 51 4 41 12 44 39 19 3 13 24
46 46 47 109 16 55 51 45 105 48 112 110 49 68 50 57 22 24 42 8 20 17 63 38 43 93 72 64 66 32 7 25 21 85 37 86 90 78 14 56 15 18 83 6 29 96 2 58 28 11 54 27 52 40 13 60 10 36 9 53 30 34 41 26 5 0 1 44 33 3 4 23 12 35 19 31 39
14 14 15 13 10 9 5 3 66 38 93 37 96 43 85 110 20 105 72 90 109 22 63 86 64 17 68 46 16 112 58 11 56 83 54 49 55 57 6 27 52 78 60 32 7 28 50 2 26 48 29 53 25 21 47 4 51 19 30 34 0 40 1 36 31 42 23 33 8 45 12 39 44 24 41 18 35
16 16 49 48 51 46 45 63 105 47 110 50 68 22 24 109 55 20 64 72 11 66 7 112 43 38 42 57 25 8 21 37 85 15 40 56 86 4 14 18 36 96 6 90 44 17 12 93 78 2 58 29 39 41 54 19 32 52 34 83 60 28 10 13 53 9 30 26 27 5 0 1 33 23 35 31 3
15 15 10 14 9 13 5 3 66 38 85 17 93 37 96 43 63 20 110 105 72 22 29 86 90 11 16 64 7 46 57 83 55 68 109 56 49 32 112 58 28 6 54 78 50 48 27 52 2 60 4 47 19 40 53 34 25 36 21 42 18 26 31 45 12 51 8 30 44 39 0 35 1 41 24 23 33
20 20 56 64 6 2 7 105 50 72 17 110 63 11 66 43 0 1 93 68 16 40 36 15 49 96 42 22 85 46 19 14 38 48 86 8 4 78 109 44 57 12 41 55 83 39 47 45 58 33 54 37 90 51 112 28 24 10 52 13 29 60 9 27 34 18 25 5 21 53 3 31 32 35 30 23 26
22 22 49 109 48 96 16 105 46 55 11 112 110 45 51 47 68 66 20 38 72 43 57 7 78 64 63 50 86 85 15 90 37 93 24 42 12 14 4 17 8 40 58 29 83 25 44 56 21 36 19 54 10 6 13 52 32 60 41 9 2 28 3 39 5 53 35 27 26 33 31 18 0 1 30 34 23
55 55 68 57 42 8 46 17 47 110 51 78 24 49 22 63 16 50 86 109 48 45 105 112 34 64 83 20 56 28 85 6 7 32 66 18 27 43 38 2 90 3 72 29 37 15 31 33 96 25 11 21 35 14 93 26 58 0 30 1 40 36 12 54 44 23 52 60 53 13 41 4 10 9 5 19 39
57 57 68 42 8 55 17 34 110 78 24 86 63 50 46 47 51 49 22 83 16 11 105 31 64 18 30 85 109 32 112 48 56 3 90 96 29 6 35 33 66 28 23 43 93 7 37 38 26 20 72 27 2 15 45 4 14 19 25 21 54 40 12 36 52 60 58 0 1 13 39 44 53 10 41 9 5
27 27 83 35 34 31 90 28 30 78 33 86 85 29 32 18 93 23 26 112 37 96 38 25 109 21 43 66 64 57 55 56 14 15 58 6 110 24 46 54 72 68 105 63 42 60 22 53 52 2 8 17 11 20 50 49 16 7 45 13 48 51 0 1 47 10 4 12 19 9 3 39 5 40 36 44 41
28 28 34 31 90 30 78 27 33 86 85 32 83 29 35 23 93 26 112 18 96 37 38 109 25 43 21 66 64 57 55 56 14 15 6 110 24 46 58 72 54 68 105 63 42 22 60 2 8 17 52 53 11 20 50 49 16 7 45 13 48 51 0 1 47 10 4 19 12 9 3 39 5 40 36 44 41
29 29 18 83 35 90 28 85 32 86 27 78 38 66 31 96 23 33 34 112 37 43 30 93 15 26 110 57 64 58 72 105 25 68 21 22 20 56 46 54 55 2 6 11 109 42 52 60 16 53 24 14 8 63 49 50 48 17 51 0 1 45 4 7 47 13 19 39 12 41 10 9 40 5 36 3 44
