3 3 13 15 10 14 9 5 17 11 4 8 12 6 16 7 19 57 44 42 20 40 39 55 56 50 41 36 22 46 45 51 29 47 48 49 38 2 25 21 24 43 18 33 34 37 0 1 26 58 35 32 52 28 30 54 27 23 53 60 31
4 4 11 19 12 7 3 44 39 20 40 18 41 36 15 56 13 25 21 6 17 2 22 10 14 50 45 9 38 33 43 5 42 16 57 29 37 49 46 8 35 48 55 0 1 47 24 32 51 31 26 34 23 58 30 28 27 52 54 60 53
6 6 56 20 2 15 38 50 0 1 43 14 29 12 25 37 21 22 10 13 3 9 33 4 17 5 45 48 16 11 58 36 46 54 49 51 47 57 24 55 7 42 18 8 35 52 19 60 40 44 39 32 53 30 41 26 28 34 31 27 23
7 7 40 36 44 41 11 19 39 12 4 3 20 38 33 56 22 15 6 13 25 21 43 37 2 14 17 30 45 10 50 48 18 9 16 5 49 29 57 46 32 42 35 8 0 28 1 34 58 55 31 47 51 24 54 26 27 52 60 53 23
8 8 57 55 42 17 50 24 3 47 51 46 34 18 48 20 49 22 45 16 15 56 13 4 6 14 10 2 43 11 9 31 38 28 35 5 33 12 27 29 26 32 37 30 36 52 25 21 0 7 1 19 40 54 39 58 23 44 41 60 53
11 11 4 19 12 7 39 44 40 41 3 36 22 20 15 13 25 21 6 45 10 49 14 48 38 16 56 17 9 50 18 43 46 5 2 37 42 55 8 47 51 57 29 24 58 33 0 52 1 30 26 32 54 34 31 28 35 27 60 53 23
12 12 11 4 44 19 7 39 40 41 25 21 20 36 3 22 45 6 56 50 43 2 49 15 38 16 37 48 17 13 14 46 51 33 18 47 55 10 0 58 1 57 26 30 29 8 9 42 35 34 5 54 28 24 31 60 32 23 53 52 27
14 14 15 13 10 9 5 3 29 38 6 33 37 56 20 35 25 21 32 18 30 31 43 28 2 26 34 36 27 23 50 45 17 22 12 11 58 4 48 24 57 8 49 46 47 7 0 1 52 51 54 39 53 44 16 55 60 42 19 40 41
15 15 14 10 9 13 5 3 6 29 38 20 56 33 17 2 37 11 12 4 25 21 50 43 8 35 18 22 45 32 30 16 34 26 0 39 7 1 31 36 28 57 19 49 42 51 27 58 46 23 55 47 48 44 54 52 40 24 53 60 41
16 16 48 49 22 51 46 45 47 50 24 55 3 17 38 57 42 52 20 8 36 12 6 56 4 11 18 33 25 21 15 13 43 37 7 14 2 29 35 10 40 41 54 39 34 19 28 9 26 31 44 5 32 27 58 30 53 0 1 60 23
18 18 35 29 23 32 4 57 31 33 28 30 27 34 26 55 24 25 21 22 42 8 37 38 17 49 48 47 56 50 51 12 11 52 45 58 20 14 43 46 16 6 2 54 36 7 19 3 53 60 40 44 15 39 13 0 1 41 10 9 5
20 20 56 2 6 17 50 4 43 0 1 12 45 7 11 37 42 33 57 38 25 21 8 55 49 48 16 58 46 44 40 24 22 47 36 54 3 39 19 51 60 29 18 34 15 41 35 52 53 28 13 14 31 10 26 23 27 32 9 30 5
22 22 49 48 16 46 51 45 47 36 55 38 50 11 24 12 6 18 52 37 57 17 4 42 43 20 7 33 40 56 8 25 21 41 39 2 19 29 44 54 3 58 32 31 30 28 35 26 53 34 27 60 0 1 23 14 13 15 10 9 5
23 23 35 34 31 32 18 30 33 29 27 28 26 24 25 21 57 37 38 52 56 47 58 43 22 14 36 49 54 55 50 20 45 6 48 53 60 4 2 51 12 42 46 15 17 7 11 16 8 13 44 40 39 0 1 10 3 41 9 19 5
25 25 21 26 12 38 37 45 28 29 33 35 43 32 6 31 18 27 34 58 23 20 30 50 56 4 16 11 53 7 22 44 46 51 54 2 48 47 41 19 60 52 39 14 24 42 40 49 36 8 57 55 3 0 15 1 13 10 9 5 17
26 26 37 58 35 53 34 31 25 54 21 60 32 28 18 27 33 30 38 29 52 23 43 57 24 56 45 20 12 6 36 47 14 42 22 49 4 55 51 8 48 16 46 50 7 11 40 13 39 41 3 2 44 10 15 9 19 17 5 0 1
27 27 35 34 31 32 28 29 30 33 18 23 26 25 21 37 24 57 38 58 56 52 14 6 53 54 43 42 45 60 36 8 2 55 20 47 12 51 17 48 22 49 50 46 16 4 13 10 3 7 11 15 0 9 1 44 19 5 40 39 41
28 28 34 31 32 27 30 33 29 35 18 25 21 26 23 37 57 24 38 56 52 58 14 6 43 54 53 42 45 36 2 8 60 20 12 55 48 47 51 49 17 50 22 16 46 13 4 7 3 10 11 19 0 1 15 9 44 5 40 39 41
29 29 35 18 32 14 23 28 27 38 30 33 31 34 25 21 37 26 6 15 43 13 58 56 10 52 2 36 57 20 9 24 53 50 45 54 5 12 42 22 17 8 4 60 48 16 51 46 3 0 1 47 55 11 49 40 39 41 44 19 7
30 30 34 31 28 32 27 33 29 35 36 23 18 26 38 37 24 25 21 57 43 52 56 54 40 58 6 14 22 47 2 20 7 50 60 49 53 12 39 55 48 44 45 19 11 42 51 41 17 13 4 0 1 15 46 10 16 8 9 3 5
32 32 35 31 34 28 30 52 29 27 33 18 23 25 21 26 54 38 53 43 37 24 57 58 56 60 6 14 49 42 36 2 45 20 8 48 17 12 51 50 55 47 22 16 46 4 13 0 1 3 10 7 11 15 44 9 19 40 5 39 41
33 33 35 31 34 32 28 56 30 18 27 29 25 21 23 38 26 49 14 37 20 6 45 52 43 48 2 7 36 22 24 50 46 57 47 54 16 4 12 42 51 58 13 17 8 15 40 60 10 0 55 1 53 19 9 11 5 44 39 41 3
36 36 40 7 39 44 41 38 11 30 22 12 37 43 4 19 49 56 20 48 6 45 58 25 21 3 31 28 34 16 50 2 46 54 33 26 27 29 60 35 23 47 32 51 18 14 53 57 52 15 17 24 55 13 42 8 0 1 10 9 5
38 38 37 36 14 43 29 22 45 6 25 21 26 30 50 33 56 20 58 16 35 40 13 2 51 48 31 54 15 46 34 23 10 28 7 60 49 53 47 9 18 12 41 32 27 39 5 55 52 44 57 4 11 24 0 1 42 19 8 3 17
43 43 58 37 54 60 38 52 20 53 56 2 6 25 21 36 17 50 45 22 0 1 12 29 26 32 48 33 16 49 30 28 46 51 42 4 18 40 7 27 57 11 35 47 8 55 39 34 14 41 31 23 44 15 24 3 13 19 10 9 5
45 45 48 16 46 51 22 49 47 50 38 25 21 24 55 12 20 56 37 43 6 2 33 57 42 52 4 36 8 7 11 58 29 54 17 18 28 35 0 26 1 44 41 3 19 31 40 32 34 53 39 60 30 14 27 13 15 10 9 23 5
46 46 47 51 49 45 48 16 55 22 50 24 42 57 17 8 20 38 52 56 18 25 21 33 12 6 2 43 3 36 37 4 34 11 35 29 54 28 31 26 7 32 27 30 41 40 0 39 58 13 1 14 19 44 53 10 60 9 23 5 15
49 49 48 52 22 51 16 46 47 45 50 24 54 55 33 53 56 58 38 60 17 20 36 6 43 32 34 18 37 57 35 11 30 42 8 12 25 21 4 29 2 31 7 23 28 3 40 39 41 27 26 14 19 44 13 0 1 15 10 9 5
50 50 56 49 20 42 8 46 16 2 48 57 45 22 55 6 47 51 17 38 24 43 0 1 37 25 12 21 4 52 33 18 58 54 34 7 36 3 60 29 23 35 53 11 41 44 19 31 39 40 15 14 28 26 13 32 10 27 30 9 5
52 52 54 53 58 60 49 43 32 48 37 26 35 22 38 16 51 33 31 34 20 46 25 56 21 50 47 28 18 30 2 27 24 23 6 36 29 17 57 55 45 12 0 1 11 4 42 7 14 8 40 39 41 44 3 13 19 10 9 5 15
55 55 57 42 8 17 51 46 47 24 50 18 22 49 16 48 45 34 56 20 3 6 38 2 33 31 37 35 12 32 52 29 43 28 23 25 4 21 27 11 26 15 36 30 14 0 1 7 58 54 13 41 39 53 19 40 44 10 60 9 5
57 57 55 42 8 17 34 24 18 50 51 46 47 22 49 48 56 35 31 16 20 3 32 28 6 23 29 30 33 2 27 38 25 21 26 37 4 12 45 43 15 14 52 11 36 0 58 1 13 54 53 19 10 7 39 41 40 9 44 60 5
