3 3 15 13 14 10 9 5 17 8 4 11 57 6 12 29 55 42 20 16 7 19 50 56 24 44 39 43 18 40 38 2 51 36 41 25 46 22 49 45 47 33 35 48 34 37 32 26 23 27 31 21 30 28 0 58 54 52 60 53
4 4 11 12 19 7 39 44 40 41 36 3 18 20 25 21 6 15 56 45 22 13 17 2 50 14 43 29 10 33 9 38 35 5 26 16 37 55 51 57 49 30 24 23 46 48 32 8 34 42 31 58 28 27 47 0 54 53 60 52 1
6 6 20 56 2 50 43 33 38 0 25 29 37 15 17 22 12 14 58 1 16 49 42 54 46 8 3 52 51 35 60 21 48 45 24 57 53 32 55 26 4 18 10 34 31 30 47 13 9 28 5 11 27 7 23 36 44 39 19 40 41
7 7 40 36 44 41 11 39 12 19 4 3 20 25 38 33 22 21 56 6 43 15 45 2 17 13 37 50 14 30 10 9 26 18 49 5 29 31 34 16 48 23 32 51 28 57 24 54 55 58 46 42 27 8 35 53 0 52 47 60
8 8 57 55 42 17 50 24 51 47 20 3 34 46 22 49 45 18 48 16 56 43 6 2 15 31 13 30 28 38 27 14 29 33 32 26 10 35 23 9 37 5 52 25 0 54 58 4 12 60 11 53 7 21 36 1 19 39 44
11 11 4 12 19 7 39 44 40 41 36 3 25 22 21 20 45 15 13 6 49 18 48 50 14 38 43 10 16 17 56 9 5 2 46 51 37 26 29 55 24 8 47 57 42 33 54 58 32 53 30 34 23 31 52 27 35 0 28 60
12 12 4 11 44 7 19 39 25 40 41 36 21 20 45 3 22 6 43 56 50 33 26 2 38 49 16 37 51 17 48 18 46 15 58 14 13 29 35 30 31 34 54 47 28 10 55 32 53 57 23 42 60 8 9 24 52 5 0 27 1
14 14 15 13 10 9 5 29 3 38 6 18 35 33 23 17 37 32 56 20 27 31 28 26 30 34 25 43 24 2 57 50 8 4 11 12 21 45 55 58 42 22 54 53 7 36 51 46 16 48 49 52 47 0 19 39 60 41 44 40
15 15 14 10 9 5 13 3 29 6 17 38 20 33 56 18 35 8 4 11 2 12 43 50 57 37 23 42 25 55 32 31 26 16 7 27 30 34 28 24 22 19 45 46 21 36 48 51 49 39 54 44 0 40 53 60 47 41 58 52
16 16 22 49 48 51 45 46 50 47 24 55 17 42 57 8 20 25 3 38 56 18 6 2 33 43 52 34 21 12 36 30 29 37 11 32 26 15 35 4 31 28 23 13 14 27 54 7 0 10 39 58 9 44 19 53 5 60 40 41 1
18 18 35 29 23 24 32 33 27 31 30 34 28 57 4 26 55 22 42 25 8 47 14 51 17 45 46 16 37 48 50 38 6 21 56 49 12 58 20 43 11 2 15 53 13 3 19 52 54 10 60 9 5 7 39 36 44 40 41 0
20 20 56 6 2 17 50 43 0 42 4 8 57 33 38 37 55 12 49 25 58 46 24 54 16 45 1 22 60 52 7 51 48 3 53 11 47 34 18 21 29 26 44 35 36 19 39 40 31 28 15 23 32 27 13 14 41 30 10 9 5
22 22 49 48 16 45 51 46 50 47 24 55 38 36 18 42 6 8 17 20 25 57 11 12 56 43 2 33 37 52 4 7 21 34 29 40 39 30 32 26 23 19 35 41 58 44 3 31 28 54 27 53 0 60 14 13 1 15 10 9 5
23 23 35 18 34 32 31 29 30 33 28 27 26 24 25 57 37 56 14 21 6 47 58 38 22 55 43 45 53 50 52 51 46 42 20 54 48 49 2 8 16 60 12 17 4 15 36 13 10 9 3 5 7 11 0 39 44 19 41 40
25 25 21 12 45 26 33 43 38 37 35 29 6 28 58 31 32 34 56 4 30 20 11 18 44 16 23 27 46 53 7 48 51 50 22 19 54 39 60 2 52 24 47 41 40 57 55 49 14 17 42 8 0 3 36 13 15 10 9 1 5
26 26 37 58 35 53 25 34 31 32 33 30 28 54 27 60 38 23 29 18 21 43 52 56 24 57 6 45 20 12 42 14 22 50 8 47 16 51 46 55 2 36 4 49 17 48 11 7 39 44 10 19 40 41 3 9 15 5 0 13
27 27 35 34 31 32 28 30 33 29 23 26 18 25 24 57 37 56 21 6 58 14 53 38 42 43 45 8 50 54 17 55 20 47 2 52 60 51 22 12 46 16 48 36 15 49 13 3 10 7 4 9 0 5 11 44 19 39 41 40
28 28 34 31 32 27 30 33 35 23 29 26 18 25 24 57 56 37 21 6 58 38 53 55 14 45 43 42 50 20 8 54 52 2 17 47 51 60 12 22 46 16 48 36 49 15 13 7 3 0 10 9 11 44 4 5 39 19 41 40
29 29 18 35 14 23 33 32 27 28 31 30 38 34 26 15 25 13 6 10 37 9 24 5 56 43 21 3 57 58 2 20 45 42 53 17 50 8 22 4 12 51 55 47 52 16 46 54 48 60 36 0 49 11 19 39 7 1 40 44 41
30 30 34 31 32 28 27 33 23 35 26 29 24 18 25 38 57 36 37 56 6 58 21 43 47 53 22 55 52 50 54 42 20 14 51 46 60 2 45 8 17 16 49 48 40 12 7 39 44 15 11 19 13 0 3 41 10 4 9 5
32 32 35 31 34 28 30 27 33 29 23 26 18 25 52 24 57 37 21 38 56 53 58 6 43 54 14 42 45 8 60 17 20 2 55 47 51 50 46 12 16 22 48 36 49 15 13 3 0 10 7 4 9 11 5 44 39 19 40 41
33 33 35 32 31 34 56 28 29 30 25 27 6 18 23 26 21 20 38 2 37 43 14 24 45 50 57 49 58 12 52 42 54 22 17 51 53 16 8 7 46 47 60 48 0 36 4 55 13 10 15 39 9 3 5 11 19 1 40 44 41
36 36 40 7 39 44 41 11 12 38 4 22 19 30 43 37 25 49 20 48 6 45 50 3 58 56 16 21 32 34 54 31 33 26 28 51 60 46 52 24 53 27 2 17 35 18 23 47 55 57 29 42 14 15 8 13 10 9 0 5
38 38 37 43 36 26 6 25 29 58 22 14 45 20 56 50 54 33 60 2 30 53 52 21 49 35 31 16 34 51 46 40 18 28 32 17 23 48 27 13 7 12 10 57 24 9 47 0 42 55 15 39 3 8 5 11 41 44 4 1 19
43 43 38 58 54 37 60 52 20 53 56 6 2 25 50 17 26 21 33 0 36 45 22 12 42 8 29 57 16 49 46 51 32 48 55 30 28 35 34 27 18 31 1 4 47 23 7 3 11 14 24 40 39 44 41 15 19 10 9 5 13
45 45 46 22 48 16 51 25 49 47 24 50 21 38 55 12 56 57 43 6 42 20 33 8 37 2 18 26 17 4 34 29 35 28 11 31 30 52 58 32 36 7 44 19 54 27 53 23 39 0 60 41 3 40 14 1 13 15 10 9 5
46 46 47 51 45 50 48 49 16 22 24 55 42 8 57 17 20 25 56 18 6 38 2 34 43 21 33 30 12 26 31 37 29 32 23 52 3 28 35 27 0 36 4 54 11 58 60 7 53 14 1 39 10 19 44 9 15 40 41 5 13
49 49 48 22 16 51 45 50 46 47 52 24 55 20 56 6 17 33 42 8 38 2 43 18 54 57 34 53 30 36 37 58 60 25 35 23 11 12 32 29 31 0 4 3 28 26 7 21 27 39 44 19 40 41 1 14 15
50 50 49 20 56 46 42 8 6 22 2 16 51 48 45 47 17 43 55 57 24 38 0 37 25 33 52 12 58 54 1 18 60 34 53 21 4 23 32 35 30 29 26 31 28 7 36 27 3 11 19 44 39 15 41 14 40 10 9 5 13
52 52 54 53 58 60 43 49 37 38 26 32 20 56 25 6 50 2 48 17 33 35 22 34 31 16 21 51 30 28 46 24 18 23 45 27 36 12 0 57 47 42 29 55 8 1 4 7 3 14 11 44 39 19 40 41
55 55 57 42 8 17 51 24 46 47 50 49 22 18 16 48 45 34 20 3 56 6 2 43 33 31 23 30 29 38 32 35 28 25 27 26 37 15 14 12 13 58 52 0 21 54 10 53 9 4 60 11 5 36 7 1 39 19 44
57 57 55 42 8 17 34 24 50 18 51 46 47 22 20 31 32 49 28 30 48 3 23 16 35 56 33 27 6 29 26 2 43 45 25 38 37 14 15 58 13 21 52 12 53 0 54 10 9 4 60 5 11 36 7 1 39 19
