32 32 35 31 34 112 28 83 30 33 27 90 78 85 26 29 23 93 18 25 86 109 57 37 24 38 56 43 6 58 96 66 53 21 64 110 42 14 54 55 8 72 60 2 105 20 17 52 45 47 46 22 51 50 68 16 48 63 12 49 3 15 0 13 11 10 7 9 5
38 38 37 96 90 105 85 66 110 43 93 14 29 22 72 26 20 58 83 78 54 52 86 60 53 25 35 56 63 13 15 6 16 46 10 49 109 50 68 28 2 32 33 9 18 64 48 5 31 27 34 17 3 23 30 7 55 45 21 51 57 42 47 8 11 112 0 12 24 40 36 44 19 4 39 41 1
7 7 40 36 44 41 11 12 39 19 96 63 72 4 93 64 20 25 66 105 90 68 85 38 22 110 21 109 43 78 83 56 16 6 50 37 2 45 17 49 46 48 29 86 33 51 14 55 57 24 26 54 28 47 58 32 53 52 34 31 27 112 18 42 35 0 30 60 23 8 15
11 11 4 12 19 7 39 64 63 44 72 40 41 36 25 22 96 66 68 21 105 20 110 93 78 85 16 49 48 45 43 109 51 56 90 46 6 86 55 50 33 2 26 38 37 29 57 47 17 83 42 24 54 58 8 32 27 31 53 23 35 28 52 30 18 34 60 112 14
43 43 58 54 37 38 52 60 20 53 56 6 25 2 96 105 50 66 17 90 85 110 72 26 21 93 22 33 0 29 42 49 8 64 32 57 46 16 28 78 55 45 35 63 48 51 27 83 34 68 31 86 1 12 14 30 18 7 23 47 109 3 11 15 24 10 9 112 4 5 39 40 44 13 41 36 19
46 46 47 51 45 109 105 16 50 110 48 24 55 22 49 42 57 8 17 112 68 25 20 72 93 56 18 38 6 66 2 63 34 78 85 43 21 96 30 64 90 32 23 37 33 26 29 31 28 35 83 27 0 86 3 12 7 11 58 54 14 52 60 53 1 15 4
14 14 15 13 10 9 5 3 29 66 93 38 18 85 90 83 35 37 17 110 78 105 72 96 63 23 33 32 109 43 28 27 20 22 34 31 86 26 30 64 24 56 57 68 6 2 58 55 50 112 16 46 25 42 48 54 53 49 45 8 51 60 7 47 52 11
16 16 49 48 22 51 45 105 46 63 110 50 47 24 55 109 72 68 66 57 42 25 8 96 38 20 64 56 93 78 17 18 6 85 2 43 11 34 21 90 37 30 7 112 29 26 23 27 33 32 12 83 86 35 28 31 4 0 58 14 54 39 19 52 40 60 44 41 36 15 53 3 1
15 15 14 10 9 5 13 3 66 29 38 17 93 85 63 110 72 18 90 37 20 35 83 43 105 78 57 22 96 55 32 42 68 64 28 27 8 23 86 33 109 56 31 50 6 26 34 30 54 2 60 24 48 16 46 7 49 58 52 45 11 51 53 25
20 20 56 6 2 50 17 64 105 72 43 110 66 93 0 42 38 8 57 7 63 49 55 85 33 58 46 22 54 37 16 68 52 1 60 78 24 51 48 25 96 53 3 90 45 11 47 109 83 34 29 40 36 26 14 18 12 35 30 21 86 31 28 44 15 19 32 23 41 13 39 27 10 4 9 5 112
22 22 49 48 16 109 45 51 105 96 110 46 50 66 72 78 47 24 55 38 93 11 57 42 63 20 85 8 43 68 17 64 90 112 25 37 56 6 86 2 7 83 18 12 29 34 21 4 32 33 58 30 54 19 35 26 28 52 60 14 31 44 53 40 27 39 23 15 36 0 3 41 13 10 9 5 1
55 55 57 42 8 68 17 51 110 78 24 46 47 50 22 49 45 48 16 34 63 105 20 18 3 86 109 56 85 64 6 83 66 2 72 33 28 43 30 90 38 31 32 93 27 29 23 25 26 96 35 15 14 37 13 112 0 10 21 9 58 54 5 7 52 60 11 53 1 12
57 57 55 42 8 68 17 34 110 78 24 50 51 47 46 22 31 30 63 32 49 28 18 20 33 3 86 85 27 23 83 56 105 16 35 48 6 90 26 64 29 93 45 66 2 72 43 38 109 25 37 96 14 15 58 112 13 53 10 21 0 9 11 54 5 7 60 52 12 1
27 27 35 34 31 83 32 28 30 33 90 78 85 29 23 26 93 18 86 25 57 112 37 24 56 6 38 96 66 58 64 109 21 14 53 110 42 43 55 72 8 105 17 50 2 20 54 45 60 22 47 51 68 46 52 16 49 63 15 48 12 13 10 3 0 9 7 11 5
28 28 34 31 32 27 30 33 90 78 85 23 35 93 29 26 83 18 86 25 57 112 24 56 37 6 38 96 66 58 64 109 21 110 42 55 14 53 43 72 8 105 17 50 2 20 45 47 22 54 60 51 68 46 16 49 52 63 48 12 3 15 13 0 7 11 10 9 5 4
29 29 18 35 83 14 90 85 23 33 66 78 38 93 32 27 28 31 34 30 15 26 13 86 37 10 96 9 24 25 5 110 43 56 72 3 6 105 57 64 112 58 20 22 109 63 21 2 42 53 8 17 55 47 46 45 16 50 51 68 54 49 60 48 52 12 0 11 7
