32 32 35 31 34 28 30 33 27 112 83 26 90 23 78 85 29 18 93 25 57 24 37 56 6 58 38 86 109 21 43 53 66 42 14 54 20 55 96 8 60 50 110 64 2 45 47 17 52 72 22 51 105 46 16 49 68 12 48 15 13 63 0 10 3 9 7 5
38 38 37 96 90 105 85 43 66 110 93 26 29 14 58 72 20 22 54 52 60 53 25 83 56 78 6 35 2 50 86 17 33 13 63 49 16 31 46 10 34 18 32 21 109 15 68 9 48 30 23 28 5 64 3 45 27 42 51 55 8 57 7 0 47 12 11 24 1 112 41 4 39 19 40 36 44
7 7 40 36 44 41 11 12 39 19 63 96 4 72 93 64 25 20 66 21 105 90 68 85 110 38 22 109 43 56 78 83 45 6 50 37 2 16 17 48 29 33 26 49 51 32 28 46 14 27 57 42 86 55 24 35 8
11 11 4 12 19 7 39 44 64 40 63 72 41 36 25 22 21 96 66 93 68 105 110 20 45 78 85 49 48 16 43 38 51 26 33 46 109 37 90 56 50 47 17 6 86 54 55 83 29 2 52 60 24 58 53 57
43 43 38 58 54 37 52 60 20 53 56 6 25 2 50 17 96 105 66 110 90 85 26 21 72 0 33 93 42 22 8 49 57 29 46 55 16 45 64 51 35 48 28 32 1 34 12 27 31 78 30 83 63 3 47 68 18 23 14 86 7 24 109 11 15 10 4 9 5 39 44 19 40 13 41 36 112
46 46 47 51 45 109 50 48 16 105 24 110 22 49 55 42 8 57 17 25 20 56 18 6 68 72 2 93 112 34 21 66 38 43 30 78 63 85 96 23 33 26 32 31 29 35 37 28 64 0 27 90 12 3 83 58 54 52 60 1 86 7 11 53 14 4
14 14 15 13 10 9 5 29 3 66 93 38 18 35 85 90 83 17 37 78 23 33 110 32 27 72 105 28 63 34 26 96 43 30 20 109 31 24 56 22 57 86 6 55 2 42 58 64 25 8 50 54 53 68 47 45 16 51 48 46 7 112 52 49 60
16 16 49 22 48 51 45 46 105 50 63 47 110 24 55 109 72 42 57 66 25 8 68 20 96 56 17 38 18 78 93 6 2 64 21 34 43 85 30 11 37 26 23 33 90 32 29 31 28 12 0 35 27 7 112 83 58 86 4 54 52 60 3 19 1 39 14 53 44 40 41 36 15
15 15 14 10 9 5 13 3 66 29 17 93 38 85 18 63 35 110 72 90 20 83 37 57 43 78 55 42 105 23 33 8 32 27 22 96 31 56 28 34 68 26 30 6 64 50 109 86 24 25 2
20 20 56 6 2 50 17 64 43 105 72 110 66 93 0 42 8 57 38 55 49 33 58 54 37 1 46 52 85 60 16 22 7 63 24 25 51 53 48 3 45 68 47 78 96 90 34 26 29 109 21 11 30 18 35 31 83 28 40 36 14 13 12 27 32 23 15 10 44 9 19 41 5 86 39 4 112
22 22 49 48 16 45 51 109 105 96 46 50 110 47 24 66 72 78 93 55 38 42 57 8 11 20 17 63 25 85 56 43 6 68 64 90 2 18 37 112 21 34 86 12 83 29 7 33 30 35 4 58 32 26 31 28 23 54 27 0 52 19 60 53 14 44 3 39 40 36 41 15 1 13 10 9 5
55 55 57 42 8 68 17 51 24 110 78 47 46 50 49 22 48 45 16 34 20 18 3 105 56 63 6 2 85 86 30 109 33 66 43 64 31 72 28 83 32 23 25 27 38 90 93 35 26 29 15 14 13 96 0 37 10 21 9 5 58 54 52 60 112 1 11 53
57 57 55 42 8 68 17 34 24 110 78 50 51 47 31 30 46 32 22 28 49 18 20 33 3 27 23 56 35 6 48 26 16 63 85 45 83 29 105 2 90 86 93 43 64 66 25 72 37 38 15 14 58 109 13 96 53 21 10 0 112 9 54 5 60 52 1
27 27 35 34 31 32 28 30 33 83 90 23 78 85 29 26 18 93 25 57 24 37 56 6 86 112 58 21 38 53 42 14 66 8 96 55 20 43 50 2 64 54 110 17 45 109 47 60 72 22 51 105 46 52 16 49 68 48 12 3 15 13 0 63 7 10 9 5
28 28 34 31 32 27 30 33 90 23 78 85 35 93 26 29 83 18 25 57 24 56 37 6 86 112 58 21 38 42 53 8 66 96 55 17 64 14 50 110 2 109 47 45 43 20 54 72 60 22 51 105 46 16 49 52 68 48 12 0 10 63 3 9 7 5 15 11 13
29 29 18 35 14 83 90 23 33 85 66 78 93 32 27 38 28 31 34 15 30 13 26 10 9 37 5 24 25 3 86 56 6 96 110 57 43 72 58 21 105 64 20 112 42 2 50 53 22 47 17 8 45 109 63 55 51 46 16 49 54 48 60 68 52 12 0 7 11
