32 32 112 83 28 90 78 29 85 27 109 93 86 43 96 38 66 57 64 46 14 105 55 110 72 22 15 68 20 63 11 7 16
38 38 14 96 90 105 15 85 66 29 110 22 43 93 28 83 46 72 86 20 16 27 7 78 32 63 55 64 57 68 11 109 112
7 7 11 96 63 72 20 64 93 16 66 105 22 90 68 38 43 85 14 110 46 15 109 57 55 83 78 86 29 32 28 112 27
11 11 64 7 63 72 22 20 68 96 16 66 105 110 43 78 85 109 57 93 15 46 90 86 14 55 29 38 112 32 28 83 27
43 43 96 105 90 66 85 20 110 32 72 29 22 38 28 83 16 7 15 27 46 86 93 14 78 11 112 63 68 109 57 55 64
46 46 109 16 55 105 110 112 68 22 57 20 63 38 43 72 93 66 64 7 85 78 32 90 14 86 15 29 96 11 83 28 27
14 14 15 66 38 93 43 96 85 29 110 90 20 105 22 72 83 109 63 46 16 64 28 86 68 11 32 78 27 7 55 112 57
16 16 46 63 105 110 22 68 109 55 20 57 72 64 11 66 7 43 38 85 112 15 14 29 93 96 90 78 86 32 28 83 27
15 15 14 66 38 85 43 29 93 63 20 110 96 72 22 105 90 11 16 7 64 86 46 83 32 28 55 57 68 78 109 27 112
20 20 64 7 105 72 110 66 11 43 63 93 16 46 68 22 96 15 85 14 38 57 55 78 83 90 28 86 29 109 27 32 112
22 22 109 105 96 16 11 46 55 110 66 43 38 72 20 112 68 78 57 7 64 63 93 85 90 14 15 86 29 83 32 28 27
55 55 68 57 46 110 78 22 16 63 109 105 86 83 64 20 112 28 85 32 66 27 7 43 38 72 90 29 96 11 93 15 14
57 57 68 55 110 78 63 46 86 16 22 83 28 105 64 85 32 27 11 109 7 66 29 43 90 38 93 112 72 20 96 14 15
27 27 83 90 28 78 29 85 32 93 86 38 96 43 112 57 66 109 64 14 55 110 72 105 22 68 15 46 20 63 11 7 16
28 28 90 78 27 29 85 32 83 93 86 38 96 43 112 57 66 109 64 14 55 110 72 105 22 15 68 46 20 11 63 7 16
29 29 83 90 28 85 32 27 78 38 66 86 43 96 93 14 112 15 110 72 57 64 105 22 20 55 46 68 11 16 109 63 7
