32 32 112 83 35 31 34 28 30 90 109 33 78 86 85 27 29 18 26 93 23 43 96 38 37 25 21 66 56 46 54 64 58 57 6 55 60 24 52 14 110 105 2 53 15 42 72 63 68 22 8 20 17 50 49 11 16 45 0 1 48 51 13 7 47 12 10 4 9 3 19 41 5 39 40 44 36
38 38 37 96 14 90 105 85 66 15 29 110 13 22 86 43 10 83 93 9 72 28 5 46 20 78 16 63 7 64 27 3 35 68 32 49 112 55 58 109 26 57 48 34 18 31 11 54 33 30 52 47 60 23 53 40 42 36 25 21 56 8 50 51 19 45 6 4 44 12 2 41 39 17 0 1 24
7 7 40 36 44 41 11 96 19 63 12 39 72 4 64 20 93 68 66 90 105 16 38 22 85 43 110 25 56 21 109 86 49 14 46 37 57 55 15 83 78 48 6 50 112 2 17 45 29 47 58 42 13 51 10 54 32 28 8 52 9 33 60 34 5 27 0 1 35 53 31 23 30 24 3 26 18
11 11 4 12 64 19 63 7 39 44 72 40 41 36 22 20 68 96 25 21 66 105 16 110 49 48 78 85 86 109 57 43 56 93 90 6 112 15 45 46 2 51 37 83 14 29 17 38 55 47 50 28 32 58 33 34 54 27 35 10 13 52 0 1 42 60 31 9 26 8 53 30 3 5 18 23 24
43 43 58 54 37 52 60 53 56 96 6 25 21 2 105 20 66 90 85 50 110 17 38 72 86 22 29 32 83 26 28 0 1 16 63 112 7 68 49 15 93 27 33 48 46 14 78 109 11 64 42 35 18 8 51 57 45 47 34 55 31 10 40 30 9 36 23 5 4 12 41 44 39 3 19 13 24
46 46 47 109 16 51 45 55 105 112 48 110 49 68 50 22 24 57 42 8 17 72 63 38 93 20 25 21 66 64 85 78 86 56 43 7 37 32 83 28 96 18 14 90 6 27 15 34 2 29 11 35 33 58 40 13 36 12 10 54 30 31 44 9 52 0 60 1 3 26 4 5 41 53 23 39 19
14 14 15 13 10 9 5 3 66 38 93 37 96 85 110 90 105 72 20 29 109 22 86 83 63 43 17 46 68 112 64 16 11 28 49 32 57 56 78 27 48 55 7 6 47 58 50 2 54 26 18 52 4 51 31 60 34 53 39 30 35 19 25 21 42 45 12 8 0 1 24 40 36 44 23 33 41
16 16 49 48 51 46 45 63 105 47 110 22 68 50 109 24 55 64 72 66 7 57 112 11 38 20 25 42 21 8 85 96 43 56 17 37 86 15 40 18 93 4 36 14 78 6 12 44 2 90 29 28 83 39 41 34 19 27 58 33 54 10 35 13 32 30 52 9 60 0 1 26 5 53 31 23 3
15 15 10 14 9 13 5 3 66 38 85 17 93 63 37 96 29 110 43 20 72 105 86 90 22 64 68 11 83 16 46 7 109 78 112 56 49 32 28 58 6 54 50 48 27 57 52 2 18 60 47 55 4 42 31 19 53 25 21 26 40 51 8 36 30 35 45 34 12 44 39 0 1 41 24 23 33
20 20 56 64 6 2 105 50 72 17 7 110 66 63 43 11 0 1 93 68 16 49 40 42 96 36 85 22 38 46 8 86 15 48 78 109 19 57 14 4 55 44 58 83 47 33 12 45 54 37 41 39 90 51 52 112 24 60 28 29 13 10 34 25 21 53 18 27 3 9 5 35 31 30 32 23 26
22 22 49 109 48 96 16 105 46 112 110 55 11 45 51 47 68 66 38 72 20 78 57 43 64 50 86 63 7 85 90 93 24 37 42 12 17 15 8 4 14 83 25 29 40 21 56 58 44 36 19 54 6 52 2 32 60 13 41 10 28 39 53 9 35 3 33 26 27 5 18 31 34 0 1 30 23
55 55 68 57 42 8 46 17 110 47 51 78 24 49 50 63 22 86 16 48 109 45 105 112 34 83 64 85 28 66 56 18 72 32 38 6 3 27 7 90 20 2 33 29 96 31 43 14 35 93 25 21 37 11 26 30 15 0 1 40 36 12 23 44 13 58 41 54 39 52 10 60 9 4 5 53 19
57 57 68 42 8 55 17 34 110 78 24 86 63 50 46 47 51 49 22 83 105 64 31 85 18 16 30 109 11 48 90 56 29 3 112 33 28 6 35 93 66 23 32 20 96 7 38 72 27 26 2 14 37 45 4 19 25 43 21 15 40 36 12 58 0 1 13 39 44 10 53 41 9 54 5 60 52
27 27 83 35 34 31 90 28 30 78 33 32 86 85 29 18 93 23 26 112 37 96 38 109 25 21 64 66 57 43 56 55 14 58 6 24 110 72 54 46 68 105 15 63 42 60 53 22 8 2 52 17 20 50 11 49 16 45 7 48 13 51 47 0 1 10 12 4 19 9 3 5 39 44 36 40 41
28 28 34 31 90 30 78 27 33 32 86 85 83 29 35 23 93 26 112 18 96 37 38 109 25 21 64 66 57 43 56 55 24 14 6 110 58 72 46 68 105 15 63 54 42 22 60 8 2 17 53 52 20 50 11 49 16 45 7 48 13 51 47 0 1 10 12 4 9 19 3 5 39 40 36 44 41
29 29 18 83 35 90 85 28 86 32 27 38 78 66 23 33 31 96 34 112 37 93 30 43 15 14 26 110 64 57 72 58 105 25 21 68 22 56 20 46 55 109 54 6 24 2 42 16 53 11 63 60 52 8 49 13 50 17 48 10 45 0 1 51 9 5 4 7 47 3 19 39 12 41 40 36 44
