32 32 35 31 34 28 30 112 83 33 27 90 78 26 85 23 29 18 93 25 57 24 37 86 56 109 38 6 58 43 53 21 66 96 14 42 54 110 55 64 8 60 2 50 20 72 17 105 45 52 47 22 51 46 68 16 49 12 48 3 63 15 0 13 10 9 11 7 5
38 38 37 96 90 105 85 66 43 110 93 14 29 22 26 72 58 20 54 83 52 60 78 53 25 86 56 35 6 63 13 50 2 49 16 15 33 46 10 109 68 18 32 17 9 28 31 64 34 48 5 23 30 3 27 21 45 7 55 51 42 57 8 47 0 12 11 112 24 39 1 19 40 36 4 44 41
7 7 40 36 44 41 11 12 39 19 96 63 72 4 93 64 20 25 66 105 90 68 85 21 38 22 110 109 78 43 56 83 16 45 6 50 37 2 17 49 33 51 29 32 46 86 48 26 42 14 60 24 8 55 47 54 28 53 57 52 35 58 112 27 0
11 11 4 12 19 7 39 64 44 63 72 40 41 36 25 22 96 21 66 68 105 93 20 110 78 85 45 49 16 48 38 43 51 109 46 56 90 33 26 37 6 50 2 55 86 47 83 29 17 57 54 24 42 58 60 8 23 32 31 35 27 53 30 34 52 18 28
43 43 58 54 38 37 52 60 20 53 56 6 25 2 96 50 17 105 66 90 110 85 26 72 21 33 0 93 22 42 29 8 49 57 64 46 16 32 55 45 28 35 51 48 78 27 34 63 1 31 83 12 68 30 14 86 18 23 47 3 7 109 24 11 15 10 9 4 5 39 40 44 112 19 13 41 36
46 46 47 51 45 109 105 50 16 48 110 24 22 49 55 42 57 8 17 25 20 68 112 56 72 18 93 6 2 66 38 34 21 63 78 43 85 30 96 23 33 64 32 26 37 90 29 31 35 28 0 27 83 3 12 86 58 54 7 52 60 11 14 1 53 15 4
14 14 15 13 10 9 5 3 29 66 93 38 18 85 35 90 83 17 37 78 110 23 33 105 72 96 32 63 27 28 43 109 20 34 31 26 30 22 86 24 56 57 64 6 55 2 53 68 58 50 42 25 8 112 16 46 48 47 45 51 49 52 54 7 60
16 16 49 48 22 51 45 46 105 63 50 110 47 24 55 109 72 66 68 57 42 25 8 96 20 38 56 17 64 93 78 18 6 2 85 43 21 34 11 30 37 90 23 29 26 7 33 32 112 31 12 28 35 83 27 0 86 4 58 54 52 60 14 19 39 40 44 3 41 53 36 1 15
15 15 14 10 9 5 13 3 66 29 17 38 93 85 63 18 110 72 35 90 37 20 83 43 105 78 57 55 42 22 32 23 96 8 33 27 28 68 64 56 31 109 86 6 34 26 30 50 24 2 25 16
20 20 56 6 2 50 17 64 105 43 72 110 66 93 0 42 8 38 57 55 49 33 7 63 58 85 54 37 46 22 16 52 1 60 24 68 51 25 78 48 53 3 96 45 47 90 34 11 109 29 83 26 40 18 21 35 30 36 31 14 12 28 15 23 44 13 32 86 27 10 19 41 39 9 4 5 112
22 22 49 48 16 45 51 109 105 96 110 46 50 66 47 72 24 78 55 93 38 11 42 57 8 63 20 17 85 43 25 68 64 90 56 112 37 6 2 18 86 7 83 12 21 34 29 33 4 28 30 58 35 27 26 54 31 32 19 14 52 60 23 44 53 0 40 39 3 36 15 41 13 10 9 1 5
55 55 57 42 8 68 17 51 110 24 78 46 47 50 49 22 45 48 16 34 105 63 20 18 3 56 86 6 85 109 2 64 66 83 72 30 33 43 28 31 90 32 38 93 27 23 25 26 29 35 96 15 14 13 37 0 10 21 9 112 58 5 54 52 60 7 1 53 11
57 57 55 42 8 68 17 34 24 110 78 50 51 47 46 31 22 30 32 49 28 18 20 33 3 63 27 23 56 85 35 6 83 48 16 86 26 105 90 29 45 64 93 2 66 43 72 25 37 38 109 14 15 58 96 13 112 53 10 21 0 9 54 5 60 52 11 7 1 12
27 27 35 34 31 32 28 83 30 33 90 78 85 23 29 26 18 93 25 57 86 24 37 56 112 6 38 58 66 21 96 53 14 64 42 109 110 55 8 43 17 72 50 2 54 105 20 45 47 60 22 51 46 52 68 16 49 15 12 48 63 13 10 0 3 9 5 7 11
28 28 34 31 32 27 30 33 90 78 85 23 35 93 29 26 83 18 25 57 86 24 56 112 37 6 38 58 96 21 66 42 64 109 53 110 55 8 14 43 17 72 50 2 105 20 47 45 54 22 60 51 46 68 16 49 52 48 12 63 3 15 0 13 7 10 11 9 5
29 29 18 35 14 83 90 85 23 33 66 78 93 32 38 27 28 31 34 30 15 13 26 10 37 9 86 24 5 25 96 56 3 110 6 43 72 57 105 58 64 112 20 21 22 109 2 50 53 42 63 17 8 47 55 45 51 46 16 54 49 68 60 48 52 12 0 11 7
