3 3 11 8 4 16 13 12 7 10 9 5 6 15 17 20 14 50 22 45 19 46 57 39 36 44 55 25 42 40 51 48 43 56 41 24 49 18 29 2 38 33 32 26 47 28 30 52 27 23 34 31 37 35 21 58 53 60 54 0
4 4 11 3 12 20 19 18 7 6 39 16 8 57 50 33 22 45 44 36 43 17 56 15 55 13 38 26 2 46 25 10 9 32 40 5 29 41 28 30 14 23 42 27 49 24 34 51 31 35 48 52 37 58 53 47 54 60 21 0
6 6 15 14 20 56 12 3 38 29 2 22 25 50 43 11 10 4 45 9 16 7 5 36 13 28 8 18 46 49 55 23 27 57 17 32 37 30 48 24 39 26 19 51 35 44 34 21 33 40 31 0 58 42 41 54 60 53 47 52
7 7 36 11 40 3 44 20 41 12 39 4 33 19 43 38 6 22 16 45 8 30 14 56 50 15 17 18 49 46 2 32 13 29 57 28 55 25 10 27 9 23 5 48 52 34 35 31 24 51 37 42 26 58 54 53 47 60 0 21
8 8 57 55 3 42 17 50 24 46 16 18 11 4 51 22 45 34 12 7 6 49 20 13 15 47 10 48 9 38 5 36 56 33 14 25 26 28 43 27 2 32 29 19 39 30 35 31 52 44 40 37 41 58 53 60 21 54 23
11 11 4 3 7 12 19 39 22 20 44 36 16 40 41 6 8 45 46 43 50 15 55 38 13 49 18 17 10 57 33 9 14 5 48 25 56 30 51 2 42 29 24 32 52 26 28 27 37 34 23 47 31 35 58 54 53 60 21 0
12 12 11 4 7 20 3 44 19 39 22 6 45 25 50 43 36 16 40 38 41 46 56 15 8 49 2 55 33 14 57 17 30 51 29 26 18 48 28 32 13 23 37 24 10 9 42 34 5 27 21 35 58 31 54 47 53 52 60 0
14 14 15 13 10 6 9 5 38 33 20 3 36 45 25 22 30 56 29 43 50 32 49 28 37 27 12 26 46 31 2 23 34 7 52 35 18 51 48 57 55 11 24 8 40 39 4 58 42 21 53 16 54 47 44 60 19 41 17 0
15 15 14 10 9 6 5 13 3 38 20 33 25 56 29 22 50 43 12 45 2 36 30 32 26 28 46 49 11 55 27 37 18 8 4 52 16 23 24 7 31 48 34 51 35 57 21 17 58 42 19 39 44 53 40 47 60 54 0 41
16 16 46 45 48 3 22 51 50 24 55 49 47 12 11 4 8 7 57 38 20 17 6 36 43 33 15 14 18 42 13 25 52 10 56 9 30 5 29 39 28 19 32 26 27 44 2 40 41 37 34 35 31 54 53 58 60 21 23
18 18 26 57 4 32 28 23 27 30 55 33 35 29 31 25 34 22 8 24 49 50 38 36 52 43 46 11 20 7 16 12 42 37 45 17 3 58 6 56 53 14 48 51 2 19 54 21 15 39 40 60 44 41 47 10 13 9 5
20 20 4 7 12 56 45 6 50 2 43 17 11 33 3 16 36 38 22 25 46 15 14 49 18 39 8 57 44 29 55 28 48 19 40 27 24 51 23 32 30 42 37 41 34 35 31 26 0 58 10 13 9 54 5 60 53 47 21 52 1
22 22 49 46 16 36 55 11 48 45 12 38 43 51 6 7 33 50 4 18 57 52 3 20 30 24 25 8 32 14 47 29 17 39 15 56 26 28 40 42 19 37 27 23 31 2 44 41 54 35 58 53 10 13 34 9 60 5 21 0
23 23 32 27 35 30 34 33 31 29 18 28 26 24 25 52 38 36 43 49 57 45 14 22 20 7 55 50 12 46 37 4 56 11 6 58 54 15 21 2 53 48 47 17 3 39 42 40 60 44 19 51 41 13 8 10 9 5 16
25 25 26 28 21 32 38 29 27 12 6 50 18 23 43 30 33 35 31 34 20 37 14 22 45 36 4 7 15 57 16 52 8 58 56 55 3 53 11 49 46 24 2 42 51 54 44 39 19 60 10 48 9 13 40 5 41 47 17 0
26 26 37 58 53 35 25 18 31 34 28 27 32 29 23 33 60 54 30 57 52 4 38 55 43 21 22 24 12 49 6 8 45 50 14 36 11 46 16 20 7 42 51 3 56 15 48 47 39 19 10 40 44 13 9 5 41 2 17
27 27 29 28 32 23 30 34 18 35 25 31 33 26 38 52 43 14 36 6 49 24 57 12 50 45 22 55 4 20 37 21 46 7 15 56 8 11 53 16 58 2 54 51 3 17 48 42 60 10 19 13 9 39 40 5 44 41 47
28 28 29 32 27 30 34 25 18 31 33 26 35 38 52 43 14 36 6 23 49 12 50 57 45 22 55 4 20 24 21 37 46 7 15 56 8 11 16 53 58 2 54 3 51 42 17 48 60 10 19 13 9 39 40 5 44 41 47
29 29 32 28 30 27 23 35 38 18 25 43 33 6 31 26 34 36 52 14 50 12 45 20 37 15 22 56 57 2 46 49 24 58 53 16 54 8 11 21 4 17 3 55 60 51 48 7 42 39 40 19 44 13 10 9 41 5 0 47
30 30 36 28 29 32 27 23 34 18 31 33 38 43 25 35 24 26 52 6 7 22 14 45 49 12 50 37 57 20 55 46 40 4 15 11 16 39 3 2 56 8 54 58 60 53 48 21 17 44 19 41 13 47 42 10 9 5 51 0
32 32 52 29 28 30 27 23 31 34 18 35 25 33 43 49 38 26 54 6 36 53 50 14 45 12 24 22 46 57 20 55 4 15 7 21 2 56 8 16 58 37 60 11 48 51 17 3 42 39 40 19 44 13 10 41 9 5 47 0
33 33 49 14 28 32 27 30 18 23 35 34 31 7 45 20 38 29 25 56 52 22 36 46 26 43 4 15 16 12 50 48 11 24 55 51 57 37 3 8 10 13 9 40 17 5 39 2 54 6 44 42 19 47 21 41 58 53 60
36 36 7 40 30 38 39 22 43 11 44 41 12 45 28 20 6 29 33 50 27 16 23 3 46 4 14 49 32 37 25 18 55 31 34 56 15 48 57 2 26 8 35 58 51 24 17 54 60 53 19 42 13 47 10 52 9 5 21 0
38 38 14 36 37 45 22 29 30 50 6 25 43 33 15 16 28 23 20 7 46 12 27 32 18 55 49 26 11 57 51 56 35 31 10 4 34 13 9 5 40 48 2 39 8 24 3 58 21 44 42 47 41 19 53 54 60 17 52 0
43 43 36 20 58 45 37 54 60 38 12 22 32 56 29 53 50 25 30 6 2 17 7 28 16 52 23 33 11 46 27 4 55 49 26 18 48 14 15 51 39 40 8 57 3 24 35 34 42 44 31 21 41 19 0 47 10 9 13 5
45 45 16 46 50 20 22 48 51 38 43 12 49 33 55 6 24 7 4 36 56 47 14 11 2 3 30 29 57 8 28 15 52 37 32 23 27 42 17 25 18 31 35 19 44 54 58 39 53 40 60 26 34 41 13 10 9 5 0 21
46 46 49 16 55 47 45 51 22 50 48 24 52 57 8 42 17 38 3 33 12 20 18 11 36 43 4 7 6 32 25 27 23 28 30 14 56 29 26 35 54 15 31 2 34 39 53 19 37 44 13 40 10 9 5 41 58 60 21
49 49 52 46 48 22 51 33 45 32 16 55 54 47 53 24 36 38 50 7 30 11 18 14 28 34 35 23 27 43 29 20 12 31 6 57 25 56 4 58 26 60 17 15 3 39 37 40 44 8 19 10 13 9 41 5 42 21 2
50 50 57 8 55 16 45 46 20 56 38 22 42 12 6 25 2 49 51 43 17 24 4 48 3 7 18 33 36 11 47 15 14 28 34 29 52 23 37 27 26 32 39 19 30 35 44 31 21 58 40 54 10 0 13 53 9 41 5 60
52 52 49 54 53 32 46 60 58 48 33 28 43 22 18 27 51 23 35 34 31 26 30 29 16 55 25 24 47 50 36 14 7 11 57 4 20 3 45 12 38 42 37 56 15 6 2 17 21 39 19 8 40 13 10 44 9 5 41
55 55 57 8 46 42 50 18 17 22 51 24 16 49 45 47 38 12 48 3 43 11 34 33 36 26 6 4 52 56 7 25 32 28 20 30 23 27 14 2 29 31 15 35 37 39 19 53 54 44 58 40 41 60 13 10 9 21 5
57 57 8 55 42 50 18 17 34 24 46 22 51 16 3 49 26 25 4 12 38 6 33 11 23 56 20 29 32 30 35 28 47 27 45 48 31 2 36 14 7 52 43 15 37 19 39 44 13 21 58 40 10 53 9 54 41 5 60 0
