32 32 112 83 35 31 34 28 30 90 109 33 78 27 86 85 18 29 26 93 23 96 25 21 38 37 57 64 56 66 24 6 58 110 43 42 68 105 54 53 55 8 72 14 46 63 60 47 2 20 52 17 51 45 22 50 49 16 48 15 0 1 13 12 10 11 3 9 4 5 7 19 44 36 39 41 40
38 38 37 96 90 105 85 66 110 86 43 93 72 83 14 29 22 26 58 78 20 63 64 68 54 109 52 60 53 35 13 112 46 25 21 15 10 49 16 56 28 9 18 31 32 6 33 34 48 5 7 50 27 2 30 3 23 55 47 17 57 45 42 51 8 11 0 1 40 12 36 19 44 4 41 24 39
7 7 40 36 44 41 11 96 19 63 12 39 72 4 64 93 68 20 90 66 105 25 21 85 38 109 86 110 22 83 78 37 112 16 43 56 49 45 48 50 6 46 57 55 2 17 29 47 33 58 14 51 54 26 24 52 34 60 42 0 1 35 53 28 15 8 32 30 23 13 31 27 18 10 3 9 5
11 11 4 12 64 19 63 7 39 44 72 40 41 36 68 25 21 96 66 22 105 78 110 86 85 20 93 16 49 109 48 45 90 43 56 6 83 37 112 51 57 2 29 46 33 38 26 58 17 47 50 32 54 28 18 34 23 52 35 60 53 27 0 31 1 42 30 15 55 8 14 24 3
43 43 58 54 37 52 38 60 96 20 53 56 6 105 25 21 66 2 90 85 110 50 17 72 86 26 0 1 93 64 68 63 83 33 22 49 78 42 29 46 57 109 8 48 28 16 112 27 55 51 45 35 32 47 34 14 18 31 7 12 30 11 23 15 3 13 4 10 40 9 24 36 44 41 5 39 19
46 46 47 109 51 45 112 105 48 110 16 50 49 55 22 24 68 42 57 8 93 17 72 25 21 20 66 38 63 56 85 64 18 86 6 78 96 2 83 34 32 43 37 90 29 30 26 28 0 33 1 31 35 27 23 7 3 14 12 58 54 52 60 11 13 15 10 40 4 53 44 36 9 5 39 41 19
14 14 15 13 10 9 5 3 66 29 93 38 83 85 90 18 37 86 96 35 110 72 109 105 63 17 78 112 64 68 20 32 43 23 33 28 27 26 34 22 30 31 56 57 58 24 2 6 46 55 47 45 16 50 54 49 51 53 42 60 52 11 25 21 8 0 1 48 7 4 12
16 16 49 48 22 51 45 105 63 46 47 110 109 68 50 24 72 55 64 66 112 96 57 38 42 25 20 21 85 8 93 86 78 56 17 18 6 11 37 83 2 90 43 7 34 29 32 30 26 12 4 28 0 35 33 1 31 27 40 44 36 23 14 19 39 58 54 15 52 41 60 13 53 10 3 9 5
15 15 10 14 9 13 5 3 66 29 38 93 85 17 63 86 72 110 83 90 18 37 105 68 96 64 78 35 20 43 109 57 112 22 55 42 32 28 56 27 26 8 23 31 33 6 50 30 46 16 11 34 51 58 49 54 7 2 47 52 60 45 24 25 21 48 53 0 4 1 12
20 20 56 64 6 2 105 50 17 72 110 66 43 0 1 63 93 68 42 38 57 85 8 49 55 86 78 58 96 7 33 54 109 46 37 22 16 48 52 60 83 90 47 51 24 11 45 25 21 53 112 3 34 29 40 18 36 14 19 35 15 30 4 31 12 28 13 44 26 10 23 27 39 41 9 32 5
22 22 49 48 109 96 16 105 45 112 51 110 46 66 47 72 78 50 68 38 55 86 24 93 64 63 85 90 57 11 20 42 8 17 37 83 43 25 21 56 7 6 2 12 18 29 4 58 34 33 40 54 35 44 26 19 52 36 60 28 0 31 1 32 14 53 30 41 15 27 3 39 10 23 9 5 13
55 55 68 57 42 8 17 51 110 78 47 24 46 63 86 50 49 48 22 45 16 105 34 109 64 83 85 112 18 20 56 66 3 6 72 90 2 33 28 38 31 93 32 96 29 27 43 30 35 25 21 26 15 0 1 37 14 23 13 7 10 9 58 54 52 5 60 12 53 11 41 19 44 36 40 4 39
57 57 68 55 42 8 17 34 110 78 24 86 63 50 51 47 83 49 46 64 22 85 31 18 105 30 32 28 90 56 20 112 33 3 48 6 109 35 93 27 66 23 29 16 72 26 96 2 45 37 38 43 25 21 15 14 58 0 1 13 11 7 10 53 54 9 60 5 52 4 12 41 36 19 40 44 39
27 27 83 35 34 31 32 28 90 30 78 33 86 85 18 29 93 26 23 112 109 37 96 25 21 57 64 38 56 66 24 6 58 110 72 68 42 53 105 14 55 63 54 8 43 60 50 2 17 47 20 45 46 52 22 51 49 15 16 48 13 0 1 12 11 10 3 9 4 5 7 19 44 40 39 41 36
28 28 34 31 32 90 30 27 78 33 86 85 83 35 93 23 112 29 26 18 109 96 37 25 21 57 64 56 38 24 66 6 110 58 72 68 42 105 55 8 63 53 14 54 50 17 2 47 43 20 60 45 46 22 51 49 52 16 48 15 0 1 12 13 11 10 3 4 9 7 5 19 39 40 41 36 44
29 29 18 83 35 90 85 14 86 66 78 23 33 38 93 32 27 28 31 96 34 15 30 112 13 37 26 10 64 110 9 72 24 5 25 21 109 105 56 68 63 57 3 6 43 58 20 42 22 8 47 2 53 46 55 16 51 49 17 45 48 54 50 60 52 0 1 11 12 4 7 19 40 39 44 41 36
