3 3 15 13 14 10 9 5 17 29 57 55 8 42 20 4 18 11 6 12 24 35 50 43 56 51 2 16 7 19 38 34 44 39 33 23 32 46 47 37 22 25 21 26 45 27 31 28 0 1 49 58 54 52 60 30 41 36 40 53 48
4 4 11 12 19 7 44 39 40 36 41 25 21 18 3 20 45 33 43 56 15 38 37 26 6 2 13 29 22 17 14 50 10 49 58 35 16 28 46 9 51 48 30 34 47 5 31 32 0 24 55 1 54 57 53 42 23 60 8 27 52
6 6 20 56 2 50 0 1 43 33 38 37 17 58 25 49 21 54 42 29 52 55 60 8 22 35 57 48 46 53 45 16 47 32 31 34 51 26 24 18 30 12 28 15 27 14 23 4 10 3 11 9 5 7 44 39 41 19 13 40 36
7 7 40 36 44 41 11 19 39 12 4 25 21 3 20 38 45 37 43 22 56 33 6 15 26 50 2 13 17 60 16 14 30 48 51 10 54 58 28 29 34 47 9 46 57 31 18 53 49 52 24 55 5 35 42 27 23 0 1 32 8
8 8 57 55 42 17 50 24 47 51 20 34 49 46 48 22 45 3 18 16 56 6 43 2 32 31 37 25 21 28 30 38 15 29 27 13 58 35 33 0 1 14 23 26 54 52 10 60 9 53 5 12 4 11 36 7 19
11 11 4 12 19 7 39 44 40 41 36 25 21 3 45 22 20 38 43 37 33 15 26 48 13 18 49 6 51 14 56 16 10 50 46 53 29 47 27 58 9 17 32 35 5 2 34 30 23 24 31 52 55 57 54 28 42 60 8 0 1
12 12 4 11 44 19 7 40 39 41 25 21 36 45 20 26 33 43 37 22 3 56 38 58 6 49 16 48 2 46 51 28 35 50 27 47 54 53 32 17 29 18 34 60 30 31 52 15 14 13 57 0 1 55 23 24 42 10 8 9 5
14 14 15 13 10 9 5 29 3 18 35 38 33 17 23 32 6 27 37 34 31 30 28 26 24 20 57 56 25 21 43 55 8 42 50 47 58 51 22 16 54 48 46 49 60 53 12 2 4 45 11 52 7
15 15 10 14 9 13 5 3 29 17 18 6 35 38 33 20 57 23 55 32 8 42 43 37 56 27 31 26 50 34 28 25 30 4 21 11 2 12 54 24 60 58 45 49 47 53 22 48 46 52 16 7 19 51
16 16 22 49 48 51 45 47 46 50 24 55 57 42 25 8 21 20 56 17 18 6 2 38 34 33 43 30 37 26 32 12 0 29 52 1 3 31 28 35 23 27 36 4 54 11 58 14 60 53 39 19 7 44 41 40 10 9 5 15 13
18 18 29 35 23 24 33 32 31 34 27 30 26 28 47 14 42 57 8 55 51 22 46 4 49 16 17 37 45 48 56 50 15 13 6 20 25 21 58 10 38 9 2 3 53 54 5 43 60 12 52 11 0 1 19 7 44 39 41 40 36
20 20 56 6 2 50 17 43 0 1 42 57 37 55 8 38 49 58 33 54 52 46 60 25 21 16 47 48 24 22 51 53 3 34 4 18 26 12 35 29 30 32 31 13 45 11 10 7 28 23 15 9 39 27 5 14 19 36 44 40 41
22 22 49 48 16 45 51 47 46 50 24 55 42 57 8 25 21 17 20 18 38 56 6 2 36 34 43 37 0 12 11 1 30 52 26 29 23 32 31 33 35 4 28 40 54 27 39 3 7 58 41 19 44 60 53 10 14 9 5 15 13
23 23 35 18 34 31 29 32 30 33 28 27 26 24 57 25 21 37 56 6 14 47 58 55 2 22 53 51 46 42 54 49 50 20 8 60 52 43 16 15 48 38 45 13 17 0 1 12 10 9 5 3 4 7 36 11 44 41 19 39 40
25 25 21 12 45 26 33 37 43 38 58 4 11 35 44 31 56 46 34 6 48 16 19 20 7 53 30 54 51 29 40 39 32 47 49 28 41 60 23 22 52 36 2 24 27 57 50 18 55 0 1 17 42 8 14 3 15 13 10 9 5
26 26 37 58 35 53 38 25 21 34 31 32 54 28 33 60 27 30 29 23 52 18 43 56 57 6 24 20 45 12 55 47 42 14 8 16 46 50 22 51 2 4 48 17 11 7 44 49 15 41 13 19 39 0 36 1 40 10 3 9 5
27 27 35 34 31 32 28 30 33 29 26 23 18 37 57 24 25 21 56 58 6 53 55 14 20 42 54 60 47 43 8 50 17 2 45 22 49 51 46 38 48 15 13 16 0 1 12 10 3 9 5 4 52 36 11 7 44 19 39
28 28 34 31 32 27 30 33 35 23 26 29 18 57 25 37 21 24 56 6 58 55 53 20 42 47 8 54 43 60 50 2 14 17 45 49 22 51 46 38 48 16 0 1 12 15 13 3 10 52 9 4 36 5 7 11 44 41 39 19 40
29 29 18 35 14 23 33 32 27 15 13 31 34 26 28 10 30 9 5 24 38 37 25 21 6 3 56 57 58 42 47 20 17 8 53 45 2 43 46 51 49 16 55 22 48 50 54 12 60 4 0 1 52 11 7 19 44 40 39 41 36
30 30 34 31 32 28 33 27 35 23 26 24 29 18 57 25 21 37 56 47 6 58 38 55 53 36 22 54 42 46 51 20 50 49 60 8 52 43 16 2 14 45 48 17 12 0 1 15 13 40 7 19 4 11 3 44 10 9 5 39 41
32 32 35 31 34 28 30 33 27 29 26 23 18 25 21 57 24 37 56 38 6 58 53 52 55 54 42 14 47 60 8 20 50 43 17 45 2 49 22 51 46 48 12 16 15 13 0 1 10 3 9 4 5 36 11 7 40 44 39 19 41
33 33 35 31 34 32 56 29 28 30 25 21 6 27 18 26 23 2 20 37 43 50 24 57 58 14 54 0 1 38 55 45 42 52 60 47 53 12 8 17 46 16 51 15 13 4 49 11 48 10 3 22 9 44 5 7 39 41 19 36 40
36 36 40 7 39 44 41 11 12 4 19 38 25 21 37 22 30 43 49 45 26 48 20 6 56 3 50 18 58 54 16 34 52 46 32 60 31 23 47 51 24 2 28 33 17 35 29 57 53 55 27 42 8
38 38 37 43 26 58 54 20 60 52 53 56 6 25 21 36 2 50 35 22 29 45 31 17 14 0 34 1 33 49 32 30 23 16 57 46 51 42 27 40 18 28 47 55 48 8 15 12 24 13 7 41 3 39 11 10 44 9 5 4 19
43 43 38 58 54 37 52 60 20 53 56 6 25 21 2 50 17 26 0 1 33 42 57 8 55 46 45 16 51 49 48 12 22 47 34 35 28 31 27 36 18 3 32 23 30 29 4 24 7 11 40 44 15 41 14 39 13 19 10 9 5
45 45 22 46 48 16 51 49 25 21 47 50 24 55 57 12 42 38 56 8 6 18 37 2 26 43 33 34 35 4 17 58 32 30 29 31 0 1 28 44 19 20 11 52 54 53 23 7 27 39 40 60 41 36 3 14 15
46 46 47 51 45 48 49 50 22 16 24 55 42 57 8 17 25 21 20 56 18 6 2 34 38 43 30 33 0 32 1 26 29 31 35 37 12 23 28 27 3 52 54 58 11 60 4 13 53 14 39 7 10 36 41 44 9 19 40 5 15
49 49 48 22 16 51 45 50 47 46 24 55 20 25 56 21 57 6 17 52 42 8 2 18 38 43 34 37 0 1 54 58 30 23 60 28 33 53 27 32 35 26 29 36 31 12 4 11 7 19 44 3 41 40 39
50 50 49 20 56 46 42 6 22 8 2 48 16 47 51 17 45 24 43 55 0 57 1 38 37 58 33 54 52 60 18 25 21 53 30 34 3 35 32 23 31 26 28 12 29 27 15 4 13 14 11 10 7 36 9 19 41 5 44 39 40
52 52 54 53 58 60 43 38 37 26 20 56 25 21 6 2 49 50 17 33 32 0 1 45 23 35 22 31 57 42 48 46 30 34 8 55 18 16 12 47 51 24 36 3 4 29 28 7 44 39 40 41 11 27 19 14
55 55 57 42 8 17 51 47 24 49 46 50 48 16 45 22 34 18 20 56 3 6 2 33 43 32 31 30 28 23 25 21 26 38 27 29 0 1 15 35 37 14 13 52 54 58 10 9 60 5 53 12 11 4
57 57 55 42 8 17 34 24 51 50 47 18 20 22 46 49 48 31 32 28 30 56 35 33 3 16 27 6 23 26 29 2 43 45 38 25 21 37 58 15 14 0 1 13 53 54 52 10 60 9 5 12 4 11
