32 32 112 83 35 31 34 28 30 90 109 33 78 86 85 27 29 18 26 93 23 43 96 37 38 25 21 66 46 56 54 58 64 57 6 55 60 52 14 24 110 15 105 2 53 42 72 63 68 22 8 20 17 50 11 49 16 45 0 1 48 51 7 13 47 12 10 4 9 3 19 41 5 39 40 44 36
38 38 37 14 96 90 105 85 15 66 29 110 13 22 10 86 43 83 9 93 28 5 72 46 20 16 7 78 63 64 27 3 35 68 32 49 55 112 58 109 57 26 11 34 48 31 18 54 33 30 47 52 60 23 53 40 42 36 25 21 8 56 51 50 19 4 45 6 44 12 2 41 39 17 0 24 1
7 7 40 36 44 41 11 96 19 63 12 39 72 4 64 20 93 68 16 66 90 105 38 22 85 43 110 56 25 14 109 21 86 46 49 37 57 15 55 48 83 78 6 50 112 2 17 45 29 47 58 13 10 42 51 54 32 28 9 8 52 60 34 33 5 27 0 1 35 53 31 23 30 24 3 26 18
11 11 4 12 64 19 7 63 39 44 72 40 41 36 22 20 68 96 25 21 66 105 16 110 49 48 78 85 109 86 57 43 56 93 15 90 6 112 45 46 2 37 51 14 83 29 17 55 38 47 28 32 50 58 33 54 34 10 27 35 13 31 52 0 1 42 60 9 26 8 5 3 53 30 18 23 24
43 43 58 54 37 52 60 53 56 96 6 25 21 2 105 66 90 20 85 50 17 110 38 72 86 22 32 29 83 28 26 0 1 16 15 112 7 63 49 27 68 33 93 48 46 14 78 11 109 42 35 64 18 51 8 57 45 47 34 10 31 55 40 9 30 36 23 5 4 41 12 44 39 3 19 13 24
46 46 47 109 16 51 55 45 105 112 48 110 49 68 50 22 24 57 42 8 17 63 93 72 38 43 20 66 64 25 32 85 21 78 86 37 90 7 56 18 83 14 6 15 29 34 96 2 58 28 54 11 27 52 60 40 13 36 10 53 26 12 30 9 44 0 1 33 4 5 3 41 23 39 19 31 35
14 14 15 13 10 9 5 3 66 38 93 37 96 85 110 90 105 72 20 109 22 63 86 83 29 43 17 46 68 112 16 64 11 49 28 32 57 56 48 78 7 27 55 47 6 58 50 2 54 26 4 52 51 60 19 31 34 53 18 30 25 40 21 36 45 12 42 35 0 1 39 8 44 24 41 23 33
16 16 49 48 51 46 45 63 105 47 110 22 68 50 109 24 55 64 72 66 7 112 57 11 43 38 20 42 25 8 21 85 37 15 86 40 56 17 96 18 93 4 36 90 14 6 78 44 29 12 58 2 39 41 54 34 19 32 52 83 60 28 10 53 13 27 26 30 9 0 1 5 33 23 35 31 3
15 15 10 14 9 13 5 3 66 38 85 17 93 63 37 96 43 20 110 29 105 72 86 22 90 64 11 16 68 83 7 46 55 109 112 56 49 32 28 58 78 6 54 50 48 27 52 2 60 18 47 4 19 53 42 57 31 25 40 21 26 36 8 30 45 51 12 34 35 44 39 0 1 41 24 23 33
20 20 56 64 6 2 105 50 72 17 7 110 63 66 11 43 0 1 93 68 16 40 49 36 42 96 22 85 15 46 38 8 86 48 19 78 109 14 4 57 44 55 83 12 58 47 33 45 41 39 54 37 90 51 112 52 24 28 60 29 13 10 34 25 27 9 21 18 53 3 5 31 35 32 30 23 26
22 22 49 109 48 96 16 105 46 55 112 110 11 45 51 47 68 66 38 72 20 57 78 43 64 7 50 63 86 85 90 37 93 24 42 15 12 17 4 14 8 40 83 29 25 58 21 56 44 36 19 54 6 52 13 32 10 2 60 41 28 9 39 53 3 35 5 27 26 33 18 31 0 1 30 34 23
55 55 68 57 42 8 46 17 110 47 51 78 24 49 50 63 22 86 16 109 48 45 105 112 34 83 64 85 28 66 56 32 18 72 38 6 7 27 3 90 20 33 2 29 96 31 43 15 35 93 25 14 21 11 37 26 30 40 0 1 36 12 23 44 13 41 58 54 39 52 60 10 4 9 53 5 19
57 57 68 42 8 55 17 34 110 78 24 86 63 50 46 47 51 49 22 83 105 64 31 16 85 11 18 30 109 48 90 56 29 3 112 33 28 6 35 93 66 23 7 32 96 20 38 72 26 27 2 14 37 45 4 19 25 43 21 40 15 36 12 58 0 13 1 39 44 10 41 53 9 54 5 60 52
27 27 83 35 34 31 90 28 30 78 33 86 32 85 29 18 93 23 26 112 37 96 38 109 25 21 66 43 64 57 56 55 14 58 6 110 24 15 72 46 54 68 105 63 42 60 53 22 2 52 8 17 20 50 11 49 16 45 7 48 13 51 0 47 1 10 12 4 19 9 3 5 39 44 36 40 41
28 28 34 31 90 30 78 27 33 86 32 85 83 29 35 23 93 26 112 18 96 37 38 109 25 21 64 66 43 57 56 55 14 6 24 110 58 72 15 46 68 105 63 54 42 22 60 2 8 17 53 52 20 50 11 49 16 45 7 13 48 51 47 0 1 10 4 12 19 9 3 39 5 40 36 44 41
29 29 18 83 35 90 85 28 86 32 27 38 78 66 23 33 31 96 34 112 37 93 30 43 15 26 110 14 64 57 72 58 105 25 21 68 22 20 56 46 55 54 6 109 2 24 42 11 53 16 52 60 63 8 49 50 17 48 13 51 45 0 1 10 4 7 9 47 5 19 39 12 3 41 40 36 44
