32 32 112 83 31 35 28 34 90 30 27 78 33 85 29 93 26 23 109 86 18 43 38 96 66 25 57 37 64 56 24 110 6 58 55 14 105 72 46 53 22 20 54 60 2 63 52 68 42 17 8 15 50 21 16 45 11 7 51 49 48 13 47 12 10 3 9 0 5 4
38 38 37 96 90 14 105 85 66 110 29 43 22 93 72 83 15 86 20 78 28 46 16 13 27 63 10 32 7 64 9 109 68 5 35 55 26 58 3 49 57 54 11 48 18 33 34 31 52 60 23 112 53 30 50 25 56 6 51 2 45 47 42 17 8 40 12 36 44 39 19 24 41 4 21 0
7 7 40 36 11 44 41 96 63 12 39 72 19 20 64 93 4 66 68 105 90 38 22 85 16 110 43 109 25 56 78 83 14 46 50 6 86 29 49 17 55 2 57 37 48 15 45 32 28 112 51 27 21 33 58 42 54 8 34 47 52 60 24 35 10 26 13 53 23 31 3 9 30 5 0 18
11 11 4 64 12 7 19 63 72 39 44 40 41 22 36 20 96 68 66 105 110 25 16 78 85 93 49 109 43 48 86 57 45 46 90 56 51 29 38 6 21 2 50 55 27 15 17 32 112 14 83 37 28 47 24 34 58 35 33 42 54 8 26 52 60 31 23 53 18 30 10 3 9 13 0 5
43 43 58 54 37 52 60 96 20 53 56 105 6 38 66 25 90 2 85 110 50 17 72 22 29 26 32 93 83 28 16 86 63 33 27 78 46 7 21 64 68 14 49 109 35 0 42 15 11 57 48 112 51 55 8 45 34 31 18 23 30 12 47 10 3 24 13 9 40 5 36 19 1 44 39 4 41
46 46 47 109 16 51 45 105 55 110 50 22 48 24 112 49 68 57 42 8 72 17 38 93 20 63 66 85 25 78 43 64 56 96 18 6 83 7 32 2 34 86 28 29 90 14 37 27 11 30 15 21 26 23 33 31 12 35 58 54 3 52 60 40 10 13 53 0 36 19 9 44 39 4 5 41
14 14 15 13 10 9 5 3 66 38 93 29 85 90 96 110 37 105 83 72 20 22 109 63 43 17 28 86 78 32 64 27 46 18 68 16 35 112 11 7 57 55 56 49 6 50 31 26 34 48 30 2 58 23 33 54 51 52 60 25 53 47 24 45 12 42 44 8 36 19 41 4 39 40
16 16 49 48 51 46 63 105 45 22 110 50 24 47 68 109 55 72 66 64 38 57 11 20 7 96 42 85 43 25 8 93 112 78 56 17 18 6 29 2 37 86 14 90 34 83 28 15 12 27 30 4 32 40 39 44 36 21 23 19 41 33 58 35 26 54 52 60 31 53 10 9 13 0 5 3
15 15 14 10 9 5 3 13 66 38 29 93 85 63 17 110 72 20 43 105 96 22 90 37 83 64 86 68 78 11 109 16 32 28 46 7 55 27 56 50 18 6 51 35 2 49 57 112 26 58 24 54 34 48 52 60 42 31 30 47 45 8 25 53 23 33 12 40 36 41 19 4 44 39
20 20 56 64 6 2 105 72 17 50 110 66 7 43 93 63 11 85 38 68 22 16 96 46 78 42 0 57 8 49 55 109 90 14 83 33 40 15 29 36 86 58 54 48 51 37 24 52 12 45 44 60 28 39 41 19 25 53 3 27 47 4 32 34 112 1 35 30 18 10 31 26 13 23 9 5 21
22 22 109 49 48 16 96 105 110 46 45 51 55 11 66 72 38 78 50 93 112 43 24 68 64 47 63 20 57 85 7 90 86 17 42 8 37 29 83 14 12 25 56 15 4 6 32 2 28 19 58 54 44 27 40 52 39 60 36 26 33 18 53 41 34 35 3 31 10 13 9 21 5 30 23 0
55 55 68 57 42 8 46 17 110 51 78 24 22 47 50 63 16 49 45 105 109 86 48 34 83 64 85 66 72 38 28 20 90 32 112 18 3 27 29 96 93 56 43 6 33 2 7 31 30 11 14 25 35 26 15 23 37 13 12 58 54 0 52 60 36 10 40 41 19 21 39 9 4 53 5 44
57 57 68 55 42 8 17 34 110 78 24 63 50 46 86 51 22 83 85 47 105 64 30 31 16 90 28 49 32 29 18 20 93 66 33 23 109 27 3 72 38 48 11 26 56 35 96 6 45 43 112 7 2 14 37 25 15 58 53 13 4 12 39 54 10 44 19 9 41 5 0 52 40 21 36 60
27 27 83 35 34 28 31 90 32 78 30 85 33 29 93 23 86 26 18 112 38 96 66 57 109 25 64 43 37 24 110 14 55 56 72 6 105 22 58 46 20 63 68 53 42 17 15 8 2 50 54 16 7 60 21 11 45 52 49 51 48 13 47 12 10 3 9 5 0 4 39 36
28 28 34 31 90 32 27 78 30 85 33 29 83 93 23 35 86 26 112 38 96 18 66 57 109 64 25 43 24 37 110 55 14 56 72 6 105 22 46 20 58 63 68 42 17 15 53 8 2 50 16 54 7 11 21 60 45 52 49 51 48 13 47 10 12 3 9 5 0 4 40 39 36 41 44 19
29 29 83 18 90 35 85 28 38 78 32 66 27 23 33 14 93 86 96 31 43 34 30 15 37 110 26 112 72 105 64 22 57 20 25 56 109 13 24 63 6 55 58 68 46 10 2 16 9 53 54 5 11 50 60 42 52 17 8 3 49 51 48 7 45 21 47 0 12 4 19 39
