32 32 112 83 28 31 35 34 90 78 30 27 85 29 33 93 26 109 23 86 43 18 38 96 66 25 64 57 37 110 55 14 56 105 24 72 46 6 58 22 20 53 54 63 60 68 2 15 52 17 42 50 8 16 11 7 21 51 45 49 48 13 12 10 47 3 9 5 0 4
38 38 37 96 14 90 105 85 66 110 29 43 22 93 15 83 72 86 20 28 78 46 16 27 7 63 32 13 10 64 9 109 68 55 5 35 57 3 11 49 26 58 112 33 48 34 18 23 54 30 31 52 60 50 53 56 25 51 6 45 2 47 42 8 17 40 12 36 44 39 19 24 41 4 21 0
7 7 40 36 11 96 44 63 41 12 39 72 20 19 64 93 4 66 105 68 90 22 38 16 85 43 110 109 14 83 78 56 46 25 55 50 86 57 29 6 17 2 49 15 37 48 32 28 112 45 27 51 58 33 42 34 54 8 47 10 52 60 24 13 35 3 9 21 23 53 26 30 5 31 18 0
11 11 64 4 12 7 63 19 72 39 44 22 40 41 36 20 96 68 66 105 16 110 78 25 85 93 109 43 49 48 57 86 90 46 38 56 45 51 29 6 55 15 32 2 50 14 112 83 17 28 27 21 37 47 24 34 33 58 42 54 35 8 52 23 31 60 30 26 53 10 3 9 13 5 18 0
43 43 58 54 37 96 52 60 20 105 56 53 66 90 6 85 25 38 2 110 72 17 50 22 29 32 26 83 28 93 16 86 63 27 7 78 46 14 68 33 64 15 11 109 112 49 21 35 57 55 48 51 42 0 8 45 34 31 18 23 30 47 12 10 9 24 13 3 40 5 36 39 19 44 4 41 1
46 46 109 47 16 105 55 51 45 110 50 22 24 112 48 68 49 57 42 8 72 38 93 17 20 63 66 85 78 43 64 25 96 56 7 32 83 86 28 90 18 14 29 6 34 27 2 11 37 15 30 26 23 35 33 21 12 31 58 54 52 60 3 40 10 36 13 9 53 39 44 19 5 4 41 0
14 14 15 13 10 9 5 66 3 38 93 29 85 96 90 110 105 72 37 20 83 22 109 43 63 86 28 17 32 46 64 78 16 68 27 11 112 7 57 18 55 56 35 49 6 50 48 2 31 26 34 58 51 30 24 54 47 52 60 23 33 53 25 45 12 41 39 19 44 4 42 40 8 36
16 16 49 48 46 63 105 51 45 22 110 50 24 68 47 109 55 72 64 66 38 11 57 7 20 85 96 43 42 93 112 8 25 78 17 56 14 90 18 29 86 6 15 37 2 28 83 34 12 27 39 30 40 4 32 36 44 33 41 19 23 58 21 35 54 26 52 60 53 31 10 9 13 5 0 3
15 15 14 10 9 5 3 66 13 38 85 29 93 63 110 72 20 43 17 96 105 22 90 37 64 83 86 11 16 7 68 78 32 109 28 46 57 55 27 56 6 50 112 51 2 49 18 26 58 54 35 48 34 52 60 24 31 45 25 30 53 47 42 12 8 23 33 41 39 44 19 4 40 36
20 20 64 56 6 105 72 2 17 110 50 7 66 43 93 63 11 85 68 38 22 16 96 46 78 57 109 55 42 14 49 15 0 8 83 90 86 40 29 36 33 28 12 51 44 48 58 39 24 54 45 37 41 19 52 27 60 32 25 53 4 112 3 47 34 23 10 9 18 13 35 26 30 31 5 1 21
22 22 109 49 48 16 96 105 46 110 55 11 51 45 66 38 72 78 43 112 50 68 93 64 24 20 63 7 57 85 90 47 86 17 42 14 29 83 8 37 15 12 25 4 32 56 28 6 2 19 58 27 54 44 40 39 52 60 36 26 53 41 33 34 35 18 3 10 31 9 13 5 30 21 23 0
55 55 68 57 42 8 46 110 17 78 51 24 22 47 63 16 50 105 109 45 86 49 48 34 83 64 85 66 72 28 38 112 32 20 90 27 29 96 93 43 18 3 7 56 6 33 11 2 31 14 30 15 35 25 26 23 37 10 9 5 53 12 41 36 40 52 39 54 58 19 4 60 44 0 13
57 57 68 55 42 8 17 34 110 78 24 63 86 46 50 22 51 83 85 105 64 47 16 90 30 29 28 31 93 32 109 66 49 20 11 18 27 72 33 38 23 3 96 48 26 35 7 56 112 43 45 6 14 2 15 37 25 12 4 39 58 53 41 19 13 44 54 60 10 40 9 36 52 5
27 27 83 28 35 90 34 31 32 78 85 30 29 33 93 23 86 26 18 112 38 96 66 43 109 57 64 25 110 55 14 37 24 72 105 56 22 6 46 63 20 68 58 15 17 53 42 7 11 8 16 2 50 54 60 51 52 45 21 49 48 13 10 47 3 12 9 5 4 39 36
28 28 90 34 31 27 32 78 85 30 33 29 83 93 23 86 35 26 112 38 96 18 66 43 109 57 64 55 110 14 25 24 72 37 105 56 22 6 46 63 20 68 15 58 17 42 7 11 8 53 16 2 50 54 60 51 52 45 49 21 48 13 10 47 3 9 12 5 40 4 39 36 41 44 19
29 29 83 90 18 35 85 28 32 38 78 27 66 23 33 93 86 14 96 43 31 34 30 112 15 110 37 26 72 105 64 22 57 20 109 25 55 68 63 56 46 6 58 24 16 11 2 13 53 54 50 60 52 10 17 42 9 8 5 49 7 51 3 48 45 21 12 4 0 47 19 39
