32 32 112 83 35 31 34 28 30 90 109 33 78 27 86 85 29 18 26 93 23 96 25 21 38 37 57 66 64 56 24 6 58 43 110 42 54 105 53 68 55 46 72 14 8 63 60 2 47 52 20 17 51 45 22 49 50 16 15 48 0 1 13 12 11 10 3 9 4 5 7 19 44 40 39 41 36
38 38 37 96 90 105 85 66 110 86 43 93 14 72 83 29 22 26 78 58 20 63 64 68 54 109 13 52 60 35 53 112 15 46 10 49 28 16 25 9 21 18 56 32 48 31 5 7 34 33 27 6 50 30 3 2 23 55 47 57 17 45 42 51 11 8 40 36 0 12 1 19 44 4 41 39 24
7 7 40 36 44 41 11 96 19 63 12 39 72 4 64 93 68 20 90 66 105 25 21 85 38 109 86 110 22 83 78 37 16 112 43 56 49 48 45 6 50 46 57 55 2 17 29 14 47 58 33 51 54 24 52 34 60 26 15 0 1 28 35 32 53 31 42 13 23 30 27 18 10 8 3 9 5
11 11 4 12 64 19 63 7 39 44 72 40 41 36 68 25 21 96 66 22 105 20 110 78 86 85 93 16 49 109 48 45 43 90 56 6 57 37 112 51 2 83 29 46 38 33 58 17 47 26 50 32 54 28 18 34 52 23 60 35 27 0 1 53 31 15 55 42 30 14 8 24 13 10 3 9 5
43 43 58 54 37 52 60 38 96 20 53 56 6 105 25 21 66 2 90 85 110 50 17 72 86 26 0 1 93 68 64 63 83 22 33 49 29 78 42 46 28 48 109 16 57 8 112 27 32 55 51 45 35 14 47 7 34 18 31 12 30 11 15 23 3 13 4 40 10 36 9 44 41 24 5 39 19
46 46 47 109 51 45 112 105 48 110 16 50 49 55 22 24 68 42 57 8 93 17 72 25 21 20 66 38 63 56 85 64 86 18 78 6 96 83 2 32 34 37 43 90 29 30 28 26 0 33 1 31 35 27 7 23 12 14 3 58 54 52 11 15 60 13 44 10 4 53 9 19 36 40 5 39 41
14 14 15 13 10 9 5 3 66 29 38 93 85 83 90 37 18 96 86 110 72 35 109 105 63 17 78 112 64 68 20 43 32 28 27 22 23 33 34 26 31 30 56 46 57 58 2 16 24 6 47 55 50 51 49 54 11 53 52 60 48 42 25 21 7 8 0 1 45 12 4
16 16 49 48 22 51 45 105 63 46 47 110 68 50 109 24 72 55 64 66 112 96 57 38 42 25 20 21 85 8 86 93 78 56 17 11 18 6 37 83 7 43 2 90 34 29 27 4 12 26 30 32 40 28 35 0 33 1 36 44 14 19 39 31 23 15 58 54 41 52 60 13 10 53 3 9 5
15 15 10 14 9 13 5 3 66 29 38 93 85 17 63 110 86 72 90 83 37 105 96 68 18 64 20 78 35 43 109 22 112 57 55 32 28 42 56 27 26 8 6 31 16 50 23 11 33 46 7 30 51 49 58 54 2 34 47 52 45 60 48 25 24 21 53 44 0 1 12 41 19 4 39 40 36
20 20 56 64 6 2 105 50 17 72 110 66 43 0 1 63 93 68 42 38 85 57 8 49 86 55 7 78 96 58 46 109 22 33 54 16 37 48 52 83 11 60 90 47 51 45 24 25 21 53 112 3 40 34 36 29 18 19 14 4 15 12 35 44 28 13 30 31 10 26 41 39 27 23 9 32 5
22 22 49 109 48 96 16 105 45 112 51 110 46 47 66 72 78 50 68 38 55 86 64 93 24 63 11 85 90 57 20 42 17 8 37 43 83 25 21 7 56 6 12 2 29 4 18 58 40 54 44 34 33 19 35 36 52 26 14 60 28 32 15 31 0 41 53 1 39 27 3 30 13 10 23 9 5
55 55 68 57 42 8 17 51 110 78 47 46 24 63 86 50 49 48 22 45 16 105 34 109 64 83 85 112 18 56 20 66 3 6 72 90 2 28 33 38 31 32 93 96 29 27 43 35 30 25 21 15 26 0 37 1 14 23 13 7 10 58 9 54 52 5 60 11 12 41 53 40 36 4 19 44 39
57 57 68 55 42 8 17 34 110 78 24 86 63 50 51 47 83 46 49 22 64 85 31 105 18 30 32 28 90 56 20 112 33 48 3 109 6 35 93 27 66 29 23 16 72 96 26 2 45 38 37 43 25 21 15 14 11 58 0 1 7 13 10 53 54 9 4 60 5 12 44 52 36 40 39 19 41
27 27 83 35 34 31 32 28 90 30 78 33 86 85 29 18 93 26 23 112 37 109 96 25 21 57 64 38 66 56 24 6 58 110 72 68 42 14 105 53 55 54 63 8 43 60 50 2 17 47 20 46 45 22 52 49 51 15 16 48 13 0 1 12 11 10 3 9 4 7 5 19 39 40 41 36 44
28 28 34 31 32 90 30 27 78 33 86 85 83 35 93 23 29 112 26 18 109 96 37 25 21 57 64 38 56 24 66 6 110 58 72 68 42 105 55 8 63 14 53 43 54 50 17 2 47 60 20 46 22 45 49 51 52 16 15 48 0 1 13 11 12 10 3 4 7 9 5 19 39 40 41 36 44
29 29 18 83 35 90 85 14 86 66 78 23 33 38 32 93 27 28 31 96 34 15 30 112 37 13 26 110 64 10 72 9 24 25 21 105 5 109 56 68 57 43 63 6 3 58 20 22 42 2 8 47 53 46 55 16 49 51 17 54 45 48 50 60 52 11 0 1 12 4 7 19 40 39 44 41 36
