32 32 112 83 28 90 78 85 27 31 29 34 35 30 33 93 109 86 43 26 23 96 38 66 18 64 57 55 110 14 105 46 72 25 22 20 37 63 56 15 6 58 24 68 53 11 54 2 60 7 16 52 17 50 42 8 51 47 3 45 48 49 21 13 12 10 9 5
38 38 14 96 37 90 105 85 66 29 110 22 43 15 93 83 72 28 86 20 46 78 16 27 7 32 63 64 55 68 10 109 13 57 9 11 5 3 112 35 49 33 34 23 48 31 18 26 30 58 50 54 51 52 60 53 56 25 45 6 42 2 47 8 17 12 40 36 39 44 24 41 19 4
7 7 11 96 63 40 36 72 44 41 20 12 39 64 93 19 66 105 68 90 4 22 16 38 85 43 110 14 109 46 83 78 55 57 15 86 56 29 50 32 28 6 17 112 2 25 49 27 37 48 45 51 33 34 10 58 42 24 9 54 3 8 13 5 52 60 23 47 35 30 53 31 26 18 21
11 11 64 7 63 72 4 12 19 39 22 20 44 68 96 66 41 40 105 16 36 110 78 85 43 109 93 57 86 46 90 49 25 48 15 55 38 29 14 83 112 32 28 56 51 6 50 45 2 27 17 24 37 34 33 47 58 31 23 54 42 35 26 52 30 60 10 8 53 9 3 5 21 13 18
43 43 96 105 58 66 90 54 20 37 85 52 60 110 56 53 38 6 25 72 2 32 29 22 17 50 28 83 26 16 93 7 86 27 46 78 14 15 63 68 11 112 64 109 55 33 35 57 48 49 34 23 42 45 31 21 8 18 30 0 51 10 9 5 47 24 12 40 13 39 36 44 3 19 41 4
46 46 109 16 55 47 105 110 51 45 22 112 50 68 24 57 48 49 72 93 38 63 43 20 42 66 8 78 85 17 64 32 7 90 86 14 96 29 83 11 28 15 25 27 34 37 56 18 6 2 30 35 31 58 54 23 52 60 26 53 12 10 9 40 5 39 36 33 44 19 41 3 4 21 13
14 14 15 13 10 66 9 5 38 3 93 85 96 110 90 105 20 72 29 22 109 43 83 63 37 46 16 86 64 28 11 68 32 78 27 112 7 17 57 55 56 50 49 6 48 2 51 31 26 34 42 58 30 24 8 18 54 47 52 60 35 45 53 12 25 39 19 40 4 44 36 23 33 41
16 16 46 63 105 49 48 110 51 45 22 50 68 24 109 55 72 64 66 47 11 7 43 38 57 20 85 112 93 96 78 90 14 15 42 29 8 86 25 32 17 83 28 37 56 12 18 6 34 2 27 39 40 44 36 30 58 41 4 54 52 60 23 35 19 53 26 31 10 3 9 5 13 33 21
15 15 14 10 9 66 5 3 13 38 85 93 63 43 110 29 20 72 96 22 105 90 17 64 11 16 86 7 83 46 68 32 37 28 109 78 55 57 27 112 56 6 50 51 2 49 42 58 8 48 54 34 52 60 26 25 45 18 53 31 12 24 30 35 47 39 41 44 19 4 40 23 33 36
20 20 64 105 72 7 56 110 6 66 2 17 50 43 63 93 11 16 68 22 85 38 96 46 78 14 15 109 83 57 55 90 86 29 28 49 40 27 36 42 12 39 8 44 32 51 41 112 0 45 24 48 33 19 58 54 37 52 4 60 25 53 34 47 10 3 9 35 5 30 31 23 13 26 18 1
22 22 109 16 96 105 46 110 55 11 49 48 66 38 72 51 78 45 43 112 20 68 57 93 7 63 64 50 85 90 24 86 14 15 47 29 83 32 17 42 8 37 28 12 27 4 25 56 6 19 2 58 39 54 52 44 60 40 53 26 36 33 10 41 35 3 9 5 13 31 18 30 34 23 21
55 55 68 57 46 42 8 110 78 17 51 22 24 16 63 109 105 86 50 47 45 83 49 64 85 48 66 28 34 112 32 72 43 38 27 90 29 7 20 93 96 11 14 15 3 56 18 6 31 33 2 35 30 37 25 26 23 58 10 9 54 12 5 52 60 53 39 36 44 19 40 41 4 13
57 57 68 55 42 8 110 78 17 34 24 63 86 46 22 83 85 105 51 64 50 16 90 29 11 109 93 66 28 38 32 20 72 47 27 30 7 96 31 49 23 33 112 18 3 43 48 14 26 35 15 45 56 6 2 37 12 25 39 10 13 4 9 5 44 19 41 58 40 36 53
27 27 83 28 90 78 32 85 29 35 34 31 30 33 93 86 23 26 38 96 112 18 43 66 109 64 57 55 14 110 72 105 22 46 25 63 15 24 20 68 37 56 6 11 7 16 17 58 42 8 53 2 50 54 60 51 52 47 49 45 48 13 12 10 3 9 5 21 39
28 28 90 78 27 32 85 29 34 31 83 30 33 93 86 23 35 38 96 112 26 43 66 109 64 57 55 14 110 18 72 105 22 46 63 25 24 15 20 68 37 56 6 11 7 16 17 42 58 8 2 53 50 54 51 60 52 49 45 48 13 12 10 3 9 5 21 39 47 4
29 29 83 90 85 28 18 32 27 38 35 78 66 86 93 43 23 33 96 112 31 34 110 14 30 15 72 105 64 57 22 20 26 37 55 68 109 46 63 11 16 25 56 6 58 2 24 54 50 53 7 60 52 17 42 8 49 51 48 13 10 45 47 9 5 3 12 4 21 39 19
