3 3 13 15 10 9 11 5 4 8 14 17 12 16 7 6 19 20 39 57 50 44 22 45 42 40 46 36 55 56 41 51 48 25 24 49 2 38 43 18 47 33 29 34 30 26 32 21 52 28 37 35 31 27 23 58 0 54 53 60
4 4 11 19 12 3 20 7 18 39 44 40 6 41 56 15 36 17 13 22 50 2 45 16 43 25 33 10 8 57 9 14 38 5 55 46 29 42 32 26 49 35 24 23 28 48 30 51 27 34 37 31 52 47 58 21 0 54 53 60 1
6 6 15 20 56 2 14 38 12 29 50 3 43 25 22 10 9 45 13 4 5 11 16 36 37 7 18 17 33 46 0 48 8 51 55 32 49 24 30 21 39 57 19 44 35 58 28 26 52 42 40 54 27 60 47 53 41 23 34 31 1
7 7 40 36 11 44 41 39 12 3 19 20 4 33 38 22 6 56 43 15 17 14 45 30 13 50 2 16 25 18 10 8 9 49 29 32 5 46 28 48 37 57 55 35 27 34 31 24 42 51 23 26 52 58 54 47 53 60 21 0
8 8 57 55 42 17 3 50 24 46 51 18 34 16 47 22 45 20 49 4 11 13 15 48 6 56 12 10 9 14 5 7 38 43 2 33 28 25 36 26 27 31 29 35 32 30 19 39 52 44 40 37 41 23 54 21 0 58 60 53
11 11 4 7 19 12 39 3 44 22 40 41 36 20 16 6 15 13 45 50 10 49 43 38 17 8 25 46 9 18 14 48 5 56 55 2 51 33 57 42 24 30 29 37 32 47 52 27 26 34 21 31 28 58 35 23 54 53 60 0
12 12 11 4 7 44 19 39 20 3 25 41 40 22 6 45 36 50 43 56 16 2 38 49 15 46 17 21 33 14 51 48 8 55 13 18 57 37 29 26 30 10 28 9 42 32 24 58 5 23 34 35 47 54 31 27 60 53 52 0 1
14 14 15 13 10 9 5 6 38 3 33 29 20 56 37 25 30 36 43 45 32 22 28 50 31 2 35 27 34 26 12 23 49 18 7 11 46 48 4 52 51 8 24 57 17 21 58 16 39 55 53 54 44 47 40 60 19 42 0 41
15 15 14 10 9 5 13 6 3 38 20 56 29 33 25 2 12 50 43 22 11 45 4 8 37 17 36 30 16 32 7 26 46 28 18 49 27 48 35 51 34 31 57 23 21 39 19 55 52 58 42 44 40 0 54 24 53 47 41 60
16 16 48 46 51 45 22 49 3 50 47 24 55 17 38 12 8 57 11 20 4 6 36 42 52 7 33 43 15 56 13 18 25 14 10 9 29 5 2 39 19 37 28 34 44 40 32 26 35 41 27 31 30 54 53 21 58 60 23 0
18 18 35 57 23 4 32 26 29 28 30 27 33 55 31 34 25 22 24 8 42 50 38 49 37 17 12 43 11 20 52 36 56 51 45 7 3 48 46 58 6 21 16 53 14 2 47 19 54 39 60 15 40 44 13 10 9 41 5 0
20 20 56 2 4 6 17 50 12 45 43 7 11 33 16 38 25 3 36 22 46 44 57 49 39 8 0 42 48 55 40 19 24 37 15 29 51 18 14 28 58 41 34 35 54 27 32 23 60 47 31 30 26 53 10 13 21 9 52 5 1
22 22 49 48 16 46 36 55 45 51 11 38 12 50 6 43 47 18 33 24 7 4 52 57 20 25 17 8 3 56 42 29 37 39 40 32 30 19 28 2 44 14 41 26 27 31 54 15 58 35 34 53 23 60 13 21 10 9 5 0
23 23 35 34 32 31 30 27 33 18 29 28 26 24 25 38 57 52 43 36 37 49 22 14 56 20 45 55 50 21 58 4 12 7 6 47 54 53 2 48 51 11 42 17 60 15 16 46 3 40 39 44 19 8 13 41 10 9 0 5
25 25 21 26 28 12 38 29 32 27 6 43 33 18 50 35 45 23 31 37 30 34 20 58 56 22 4 7 16 14 53 11 36 46 2 52 57 8 51 49 3 15 24 44 55 54 42 39 19 48 60 41 40 47 13 10 9 5 17 0
26 26 37 58 53 35 31 34 25 18 32 28 54 27 60 33 30 23 29 43 21 52 38 57 24 45 12 4 22 55 36 49 6 56 14 20 50 8 42 7 51 46 16 11 47 48 3 39 15 40 2 44 13 19 10 41 17 9 5
27 27 35 34 32 28 31 29 30 23 33 18 25 26 38 24 52 43 21 37 14 57 6 36 45 56 49 12 22 20 50 58 55 53 4 54 42 8 2 7 46 51 16 17 48 11 15 60 3 47 13 10 9 19 44 5 40 39 41 0
28 28 34 32 31 27 29 30 33 18 25 35 26 23 38 52 21 43 24 14 6 57 37 36 45 56 49 12 22 50 20 55 53 58 4 54 16 2 7 42 8 46 48 51 17 11 15 60 3 47 13 10 19 44 9 40 5 39 41 0
29 29 35 32 28 30 18 23 27 38 33 25 6 14 31 34 43 26 37 36 52 15 56 20 50 45 12 21 22 58 2 24 57 53 54 13 46 4 17 49 16 8 60 42 10 48 55 11 9 51 5 3 39 7 40 44 0 19 41 47
30 30 34 28 31 32 36 29 27 23 33 18 35 38 26 25 43 24 37 52 57 22 14 6 7 40 20 56 49 50 12 54 58 45 2 21 39 53 55 60 4 11 47 15 17 48 44 3 19 51 42 41 13 10 16 9 46 5 8 0
32 32 52 31 35 28 34 30 29 27 23 18 33 25 26 43 54 38 53 49 24 21 36 6 14 57 37 56 45 58 20 50 12 22 60 2 55 16 4 46 17 48 42 8 51 7 11 15 3 47 13 10 19 40 44 9 39 5 41 0
33 33 35 32 28 34 31 30 27 18 56 49 23 14 29 25 38 20 45 7 26 22 52 36 43 48 46 37 6 24 12 4 50 16 15 51 57 2 21 11 13 55 40 10 17 8 9 47 54 42 58 5 39 19 44 53 3 60 41 0
36 36 40 7 39 38 30 44 22 41 43 11 12 37 45 20 4 6 28 49 50 33 3 29 16 56 27 46 31 25 34 23 48 32 14 19 2 18 58 26 55 35 54 51 60 24 57 17 15 53 8 52 47 42 13 10 21 9 5 0
38 38 37 36 14 45 22 29 43 6 25 30 50 33 16 15 20 28 56 26 23 46 7 12 35 51 27 18 49 31 13 32 34 10 40 48 2 55 9 21 11 5 58 57 39 4 24 54 47 8 53 3 60 44 41 42 19 52 17 0 1
43 43 58 37 54 60 20 56 38 53 36 52 2 25 6 45 50 17 12 22 29 32 30 26 28 16 33 7 46 27 4 48 18 49 11 51 14 23 35 40 39 21 34 57 42 55 31 8 0 15 44 24 41 3 47 19 10 13 9 5 1
45 45 16 46 48 51 22 50 38 49 20 12 43 47 24 33 55 6 56 25 2 36 4 57 37 7 11 52 29 3 42 8 14 28 17 32 30 58 26 35 18 54 44 31 19 34 39 15 27 53 40 60 21 41 13 10 23 0 9 5 1
46 46 47 49 16 45 51 55 22 48 50 24 57 8 42 17 52 38 20 12 33 18 3 43 36 56 6 25 11 4 7 2 34 29 28 32 35 37 26 54 27 14 31 39 30 19 53 15 44 40 13 41 58 10 21 9 5 60 23 0
49 49 52 48 46 22 51 16 45 33 47 50 54 55 24 53 32 38 36 43 56 34 11 18 35 30 6 58 20 60 17 7 12 57 28 29 25 31 23 27 14 4 3 37 26 8 39 42 40 15 2 19 41 10 9 44 21 5 13
50 50 8 57 16 20 56 46 55 45 42 49 2 22 6 51 38 48 17 12 43 24 25 47 4 18 3 7 33 37 36 52 34 11 29 0 14 15 21 23 28 58 39 54 19 44 35 32 26 27 31 30 53 60 40 41 13 10 9 5 1
52 52 54 53 49 32 58 60 43 48 46 33 26 22 51 35 28 34 31 16 18 27 30 23 37 25 50 29 24 47 20 36 38 55 56 57 2 45 12 6 17 11 7 14 4 21 3 8 42 15 40 19 44 39 41 10 0 9 5 13
55 55 57 8 42 46 17 51 50 18 22 24 47 16 49 45 48 34 3 38 6 56 12 20 33 11 4 2 36 26 32 25 28 43 23 52 29 35 27 31 7 30 14 37 15 39 19 58 44 40 53 54 41 13 21 10 0 9 60 5
57 57 55 8 42 17 34 18 50 24 46 51 22 16 3 49 47 35 56 20 6 31 25 23 48 29 32 28 38 26 4 33 30 12 27 2 11 45 43 36 52 14 37 15 7 21 19 39 13 58 53 44 10 40 9 0 41 5 60 54
