32 32 112 83 35 31 34 28 30 90 109 33 78 86 85 27 29 18 26 93 23 96 43 38 37 25 21 66 56 46 64 57 58 54 6 24 55 60 110 14 52 105 53 42 2 72 68 63 15 8 22 20 17 50 49 45 16 11 0 51 1 48 13 47 7 12 10 4 9 3 19 5 41 39 40 36 44
38 38 37 96 14 90 105 85 66 110 29 86 15 22 43 13 83 93 10 72 9 28 20 46 78 5 63 64 16 7 27 35 68 58 3 49 32 26 109 112 55 48 18 54 34 57 31 11 52 33 60 30 47 53 23 25 21 40 42 56 36 50 51 8 6 45 19 4 2 12 44 41 39 17 0 1 24
7 7 40 36 44 41 11 96 19 63 12 39 72 4 64 20 93 68 90 66 105 38 16 22 85 25 110 43 21 109 86 56 37 49 46 57 14 83 78 55 48 6 112 50 15 2 17 45 29 47 58 42 51 54 13 32 28 10 8 52 33 60 34 9 0 1 27 35 5 53 31 23 30 24 26 3 18
11 11 4 12 64 19 63 7 39 44 72 40 41 36 22 68 20 96 25 21 66 105 16 110 49 78 85 86 48 109 57 43 93 56 90 45 6 112 46 2 15 51 37 83 29 17 38 14 47 50 55 33 58 28 32 34 54 35 27 0 52 1 42 60 26 10 31 13 8 53 9 30 18 3 5 23 24
43 43 58 54 37 52 60 53 96 56 6 25 21 20 2 105 66 90 85 38 50 110 17 72 86 22 29 26 0 83 1 32 28 63 16 68 93 49 112 33 7 27 46 48 78 15 14 64 109 42 35 11 8 51 18 57 45 47 34 55 31 10 40 30 9 23 36 12 4 5 41 44 39 3 19 13 24
46 46 47 109 51 16 45 105 55 112 48 110 49 50 68 22 24 57 42 8 17 72 93 38 63 20 25 21 66 64 85 78 86 56 43 37 83 32 18 96 7 28 6 90 14 2 34 27 29 15 33 35 11 58 30 40 12 31 13 54 36 10 0 1 52 44 26 3 60 9 4 23 53 5 41 39 19
14 14 15 13 10 9 5 3 66 38 93 37 29 96 85 110 90 105 72 83 20 109 86 63 22 17 43 112 68 64 46 16 11 28 32 78 49 18 27 56 55 48 6 58 47 57 7 50 35 26 34 54 2 31 52 51 60 30 4 53 25 21 39 42 19 45 12 8 24 0 1 23 33 40 36 41 44
16 16 49 48 51 46 45 63 105 47 22 110 68 50 109 24 55 64 72 66 112 57 38 11 7 20 42 25 21 96 8 85 56 43 17 37 86 93 18 78 40 6 4 15 36 14 2 90 12 44 83 29 28 34 39 41 19 27 58 33 35 54 30 32 10 13 52 0 60 1 9 26 31 53 23 5 3
15 15 10 14 9 13 5 3 66 38 85 93 17 29 63 37 96 110 72 20 43 105 86 90 22 64 68 83 11 16 46 109 78 7 112 56 28 32 49 58 6 18 50 27 54 57 48 2 52 55 60 47 42 35 31 4 53 26 25 21 8 19 51 30 40 34 36 45 12 0 44 39 1 24 41 23 33
20 20 56 64 6 2 105 50 17 72 110 7 66 63 43 0 1 93 11 68 42 49 16 85 96 38 40 22 8 86 36 46 78 57 48 109 55 19 15 58 4 33 83 14 47 54 37 44 45 90 12 52 51 112 41 24 60 39 29 28 25 21 53 34 13 10 3 18 27 9 35 31 30 5 32 23 26
22 22 49 109 48 96 16 105 46 112 110 45 51 55 11 47 66 68 38 72 64 78 50 57 86 43 7 63 20 85 90 24 93 37 17 42 12 8 4 15 14 83 25 21 40 29 56 58 44 36 6 19 54 2 52 41 60 32 28 13 10 39 53 35 3 33 26 9 18 27 31 34 5 0 1 30 23
55 55 68 57 42 8 46 17 110 51 47 78 24 49 50 63 22 86 48 45 16 109 105 112 34 83 64 85 66 56 28 18 72 6 38 32 3 20 90 27 2 33 7 29 96 31 43 93 35 14 25 21 37 30 26 11 15 0 1 40 23 36 13 12 44 58 54 41 52 10 39 60 9 5 4 53 19
57 57 68 42 55 8 17 34 110 78 24 86 63 50 46 51 47 49 22 83 105 64 31 85 18 30 109 16 48 90 56 11 112 3 29 28 33 6 35 93 32 66 23 20 96 27 38 72 26 7 2 37 45 15 14 25 4 43 21 19 58 40 0 1 13 12 36 39 44 10 53 9 54 41 5 60 52
27 27 83 35 34 31 90 28 30 78 32 33 86 85 29 18 93 23 26 112 37 96 38 109 25 21 64 57 66 56 43 55 24 6 58 110 14 72 68 54 46 105 63 42 53 15 60 22 8 2 17 52 20 50 49 11 16 45 48 13 7 51 47 0 1 12 10 4 9 3 19 5 41 39 40 44 36
28 28 34 31 90 30 78 32 27 33 86 85 83 29 35 93 23 26 112 18 96 37 38 109 25 21 64 57 66 56 43 55 24 6 110 14 58 72 68 46 105 63 42 54 15 22 8 60 2 17 53 20 50 52 49 11 16 45 48 13 7 51 47 0 1 10 12 4 9 19 3 5 39 44 36 40 41
29 29 18 83 35 90 85 28 86 32 38 78 27 66 23 33 31 96 93 34 112 37 14 30 43 15 26 110 64 72 57 105 58 25 21 68 56 22 20 109 24 13 46 6 55 54 2 63 42 53 16 11 60 52 8 10 49 50 9 17 48 5 45 0 51 1 3 47 7 4 19 12 39 41 40 36 44
