32 32 112 83 35 31 34 28 30 90 27 33 78 85 29 26 23 93 18 109 86 43 38 25 96 57 37 66 24 56 6 58 64 110 53 14 55 105 72 54 60 20 42 21 2 22 8 52 46 17 68 63 50 45 51 47 16 15 49 48 7 12 11 13 0 10 3 9 5 4
38 38 37 96 90 105 85 66 110 14 43 29 93 22 72 83 20 86 78 15 26 28 13 58 46 63 16 10 35 109 54 32 27 64 9 68 52 7 49 60 5 53 18 48 3 33 25 55 56 34 31 50 6 23 57 30 2 11 51 112 45 17 47 42 8 21 12 40 36 24 44 19 39 4 41 0
7 7 40 36 44 41 11 96 12 39 63 19 72 4 93 64 20 66 68 105 90 38 25 85 22 110 109 16 43 56 78 83 6 50 2 49 37 17 21 46 14 86 29 48 55 45 57 28 32 33 51 112 15 58 27 24 54 47 34 42 52 60 26 35 18 8 30 53 13 31 0 23 3 10 9 5
11 11 4 12 19 64 7 63 39 72 44 40 41 36 22 25 96 66 68 20 105 110 16 78 85 93 49 48 21 109 43 45 86 51 56 90 46 6 57 38 50 2 29 17 55 32 37 83 28 47 33 27 15 26 24 14 58 34 42 112 54 35 8 31 23 52 60 30 53 0 18 3
43 43 58 54 37 52 60 20 38 53 56 96 6 25 2 105 66 90 85 50 110 17 72 26 22 29 21 93 32 33 83 28 64 0 16 63 78 49 46 86 42 27 68 8 57 35 7 14 48 51 55 45 109 34 31 18 11 30 15 23 12 112 47 1 3 24 13 10 9 40 39 4 5 36 41 44 19
46 46 47 109 51 45 105 16 110 55 50 48 24 22 49 112 68 57 42 8 17 72 93 20 38 25 66 63 56 85 78 18 6 43 2 64 96 34 90 21 30 37 28 32 29 83 86 7 27 23 26 33 11 14 35 12 31 3 0 58 15 54 52 60 53 10 4 41 9 19 36 5 40 39 44 13 1
14 14 15 13 10 9 5 3 66 38 29 93 85 90 83 37 110 96 105 72 18 17 109 63 20 35 43 78 22 28 32 86 27 64 68 23 33 26 46 34 16 112 56 31 6 57 30 55 7 11 50 58 24 51 49 2 25 54 48 53 47 52 60 45 42 8 12
16 16 49 48 51 22 45 105 46 63 110 50 47 24 55 109 68 72 66 64 38 57 20 42 96 25 8 11 85 93 56 78 17 43 7 18 6 112 2 34 37 29 90 21 86 30 83 28 12 27 14 26 32 4 23 33 40 39 15 44 35 36 19 58 54 41 31 52 60 0 53 10 13 3 9 5
15 15 14 10 9 5 13 3 66 38 29 93 17 85 63 110 72 20 43 90 105 37 96 22 83 78 64 18 68 86 35 109 32 28 57 27 16 56 55 11 7 6 42 46 50 8 26 2 45 49 31 23 51 58 33 54 30 34 52 112 60 48 24 25 53 47
20 20 56 6 64 2 17 50 105 72 110 66 43 93 7 63 0 38 42 85 8 68 57 22 11 49 16 55 46 78 96 33 58 54 37 90 109 52 60 48 51 24 83 40 25 45 29 36 53 1 3 14 86 47 15 12 44 34 28 19 41 39 4 27 32 18 26 35 30 31 13 23 10 112 9 21 5
22 22 49 48 109 16 96 105 45 51 110 46 66 55 72 78 50 38 11 47 24 93 112 68 43 63 64 85 20 57 90 42 17 7 8 86 37 25 83 56 29 12 6 2 4 14 18 58 19 15 32 28 54 34 44 40 52 33 60 26 39 27 35 21 36 53 41 31 30 3 10 13 23 9 0 5
55 55 57 68 42 8 17 51 110 46 78 24 47 22 50 49 45 16 48 63 105 34 86 109 85 64 83 20 66 18 3 72 56 38 90 28 6 32 2 93 43 27 29 33 96 31 30 112 25 26 23 35 14 7 15 37 11 13 0 10 21 58 54 9 52 60 5 12 53
57 57 68 55 42 8 17 34 110 78 24 50 51 63 46 86 22 47 83 30 31 85 49 28 105 32 18 64 20 33 90 3 16 23 27 93 29 56 66 48 35 26 6 72 109 38 45 2 43 96 112 37 25 11 14 7 15 53 58 13 10 9 0 21 12 5 52 54 40 39 60 44 36 4 19 41
27 27 83 35 34 31 28 32 90 30 33 78 85 29 23 93 26 18 86 112 38 25 57 96 37 24 66 56 109 64 6 43 110 14 58 55 72 105 53 22 42 21 20 8 17 50 68 2 63 54 46 60 45 15 47 51 16 52 49 7 48 11 13 12 10 3 9 5 0 4
28 28 34 31 32 27 30 90 33 78 85 29 23 93 83 35 26 86 18 112 38 57 25 96 24 37 66 56 109 64 6 110 43 14 55 72 105 58 22 42 53 20 21 8 17 50 68 2 63 46 54 45 60 47 51 15 16 52 49 7 48 11 13 12 10 3 9 5 0 4
29 29 18 35 83 90 85 14 66 78 38 28 23 33 32 27 93 31 86 34 30 96 15 26 37 43 110 13 72 112 105 64 25 10 24 56 57 9 22 20 6 5 109 58 63 3 2 55 68 53 42 16 46 54 17 8 50 60 21 52 51 49 45 11 47 48 7 0 12 4
