3 3 13 15 10 9 5 14 11 17 4 8 12 16 6 7 19 20 57 39 44 50 42 22 40 55 45 36 56 46 41 51 25 48 24 49 2 38 43 29 18 47 33 34 30 26 21 37 32 35 52 31 28 23 58 27 0 54 53 60
4 4 11 19 12 3 20 7 18 39 44 40 41 6 36 56 15 13 17 22 25 2 50 45 10 43 33 16 14 9 57 38 8 5 29 55 46 42 35 49 32 24 26 23 48 28 30 37 51 34 31 27 21 47 58 52 0 54 53 60 1
6 6 20 56 15 2 14 38 50 29 12 43 25 3 22 10 9 4 45 13 5 37 16 33 11 0 17 36 7 48 46 18 51 49 8 55 21 24 57 32 30 58 35 19 39 44 42 54 52 26 28 40 60 47 53 27 41 34 23 31 1
7 7 40 36 44 11 41 39 12 19 3 4 20 33 38 22 56 6 43 15 17 14 13 45 2 30 50 25 16 10 18 9 8 29 37 5 49 32 48 28 46 57 35 34 31 55 27 42 24 51 26 23 52 58 21 54 47 53 60 0 1
8 8 57 55 42 17 50 3 24 51 46 18 34 47 16 22 45 20 49 48 15 13 4 56 11 6 10 12 14 43 9 2 38 5 33 7 28 31 25 27 29 26 36 35 30 32 19 39 52 37 23 40 44 41 54 0 58 21 60 53
11 11 4 19 12 7 39 3 44 40 41 22 36 20 15 6 13 16 45 25 50 49 10 38 17 14 43 48 18 9 46 56 5 8 55 2 51 42 33 57 24 29 37 30 47 21 32 26 52 28 34 27 31 58 35 54 23 53 60 0
12 12 11 4 44 7 19 39 20 25 3 40 41 22 6 45 36 50 43 56 2 21 16 38 49 15 46 17 33 48 51 14 13 55 18 37 8 29 26 57 10 30 28 9 42 58 24 32 5 47 35 23 34 54 31 60 27 53 52 0 1
14 14 15 13 10 9 5 38 6 3 29 33 56 20 37 25 30 43 32 35 36 28 45 22 50 31 27 2 34 26 23 18 12 11 49 7 17 4 46 8 48 24 21 51 52 57 58 16 39 55 40 53 54 47 42 60 41 19 44 0
15 15 14 10 9 5 13 6 3 38 29 20 56 33 2 12 25 50 43 11 17 4 22 8 45 37 16 7 30 32 36 26 18 28 35 46 49 48 27 57 34 51 19 21 39 23 55 42 31 58 44 0 40 52 54 41 53 47 24 60
16 16 48 46 22 51 45 49 50 47 3 24 55 17 38 57 8 20 12 11 42 6 52 4 36 33 43 15 56 7 18 25 13 14 10 2 9 29 37 39 5 34 19 28 35 26 40 32 44 41 27 31 54 30 21 53 58 60 23 0
18 18 35 23 29 32 57 4 28 30 26 27 33 55 31 34 24 25 22 42 8 38 37 50 49 17 12 11 43 51 56 20 45 52 48 36 21 46 58 6 7 3 16 47 14 53 2 19 54 39 60 15 40 44 13 10 9 41 5 0
20 20 56 2 6 17 4 50 43 12 45 7 11 33 38 25 16 0 22 42 3 36 57 46 8 49 55 44 48 37 39 24 40 19 51 29 58 15 18 54 14 41 28 34 60 35 47 27 32 53 23 31 26 52 30 21 13 1 10 9 5
22 22 49 48 16 46 45 51 36 55 11 38 50 12 47 6 24 18 43 33 7 4 20 57 52 25 17 8 42 56 37 40 39 29 3 32 19 2 30 41 44 28 26 31 27 54 14 58 35 34 53 23 15 21 60 13 10 9 5 0 1
23 23 35 34 32 31 30 27 18 33 29 28 26 24 25 57 38 52 37 43 36 56 22 49 14 21 20 45 55 58 50 47 6 4 54 53 12 7 48 51 42 2 17 60 11 46 16 15 8 3 40 39 44 19 41 13 10 9 5 0
25 25 21 26 12 28 38 29 32 33 43 45 6 27 18 35 37 50 31 23 30 34 20 58 56 22 4 16 7 53 11 14 46 2 51 36 52 44 49 54 24 57 8 48 19 42 39 3 60 55 15 41 47 40 13 10 9 5 17 0 1
26 26 37 58 35 53 34 31 25 18 32 28 54 27 33 30 60 23 29 43 21 38 52 24 57 45 12 56 22 6 36 4 20 55 14 49 50 42 8 51 7 16 46 47 11 48 3 2 39 40 15 44 17 13 41 19 10 9 5
27 27 35 34 31 32 28 29 30 33 23 18 25 26 38 24 21 37 43 52 57 14 6 56 36 45 58 53 12 49 22 20 55 50 54 42 4 8 2 51 17 16 46 7 48 60 3 47 11 15 13 10 9 19 44 5 40 39 41 0
28 28 34 31 32 27 30 29 33 18 25 35 26 23 38 21 24 52 43 37 57 14 6 56 36 45 12 49 20 58 22 53 50 55 54 42 2 8 4 51 7 16 46 17 48 60 3 11 15 47 13 10 9 44 19 40 5 39 41 0
29 29 35 18 32 28 23 30 27 38 33 14 25 31 6 34 26 43 37 15 36 52 56 21 20 50 58 45 2 24 12 22 57 13 53 54 10 4 17 9 16 8 42 5 60 49 46 51 48 55 3 11 39 7 40 47 0 44 19 41 1
30 30 34 28 31 32 27 29 36 33 23 18 35 38 26 24 25 43 37 57 52 6 22 14 56 7 40 20 50 58 21 49 54 2 12 45 39 53 60 55 47 4 11 17 48 44 51 42 15 19 3 41 13 46 16 10 8 9 5 0
32 32 31 35 34 52 28 30 29 27 33 18 23 25 26 43 54 38 53 24 21 49 6 37 57 56 14 36 58 45 20 60 12 50 2 22 55 17 42 51 8 48 16 46 4 7 3 11 47 15 13 10 9 40 44 19 39 5 41 0
33 33 35 32 31 34 28 30 27 56 18 29 23 25 49 14 38 26 20 45 7 22 6 43 52 36 37 48 24 46 50 21 12 16 4 2 51 57 15 13 17 11 55 40 10 42 47 58 54 8 9 5 39 19 53 44 60 3 41 0 1
36 36 40 7 39 38 44 41 30 22 43 11 12 37 4 20 45 6 49 28 50 56 3 19 33 16 25 31 48 29 34 27 46 23 2 58 32 26 18 14 54 35 51 60 55 24 53 17 57 15 52 8 47 42 13 21 10 9 5 0 1
38 38 37 36 14 43 29 22 45 6 25 30 50 33 20 16 26 56 15 28 23 35 46 51 7 12 31 2 13 34 48 49 27 40 18 32 58 10 21 9 55 5 39 11 54 57 4 24 60 53 47 44 41 3 8 42 52 19 17 0 1
43 43 58 37 54 60 20 38 56 53 52 2 36 6 25 50 17 45 22 12 29 32 26 30 33 16 28 7 46 48 49 27 18 4 51 21 11 35 14 0 42 40 57 23 39 34 8 55 31 15 44 24 47 41 3 19 13 10 1 9 5
45 45 16 46 48 51 22 50 49 38 47 20 12 24 43 25 55 33 6 56 2 37 57 36 4 7 42 52 11 8 29 3 17 28 21 14 26 32 18 58 30 35 54 31 44 19 34 39 27 53 60 40 41 15 0 23 13 10 9 5 1
46 46 47 49 51 45 16 55 48 22 50 24 57 8 42 17 38 20 52 12 33 18 56 25 43 3 6 36 11 4 2 34 7 29 28 37 35 26 32 54 27 14 31 30 39 19 21 53 44 40 13 58 41 10 23 9 60 15 5 0
49 49 48 52 46 22 51 16 45 47 50 33 24 55 54 53 32 38 36 56 43 6 20 18 34 11 17 58 35 30 60 57 12 25 29 7 28 31 23 4 3 27 8 37 14 42 26 2 39 40 15 19 41 44 10 21 9 5 13 0
50 50 8 20 56 46 16 49 42 57 45 55 2 22 6 51 38 48 17 43 24 12 25 47 4 37 33 18 52 7 3 0 36 34 29 11 21 58 14 23 54 15 28 35 39 44 19 53 60 26 31 32 27 41 40 30 13 10 1 9 5
52 52 54 53 49 58 60 32 43 48 26 33 22 46 35 51 16 37 34 31 28 18 27 30 25 50 23 20 38 29 56 24 47 36 2 6 55 45 17 12 57 7 21 4 14 3 11 42 8 39 40 44 0 15 19 41 10 9 5 13
55 55 57 8 42 46 17 51 50 18 24 22 47 16 49 45 48 34 3 56 6 20 38 33 12 2 43 11 4 32 23 25 35 28 29 26 31 36 27 52 30 7 37 14 15 39 19 58 13 44 53 54 40 21 41 0 10 9 60 5
57 57 55 8 42 17 34 18 24 50 51 46 22 47 49 16 3 35 56 20 31 48 23 32 6 28 29 25 30 33 26 38 27 2 4 12 45 43 11 36 37 14 52 15 7 21 58 13 19 53 39 10 0 54 44 9 40 5 41 60
