3 3 11 13 8 4 10 9 15 16 12 5 7 17 6 14 20 19 50 22 57 39 45 46 44 36 42 40 55 51 25 56 48 41 24 49 43 2 18 38 47 33 26 30 29 32 34 52 28 27 31 21 35 23 37 0 58 60 54 53
4 4 11 3 12 19 20 18 7 39 44 6 16 56 17 8 22 15 50 36 45 57 13 33 40 43 2 41 10 55 38 25 9 46 5 26 14 32 29 42 28 30 49 23 24 27 35 48 34 51 31 37 52 58 47 53 54 21 0 60
6 6 15 20 14 56 2 12 38 29 3 50 22 25 43 10 9 11 45 4 5 16 13 36 7 18 46 37 8 17 32 55 48 30 51 57 24 39 49 19 35 28 44 26 0 33 27 21 40 58 42 34 23 54 31 41 60 52 47 53 1
7 7 36 40 11 44 41 3 39 12 20 4 19 33 38 22 6 43 56 16 45 15 14 30 50 17 8 13 2 18 49 10 46 32 25 29 28 9 57 55 5 27 48 35 34 23 31 37 24 51 52 42 26 58 54 47 53 60 0 21
8 8 57 55 42 3 17 50 24 46 18 16 51 11 34 22 4 45 47 12 49 13 20 15 6 7 48 10 9 56 5 38 14 43 33 36 2 28 25 26 27 29 19 32 39 31 35 30 44 52 40 41 37 53 23 21 0 58 60 54
11 11 4 7 3 12 19 39 22 44 40 41 36 20 16 6 8 15 45 13 50 43 46 38 49 10 55 17 18 9 48 14 5 25 56 57 33 2 51 42 30 24 29 32 52 37 26 28 47 34 27 23 31 58 35 54 53 60 21 0
12 12 11 4 7 20 44 3 19 39 25 22 6 45 50 43 40 41 36 16 56 38 2 46 15 49 8 33 55 17 14 51 57 48 30 29 18 13 26 37 28 21 32 10 23 24 9 42 5 34 58 35 27 31 47 54 60 53 52 0
14 14 15 13 10 9 5 6 38 33 3 29 20 36 56 25 45 30 22 43 37 50 32 28 27 49 2 31 26 34 12 23 35 46 7 52 18 11 48 51 55 24 8 4 39 57 58 21 16 42 53 40 54 44 17 47 60 19 0 41
15 15 14 10 9 5 6 13 3 38 20 56 33 29 25 50 12 43 22 2 45 36 11 30 32 8 4 37 26 46 28 49 16 18 27 7 48 24 17 51 31 34 35 57 52 55 23 21 58 19 42 39 54 44 53 40 47 0 60 41
16 16 46 48 45 51 22 3 50 49 24 47 55 12 11 8 4 38 57 17 7 20 6 36 43 33 15 42 52 14 13 18 25 56 10 9 5 39 29 19 2 27 44 28 26 32 40 37 34 41 35 30 31 54 53 58 60 21 23 0
18 18 57 26 4 32 23 28 35 30 27 55 33 29 31 34 25 22 24 8 50 42 49 38 43 36 52 37 45 11 12 20 17 7 3 58 56 46 51 6 48 53 14 21 16 2 19 54 39 47 15 60 40 44 41 10 9 5 13 0
20 20 4 56 12 2 7 45 6 17 50 43 11 33 3 16 36 38 25 22 46 39 44 15 49 57 8 14 48 18 55 19 40 29 24 28 51 42 37 27 0 41 23 32 34 35 30 58 31 26 54 10 60 13 47 9 53 5 21 52 1
22 22 49 46 16 48 36 55 11 45 51 38 12 43 6 50 33 7 18 4 57 52 24 20 47 3 30 25 8 17 32 29 39 56 14 40 42 37 19 15 28 26 2 44 27 31 23 41 54 35 58 53 13 10 34 60 9 5 21 0
23 23 35 32 34 30 27 31 33 29 18 28 26 24 25 52 38 36 43 57 49 22 14 20 37 45 56 50 7 55 12 4 58 6 21 54 11 53 47 2 48 51 15 17 42 60 3 39 40 16 19 46 44 8 41 13 10 9 5 0
25 25 21 26 28 38 32 29 12 27 6 18 50 43 33 23 30 35 31 34 37 20 45 22 14 58 4 56 7 16 36 52 53 57 8 15 11 46 3 49 55 2 51 24 42 54 44 39 19 60 48 10 40 13 9 41 47 5 17 0
26 26 37 58 53 35 31 25 34 18 28 32 27 54 60 23 33 29 30 43 52 21 38 57 4 24 55 22 12 45 49 36 6 14 50 8 20 46 7 11 56 42 16 51 3 48 15 47 39 19 10 40 44 9 2 5 41 17 13
27 27 29 32 28 35 34 31 23 30 18 33 25 26 38 52 43 14 24 36 6 57 49 21 37 45 12 22 50 55 20 4 56 46 53 7 8 58 15 16 11 54 2 17 42 48 51 3 60 10 13 19 9 44 40 39 5 47 41 0
28 28 29 32 27 34 31 30 18 25 33 35 26 23 38 52 43 14 36 6 21 49 57 24 45 12 37 50 22 20 55 56 4 46 7 53 8 58 15 16 11 2 54 48 17 42 51 3 60 10 13 19 44 9 40 39 5 47 41 0
29 29 32 28 30 35 27 23 38 18 25 33 6 43 31 34 26 14 36 52 37 50 15 12 45 20 22 56 2 58 57 24 21 53 16 54 49 46 8 17 4 11 3 60 55 48 51 42 39 7 40 13 10 9 19 5 44 41 0 47
30 30 36 28 29 34 32 27 31 23 18 33 38 43 35 25 24 26 52 14 22 37 7 45 6 57 49 50 12 20 40 56 11 39 4 2 54 58 55 15 21 60 53 3 17 48 44 19 47 41 10 13 42 9 5 51 8 0 16 46
32 32 52 28 29 31 34 35 30 27 23 18 25 33 43 26 49 38 54 53 36 6 14 24 45 50 12 20 22 57 21 56 46 37 58 55 4 2 60 16 8 7 48 17 15 11 51 42 3 10 19 13 40 39 44 9 5 41 47 0
33 33 28 32 49 35 14 34 30 27 31 18 23 56 38 45 20 7 29 25 52 26 22 36 43 46 4 48 12 15 16 50 24 51 37 11 57 55 13 10 6 40 3 8 9 2 17 5 39 21 54 42 47 44 19 58 41 53 60 0
36 36 40 7 39 30 38 22 43 44 41 11 12 45 20 28 6 37 50 33 29 4 3 16 49 27 46 23 14 32 56 25 31 34 18 48 55 2 26 58 35 15 57 51 24 54 19 8 60 17 53 42 47 13 52 10 9 5 21 0
38 38 37 36 14 45 22 29 30 6 25 43 50 33 15 16 28 20 23 7 46 12 27 56 26 18 32 49 51 35 55 31 13 10 34 11 9 57 40 48 2 4 5 39 24 8 21 58 3 44 47 41 54 42 53 60 19 17 52 0
43 43 58 36 37 54 20 60 56 38 53 45 2 25 12 22 6 50 32 29 17 52 30 7 16 28 23 33 46 26 11 27 4 18 49 48 51 14 39 40 55 57 15 35 34 8 42 21 44 3 24 31 0 41 47 19 10 9 5 13 1
45 45 16 46 48 51 50 22 20 38 43 12 49 33 24 55 6 47 56 7 4 36 2 57 3 30 11 14 52 37 29 25 8 42 18 17 28 32 15 19 35 44 54 31 58 39 53 26 27 60 40 34 41 13 10 23 9 5 0 21
46 46 49 47 16 55 45 51 22 50 48 24 57 52 8 42 17 38 20 33 12 3 18 36 43 11 4 7 6 25 56 28 32 29 14 26 27 2 34 54 35 39 37 15 31 53 30 19 40 44 13 10 41 9 58 5 60 21 23 0
49 49 52 48 46 22 51 33 16 45 47 54 55 32 53 24 50 36 38 11 30 34 18 7 35 43 28 14 56 20 58 23 6 29 27 12 60 31 57 25 17 4 26 3 15 37 39 40 8 19 41 13 10 42 44 9 5 2 21
50 50 57 8 16 55 45 46 20 56 42 22 38 49 2 6 51 12 25 43 17 24 48 4 3 47 7 18 33 36 11 37 52 34 15 14 29 28 23 27 39 19 26 44 21 0 35 32 31 58 54 30 40 41 53 10 13 60 9 5 1
52 52 49 54 53 32 58 60 43 48 46 33 22 28 51 35 18 27 34 31 23 26 16 30 25 29 24 55 47 50 37 36 57 20 14 38 11 7 45 12 56 4 3 2 6 17 21 15 8 40 19 10 39 42 9 41 5 44 13
55 55 57 8 42 46 17 50 18 51 22 24 16 49 47 45 48 34 38 3 12 6 33 11 56 26 4 36 20 52 32 25 28 7 43 27 2 23 29 14 35 31 30 37 39 15 19 44 40 58 41 13 53 21 10 9 5 0 60 54
57 57 8 55 42 17 50 34 18 24 46 51 22 16 3 49 25 6 26 4 38 35 12 56 47 29 23 20 28 32 31 48 33 11 27 30 2 45 36 52 43 7 14 15 37 19 39 21 13 44 58 10 40 54 53 41 9 5 0 60
