3 3 11 8 4 16 7 12 6 57 20 46 45 50 22 13 55 10 9 5 36 17 25 43 15 33 19 39 38 49 29 24 51 18 28 44 14 30 26 42 27 48 32 40 56 52 41 23 2 34 47 35 31 37
4 4 11 3 20 12 7 18 19 16 6 8 57 33 26 45 50 43 22 36 55 46 38 15 32 25 28 30 29 23 27 39 17 49 56 52 14 2 13 10 9 5 44 24 51 34 42 40 31 48 35 37 58 41 53 54 47
6 6 15 14 20 12 3 29 38 22 25 50 43 11 4 16 45 7 36 56 8 28 2 18 55 46 23 27 57 26 10 9 32 49 5 30 52 13 24 17 39 51 19 35 48 37 44 34 31 40 42 21 58 41 60 54 33 53 47
7 7 36 11 3 20 12 4 33 40 39 44 41 16 43 6 38 8 22 45 30 14 50 18 15 46 49 57 32 55 29 28 19 27 23 25 52 26 56 17 2 24 13 51 10 9 5 34 31 35 48 42 37 58 53 60 54 47
8 8 57 55 3 50 42 16 17 11 46 18 4 24 22 7 45 12 6 49 26 20 38 51 36 25 27 33 15 34 23 30 28 43 14 29 32 52 13 10 9 5 48 56 19 39 47 2 35 31 44 40 37 41
11 11 4 3 7 12 22 16 20 19 36 8 39 6 46 43 45 55 50 38 57 49 18 33 15 30 44 25 14 29 32 52 26 41 17 28 40 13 10 27 9 5 23 24 48 51 56 2 42 34 35 31 37 53 47 54 58 60
12 12 11 20 3 7 4 22 6 45 50 43 25 16 36 8 38 46 44 55 14 19 39 57 33 49 15 30 26 29 28 18 32 23 52 56 2 17 27 51 40 41 48 24 34 13 37 10 9 5 35 31 42 58 53 60 54 21 47
14 14 15 6 38 33 13 10 9 5 45 36 25 20 22 7 49 30 43 12 50 28 32 27 18 16 26 23 46 52 11 55 56 57 3 34 37 31 29 2 35 24 51 48 39 17 40 53 42 44 8 58 19 54 21 4
15 15 14 6 10 9 5 38 20 33 25 12 13 22 43 50 45 29 36 30 32 3 28 26 46 49 56 27 55 18 2 52 57 23 34 31 24 37 51 35 17 11 8 48 4 16 7 39 42 53 58
16 16 46 3 45 22 50 55 48 51 11 4 8 12 7 57 24 38 20 6 43 36 33 14 18 25 17 49 47 30 29 28 15 23 26 32 27 13 42 10 9 39 5 56 19 34 52 44 2 40 35 31 37 41 53
18 18 26 57 4 28 32 23 27 55 30 33 29 8 25 22 49 52 36 50 43 34 45 35 38 7 20 11 16 31 46 12 14 3 24 6 42 15 17 37 58 53 56 51 48 19 2 39 54 40 21 44 10 9 47 5 60 13
20 20 4 7 12 45 6 11 50 43 33 3 16 36 56 22 38 15 14 17 2 25 46 18 49 28 8 57 29 55 27 23 26 32 30 52 39 24 51 44 19 48 34 40 35 31 41 42 10 9 37 5 13 58 60 54 53 47
22 22 46 49 36 16 55 11 12 43 45 38 7 33 6 4 50 57 3 18 52 20 30 14 32 8 48 25 51 15 29 26 28 27 23 24 17 39 56 42 34 19 35 2 40 47 31 37 44 53 54 10 9 5 58 41 13 60
23 23 32 27 30 33 29 18 35 34 25 31 52 28 26 36 43 49 38 24 14 45 20 7 57 22 50 12 4 46 16 55 15 8 11 3 6 56 51 53 37 17 48 42 54 2 58 39 21 40 47 10 9 5 60 13 19 44
25 25 26 28 32 27 29 38 50 6 18 12 23 30 43 33 14 20 52 22 15 21 36 57 8 4 7 16 55 3 31 11 35 34 45 46 49 37 58 53 56 24 2 51 42 39 48 10 44 9 5 19 13 60 54 40 17
26 26 25 18 37 58 53 35 31 34 28 27 57 29 4 55 32 38 33 8 22 50 6 12 23 11 30 14 46 52 16 3 49 20 15 24 43 21 36 60 54 7 45 42 17 51 56 19 2 48 39
27 27 29 23 28 32 30 18 25 33 26 34 35 31 52 43 38 6 36 49 14 57 50 4 45 22 12 15 55 46 7 20 8 11 16 3 24 37 53 56 21 51 58 2 17 42 54 48 39 10 9 5 60 19 40 13
28 28 29 27 32 25 30 18 33 26 34 31 43 52 38 6 36 49 14 57 50 35 12 45 4 22 15 55 46 7 20 8 11 16 3 24 23 37 53 21 56 51 58 2 17 42 54 48 39 10 9 60 5 19 40 13
29 29 32 28 30 27 23 38 43 25 18 6 33 36 52 26 35 12 50 45 20 22 31 34 15 49 46 57 16 11 8 4 3 55 7 24 37 14 56 2 58 17 51 53 39 21 60 54 48 42 40 19
30 30 36 29 28 23 32 27 18 43 33 38 25 34 31 6 52 7 22 14 45 49 12 50 24 35 57 20 46 15 4 11 55 16 8 3 26 40 39 37 2 56 17 51 53 54 48 58 42 60 44 21 10 19 9 5 41 47 13
32 32 52 29 28 23 30 27 18 25 43 33 49 34 31 38 35 36 6 50 45 46 14 12 22 57 20 4 15 55 7 8 16 54 53 11 26 3 24 51 2 56 37 17 48 58 21 60 42 39 40 10 19 9 5
33 33 14 49 28 32 23 27 30 18 7 45 20 52 38 29 25 36 22 46 15 43 4 34 31 35 12 16 50 11 57 26 56 55 8 3 51 24 48 39 17 2 13 40 10 9 37 5 53 44 54 42 19 41 47 58 6 21 60
36 36 7 30 38 43 22 40 11 39 45 28 12 29 20 23 27 6 33 50 16 14 46 3 32 4 49 55 18 25 15 57 26 8 41 44 31 34 56 37 24 2 35 51 48 17 58 54 60 42 53 10 9 5 13 47 19 52
38 38 14 36 45 22 30 29 15 50 6 25 33 43 16 28 23 7 12 20 46 27 37 55 32 18 57 49 11 4 26 52 8 3 51 31 34 35 10 56 9 5 24 13 39 48 40 2 19 42 44 21 58 60 54 41 47 53 17
43 43 36 45 20 32 12 22 30 29 38 50 25 6 7 28 16 23 11 33 27 46 4 55 58 18 37 54 56 60 57 53 15 2 49 14 17 3 8 24 34 31 51 35 52 39 48 26 40 44 19 42 41 21 10 9 47 5 13
45 45 16 46 50 20 43 22 38 12 33 49 7 6 55 4 36 51 57 14 8 48 11 3 30 15 52 29 24 28 23 32 27 56 18 2 17 42 34 47 26 37 31 35 19 39 44 58 60 54 40 10 53 9 25 5 13 41
46 46 49 16 55 45 22 50 52 57 8 47 51 3 33 24 12 38 18 11 48 20 36 7 4 43 32 6 28 14 17 23 27 30 42 25 26 29 15 34 56 35 31 53 54 39 2 19 37 10 9 5 44 13 40 58
49 49 52 46 22 33 48 32 51 55 45 14 36 20 38 30 7 28 54 53 23 27 11 43 25 12 18 29 8 57 16 24 47 26 4 15 6 34 35 31 50 56 17 42 39 58 60 2 37 40 19 3 44
50 50 57 55 8 16 45 46 20 12 38 22 25 6 43 3 4 7 49 18 33 36 11 26 56 42 51 15 24 14 2 28 17 29 27 23 52 48 32 30 34 39 47 35 19 31 37 44 10 9 5 40 21 13 58 41 60 54 53
52 52 49 32 54 53 46 33 22 29 28 23 30 27 25 18 45 48 55 38 51 6 34 14 35 31 57 11 12 43 15 60 58 8 20 7 24 3 4 26 16 50 47 56 17 42 36
55 55 57 8 46 50 18 22 16 49 45 42 17 51 24 26 3 12 11 38 36 52 20 6 43 4 7 33 28 25 32 23 27 30 14 15 47 34 48 29 56 31 35 2 39 37 53 19 58 10 44 9 54 40 5 13
57 57 8 55 50 18 42 46 17 34 16 24 26 45 3 22 12 4 20 38 49 11 28 32 25 6 43 23 27 33 30 36 7 51 52 14 29 15 56 48 35 2 37 39 19 58 10 53 9 5 13 47 31 44 54
