32 32 112 83 35 31 34 28 30 90 109 33 78 27 86 85 18 29 26 93 23 25 21 96 57 37 38 64 56 24 66 6 58 110 72 68 42 53 105 54 55 8 63 14 43 50 60 47 2 46 20 17 45 22 52 51 49 48 16 15 0 1 12 13 10 3 9 11 4 5 19 7
38 38 37 96 90 105 85 66 110 86 43 93 72 83 26 58 78 29 63 14 64 20 54 68 22 52 109 60 53 25 21 112 56 35 6 13 49 2 46 50 33 31 34 16 10 18 32 15 28 30 48 17 9 23 5 7 27 3 42 47 45 55 0 57 1 8 51 12 11 40 36 19 4 44 24 39 41
7 7 40 36 44 41 11 96 19 12 63 39 72 4 64 93 68 90 66 25 21 105 85 20 109 86 110 38 83 78 112 22 37 43 16 45 56 49 48 46 50 6 2 51 17 47 33 32 55 57 29 27 53 26 24 58 34 18 14 30 35 52 54 23 0 31 1 60 42 15 28 8
11 11 4 12 64 19 63 7 39 44 72 40 41 36 68 25 21 96 66 105 78 86 85 110 22 93 20 45 90 38 49 16 109 48 37 43 83 46 56 33 26 6 51 112 55 2 58 29 57 47 50 42 54 32 17 35 23 34 18 8 53 31 52 60 27 28 30 0 1 14 15 24
43 43 38 58 54 37 52 60 96 20 53 56 105 6 66 25 21 90 2 85 110 50 17 72 86 93 26 0 1 64 68 63 83 33 42 78 49 22 57 8 109 46 48 55 16 28 45 29 51 112 27 35 47 34 12 31 32 18 30 14 7 3 23 11 13 4 15 10 24 40 44 9 41 19 36 5 39
46 46 47 109 51 45 112 105 48 110 16 50 49 22 24 55 68 42 57 8 93 72 17 25 21 20 66 56 63 85 18 64 38 86 6 96 78 2 83 34 43 32 37 90 30 29 0 26 33 1 35 28 31 23 27 3 12 58 54 7 52 14 60 13 53 15 10 4 11 40 9 44 5 36 41 19 39
14 14 15 13 10 9 5 29 3 66 93 38 83 18 85 90 35 86 110 96 37 72 109 63 78 17 105 112 64 68 23 33 32 26 27 28 20 34 43 31 30 24 56 57 58 22 6 55 2 46 42 50 48 25 53 21 54 16 51 47 45 8 49 60 52 0 1 11 7
16 16 49 48 22 51 45 105 63 47 110 46 109 68 50 24 72 55 66 64 112 96 57 42 38 25 93 21 85 78 86 20 8 56 17 18 90 6 2 37 83 43 34 11 29 30 32 7 26 0 33 1 35 12 28 31 23 27 4 58 40 54 44 52 14 19 36 39 60 15 41 3 53 10 9 5 13
15 15 10 14 9 13 5 3 66 29 93 85 38 17 63 72 86 110 18 83 90 68 35 105 64 37 96 78 109 20 57 112 43 55 32 42 23 27 33 8 28 31 26 22 56 30 6 34 50 53 48 2 49 46 52 24 47 54 45 58 16 51 11 25 21 7 60
20 20 56 64 6 2 105 50 17 72 110 66 43 0 1 63 93 68 38 42 57 85 8 55 49 86 78 58 33 54 37 96 109 46 52 48 16 60 22 90 83 47 24 51 25 21 45 53 7 3 112 34 11 18 29 35 30 31 26 13 28 40 14 15 36 23 10 12 19 4 27 9 32 44 5 39 41
22 22 49 48 109 96 16 105 45 51 112 110 66 46 47 72 78 50 68 93 24 86 64 63 55 38 85 90 57 42 20 8 17 25 21 11 83 37 56 43 6 18 2 7 12 34 32 29 33 35 58 28 4 31 0 1 26 30 54 27 52 40 44 60 14 19 53 3 36 23 41 15 13 39 10 9 5
55 55 68 57 42 8 17 51 110 78 47 24 63 86 46 50 49 48 45 22 16 34 105 64 109 83 85 20 18 56 3 66 112 6 72 90 2 33 31 93 28 38 32 96 30 43 35 27 25 29 21 26 0 15 1 23 14 37 13 11 10 9 58 54 5 52 60 7 4 12 53 40 19 39 41 36 44
57 57 68 55 42 8 17 34 110 78 24 86 63 50 51 47 83 49 64 85 31 46 22 32 18 28 30 105 20 90 56 112 33 3 6 48 27 35 93 109 66 23 29 72 16 26 2 96 45 37 38 43 25 21 15 14 58 0 1 13 10 53 54 9 11 60 5 7 52 12 4 40 36 41 44 19 39
27 27 83 35 34 31 32 28 90 30 78 33 86 85 18 29 93 26 23 112 109 37 25 96 21 57 64 56 24 66 6 58 38 110 72 68 42 53 105 14 8 63 54 55 60 50 17 47 2 20 45 43 46 52 51 49 22 16 15 48 0 1 13 12 10 3 9 11 5 4 19 44 7 39
28 28 34 31 32 90 30 27 78 33 86 85 83 35 93 23 112 26 29 18 109 96 25 57 21 37 64 56 24 6 66 38 110 58 72 68 42 105 8 63 53 55 47 50 17 54 2 14 20 60 45 43 46 51 49 52 22 16 48 0 1 12 15 13 3 11 10 4 9 5 19 7 44 39 41
29 29 18 83 35 90 14 85 86 66 78 23 33 93 32 38 27 31 15 28 34 96 13 30 112 26 37 10 64 9 110 72 5 24 25 21 109 3 56 105 68 57 6 63 58 42 47 20 43 50 8 2 22 53 17 45 55 46 49 51 16 48 54 60 0 1 12 52 11 4 7 19 44 39
