3 3 13 15 10 9 5 11 14 4 8 17 12 16 7 6 19 44 40 39 20 57 42 50 41 56 46 22 45 36 55 48 51 47 49 2 25 21 24 38 43 18 34 33 29 0 1 37 52 26 32 58 28 30 54 27 35 53 23 60 31
4 4 11 19 12 3 20 7 44 18 39 40 41 13 56 15 36 6 17 2 10 16 9 22 57 50 8 45 14 33 42 5 38 43 25 21 46 55 37 48 49 0 1 29 47 35 32 26 24 31 34 51 58 28 30 23 52 27 54 53 60
6 6 15 56 20 2 14 38 10 12 29 13 50 9 3 0 43 1 25 22 21 5 37 4 11 45 16 36 48 17 7 18 40 46 58 19 39 44 47 24 51 8 55 57 54 49 41 33 26 42 32 52 35 30 60 53 28 27 34 23 31
7 7 40 36 44 41 11 19 39 12 3 4 20 33 56 38 15 13 22 6 43 14 2 17 37 10 16 30 45 50 48 9 18 8 57 5 25 46 49 21 42 29 55 32 35 28 34 31 47 0 1 58 51 24 52 27 54 26 23 60 53
8 8 57 42 55 17 3 50 24 47 51 46 34 18 16 48 13 45 22 15 49 4 11 20 10 56 9 14 12 6 5 2 7 35 31 28 38 33 43 36 19 26 27 40 39 29 32 25 21 52 41 44 37 30 0 1 54 58 23 60 53
11 11 4 19 7 12 39 3 44 40 41 36 22 20 13 15 16 6 10 48 9 56 17 45 49 14 38 8 46 50 5 43 2 25 55 42 21 18 37 57 47 51 30 33 24 52 29 58 0 1 34 32 54 26 31 28 60 35 53 27 23
12 12 44 11 4 7 19 39 40 41 20 3 25 21 36 22 6 45 56 50 43 2 15 16 49 38 13 17 37 48 46 14 51 55 8 57 47 33 10 0 1 58 9 42 18 30 29 26 5 34 35 28 54 24 23 60 31 32 53 52 27
14 14 15 13 10 9 5 6 38 3 33 29 37 56 20 36 25 21 30 45 2 43 32 31 22 35 50 28 34 26 27 12 49 23 46 58 48 51 52 11 47 40 18 7 0 1 24 57 54 4 8 39 53 17 44 60 55 16 42 19 41
15 15 14 10 9 13 5 6 3 38 56 20 29 33 2 37 25 21 12 50 43 22 11 45 4 36 8 30 17 0 32 1 26 46 34 31 49 28 39 35 16 51 18 58 7 27 48 57 52 19 47 54 42 55 23 44 40 53 60 24 41
16 16 48 46 51 22 47 45 49 3 50 24 55 17 57 38 4 52 8 11 12 20 42 15 36 13 7 6 33 56 14 37 43 18 10 41 25 21 40 39 9 19 44 5 54 2 29 35 58 34 27 28 31 32 53 26 30 60 0 1 23
18 18 35 57 4 32 23 26 28 31 29 30 27 33 34 55 25 42 21 24 22 37 8 49 50 17 52 38 56 48 11 58 12 36 20 51 43 7 54 47 3 2 45 46 53 40 60 19 16 6 14 44 39 15 13 41 0 1 10 9 5
20 20 56 2 4 17 6 50 12 45 7 43 0 1 11 33 40 44 48 37 16 36 42 3 38 39 25 57 21 49 19 22 46 8 55 24 58 47 15 41 51 18 54 29 14 34 35 13 60 28 10 31 27 9 23 53 32 5 26 30 52
22 22 48 49 16 46 36 51 55 47 45 11 38 12 52 50 7 6 4 43 57 33 37 24 40 18 17 20 42 41 56 39 8 25 3 21 19 44 29 54 32 58 2 30 31 28 14 26 53 27 15 13 35 60 34 10 9 23 0 1 5
23 23 35 34 31 32 30 27 33 18 29 28 26 24 25 21 52 37 57 38 36 49 43 56 54 58 47 22 14 20 50 45 55 48 60 53 12 4 7 2 6 51 11 42 44 40 17 15 39 41 3 16 46 19 0 1 13 8 10 9 5
25 25 21 26 28 37 38 12 29 32 35 27 31 6 34 18 43 33 23 50 30 58 45 20 56 53 4 16 22 7 14 2 11 54 52 36 46 51 44 8 57 42 47 15 49 41 60 48 24 3 40 55 39 19 13 10 9 0 1 5 17
26 26 37 58 53 35 31 34 54 60 25 21 18 28 32 27 33 29 52 30 23 38 43 57 24 4 49 55 45 36 56 47 22 42 14 12 51 8 20 6 48 46 16 11 50 7 3 13 40 41 39 15 10 44 9 19 5 2 17 0 1
27 27 35 34 31 29 32 28 30 18 23 33 25 26 21 37 52 38 24 43 57 14 58 54 56 36 53 6 49 42 45 60 12 2 55 48 50 20 22 8 51 4 17 47 46 16 15 13 11 7 10 19 3 9 0 1 40 5 44 39 41
28 28 34 31 32 29 27 30 33 35 18 25 21 26 23 37 52 38 43 24 14 57 54 56 36 6 58 53 49 45 42 12 2 60 50 20 48 55 22 8 51 4 46 17 16 15 47 13 11 7 10 19 3 9 0 1 40 44 5 39 41
29 29 35 32 28 30 27 18 23 38 31 34 33 25 21 37 14 6 26 43 52 36 15 58 56 2 54 53 20 50 45 12 13 57 22 24 60 42 46 17 48 10 8 4 16 49 9 0 1 51 11 40 5 55 39 3 41 44 7 47 19
30 30 34 31 28 36 32 29 27 35 23 18 33 38 25 21 37 26 43 24 52 57 40 54 14 22 56 7 6 49 2 58 20 50 60 12 39 44 11 47 19 53 48 45 41 4 55 15 13 17 10 0 1 51 42 3 9 5 16 46 8
32 32 52 35 31 34 28 29 30 27 18 33 23 25 21 54 26 43 53 49 38 37 60 58 24 36 56 14 57 6 2 48 45 42 50 20 12 51 22 17 46 55 8 16 4 47 15 11 13 7 19 0 10 3 1 9 40 44 5 39 41
33 33 35 31 34 32 28 56 30 27 18 49 14 23 29 38 25 21 20 45 52 26 7 37 48 36 22 43 46 4 47 13 24 16 15 2 54 40 51 12 50 57 10 6 42 17 9 19 11 55 8 58 5 44 39 60 53 0 1 41 3
36 36 40 7 39 44 41 38 30 22 11 43 37 12 4 56 49 20 45 48 28 6 58 31 3 19 34 16 46 50 2 29 27 33 54 23 25 21 14 35 60 32 26 18 47 15 57 55 51 53 17 13 8 42 24 0 1 52 10 9 5
38 38 37 36 14 22 45 29 43 6 25 21 30 50 33 15 13 16 56 26 20 35 10 40 28 51 7 46 23 48 31 9 58 34 2 12 49 5 47 27 41 18 55 32 11 39 57 4 44 54 60 53 24 19 42 8 0 3 1 52 17
43 43 58 37 54 60 56 53 20 36 38 52 2 17 45 6 25 21 50 22 12 29 32 48 0 30 1 28 16 7 26 40 46 49 11 4 33 27 51 18 39 35 41 42 47 14 57 34 23 31 44 55 15 8 24 13 19 3 10 9 5
45 45 16 48 46 51 47 22 49 50 38 20 12 56 43 55 24 37 33 6 2 57 52 4 36 25 21 7 42 11 58 3 54 8 29 14 41 17 44 0 40 1 28 19 35 31 60 53 15 32 39 13 30 26 34 18 10 27 9 5 23
46 46 47 49 51 16 48 45 55 22 50 24 57 42 17 52 8 38 20 33 3 12 18 56 36 4 11 43 54 7 25 6 37 21 35 34 2 29 32 41 31 26 40 27 28 53 13 39 58 19 44 14 10 15 9 30 60 5 0 1 23
49 49 48 52 46 51 22 47 16 45 54 33 53 24 55 50 58 60 32 36 34 38 56 35 17 43 11 18 30 37 20 7 57 6 31 28 4 12 29 25 14 23 21 27 40 3 41 39 26 8 13 42 15 44 19 10 2 9 5 0 1
50 50 56 57 8 42 20 16 55 46 45 49 2 48 47 17 51 22 38 6 24 12 43 25 21 0 1 37 4 52 18 7 3 36 34 33 58 11 54 15 41 14 44 29 23 35 40 19 39 31 28 13 60 53 10 27 32 9 26 30 5
52 52 54 53 49 58 60 32 48 43 46 35 26 51 33 37 34 22 31 47 16 28 18 27 23 30 24 25 21 50 29 55 20 36 56 57 38 2 11 45 12 7 4 17 14 6 40 39 0 1 41 8 3 42 13 44 10 19 9 5 15
55 55 57 42 8 46 17 51 47 50 18 24 22 16 49 48 45 34 56 3 38 6 52 12 20 33 2 11 4 37 31 36 26 32 28 35 7 25 21 27 43 23 15 29 14 30 41 58 39 40 0 1 19 54 44 53 13 10 60 9 5
57 57 42 55 8 17 34 50 18 24 51 46 47 22 49 48 16 56 35 3 31 6 20 25 21 38 32 29 2 28 23 26 4 12 33 11 27 37 30 52 15 45 14 36 43 7 0 58 1 19 13 41 39 44 40 53 54 10 9 5 60
