3 3 13 15 10 9 5 11 14 4 8 17 12 16 7 6 19 20 57 39 44 50 42 22 40 45 55 36 46 56 41 51 48 25 24 49 2 38 43 18 47 33 29 34 30 26 21 32 52 37 35 28 31 23 27 58 0 54 53 60
4 4 11 19 12 3 20 7 18 39 44 40 41 6 56 36 15 17 13 22 50 2 25 45 10 16 43 33 9 8 57 14 38 5 55 29 46 42 32 35 49 26 24 23 48 28 30 51 37 27 34 31 21 47 52 58 0 54 53 60 1
6 6 20 56 15 2 14 38 50 12 29 43 3 25 22 10 9 4 45 13 5 11 16 37 36 33 7 17 0 46 48 18 55 8 51 49 57 24 32 21 30 19 39 35 58 44 42 52 28 54 26 40 60 27 47 53 41 23 34 31 1
7 7 40 36 44 11 41 39 12 19 3 20 4 33 38 22 56 6 43 15 17 14 45 13 30 2 50 16 25 10 18 8 9 29 49 32 5 37 48 46 28 57 35 55 34 31 27 24 42 51 26 23 52 58 54 47 21 53 60 0 1
8 8 57 55 42 17 50 3 24 46 51 18 34 47 16 22 45 20 49 48 4 15 13 11 56 6 10 12 14 9 43 2 38 5 7 33 28 25 36 31 27 26 29 35 32 30 19 39 52 37 40 44 23 41 54 0 58 21 60 53
11 11 4 19 12 7 39 3 44 40 41 22 36 20 6 15 16 13 45 50 25 10 49 38 43 17 14 18 48 9 46 8 5 56 55 2 51 33 42 57 24 29 37 30 47 32 52 28 26 21 34 27 31 58 35 54 23 53 60 0
12 12 11 4 44 7 19 39 20 3 25 41 40 22 6 45 36 50 43 56 16 2 38 49 21 15 46 17 33 14 51 48 55 8 13 18 37 57 29 26 30 10 28 9 42 24 58 32 5 23 35 47 34 54 31 60 27 53 52 0 1
14 14 15 13 10 9 5 38 6 3 29 33 56 20 37 25 30 43 36 32 45 28 22 35 50 31 2 27 34 26 23 12 18 49 7 11 46 4 48 8 17 24 51 52 21 57 58 16 39 55 53 54 44 47 40 19 60 42 0 41
15 15 14 10 9 5 13 6 3 38 20 29 56 33 2 12 25 50 43 11 22 4 8 45 17 37 16 30 36 7 32 26 18 28 46 49 35 27 48 34 51 31 57 19 21 39 23 55 42 58 44 52 40 0 54 24 53 41 47 60
16 16 48 46 51 22 45 49 50 3 47 24 55 17 38 57 12 8 20 11 4 42 6 52 36 33 7 43 15 56 18 25 13 14 10 9 2 29 5 39 37 19 34 28 40 44 26 35 32 41 27 31 54 30 21 53 58 60 23 0
18 18 35 23 57 29 4 32 28 26 30 27 33 55 31 34 25 24 22 8 42 38 50 37 49 17 12 43 11 20 52 51 56 36 45 48 46 7 58 21 3 6 16 14 47 53 2 19 54 39 60 15 40 44 13 10 9 41 5 0
20 20 56 2 6 4 17 50 12 43 45 7 11 33 38 25 16 3 36 22 0 46 57 42 8 44 49 55 48 39 37 24 40 19 51 29 15 18 58 14 28 41 54 34 35 60 27 47 32 23 31 53 26 30 21 13 10 52 9 1 5
22 22 49 48 16 46 36 45 51 55 11 38 12 50 6 47 43 24 18 33 7 4 20 52 57 25 17 8 42 56 3 37 40 39 29 32 30 19 2 28 44 41 26 14 27 31 54 58 35 34 15 53 23 60 21 13 10 9 5 0
23 23 35 34 32 31 30 27 33 18 29 28 26 24 25 57 38 52 37 43 36 49 22 56 14 20 45 21 55 50 58 6 47 4 12 54 7 53 2 48 51 42 11 17 60 16 46 15 3 40 8 39 44 19 13 41 10 9 0 5
25 25 21 26 28 12 38 29 32 27 6 33 43 18 45 50 35 37 31 23 30 34 20 58 56 22 4 16 7 14 53 11 46 2 36 52 51 57 49 8 44 24 54 3 42 55 15 39 48 19 60 41 47 40 13 10 9 5 17 0 1
26 26 37 58 35 53 34 31 25 18 32 28 54 27 60 33 30 23 29 43 21 52 38 24 57 45 12 22 4 56 36 55 6 49 20 14 50 42 8 51 7 46 16 11 47 48 3 39 2 15 40 44 13 17 19 10 41 9 5
27 27 35 34 32 31 28 29 30 23 33 18 25 26 38 24 21 52 43 37 57 14 6 36 56 45 49 12 58 22 53 20 55 50 4 54 42 8 2 51 46 7 16 17 48 60 3 11 15 47 13 10 9 19 44 5 40 39 41 0
28 28 34 32 31 27 30 29 33 18 25 35 26 23 38 21 52 43 24 14 37 57 6 36 56 45 49 12 22 20 50 58 53 55 54 4 42 2 8 7 51 46 16 17 48 11 15 60 3 47 13 10 44 19 9 40 5 39 41 0
29 29 35 32 18 28 23 30 27 38 33 14 25 6 31 34 43 26 37 36 15 52 56 20 21 50 45 58 12 2 22 24 57 53 13 54 4 46 17 10 49 16 8 60 42 9 48 55 5 51 11 3 39 7 40 0 44 19 41 47
30 30 34 28 31 32 27 36 29 33 23 18 35 38 26 25 24 43 37 52 57 22 14 6 7 56 40 20 50 49 58 21 54 12 2 45 39 53 60 55 4 11 47 17 48 44 15 19 51 3 42 41 13 10 16 46 9 5 8 0
32 32 52 31 35 34 28 30 29 27 33 18 23 25 26 43 54 38 53 49 24 21 6 36 14 37 57 56 58 45 20 50 12 60 22 2 55 17 42 51 4 46 48 16 8 7 11 15 3 47 13 10 19 40 9 44 39 5 41 0
33 33 35 32 28 34 31 30 27 18 56 23 29 49 25 14 38 20 45 26 7 22 52 43 36 6 48 37 46 24 50 12 16 4 21 51 2 15 57 13 11 55 17 40 10 8 47 42 54 9 58 5 39 19 44 53 3 60 41 0
36 36 40 7 39 38 44 30 41 22 43 11 12 37 4 20 45 6 49 28 50 33 3 56 16 29 31 25 27 48 46 34 19 23 32 2 58 14 18 26 54 35 51 55 60 24 17 53 57 15 8 52 47 42 13 21 10 9 5 0
38 38 37 36 14 22 45 29 43 6 25 30 50 33 16 20 15 56 26 28 23 46 35 7 51 12 27 31 13 49 18 34 2 48 40 32 10 21 9 58 55 5 11 39 57 4 24 54 53 60 47 3 8 44 41 42 52 19 17 0 1
43 43 58 37 54 60 20 38 56 53 52 36 2 25 6 50 17 45 12 22 29 32 30 26 28 33 16 7 46 27 48 49 18 4 11 51 21 14 35 23 40 39 42 57 34 0 55 8 31 15 44 24 41 47 3 19 10 13 9 5 1
45 45 16 46 48 51 22 50 49 38 20 12 47 24 43 33 55 25 6 56 2 37 36 57 4 7 52 11 42 29 8 3 17 28 14 32 30 26 58 18 35 54 31 44 19 21 34 39 27 53 15 60 40 41 13 23 0 10 9 5 1
46 46 47 49 51 16 45 55 22 48 50 24 57 8 42 17 52 38 20 12 33 18 3 43 56 36 25 6 11 4 7 2 34 29 28 37 32 35 26 54 27 31 30 14 39 19 53 44 40 15 21 13 41 58 10 9 60 5 23 0
49 49 48 52 46 22 51 16 45 47 33 50 24 54 55 53 32 38 36 56 43 34 18 6 11 20 35 58 30 17 60 12 57 7 25 29 28 31 23 27 4 14 3 37 8 26 42 39 2 40 15 19 41 44 10 21 9 5 13 0
50 50 8 20 56 16 57 46 42 49 45 55 2 22 6 51 38 48 17 43 24 12 25 47 4 37 18 33 7 3 36 52 0 34 11 29 14 21 15 23 58 54 28 39 35 19 44 26 32 31 53 27 60 30 40 41 13 10 9 5 1
52 52 54 53 49 32 58 60 43 48 26 46 33 22 35 51 28 34 31 16 18 37 27 30 23 25 50 29 20 24 47 38 36 56 55 2 45 6 57 12 17 11 7 21 14 4 3 8 42 40 15 19 44 39 0 41 10 9 5 13
55 55 57 8 42 46 17 51 50 18 24 22 47 16 49 45 48 34 3 56 6 38 20 12 33 2 11 4 32 25 43 23 36 28 26 35 29 52 31 27 7 30 37 14 15 39 19 58 44 40 53 54 13 41 21 0 10 9 60 5
57 57 55 8 42 17 34 18 50 24 51 46 22 16 49 47 3 35 56 20 31 48 23 6 32 29 28 25 26 38 33 30 27 2 4 12 45 11 43 36 14 37 52 15 7 21 58 19 13 39 53 10 44 54 0 9 40 41 5 60
