3 3 11 8 13 4 16 10 12 7 9 15 5 6 17 14 20 19 50 22 57 45 46 39 44 36 55 42 40 51 25 48 56 41 24 49 43 18 2 29 38 33 47 28 26 27 30 52 23 32 34 31 35 21 37 0 58 60 54 53
4 4 11 3 12 20 19 18 7 39 6 44 16 8 50 22 57 17 56 45 36 33 15 43 13 2 40 55 38 10 46 25 26 41 9 5 32 14 29 42 28 30 23 49 27 24 34 35 48 51 31 37 52 58 47 53 54 60 21 0
6 6 15 14 20 56 12 38 3 2 29 22 50 25 43 10 11 9 4 45 5 16 7 13 36 18 46 8 55 23 27 37 17 32 48 57 30 24 51 39 49 35 19 26 28 44 0 33 21 34 58 40 42 41 31 54 52 60 53 47 1
7 7 36 11 40 44 3 41 12 39 20 4 19 33 38 43 6 22 16 45 56 30 14 8 15 50 17 18 2 13 49 46 32 29 10 28 57 25 55 9 27 5 23 48 34 35 31 24 52 37 51 42 26 58 54 53 47 60 0 21
8 8 57 55 42 3 17 50 24 46 16 18 51 11 4 22 34 45 12 47 7 6 13 49 20 15 10 48 9 56 38 5 14 36 33 43 25 28 26 2 27 29 19 32 39 35 31 30 44 52 40 41 37 53 58 23 54 21 0 60
11 11 4 7 3 12 19 39 22 44 20 36 40 41 16 6 8 45 15 50 43 46 13 38 55 49 10 17 18 9 48 14 57 5 33 25 56 2 51 30 42 24 29 32 52 26 28 37 34 27 47 23 31 58 35 54 53 60 21 0
12 12 11 4 7 20 3 44 19 39 22 6 25 45 50 43 36 16 40 41 38 56 46 15 2 49 8 55 33 14 17 57 51 30 48 29 18 26 28 13 32 37 23 10 24 21 9 42 5 34 58 35 27 31 47 54 53 60 52 0
14 14 15 13 10 9 5 6 38 33 3 20 29 36 25 45 56 30 22 43 50 32 37 28 49 27 2 31 26 12 34 46 23 7 35 52 18 48 51 11 57 55 24 8 4 39 58 21 42 16 53 40 54 44 47 19 60 17 0 41
15 15 14 10 9 5 6 13 3 38 20 33 56 25 29 50 22 43 12 2 45 36 30 32 11 46 26 28 37 8 49 4 27 18 16 7 48 24 51 52 31 23 34 55 57 35 17 21 42 58 19 53 54 39 44 40 47 0 60 41
16 16 46 48 45 51 3 22 50 49 24 55 47 12 11 4 8 57 38 7 17 20 6 36 43 33 15 42 14 18 52 13 25 56 10 9 5 29 39 19 27 26 28 2 32 44 40 37 41 34 35 31 30 54 53 58 60 21 23 0
18 18 26 57 4 32 23 28 30 27 55 35 33 29 31 34 25 22 8 24 49 50 42 38 36 52 43 46 37 11 16 20 12 7 45 17 3 58 56 6 48 53 14 51 2 21 19 54 39 15 60 40 44 41 47 13 10 9 5 0
20 20 4 56 12 7 45 2 6 50 17 43 11 33 3 16 36 38 22 25 46 15 49 39 14 44 18 8 57 55 48 29 19 40 28 24 51 27 42 23 32 37 41 30 34 35 0 31 58 26 10 54 13 60 9 47 5 53 21 52 1
22 22 49 46 16 36 55 48 11 45 12 51 38 43 6 33 7 50 18 4 57 52 20 24 3 30 47 25 8 32 17 29 14 39 56 40 42 15 37 19 28 26 27 23 2 44 31 41 54 35 58 53 10 13 34 9 60 5 21 0
23 23 35 32 27 30 34 31 33 29 18 28 26 24 25 52 38 36 43 49 57 45 14 22 20 37 7 50 56 12 4 55 6 58 11 54 21 53 2 15 47 48 17 42 60 39 51 3 40 19 44 41 13 8 10 16 9 46 5
25 25 26 21 28 32 38 29 27 12 6 18 50 43 23 30 33 35 31 34 37 20 45 14 22 4 36 7 58 16 56 52 57 15 8 53 11 3 55 46 49 2 51 24 42 54 44 39 19 60 48 10 13 40 9 5 41 47 17 0
26 26 37 58 53 35 25 31 34 18 28 27 32 54 29 23 60 33 30 43 52 57 38 21 4 55 24 22 12 45 49 6 14 36 50 8 46 20 11 7 3 16 42 51 56 15 48 47 39 19 13 10 40 9 44 5 2 41 17
27 27 29 28 32 23 35 34 30 31 18 25 33 26 38 52 43 14 36 6 24 49 57 45 12 50 22 21 37 55 4 20 56 46 7 8 53 15 58 11 16 2 54 17 42 51 48 3 60 10 13 19 9 39 40 5 44 41 47 0
28 28 29 32 27 34 30 31 25 18 33 26 35 38 52 43 23 14 36 6 49 57 12 45 21 50 24 22 37 20 55 4 56 46 7 8 15 53 11 58 16 2 54 51 48 17 3 42 60 10 13 19 9 39 40 44 5 41 47 0
29 29 32 28 30 27 23 35 38 18 25 33 6 43 31 34 26 36 52 14 37 50 12 45 15 20 22 56 2 58 57 24 16 53 49 21 54 46 8 4 17 11 3 60 55 48 42 51 7 39 40 13 19 44 10 9 5 41 0 47
30 30 36 28 29 32 34 27 23 31 18 33 38 43 25 35 24 26 52 14 22 7 6 45 37 49 50 12 20 57 40 55 56 46 11 4 39 2 54 15 58 60 21 53 3 17 44 48 19 41 10 47 13 9 42 5 51 0 8 16
32 32 52 28 29 30 31 27 34 35 23 18 25 33 43 49 26 38 54 53 36 6 14 50 45 24 12 20 22 57 46 56 21 4 55 58 37 2 60 7 8 16 15 11 48 17 51 42 3 10 19 39 40 13 9 44 5 41 47 0
33 33 28 32 49 14 27 30 35 18 34 31 23 45 7 20 38 56 29 25 52 22 36 26 43 46 4 15 12 48 16 50 24 11 51 55 57 37 13 10 3 8 40 9 17 5 2 6 39 54 42 44 19 21 47 58 41 53 60 0
36 36 7 40 30 39 38 22 43 44 41 11 12 45 28 20 6 29 33 50 27 16 3 4 23 37 46 49 14 32 25 18 31 56 34 55 48 2 15 26 57 35 58 8 51 24 54 17 60 19 53 42 13 47 52 10 9 5 21 0
38 38 36 14 37 45 22 29 30 6 25 50 43 33 15 16 28 20 23 7 46 12 27 32 18 49 55 26 56 51 35 11 31 10 57 34 13 9 4 40 48 5 2 39 24 8 3 21 58 44 47 42 41 54 53 19 60 17 52 0
43 43 36 58 20 37 54 60 45 38 56 53 12 22 32 2 25 29 50 6 30 17 52 7 16 28 33 23 46 11 27 4 26 49 18 48 51 14 39 15 40 55 57 8 3 42 35 34 24 44 31 21 41 0 47 19 10 9 13 5 1
45 45 16 46 50 48 51 22 20 38 43 12 49 33 24 6 55 56 47 7 4 36 2 57 11 14 30 3 29 37 8 32 52 23 15 25 42 18 17 35 31 19 44 28 58 54 39 60 53 40 27 26 34 41 13 10 9 5 0 21
46 46 49 16 47 55 45 51 22 50 48 24 57 52 8 42 17 38 3 20 12 33 18 36 43 11 4 7 6 25 56 32 28 30 29 14 26 27 54 2 35 34 15 39 31 53 37 19 44 13 40 10 9 41 5 58 60 21 23
49 49 52 46 48 22 51 33 45 16 47 54 32 55 53 24 50 36 38 30 11 7 18 34 35 14 28 43 23 27 20 29 56 12 6 31 58 57 25 60 4 17 26 3 15 37 39 40 44 8 19 10 13 41 9 5 42 2 21
50 50 57 8 16 55 45 46 20 56 42 38 22 12 2 49 6 51 25 43 17 24 48 4 3 7 18 33 36 47 11 15 34 14 52 37 28 29 23 27 26 39 19 32 44 35 21 31 30 0 58 54 40 10 41 53 13 9 60 5 1
52 52 49 54 53 32 58 60 46 48 33 43 28 22 51 27 18 35 23 34 31 30 16 26 29 25 55 24 47 50 36 37 14 7 11 57 20 45 38 12 4 3 56 2 6 17 21 15 39 8 19 40 10 44 9 5 41 42 13
55 55 57 8 46 42 50 17 18 51 22 24 16 49 47 45 48 34 38 3 12 6 33 11 26 4 36 56 52 20 28 25 32 7 27 43 23 2 14 29 31 35 30 37 39 15 19 53 44 40 41 58 13 21 10 9 5 0 60 54
57 57 8 55 42 50 17 18 34 24 46 51 22 16 3 49 25 26 4 6 38 12 35 29 56 23 20 28 32 47 11 33 27 48 31 30 2 45 36 14 7 52 43 37 15 19 39 21 44 13 58 40 10 54 53 41 9 5 0 60
