32 32 112 83 35 31 34 28 30 90 109 33 78 27 86 85 18 29 26 93 23 96 25 21 57 37 38 64 56 24 66 6 58 110 72 68 42 53 43 105 54 55 14 8 63 60 50 2 47 46 20 17 52 45 51 49 22 16 48 15 0 1 12 13 10 11 3 9 4 5 7 19 44 39
38 38 37 96 90 105 85 66 110 86 43 93 72 83 14 29 26 58 78 63 22 20 64 68 54 109 52 60 53 35 112 25 21 13 56 46 49 6 10 16 15 31 33 28 18 34 50 2 32 9 48 30 5 7 27 23 17 3 47 55 42 45 57 51 8 0 1 11 12 40 36 19 44 4 24 41 39
7 7 40 36 44 41 11 96 19 12 63 39 72 4 64 93 68 90 66 20 25 21 105 85 109 38 86 110 83 78 22 112 37 16 43 56 49 45 48 50 6 46 2 17 57 55 29 33 47 58 24 14 51 26 54 18 52 34 60 53 0 1 35 28 31 30 32 15 42 23 8 27 3
11 11 4 12 64 19 63 7 39 44 72 40 41 36 68 25 21 96 66 105 22 78 86 85 110 20 93 16 49 45 48 109 90 43 56 46 83 37 6 55 51 33 112 2 26 57 29 47 58 38 50 42 17 32 54 8 18 34 23 28 35 52 60 53 31 0 27 1 30 15 24 14
43 43 58 54 37 38 52 60 96 20 53 56 105 6 25 66 21 90 2 85 110 50 17 72 86 26 93 0 1 64 68 63 83 33 78 42 22 49 57 8 109 46 48 29 16 28 55 112 27 45 51 35 47 34 32 31 12 18 14 7 30 23 3 11 15 13 4 10 40 24 9 44 36 41 5 19 39
46 46 47 109 51 45 112 105 48 110 16 50 49 22 24 55 68 42 57 8 93 72 17 25 21 20 66 63 56 38 85 64 18 86 6 78 96 2 83 34 32 43 37 90 30 29 26 0 33 1 28 35 31 27 23 3 12 7 58 54 14 52 60 13 15 11 10 53 40 4 9 36 44 41 5 39 19
14 14 15 13 10 9 5 3 66 29 93 38 83 85 90 18 86 35 37 96 110 72 109 63 105 78 17 112 64 68 23 33 32 27 20 28 26 43 34 31 22 30 24 56 57 58 6 2 55 16 46 51 50 54 45 53 42 25 47 21 60 52 8 11 0 49 1 7 48
16 16 49 48 22 51 45 105 63 47 46 110 109 68 50 24 72 55 66 64 112 96 57 38 42 25 21 85 20 93 86 78 8 56 17 18 90 6 37 2 11 43 83 34 7 29 30 32 26 12 0 33 1 28 35 4 31 27 23 40 44 36 58 14 54 19 39 52 60 15 41 3 10 53 9 5 13
15 15 10 14 9 13 5 3 66 29 38 93 85 17 63 86 72 110 83 90 18 68 105 37 64 96 35 78 20 109 43 57 112 32 55 42 22 23 8 26 33 27 28 56 31 6 30 50 34 49 46 58 54 2 11 16 52 7 48 45 47 60 24 25 21 51 53 0 1
20 20 56 64 6 2 105 50 17 72 110 66 43 0 1 63 93 68 42 38 57 85 8 49 55 86 78 58 96 33 54 37 109 46 52 22 16 48 60 7 83 90 47 24 51 45 25 21 53 3 112 11 34 18 29 40 35 36 30 31 14 13 26 28 15 19 12 4 10 23 44 27 9 32 39 41 5
22 22 49 48 109 96 16 105 45 112 51 110 46 66 47 72 78 50 68 86 24 93 38 55 64 63 85 90 57 42 20 11 8 17 25 37 21 83 43 56 6 7 2 18 12 29 34 4 58 33 32 35 54 40 26 0 31 44 1 52 28 19 30 60 36 53 14 3 27 41 15 23 39 13 10 9 5
55 55 68 57 42 8 17 51 110 78 47 24 46 63 86 50 49 48 45 22 16 34 105 109 64 83 85 20 18 56 112 66 3 6 72 90 2 33 28 31 93 38 32 96 30 43 27 29 35 25 21 26 15 0 1 37 14 23 13 10 9 7 58 54 5 52 60 53 12 11
57 57 68 55 42 8 17 34 110 78 24 86 63 50 51 47 83 49 64 46 85 22 31 18 32 105 30 28 90 56 20 112 33 3 48 6 35 93 27 109 66 23 29 16 72 26 2 96 45 37 38 43 25 21 15 14 58 0 1 13 11 10 53 7 54 9 60 5 52 12 4 41 39 40 44 19 36
27 27 83 35 34 31 32 28 90 30 78 33 86 85 18 29 93 26 23 112 109 37 96 25 21 57 64 56 24 66 38 6 58 110 72 68 42 53 105 14 63 8 55 54 60 50 17 2 47 43 20 45 46 52 51 49 22 15 16 48 13 0 1 12 10 11 3 9 4 5 7 19 44 36 39 41 40
28 28 34 31 32 90 30 27 78 33 86 85 83 35 93 23 112 26 29 18 109 96 25 37 57 21 64 56 24 38 6 66 110 58 72 68 42 105 8 55 63 53 14 50 54 17 47 2 20 60 43 45 46 51 49 22 52 16 48 15 0 1 12 13 11 10 3 4 9 5 7 19 44 36 39 41 40
29 29 18 83 35 90 85 14 86 66 78 23 33 93 38 32 27 28 31 96 15 34 30 13 112 37 26 10 64 110 9 72 5 24 25 21 109 105 63 56 3 68 57 6 58 43 20 42 47 22 50 2 8 53 55 17 49 46 45 51 16 48 54 60 0 1 52 11 12 4 7 19 36 44 39 41 40
