3 3 13 10 11 9 8 4 5 16 15 12 7 17 6 19 44 40 14 39 20 57 46 50 41 42 45 22 48 56 36 51 47 55 24 2 25 21 49 18 43 29 26 52 38 0 34 1 27 33 30 31 32 37 28 35 23 58 60 54 53
4 4 11 19 3 12 20 7 18 44 39 40 13 41 56 16 6 17 8 15 10 2 57 36 9 42 33 50 45 5 22 43 55 46 38 37 26 48 14 47 0 1 31 34 25 32 21 49 24 51 58 35 29 28 52 30 23 27 54 53 60
6 6 15 56 14 2 20 10 13 9 12 5 3 38 29 22 25 21 50 11 43 0 1 4 37 16 45 7 48 36 41 19 44 39 17 8 40 28 49 35 18 55 24 46 57 47 23 58 51 27 34 42 32 26 30 54 31 60 53 33 52
7 7 40 44 41 36 11 19 39 3 20 12 4 33 56 13 15 38 16 43 6 17 22 2 14 8 10 45 30 37 48 9 50 57 18 46 5 55 49 42 32 35 29 47 28 52 34 31 24 0 58 51 1 27 54 25 21 23 60 53 26
8 8 57 42 55 17 3 50 24 47 51 46 16 11 18 34 13 4 48 45 22 10 15 9 49 7 12 5 56 6 20 19 26 40 14 36 35 39 31 2 33 38 41 27 44 28 25 21 43 32 52 29 37 30 0 1 58 60 54 23 53
11 11 4 19 3 7 39 12 44 40 41 22 20 13 36 16 15 8 10 6 9 48 17 46 56 5 55 45 42 43 38 50 49 57 2 14 47 37 18 51 33 52 30 24 25 21 58 34 29 32 54 0 1 26 31 28 53 60 35 27 23
12 12 44 11 4 7 19 20 3 39 40 41 22 6 56 45 36 25 50 21 43 16 2 15 13 49 17 46 8 37 38 48 55 57 14 51 47 10 33 58 42 0 1 30 9 26 5 34 29 54 28 18 35 24 23 60 31 32 53 27 52
14 14 15 13 10 9 5 6 38 33 56 37 20 36 45 3 25 21 2 22 30 43 50 31 32 49 29 34 28 26 48 46 52 27 35 12 58 51 47 40 7 23 0 1 54 55 53 24 39 18 11 60 57 19 44 8 42 4 16 41 17
15 15 14 10 9 5 13 6 38 56 3 20 33 2 25 21 37 29 22 50 43 45 12 36 30 26 32 0 46 1 31 34 28 49 58 51 52 27 47 11 18 35 48 54 8 39 57 4 53 44 55 23 60 16 19 7 42 24 17 40 41
16 16 48 46 51 47 45 3 22 50 24 55 49 17 4 11 57 8 7 12 13 38 42 20 15 36 10 6 41 43 56 52 14 9 40 19 33 39 44 5 18 37 25 21 28 26 30 2 35 29 54 31 32 34 27 58 60 53 0 1 23
18 18 26 57 35 4 32 28 31 23 27 30 34 55 33 37 29 42 8 25 22 21 49 52 58 24 50 17 36 48 54 16 7 46 38 56 53 11 43 20 3 12 45 60 2 40 51 19 44 39 14 6 15 13 47 41 0 1 10 9 5
20 20 56 4 2 17 7 12 45 11 6 50 43 0 1 33 40 44 3 16 36 48 39 15 37 19 41 38 22 42 46 25 49 57 21 14 24 47 8 13 55 18 51 58 10 28 35 34 29 9 27 31 54 23 60 5 32 30 53 26 52
22 22 48 49 46 16 36 55 11 47 51 45 12 38 7 52 43 4 57 33 6 40 37 17 50 3 41 18 20 39 24 30 42 56 8 19 32 44 54 25 21 58 15 14 31 13 29 2 26 53 10 28 9 60 27 35 23 5 34 0 1
23 23 35 34 31 32 27 30 33 29 18 28 26 24 52 25 21 37 36 49 38 43 57 54 56 45 14 58 20 47 7 22 50 48 12 60 4 53 55 11 2 40 15 44 42 39 17 6 41 51 3 0 1 13 19 10 9 5 8 16 46
25 25 21 26 28 37 32 35 38 29 27 31 34 12 23 6 58 18 50 30 43 33 53 56 20 14 15 52 36 8 22 57 16 4 7 54 42 45 2 49 55 3 11 46 51 13 60 47 10 44 24 41 40 9 39 48 5 19 0 1 17
26 26 37 58 53 35 31 34 54 60 25 21 18 28 27 32 29 52 33 23 57 30 38 55 4 24 43 42 8 49 47 22 12 14 51 11 45 46 36 16 6 50 48 56 7 15 20 13 3 41 39 40 10 19 44 9 5 2 17 0 1
27 27 35 34 31 29 32 28 23 30 18 25 21 33 26 37 52 38 43 14 54 24 49 36 58 53 6 57 56 60 50 12 55 45 46 15 4 2 22 8 48 20 42 11 7 17 16 13 51 10 19 9 3 40 44 5 0 47 1 39 41
28 28 34 31 29 32 27 30 25 21 18 33 35 26 37 52 38 43 14 54 36 49 58 53 6 57 24 56 23 50 12 60 45 15 46 2 55 4 22 48 8 20 42 11 7 16 13 17 51 10 19 9 3 40 44 5 0 1 39 47 41
29 29 35 32 28 30 27 23 31 38 34 18 25 21 37 43 6 33 26 52 36 58 54 15 56 53 2 14 50 12 45 20 60 22 16 57 48 24 17 8 49 46 40 42 11 0 1 39 51 4 3 41 55 44 13 7 19 10 47 9 5
30 30 36 34 31 28 29 32 23 27 18 35 33 38 43 25 21 37 24 52 40 26 54 6 7 49 14 22 2 45 12 60 57 15 50 39 44 58 56 55 48 46 19 11 16 20 41 4 3 53 13 47 17 0 1 10 42 9 5 51 8
32 32 52 35 31 34 29 28 30 27 23 18 54 25 21 33 49 43 53 38 60 26 36 6 37 58 48 24 46 2 14 50 56 45 57 15 12 8 22 55 51 17 4 20 42 16 7 11 0 19 1 3 40 13 44 47 39 10 9 41 5
33 33 35 31 49 34 14 28 32 56 27 30 18 52 23 7 45 20 38 48 36 29 25 21 46 37 15 13 22 26 4 43 10 40 47 54 51 9 16 12 24 5 2 50 11 19 57 42 55 17 8 44 39 3 58 41 60 53 0 1 6
36 36 40 7 39 44 41 30 38 22 43 37 11 12 56 28 4 45 31 20 48 58 16 46 34 3 6 27 49 23 29 14 50 33 2 35 15 32 54 55 60 18 57 19 25 21 47 8 51 13 26 17 42 53 24 0 1 10 9 5 52
38 38 37 14 36 15 45 22 29 30 50 6 25 21 13 43 10 33 16 9 28 56 7 40 23 35 5 46 20 51 31 48 26 34 12 27 55 47 49 57 41 11 2 18 32 4 58 39 44 19 24 54 8 60 42 53 3 0 1 17 52
43 43 58 37 54 60 36 56 53 20 2 45 38 17 22 12 32 29 50 30 25 6 21 48 7 16 52 28 40 0 1 11 23 46 33 4 51 39 27 49 41 47 15 18 44 42 26 14 57 55 35 34 8 31 24 19 13 3 10 9 5
45 45 16 48 46 51 50 47 20 22 49 38 43 56 12 55 33 37 2 24 6 7 4 36 52 14 42 15 11 3 58 54 57 41 17 8 40 44 30 0 1 28 29 31 35 19 60 32 23 27 39 13 53 18 10 34 25 21 9 5 26
46 46 47 49 16 55 51 48 45 22 52 50 57 24 42 17 8 3 38 33 20 12 18 4 54 11 36 7 43 56 32 53 35 13 37 26 41 6 40 27 28 31 58 14 39 30 10 19 34 25 44 21 15 2 29 9 5 60 0 1 23
49 49 52 48 46 51 47 54 22 53 33 45 32 58 60 55 16 24 35 34 36 7 30 11 38 56 14 31 18 17 28 50 23 37 43 27 57 20 4 29 40 12 41 26 15 25 6 21 39 13 10 44 3 19 9 5 8 42 2 0 1
50 50 57 8 56 55 16 42 45 46 2 20 17 48 47 51 24 38 22 49 12 6 25 21 43 4 0 1 37 7 3 18 34 36 33 11 15 52 41 44 40 39 14 13 28 19 58 35 23 54 31 10 29 27 9 26 60 5 53 32 30
52 52 54 49 53 58 60 32 48 46 33 51 35 47 34 31 28 22 18 27 23 43 26 24 16 30 55 29 37 25 21 57 7 14 36 50 11 4 3 15 56 20 44 45 13 12 38 40 2 41 39 19 10 17 9 6 5 42 0 1 8
55 55 57 42 8 46 17 47 51 50 18 22 16 24 49 48 45 34 56 52 3 38 12 11 26 6 33 36 4 37 2 7 31 14 32 20 28 25 21 30 35 27 41 43 23 40 39 19 44 58 29 15 0 1 13 53 10 9 60 54 5
57 57 42 8 55 17 34 50 18 24 51 46 47 22 16 48 3 56 49 35 26 31 4 25 21 11 12 38 6 2 52 37 29 28 32 20 23 33 15 27 36 7 14 45 30 19 41 39 0 1 43 58 13 44 40 10 9 53 5 60 54
