3 3 13 15 10 11 9 4 8 5 12 16 17 14 7 6 19 20 39 50 57 44 22 45 46 42 36 40 55 56 41 51 48 25 24 49 2 43 38 18 47 33 29 34 30 26 32 52 28 21 31 35 37 27 23 58 54 0 53 60
4 4 11 12 19 3 20 18 7 39 44 6 40 56 41 15 17 36 13 22 50 16 45 2 8 43 33 57 10 25 9 38 55 14 5 46 29 42 26 32 49 24 35 23 28 30 48 27 51 34 31 37 52 47 58 21 54 53 0 60 1
6 6 15 20 56 14 2 38 12 29 50 3 43 25 22 10 9 45 4 13 5 11 16 36 7 37 18 17 46 48 8 33 0 55 32 51 24 49 30 26 39 57 19 21 44 28 58 35 52 40 42 27 54 60 53 47 23 41 34 31 1
7 7 40 36 11 44 41 39 12 3 19 20 4 33 38 22 6 43 56 15 45 17 14 30 16 50 13 2 8 18 25 10 9 49 29 32 46 28 5 57 48 55 37 27 35 34 31 24 23 42 51 26 52 58 54 47 53 60 21 0
8 8 57 55 42 17 3 50 24 46 51 18 16 34 22 47 45 11 4 20 49 13 15 48 12 6 10 56 9 7 14 5 38 43 2 33 28 36 25 26 27 29 31 35 32 19 30 39 52 44 40 41 37 23 54 21 0 58 60 53
11 11 4 7 19 12 3 39 44 22 40 41 36 20 16 6 15 13 45 50 8 43 49 10 38 46 17 9 18 48 14 25 55 5 56 2 33 57 51 42 24 30 29 37 32 52 47 26 28 34 31 27 58 23 21 35 54 53 60 0
12 12 11 4 7 44 19 20 39 3 25 22 6 41 40 45 50 36 43 56 16 38 2 49 15 46 17 33 14 8 55 51 48 21 57 13 18 29 37 30 26 10 28 32 9 42 24 23 58 5 34 35 47 54 31 27 60 53 52 0 1
14 14 15 13 10 9 5 6 38 33 3 29 20 56 25 37 36 30 45 43 22 32 50 28 2 31 27 35 26 34 12 49 23 7 46 18 11 48 52 51 4 8 24 55 21 58 39 16 57 17 53 54 40 44 47 60 19 42 0 41
15 15 14 10 9 5 13 6 3 38 20 56 29 33 25 12 2 50 43 22 45 11 4 8 36 30 37 32 16 17 26 46 7 28 18 49 27 48 35 51 34 31 57 23 55 21 39 52 19 58 42 44 0 54 40 53 24 41 47 60
16 16 46 48 45 51 22 49 3 50 24 47 55 17 12 38 8 57 11 4 20 7 6 36 42 33 52 43 15 13 14 18 56 25 10 9 5 29 39 2 19 28 37 44 40 34 32 26 41 27 35 30 31 54 53 58 21 60 23 0
18 18 57 35 23 4 26 32 28 30 29 27 55 33 31 34 25 22 24 8 42 50 38 49 37 17 43 12 11 36 20 52 7 56 51 3 45 46 58 48 6 16 21 53 14 2 19 47 54 39 15 60 40 44 13 10 9 41 5 0
20 20 56 4 2 6 17 12 50 45 7 43 11 33 16 3 38 36 25 22 46 44 39 49 57 8 48 55 42 40 19 15 0 24 29 18 37 14 51 28 41 58 27 34 35 32 23 54 30 60 31 47 26 53 10 13 9 21 5 52 1
22 22 49 48 16 46 36 55 45 51 11 38 12 50 43 6 33 18 7 47 24 4 52 57 20 25 3 17 8 30 56 42 39 29 40 37 32 19 14 2 44 41 28 26 31 15 27 54 58 35 53 23 34 60 13 10 21 9 5 0
23 23 35 32 34 31 30 27 33 18 29 28 26 24 25 52 38 57 43 36 49 37 22 14 20 56 45 50 55 21 7 58 4 12 6 54 47 53 2 48 11 51 42 17 60 15 16 3 40 46 39 44 19 8 13 41 10 9 5 0
25 25 21 26 28 38 12 29 32 27 6 18 43 50 33 35 23 30 31 37 45 34 20 58 22 56 4 14 7 16 53 36 11 46 52 2 57 8 49 15 3 51 55 24 42 44 54 39 19 60 48 40 41 47 10 13 9 5 17 0
26 26 37 58 53 35 31 34 25 18 32 28 27 54 60 33 23 30 29 43 52 21 38 57 24 4 55 12 22 45 36 49 6 14 20 56 50 8 7 42 46 51 16 11 3 48 47 15 39 40 2 44 13 19 10 41 9 17 5
27 27 35 34 32 29 28 31 30 23 18 33 25 26 38 52 43 24 21 14 37 6 57 36 45 49 56 12 22 50 20 55 4 58 53 46 54 7 8 42 2 16 15 11 17 48 51 60 3 13 10 19 9 44 40 5 39 47 41 0
28 28 34 32 31 27 29 30 33 18 25 35 26 23 38 52 43 21 14 24 6 36 57 37 49 45 56 12 22 50 20 55 4 53 58 46 7 54 2 8 16 42 15 11 17 48 51 60 3 13 10 19 44 9 40 39 5 47 41 0
29 29 35 32 28 30 23 27 18 38 33 25 6 31 43 34 14 26 37 36 52 15 50 20 56 45 12 22 58 2 21 24 57 53 54 46 4 49 17 16 13 8 60 42 11 55 48 51 10 9 3 5 7 39 40 19 44 0 41 47
30 30 34 28 36 32 31 29 27 23 18 33 38 35 43 25 26 24 37 52 22 14 57 7 6 20 49 40 50 56 12 45 54 2 58 39 21 11 4 55 53 60 15 48 17 44 47 19 3 51 41 42 13 10 16 9 46 5 8 0
32 32 52 28 31 35 34 29 30 27 23 18 33 25 43 26 54 38 49 53 36 24 6 14 21 45 57 56 37 50 12 20 58 22 60 2 46 55 4 16 17 48 8 42 7 51 11 15 3 13 10 19 40 44 39 9 5 47 41 0
33 33 32 35 28 34 31 30 27 18 49 14 23 56 29 25 38 20 45 7 26 22 52 36 43 46 48 4 12 37 16 24 50 15 6 51 57 11 2 55 21 13 40 10 17 9 8 54 47 42 5 39 58 19 44 3 53 41 60 0
36 36 40 7 39 38 30 22 44 41 43 11 12 37 45 20 6 4 28 49 50 33 3 29 16 27 56 46 23 31 25 34 32 14 48 18 2 58 19 26 55 35 54 51 60 24 57 15 17 53 8 42 47 52 13 10 21 9 5 0
38 38 37 36 14 45 22 29 43 6 25 30 50 33 15 16 20 28 23 46 56 7 26 12 27 35 51 18 49 32 13 31 34 10 40 48 55 2 9 11 5 57 4 39 21 58 24 8 3 54 47 44 53 41 60 42 19 52 17 0
43 43 58 37 54 60 20 36 56 38 53 2 52 45 25 6 50 17 12 22 29 32 30 26 16 28 7 33 23 46 4 11 27 49 48 18 51 14 40 39 57 35 55 21 42 34 8 15 31 0 44 24 3 41 47 19 10 9 5 13 1
45 45 16 46 48 51 22 50 38 20 49 12 43 24 47 33 55 6 56 25 2 36 4 7 57 37 11 52 3 29 42 8 14 28 17 32 30 58 26 35 54 44 31 19 18 15 39 34 27 53 40 60 41 21 13 10 23 9 0 5 1
46 46 47 49 16 45 55 51 22 48 50 24 57 8 42 52 17 38 20 12 33 3 18 43 36 11 4 6 56 25 7 2 29 28 34 32 26 54 35 27 14 37 31 39 30 53 19 15 40 44 13 41 10 58 9 5 21 60 23 0
49 49 52 48 46 22 51 16 45 33 47 54 50 55 24 53 32 38 36 34 11 43 18 30 35 56 58 6 7 20 60 28 12 17 29 57 25 14 31 23 27 4 3 26 37 8 39 15 40 42 19 2 41 13 10 44 9 21 5
50 50 57 8 16 20 55 46 45 56 42 49 2 22 38 51 6 12 17 48 43 25 24 47 4 3 18 7 33 36 37 52 11 34 29 14 15 0 23 28 21 39 19 44 32 35 58 26 27 54 31 30 53 40 41 60 13 10 9 5 1
52 52 54 49 53 32 58 60 43 48 46 33 22 51 28 35 26 34 31 18 27 16 23 30 25 29 37 50 24 47 55 36 20 38 57 56 45 12 2 11 6 7 14 17 4 21 3 8 15 42 40 19 44 39 10 41 9 5 0 13
55 55 57 8 42 46 17 51 50 18 22 24 16 47 49 45 48 34 3 38 6 56 12 33 20 11 4 36 26 32 2 25 28 52 43 23 27 29 7 35 31 14 30 37 39 15 19 58 44 40 53 54 41 13 21 10 0 9 60 5
57 57 55 8 42 17 34 50 18 24 46 51 22 16 3 49 47 35 56 25 6 20 23 29 31 38 26 48 32 28 4 12 33 27 30 2 11 45 36 43 52 14 15 37 7 19 21 39 13 58 53 44 10 40 9 41 0 5 60 54
