32 32 35 31 34 28 30 33 27 26 23 18 29 25 57 24 37 56 6 58 21 53 55 42 20 38 8 14 54 47 60 45 50 2 17 43 51 46 22 52 49 16 12 48 10 0 3 9 5 15 13
38 38 37 43 26 58 54 52 60 20 53 25 56 6 2 50 17 21 35 33 34 31 32 30 28 0 27 42 23 8 57 29 49 18 55 45 12 46 1 22 51 48 16 3 47 24 4
7 7 40 36 44 41 11 12 39 19 4 25 21 45 26 33 43
11 11 4 12 19 7 39 44 40 41 36 25 21 45 26 33 43 37 38
43 43 38 58 54 37 52 20 60 53 56 6 25 2 50 17 26 21 0 33 42 8 57 49 55 46 1 22 45 12 34 51 35 16 48 28 31 32 27 3 30 47 29 23 18 24 4 11 44 10 14 9 19 7 5 39 13 15 41 40 36
46 46 47 51 45 50 48 24 22 49 16 55 42 57 8 25 20 56 17 18 6 2 21 34 30 43 23 33 32 26 31 35 29 0 28 27 38 12 1 3 58 54 52 37 60 53
14 14 15 13 10 9 29 5 3 18 35 17 23 33 32 27 26 34 24 31 30 28 57 55 56 42 6 8 20 37 25 43 58 38 2 47 46 53 50
16 16 22 49 48 51 45 50 47 46 24 55 42 57 8 25 20 56 17 18 6 2 21 34 30 43 23 33 26 32 31 29 0 28 35 27 38 12 53 1 3 52 37 54 58 60
15 15 10 14 9 5 13 3 29 17 18 35 57 55 23 33 42 8 20 32 31 27 30 28 26 56 43 24 34 6
20 20 56 6 2 50 17 43 0 42 8 38 57 55 49 33 58 1 54 37 52 46 60 22 25 24 53 16 3 48 51 47 45 34 26 21 35 30 18 31 32 15 29 23 28 14 13 27 10 9 5 12
22 22 49 48 16 45 51 50 46 47 24 55 42 57 8 25 20 56 17 18 6 2 21 34 30 43 23 33 26 32 31 29 0 28 35 27 38 12 53 1 3 52 37 54 58 60
55 55 57 42 8 17 51 24 47 50 49 46 48 34 22 16 45 20 18 3 56 6 2 30 33 43 32 31 28 23 27 26 25 15 29 35 13 0 14 38 10 9 5 21 58 54 52 37 60 1 53
57 57 55 42 8 17 34 24 50 51 47 31 32 30 28 20 49 18 22 33 27 3 46 56 23 35 6 48 26 16 45 2 29 43 25 37 58 15 38 13 14 21 0 53 10 9 54 5 60 52 1
27 27 35 34 31 32 28 30 33 23 26 18 29 25 57 24 37 56 6 58 21 53 55 38 20 43 42 54 8 14 60 47 50 2 45 17 52 51 46 22 49 16 12 48 10 0 9 3 5 15 13
28 28 34 31 32 27 30 33 23 35 26 29 18 57 25 24 56 6 37 58 21 55 53 42 20 38 43 8 47 54 50 2 45 60 17 51 46 22 52 14 49 16 12 48 0 3
29 29 18 35 14 23 33 32 27 15 13 34 31 10 30 26 28 9 5 24 3 25 56 6 57 37 21 20 58 47 43 53 45 55 50 2 38 17 46 42 22 51 8 54 16 60 49 48 52 12 0
