32 32 112 83 35 31 34 28 30 27 33 90 78 85 29 26 23 93 18 109 86 25 43 38 57 37 96 24 66 56 6 58 64 53 110 14 55 105 54 72 21 42 60 20 2 8 22 52 17 46 68 50 63 45 51 47 16 15 48 49 12 7 13 11 0 10 3 9 5 4
38 38 37 96 90 105 85 66 110 43 14 93 29 22 72 83 20 78 86 26 58 15 13 63 28 46 54 16 10 35 109 52 60 32 64 9 68 27 53 49 5 7 18 25 56 48 33 3 50 6 34 55 31 23 2 30 57 17 51 45 11 112 47 42 8 21 12 40 36 24 44 19 0 39 4 41 1
7 7 40 36 44 41 11 12 39 96 63 19 72 4 93 64 20 66 68 105 90 25 38 85 22 110 109 43 16 56 78 83 6 50 21 37 2 49 17 46 86 29 48 14 45 55 57 33 28 51 32 112 58 24 27 15 54 47 34 42 26 52 60 8 18 53 35 31 30 23 0 13 3 10 9 5
11 11 4 12 19 64 7 39 63 72 44 40 41 36 22 25 96 66 68 20 105 110 78 16 85 93 49 21 48 109 45 43 51 86 56 90 46 6 38 50 57 2 29 17 37 55 83 32 47 33 28 26 14 24 58 27 15 34 42 54 35 112 8 31 52 23 60 30 53 0 18
43 43 58 54 37 52 60 38 20 53 56 96 6 25 2 105 66 90 85 50 17 110 72 26 22 21 29 93 33 32 0 83 64 28 49 42 16 63 78 46 8 86 27 57 68 35 48 14 51 55 45 7 34 31 109 18 30 12 11 23 15 1 47 112 3 24 13 10 9 40 4 39 5 36 41 44 19
46 46 47 109 51 45 105 16 110 50 55 48 24 22 49 112 42 57 68 8 17 72 20 93 25 38 66 56 63 85 18 78 6 43 2 34 96 64 90 21 30 37 28 29 32 83 86 27 23 26 33 7 11 35 14 12 31 0 3 58 54 52 15 60 53 10 4 41 9 19 39 5 40 44 1 36 13
14 14 15 13 10 9 5 3 66 29 38 93 85 90 83 37 110 18 96 105 72 17 35 63 78 109 20 43 22 28 32 27 86 23 33 64 26 68 34 56 31 46 112 16 6 30 57 58 55 24 50 7 51 11 25 49 2 54 53 48 60 52 47 42 45 8 21 12
16 16 49 48 22 51 45 105 46 63 110 50 47 24 55 109 68 72 66 64 38 57 42 96 20 25 8 93 11 85 56 78 17 43 18 6 7 2 112 90 34 37 21 29 30 86 28 12 83 26 23 27 4 14 32 33 35 40 39 44 15 19 36 58 54 31 0 41 52 60 53 3 10 13 9 5 1
15 15 14 10 9 5 13 3 66 29 38 93 17 85 63 110 72 20 90 43 105 37 83 22 96 18 78 64 68 35 86 57 109 32 28 55 27 56 42 16 7 6 50 11 8 46 26 23 48 31 33 2 49 30 34 58 45 54 52 51 60 112 24 25 53 47
20 20 56 6 2 64 50 17 105 72 110 43 66 93 7 63 0 42 38 85 8 57 49 68 22 55 16 46 11 33 78 96 58 54 37 52 60 90 51 109 48 24 25 1 83 45 53 3 40 29 36 47 14 86 34 12 44 15 28 19 41 39 26 18 35 27 32 4 30 31 23 13 10 21 9 112 5
22 22 49 48 109 16 96 105 45 51 110 46 66 72 50 55 78 38 47 11 24 93 63 68 112 43 85 57 64 20 90 42 17 8 7 37 86 25 56 83 6 29 12 2 4 18 14 58 19 34 32 54 28 15 33 44 21 52 26 40 60 35 39 27 53 36 31 41 30 3 23 10 13 0 9 5 1
55 55 57 68 42 8 17 51 110 78 46 24 47 22 50 49 45 16 48 63 34 105 86 109 85 64 20 83 18 66 3 72 56 6 38 90 28 2 32 93 43 33 27 29 30 31 96 112 25 26 23 35 14 15 37 7 11 13 0 10 21 58 9 54 52 5 60 12 53
57 57 55 68 42 8 17 34 110 78 24 50 51 63 46 22 47 86 30 31 83 85 49 28 32 18 105 20 33 64 3 23 90 27 16 56 93 29 48 35 66 26 6 72 45 109 38 2 43 96 37 25 112 14 11 15 7 53 58 13 10 0 9 21 5 52 12 54 60 4 19 36 39
27 27 83 35 34 31 28 32 30 90 33 78 85 29 23 93 26 18 86 112 25 38 57 37 96 24 56 66 6 109 64 110 43 58 14 55 72 105 53 21 42 22 8 20 17 50 2 54 68 60 45 63 46 47 51 15 52 16 49 48 7 11 13 12 10 3 9 5 0 4
28 28 34 31 32 27 30 90 33 78 85 23 29 93 83 35 26 86 18 112 57 25 38 24 96 37 56 66 6 109 64 110 43 14 55 72 58 105 42 21 53 22 8 20 17 50 2 68 54 45 63 46 47 60 51 16 15 52 49 48 7 11 12 13 10 3 9 0 5 4
29 29 18 35 83 90 85 14 66 78 38 23 33 32 28 27 93 31 34 86 30 15 96 26 37 43 13 110 72 10 25 112 24 105 64 9 56 5 57 6 20 22 58 109 3 63 2 55 68 53 42 16 17 54 46 8 21 50 60 51 52 49 45 47 48 11 7 0 12 4
