32 32 112 83 35 31 34 30 28 90 109 33 78 29 86 85 27 18 26 93 23 43 96 37 38 25 21 57 66 46 54 56 15 58 60 52 64 6 14 68 55 2 105 24 53 110 42 72 22 8 63 20 11 50 49 17 16 0 45 1 7 48 13 51 4 47 12 10 19 9 3 39 5 44 36 40 41
38 38 37 14 96 15 90 105 13 10 85 66 29 9 110 22 5 86 43 83 28 46 3 7 93 16 72 20 27 63 78 64 55 32 57 35 68 49 112 11 34 109 31 58 48 18 26 47 30 33 54 23 40 52 36 42 60 53 8 19 4 51 25 44 21 50 56 12 45 41 39 6 2 17 24 0 1
7 7 40 36 44 41 11 96 19 12 63 39 72 20 64 4 93 16 68 66 105 90 38 22 15 43 14 85 56 46 57 110 49 37 55 86 109 25 21 48 6 50 83 78 112 2 17 10 13 45 47 29 9 58 32 42 54 5 51 28 52 8 60 34 33 27 53 0 35 1 31 3 23 30 24 26 18
11 11 4 12 64 19 7 63 39 44 72 40 41 36 22 20 68 96 16 105 66 25 21 110 49 57 15 48 43 109 85 78 86 56 6 93 112 90 46 14 2 45 37 55 51 17 29 83 32 28 10 47 38 58 13 50 9 33 54 27 34 31 5 35 52 3 60 0 42 1 8 53 30 26 18 23 24
43 43 58 54 37 52 60 53 56 96 6 25 21 2 105 90 66 85 50 20 17 110 32 15 72 22 29 28 86 38 83 16 26 7 112 0 1 27 46 14 68 33 11 93 63 48 109 78 57 35 42 49 18 55 10 64 8 9 45 31 47 40 34 36 5 30 23 4 41 51 39 12 44 19 13 3 24
46 46 47 109 16 55 51 45 105 48 112 110 49 68 50 57 22 24 42 8 20 17 63 38 43 93 72 64 7 32 66 25 37 85 21 15 14 86 90 78 56 18 83 6 29 28 58 96 11 2 54 10 13 27 40 52 36 60 9 53 5 41 30 34 26 44 0 1 4 3 33 23 12 19 35 31 39
14 14 15 13 10 9 5 3 66 38 93 37 96 43 85 110 29 90 20 105 72 22 109 86 83 63 64 46 16 68 17 58 112 11 28 54 56 55 49 57 52 6 32 60 78 27 26 7 50 2 25 21 35 53 48 18 47 33 31 34 4 30 19 23 51 0 1 40 36 42 12 39 44 45 8 41 24
16 16 49 48 46 51 45 63 105 47 110 50 68 22 24 109 57 55 20 64 72 7 11 66 112 43 38 15 42 25 8 21 37 85 14 40 4 56 36 18 29 86 6 44 12 17 58 96 93 39 2 41 90 19 54 10 52 78 60 13 9 32 53 5 30 34 26 28 0 1 83 33 27 23 35 31 3
15 15 10 14 9 13 5 3 66 38 85 17 96 43 37 93 29 20 63 110 105 72 22 86 11 90 16 64 7 46 57 83 55 32 28 49 68 112 56 109 58 35 78 27 6 54 48 50 52 2 18 34 4 60 47 19 33 31 40 36 53 30 25 21 42 12 23 45 51 26 8 44 39 0 41 1 24
20 20 56 64 6 2 7 105 72 50 17 110 11 63 66 43 0 16 1 93 15 68 40 46 36 96 14 19 22 42 4 85 57 44 38 48 8 55 86 12 49 41 39 78 45 83 47 58 10 33 109 28 13 54 90 37 9 52 29 60 27 112 5 34 25 21 24 53 18 3 51 32 31 35 30 23 26
22 22 49 109 48 96 16 11 46 55 105 112 110 45 51 68 47 20 66 43 57 38 72 7 78 64 15 63 86 50 85 90 37 14 12 93 24 42 4 17 8 40 58 44 29 36 10 83 56 25 13 54 19 21 52 9 6 32 60 41 5 28 2 3 39 53 27 35 26 33 31 18 0 1 30 34 23
55 55 68 57 42 8 46 17 47 110 51 78 24 22 16 63 50 109 86 45 49 105 48 112 34 64 83 20 56 28 7 85 6 32 66 27 18 43 38 2 90 72 29 3 15 37 31 33 96 11 25 21 14 35 93 26 40 58 0 36 1 30 12 54 44 52 60 23 41 53 13 4 10 9 19 5 39
57 57 68 42 8 55 17 34 110 78 24 63 86 46 50 16 83 51 49 47 22 28 105 18 11 64 30 7 109 32 112 31 85 48 27 3 56 35 23 66 29 6 43 90 33 96 37 38 26 93 15 72 20 45 2 40 4 14 36 25 21 44 54 12 39 41 19 52 60 58 13 0 1 53 10 9 5
27 27 83 35 34 31 90 28 30 78 33 86 29 85 32 18 93 23 26 112 37 96 38 57 43 25 21 109 66 64 15 56 14 68 55 58 6 24 54 110 46 72 42 105 60 22 53 52 8 63 17 2 11 50 20 49 7 16 45 13 48 51 0 1 10 47 4 19 12 9 3 39 5 40 36 44 41
28 28 34 31 90 30 78 27 33 86 29 85 83 32 35 23 93 26 18 112 96 37 38 57 43 109 25 21 66 64 15 56 14 55 68 6 24 46 110 58 72 54 42 105 22 60 8 17 52 2 11 63 53 50 20 16 49 7 13 45 48 51 0 1 10 47 4 19 9 12 3 39 5 40 36 44 41
29 29 18 83 90 35 28 85 32 86 27 78 38 66 31 96 34 23 43 33 112 15 37 30 14 93 26 57 110 58 64 72 10 13 105 68 25 21 22 9 46 54 20 55 56 11 2 5 52 6 60 16 42 53 109 3 24 8 49 63 50 48 17 51 0 1 45 4 7 19 47 39 12 40 44 41 36
