32 32 112 83 35 31 34 28 30 90 109 33 78 86 27 85 29 18 26 93 23 96 43 38 25 37 21 66 56 57 64 58 6 54 46 24 55 110 60 14 105 52 42 53 72 2 68 63 8 47 20 22 15 17 16 51 49 50 45 48 11 0 1 13 7 12 10 4 9 3 19 5 41 39 40 36 44
38 38 37 96 90 14 105 85 66 110 29 86 43 22 93 83 15 13 72 10 20 78 9 28 46 63 64 5 16 68 58 35 26 7 27 109 49 112 32 3 54 18 48 55 34 31 52 60 57 33 53 11 30 47 23 25 21 56 50 42 40 6 36 51 45 8 2 19 4 12 44 17 41 39 0 1 24
7 7 40 36 44 41 96 11 19 12 63 39 72 4 64 20 93 68 90 66 105 38 22 85 16 25 21 110 109 86 43 56 37 49 83 78 46 57 48 112 14 6 55 50 2 45 17 15 29 47 58 42 51 54 8 32 33 28 52 13 60 10 34 0 1 9 27 35 53 31 5 23 26 30 24 18 3
11 11 4 12 64 19 63 7 39 44 72 40 41 36 22 68 20 25 96 21 66 105 110 16 78 49 85 86 48 109 93 43 57 56 45 112 90 6 2 46 51 37 15 38 29 83 17 32 47 50 33 14 55 58 28 34 54 0 1 35 52 27 42 31 60 26 8 30 10 23 13 53 9 3 24 5 18
43 43 58 54 37 52 60 53 96 56 6 20 25 21 105 2 66 38 90 85 50 110 17 72 86 22 26 0 1 29 83 32 28 93 68 63 33 49 16 112 64 46 48 27 7 78 42 109 14 15 35 8 57 11 51 18 45 47 55 34 31 30 40 13 23 12 10 36 4 9 41 5 44 3 39 19 24
46 46 47 109 51 45 16 105 112 48 55 110 49 50 68 22 24 57 42 8 17 72 93 38 63 20 25 21 66 64 85 56 86 78 37 18 83 43 96 32 6 28 7 2 34 29 27 90 14 35 15 11 58 30 12 31 33 0 40 1 54 26 13 36 10 3 52 23 60 44 4 9 53 5 41 39 19
14 14 15 13 10 9 5 3 66 38 93 29 37 85 96 90 110 83 105 72 86 109 20 63 17 22 43 112 68 64 18 46 28 78 32 16 11 35 27 49 56 57 58 6 55 48 34 47 26 50 31 7 54 2 30 52 60 51 53 25 21 4 42 23 33 45 8 24 39 44 19 12 0 1 36 40 41
16 16 49 48 51 46 45 63 105 47 22 110 68 50 109 24 55 64 72 66 112 57 38 11 20 7 42 96 25 21 85 8 56 86 17 37 43 93 78 18 6 40 4 2 83 90 36 12 14 15 29 28 44 34 39 27 41 19 58 33 32 35 30 54 0 1 52 60 10 13 26 31 23 53 9 5 3
15 15 10 14 9 13 5 3 66 38 29 85 93 17 63 37 110 96 72 86 105 20 43 90 68 22 64 83 78 109 11 46 16 112 18 28 32 56 7 49 58 57 6 27 50 54 35 48 55 2 42 52 60 47 31 8 26 25 53 21 30 4 34 51 39 45 19 12 40 0 1 23 24 36 33 44 41
20 20 56 64 6 2 105 50 17 72 110 66 7 63 43 0 1 93 68 11 42 49 85 38 16 8 96 86 22 57 78 46 40 109 48 55 36 58 33 54 37 83 47 19 45 15 52 4 90 14 51 44 60 24 112 12 41 29 39 25 21 53 28 34 3 18 13 10 27 35 9 31 30 32 5 23 26
22 22 49 109 48 96 16 105 112 46 110 45 51 55 47 11 66 68 38 72 78 64 50 86 57 63 20 43 24 93 7 85 90 37 42 17 8 12 4 83 25 21 56 29 14 40 15 58 6 44 36 19 54 2 52 41 60 32 28 13 18 39 35 53 33 10 26 3 27 34 9 31 5 0 1 30 23
55 55 68 57 42 8 17 46 110 51 78 47 24 49 50 63 86 22 48 45 16 109 105 34 112 83 64 85 66 56 18 28 72 6 3 20 38 90 32 2 33 27 96 29 31 7 93 43 35 25 21 15 37 14 30 26 0 1 11 23 13 40 36 12 58 54 10 19 44 52 60 9 41 39 5 53 4
57 57 68 42 55 8 17 34 110 78 24 86 63 50 51 46 47 49 22 83 64 105 85 31 18 30 109 90 56 48 16 112 28 3 29 33 32 6 11 35 93 20 66 23 27 96 72 38 26 2 37 45 7 15 14 43 25 21 4 19 58 0 1 13 40 12 36 10 39 53 44 9 54 5 60 41 52
27 27 83 35 34 31 28 90 30 32 78 33 86 85 29 18 93 26 23 112 37 96 109 38 25 21 57 64 66 56 24 43 6 58 110 55 14 72 68 105 54 63 42 53 60 50 8 22 46 2 15 17 52 20 47 49 51 45 16 11 48 13 7 0 1 12 10 4 9 3 19 5 41 39 40 44 36
28 28 34 31 90 30 32 78 27 33 86 85 83 29 35 93 23 26 112 18 96 37 109 38 25 21 57 64 66 56 24 6 43 110 55 14 58 72 68 105 42 63 54 8 50 22 46 53 2 17 60 15 20 47 52 49 51 16 45 11 48 13 7 0 1 12 10 4 3 9 19 5 41 39 40 44 36
29 29 18 83 35 90 85 86 28 38 78 32 66 27 23 33 14 96 93 31 34 37 112 30 15 43 26 110 64 72 57 105 25 13 21 58 68 56 109 22 20 24 6 46 63 10 55 2 42 54 9 53 16 8 60 11 52 5 49 50 17 48 3 45 51 0 1 47 7 4 12 19 39 41 40 36 44
