629 "[(107, 0), (414, 0), (601, 0), (630, 0), (637, 0), (641, 0), (1400, 0), (1679, 0), (1850, 0), (1893, 0)]"
900 "[(107, 0), (908, 1), (919, 0), (1014, 0), (1136, 1), (1261, 0), (1307, 1), (1494, 1), (1615, 1), (1687, 1), (1698, 1), (1825, 1)]"
924 "[(107, 0), (954, 0), (1070, 1), (1120, 0), (1170, 0), (1525, 1), (1549, 0), (1830, 0)]"
928 "[(107, 0), (1144, 1), (1174, 1), (1328, 1), (1494, 1), (1705, 1), (1825, 1)]"
937 "[(107, 0)]"
940 "[(107, 0), (1221, 0), (1425, 0)]"
943 "[(107, 0)]"
944 "[(107, 0), (917, 0), (1070, 1), (1525, 1)]"
949 "[(107, 0), (389, 1), (1831, 0)]"
950 "[(107, 0), (908, 1), (1136, 1), (1337, 1), (1494, 1), (1537, 1), (1555, 1), (1687, 1)]"
956 "[(107, 0), (1499, 1), (1548, 1)]"
964 "[(107, 0), (917, 0), (1278, 0), (1373, 0), (1783, 0)]"
965 "[(107, 0), (917, 0), (1070, 1)]"
974 "[(107, 0)]"
977 "[(107, 0), (1831, 0)]"
979 "[(107, 0), (1499, 1)]"
985 "[(107, 0)]"
986 "[(107, 0)]"
987 "[(107, 0), (1240, 1), (1758, 1), (1794, 0)]"
1000 "[(107, 0)]"
1005 "[(107, 0), (1783, 0)]"
1010 "[(107, 0), (389, 1), (1070, 1), (1170, 0), (1525, 1), (1549, 0), (1828, 0)]"
1011 "[(107, 0), (651, 0), (1070, 1)]"
1013 "[(107, 0), (389, 1), (428, 0), (563, 0), (1465, 2), (1549, 0), (1574, 0)]"
1016 "[(107, 0), (1499, 1)]"
1023 "[(107, 0), (649, 0), (1615, 1), (1674, 1), (1687, 1), (1806, 1), (1861, 0)]"
1031 "[(107, 0), (1165, 1), (1666, 1)]"
1035 "[(107, 0), (1070, 1), (1170, 0), (1221, 0), (1525, 1), (1531, 0), (1549, 0), (1646, 0), (1778, 0)]"
1037 "[(107, 0), (389, 1), (917, 0), (1070, 1), (1170, 0), (1525, 1), (1549, 0)]"
1038 "[(107, 0), (961, 1), (1161, 1), (1861, 0)]"
1041 "[(107, 0), (389, 1), (1070, 1), (1831, 0)]"
1042 "[(107, 0), (917, 0), (1831, 0)]"
1051 "[(107, 0), (917, 0), (1064, 0), (1070, 1), (1166, 0), (1473, 0), (1525, 1), (1584, 0), (1699, 1), (1767, 0), (1783, 0), (1807, 0)]"
1052 "[(107, 0), (606, 0), (913, 0), (914, 0), (917, 0), (968, 0), (1070, 1), (1217, 0), (1247, 1), (1343, 1), (1408, 1), (1436, 0), (1453, 0), (1525, 1), (1620, 0), (1699, 1), (1807, 0), (1818, 0), (1881, 0), (1885, 0), (1895, 1), (1897, 0)]"
1053 "[(107, 0), (1171, 1), (1808, 0)]"
1055 "[(107, 0), (1050, 1), (1266, 1), (1431, 0), (1513, 0), (1666, 1)]"
1057 "[(107, 0), (917, 0)]"
1061 "[(107, 0), (1136, 1), (1144, 1), (1174, 1), (1325, 1), (1328, 1), (1494, 1), (1687, 1)]"
1062 "[(107, 0), (968, 0), (1343, 1), (1357, 0), (1435, 0), (1436, 0), (1540, 0), (1699, 1), (1783, 0), (1794, 0)]"
1065 "[(107, 0)]"
1071 "[(107, 0)]"
1072 "[(107, 0)]"
1073 "[(107, 0), (970, 1), (1008, 1), (1307, 1), (1325, 1), (1528, 0), (1806, 1), (1861, 0)]"
1077 "[(107, 0), (908, 1), (1058, 1), (1165, 1), (1171, 1), (1337, 1), (1465, 2), (1577, 2), (1642, 1), (1858, 1), (1863, 0), (1866, 1), (1911, 1)]"
1085 "[(107, 0), (1088, 1), (1136, 1), (1165, 1), (1178, 1), (1187, 1), (1274, 1), (1307, 1), (1317, 1), (1328, 1), (1360, 1), (1420, 0), (1421, 1), (1494, 1), (1511, 1), (1537, 1), (1555, 1), (1567, 1), (1588, 1), (1687, 1), (1705, 1), (1719, 1), (1803, 1), (1806, 1), (1825, 1), (1866, 1)]"
1089 "[(107, 0), (1783, 0)]"
1090 "[(107, 0)]"
1093 "[(107, 0), (913, 0), (1646, 0), (1783, 0)]"
1094 "[(107, 0), (1064, 0), (1343, 1), (1349, 0), (1356, 0), (1531, 0), (1543, 0), (1545, 0), (1831, 0), (1910, 0)]"
1098 "[(107, 0), (1088, 1), (1140, 1), (1165, 1), (1187, 1), (1317, 1), (1328, 1), (1360, 1), (1505, 1), (1511, 1), (1534, 1), (1567, 1), (1666, 1), (1705, 1), (1719, 1), (1803, 1), (1806, 1)]"
1106 "[(107, 0), (1080, 0), (1273, 0), (1591, 0)]"
1109 "[(107, 0), (389, 1), (428, 0), (1070, 1), (1549, 0)]"
1121 "[(107, 0), (389, 1), (917, 0), (1744, 0)]"
1127 "[(107, 0)]"
1131 "[(107, 0), (1831, 0)]"
1134 "[(107, 0)]"
1137 "[(107, 0), (901, 1), (903, 1), (958, 1), (963, 1), (1097, 1), (1118, 1), (1186, 1), (1216, 1), (1232, 1), (1319, 1), (1333, 1), (1378, 1), (1468, 1), (1493, 1), (1533, 1), (1548, 1), (1568, 1), (1601, 1), (1629, 1), (1648, 1), (1733, 1), (1784, 1), (1798, 1), (1837, 1), (1895, 1)]"
1138 "[(107, 0), (1266, 1), (1499, 1)]"
1139 "[(107, 0), (1170, 0)]"
1141 "[(107, 0)]"
1147 "[(107, 0), (1332, 0), (1435, 0), (1894, 0)]"
1152 "[(107, 0), (1060, 0), (1070, 1), (1373, 0), (1473, 0), (1525, 1), (1584, 0), (1783, 0), (1807, 0)]"
1154 "[(107, 0), (939, 0), (1349, 0), (1356, 0), (1531, 0), (1543, 0)]"
1159 "[(107, 0), (917, 0), (994, 0), (1070, 1), (1170, 0), (1217, 0), (1221, 0), (1227, 0), (1241, 0), (1435, 0), (1473, 0), (1525, 1), (1584, 0), (1591, 0), (1699, 1), (1783, 0), (1807, 0), (1828, 0)]"
1162 "[(107, 0), (1761, 0), (1831, 0), (1901, 0)]"
1167 "[(107, 0), (917, 0), (1241, 0), (1783, 0)]"
1168 "[(107, 0)]"
1169 "[(107, 0), (651, 0), (1831, 0)]"
1177 "[(107, 0), (991, 1), (1424, 1), (1436, 0), (1499, 1), (1641, 1)]"
1183 "[(107, 0), (606, 0), (913, 0), (917, 0), (968, 0), (1070, 1), (1217, 0), (1343, 1), (1436, 0), (1525, 1), (1540, 0), (1699, 1), (1783, 0), (1794, 0), (1807, 0)]"
1188 "[(107, 0), (1070, 1)]"
1189 "[(107, 0), (389, 1), (637, 0), (1025, 0), (1783, 0), (1831, 0)]"
1193 "[(107, 0), (171, 1), (923, 1), (1088, 1), (1387, 1), (1505, 1), (1838, 1)]"
1200 "[(107, 0), (1574, 0)]"
1202 "[(107, 0), (1064, 0), (1858, 1)]"
1213 "[(107, 0), (1070, 1), (1170, 0), (1783, 0)]"
1218 "[(107, 0), (1499, 1)]"
1223 "[(107, 0), (484, 0), (538, 0), (651, 0), (936, 0), (1012, 0), (1114, 0), (1179, 0), (1320, 0), (1436, 0), (1512, 0), (1559, 0), (1692, 0), (1699, 1), (1724, 0), (1778, 0), (1794, 0)]"
1225 "[(107, 0), (917, 0), (1070, 1)]"
1226 "[(107, 0), (428, 0), (526, 0), (538, 0), (905, 0), (1210, 0), (1320, 0), (1679, 0), (1778, 0)]"
1228 "[(107, 0), (1070, 1), (1170, 0), (1549, 0)]"
1236 "[(107, 0), (1070, 1)]"
1244 "[(107, 0), (1591, 0)]"
1246 "[(107, 0), (917, 0), (1322, 0), (1425, 0), (1611, 0), (1635, 0), (1646, 0), (1699, 1), (1783, 0), (1807, 0), (1862, 0), (1872, 0), (1875, 0), (1903, 0)]"
1248 "[(107, 0), (1114, 0), (1401, 0)]"
1249 "[(107, 0), (1831, 0)]"
1251 "[(107, 0), (1136, 1), (1144, 1), (1174, 1), (1307, 1), (1421, 1), (1555, 1), (1687, 1), (1705, 1), (1825, 1)]"
1253 "[(107, 0)]"
1258 "[(107, 0), (994, 0), (1070, 1), (1166, 0), (1217, 0), (1334, 0), (1343, 1), (1435, 0), (1473, 0), (1492, 1), (1525, 1), (1584, 0), (1658, 0), (1807, 0), (1818, 0)]"
1259 "[(107, 0), (389, 1), (1070, 1), (1783, 0)]"
1260 "[(107, 0), (917, 0), (1070, 1), (1525, 1)]"
1264 "[(107, 0)]"
1268 "[(107, 0), (517, 0), (1210, 0), (1343, 1), (1531, 0), (1910, 0)]"
1275 "[(107, 0), (389, 1), (917, 0), (1070, 1), (1170, 0), (1221, 0), (1473, 0), (1525, 1), (1783, 0), (1828, 0)]"
1295 "[(107, 0), (939, 0)]"
1296 "[(107, 0), (389, 1), (917, 0), (1070, 1), (1170, 0), (1221, 0), (1525, 1), (1694, 1), (1831, 0)]"
1299 "[(107, 0), (917, 0), (1525, 1)]"
1301 "[(107, 0), (961, 1), (1088, 1), (1283, 1), (1369, 0)]"
1304 "[(107, 0), (1473, 0)]"
1306 "[(107, 0), (1066, 0), (1070, 1), (1166, 0), (1525, 1)]"
1308 "[(107, 0)]"
1310 "[(107, 0), (1070, 1)]"
1311 "[(107, 0), (420, 0), (596, 0), (1549, 0), (1783, 0)]"
1326 "[(107, 0)]"
1338 "[(107, 0), (563, 0), (917, 0), (1070, 1), (1166, 0), (1217, 0), (1221, 0), (1241, 0), (1357, 0), (1373, 0), (1435, 0), (1473, 0), (1525, 1), (1549, 0), (1699, 1), (1783, 0), (1807, 0), (1828, 0)]"
1348 "[(107, 0), (389, 1), (1070, 1)]"
1354 "[(107, 0), (1660, 0)]"
1355 "[(107, 0), (1070, 1), (1473, 0), (1525, 1), (1699, 1)]"
1362 "[(107, 0)]"
1364 "[(107, 0), (968, 0), (1217, 0), (1343, 1), (1435, 0), (1540, 0), (1747, 1), (1794, 0), (1807, 0), (1818, 0), (1897, 0)]"
1366 "[(107, 0), (913, 0), (917, 0), (994, 0), (1070, 1), (1166, 0), (1217, 0), (1373, 0), (1427, 0), (1435, 0), (1473, 0), (1492, 1), (1525, 1), (1584, 0), (1591, 0), (1699, 1), (1767, 0), (1783, 0), (1807, 0)]"
1371 "[(107, 0), (606, 0), (901, 1), (903, 1), (917, 0), (958, 1), (963, 1), (992, 1), (1097, 1), (1118, 1), (1216, 1), (1232, 1), (1319, 1), (1333, 1), (1363, 1), (1378, 1), (1467, 0), (1468, 1), (1533, 1), (1548, 1), (1568, 1), (1601, 1), (1629, 1), (1692, 0), (1733, 1), (1758, 1), (1784, 1), (1787, 1), (1798, 1), (1837, 1), (1880, 1), (1895, 1)]"
1385 "[(107, 0), (389, 1), (1531, 0), (1545, 0), (1574, 0), (1688, 0), (1778, 0), (1831, 0), (1910, 0)]"
1403 "[(107, 0), (1499, 1)]"
1405 "[(107, 0), (927, 0), (946, 0), (967, 0), (1175, 0), (1182, 0), (1255, 0), (1272, 0), (1312, 0), (1329, 0), (1369, 0), (1376, 0), (1467, 0), (1485, 0), (1509, 0), (1513, 0), (1590, 0), (1612, 0), (1614, 0), (1622, 0), (1637, 0), (1639, 0), (1684, 1), (1765, 0), (1835, 0), (1846, 0), (1851, 0), (1860, 1), (1883, 1), (2724, 1), (2775, 1), (2869, 1), (2892, 1), (2962, 1), (3001, 1), (3019, 1), (3100, 1), (3233, 1), (3295, 1), (3304, 1), (3331, 1), (3366, 1), (3404, 1), (3406, 1), (3412, 1)]"
1410 "[(107, 0), (1136, 1), (1144, 1), (1174, 1), (1187, 1), (1328, 1), (1360, 1), (1421, 1), (1433, 1), (1494, 1), (1555, 1), (1687, 1), (1705, 1), (1803, 1), (1825, 1), (1866, 1)]"
1412 "[(107, 0), (596, 0), (917, 0), (941, 0), (1070, 1), (1170, 0), (1273, 0), (1429, 1), (1502, 0), (1549, 0), (1830, 0)]"
1415 "[(107, 0), (389, 1), (1783, 0)]"
1418 "[(107, 0), (917, 0), (1086, 0), (1128, 0), (1143, 0), (1221, 0), (1525, 1), (1830, 0)]"
1428 "[(107, 0), (389, 1), (651, 0), (1831, 0)]"
1434 "[(107, 0), (1266, 1), (1431, 0), (1460, 0), (1590, 0), (1666, 1), (1846, 0), (1860, 1)]"
1441 "[(107, 0), (967, 0), (1050, 1), (1197, 1), (1266, 1), (1337, 1), (1431, 0), (1666, 1)]"
1444 "[(107, 0), (526, 0), (606, 0), (913, 0), (917, 0), (968, 0), (1217, 0), (1343, 1), (1409, 0), (1435, 0), (1436, 0), (1540, 0), (1620, 0), (1699, 1), (1783, 0), (1807, 0)]"
1445 "[(107, 0), (951, 1), (1274, 1), (1505, 1), (1687, 1), (1806, 1)]"
1452 "[(107, 0), (901, 1), (903, 1), (938, 1), (958, 1), (963, 1), (992, 1), (1097, 1), (1118, 1), (1216, 1), (1232, 1), (1319, 1), (1333, 1), (1378, 1), (1468, 1), (1493, 1), (1533, 1), (1548, 1), (1568, 1), (1601, 1), (1629, 1), (1648, 1), (1733, 1), (1747, 1), (1784, 1), (1787, 1), (1798, 1), (1837, 1), (1880, 1), (1895, 1)]"
1469 "[(107, 0), (389, 1), (917, 0), (1070, 1), (1373, 0), (1783, 0), (1866, 1)]"
1472 "[(107, 0), (389, 1), (917, 0), (1070, 1), (1091, 0), (1166, 0), (1221, 0), (1436, 0), (1448, 0), (1525, 1), (1575, 0), (1699, 1), (1783, 0), (1807, 0)]"
1474 "[(107, 0)]"
1481 "[(107, 0), (917, 0), (1241, 0), (1373, 0), (1503, 1), (1591, 0), (1783, 0), (1828, 0)]"
1482 "[(107, 0), (1070, 1), (1217, 0), (1525, 1)]"
1496 "[(107, 0), (389, 1), (1070, 1), (1525, 1), (1545, 0), (1574, 0)]"
1500 "[(107, 0), (1070, 1), (1170, 0), (1227, 0), (1525, 1)]"
1504 "[(107, 0), (917, 0), (1066, 0), (1070, 1), (1166, 0), (1221, 0), (1525, 1), (1699, 1), (1783, 0)]"
1507 "[(107, 0), (389, 1), (917, 0), (1070, 1), (1783, 0)]"
1510 "[(107, 0), (1778, 0)]"
1518 "[(107, 0), (908, 1), (1161, 1), (1327, 1), (1337, 1), (1537, 1), (1567, 1), (1620, 0), (1683, 0), (1774, 1), (1866, 1)]"
1521 "[(107, 0), (1321, 1), (1626, 1), (1909, 1), (1911, 1)]"
1529 "[(107, 0), (353, 0), (363, 0), (1054, 0), (1070, 1), (1221, 0), (1525, 1), (1574, 0), (1699, 1), (1761, 0), (1778, 0), (1783, 0), (1807, 0), (1828, 0)]"
1536 "[(107, 0), (363, 0), (376, 0), (428, 0), (475, 0), (483, 0), (484, 0), (566, 0), (606, 0), (637, 0), (651, 0), (905, 0), (912, 0), (917, 0), (968, 0), (1001, 0), (1025, 0), (1070, 1), (1166, 0), (1217, 0), (1241, 0), (1357, 0), (1397, 0), (1473, 0), (1487, 0), (1525, 1), (1574, 0), (1629, 1), (1692, 0), (1699, 1), (1787, 1), (1807, 0), (1881, 0), (1897, 0)]"
1541 "[(107, 0), (917, 0), (1525, 1), (1699, 1)]"
1544 "[(107, 0), (1050, 1), (1059, 0), (1197, 1), (1312, 0), (1431, 0)]"
1546 "[(107, 0), (1499, 1)]"
1553 "[(107, 0), (897, 0), (953, 0), (995, 0), (1029, 0), (1048, 0), (1074, 0), (1173, 0), (1187, 1), (1214, 0), (1219, 0), (1274, 1), (1307, 1), (1360, 1), (1409, 0), (1470, 0), (1511, 1), (1519, 0), (1522, 0), (1555, 1), (1570, 0), (1615, 1), (1620, 0), (1688, 0), (1698, 1), (1768, 0), (1791, 0), (1806, 1), (1825, 1), (1861, 0)]"
1562 "[(107, 0), (947, 0), (1126, 0), (1499, 1), (1886, 0)]"
1564 "[(107, 0), (1050, 1), (1266, 1), (1317, 1), (1431, 0), (1666, 1), (1675, 0), (1860, 1)]"
1569 "[(107, 0), (917, 0), (994, 0), (1217, 0), (1221, 0), (1322, 0), (1334, 0), (1343, 1), (1435, 0), (1473, 0), (1492, 1), (1525, 1), (1540, 0), (1591, 0), (1611, 0), (1635, 0), (1646, 0), (1658, 0), (1699, 1), (1783, 0), (1807, 0), (1818, 0), (1862, 0), (1872, 0), (1903, 0)]"
1579 "[(107, 0), (1360, 1), (1555, 1)]"
1585 "[(107, 0), (1050, 1), (1123, 0), (1266, 1), (1272, 0), (1337, 1), (1431, 0), (1477, 1), (1590, 0), (1666, 1), (1860, 1)]"
1593 "[(107, 0), (908, 1), (1045, 1), (1136, 1), (1144, 1), (1187, 1), (1232, 1), (1274, 1), (1307, 1), (1328, 1), (1337, 1), (1360, 1), (1494, 1), (1505, 1), (1555, 1), (1567, 1), (1588, 1), (1687, 1), (1705, 1), (1708, 1), (1758, 1), (1784, 1), (1787, 1), (1803, 1), (1806, 1), (1825, 1), (1866, 1)]"
1599 "[(107, 0), (1374, 0), (1497, 0), (1566, 0), (1744, 0), (1761, 0), (1901, 0)]"
1607 "[(107, 0)]"
1624 "[(107, 0), (1070, 1), (1549, 0), (1783, 0)]"
1630 "[(107, 0), (389, 1), (526, 0), (566, 0), (913, 0), (917, 0), (968, 0), (994, 0), (1070, 1), (1217, 0), (1282, 0), (1334, 0), (1343, 1), (1435, 0), (1473, 0), (1525, 1), (1540, 0), (1658, 0), (1807, 0)]"
1633 "[(107, 0), (1070, 1), (1425, 0), (1699, 1)]"
1634 "[(107, 0), (1070, 1), (1525, 1), (1699, 1), (1807, 0)]"
1640 "[(107, 0)]"
1650 "[(107, 0), (596, 0), (1022, 0), (1128, 0), (1143, 0), (1221, 0), (1828, 0), (1830, 0)]"
1664 "[(107, 0)]"
1667 "[(107, 0), (1699, 1), (1783, 0)]"
1672 "[(107, 0), (1070, 1), (1783, 0), (1828, 0)]"
1676 "[(107, 0), (1136, 1), (1144, 1), (1174, 1), (1328, 1), (1494, 1), (1511, 1), (1555, 1), (1588, 1), (1687, 1), (1705, 1), (1825, 1)]"
1681 "[(107, 0), (389, 1), (917, 0), (1525, 1), (1699, 1)]"
1686 "[(107, 0), (917, 0), (1070, 1), (1241, 0), (1373, 0), (1436, 0), (1525, 1), (1699, 1), (1704, 1), (1720, 0), (1794, 0)]"
1690 "[(107, 0)]"
1696 "[(107, 0), (968, 0), (1025, 0), (1526, 0), (1545, 0), (1761, 0), (1844, 0)]"
1697 "[(107, 0), (1033, 1), (1337, 1), (1663, 0), (1718, 2), (1806, 1), (1909, 1)]"
1702 "[(107, 0), (922, 0), (951, 1), (973, 1), (1006, 0), (1124, 0), (1150, 1), (1161, 1), (1199, 0), (1211, 0), (1214, 0), (1222, 0), (1321, 1), (1327, 1), (1337, 1), (1341, 0), (1351, 0), (1361, 0), (1393, 0), (1399, 0), (1419, 1), (1437, 0), (1440, 1), (1447, 0), (1465, 2), (1561, 1), (1626, 1), (1656, 1), (1718, 2), (1722, 0), (1780, 1), (1805, 0), (1806, 1), (1813, 0), (1817, 1), (1845, 0), (1858, 1), (1863, 0), (1909, 1), (1911, 1)]"
1703 "[(107, 0), (913, 0), (917, 0), (1070, 1), (1166, 0), (1221, 0), (1373, 0), (1473, 0), (1525, 1), (1549, 0), (1584, 0), (1699, 1), (1807, 0)]"
1709 "[(107, 0), (651, 0), (913, 0), (917, 0), (1070, 1), (1221, 0), (1473, 0), (1525, 1), (1807, 0), (1831, 0)]"
1713 "[(107, 0)]"
1725 "[(107, 0), (917, 0), (1014, 0), (1103, 0), (1166, 0), (1247, 1), (1273, 0), (1502, 0), (1729, 0), (1783, 0), (1794, 0), (1850, 0)]"
1727 "[(107, 0), (606, 0), (913, 0), (917, 0), (1086, 0), (1128, 0), (1204, 0), (1221, 0), (1347, 0), (1373, 0), (1436, 0), (1575, 0), (1591, 0), (1808, 0), (1881, 0)]"
1731 "[(107, 0), (1497, 0), (1566, 0), (1761, 0)]"
1738 "[(107, 0), (606, 0), (913, 0), (917, 0), (968, 0), (1070, 1), (1217, 0), (1343, 1), (1473, 0), (1531, 0), (1807, 0)]"
1739 "[(107, 0), (917, 0), (1783, 0)]"
1745 "[(107, 0), (389, 1), (563, 0), (1070, 1), (1170, 0), (1221, 0), (1525, 1), (1688, 0), (1830, 0)]"
1748 "[(107, 0)]"
1749 "[(107, 0), (1373, 0)]"
1756 "[(107, 0), (1831, 0)]"
1759 "[(107, 0)]"
1770 "[(107, 0), (389, 1), (917, 0), (1012, 0), (1070, 1), (1525, 1), (1699, 1), (1778, 0)]"
1777 "[(107, 0), (376, 0), (428, 0), (563, 0)]"
1779 "[(107, 0), (1003, 0), (1050, 1), (1161, 1), (1266, 1), (1369, 0), (1431, 0), (1513, 0), (1637, 0), (1639, 0), (1765, 0), (1851, 0), (1883, 1)]"
1781 "[(107, 0), (935, 0), (954, 0), (1070, 1), (1120, 0), (1170, 0), (1525, 1), (1531, 0), (1591, 0), (1646, 0), (1783, 0), (1807, 0), (1830, 0)]"
1785 "[(107, 0), (917, 0), (1080, 0), (1221, 0), (1525, 1), (1783, 0), (1828, 0)]"
1802 "[(107, 0), (963, 1), (1097, 1), (1314, 1), (1468, 1), (1533, 1), (1548, 1), (1629, 1), (1798, 1), (1837, 1), (1895, 1)]"
1814 "[(107, 0), (968, 0), (1497, 0), (1566, 0), (1761, 0)]"
1815 "[(107, 0), (1070, 1)]"
1822 "[(107, 0), (1050, 1), (1266, 1), (1666, 1)]"
1840 "[(107, 0)]"
1847 "[(107, 0), (970, 1), (1203, 1), (1360, 1), (1555, 1), (1567, 1), (1588, 1), (1678, 1), (1698, 1), (1719, 1), (1803, 1), (1866, 1)]"
1855 "[(107, 0), (353, 0)]"
1865 "[(107, 0), (1150, 1), (1321, 1), (1337, 1), (1440, 1), (1626, 1), (1911, 1)]"
1869 "[(107, 0), (1070, 1)]"
1876 "[(107, 0), (606, 0), (917, 0), (1070, 1), (1166, 0), (1241, 0), (1373, 0), (1525, 1), (1531, 0), (1699, 1), (1787, 1)]"
1889 "[(107, 0), (909, 1), (1043, 1), (1424, 1), (1499, 1)]"
1892 "[(107, 0), (901, 1), (903, 1), (1097, 1), (1118, 1), (1378, 1), (1468, 1), (1548, 1), (1733, 1), (1787, 1), (1880, 1)]"
1896 "[(107, 0), (1043, 1), (1424, 1)]"
1904 "[(107, 0), (1070, 1), (1221, 0)]"
1905 "[(107, 0), (1050, 1), (1266, 1), (1431, 0)]"
1906 "[(107, 0), (917, 0), (1783, 0)]"
1908 "[(107, 0), (1033, 1), (1171, 1), (1274, 1), (1642, 1), (1670, 1), (1806, 1), (1858, 1)]"
3437 "[(567, 0)]"
3454 "[(567, 0)]"
3487 "[(567, 0)]"
3723 "[(567, 0)]"
3861 "[(567, 0)]"
3961 "[(567, 0)]"
860 "[(1684, 1)]"
3168 "[(1505, 1), (1684, 1), (2662, 1), (2682, 1), (2724, 1), (2728, 1), (2730, 1), (2738, 1), (2739, 1), (2775, 1), (2829, 1), (2830, 1), (2892, 1), (2947, 1), (2951, 1), (2995, 1), (3001, 1), (3002, 1), (3018, 1), (3019, 1), (3051, 1), (3062, 1), (3068, 1), (3069, 1), (3086, 1), (3100, 1), (3118, 1), (3154, 1), (3159, 1), (3176, 1), (3179, 1), (3191, 1), (3207, 1), (3233, 1), (3273, 1), (3295, 1), (3331, 1), (3346, 1), (3366, 1), (3379, 1), (3405, 1), (3412, 1), (3415, 1)]"
2692 "[(1684, 1), (2682, 1), (2951, 1), (3233, 1)]"
2697 "[(1684, 1), (2696, 1), (2820, 1), (2870, 1), (2934, 1), (2962, 1), (2992, 1), (3001, 1), (3186, 1), (3246, 1), (3288, 1), (3292, 1), (3295, 1), (3373, 1)]"
2752 "[(1684, 1), (2734, 1), (2781, 1), (2812, 1), (2818, 1), (2962, 1)]"
2801 "[(1684, 1), (2730, 1), (2758, 1), (2865, 1), (3032, 1), (3221, 1), (3255, 1), (3256, 1)]"
2824 "[(1684, 1), (2671, 1), (2721, 1), (2962, 1), (3091, 1)]"
2834 "[(1684, 1), (2670, 1), (2703, 1), (2972, 1), (3176, 1), (3283, 1), (3325, 1), (3423, 1)]"
2860 "[(1684, 1), (3019, 1)]"
2900 "[(1684, 1), (2682, 1), (3019, 1), (3154, 1), (3207, 1), (3233, 1), (3356, 1), (3366, 1), (3412, 1)]"
2926 "[(1684, 1), (3256, 1), (3402, 1), (3425, 1)]"
3077 "[(1684, 1), (2671, 1), (2711, 1), (2713, 1), (2716, 1), (2721, 1), (2724, 1), (2728, 1), (2730, 1), (2734, 1), (2768, 1), (2779, 1), (2829, 1), (2868, 1), (2870, 1), (2892, 1), (2934, 1), (2951, 1), (2962, 1), (2968, 1), (3002, 1), (3019, 1), (3086, 1), (3091, 1), (3103, 1), (3118, 1), (3154, 1), (3176, 1), (3203, 1), (3207, 1), (3223, 1), (3233, 1), (3241, 1), (3253, 1), (3263, 1), (3273, 1), (3285, 1), (3295, 1), (3342, 1), (3356, 1), (3361, 1), (3366, 1), (3371, 1), (3373, 1), (3410, 1), (3412, 1), (3415, 1), (3420, 1)]"
3125 "[(1684, 1)]"
3162 "[(1684, 1), (2662, 1), (2711, 1), (2724, 1), (2728, 1), (2730, 1), (2739, 1), (2758, 1), (2775, 1), (2779, 1), (2811, 1), (2829, 1), (2847, 1), (2892, 1), (2947, 1), (2951, 1), (2965, 1), (3001, 1), (3002, 1), (3018, 1), (3019, 1), (3051, 1), (3062, 1), (3068, 1), (3069, 1), (3086, 1), (3100, 1), (3113, 1), (3118, 1), (3144, 1), (3154, 1), (3176, 1), (3191, 1), (3203, 1), (3207, 1), (3233, 1), (3255, 1), (3273, 1), (3285, 1), (3295, 1), (3302, 1), (3306, 1), (3331, 1), (3346, 1), (3356, 1), (3359, 1), (3366, 1), (3379, 1), (3412, 1), (3415, 1)]"
3167 "[(1684, 1), (2718, 1), (2730, 1), (2758, 1), (2865, 1), (2901, 1), (2918, 1), (3032, 1), (3210, 1), (3236, 1), (3255, 1), (3256, 1), (3369, 1), (3385, 1)]"
3177 "[(1684, 1), (2662, 1), (2668, 1), (2711, 1), (2724, 1), (2730, 1), (2751, 1), (2779, 1), (2813, 1), (2825, 1), (2829, 1), (2870, 1), (2947, 1), (3002, 1), (3019, 1), (3038, 1), (3062, 1), (3086, 1), (3093, 1), (3097, 1), (3140, 1), (3154, 1), (3186, 1), (3203, 1), (3204, 1), (3207, 1), (3233, 1), (3241, 1), (3273, 1), (3285, 1), (3291, 1), (3295, 1), (3366, 1), (3380, 1), (3412, 1), (3415, 1), (3420, 1)]"
3244 "[(1684, 1), (2696, 1), (2730, 1), (2735, 1), (2820, 1), (2870, 1), (2934, 1), (2962, 1), (3001, 1), (3223, 1), (3233, 1), (3246, 1)]"
3275 "[(1684, 1), (2690, 1), (2696, 1), (2702, 1), (2762, 1), (2784, 1), (2820, 1), (2832, 1), (2858, 1), (2870, 1), (2889, 1), (2901, 1), (2934, 1), (2996, 1), (3020, 1), (3097, 1), (3107, 1), (3140, 1), (3190, 1), (3203, 1), (3221, 1), (3246, 1), (3291, 1), (3292, 1), (3327, 1), (3359, 1), (3385, 1)]"
3318 "[(1684, 1), (2670, 1), (2699, 1), (2703, 1), (2767, 1), (2879, 1), (2889, 1), (2959, 1), (2972, 1), (2982, 1), (3008, 1), (3283, 1), (3309, 1), (3311, 1), (3314, 1), (3325, 1), (3382, 1), (3423, 1)]"
3334 "[(1684, 1), (2682, 1), (2724, 1), (2829, 1), (3069, 1), (3154, 1), (3295, 1), (3366, 1)]"
3338 "[(1684, 1), (3087, 1), (3256, 1), (3402, 1), (3425, 1)]"
3365 "[(1684, 1), (2690, 1), (2715, 1), (2730, 1), (2744, 1), (2747, 1), (2758, 1), (2784, 1), (2812, 1), (2813, 1), (2825, 1), (2831, 1), (2843, 1), (2844, 1), (2859, 1), (2863, 1), (2865, 1), (2871, 1), (2881, 1), (3032, 1), (3034, 1), (3081, 1), (3087, 1), (3124, 1), (3136, 1), (3156, 1), (3187, 1), (3196, 1), (3214, 1), (3219, 1), (3256, 1), (3259, 1), (3264, 1), (3267, 1), (3312, 1), (3321, 1), (3340, 1), (3369, 1), (3385, 1), (3393, 1), (3395, 1), (3397, 1)]"
3376 "[(1684, 1), (3256, 1), (3402, 1), (3425, 1)]"
3401 "[(1684, 1), (3256, 1), (3402, 1), (3425, 1)]"
3427 "[(1684, 1), (3087, 1), (3256, 1), (3402, 1), (3425, 1)]"
3429 "[(1684, 1), (2863, 1), (3256, 1)]"
