*Vertices 201
*Arcs
2 66 0.359483987092972
2 91 0.223913997411728
2 109 0.270186990499496
2 118 0.298303008079529
3 41 0.223369002342224
3 81 0.306374996900558
3 94 0.227472007274628
3 144 0.345878005027771
4 9 0.37151101231575
4 89 0.365750014781952
4 110 0.259056985378265
4 116 0.384865999221802
4 122 0.355881989002228
4 197 0.378345996141434
5 41 0.219938993453979
5 99 0.205511003732681
5 125 0.380071014165878
5 192 0.364445000886917
6 26 0.246830001473427
6 45 0.282889991998672
6 138 0.369129002094269
6 167 0.231479004025459
7 9 0.249799996614456
7 27 0.395853012800217
7 69 0.244371995329857
7 109 0.251529008150101
7 125 0.2204450070858
7 175 0.333205997943878
8 21 0.366665005683899
8 24 0.374309986829758
8 160 0.350299000740051
8 177 0.252074003219604
9 10 0.281161993741989
9 75 0.382396012544632
9 78 0.272958010435104
9 196 0.368263989686966
10 42 0.294030994176865
10 56 0.214053004980087
10 67 0.294245004653931
10 142 0.355796009302139
10 188 0.345005005598068
11 37 0.246893003582954
11 125 0.234916001558304
11 141 0.325008988380432
11 180 0.27131399512291
12 33 0.394428998231888
12 71 0.265799999237061
12 128 0.341248005628586
12 133 0.238243997097015
12 141 0.311179995536804
13 56 0.232972994446754
13 79 0.357753992080688
13 108 0.234965994954109
13 189 0.347840994596481
14 22 0.249754995107651
14 25 0.27368700504303
14 30 0.208449006080627
14 51 0.260967999696732
14 80 0.331317007541656
14 155 0.226768001914024
15 55 0.251273989677429
15 114 0.288020014762878
15 132 0.282090991735458
15 158 0.302020013332367
15 176 0.282083004713058
15 189 0.213103994727135
16 72 0.268242001533508
16 135 0.299124002456665
16 157 0.269717007875443
16 164 0.395525991916656
17 70 0.343470007181168
17 171 0.27139800786972
17 191 0.289528012275696
17 198 0.293503999710083
18 87 0.306614995002747
18 157 0.377402991056442
18 178 0.277561008930206
18 193 0.367888987064362
19 38 0.343544006347656
19 49 0.307978004217148
19 66 0.226958006620407
19 104 0.35097798705101
19 118 0.355075001716614
19 127 0.355767995119095
20 43 0.383302003145218
20 73 0.23055499792099
20 120 0.218715995550156
20 135 0.225080996751785
21 83 0.266416013240814
21 102 0.205889999866486
21 125 0.348111987113953
22 143 0.351166009902954
22 195 0.285652995109558
22 197 0.242537006735802
23 67 0.217273995280266
23 144 0.387502014636993
23 149 0.388646990060806
23 184 0.256648004055023
24 56 0.371428996324539
24 81 0.379447996616364
24 102 0.240465998649597
24 160 0.368185013532639
24 190 0.386759996414185
25 32 0.211988002061844
25 62 0.313879996538162
25 172 0.204447001218796
26 53 0.216477006673813
26 70 0.372079014778137
26 184 0.394648998975754
26 186 0.302451014518738
27 52 0.374816000461578
27 76 0.290731012821198
27 91 0.24099700152874
27 171 0.310847014188766
28 46 0.233238995075226
28 85 0.295419991016388
28 134 0.376628994941711
28 172 0.202509999275208
29 68 0.330794990062714
29 86 0.265148997306824
29 108 0.273451000452042
29 158 0.392113000154495
29 166 0.355435997247696
30 48 0.324952006340027
30 126 0.377687007188797
30 129 0.26409700512886
30 187 0.397742986679077
31 36 0.270112007856369
31 48 0.392910003662109
31 62 0.375506013631821
31 96 0.380012989044189
31 159 0.251870006322861
32 38 0.257048010826111
32 122 0.39240300655365
32 140 0.33474200963974
32 174 0.22562600672245
32 185 0.354261010885239
33 38 0.377519994974136
33 60 0.266146004199982
33 131 0.327890992164612
33 197 0.351942986249924
34 37 0.332731008529663
34 39 0.300341010093689
34 120 0.304286986589432
34 200 0.33899199962616
35 37 0.285580009222031
35 127 0.232181996107101
35 138 0.327217996120453
35 156 0.217095002532005
36 65 0.288372993469238
36 88 0.34510600566864
36 154 0.312759011983871
36 183 0.378410995006561
36 187 0.220544993877411
37 103 0.31878799200058
37 146 0.258641988039017
37 168 0.302906006574631
38 97 0.227999001741409
38 103 0.30307200551033
39 128 0.270451992750168
39 175 0.371120989322662
39 196 0.285293996334076
40 75 0.291929990053177
40 156 0.270527988672256
40 175 0.246206000447273
40 201 0.288464993238449
41 99 0.396324008703232
41 111 0.380596995353699
41 196 0.219878003001213
42 132 0.320805996656418
42 147 0.377225011587143
42 171 0.360426008701324
42 180 0.281475991010666
43 87 0.250212013721466
43 93 0.337541997432709
43 123 0.362008988857269
43 200 0.241155996918678
44 54 0.28591001033783
44 59 0.361436009407043
44 160 0.377115994691849
44 199 0.328067004680634
45 108 0.278798997402191
45 109 0.272601991891861
45 114 0.262993007898331
45 139 0.243238002061844
45 167 0.395350992679596
46 143 0.253681987524033
46 195 0.266822010278702
46 199 0.261004000902176
47 69 0.279498010873795
47 136 0.35801300406456
47 140 0.205176994204521
47 174 0.215463995933533
48 90 0.255281001329422
48 102 0.201752007007599
48 137 0.390107005834579
48 148 0.321599990129471
49 113 0.247967004776001
49 119 0.354081988334656
49 120 0.326400011777878
49 161 0.240285992622375
50 51 0.392291992902756
50 96 0.221337005496025
50 101 0.34706699848175
50 125 0.375490009784698
50 138 0.260152995586395
50 168 0.326968014240265
51 52 0.351089000701904
51 84 0.215303003787994
51 89 0.338189005851746
51 94 0.275862991809845
52 83 0.288347005844116
52 104 0.366100013256073
53 108 0.354312002658844
53 124 0.390507996082306
53 168 0.211273998022079
53 180 0.2257139980793
53 184 0.352423012256622
54 90 0.219321995973587
54 100 0.215112000703812
54 115 0.28584098815918
55 90 0.357156008481979
55 136 0.299263000488281
55 177 0.322836011648178
55 186 0.356528013944626
56 100 0.213372007012367
56 154 0.304744988679886
56 199 0.220622003078461
57 150 0.334717005491257
57 152 0.248781993985176
57 165 0.324191987514496
57 187 0.349299013614655
58 73 0.226464003324509
58 102 0.31726399064064
58 147 0.37771800160408
58 148 0.306093990802765
58 159 0.214359998703003
59 107 0.256895989179611
59 112 0.223041996359825
59 116 0.366717010736465
59 170 0.397774994373322
59 190 0.238224998116493
60 63 0.281533986330032
60 98 0.326471000909805
60 113 0.216177001595497
61 85 0.339967995882034
61 92 0.247075006365776
61 115 0.382912009954453
61 117 0.291094988584518
61 182 0.25594499707222
62 73 0.335523992776871
62 165 0.288107991218567
63 77 0.34723898768425
63 114 0.22825300693512
63 122 0.207396999001503
64 81 0.259007006883621
64 97 0.378937989473343
64 107 0.381944000720978
64 154 0.337244987487793
65 81 0.371657997369766
65 94 0.319252014160156
65 101 0.261409997940063
65 152 0.203513994812965
66 121 0.250851005315781
66 137 0.39988699555397
66 174 0.336023986339569
66 182 0.352153986692429
67 129 0.209511995315552
67 199 0.238212004303932
68 98 0.327232986688614
68 110 0.213712006807327
68 119 0.377837985754013
68 182 0.369987010955811
68 194 0.362910985946655
69 153 0.267035990953445
69 186 0.208500996232033
70 139 0.207927003502846
70 147 0.367457002401352
70 198 0.275438994169235
71 83 0.245290994644165
71 174 0.265321999788284
71 188 0.373396992683411
72 99 0.371776014566422
72 118 0.294353008270264
72 135 0.218808993697166
72 192 0.275343000888824
73 126 0.217601001262665
73 150 0.245068997144699
74 90 0.328316003084183
74 117 0.319236993789673
74 143 0.368494004011154
74 190 0.387226998806
75 107 0.391243994235992
75 154 0.288740992546082
75 191 0.383260011672974
75 199 0.237955003976822
76 130 0.315524995326996
76 141 0.36956998705864
76 161 0.26520499587059
77 87 0.207793995738029
77 92 0.362040013074875
77 109 0.395069986581802
77 163 0.206036999821663
78 107 0.253145009279251
78 123 0.292468994855881
78 152 0.349229007959366
78 179 0.389768004417419
79 115 0.318563997745514
79 144 0.395301997661591
79 162 0.348111987113953
80 86 0.39749801158905
80 134 0.357773989439011
80 183 0.289178013801575
81 155 0.378728985786438
81 167 0.392015993595123
82 85 0.276782989501953
82 136 0.227587997913361
82 149 0.313843011856079
82 191 0.246506005525589
83 117 0.21314899623394
83 122 0.389901012182236
84 91 0.305519998073578
84 115 0.261314988136292
84 175 0.367302000522614
84 190 0.262163013219833
84 197 0.368701010942459
85 95 0.383715003728867
85 102 0.332625985145569
86 151 0.294533997774124
86 153 0.314904987812042
87 121 0.243281006813049
88 117 0.222813993692398
88 150 0.288284987211227
88 155 0.213357001543045
89 93 0.388550013303757
89 96 0.228984996676445
89 178 0.349451988935471
90 126 0.203364998102188
91 131 0.209615007042885
91 133 0.362062990665436
91 179 0.278317987918854
92 134 0.307796001434326
92 159 0.265884011983871
93 111 0.229229003190994
93 123 0.384397000074387
93 192 0.206378996372223
93 198 0.252521008253098
94 136 0.309046000242233
94 179 0.220258995890617
95 134 0.36830198764801
95 148 0.245296999812126
95 150 0.235980004072189
95 189 0.353316009044647
96 112 0.306731998920441
96 141 0.387724995613098
97 101 0.365397989749908
97 176 0.338517010211945
98 118 0.264928013086319
98 124 0.335456013679504
99 128 0.334042012691498
100 106 0.391510009765625
100 116 0.377016991376877
100 160 0.388038992881775
100 188 0.334693014621735
101 175 0.354930013418198
102 115 0.292773008346558
103 152 0.348370999097824
103 159 0.368371993303299
103 178 0.274098992347717
103 190 0.377617001533508
104 114 0.230886995792389
104 119 0.234329998493195
104 139 0.336526989936829
104 156 0.333193004131317
105 111 0.250824987888336
105 120 0.319173008203506
105 185 0.312267988920212
105 196 0.304836004972458
106 146 0.238379001617432
106 153 0.289828985929489
106 178 0.316177010536194
106 185 0.273442000150681
107 150 0.325462996959686
108 189 0.386745989322662
109 163 0.337143003940582
110 163 0.29890900850296
110 169 0.355785995721817
111 128 0.259552985429764
111 201 0.20702700316906
112 130 0.304982990026474
112 183 0.230562001466751
113 127 0.388835996389389
113 130 0.378939986228943
113 156 0.27827000617981
114 157 0.354075998067856
115 143 0.264025002717972
116 190 0.356270998716354
117 172 0.302789986133575
119 131 0.391963988542557
119 193 0.322822004556656
119 196 0.243100002408028
120 123 0.283809006214142
120 192 0.33550500869751
121 161 0.237357005476952
121 169 0.338963001966476
121 170 0.338068008422852
121 179 0.28269898891449
123 164 0.389091014862061
124 177 0.210825994610786
124 184 0.255549997091293
125 129 0.334567010402679
126 184 0.386260986328125
127 193 0.236445993185043
129 178 0.331541985273361
130 146 0.283740997314453
130 174 0.300338000059128
131 201 0.292952001094818
132 151 0.222999006509781
132 158 0.286298990249634
132 176 0.387005001306534
133 179 0.385352998971939
133 186 0.375930994749069
135 192 0.335433006286621
136 166 0.283284991979599
136 180 0.361382007598877
137 139 0.266712009906769
137 163 0.242476999759674
138 145 0.363462001085281
138 156 0.284170001745224
139 157 0.310909986495972
139 194 0.37525799870491
140 149 0.305265992879868
140 177 0.284875988960266
142 145 0.334053009748459
142 163 0.322573989629745
142 173 0.335296005010605
144 171 0.346661001443863
144 198 0.372038990259171
145 157 0.217861995100975
145 172 0.243165999650955
145 173 0.298684000968933
146 194 0.248151004314423
147 166 0.364912986755371
148 183 0.358904004096985
148 188 0.319366008043289
149 163 0.252032995223999
151 153 0.333436012268066
151 162 0.390300989151001
151 173 0.330971986055374
153 162 0.231143996119499
154 181 0.342546999454498
155 183 0.37805500626564
158 181 0.344951987266541
159 195 0.22138300538063
160 165 0.399396985769272
160 201 0.310595005750656
161 170 0.234913006424904
162 187 0.266892999410629
164 192 0.354463011026382
164 200 0.292921006679535
165 195 0.239508002996445
166 189 0.243386000394821
166 193 0.330861002206802
166 198 0.281224012374878
167 169 0.379700988531113
168 178 0.343890994787216
169 170 0.278618991374969
171 176 0.372249007225037
173 182 0.306863009929657
173 194 0.339601993560791
174 185 0.205004006624222
176 191 0.269766002893448
179 201 0.384200990200043
181 188 0.368387997150421
181 197 0.298628985881805
185 188 0.265006989240646
196 200 0.306389987468719
