1 65
1 90
1 108
1 117
2 40
2 80
2 93
2 143
3 8
3 88
3 109
3 115
3 121
3 196
4 40
4 98
4 124
4 191
5 25
5 44
5 137
5 166
6 8
6 26
6 68
6 108
6 124
6 174
7 20
7 23
7 159
7 176
8 9
8 74
8 77
8 195
9 41
9 55
9 66
9 141
9 187
10 36
10 124
10 140
10 179
11 32
11 70
11 127
11 132
11 140
12 55
12 78
12 107
12 188
13 21
13 24
13 29
13 50
13 79
13 154
14 54
14 113
14 131
14 157
14 175
14 188
15 71
15 134
15 156
15 163
16 69
16 170
16 190
16 197
17 86
17 156
17 177
17 192
18 37
18 48
18 65
18 103
18 117
18 126
19 42
19 72
19 119
19 134
20 82
20 101
20 124
21 142
21 194
21 196
22 66
22 143
22 148
22 183
23 55
23 80
23 101
23 159
23 189
24 31
24 61
24 171
25 52
25 69
25 183
25 185
26 51
26 75
26 90
26 170
27 45
27 84
27 133
27 171
28 67
28 85
28 107
28 157
28 165
29 47
29 125
29 128
29 186
30 35
30 47
30 61
30 95
30 158
31 37
31 121
31 139
31 173
31 184
32 37
32 59
32 130
32 196
33 36
33 38
33 119
33 199
34 36
34 126
34 137
34 155
35 64
35 87
35 153
35 182
35 186
36 102
36 145
36 167
37 96
37 102
38 127
38 174
38 195
39 74
39 155
39 174
39 200
40 98
40 110
40 195
41 131
41 146
41 170
41 179
42 86
42 92
42 122
42 199
43 53
43 58
43 159
43 198
44 107
44 108
44 113
44 138
44 166
45 142
45 194
45 198
46 68
46 135
46 139
46 173
47 89
47 101
47 136
47 147
48 112
48 118
48 119
48 160
49 50
49 95
49 100
49 124
49 137
49 167
50 51
50 83
50 88
50 93
51 82
51 103
52 107
52 123
52 167
52 179
52 183
53 89
53 99
53 114
54 89
54 135
54 176
54 185
55 99
55 153
55 198
56 149
56 151
56 164
56 186
57 72
57 101
57 146
57 147
57 158
58 106
58 111
58 115
58 169
58 189
59 62
59 97
59 112
60 84
60 91
60 114
60 116
60 181
61 72
61 164
62 76
62 113
62 121
63 80
63 96
63 106
63 153
64 80
64 93
64 100
64 151
65 120
65 136
65 173
65 181
66 128
66 198
67 97
67 109
67 118
67 181
67 193
68 152
68 185
69 138
69 146
69 197
70 82
70 173
70 187
71 98
71 117
71 134
71 191
72 125
72 149
73 89
73 116
73 142
73 189
74 106
74 153
74 190
74 198
75 129
75 140
75 160
76 86
76 91
76 108
76 162
77 106
77 122
77 151
77 178
78 114
78 143
78 161
79 85
79 133
79 182
80 154
80 166
81 84
81 135
81 148
81 190
82 116
82 121
83 90
83 114
83 174
83 189
83 196
84 94
84 101
85 150
85 152
86 120
87 116
87 149
87 154
88 92
88 95
88 177
89 125
90 130
90 132
90 178
91 133
91 158
92 110
92 122
92 191
92 197
93 135
93 178
94 133
94 147
94 149
94 188
95 111
95 140
96 100
96 175
97 117
97 123
98 127
99 105
99 115
99 159
99 187
100 174
101 114
102 151
102 158
102 177
102 189
103 113
103 118
103 138
103 155
104 110
104 119
104 184
104 195
105 145
105 152
105 177
105 184
106 149
107 188
108 162
109 162
109 168
110 127
110 200
111 129
111 182
112 126
112 129
112 155
113 156
114 142
115 189
116 171
118 130
118 192
118 195
119 122
119 191
120 160
120 168
120 169
120 178
122 163
123 176
123 183
124 128
125 183
126 192
128 177
129 145
129 173
130 200
131 150
131 157
131 175
132 178
132 185
134 191
135 165
135 179
136 138
136 162
137 144
137 155
138 156
138 193
139 148
139 176
141 144
141 162
141 172
143 170
143 197
144 156
144 171
144 172
145 193
146 165
147 182
147 187
148 162
150 152
150 161
150 172
152 161
153 180
154 182
157 180
158 194
159 164
159 200
160 169
161 186
163 191
163 199
164 194
165 188
165 192
165 197
166 168
167 177
168 169
170 175
172 181
172 193
173 184
175 190
178 200
180 187
180 196
184 187
195 199
