6 6 156 208 211 292 302 351 377 378 480 494 524 526 541 605 619 646 718 740 1349 1353 1370 1561 1736 1747 1850 1884 1985 1992 1993 1994 2035 2136 2137 2138 2139 2164 2220 2221 2272 2273 2377 2378 2379 2380 2381 2382 2428 2466 2467 2468 2469 2470 2471 2472
11 11 12 183 185 194 196 210 248 2007 2092 2117 2118 2119 2120 2121 2122
12 11 12 183 185 194 196 210 248 2007 2092 2117 2118 2119 2120 2121 2122
15 15 31 67 137 257 376 402 538 573 581 626 627 628 732 1252 1494 1495 1705 1736 1847 1890 1895 1896 2144 2171 2387 2388 2389 2390 2446 2455 2492 2495 2502
18 18 19 2036
19 18 19 2036
20 20 31 257 376 402 464 466 626 627 628 684 720 1494 1495 1516 1847 2180 2249 2420 2455 2492 2502 2568
21 21 22
22 21 22
23 23 386 387 1243 1851 2177 2229 2230 2231
25 25 152 190 235 293 294 301 358 456 514 599 625 673 686 746 752 1270 1272 1457 1520 1620 1621 2158 2160 2182 2391 2449
30 30 104 304 715 754 755 1327 1900 2267 2406 2407 2408 2409 2410 2411 2412 2413 2414 2493
31 15 20 31 49 67 109 110 137 156 161 257 260 376 377 393 402 494 530 535 538 541 573 581 605 626 627 628 646 673 718 720 732 1252 1370 1494 1495 1516 1613 1705 1736 1847 1850 1884 1890 1895 1896 2042 2171 2243 2244 2387 2446 2455 2466 2467 2468 2469 2470 2492 2495 2502 2503 2571
34 34 2039
43 43 107 128 141 320 2057 2058 2071 2072
46 46 2029
49 31 49 67 69 95 104 109 110 133 160 161 162 167 208 209 211 257 260 304 361 376 393 402 467 494 530 541 573 605 613 626 627 628 648 754 755 1327 1347 1353 1370 1495 1553 1736 1847 1895 1900 1985 2042 2102 2132 2133 2134 2135 2136 2137 2138 2139 2243 2244 2267 2406 2407 2408 2409 2410 2411 2412 2413 2455 2492 2493 2502
51 51 73 101 107 128 141 320 2043 2071 2072
58 58 60 79 80 84 85 90 144 456 603 721 747 749 1336 1515 1945 2044 2083 2084 2218 2219 2475 2504 2505 2506 2507 2508 2510
60 58 60 79 80 82 83 84 85 90 96 126 144 151 154 155 178 235 269 288 294 301 389 456 471 603 606 615 625 639 721 747 749 1248 1302 1336 1341 1515 1521 1945 2044 2045 2046 2048 2083 2084 2155 2158 2160 2179 2218 2219 2258 2475 2504 2505 2506 2507 2508 2509 2510 2537
62 62 133 259 286 539 745 1546 2227 2228 2454 2488
66 66 265 366 2176 2460 2461
67 15 20 31 49 67 69 109 110 130 133 137 160 161 162 167 208 209 210 257 259 260 286 292 304 361 376 393 402 467 494 530 538 539 541 573 605 626 627 628 646 648 673 718 745 1252 1347 1370 1494 1495 1497 1736 1847 1850 1884 1890 1895 1896 1953 2042 2132 2133 2134 2135 2171 2243 2244 2275 2276 2355 2377 2378 2379 2380 2446 2454 2455 2466 2467 2468 2469 2470 2488 2492 2502
69 49 69 209 467 1347 2132 2133 2134 2135
70 70 110 161 162 259 393 745 756 1497 1953 2227 2228 2243 2244 2275 2276 2355 2488 2528
73 51 73 101 107 128 141 320 2043 2071 2072
75 75 2417
79 58 60 79 80 82 83 84 85 90 144 154 155 178 288 456 471 603 615 721 747 749 1248 1302 1336 1341 1515 1945 2044 2045 2046 2083 2084 2218 2219 2258 2475 2504 2505 2506 2507 2508 2510 2537
80 58 60 79 80 84 85 90 96 126 144 155 178 456 603 721 747 749 1248 1336 1341 1515 1517 1945 2044 2066 2067 2068 2069 2083 2084 2218 2219 2475 2500 2504 2505 2506 2507 2508 2510
81 81 1350 1957 1958 2086 2529 2530 2531 2532 2533 2534 2535 2536
82 58 60 79 82 83 84 85 90 96 154 178 389 456 603 747 749 1336 1945 2045 2046 2047 2048 2218 2219 2504 2505 2506 2507 2508 2509 2510
83 58 60 79 82 83 84 85 90 96 154 389 456 603 747 749 1336 1945 2045 2046 2047 2048 2218 2219 2504 2505 2506 2507 2508 2509
84 58 60 79 80 82 83 84 85 90 96 151 152 154 155 178 226 235 288 294 301 358 389 456 471 603 606 615 625 639 673 747 749 1247 1302 1317 1336 1341 1521 1523 1525 1945 2044 2045 2046 2047 2048 2083 2145 2146 2147 2148 2149 2150 2151 2152 2153 2154 2155 2158 2160 2179 2180 2218 2219 2258 2437 2475 2504 2505 2506 2507 2508 2509 2510 2537
85 58 60 79 82 84 85 90 96 178 389 603 747 1336 1945 2048 2218 2219 2504 2505 2506 2507 2508 2509 2510
88 88 669 1355 1412 1553 2434 2494
90 58 60 79 82 83 84 85 90 93 95 96 178 179 287 389 603 747 1336 1837 1945 2044 2045 2046 2047 2048 2087 2218 2219 2504 2505 2506 2507 2508 2509 2510
93 58 85 90 93 94 95 96 178 207 228 287 299 603 747 1336 1945 1957 2048 2087 2132 2181 2266 2504 2505 2506 2507 2508 2510
94 93 94 96 287 1957 2048 2266
95 58 69 85 90 93 95 96 129 178 179 207 208 209 287 299 375 603 747 1336 1837 1945 1957 2048 2087 2132 2134 2135 2181 2266 2504 2505 2506 2507 2508 2510
96 58 82 85 90 93 94 95 96 178 287 388 603 747 1336 1945 1957 2048 2087 2181 2218 2219 2266 2504 2505 2506 2507 2508 2510
99 99 100
100 99 100
101 51 73 101 107 128 141 320 2043 2071 2072
104 30 49 69 95 104 189 209 304 467 547 550 613 673 715 754 755 1327 1329 1347 1900 1997 2087 2095 2096 2097 2102 2132 2133 2134 2135 2208 2246 2256 2267 2280 2281 2282 2283 2284 2285 2286 2287 2288 2289 2290 2291 2292 2293 2294 2295 2296 2297 2298 2299 2300 2301 2302 2303 2304 2305 2306 2307 2308 2309 2310 2311 2312 2313 2314 2315 2316 2317 2318 2319 2320 2321 2322 2323 2324 2325 2326 2327 2328 2329 2330 2331 2332 2333 2334 2335 2336 2337 2338 2339 2340 2341 2342 2343 2344 2345 2346 2347 2348 2349 2350 2351 2352 2353 2354 2406 2407 2408 2409 2410 2411 2412 2413 2414 2493
107 43 51 73 101 107 128 141 320 2043 2057 2058 2071 2072
109 31 49 67 69 109 110 133 160 161 162 167 257 260 376 393 402 494 530 573 605 626 627 628 648 1495 1847 1895 2042 2243 2244 2455 2492 2502
110 31 49 62 67 69 70 109 110 130 132 133 160 161 162 167 185 209 210 257 259 260 286 361 376 393 402 467 494 530 539 573 605 613 626 627 628 632 648 745 756 1347 1495 1497 1546 1847 1895 1953 2042 2133 2134 2135 2227 2228 2243 2244 2275 2276 2355 2454 2455 2488 2492 2502 2528
115 115 116 138 140 610 1734 2190 2191 2192 2193
116 115 116 138 139 140 316 610 1734 2190 2191 2192 2193
124 124 464 465 466 684 1516 2180 2248 2249 2420 2421 2568
126 58 60 79 80 84 85 126 456 747 1248 1515 1517 1945 2044 2066 2067 2068 2069 2083 2218 2219 2475 2500 2504 2508 2510
128 43 51 73 101 107 128 141 320 2043 2057 2058 2071 2072
129 69 93 95 129 178 207 287 299 375 747 1336 1957 2048 2087 2132 2504
130 62 67 69 110 130 131 132 133 160 161 162 167 185 208 209 210 259 286 290 393 467 539 551 552 553 613 632 745 1320 1347 1546 1656 1712 2133 2134 2135 2227 2228 2243 2244 2454 2488
131 130 131 132 229 290 551 552 553 1656 1661 1712
132 62 110 130 131 132 133 160 167 210 229 231 259 286 290 393 539 551 552 553 632 745 1546 1656 1661 1712 2133 2454 2488 2548
133 49 62 67 69 109 110 130 132 133 160 161 162 167 185 194 196 208 209 210 259 260 286 361 393 467 530 539 613 632 745 1320 1347 1497 1546 1712 2007 2041 2117 2118 2119 2120 2121 2122 2132 2133 2134 2135 2208 2227 2228 2243 2244 2275 2276 2454 2488
135 135 2056
136 136 2203 2204
137 15 137 573 581 732 1705 2144 2387 2388 2389 2390 2446 2495
138 115 116 138 139 140 610 1734 2190 2191 2192 2193
139 138 139 140 610 2190 2191 2192
140 115 116 138 139 140 316 610 1734 2190 2191 2192 2193
141 43 51 73 101 107 128 141 152 235 294 301 320 358 456 625 673 1923 2043 2057 2058 2071 2072 2157 2158 2159 2160 2161 2162 2416 2567
142 58 90 95 96 142 143 178 179 225 269 497 603 747 748 1336 1837 1945 1950 2087 2142 2143 2504 2505 2506 2507 2510 2511 2512 2513
143 58 85 90 93 95 96 142 143 178 179 225 269 287 458 497 603 747 748 1336 1837 1939 1945 1950 2048 2087 2142 2143 2218 2219 2504 2505 2506 2507 2508 2510 2511 2512 2513
144 58 60 79 80 84 85 90 144 456 603 721 747 749 1336 1515 1945 2044 2083 2084 2218 2219 2475 2504 2505 2506 2507 2508 2510
145 145 2073 2074
147 147 631 1295 1297 1647
149 149 150 151 152 153 614 1704 2075 2076 2077 2078 2079 2080 2081 2085
150 149 150 151 152 153 614 1704 2075 2076 2077 2078 2079 2080 2081 2085
151 149 151 152 153 155 471 614 2079 2080 2081 2083 2084 2085
152 149 150 151 152 153 155 190 235 293 294 301 358 456 471 614 625 673 686 746 1457 1520 1704 1923 2072 2075 2076 2077 2078 2079 2080 2081 2083 2085 2157 2158 2159 2160 2161 2162 2182 2391
153 149 151 152 153 614 2079 2080 2081 2085
154 58 60 79 80 82 83 84 85 90 149 151 152 153 154 155 226 235 288 294 456 471 581 603 614 615 625 639 747 749 1247 1302 1317 1341 1521 1523 1525 2044 2045 2046 2079 2080 2081 2083 2084 2085 2144 2145 2146 2147 2148 2149 2150 2151 2152 2153 2154 2218 2219 2258 2437 2475 2504 2508 2537
155 58 60 79 80 84 85 149 150 151 152 153 154 155 226 456 471 614 615 747 749 1247 1317 1521 1523 1525 1945 2044 2075 2076 2077 2078 2079 2080 2081 2083 2084 2085 2218 2219 2258 2437 2475 2504 2507 2508 2510
156 6 31 69 156 208 209 211 292 302 351 377 378 467 524 526 541 619 646 718 740 1347 1349 1353 1370 1553 1561 1736 1747 1850 1884 1985 1992 2035 2132 2133 2134 2135 2136 2137 2138 2139 2164 2220 2221 2272 2273 2381 2382 2428 2466 2467 2468 2469 2470 2471 2472 2571
160 31 49 62 67 69 70 109 110 130 132 133 160 161 162 167 185 208 209 210 259 260 286 361 393 467 494 530 539 613 632 745 1320 1347 1497 1546 1953 2133 2134 2135 2227 2228 2243 2244 2275 2276 2355 2454 2488
161 49 67 109 110 130 133 160 161 162 167 210 259 260 286 361 393 494 530 539 745 1497 1953 2243 2244 2275 2276 2355 2454 2488
162 62 67 70 109 110 133 160 161 162 167 259 260 286 361 393 494 530 539 632 745 756 1497 1546 1953 2227 2228 2243 2244 2275 2276 2355 2454 2488 2528
163 163 2232 2233 2234 2235 2236 2237
165 165 1645 1646
166 166 2453
167 67 109 110 130 133 160 161 162 167 210 259 260 286 361 393 530 539 745 1497 2133 2243 2244 2275 2276 2454 2488
172 172 266 2569 2570
174 174 470 2257
178 58 85 90 93 95 96 142 143 178 179 225 269 287 497 603 747 748 1336 1837 1945 1950 2048 2087 2142 2143 2218 2219 2504 2505 2506 2507 2508 2510 2511 2512 2513
179 58 85 90 93 95 96 142 143 178 179 225 269 287 497 603 747 748 1336 1837 1945 1950 2048 2087 2142 2143 2218 2219 2504 2505 2506 2507 2508 2510 2511 2512 2513
180 180 181
181 180 181
183 11 12 133 183 185 194 195 196 210 248 296 364 496 500 2007 2092 2117 2118 2119 2120 2121 2122 2123 2124 2125 2126 2127 2580
185 11 12 110 130 133 160 183 185 194 195 196 210 228 248 259 286 295 296 358 364 486 487 496 500 539 745 2007 2092 2117 2118 2119 2120 2121 2122 2123 2124 2125 2126 2127 2133 2454 2488 2580
189 69 104 133 152 189 208 209 235 294 301 306 358 456 467 469 520 547 550 613 625 673 686 687 704 1118 1329 1347 1457 1715 1997 2004 2040 2041 2087 2133 2134 2135 2158 2160 2182 2208 2254 2255 2256 2280 2281 2282 2283 2284 2285 2286 2287 2288 2289 2290 2291 2292 2293 2294 2295 2296 2297 2298 2299 2300 2301 2302 2303 2304 2305 2306 2307 2308 2309 2310 2311 2312 2313 2314 2315 2316 2317 2318 2319 2320 2321 2322 2323 2324 2325 2326 2327 2328 2329 2330 2331 2332 2333 2334 2335 2336 2337 2338 2339 2340 2341 2342 2343 2344 2345 2346 2347 2348 2349 2350 2351 2352 2353 2354 2391
190 25 152 190 235 293 294 301 358 456 599 625 673 746 1270 1520 1620 1621 2158 2160 2182 2445 2449
194 12 133 183 185 194 195 196 210 248 296 364 496 500 2007 2092 2117 2118 2119 2120 2121 2122 2123 2124 2125 2126 2127 2580
195 195 296 500 2123 2124 2125 2126 2127
196 12 133 183 185 194 195 196 210 248 296 364 496 500 2007 2092 2117 2118 2119 2120 2121 2122 2123 2124 2125 2126 2127 2580
199 199 1685 2128 2207
207 58 69 85 90 93 95 96 129 178 179 207 208 209 287 299 375 603 747 1336 1837 1945 1957 2048 2087 2132 2134 2135 2181 2266 2504 2505 2506 2507 2508 2510
208 69 156 208 209 211 377 467 541 1347 1353 1370 1553 1985 2132 2133 2134 2135 2136 2137 2138 2139
209 69 208 209 467 1347 2132 2133 2134 2135
210 11 12 62 67 69 110 130 132 133 160 161 162 167 183 185 194 195 196 208 209 210 248 259 286 296 358 364 393 467 496 500 539 613 632 745 1320 1347 1546 2007 2092 2117 2118 2119 2120 2121 2122 2123 2124 2125 2126 2127 2133 2134 2135 2227 2228 2243 2244 2454 2488 2580
211 69 156 208 209 211 377 467 541 1347 1353 1370 1553 1985 2132 2133 2134 2135 2136 2137 2138 2139
212 212 213 214 216 2140 2141
213 212 213 214 216 2140 2141
214 212 213 214 216 2140 2141
216 212 213 214 216 2140 2141
217 217 218 460 1706 2438 2439
218 217 218 460 1706 2438 2439
223 223 224
224 223 224
226 154 226 581 615 2144 2145 2146 2147 2148 2149 2150 2151 2152 2153 2154 2258
228 81 93 95 96 185 195 228 287 295 296 358 500 747 1336 1350 1957 1958 2048 2086 2123 2124 2125 2126 2127 2156 2181 2266 2504 2505 2506 2507 2529 2530 2531 2532 2533 2534 2535 2536
229 229 230 231 295 1656 1661 2548
230 229 230 231 295 1661 2548
231 131 132 195 229 230 231 235 290 294 295 296 301 358 486 487 500 551 552 553 625 1656 1661 1712 2123 2124 2125 2126 2127 2158 2160 2548
233 233 234
234 233 234
235 51 58 60 79 84 107 141 149 151 152 153 190 195 235 288 293 294 295 301 320 358 456 486 487 599 606 614 625 673 686 746 749 1302 1457 1520 1613 1704 1923 2071 2072 2079 2080 2081 2083 2085 2127 2155 2157 2158 2159 2160 2161 2162 2179 2182 2218 2219 2370 2391 2416 2449 2502 2503 2537 2567
236 236 526 1699 2163 2164 2471
237 237 561 562 2363
238 238 2168 2169
239 239 2577
246 246 2396
248 11 12 183 185 194 196 210 248 2007 2092 2117 2118 2119 2120 2121 2122
255 255 2170
257 15 20 31 49 67 109 137 257 260 376 402 494 530 538 573 626 627 628 646 673 718 1252 1370 1494 1495 1736 1847 1850 1884 1890 1895 1896 2171 2446 2455 2466 2467 2468 2469 2470 2492 2502
259 62 70 110 130 133 160 161 162 167 210 259 286 393 539 632 745 756 1320 1497 1546 1953 2133 2227 2228 2243 2244 2275 2276 2355 2454 2488 2528
260 31 49 67 69 109 110 133 160 161 162 167 257 260 376 393 402 494 530 573 605 626 627 628 648 1495 1847 1895 2042 2243 2244 2455 2492 2502
265 66 265 366 2176 2460 2461
266 172 266 2569 2570
267 267 390 391 392 1742
269 58 79 85 90 142 143 178 179 225 269 458 497 603 747 748 1336 1837 1939 1945 1950 2044 2087 2142 2143 2218 2219 2504 2505 2506 2507 2508 2510 2511 2512 2513
286 62 67 69 70 110 130 132 133 160 161 162 167 185 208 209 210 259 286 393 467 539 613 632 745 1320 1347 1497 1546 1953 2133 2134 2135 2227 2228 2243 2244 2275 2276 2355 2454 2488
287 58 85 90 93 95 96 178 207 228 287 299 388 603 747 1336 1945 1957 2048 2087 2132 2181 2238 2239 2266 2504 2505 2506 2507 2508 2510
288 58 60 79 84 152 235 288 294 301 358 456 606 625 673 749 1302 1520 2044 2155 2158 2159 2160 2161 2162 2179 2180 2218 2219 2537
290 130 131 132 229 290 551 552 553 1656 1661 1712
292 6 292 302 494 605 2035 2377 2378 2379 2380 2381 2382
293 25 152 190 235 293 294 301 358 456 514 599 625 673 746 752 1270 1520 1620 1621 2158 2160 2182 2449
294 25 58 60 79 84 149 151 152 153 189 190 195 235 288 293 294 295 301 306 358 456 469 486 487 514 599 606 614 625 673 686 687 746 749 752 1270 1302 1457 1520 1613 1620 1621 1640 1704 1923 2072 2079 2080 2081 2083 2085 2127 2155 2157 2158 2159 2160 2161 2162 2179 2182 2218 2219 2254 2255 2256 2370 2391 2449 2450 2451 2452 2502 2503 2537
295 152 195 229 230 231 235 294 295 296 301 358 456 486 487 500 625 673 1520 1656 1661 2123 2124 2125 2126 2127 2158 2160 2548
296 195 296 500 2123 2124 2125 2126
298 298 540 1396 2274
299 58 69 85 90 93 95 96 129 178 179 207 208 209 287 299 375 603 747 1336 1837 1945 1957 2048 2087 2132 2134 2135 2181 2266 2504 2505 2506 2507 2508 2510
301 25 58 60 79 84 141 149 151 152 153 189 190 195 235 288 293 294 295 301 306 358 456 486 487 514 599 606 614 625 673 686 746 749 752 1270 1302 1457 1520 1613 1620 1621 1640 1704 1923 2072 2079 2080 2081 2083 2085 2127 2155 2157 2158 2159 2160 2161 2162 2179 2182 2218 2219 2370 2391 2416 2445 2449 2450 2451 2452 2502 2503 2537 2567
302 6 292 302 480 1993 2035 2377 2378 2379 2380 2381 2382
304 30 49 69 104 208 209 304 467 715 754 755 1327 1347 1900 2095 2096 2097 2102 2132 2133 2134 2135 2217 2246 2267 2406 2407 2408 2409 2410 2411 2412 2413 2414 2493
306 152 189 190 235 294 301 306 358 456 469 520 613 625 673 686 687 1118 1457 1640 1715 2041 2158 2160 2182 2208 2254 2255 2256 2391 2450 2451 2452
315 315 1870 2427
316 116 140 316 610 1734 2190 2191 2192
320 51 73 101 107 128 141 320 2043 2071 2072
322 322 2523 2524 2525
351 6 156 208 351 377 378 524 526 541 619 740 1349 1561 1736 1747 1992 2164 2220 2221 2272 2273 2428 2471 2472
358 152 190 195 230 231 235 294 295 296 301 358 456 486 487 500 625 673 686 746 1457 1520 1923 2072 2123 2124 2125 2126 2127 2157 2158 2159 2160 2161 2162 2182 2391 2548
361 67 109 110 133 160 161 162 167 260 361 393 494 530 1497 2243 2244 2275 2276 2355 2454
362 362 363 612
363 362 363 612
364 185 194 196 210 364 2007 2117 2118 2119 2120 2121 2122
365 365 724 1871 2479 2480
366 66 265 366 2176 2460 2461
368 368 371 1264 1351 1744 2209 2210 2211 2212 2213 2214
371 368 371 1264 1351 1744 2209 2210 2211 2212 2213 2214
375 69 93 95 129 178 207 287 299 375 747 1336 1957 2048 2087 2132 2504
376 15 20 31 49 67 109 137 257 260 376 402 494 530 535 536 538 573 626 627 628 646 673 718 1252 1370 1494 1495 1736 1847 1850 1884 1890 1895 1896 2171 2446 2455 2466 2467 2468 2469 2470 2492 2502
377 6 31 69 156 208 209 211 292 302 351 377 378 467 524 526 541 619 646 718 740 1347 1349 1353 1370 1553 1561 1699 1736 1747 1850 1884 1985 1992 2035 2132 2133 2134 2135 2136 2137 2138 2139 2164 2220 2221 2272 2273 2377 2378 2379 2380 2381 2382 2428 2466 2467 2468 2469 2470 2471 2472 2571
378 6 156 208 209 211 292 302 351 377 378 524 526 541 619 646 718 740 1349 1353 1370 1553 1561 1736 1747 1850 1884 1985 1992 2035 2132 2133 2134 2135 2136 2137 2138 2139 2164 2220 2221 2272 2273 2377 2378 2379 2381 2382 2428 2466 2467 2468 2469 2470 2471 2472
382 382 753 2520 2521
386 23 386 387 1243 1851 2177 2229 2230 2231
387 23 386 387 1243 1851 2177 2229 2230 2231
388 93 96 287 388 2048 2181 2238 2239
389 58 79 82 84 85 90 95 96 178 389 603 747 1336 1945 2044 2048 2218 2219 2504 2505 2506 2507 2508 2509 2510
390 267 390 391 392 1742
391 267 390 391 392 1742
392 267 390 391 392 1742
393 49 67 109 110 130 133 160 161 162 167 210 259 260 286 361 393 494 530 539 745 1497 1953 2243 2244 2275 2276 2355 2454 2488
397 397 406 413 455 2245 2371
398 398 2178
399 399 2247
401 401 601 2383 2384 2514
402 15 20 31 49 67 109 137 257 260 376 402 494 530 538 573 626 627 628 646 673 718 1252 1370 1494 1495 1736 1847 1850 1884 1890 1895 1896 2171 2446 2455 2466 2467 2468 2469 2470 2492 2502
406 397 406 413 455 2245 2371
413 397 406 413 455 2245 2371
455 397 406 413 455 2245 2371
456 25 58 60 79 80 82 83 84 85 90 96 126 141 144 149 151 152 153 154 155 178 189 190 195 235 288 293 294 295 301 306 358 389 456 466 471 486 487 599 603 606 614 615 621 625 639 673 686 721 746 747 749 1248 1270 1302 1336 1341 1457 1515 1520 1521 1613 1620 1621 1640 1923 1945 2044 2045 2046 2048 2072 2079 2080 2081 2083 2084 2085 2155 2157 2158 2159 2160 2161 2162 2179 2180 2182 2218 2219 2258 2391 2416 2449 2450 2451 2452 2475 2502 2503 2504 2505 2506 2507 2508 2509 2510 2537 2567
458 143 178 179 225 269 458 497 748 1837 1939 1950 2142 2143 2510 2511 2512 2513
460 217 218 460 1706 2438 2439
461 461 462 463
462 461 462 463
463 461 462 463
464 124 464 465 466 684 1516 2180 2248 2249 2420 2421 2568
465 124 464 465 466 684 1516 2180 2248 2249 2420 2421 2568
466 20 124 464 465 466 621 684 720 1302 1495 1516 1540 2179 2180 2248 2249 2359 2360 2361 2362 2420 2421 2568
467 69 208 209 467 1347 2133 2134 2135
469 189 306 469 520 613 687 1118 1715 2041 2208 2254 2255 2256 2391
470 174 470 2257
471 58 60 79 80 82 84 85 149 150 151 152 153 154 155 226 235 294 301 456 471 614 615 625 749 1247 1317 1521 1523 1525 1704 2044 2075 2076 2077 2078 2079 2080 2081 2083 2084 2085 2144 2145 2146 2147 2148 2149 2150 2151 2152 2153 2154 2158 2160 2218 2219 2258 2437 2475
472 472 473 622
473 472 473 622
477 477 2259 2260 2261 2448 2549
480 6 292 302 480 1993 1994 2035 2377 2378 2379 2380 2381 2382
486 152 190 195 230 231 235 294 295 296 301 358 456 486 487 500 625 673 686 746 1457 1520 1923 2072 2123 2124 2125 2126 2127 2157 2158 2159 2160 2161 2162 2182 2391 2548
487 152 190 195 230 231 235 294 295 296 301 358 456 486 487 500 625 673 686 746 1457 1520 1923 2072 2123 2124 2125 2126 2127 2157 2158 2159 2160 2161 2162 2182 2391 2548
494 6 31 49 67 69 109 110 133 160 161 162 167 257 260 292 302 376 393 402 494 530 573 605 626 627 628 648 1495 1847 1895 2035 2042 2243 2244 2377 2378 2379 2380 2381 2382 2455 2492 2502
496 185 194 196 210 496 2007 2117 2118 2119 2120 2121 2122
497 143 178 179 225 269 458 497 748 1837 1939 1950 2142 2143 2510 2511 2512 2513
500 195 228 296 500 2124 2125 2156
506 506 2404 2405
513 513 517 2271 2515
514 25 190 293 294 301 514 625 746 752 1270 1272 1620 1621 2182 2449
517 513 517 2271 2515
520 189 306 469 520 613 687 1118 1715 2041 2208 2254 2255 2256 2391
524 6 156 208 351 377 378 524 526 541 619 740 1349 1561 1736 1747 1992 2164 2220 2221 2272 2273 2428 2471 2472
526 6 156 208 236 351 377 378 524 526 541 619 740 1349 1561 1699 1736 1747 1992 2035 2163 2164 2220 2221 2272 2273 2381 2382 2428 2471 2472
529 529 533
530 31 49 67 69 109 110 133 160 161 162 167 257 260 376 393 402 494 530 573 605 626 627 628 648 1495 1847 1895 2042 2243 2244 2455 2492 2502
533 529 533
535 31 257 376 402 535 536 538 626 627 628 1847 2455 2492 2502
536 376 535 536 538
538 31 257 376 402 535 536 538 626 627 628 1847 2455 2492 2502
539 62 67 69 70 110 130 132 133 160 161 162 167 185 208 209 210 259 286 393 467 539 613 632 745 756 1320 1347 1497 1546 1953 2133 2134 2135 2227 2228 2243 2244 2275 2276 2355 2454 2488
540 298 540 1396 2274
541 31 69 156 208 209 211 377 467 541 646 718 1347 1349 1353 1370 1553 1736 1747 1850 1884 1985 2132 2133 2134 2135 2136 2137 2138 2139 2220 2221 2466 2467 2468 2469 2470 2472
543 543 545
545 543 545
547 104 547 550 1329 1997 2256 2280 2281 2282 2283 2284 2285 2286 2287 2288 2289 2290 2291 2292 2293 2294 2295 2296 2297 2298 2299 2300 2301 2302 2303 2304 2305 2306 2307 2308 2309 2310 2311 2312 2313 2314 2315 2316 2317 2318 2319 2320 2321 2322 2323 2324 2325 2326 2327 2328 2329 2330 2331 2332 2333 2334 2335 2336 2337 2338 2339 2340 2341 2342 2343 2344 2345 2346 2347 2348 2349 2350 2351 2352 2353 2354
550 104 547 550 1329 1997 2256 2280 2281 2282 2283 2284 2285 2286 2287 2288 2289 2290 2291 2292 2293 2294 2295 2296 2297 2298 2299 2300 2301 2302 2303 2304 2305 2306 2307 2308 2309 2310 2311 2312 2313 2314 2315 2316 2317 2318 2319 2320 2321 2322 2323 2324 2325 2326 2327 2328 2329 2330 2331 2332 2333 2334 2335 2336 2337 2338 2339 2340 2341 2342 2343 2344 2345 2346 2347 2348 2349 2350 2351 2352 2353 2354
551 130 131 132 229 290 551 552 553 1656 1661 1712
552 130 131 132 229 290 551 552 553 1656 1661 1712
553 130 131 132 229 290 551 552 553 1656 1661 1712
555 555 2358
561 237 561 562 2363
562 237 561 562 2363
573 15 20 31 49 67 109 137 257 260 376 402 494 530 538 573 581 626 627 628 646 673 718 732 1252 1370 1494 1495 1705 1736 1847 1850 1884 1890 1895 1896 2144 2171 2387 2388 2389 2390 2446 2455 2466 2467 2468 2469 2470 2492 2495 2502
580 580 2172
581 15 137 226 573 581 732 1705 2144 2145 2146 2147 2148 2149 2150 2151 2152 2153 2154 2387 2388 2389 2390 2446 2495
590 590 1284 2054 2055 2522
594 594 2021
596 596 1294 2375 2376 2516 2517
599 25 152 190 235 293 294 301 358 456 599 625 673 746 1270 1520 1620 1621 2158 2160 2182 2445 2449
601 401 601 2383 2384 2514
603 58 60 79 82 83 84 85 90 93 95 96 178 179 287 389 603 747 1336 1837 1945 2044 2045 2046 2047 2048 2087 2218 2219 2504 2505 2506 2507 2508 2509 2510
604 604 2063
605 6 49 67 109 260 292 302 494 530 605 2035 2377 2378 2379 2380 2381 2382
606 58 60 79 84 235 288 294 301 358 456 606 625 673 749 1302 2155 2158 2160 2179 2180 2218 2219 2537
608 608 609 1929 2173 2498 2499
609 608 609 1929 2173 2498 2499
610 115 116 138 139 140 316 610 1734 2190 2191 2192 2193
612 362 363 612
613 69 133 189 208 209 306 467 469 520 547 550 613 687 1118 1329 1347 1715 1997 2040 2041 2132 2133 2134 2135 2208 2254 2255 2256 2280 2281 2282 2283 2284 2285 2286 2287 2288 2289 2290 2291 2292 2293 2294 2295 2296 2297 2298 2299 2300 2301 2302 2303 2304 2305 2306 2307 2308 2309 2310 2311 2312 2313 2314 2315 2316 2317 2318 2319 2320 2321 2322 2323 2324 2325 2326 2327 2328 2329 2330 2331 2332 2333 2334 2335 2336 2337 2338 2339 2340 2341 2342 2343 2344 2345 2346 2347 2348 2349 2350 2351 2352 2353 2354 2391
614 149 150 151 152 153 614 1704 2075 2076 2077 2078 2079 2080 2081 2085
615 58 60 79 82 84 85 151 154 155 226 456 471 615 749 1247 1317 1521 1523 1525 2083 2144 2145 2146 2147 2148 2149 2150 2151 2152 2153 2154 2218 2219 2258 2437
616 616 2262 2263 2264
617 617 2265
618 618 705 2268 2269 2270
619 6 156 208 351 377 378 524 526 541 619 740 1349 1561 1736 1747 1992 2164 2220 2221 2272 2273 2428 2471 2472
621 466 621 684 1302 1516 1540 2179 2180 2249 2359 2360 2361 2362 2420 2568
622 472 473 622
623 623 2372
625 25 58 60 79 84 149 151 152 153 190 195 235 288 293 294 295 301 358 456 486 487 514 599 606 614 625 673 686 746 749 752 1270 1302 1457 1520 1613 1620 1621 1704 1923 2072 2079 2080 2081 2083 2085 2127 2155 2157 2158 2159 2160 2161 2162 2179 2182 2218 2219 2370 2391 2449 2502 2503 2537
626 15 20 31 49 67 109 137 257 260 376 402 494 530 538 573 626 627 628 646 673 718 1252 1370 1494 1495 1736 1847 1850 1884 1890 1895 1896 2171 2446 2455 2466 2467 2468 2469 2470 2492 2502
627 15 20 31 49 67 109 137 257 260 376 402 494 530 538 573 626 627 628 646 673 718 1252 1370 1494 1495 1736 1847 1850 1884 1890 1895 1896 2171 2446 2455 2466 2467 2468 2469 2470 2492 2502
628 15 20 31 49 67 109 137 257 260 376 402 494 530 538 573 626 627 628 646 673 718 1252 1370 1494 1495 1736 1847 1850 1884 1890 1895 1896 2171 2446 2455 2466 2467 2468 2469 2470 2492 2502
629 629 630 1552 2402
630 629 630 1552 2402
631 147 631 1295 1297 1647
632 62 110 130 132 133 160 162 167 210 259 286 539 632 745 1320 1497 1546 2133 2227 2228 2275 2276 2454 2488
639 58 60 79 84 456 639 749 1341 2044 2218 2219
646 6 31 67 156 208 211 257 376 377 378 402 541 573 626 627 628 646 718 1349 1353 1370 1495 1553 1736 1747 1847 1850 1884 1895 1985 1992 2136 2137 2138 2139 2220 2221 2272 2455 2466 2467 2468 2469 2470 2471 2472 2492 2502 2571
648 49 67 69 109 260 494 530 648 2042 2132
669 88 669 1355 1412 1553 2434 2494
673 152 235 294 301 358 456 625 673 1520 1613 2158 2159 2160 2161 2162 2370 2502 2503
678 678 2447
684 20 124 464 465 466 621 684 720 1302 1495 1516 1540 2179 2180 2248 2249 2359 2360 2361 2362 2420 2421 2568
686 152 190 235 293 294 301 306 358 456 486 487 625 673 686 746 1457 1613 1620 1621 1640 2158 2160 2182 2391 2449 2450 2451 2452 2502 2503 2537
687 189 306 469 520 613 687 704 1118 1715 2004 2041 2208 2254 2255 2256 2391
704 189 469 687 704 1118 1715 2004 2254 2255 2256
705 618 705 2268 2269 2270
707 707 1730
712 712 2487
715 30 104 304 715 754 755 1327 1900 2267 2406 2407 2408 2409 2410 2411 2412 2413 2414 2493
718 6 31 67 156 208 211 257 376 377 378 402 541 573 626 627 628 646 718 1349 1353 1370 1495 1553 1736 1747 1847 1850 1884 1895 1985 1992 2136 2137 2138 2139 2220 2221 2272 2455 2466 2467 2468 2469 2470 2471 2472 2492 2502 2571
720 20 31 402 464 466 626 628 684 720 1494 1495 1516 1847 2180 2249 2420 2455 2492 2568
721 58 60 79 80 84 85 90 144 456 603 721 747 749 1336 1515 1945 2044 2083 2084 2218 2219 2475 2504 2505 2506 2507 2508 2510
722 722 2476
724 365 724 1871 2479 2480
727 727 2491
730 730 1901 1902 1903 1978
732 15 137 573 581 732 1705 2144 2387 2388 2389 2390 2446 2495
740 6 156 208 351 377 378 524 526 541 619 740 1349 1561 1736 1747 1992 2164 2220 2221 2272 2273 2428 2471 2472
745 62 67 69 70 110 130 132 133 160 161 162 167 185 208 209 210 259 286 393 467 539 613 632 745 756 1320 1347 1497 1546 1953 2133 2134 2135 2227 2228 2243 2244 2275 2276 2355 2454 2488 2528
746 25 152 190 235 293 294 301 358 456 486 487 599 625 673 746 1270 1520 1620 1621 2158 2160 2182 2445 2449 2503 2537
747 58 82 85 90 93 96 178 287 603 747 1336 1945 2048 2218 2219 2504 2505 2506 2507 2508 2510
748 58 79 85 90 93 95 96 142 143 178 179 225 269 287 458 497 603 747 748 1336 1837 1939 1945 1950 2044 2048 2087 2142 2143 2218 2219 2504 2505 2506 2507 2508 2510 2511 2512 2513
749 58 60 79 80 82 83 84 85 90 144 151 152 154 155 190 235 288 293 294 301 358 456 471 486 487 603 606 615 625 639 673 686 721 746 747 749 1302 1336 1341 1457 1515 1520 1923 1945 2044 2045 2046 2072 2083 2084 2155 2157 2158 2159 2160 2161 2162 2179 2180 2182 2218 2219 2258 2391 2475 2503 2504 2505 2506 2507 2508 2510 2537
752 25 190 293 294 301 514 599 625 746 752 1270 1272 1620 1621 2158 2160 2182 2449
753 382 753 2520 2521
754 30 49 69 104 209 304 467 715 754 755 1327 1347 1900 2095 2096 2097 2102 2132 2133 2134 2135 2246 2267 2406 2407 2408 2409 2410 2411 2412 2413 2414 2493
755 30 49 69 104 209 304 467 715 754 755 1327 1347 1900 2095 2096 2097 2102 2132 2133 2134 2135 2246 2267 2406 2407 2408 2409 2410 2411 2412 2413 2414 2493
756 70 110 161 162 259 393 745 756 1497 1953 2227 2228 2243 2244 2275 2276 2355 2488 2528
882 882 2540 2541 2542 2543
1100 1100 1966
1118 189 306 469 520 613 687 704 1118 1715 2004 2041 2208 2254 2255 2256 2391
1206 1206 2544 2545
1243 23 386 387 1243 1851 2177 2229 2230 2231
1247 154 615 1247 1317 1521 1523 1525 2258 2437
1248 58 60 79 80 84 85 126 456 747 749 1248 1515 1517 1945 2044 2066 2067 2068 2069 2083 2218 2219 2475 2500 2504 2507 2508 2510
1252 31 257 376 402 626 627 628 1252 1495 1847 1895 2455 2492 2502
1264 368 371 1264 1351 1744 2209 2210 2211 2212 2213 2214
1270 25 152 190 235 293 294 301 358 456 514 599 625 673 686 746 752 1270 1272 1457 1520 1620 1621 2158 2160 2182 2391 2445 2449
1272 25 514 752 1270 1272 1620 1621 2182 2449
1282 1282 2397 2398
1284 590 1284 2054 2055 2522
1286 1286 1287
1287 1286 1287
1293 1293 2403
1294 1294 2375 2516 2517
1295 147 631 1295 1297 1647
1297 147 631 1295 1297 1647
1302 58 60 79 84 152 235 288 294 301 358 456 464 466 606 621 625 673 684 749 1302 1516 1520 1540 2044 2155 2158 2159 2160 2161 2162 2179 2180 2218 2219 2249 2359 2360 2361 2362 2420 2537 2568
1317 154 615 1247 1317 1521 1523 1525 2258 2437
1320 130 133 259 286 539 632 745 1320 2227 2228 2454 2488
1327 30 49 69 104 209 304 467 715 754 755 1327 1347 1900 2095 2096 2097 2102 2132 2133 2134 2135 2246 2267 2406 2407 2408 2409 2410 2411 2412 2413 2414 2493
1329 104 547 550 1329 1997 2256 2280 2281 2282 2283 2284 2285 2286 2287 2288 2289 2290 2291 2292 2293 2294 2295 2296 2297 2298 2299 2300 2301 2302 2303 2304 2305 2306 2307 2308 2309 2310 2311 2312 2313 2314 2315 2316 2317 2318 2319 2320 2321 2322 2323 2324 2325 2326 2327 2328 2329 2330 2331 2332 2333 2334 2335 2336 2337 2338 2339 2340 2341 2342 2343 2344 2345 2346 2347 2348 2349 2350 2351 2352 2353 2354
1336 58 79 82 84 85 90 93 95 96 129 178 179 207 287 299 375 389 603 747 1336 1837 1945 1957 2044 2048 2087 2132 2218 2219 2504 2505 2506 2507 2508 2509 2510
1339 1339 1340 2415
1340 1339 1340 2415
1341 58 60 79 80 82 84 85 90 154 288 456 603 615 639 747 749 1302 1341 1945 2044 2045 2046 2083 2218 2219 2258 2475 2504 2507 2508 2510 2537
1346 1346 2418 2419
1347 69 208 209 467 1347 2133 2134 2135
1349 6 156 208 211 351 377 378 524 526 541 619 646 718 740 1349 1353 1370 1553 1561 1736 1747 1850 1884 1985 1992 2136 2137 2138 2139 2164 2220 2221 2272 2273 2428 2466 2467 2468 2469 2470 2471 2472
1350 81 1350 1958 2086 2529 2530 2531 2532 2533 2534 2535 2536
1351 368 371 1264 1351 1744 2209 2210 2211 2212 2213 2214
1353 69 156 208 209 211 377 467 541 1347 1353 1370 1553 1985 2132 2133 2134 2135 2136 2137 2138 2139
1355 88 669 1355 1412 1553 2434 2494
1359 1359 1484 1485 1486 1487 2422 2423 2424 2425 2426
1370 31 69 156 208 209 211 377 467 541 646 718 1347 1353 1370 1553 1736 1850 1884 1985 2132 2133 2134 2135 2136 2137 2138 2139 2220 2221 2466 2467 2468 2469 2470 2472 2571
1396 298 540 1396 2274
1412 88 669 1355 1412 1553 2434 2494
1457 152 190 235 293 294 301 306 358 456 486 487 625 673 686 746 1457 1613 1620 1621 1640 2158 2160 2182 2391 2449 2450 2451 2452 2502 2503 2537
1484 1359 1484 1485 1486 1487 2422 2423 2424 2425 2426
1485 1359 1484 1485 1486 1487 2422 2423 2424 2425 2426
1486 1359 1484 1485 1486 1487 2422 2423 2424 2425 2426
1487 1359 1484 1485 1486 1487 2422 2423 2424 2425 2426
1494 20 31 257 376 402 626 627 628 720 1494 1495 1516 1847 2455 2492 2502
1495 15 20 31 49 67 109 137 257 260 376 402 466 494 530 538 541 573 626 627 628 646 673 684 718 720 1252 1370 1494 1495 1516 1736 1847 1850 1884 1890 1895 1896 2171 2249 2446 2455 2466 2467 2468 2469 2470 2492 2502 2568
1497 62 67 70 110 133 160 161 162 167 259 286 361 393 539 745 756 1497 1546 1953 2227 2228 2243 2244 2275 2276 2355 2488 2528
1512 1512 1513 1514
1513 1512 1513 1514
1514 1512 1513 1514
1515 58 60 79 80 84 85 90 126 144 456 603 721 747 749 1248 1336 1515 1517 1945 2044 2066 2067 2068 2069 2083 2084 2218 2219 2475 2500 2504 2505 2506 2507 2508 2510
1516 20 124 464 465 466 684 720 1494 1495 1516 2180 2248 2249 2420 2421 2568
1517 80 126 1248 1515 1517 2500
1520 152 190 235 293 294 301 358 456 486 487 625 673 746 1520 2158 2160 2182 2449 2503 2537
1521 58 60 79 82 84 151 154 155 226 456 471 615 1247 1317 1521 1523 1525 2083 2144 2145 2146 2147 2148 2149 2150 2151 2152 2153 2154 2218 2219 2258 2437
1523 154 615 1247 1317 1521 1523 1525 2258 2437
1525 154 615 1247 1317 1521 1523 1525 2258 2437
1528 1528 1531 1977 2440
1531 1528 1531 1977 2440
1534 1534 1535
1535 1534 1535
1540 466 621 684 1302 1516 1540 2179 2180 2249 2359 2360 2361 2362 2420 2568
1546 62 133 259 286 539 745 1546 2227 2228 2454 2488
1550 1550 1551 1613 2364 2365 2366 2369 2370
1551 1550 1551 1613 2364 2365 2366 2369 2370
1552 629 630 1552 2402
1553 69 88 156 208 209 211 377 467 541 669 1347 1353 1355 1370 1412 1553 1985 2132 2133 2134 2135 2136 2137 2138 2139 2434 2494
1561 6 156 208 351 377 378 524 526 541 619 740 1349 1561 1736 1747 1992 2164 2220 2221 2272 2273 2428 2471 2472
1613 152 235 294 301 358 456 625 673 1520 1550 1551 1613 2158 2159 2160 2161 2162 2365 2366 2369 2370 2502 2503
1615 1615 1617 1927 1931
1617 1615 1617 1927 1931
1620 25 152 190 235 293 294 301 358 456 514 599 625 673 686 746 752 1270 1272 1457 1520 1620 1621 2158 2160 2182 2391 2445 2449
1621 25 152 190 235 293 294 301 358 456 514 599 625 673 686 746 752 1270 1272 1457 1520 1620 1621 2158 2160 2182 2391 2445 2449
1640 152 235 294 301 306 358 456 625 673 686 1457 1640 2158 2160 2182 2391 2450 2451 2452
1645 165 1645 1646
1646 165 1645 1646
1647 147 631 1295 1297 1647
1648 1648 1649
1649 1648 1649
1655 1655 2443 2444
1656 131 132 229 230 231 290 295 551 552 553 1656 1661 1712 2548
1661 229 230 231 295 1656 1661 2548
1685 199 1685 2128 2207
1694 1694 2481 2482
1699 236 526 1699 2163 2164 2471
1704 149 150 151 152 153 614 1704 2075 2076 2077 2078 2079 2080 2081 2085
1705 15 137 573 581 732 1705 2144 2387 2388 2389 2390 2446 2495
1706 217 218 460 1706 2438 2439
1712 130 131 132 133 229 230 231 290 295 551 552 553 1656 1661 1712 2454 2548
1715 189 306 469 520 613 687 704 1118 1715 2004 2041 2208 2254 2255 2256 2391
1730 707 1730
1731 1731 1732
1732 1731 1732
1734 115 116 138 140 316 610 1734 2190 2191 2192 2193
1736 6 15 20 31 67 69 109 156 208 209 211 257 260 351 376 377 378 402 467 524 526 530 538 541 573 619 626 627 628 646 718 740 1252 1347 1349 1353 1370 1494 1495 1553 1561 1736 1747 1847 1850 1884 1890 1895 1896 1985 1992 2035 2132 2133 2134 2135 2136 2137 2138 2139 2164 2171 2220 2221 2272 2273 2381 2382 2428 2446 2455 2466 2467 2468 2469 2470 2471 2472 2492 2502 2571
1742 267 390 391 392 1742
1744 368 371 1264 1351 1744 2209 2210 2211 2212 2213 2214
1747 6 156 208 211 351 377 378 524 526 541 619 646 718 740 1349 1353 1370 1553 1561 1736 1747 1850 1884 1985 1992 2136 2137 2138 2139 2164 2220 2221 2272 2273 2428 2466 2467 2468 2469 2470 2471 2472
1837 58 85 90 93 95 96 142 143 178 179 225 269 287 497 603 747 748 1336 1837 1945 1950 2048 2087 2142 2143 2218 2219 2504 2505 2506 2507 2508 2510 2511 2512 2513
1847 15 20 31 49 67 109 137 257 260 376 402 494 530 538 573 626 627 628 646 673 718 1252 1370 1494 1495 1736 1847 1850 1884 1890 1895 1896 2171 2446 2455 2466 2467 2468 2469 2470 2492 2502
1850 6 31 67 156 208 211 257 376 377 378 402 541 573 626 627 628 646 718 1349 1353 1370 1495 1553 1736 1747 1847 1850 1884 1895 1985 1992 2136 2137 2138 2139 2220 2221 2272 2455 2466 2467 2468 2469 2470 2471 2472 2492 2502 2571
1851 23 386 387 1243 1851 2177 2229 2230 2231
1863 1863 1864
1864 1863 1864
1870 315 1870 2427
1871 365 724 1871 2479 2480
1882 1882 1883
1883 1882 1883
1884 6 31 67 156 208 211 257 376 377 378 402 541 573 626 627 628 646 718 1349 1353 1370 1495 1553 1736 1747 1847 1850 1884 1895 1985 1992 2136 2137 2138 2139 2220 2221 2272 2455 2466 2467 2468 2469 2470 2471 2472 2492 2502 2571
1887 1887 1888
1888 1887 1888
1890 31 257 376 402 626 627 628 1847 1890 1895 1896 2455 2492 2502
1895 15 20 31 49 67 109 137 257 260 376 402 494 530 538 573 626 627 628 646 673 718 1252 1370 1494 1495 1736 1847 1850 1884 1890 1895 1896 2171 2446 2455 2466 2467 2468 2469 2470 2492 2502
1896 31 257 376 402 626 627 628 1847 1890 1895 1896 2455 2492 2502
1899 1899 1987
1900 30 49 69 104 209 304 467 715 754 755 1327 1347 1900 2095 2096 2097 2102 2132 2133 2134 2135 2246 2267 2406 2407 2408 2409 2410 2411 2412 2413 2414 2493
1901 730 1901 1902 1903 1978
1902 730 1901 1902 1903 1978
1903 730 1901 1902 1903 1978
1904 1904 2049
1923 152 235 294 301 358 456 625 673 1923 2072 2157 2158 2159 2160 2161 2162 2416 2567
1927 1615 1617 1927 1931
1929 608 609 1929 2173 2498 2499
1930 1930 2001
1931 1615 1617 1927 1931
1933 1933 1934
1934 1933 1934
1939 143 178 179 225 269 458 497 748 1837 1939 1950 2142 2143 2510 2511 2512 2513
1945 58 82 85 90 93 95 96 143 178 179 225 269 287 389 603 747 748 1336 1837 1945 2044 2048 2087 2218 2219 2504 2505 2506 2507 2508 2509 2510 2511 2512
1950 58 143 178 179 225 269 458 497 747 748 1837 1939 1945 1950 2142 2143 2504 2507 2510 2511 2512 2513
1953 67 70 110 133 160 161 162 167 259 286 361 393 539 745 756 1497 1953 2227 2228 2243 2244 2275 2276 2355 2488 2528
1957 58 81 82 85 90 93 94 95 96 129 178 195 207 228 287 296 299 375 388 500 603 747 1336 1350 1945 1957 1958 2048 2086 2087 2124 2125 2132 2156 2181 2218 2219 2266 2504 2505 2506 2507 2508 2510 2529 2530 2531 2532 2533 2534 2535 2536
1958 81 1350 1957 1958 2086 2529 2530 2531 2532 2533 2534 2535 2536
1966 1100 1966
1973 1973 2563 2564
1977 1528 1531 1977 2440
1978 730 1901 1902 1903 1978
1985 69 156 208 209 211 377 467 541 1347 1353 1370 1553 1985 2132 2133 2134 2135 2136 2137 2138 2139
1987 1899 1987
1992 6 156 208 211 302 351 377 378 524 526 541 619 646 718 740 1349 1353 1370 1561 1736 1747 1850 1884 1985 1992 2035 2136 2137 2138 2139 2164 2220 2221 2272 2273 2381 2382 2428 2467 2468 2469 2470 2471 2472
1993 6 292 302 480 1993 1994 2035 2377 2378 2379 2380 2381 2382
1994 6 292 302 480 1993 1994 2377 2378 2379
1997 104 547 550 1329 1997 2256 2280 2281 2282 2283 2284 2285 2286 2287 2288 2289 2290 2291 2292 2293 2294 2295 2296 2297 2298 2299 2300 2301 2302 2303 2304 2305 2306 2307 2308 2309 2310 2311 2312 2313 2314 2315 2316 2317 2318 2319 2320 2321 2322 2323 2324 2325 2326 2327 2328 2329 2330 2331 2332 2333 2334 2335 2336 2337 2338 2339 2340 2341 2342 2343 2344 2345 2346 2347 2348 2349 2350 2351 2352 2353 2354
1998 1998 1999
1999 1998 1999
2001 1930 2001
2004 687 704 1118 1715 2004
2007 12 133 183 185 194 195 196 210 248 296 364 496 500 2007 2092 2117 2118 2119 2120 2121 2122 2123 2124 2125 2126 2127 2580
2015 2015 2587 2588 2589 2590 2591 2592
2021 594 2021
2024 2024 2070
2025 2025 2026 2027
2026 2025 2026 2027
2027 2025 2026 2027
2029 46 2029
