6 6 292 302 377 480 2035 2377 2378 2379 2380 2381 2382
11 11 12 183
12 11 12 183 248 2092
15 15 137 573 2446
18 18 19 20 304 507 720 754 755 1327 1495 1516 1900 2036 2406 2407 2408 2409 2410 2411 2412 2413 2493
19 18 19 2036
20 20 720 1494 1495 1516
21 21 22
22 21 22 23 24 25 26 386 387 489 1270 1620 1621 2177 2229 2230 2231
23 23 386 387 1243 1851 2177 2229 2230 2231
25 25 514 752 1270 1620 1621 2182
30 2 12 30 49 66 67 69 95 104 109 172 183 185 194 196 207 210 212 213 214 216 217 218 248 260 266 299 304 366 460 494 496 506 529 530 533 534 550 715 754 755 1286 1287 1327 1336 1346 1541 1706 1900 2007 2087 2092 2102 2117 2118 2119 2120 2121 2122 2132 2140 2267 2404 2405 2406 2407 2408 2409 2410 2411 2412 2413 2414 2418 2419 2438 2439 2493 2569
31 15 20 31 49 67 109 110 257 260 376 402 494 530 538 573 626 627 628 646 673 718 1252 1494 1495 1736 1847 1890 1895 1896 2171 2446 2455 2492 2502
34 34 2039
43 43 107 128 2057 2058
46 46 2029
49 30 31 36 49 67 68 69 70 71 95 104 106 107 108 109 110 111 112 113 133 160 161 162 208 209 260 298 304 316 321 393 467 494 530 605 610 613 627 648 673 754 755 1327 1347 1349 1613 1734 1836 1900 1976 2042 2132 2133 2134 2135 2243 2244 2267 2355 2406 2407 2408 2409 2410 2411 2412 2413 2493 2502 2503
51 51 73 101 107 141 320 2043 2071 2072
58 58 60 79 80 84 85 90 178 456 603 747 749 1336 1945 2044 2083 2218 2219 2475 2504 2505 2506 2507 2508 2510
60 36 58 60 79 80 82 84 85 90 154 288 456 603 625 639 747 749 1302 1341 1945 1965 2044 2083 2218 2219 2475 2504 2505 2506 2507 2508 2510 2537
62 36 62 108 110 130 133 134 160 162 210 259 286 287 539 745 1546 2133 2227 2228 2454 2488
66 66 265 366 2460 2461
67 30 31 49 67 69 107 108 109 110 111 112 113 133 160 161 162 167 257 260 298 361 376 393 402 494 530 573 605 626 627 628 648 1495 1736 1847 1895 2042 2133 2243 2244 2455 2492 2502
69 49 69 208 209 304 467 1347 2132 2133 2134 2135
70 49 50 67 69 70 110 162 259 318 627 711 712 1252 1288 1289 1290 1497 1953 2042 2275 2276 2355 2487
73 51 73 101 107 141 320 2043 2071 2072
75 75 2417
79 58 60 79 80 82 84 85 86 90 154 288 456 603 747 749 1302 1336 1341 1945 1965 2044 2083 2218 2219 2475 2504 2505 2506 2507 2508 2510 2537
80 31 58 60 79 80 84 85 90 126 183 456 541 603 670 747 749 1248 1251 1278 1326 1334 1336 1515 1517 1945 2044 2066 2067 2068 2069 2083 2218 2219 2475 2500 2504 2505 2506 2507 2508 2510
81 81 1350 1957 1958 2086 2529 2530 2531 2532 2533 2534 2535 2536
82 58 60 79 82 83 84 85 90 96 154 456 603 747 1336 1945 2045 2046 2047 2218 2219 2504 2505 2506 2507 2508
83 60 79 82 83 84 85 90 154 456 603 747 2045 2046 2047 2218 2219 2504 2508
84 29 31 36 58 60 79 80 82 83 84 85 86 87 88 89 90 96 151 152 154 155 178 226 235 288 294 301 358 456 471 603 606 615 625 639 673 747 749 1247 1302 1317 1336 1341 1521 1523 1525 1865 1945 1965 2044 2045 2046 2047 2083 2145 2146 2147 2148 2149 2150 2151 2152 2153 2154 2155 2158 2160 2179 2180 2182 2218 2219 2258 2437 2475 2494 2504 2505 2506 2507 2508 2510 2537
85 58 60 79 82 84 85 90 96 178 389 603 747 1336 1945 2048 2218 2219 2504 2505 2506 2507 2508 2509 2510
88 88 669 1355 1412 1553 2434 2494
90 82 85 90 96 603 747 1336 1945 2504 2505 2506 2507 2508
93 85 90 92 93 94 95 96 97 98 178 287 603 747 1336 1945 1957 1965 2048 2181 2266 2504 2505 2506 2507
94 93 94 2266
95 30 69 85 90 93 95 96 129 178 207 208 287 299 375 603 747 1336 1945 1957 2048 2087 2132 2504 2505 2506 2507 2508
96 58 85 90 93 95 96 178 287 288 603 747 1336 1945 2048 2181 2266 2504 2505 2506 2507 2508 2510
99 99 100
100 99 100
101 51 73 101 2043
104 69 104 105 304 547 550 754 755 1327 1329 1900 1997 2102 2256 2267 2280 2281 2282 2283 2284 2285 2286 2287 2288 2289 2290 2291 2292 2293 2294 2295 2296 2297 2298 2299 2300 2301 2302 2303 2304 2305 2306 2307 2308 2309 2310 2311 2312 2313 2314 2315 2316 2317 2318 2319 2320 2321 2322 2323 2324 2325 2326 2327 2328 2329 2330 2331 2332 2333 2334 2335 2336 2337 2338 2339 2340 2341 2342 2343 2344 2345 2346 2347 2348 2349 2350 2351 2352 2353 2354 2406 2407 2408 2409 2410 2411 2412 2413 2493
107 43 107 128 141 320 2071 2072
109 49 67 109 260 494 530
110 67 109 110 133 160 161 162 167 259 260 361 393 494 530 745 1497 2243 2244 2275 2276 2355 2488
115 114 115 116 140 610 2190 2191 2192 2193
116 115 116 138 140 610 1734 2190 2191 2192 2193
124 117 124 464 465 466 684 1516 2180 2248 2249 2420 2568
126 80 126 1248 1515 2066 2067 2068 2069
128 43 107 128 2057 2058
129 95 129 299
130 43 110 130 131 132 133 160 210 259 286 539 745 1712 2133 2454 2488
131 131 132 290 551 552 553 1656 1712
132 130 131 132 290 551 552 553 1656 1712
133 110 130 133 160 167 210 259 286 393 539 745 2133 2454 2488
135 43 128 135 136 137 265 573 581 594 732 1705 2021 2056 2057 2058 2176 2203 2204 2387 2460 2495
136 136 2203 2204
137 15 137 573 581 732 1705 2144 2387 2388 2389 2390 2446 2495
138 116 138 139 140 610 1946 2190 2191 2192
139 138 139 140 2190
140 115 116 138 139 140 610 1734 2190 2191 2192 2193
141 51 73 101 107 128 141 320 2043 2071 2072
142 142 143 178 179 225 748 1837 2142 2143 2510
143 58 85 90 95 96 142 143 144 178 179 225 269 497 603 747 748 1336 1837 1945 2048 2087 2142 2143 2475 2504 2505 2506 2507 2508 2510 2511 2512 2513
144 31 58 60 79 80 142 143 144 178 225 456 713 714 721 747 1837 2044 2083 2218 2219 2475 2504 2510
145 145 2073 2074
147 147 148 631 1295 1297 1647
149 149 150 151 152 153 614 1704 2075 2076 2077 2078 2079 2080 2081 2085
150 149 150 151 152 153 458 473 614 1704 2075 2076 2077 2078 2079 2080 2081 2085
151 149 151 152 153 154 155 471 614 2079 2080 2081 2083 2085
152 149 151 152 153 235 294 301 358 456 614 625 1704 2079 2080 2081 2085 2158 2160
153 149 151 152 153 614 2079 2080 2081 2085
154 58 60 79 82 84 85 151 154 155 226 456 471 615 1247 1317 1521 1523 1525 2083 2144 2145 2146 2147 2148 2149 2150 2151 2152 2153 2154 2218 2219 2258 2437
155 58 60 79 80 81 84 149 151 152 153 154 155 226 471 614 615 1521 1958 2044 2079 2080 2081 2083 2084 2085 2218 2219 2258 2475 2510 2529 2530 2531 2532 2533 2534 2535 2536
156 6 153 156 208 211 377 378 541 646 718 1349 1353 1370 1553 1736 1747 1838 1850 1884 1985 1992 2136 2137 2138 2139 2220 2221 2272 2428 2466 2467 2468 2469 2470 2471 2472
160 67 110 133 160 161 167 393 2243 2244 2454
161 31 49 67 108 109 110 111 130 133 160 161 162 167 210 259 260 286 361 393 394 494 530 539 745 1497 1499 1953 2243 2244 2275 2276 2355 2454 2488
162 67 70 108 110 111 133 160 161 162 167 259 286 298 393 539 745 756 1497 1953 1954 2227 2228 2243 2244 2275 2276 2355 2488 2528
163 163 2232 2233 2234 2235 2236 2237
165 165 1645 1646
166 166 2453
167 110 160 167 393
172 172 266 2569 2570
174 174 470 2257
178 58 85 90 93 95 96 142 143 178 179 225 269 287 497 603 747 748 1336 1837 1945 2048 2087 2142 2143 2218 2219 2504 2505 2506 2507 2508 2510 2511 2512 2513
179 58 85 90 95 96 142 143 178 179 225 269 497 603 747 748 1336 1837 1945 2048 2087 2504 2505 2506 2507 2508 2510 2513
180 180 181
181 180 181
183 11 12 15 182 183 185 186 187 194 196 210 248 2007 2092 2117 2118 2119 2120 2121 2122
185 12 183 185 194 195 196 210 248 364 496 2007 2092 2117 2118 2119 2120 2121 2122 2123 2126 2580
189 189 306 469 520 613 687 1118 1715 2208 2254 2255 2256 2391
190 25 152 188 190 235 293 294 301 302 358 456 599 625 673 746 1270 1514 1520 1620 1621 1970 2158 2160 2182 2445 2449
194 183 185 194 195 196 197 198 210 248 296 364 496 500 2007 2092 2117 2118 2119 2120 2121 2122 2123 2124 2125 2126 2127 2580
195 195 296 500 2123 2124 2125 2126 2127
196 12 31 183 185 194 195 196 197 198 210 248 296 364 496 500 2007 2092 2117 2118 2119 2120 2121 2122 2123 2124 2125 2126 2127 2580
199 199 1685 2128
207 93 95 129 178 207 299 375 376 747 1336 2048 2087 2132 2504
208 69 156 208 209 211 377 467 541 1347 1353 1370 1553 1736 1985 2132 2133 2134 2135 2136 2137 2138 2139
209 69 208 209 467 1347 2132 2133 2134 2135
210 12 62 67 69 78 108 110 111 130 132 133 134 160 161 162 167 183 185 192 193 194 195 196 208 209 210 211 248 259 286 296 364 377 378 393 467 496 500 539 613 632 708 745 756 1347 1353 1481 1497 1537 1546 1928 1985 2007 2092 2117 2118 2119 2120 2121 2122 2123 2124 2125 2126 2127 2133 2134 2135 2136 2137 2138 2139 2243 2244 2428 2454 2488 2580
211 69 156 208 209 211 377 467 541 1347 1349 1353 1370 1493 1494 1553 1736 1985 2132 2133 2134 2135 2136 2137 2138 2139
212 212 213 214 216 2140 2141
213 212 213 214 216 2140 2141
214 212 213 214 216 2140 2141
216 212 213 214 216 2140 2141
217 217 218 460 1706 2438 2439
218 217 218 460 1706 2438 2439
223 223 224
224 223 224
226 154 226 471 581 615 2144 2145 2146 2147 2148 2149 2150 2151 2152 2153 2154 2258
228 81 93 95 195 228 229 230 231 232 287 295 296 358 496 500 1299 1656 1661 1957 1958 2048 2086 2118 2123 2124 2125 2126 2127 2156 2529 2530 2531 2532 2533 2534 2535 2536 2548
229 229 230 231 295 1656 1661 2548
230 229 230 231 295 2548
231 229 230 231 295 1661 2548
233 233 234
234 233 234
235 152 235 294 301 358 456 625 673 1923 2072 2157 2158 2159 2160 2161 2162
236 236 1699 2163 2164
237 237 561 562 2363
238 238 2168 2169
239 238 239 240 2168 2169 2577
246 246 2396
248 12 183 248 2092
255 255 2170
257 15 20 31 67 257 376 402 538 573 626 627 628 1495 1736 1847 1895 2171 2455 2492 2502
259 62 110 133 160 162 167 259 286 393 539 632 745 1497 1546 1928 1953 1954 2227 2228 2275 2276 2355 2454 2488
260 31 49 67 109 110 133 160 161 167 260 393 494 530 605 2042 2243 2244
265 66 265 2176 2460 2461
266 172 266 2569
267 267 391 392 1742
269 58 60 79 80 85 142 143 178 179 225 265 269 458 497 747 748 1837 1939 1945 1949 1950 2044 2083 2087 2142 2143 2176 2218 2219 2460 2475 2504 2505 2506 2507 2508 2510 2511 2512 2513
286 62 133 259 286 539 745 1546 2227 2228 2454 2488
287 31 58 62 81 85 90 93 95 96 178 207 228 286 287 288 299 388 456 603 606 747 1336 1546 1945 1957 1965 2048 2087 2132 2155 2181 2238 2239 2266 2504 2505 2506 2507 2508 2510
288 58 60 79 84 93 96 152 235 287 288 294 301 358 456 606 625 673 747 749 1302 1520 1965 2048 2155 2158 2160 2179 2180 2181 2182 2218 2219 2504 2537
290 131 132 290 551 552 553 1656 1712
292 6 292 302 605 2377 2378 2379 2380
293 25 190 291 293 294 301 599 625 746 1270 1620 1621 2158 2160 2182 2449
294 152 190 235 294 301 358 456 625 673 686 1457 2158 2160 2182 2391
295 152 195 228 229 230 231 235 291 294 295 296 301 358 359 456 486 487 500 625 673 1296 1656 1661 2123 2124 2125 2126 2127 2158 2160 2548
296 195 296 500 2124 2125
298 298 540 1396 2274
299 95 129 207 299 1336 2087 2132
301 152 190 235 294 301 358 456 599 625 673 746 2158 2160 2182
302 6 292 302 480 2377 2378 2379
304 18 30 49 69 104 209 243 291 304 467 673 754 755 1327 1347 1900 2095 2096 2097 2102 2132 2133 2134 2135 2246 2267 2406 2407 2408 2409 2410 2411 2412 2413 2493
306 152 156 189 235 291 294 301 306 321 358 456 469 613 625 673 686 687 1349 1457 1613 2158 2160 2182 2254 2255 2256 2391 2502 2503
315 315 1870 2427
316 316 610 1734
320 51 107 141 320 2071 2072
322 322 2523 2524 2525
351 351 740 1561 1992
358 152 195 235 294 295 301 358 456 486 487 625 2127 2158 2160
361 67 108 110 111 133 160 161 162 167 361 393 2243 2244
362 362 363 612
363 362 363 612
364 185 194 195 196 197 210 364 2007 2117 2118 2119 2120 2121 2122
365 109 365 724 1871 2479 2480
366 66 366 2460
368 368 371 1264 1351 1744 2209 2210 2211 2212 2213 2214
371 368 371 1264 1351 1744 2209 2210 2211 2212 2213 2214
375 95 207 375
376 15 20 31 67 207 257 283 375 376 402 535 536 538 573 626 627 628 1495 1736 1846 1847 1895 2455 2492 2502
377 6 69 156 208 209 211 292 302 351 377 378 467 524 526 541 619 646 718 740 1347 1349 1353 1370 1553 1561 1736 1747 1850 1884 1985 1992 2035 2132 2133 2134 2135 2136 2137 2138 2139 2164 2220 2221 2272 2273 2377 2378 2379 2381 2382 2428 2466 2467 2468 2469 2470 2471 2472
378 6 133 156 208 210 211 292 302 351 377 378 524 526 541 619 646 718 740 1349 1353 1370 1503 1561 1736 1747 1850 1884 1985 1992 2035 2136 2137 2138 2139 2164 2220 2221 2272 2273 2381 2382 2428 2466 2467 2468 2469 2470 2471 2472
382 382 753 2520 2521
386 23 386 387 1243 1851 2177 2229 2230 2231
387 23 386 387 1243 2177 2229 2230 2231
388 287 388 2181 2238 2239
389 58 79 82 85 90 95 96 178 388 389 603 747 1336 1945 2044 2048 2181 2218 2219 2238 2239 2504 2505 2506 2507 2508 2509 2510
390 267 390 391 392 1742
391 267 390 391 392 1742
392 267 390 391 392 1742
393 110 160 161 167 393 2243 2244
397 397 406 455 2245 2371
398 397 398 455 2178 2245
399 399 2247
401 401 601 2383 2384 2514
402 15 20 31 67 257 376 399 402 494 538 573 626 627 628 1252 1495 1736 1847 1895 2171 2247 2455 2492 2502
406 397 406 413 455 2371
413 397 406 413 455 2371
455 397 406 413 455 2245 2371
456 31 58 60 79 80 82 84 85 90 96 151 152 153 154 190 235 288 293 294 295 301 358 456 486 487 603 606 614 625 673 686 746 747 749 1302 1341 1457 1520 1613 1923 1945 1965 2044 2072 2079 2080 2081 2083 2155 2157 2158 2159 2160 2161 2162 2179 2180 2182 2218 2219 2391 2449 2475 2502 2503 2504 2505 2506 2507 2508 2510 2537
458 458 497 748 1939
460 217 218 460 1706 2438 2439
461 461 462 463
462 461 462 463
463 461 462 463
464 124 464 465 466 684 1516 2180 2248 2249 2420 2568
465 20 124 464 465 466 684 685 1516 2180 2248 2249 2420 2568
466 124 464 465 466 684 1516 2180 2248 2249 2420 2421 2568
467 69 208 209 467 1347 2133 2134 2135
469 189 294 306 468 469 520 613 687 1118 1715 2041 2208 2254 2255 2256 2391
470 174 470 2257
471 58 79 84 149 150 151 152 153 154 155 226 471 614 615 1247 1317 1521 1523 1525 2075 2076 2078 2079 2080 2081 2083 2084 2085 2218 2219 2258 2437
472 472 473 622
473 472 473 622
477 477 2259 2260 2261 2448 2549
480 6 164 292 302 480 1993 1994 2035 2377 2378 2379 2381 2382
486 152 195 235 294 295 301 358 456 486 487 625 2127 2158 2160
487 152 195 235 294 295 301 358 456 486 487 625 2127 2158 2160
494 67 109 260 494 530 605
496 30 31 183 185 192 194 195 196 210 217 218 228 229 230 231 295 458 460 496 497 498 499 500 501 502 503 504 505 715 748 1656 1661 1706 1939 1957 2007 2117 2118 2119 2120 2121 2122 2124 2125 2156 2267 2414 2438 2439 2548
497 143 178 225 269 458 496 497 748 1939 1950 2510 2511 2512 2513
500 195 228 296 500 2124 2125
506 506 2404 2405
513 513 517 2271 2515
514 25 508 514 752 1270 1271 1272 1273 1275 1620 1621 2182
517 513 517 2271 2515
520 189 469 520 521 522 523 613 687 1334 2254 2255 2256 2391
524 524 619 2272 2273
526 377 378 524 526 1699 1992 2164 2220 2221 2272 2471 2472
529 529 533
530 49 67 109 260 494 530
533 529 533
535 376 535 536 538
536 376 535 536 538
538 376 535 536 538
539 133 259 286 539 632 745 1320 2227 2228 2454 2488
540 298 540 1396 2274
541 69 80 156 208 209 211 377 467 540 541 542 646 718 1248 1347 1348 1349 1353 1370 1495 1496 1553 1736 1747 1845 1850 1884 1985 2132 2133 2134 2135 2136 2137 2138 2139 2220 2221 2466 2467 2468 2469 2470 2472
543 543 545
545 543 545
547 104 547 550 1329 1997 2256 2280 2281 2282 2283 2284 2285 2286 2287 2288 2289 2290 2291 2292 2293 2294 2295 2296 2297 2298 2299 2300 2301 2302 2303 2304 2305 2306 2307 2308 2309 2310 2311 2312 2313 2314 2315 2316 2317 2318 2319 2320 2321 2322 2323 2324 2325 2326 2327 2328 2329 2330 2331 2332 2333 2334 2335 2336 2337 2338 2339 2340 2341 2342 2343 2344 2345 2346 2347 2348 2349 2350 2351 2352 2353 2354
550 30 104 547 550 1329 1997 2256 2280 2281 2282 2283 2284 2285 2286 2287 2288 2289 2290 2291 2292 2293 2294 2295 2296 2297 2298 2299 2300 2301 2302 2303 2304 2305 2306 2307 2308 2309 2310 2311 2312 2313 2314 2315 2316 2317 2318 2319 2320 2321 2322 2323 2324 2325 2326 2327 2328 2329 2330 2331 2332 2333 2334 2335 2336 2337 2338 2339 2340 2341 2342 2343 2344 2345 2346 2347 2348 2349 2350 2351 2352 2353 2354
551 131 132 290 551 552 553 1656 1712
552 131 132 290 551 552 553 1656 1712
553 131 132 290 551 552 553 1656 1712
555 555 2358
561 237 561 562 2363
562 237 561 562 2363
573 15 31 137 257 302 376 402 573 581 600 626 627 628 732 1495 1705 1847 1895 2387 2446 2455 2492 2495 2502
580 6 302 400 480 580 600 2172 2377 2378 2379
581 15 129 137 226 299 573 581 582 732 1705 2144 2145 2146 2147 2148 2149 2150 2151 2152 2153 2154 2387 2388 2389 2390 2446 2495
590 590 1284 2054 2522
594 594 2021
596 596 1294 2375 2376 2516 2517
599 190 293 294 301 599 625 746 2182 2445 2449
601 401 601 2383 2384 2514
603 58 60 79 82 83 84 85 90 93 95 96 178 287 389 603 747 1336 1945 2045 2046 2048 2218 2219 2504 2505 2506 2507 2508 2509 2510
604 604 2063
605 6 67 292 302 494 605 717 2377 2378 2379 2380
606 288 606 2155
608 608 609 1929 2173 2498 2499
609 608 609 1929 2173
610 116 140 316 610 1734 2190 2191 2192
612 362 363 612
613 66 69 133 189 208 209 467 469 547 550 613 687 1282 1329 1347 1997 2040 2041 2133 2134 2135 2208 2254 2255 2256 2280 2281 2282 2283 2284 2285 2286 2287 2288 2289 2290 2291 2292 2293 2294 2295 2296 2297 2298 2299 2300 2301 2302 2303 2304 2305 2306 2307 2308 2309 2310 2311 2312 2313 2314 2315 2316 2317 2318 2319 2320 2321 2322 2323 2324 2325 2326 2327 2328 2329 2330 2331 2332 2333 2334 2335 2336 2337 2338 2339 2340 2341 2342 2343 2344 2345 2346 2347 2348 2349 2350 2351 2352 2353 2354 2391
614 149 150 151 152 153 614 1704 2079 2080 2081
615 31 60 79 84 151 154 155 226 471 615 1247 1317 1521 1523 1525 2144 2145 2146 2147 2148 2149 2150 2151 2152 2153 2154 2218 2219 2258 2437
616 616 2262 2263 2264
617 617 2265
618 618 705 2268 2269 2270
619 524 619 2272 2273
621 621 1302 1540 2180 2359 2360 2361 2362
622 472 473 622
623 623 2372
625 152 190 235 293 294 301 358 456 625 673 746 1520 2158 2160 2182
626 15 20 31 67 257 376 402 494 538 573 626 627 628 646 718 1252 1495 1736 1847 1895 2171 2455 2492 2502
627 15 20 31 49 67 70 112 257 321 376 402 538 573 626 627 628 634 690 1252 1253 1254 1255 1256 1257 1258 1280 1495 1736 1847 1895 2355 2455 2492 2502
628 15 20 31 67 174 257 376 402 470 494 538 573 626 627 628 750 751 1143 1146 1147 1252 1253 1254 1267 1495 1736 1847 1895 2171 2455 2492 2502
629 629 630 1552 2402
630 629 630 1552 2402
631 631 1295 1297 1647
632 539 632 1320
639 60 639 1341
646 541 646 718 1370 1736 1850 1884 2466 2467 2468 2469 2470
648 49 648 2042
669 88 669 1355 1412 1553 2434
673 235 294 301 625 673 1613 2158 2160 2502 2503
678 678 2447
684 466 684 1516 2249 2420 2568
686 152 235 294 301 358 456 625 673 686 709 1457 1640 1750 1975 2158 2160 2182 2391 2450 2451 2452
687 189 469 613 687 704 1118 1715 2004 2254 2255 2256 2391
704 687 704 1118 2004
705 618 705 2268 2269 2270
707 707 1730
712 712 2487
715 30 715 2267 2414
718 541 646 718 1370 1736 1850 1884 2466 2467 2468 2469 2470
720 20 720 1495 1516
721 144 721 2475
722 722 2476
724 365 724 1871 2479 2480
727 727 2491
730 730 1901 1902 1903 1978
732 137 573 581 732 1705 2387 2495
740 351 740 1561 1992
745 62 110 130 133 160 162 210 259 286 539 745 1546 2133 2227 2228 2454 2488
746 152 190 235 293 294 301 358 456 599 625 673 746 1520 2158 2160 2182
747 58 82 85 90 93 95 96 178 287 603 747 1336 1945 2048 2218 2219 2504 2505 2506 2507 2508 2510
748 31 58 85 90 95 96 142 143 178 179 225 265 269 458 496 497 603 747 748 1336 1837 1939 1945 1949 1950 2048 2087 2142 2143 2504 2505 2506 2507 2508 2510 2511 2512 2513
749 31 36 58 60 79 80 82 84 85 152 154 235 288 294 301 358 456 606 625 639 673 686 746 747 749 1302 1341 1457 1520 1923 1965 2044 2072 2083 2155 2157 2158 2159 2160 2161 2162 2179 2180 2182 2218 2219 2391 2475 2504 2508 2510 2537
752 25 514 752 1270 1272 1620 1621 2182
753 382 753 2520 2521
754 104 304 754 755 1327 1900 2267 2406 2407 2408 2409 2410 2411 2412 2413 2493
755 104 304 754 755 1327 1900 2267 2406 2407 2408 2409 2410 2411 2412 2413 2493
756 31 110 130 133 160 162 210 259 286 539 745 756 1497 1953 2275 2276 2355 2454 2488 2528
882 882 2540 2541 2542 2543
1100 1100 1966
1118 687 704 1118 1715 2004
1206 1206 2544 2545
1243 23 386 387 1243 2177 2229 2230 2231
1247 154 1247 1317 1521 1523 1525 2437
1248 80 126 1248 1515 1517 2500
1252 627 1252
1264 192 368 371 1264 1351 1744 2209 2210 2211 2212 2213 2214
1270 25 514 752 1270 1272 1620 1621 2182 2449
1272 514 1270 1272
1282 1282 2397 2398
1284 590 1284 2054 2055 2522
1286 30 715 1286 1287 2267 2414
1287 1286 1287
1293 597 1293 1294 1995 2375 2403 2517
1294 1294 2375 2516 2517
1295 147 631 1295 1297 1647
1297 147 631 1295 1297 1647
1302 58 60 79 84 152 235 288 294 301 358 456 464 466 539 606 621 625 632 673 684 709 749 1302 1320 1516 1540 2155 2158 2160 2179 2180 2182 2218 2219 2249 2359 2360 2361 2362 2420 2537 2568
1317 1247 1317 1521 1523 1525 2437
1320 539 632 1320
1327 104 304 754 755 1327 1900 2267 2406 2407 2408 2409 2410 2411 2412 2413 2493
1329 104 547 550 1328 1329 1997 2256 2280 2281 2282 2283 2284 2285 2286 2287 2288 2289 2290 2291 2292 2293 2294 2295 2296 2297 2298 2299 2300 2301 2302 2303 2304 2305 2306 2307 2308 2309 2310 2311 2312 2313 2314 2315 2316 2317 2318 2319 2320 2321 2322 2323 2324 2325 2326 2327 2328 2329 2330 2331 2332 2333 2334 2335 2336 2337 2338 2339 2340 2341 2342 2343 2344 2345 2346 2347 2348 2349 2350 2351 2352 2353 2354
1336 58 82 85 90 93 95 96 178 207 287 299 389 603 747 1336 1945 2048 2087 2132 2218 2219 2504 2505 2506 2507 2508 2509 2510
1339 1339 1340 2415
1340 1339 1340 2415
1341 58 60 79 84 456 639 749 1341 2218 2219
1346 1346 2418 2419
1347 69 208 209 467 1347 2133 2134 2135
1349 156 541 1349 1747
1350 81 156 1349 1350 1957 1958 2086 2529 2530 2531 2532 2533 2534 2535 2536
1351 368 371 1264 1351 1744 2209 2210 2211 2212 2213 2214
1353 69 156 208 209 211 377 467 541 1347 1349 1353 1370 1553 1736 1985 2132 2133 2134 2135 2136 2137 2138 2139
1355 88 669 1355 1412 1553 2434
1359 1359 1484 1485 1486 1487 2422 2423 2424 2425 2426
1370 69 156 208 209 211 377 467 541 646 718 1347 1349 1353 1370 1553 1736 1850 1884 1985 2132 2133 2134 2135 2136 2137 2138 2139 2466 2467 2468 2469 2470
1396 298 540 1396 2274
1412 88 669 1355 1412 1553 2434
1457 152 190 235 294 301 358 456 625 673 686 1349 1457 1640 2158 2160 2182 2391 2450 2451 2452
1484 1359 1484 1485 1486 1487 2422 2423 2424 2425 2426
1485 1359 1484 1485 1486 1487 2422 2423 2424 2425 2426
1486 1359 1484 1485 1486 1487 2422 2423 2424 2425 2426
1487 1359 1484 1485 1486 1487 2422 2423 2424 2425 2426
1494 20 1494 1495
1495 20 31 67 257 376 402 541 573 626 627 628 720 1494 1495 1516 1736 1847 1895 2455 2492 2502
1497 70 108 110 111 133 160 161 162 164 167 259 286 393 539 656 745 756 1497 1498 1499 1500 1501 1502 1953 1954 2227 2228 2243 2244 2275 2276 2355 2488 2528
1512 1512 1513 1514
1513 1512 1513 1514
1514 1512 1513 1514
1515 80 126 1248 1515
1516 20 466 684 720 1495 1516 2249 2420 2568
1517 1248 1517 2500
1520 152 190 195 235 293 294 301 358 455 456 625 673 746 1420 1520 2158 2160 2182
1521 154 471 615 1247 1317 1521 1523 1525 2258 2437
1523 154 471 615 1247 1317 1521 1523 1525 2258 2437
1525 154 471 615 1247 1317 1521 1523 1525 2258 2437
1528 1528 1531 1977 2440
1531 1528 1531 1977 2440
1534 1534 1535
1535 1534 1535
1540 621 1540 2180 2359 2360 2361 2362
1546 62 133 259 286 539 745 1546 2488
1550 1549 1550 1551 1613 2364 2365 2366 2369 2370
1551 1549 1550 1551 1613 2364 2365 2366 2369 2370
1552 629 630 1552 2402
1553 69 88 156 208 209 211 377 467 541 669 673 709 1347 1353 1355 1370 1412 1553 1736 1985 2132 2133 2134 2135 2136 2137 2138 2139 2434 2494
1561 351 740 1561 1992
1613 235 294 301 625 673 1550 1551 1613 2158 2160 2365 2366 2369 2370 2502 2503
1615 1615 1617 1927 1931
1617 1615 1617 1927 1931
1620 25 190 293 294 301 514 625 746 752 1270 1620 1621 2009 2158 2160 2182 2449
1621 25 190 293 294 301 514 625 746 752 1270 1324 1620 1621 2158 2160 2182 2449
1640 686 1457 1640 2450 2451 2452
1645 165 1645 1646
1646 165 1645 1646
1647 631 1295 1297 1647
1648 1648 1649
1649 1648 1649
1655 1655 2443 2444
1656 130 131 132 229 230 231 290 295 551 552 553 690 1656 1661 1712 2548
1661 229 230 231 295 690 1656 1661 2548
1685 199 1685 2128 2207
1694 1694 2481 2482
1699 236 1699 2163 2164 2471
1704 149 150 151 152 153 614 1704 2079 2080 2081
1705 15 137 573 581 732 1705 1706 2144 2387 2388 2389 2390 2446 2495
1706 217 218 460 1706 2438 2439
1712 130 131 132 229 290 551 552 553 1656 1661 1712
1715 189 469 687 704 1118 1714 1715 2254 2255 2256 2391
1730 707 1730
1731 1731 1732
1732 1731 1732
1734 316 610 1734 2190
1736 541 646 718 1370 1736 1850 1884 2466 2467 2468 2469 2470
1742 267 390 391 392 1742
1744 368 371 709 1264 1351 1744 2209 2210 2211 2212 2213 2214
1747 156 208 377 378 541 709 1349 1736 1747 1838 1992 2220 2221 2272 2471 2472
1837 31 58 85 90 95 96 142 143 144 178 179 225 269 497 603 747 748 1336 1837 1945 2048 2087 2475 2504 2505 2506 2507 2508 2510 2513
1847 15 20 31 67 257 376 402 494 538 573 626 627 628 1252 1495 1736 1847 1895 2171 2455 2492 2502
1850 541 646 718 1370 1736 1850 1851 1884 2466 2467 2468 2469 2470
1851 23 386 387 1850 1851 2177 2229 2230 2231
1863 1863 1864
1864 1863 1864
1870 315 1870 2427
1871 365 724 1871 2479 2480
1882 1882 1883
1883 1882 1883
1884 111 541 646 718 1370 1736 1850 1884 2466 2467 2468 2469 2470
1887 1887 1888
1888 1887 1888
1890 1890 1895 1896
1895 31 257 376 402 573 626 627 628 1495 1847 1890 1895 1896 2455 2492 2502
1896 1890 1895 1896
1899 1899 1987
1900 104 304 754 755 1327 1900 2267 2406 2407 2408 2409 2410 2411 2412 2413 2493
1901 730 1901 1902 1903 1978
1902 730 1901 1902 1903 1978
1903 730 1901 1902 1903 1978
1904 1904 2049
1923 152 235 294 301 324 358 456 625 673 1923 1924 2072 2157 2158 2159 2160 2161 2162 2567
1927 1615 1617 1927 1931
1929 608 609 1929 2173 2498 2499
1930 1930 2001
1931 1615 1617 1927 1931
1933 1933 1934
1934 1933 1934
1939 458 497 748 1939 2513
1945 58 85 90 96 178 603 747 1336 1945 2504 2505 2506 2507 2508 2510
1950 178 225 269 748 1950 2510 2511 2512
1953 70 110 133 160 162 259 393 539 745 756 1497 1953 2227 2228 2243 2244 2275 2276 2355 2488 2528
1957 58 81 85 90 93 95 96 178 195 207 228 229 230 231 232 287 299 496 500 603 747 1336 1350 1945 1957 1958 2048 2086 2087 2124 2125 2132 2156 2181 2266 2504 2505 2506 2507 2508 2529 2530 2531 2532 2533 2534 2535 2536
1958 81 228 1350 1957 1958 1959 2086 2529 2530 2531 2532 2533 2534 2535 2536
1966 1100 1966
1973 1973 2563 2564
1977 1528 1531 1977 2440
1978 730 1901 1902 1903 1978
1985 69 156 208 209 211 377 467 541 1347 1353 1370 1553 1736 1985 2132 2133 2134 2135 2136 2137 2138 2139
1987 1899 1987
1992 6 156 208 351 377 378 541 740 1561 1736 1992 2220 2221 2272 2471 2472
1993 302 480 1993 1994 2377 2378 2379
1994 302 480 1993 1994
1997 104 547 550 1329 1997 2256 2280 2281 2282 2283 2284 2285 2286 2287 2288 2289 2290 2291 2292 2293 2294 2295 2296 2297 2298 2299 2300 2301 2302 2303 2304 2305 2306 2307 2308 2309 2310 2311 2312 2313 2314 2315 2316 2317 2318 2319 2320 2321 2322 2323 2324 2325 2326 2327 2328 2329 2330 2331 2332 2333 2334 2335 2336 2337 2338 2339 2340 2341 2342 2343 2344 2345 2346 2347 2348 2349 2350 2351 2352 2353 2354
1998 1998 1999
1999 1998 1999
2001 1930 2001
2004 687 704 1118 2004
2007 12 183 185 194 195 196 210 248 364 496 2007 2092 2117 2118 2119 2120 2121 2122 2123 2126 2580
2015 2015 2587 2588 2589 2590 2591 2592
2021 594 2021
2024 2024 2070
2025 2025 2026 2027
2026 2025 2026 2027
2027 2025 2026 2027
2029 46 2029
