513 513 517 591 2271 2515
6 6 7 8 9 10 156 164 208 211 292 302 351 377 378 480 494 524 526 541 570 573 600 605 619 646 718 740 1248 1261 1299 1353 1370 1507 1561 1736 1747 1850 1884 1891 1984 1985 1992 1993 1994 2030 2035 2136 2137 2138 2139 2164 2220 2221 2272 2273 2377 2378 2379 2380 2381 2382 2428 2446 2466 2467 2468 2469 2470 2471 2472 2782 3172 4585
12 11 12 13 14 15 16 17 30 134 182 183 184 185 186 187 194 196 210 242 248 364 496 499 568 569 570 571 572 573 574 575 715 1281 1531 1615 1617 1619 1852 1927 1931 1969 2007 2010 2092 2117 2118 2119 2120 2121 2122 2414 2440 2446 2580 2603 2672 2757 2777 2840 3270
524 130 131 132 290 377 378 524 525 526 527 528 551 552 553 587 619 1709 1712 2164 2220 2221 2272 2273 2471 2472
526 6 131 156 208 211 236 351 377 378 524 525 526 527 528 541 587 619 646 718 740 1353 1370 1561 1698 1699 1709 1712 1736 1747 1850 1884 1985 1992 2035 2136 2137 2138 2139 2163 2164 2220 2221 2272 2273 2381 2382 2428 2466 2467 2468 2469 2470 2471 2472
15 11 12 15 134 137 183 184 186 248 499 568 569 570 571 572 573 574 575 598 600 729 732 1281 1705 1852 2092 2446 2495 2603
1550 1549 1550 1551 1613 2364 2365 2366 2369 2370
529 30 111 233 234 298 529 530 531 532 533 540 715 1396 1844 2274 2414
530 49 67 68 69 106 109 110 160 161 167 233 260 393 494 495 529 530 531 532 533 605 648 1301 1844 2042 2243 2244 2659 2957
19 18 19 2036
1553 88 208 211 669 1353 1355 1370 1412 1553 1985 2136 2137 2138 2139 2434 2494
21 21 22
533 30 111 233 234 298 529 530 531 532 533 540 715 1396 1844 2274 2414
535 376 535 536 537 538
536 376 535 536 537 538
538 376 535 536 538
539 62 67 70 108 110 111 130 132 133 134 160 161 162 167 210 259 286 298 303 393 467 494 529 539 540 560 605 632 633 745 756 1302 1303 1304 1305 1306 1307 1308 1309 1310 1311 1312 1313 1314 1315 1316 1318 1319 1320 1347 1396 1497 1546 1928 1953 1954 1976 2133 2179 2227 2228 2243 2244 2274 2275 2276 2355 2454 2488 2528 2702 2752 2759 2851 2985 3909
540 298 540 1396 2274
541 156 208 209 211 298 377 540 541 542 646 718 1248 1251 1348 1353 1370 1396 1493 1496 1553 1736 1747 1845 1850 1884 1985 2132 2134 2135 2136 2137 2138 2139 2220 2221 2274 2466 2467 2468 2469 2470 2472 2500 2672 2745 3962 4086 4087 4328
30 1 2 12 27 28 29 30 32 33 66 78 113 171 172 176 177 183 192 193 207 212 213 214 216 217 218 248 266 304 366 367 460 498 502 503 504 505 506 529 531 532 533 534 550 708 715 754 755 1286 1287 1327 1537 1541 1542 1543 1706 1844 1900 2092 2140 2267 2404 2405 2406 2407 2408 2409 2410 2411 2412 2413 2414 2438 2439 2493 2569 2570 2659 2687 2777 2823 2955 3088 3887 3928 3938
31 2 13 15 20 24 29 30 31 32 36 38 39 42 45 49 52 56 67 71 74 80 85 86 89 91 93 99 100 104 107 108 109 110 111 112 113 114 126 129 130 131 132 133 134 137 144 150 152 157 161 162 163 169 171 172 173 174 175 176 183 186 188 191 192 193 197 198 207 233 234 257 259 260 262 263 264 265 266 270 278 279 280 281 283 287 288 291 293 299 301 302 309 310 312 314 316 318 319 321 324 325 332 335 336 341 344 349 350 356 357 361 375 376 382 394 402 456 477 489 492 493 494 499 500 501 505 507 508 513 515 516 518 519 521 524 528 529 530 533 535 536 538 539 548 549 569 570 573 582 584 585 596 597 600 602 603 604 605 606 607 608 609 610 611 616 618 619 620 621 624 625 626 627 628 632 633 634 635 636 637 638 639 640 641 642 643 644 645 646 647 649 650 651 652 653 654 655 656 657 658 659 660 661 662 663 664 665 666 667 668 669 670 671 672 673 674 675 676 677 679 680 681 682 683 685 686 688 689 690 691 692 693 694 695 696 697 698 699 700 701 702 703 705 706 708 709 710 711 712 713 714 715 716 717 718 719 720 723 724 725 726 727 728 729 730 731 732 733 734 735 736 737 738 739 740 741 742 743 744 745 746 748 750 751 752 753 756 757 758 759 760 761 762 763 764 765 766 767 768 769 770 771 772 773 774 775 776 777 778 779 780 781 782 783 784 785 786 787 788 789 790 791 792 793 794 795 796 797 798 799 800 801 802 803 804 805 806 807 808 809 810 811 812 813 814 815 816 817 818 819 820 821 822 823 824 825 826 827 828 829 830 831 832 833 834 835 836 837 838 839 840 841 842 843 844 845 846 847 848 849 850 851 852 853 854 855 856 857 858 859 860 861 862 863 864 865 866 867 868 869 870 871 872 873 874 875 876 877 878 879 880 881 883 884 885 886 887 888 889 890 891 892 893 894 895 896 897 898 899 900 901 902 903 904 905 906 907 908 909 910 911 912 913 914 915 916 917 918 919 920 921 922 923 924 925 926 927 928 929 930 931 932 933 934 935 936 937 938 939 940 941 942 943 944 945 946 947 948 949 950 951 952 953 954 955 956 957 958 959 960 961 962 963 964 965 966 967 968 969 970 971 972 973 974 975 976 977 978 979 980 981 982 983 984 985 986 987 988 989 990 991 992 993 994 995 996 997 998 999 1000 1001 1002 1003 1004 1005 1006 1007 1008 1009 1010 1011 1012 1013 1014 1015 1016 1017 1018 1019 1020 1021 1022 1023 1024 1025 1026 1027 1028 1029 1030 1031 1032 1033 1034 1035 1036 1037 1038 1039 1040 1041 1042 1043 1044 1045 1046 1047 1048 1049 1050 1051 1052 1053 1054 1055 1056 1057 1058 1059 1060 1061 1062 1063 1064 1065 1066 1067 1068 1069 1070 1071 1072 1073 1074 1075 1076 1077 1078 1079 1080 1081 1082 1083 1084 1085 1086 1087 1088 1089 1090 1091 1092 1093 1094 1095 1096 1097 1098 1099 1100 1101 1102 1103 1104 1105 1106 1107 1108 1109 1110 1111 1112 1113 1114 1115 1116 1117 1119 1120 1121 1122 1123 1124 1125 1126 1127 1128 1129 1130 1131 1132 1133 1134 1135 1136 1137 1138 1139 1140 1141 1142 1143 1144 1145 1146 1147 1148 1149 1150 1151 1152 1153 1154 1155 1156 1157 1158 1159 1160 1161 1162 1163 1164 1165 1166 1167 1168 1169 1170 1171 1172 1173 1174 1175 1176 1177 1178 1179 1180 1181 1182 1183 1184 1185 1186 1187 1188 1189 1190 1191 1192 1193 1194 1195 1196 1197 1198 1199 1200 1201 1202 1203 1204 1205 1206 1207 1208 1209 1210 1211 1212 1213 1214 1215 1216 1217 1218 1219 1220 1221 1222 1223 1224 1225 1226 1227 1228 1229 1230 1231 1232 1233 1234 1235 1236 1237 1238 1239 1240 1241 1242 1248 1251 1252 1253 1254 1259 1260 1261 1262 1263 1266 1268 1270 1273 1274 1280 1285 1292 1320 1321 1322 1328 1330 1331 1334 1335 1337 1338 1341 1349 1370 1387 1482 1483 1494 1495 1497 1499 1505 1516 1537 1545 1547 1548 1615 1617 1619 1622 1632 1633 1634 1642 1681 1705 1708 1712 1723 1732 1733 1734 1735 1736 1835 1839 1847 1850 1853 1867 1884 1890 1891 1892 1895 1896 1901 1924 1927 1931 1945 1947 1948 1953 1954 1960 1963 1965 1966 1968 1969 1976 2005 2011 2030 2063 2067 2171 2173 2262 2263 2264 2268 2269 2270 2271 2272 2376 2446 2455 2466 2467 2468 2469 2470 2475 2479 2480 2487 2491 2492 2495 2502 2503 2513 2520 2521 2544 2545 2549 2610 2612 2614 2617 2635 2638 2650 2659 2662 2672 2673 2676 2682 2702 2720 2741 2745 2746 2752 2757 2759 2777 2782 2788 2827 2851 2858 2882 2884 2886 2954 2955 2957 2968 2985 2991 3056 3057 3058 3064 3065 3088 3106 3112 3143 3144 3145 3197 3204 3205 3206 3207 3209 3214 3215 3218 3219 3220 3221 3222 3223 3238 3240 3265 3270 3276 3279 3296 3297 3299 3310 3313 3314 3338 3339 3341 3346 3347 3474 3710 3874 3887 3921 3938 3988 4107 4109 4132 4138 4239 4322 4323 4326 4429 4463 4596
545 543 545
34 34 2039
547 547 550 1329 1997 2256 2280 2281 2282 2283 2284 2285 2286 2287 2288 2289 2290 2291 2292 2293 2294 2295 2296 2297 2298 2299 2300 2301 2302 2303 2304 2305 2306 2307 2308 2309 2310 2311 2312 2313 2314 2315 2316 2317 2318 2319 2320 2321 2322 2323 2324 2325 2326 2327 2328 2329 2330 2331 2332 2333 2334 2335 2336 2337 2338 2339 2340 2341 2342 2343 2344 2345 2346 2347 2348 2349 2350 2351 2352 2353 2354
550 30 547 550 715 1329 1997 2256 2267 2280 2281 2282 2283 2284 2285 2286 2287 2288 2289 2290 2291 2292 2293 2294 2295 2296 2297 2298 2299 2300 2301 2302 2303 2304 2305 2306 2307 2308 2309 2310 2311 2312 2313 2314 2315 2316 2317 2318 2319 2320 2321 2322 2323 2324 2325 2326 2327 2328 2329 2330 2331 2332 2333 2334 2335 2336 2337 2338 2339 2340 2341 2342 2343 2344 2345 2346 2347 2348 2349 2350 2351 2352 2353 2354 2414
555 508 513 517 555 556 557 558 559 563 591 703 1325 1684 1686 1687 1688 1689 1690 1691 1692 1693 1695 1696 1697 1698 1700 1701 1702 1703 2271 2358 2515 2886 2979 3909 4286
49 36 49 50 67 68 69 71 106 109 209 260 467 494 530 648 711 1288 1347 1836 1976 2042 2132 2133 2134 2135 2659 2662 4326
51 51 72 73 74 101 141 320 2043 2071 2072
60 2 28 29 36 37 38 39 40 41 42 44 45 47 48 49 50 51 52 53 54 55 56 57 58 59 60 61 63 64 65 73 79 80 82 83 84 85 86 90 93 95 96 126 143 144 151 152 153 154 155 178 179 190 203 225 226 235 269 287 288 293 294 301 358 389 456 471 486 487 603 606 615 625 639 673 686 713 714 721 746 747 748 749 757 1247 1248 1302 1317 1336 1341 1342 1457 1515 1520 1521 1523 1525 1544 1837 1923 1945 1950 1965 2044 2045 2046 2047 2048 2066 2067 2072 2083 2084 2087 2145 2146 2147 2148 2149 2150 2151 2152 2153 2154 2155 2157 2158 2159 2160 2161 2162 2179 2180 2182 2218 2219 2258 2391 2437 2475 2500 2503 2504 2505 2506 2507 2508 2509 2510 2511 2512 2537 2635 2638 2650 2654 2672 2673 2676 2746 4429
573 15 137 573 581 600 732 1705 2446 2495
66 41 66 366 1506 2460 2461 3205
69 49 69 95 106 208 209 304 467 648 754 755 1327 1347 1353 1985 2042 2132 2133 2134 2135 2136 2137 2138 2139 2406 2407 2408 2409 2410 2411 2412 2413 3058 3059 3939
581 137 226 573 581 582 732 1160 1705 2144 2145 2146 2147 2148 2149 2150 2151 2152 2153 2154 2387 2388 2389 2390 2446 2495 2891
73 51 72 73 74 101 141 320 2043 2071 2072
75 75 2417
1100 1100 1966
590 97 129 284 285 299 581 590 1283 1284 1359 1484 1485 1486 1487 1872 2054 2055 2144 2422 2423 2424 2425 2426 2522 2891
1615 1615 1617 1927 1931
79 29 58 60 79 80 82 83 84 85 86 87 88 89 90 144 154 155 288 456 471 603 606 615 639 721 747 749 1302 1341 1515 1865 1945 1965 2044 2045 2046 2083 2084 2155 2179 2218 2219 2258 2475 2494 2504 2505 2506 2507 2508 2510 2537 2650 2672 2673 2676
594 594 2021
596 595 596 597 1294 1844 2375 2376 2516 2517
85 58 60 79 82 84 85 90 96 178 389 603 747 1336 1945 2044 2048 2218 2219 2504 2505 2506 2507 2508 2509 2510 2676
1620 21 24 25 26 152 190 235 293 294 301 306 358 456 486 487 488 489 490 491 508 514 515 516 599 625 673 686 746 752 1269 1270 1271 1272 1273 1274 1275 1324 1325 1457 1520 1613 1620 1621 1640 1686 1688 1689 1690 1691 1692 1693 1697 1698 1703 1926 2009 2158 2159 2160 2161 2162 2182 2391 2445 2449 2450 2451 2452 2502 2503 2537 2614 2615 2617 2979 3106 3862 4112 4213
599 25 152 188 190 191 235 293 294 301 302 358 456 480 486 487 514 599 625 673 686 746 752 1270 1457 1520 1620 1621 1970 2009 2072 2157 2158 2159 2160 2161 2162 2182 2377 2378 2379 2391 2445 2449 2503 2782 4106 4112
88 86 88 669 1355 1412 1553 2434 2494 2676 3050
601 400 401 402 403 404 601 1359 1484 1485 1486 1487 2383 2384 2422 2423 2424 2425 2426 2514 2991 2993
603 58 60 79 82 83 84 85 90 93 95 96 178 179 287 389 603 747 1336 1837 1945 2044 2045 2046 2047 2048 2087 2218 2219 2504 2505 2506 2507 2508 2509 2510
604 604 2063
93 30 58 62 79 81 82 84 85 86 90 92 93 94 95 96 97 98 129 178 179 207 228 286 287 299 375 388 389 456 500 603 715 747 750 757 1336 1546 1636 1837 1945 1957 1965 2044 2048 2087 2132 2156 2181 2218 2219 2238 2239 2266 2414 2504 2505 2506 2507 2508 2509 2510 2529 2530 2531 2532 2533 2534 2535 2536 2650 2676 2686 2687 2688 2880 2891 3058 3276 3928
606 288 606 2155
608 608 609 1929 2173 2498 2499
609 608 609 1929 2173 2498 2499
610 140 316 610 1734 2190 2191 2192
100 99 100 174 470 669 750 751 1143 1146 1147 1947 1948 1965 2691 3220
101 51 72 73 74 101 141 320 2043 2071
104 69 104 105 243 304 547 550 754 755 1327 1329 1900 1997 2096 2102 2246 2256 2267 2280 2281 2282 2283 2284 2285 2286 2287 2288 2289 2290 2291 2292 2293 2294 2295 2296 2297 2298 2299 2300 2301 2302 2303 2304 2305 2306 2307 2308 2309 2310 2311 2312 2313 2314 2315 2316 2317 2318 2319 2320 2321 2322 2323 2324 2325 2326 2327 2328 2329 2330 2331 2332 2333 2334 2335 2336 2337 2338 2339 2340 2341 2342 2343 2344 2345 2346 2347 2348 2349 2350 2351 2352 2353 2354 2406 2407 2408 2409 2410 2411 2412 2413 2493 2610
616 616 2262 2263 2264
618 618 705 2268 2269 2270
107 43 51 73 107 111 112 113 128 141 262 320 1499 2057 2058 2071 2072 2659 2702 2720 2733 2752 2985
619 524 619 2272 2273
621 621 1540 2359 2360 2361 2362
109 30 49 67 68 69 71 106 107 108 109 110 111 112 113 133 160 161 162 167 260 292 298 361 393 494 495 529 530 533 540 605 648 1301 1499 1836 1976 2042 2243 2244 2659 2662 2702 2752 2759 2957 2985 4463
1648 1648 1649 1650 1651 1652 1653 1654 4241
625 25 58 60 79 84 141 149 150 151 152 153 155 190 195 230 231 235 288 293 294 295 296 301 306 324 358 456 471 483 484 485 486 487 514 599 606 614 625 673 686 746 749 752 1270 1302 1341 1420 1457 1520 1613 1620 1621 1640 1704 1923 1924 1965 2009 2030 2044 2072 2075 2076 2077 2078 2079 2080 2081 2083 2085 2123 2124 2125 2126 2127 2155 2157 2158 2159 2160 2161 2162 2179 2180 2182 2218 2219 2370 2391 2416 2445 2449 2450 2451 2452 2502 2503 2537 2548 2567 2745 2747 2782 2787 2887 3047 3078 3862 4112
115 114 115 116 138 139 140 316 610 1734 2190 2191 2192 2193 2708
1655 1655 2443 2444
632 62 67 109 110 130 133 160 162 210 259 260 286 298 303 456 494 495 530 539 540 605 632 633 745 812 1301 1302 1303 1304 1305 1306 1307 1308 1309 1310 1311 1312 1313 1314 1315 1316 1318 1319 1320 1396 1546 1622 1684 1698 1709 1976 2133 2179 2180 2227 2228 2274 2454 2488 3909 4569 4570
1656 131 132 229 230 231 290 295 551 552 553 1656 1661 1712 2548 4304
1551 1549 1550 1551 1613 2364 2365 2366 2369 2370
126 28 80 126 1515 2066 2067 2068 2069
639 58 60 79 84 456 639 749 1341 1342 1544 2044 2218 2219
129 31 36 39 43 49 56 69 85 90 92 93 95 96 97 101 107 112 128 129 130 132 137 141 143 172 178 179 207 208 209 257 287 291 299 306 309 310 312 314 316 318 319 320 321 322 325 332 335 336 341 342 344 349 350 356 375 376 389 402 518 519 525 528 573 581 582 590 603 607 609 610 626 627 628 637 642 680 682 688 690 691 692 693 694 695 696 697 698 699 700 701 708 711 719 732 737 747 763 791 1029 1253 1255 1256 1280 1284 1309 1319 1336 1354 1360 1366 1368 1384 1386 1387 1395 1404 1414 1480 1495 1499 1507 1528 1529 1541 1553 1554 1555 1556 1557 1558 1559 1560 1562 1563 1564 1565 1566 1567 1568 1569 1570 1571 1572 1573 1574 1575 1576 1577 1578 1579 1580 1581 1582 1583 1584 1585 1586 1587 1588 1589 1590 1591 1592 1593 1594 1595 1596 1597 1598 1599 1600 1601 1602 1603 1604 1605 1606 1607 1608 1609 1610 1611 1612 1614 1616 1622 1623 1636 1655 1656 1657 1658 1659 1660 1662 1663 1664 1665 1666 1667 1668 1669 1670 1671 1672 1673 1674 1675 1676 1677 1678 1679 1680 1705 1709 1734 1837 1847 1866 1872 1945 1957 2048 2054 2071 2087 2132 2134 2135 2144 2181 2266 2443 2444 2455 2492 2495 2502 2504 2505 2506 2507 2508 2509 2510 2522 2635 2638 2659 2686 2687 2688 2720 2727 2733 2752 2777 2838 2858 2884 2891 2968 2985 3219 3223 3265 3276 4004 4144 4153 4205 4253 4326 4519
130 62 110 130 131 132 133 134 160 167 210 259 286 290 539 551 552 553 587 745 1546 1656 1712 1928 2133 2454 2488 2635
131 130 131 132 290 524 551 552 553 587 1656 1712
132 130 131 132 290 551 552 553 1656 1712
133 49 59 62 67 68 69 107 108 109 110 111 112 130 131 132 133 134 158 160 161 162 164 167 168 169 185 194 196 208 209 210 259 260 261 262 286 287 290 298 361 393 394 396 467 494 530 539 540 551 552 553 613 632 656 729 745 756 1320 1347 1497 1498 1499 1500 1501 1502 1531 1546 1712 1885 1886 1928 1953 1954 2007 2041 2117 2118 2119 2120 2121 2122 2132 2133 2134 2135 2208 2227 2228 2243 2244 2275 2276 2355 2454 2488 2528 2635 2654 2659 2702 2752 2757 2759 2851 2852 2985 4545
136 136 2203 2204
139 115 116 138 139 140 316 610 1734 1946 2190 2191 2192 2193 2730 2732
143 58 85 90 95 96 142 143 144 178 179 225 269 299 389 458 497 603 713 714 721 747 748 1336 1837 1939 1945 1949 1950 2044 2048 2087 2142 2143 2218 2219 2475 2504 2505 2506 2507 2508 2509 2510 2511 2512 2513 2734 2770 4429 4542
144 58 60 79 80 84 85 142 143 144 178 179 225 269 456 713 714 721 747 748 749 1515 1837 1945 2044 2083 2084 2142 2143 2218 2219 2475 2504 2507 2508 2510 2511 2512 2734 4429
1685 199 1685 2128 2207
150 149 150 151 152 153 157 459 614 1704 2075 2076 2077 2078 2079 2080 2081 2082 2085 2741 2745 2747 3050 3052 3064 3065 4296
151 149 150 151 152 153 154 155 471 614 615 1704 2075 2076 2077 2078 2079 2080 2081 2083 2084 2085 2258 2745 2746 2747
152 149 150 151 152 153 155 157 190 235 293 294 301 358 456 471 486 487 614 625 673 686 746 1457 1520 1613 1704 1923 2030 2072 2075 2076 2077 2078 2079 2080 2081 2082 2083 2084 2085 2157 2158 2159 2160 2161 2162 2182 2391 2416 2449 2502 2503 2537 2567 2673 2741 2745 2746 2747 4112
156 6 156 157 208 211 351 377 378 524 526 540 541 542 619 646 718 740 1248 1348 1349 1353 1370 1496 1553 1561 1736 1747 1845 1850 1884 1985 1992 2035 2136 2137 2138 2139 2164 2220 2221 2272 2273 2381 2382 2428 2466 2467 2468 2469 2470 2471 2472 2672 2741 2745 2747 2969 3962 4087 4328
669 88 100 174 669 750 751 1143 1146 1147 1355 1412 1553 1947 1948 2434 2494 3220
161 49 59 67 68 70 107 108 109 110 111 112 113 130 133 134 158 160 161 162 163 164 166 167 168 169 210 259 260 261 262 286 298 361 393 394 396 494 529 530 539 745 756 1398 1429 1497 1498 1499 1884 1885 1886 1928 1953 1954 2227 2228 2243 2244 2275 2276 2355 2453 2454 2488 2528 2654 2659 2702 2752 2757 2759 2851 2852 2985 4328
162 59 62 67 70 108 109 110 111 112 133 160 161 162 164 167 168 169 259 260 286 298 361 393 394 539 540 656 745 756 1396 1497 1498 1499 1500 1501 1502 1546 1928 1953 1954 2227 2228 2243 2244 2274 2275 2276 2355 2454 2488 2528 2659 2702 2752 2757 2759 2851 2985 4545
163 163 2232 2233 2234 2235 2236 2237
1699 236 1699 2163 2164
166 36 59 107 108 109 110 111 112 113 130 133 134 158 159 160 161 162 163 164 166 168 169 170 186 210 261 262 298 361 394 480 745 756 1497 1498 1499 1928 1953 1954 2232 2233 2234 2235 2236 2237 2275 2276 2355 2453 2454 2488 2654 2659 2702 2752 2757 2759 2851 2852 2985
172 172 177 266 2569 2570
686 686 1457 1640 2450 2451 2452
174 174 470 2257
179 58 85 90 93 95 96 142 143 144 178 179 207 225 269 287 299 389 458 497 603 747 748 1336 1837 1939 1945 1950 2044 2048 2087 2132 2142 2143 2218 2219 2475 2504 2505 2506 2507 2508 2509 2510 2511 2512 2513 2734 2770
1206 1206 2544 2545
183 11 12 14 15 16 17 30 182 183 184 185 186 187 194 196 210 248 364 496 499 570 715 1615 1617 1927 1931 2007 2092 2117 2118 2119 2120 2121 2122 2414 2580 2603 2672 2777
189 69 188 189 191 209 294 301 306 358 467 468 469 520 547 550 613 625 673 686 687 704 1118 1329 1347 1457 1684 1698 1703 1715 1940 1970 1997 2004 2040 2041 2133 2134 2135 2158 2160 2182 2208 2254 2255 2256 2280 2281 2282 2283 2284 2285 2286 2287 2288 2289 2290 2291 2292 2293 2294 2295 2296 2297 2298 2299 2300 2301 2302 2303 2304 2305 2306 2307 2308 2309 2310 2311 2312 2313 2314 2315 2316 2317 2318 2319 2320 2321 2322 2323 2324 2325 2326 2327 2328 2329 2330 2331 2332 2333 2334 2335 2336 2337 2338 2339 2340 2341 2342 2343 2344 2345 2346 2347 2348 2349 2350 2351 2352 2353 2354 2391 2782 2886 3061 4106
1732 1731 1732
199 199 200 201 202 1685 2128 2207
712 712 2487
715 30 715 2267 2414
1742 267 390 391 392 640 1504 1742 2982
207 30 69 85 90 92 93 94 95 96 98 129 143 178 179 207 208 209 228 283 287 299 375 389 467 603 715 747 1336 1347 1353 1837 1846 1847 1945 1957 1965 1985 2048 2087 2132 2133 2134 2135 2136 2137 2138 2139 2181 2266 2267 2414 2504 2505 2506 2507 2508 2509 2510 2686 2687 2688 2720 2891 2968 3928
720 20 466 501 679 684 720 1494 1495 1516 1634 2180 2249 2420 2568 3057 3276 4109
209 69 208 209 211 467 1347 1353 1985 2132 2133 2134 2135 2136 2137 2138 2139 3058 3059 3939
208 69 208 209 211 467 541 1347 1353 1370 1553 1985 2132 2133 2134 2135 2136 2137 2138 2139 2802 4577
211 69 156 208 209 211 467 541 1347 1353 1370 1493 1553 1985 2132 2133 2134 2135 2136 2137 2138 2139 2802 4086 4577
212 212 213 214 216 2140
724 365 724 1871 2479 2480
214 212 213 214 216 2140
727 727 2491
217 217 218 460 1706 2438 2439
730 730 1901 1902 1903 1978
218 217 218 220 460 1706 2438 2439
732 137 573 581 732 1705 2144 2387 2388 2389 2390 2446 2495
1243 23 386 387 1243 1851 2177 2229 2230 2231 2615 2979
1247 15 79 84 151 154 155 226 471 568 569 571 572 573 574 575 615 1247 1317 1521 1522 1523 1524 1525 2083 2144 2145 2146 2147 2148 2149 2150 2151 2152 2153 2154 2218 2219 2258 2437 2746 4113 4117
1248 6 28 58 79 80 126 156 211 292 302 480 541 542 670 1248 1249 1250 1251 1278 1326 1334 1348 1496 1515 1517 1747 1845 1891 2044 2066 2067 2068 2069 2218 2219 2377 2378 2379 2475 2500 2650 2672 2884 3172 4087 4328
224 223 224
226 226 2144 2145 2146 2147 2148 2149 2150 2151 2152 2153 2154
740 351 740 1561 1992
228 30 81 85 90 92 93 94 95 96 98 178 185 192 193 195 207 217 218 228 232 287 295 296 299 357 358 375 458 460 486 487 492 497 498 499 500 501 502 503 504 505 598 603 715 747 1265 1299 1300 1336 1350 1537 1634 1706 1939 1945 1957 1958 1959 1965 2007 2048 2086 2087 2117 2119 2120 2121 2122 2123 2124 2125 2126 2127 2132 2156 2181 2266 2414 2438 2439 2504 2505 2506 2507 2508 2529 2530 2531 2532 2533 2534 2535 2536 2686 2687 2688 2777 2821 2822 2823 2880 2882 3088 3856 4253
233 233 234
745 62 70 108 110 111 130 132 133 134 160 161 162 167 210 259 286 393 467 539 632 745 756 1320 1347 1497 1546 1928 1953 1954 2133 2227 2228 2243 2244 2275 2276 2355 2454 2488 2528 2702 2752 2759 2851 2985
234 233 234
748 58 85 90 95 96 142 143 144 178 179 225 265 269 458 497 603 747 748 1336 1837 1939 1945 1949 1950 2044 2048 2087 2142 2143 2176 2218 2219 2475 2504 2505 2506 2507 2508 2510 2511 2512 2513 2734 2770 3088 4542
238 238 2168 2169
752 25 190 293 514 746 752 1270 1272 1620 1621 2182 2449
753 382 753 2520 2521
756 62 70 108 110 111 130 132 133 134 160 161 162 164 167 210 259 286 298 393 394 539 656 745 756 1497 1498 1499 1500 1501 1502 1546 1928 1953 1954 2133 2227 2228 2243 2244 2275 2276 2355 2454 2488 2528 2702 2752 2759 2851 2985 4545
1272 25 514 752 1270 1271 1272 1273 1275 1324 1325 1621 1926 1986 2182 3106 3862
255 255 2170
257 257 2171
1284 590 1283 1284 1359 1484 1485 1486 1487 1872 2054 2055 2422 2423 2424 2425 2426 2522 2891
1286 1286 1287
1287 1286 1287
265 41 56 66 136 225 265 267 268 269 270 271 272 273 274 275 276 277 278 279 366 367 391 392 594 640 748 1504 1506 1742 1949 1950 2021 2030 2176 2460 2461 2510 2511 2512 2635 2727 2729 2858 2982 3205 4542
267 267 390 391 392 640 1504 1742 2982
269 56 58 60 66 79 80 82 84 85 90 93 95 96 142 143 144 155 178 179 203 225 265 267 268 269 270 271 272 273 274 275 276 277 278 279 287 366 389 456 458 497 603 721 747 748 749 1336 1515 1742 1837 1939 1945 1949 1950 2044 2048 2083 2084 2087 2142 2143 2176 2218 2219 2460 2461 2475 2504 2505 2506 2507 2508 2509 2510 2511 2512 2513 2727 2734 2770 2858 3088 4542
1297 147 631 1295 1297 1300 1647
1302 79 84 288 456 466 606 621 632 684 749 1302 1320 1540 2155 2179 2180 2249 2359 2360 2361 2362 2420 2537 2568
286 62 67 69 70 93 95 96 108 110 111 112 130 131 132 133 134 160 161 162 164 167 168 185 194 196 208 209 210 259 261 262 286 287 298 303 361 388 393 394 467 494 539 540 613 632 633 729 745 747 756 1303 1304 1305 1306 1307 1308 1309 1310 1311 1312 1313 1314 1315 1316 1318 1319 1320 1336 1347 1396 1497 1498 1499 1500 1501 1502 1531 1546 1712 1928 1953 1954 1957 1965 2007 2041 2048 2117 2118 2119 2120 2121 2122 2132 2133 2134 2135 2181 2208 2227 2228 2238 2239 2243 2244 2266 2274 2275 2276 2355 2454 2488 2504 2505 2506 2507 2528 2635 2654 2659 2688 2702 2752 2757 2759 2851 2852 2880 2985 3909 4545
287 58 62 79 81 82 84 85 86 90 92 93 94 95 96 97 98 129 133 178 179 207 228 259 286 287 299 375 388 389 456 500 539 603 745 747 750 757 1336 1546 1837 1945 1957 1965 2044 2048 2087 2132 2156 2181 2218 2219 2227 2228 2238 2239 2266 2454 2488 2504 2505 2506 2507 2508 2509 2510 2529 2530 2531 2532 2533 2534 2535 2536 2650 2676 2686 2687 2688 2880 2981 3058
293 25 190 293 301 599 625 746 1270 1520 1620 1621 2182 2449
296 195 296 500 1299 2123 2124 2125 2126 2127
1320 62 130 133 160 210 259 286 298 303 494 539 540 605 632 633 745 1302 1303 1304 1305 1306 1307 1308 1309 1310 1311 1312 1313 1314 1315 1316 1318 1319 1320 1396 1546 1709 1976 2179 2180 2227 2228 2274 2454 2488 3909
298 298 540 1396 2274
301 152 190 235 293 294 301 358 456 599 625 673 746 1457 1520 1923 2072 2157 2158 2159 2160 2161 2162 2182 2391 2445 2449
302 292 302 480 2377 2378 2379
1327 304 754 755 1327 1900 2267 2406 2407 2408 2409 2410 2411 2412 2413 2493
304 304 754 755 1327 1900 2267 2406 2407 2408 2409 2410 2411 2412 2413 2493
306 24 25 38 39 45 49 50 55 56 71 101 107 112 128 129 130 132 141 151 152 153 156 163 172 188 189 190 191 211 235 268 288 291 293 294 295 296 297 298 300 301 302 303 305 306 307 308 309 310 311 312 313 314 315 316 317 318 319 321 322 323 324 325 326 327 328 329 330 331 332 333 334 335 336 337 338 339 340 341 342 343 344 345 346 347 348 349 350 351 352 353 354 355 356 357 358 456 468 469 483 484 485 486 487 494 519 520 525 528 541 585 599 607 609 613 614 625 637 642 643 644 645 647 649 650 651 652 653 654 655 656 657 658 659 660 661 662 663 664 665 666 673 682 686 687 688 690 697 698 701 704 706 709 711 734 735 736 737 738 739 740 741 742 743 744 746 749 763 791 1029 1118 1270 1291 1302 1309 1318 1349 1350 1352 1354 1355 1356 1357 1358 1360 1361 1362 1363 1364 1365 1366 1367 1368 1369 1371 1372 1373 1374 1375 1376 1377 1378 1379 1380 1381 1382 1383 1384 1385 1386 1387 1388 1389 1390 1391 1392 1393 1394 1395 1397 1398 1399 1400 1401 1402 1403 1404 1405 1406 1407 1408 1409 1410 1411 1413 1414 1415 1416 1417 1418 1419 1420 1421 1422 1423 1424 1425 1426 1427 1428 1429 1430 1431 1432 1433 1434 1435 1436 1437 1438 1439 1440 1441 1442 1443 1444 1445 1446 1447 1448 1449 1450 1451 1452 1453 1454 1455 1456 1457 1458 1459 1460 1461 1462 1463 1464 1465 1466 1467 1468 1469 1470 1471 1472 1473 1474 1475 1476 1477 1478 1479 1480 1520 1553 1554 1555 1556 1557 1558 1559 1560 1562 1563 1564 1565 1566 1567 1568 1569 1570 1571 1572 1573 1574 1575 1576 1577 1578 1579 1580 1581 1582 1583 1584 1585 1586 1587 1588 1589 1590 1591 1592 1593 1594 1595 1596 1597 1598 1599 1600 1601 1602 1603 1604 1605 1606 1607 1608 1609 1610 1611 1612 1613 1614 1618 1620 1621 1640 1671 1680 1715 1734 1746 1747 1748 1749 1750 1838 1866 1870 1894 1904 1905 1906 1907 1908 1909 1910 1911 1912 1913 1914 1915 1916 1917 1918 1919 1920 1921 1922 1923 1940 1942 1944 1970 1975 1992 2030 2040 2041 2049 2072 2079 2080 2081 2085 2133 2157 2158 2159 2160 2161 2162 2182 2208 2232 2233 2234 2235 2236 2237 2254 2255 2256 2391 2427 2449 2450 2451 2452 2502 2503 2523 2525 2537 2638 2662 2772 2782 2827 2838 2858 2882 2884 2886 2887 2891 2912 2969 3061 3078 3144 3204 3219 3223 3238 3240 3265 3943 3945 3962 3988 4004 4049 4112 4144 4153 4205 4326 4519
1847 2 13 15 20 31 32 38 39 42 45 49 52 56 67 71 74 86 93 95 100 104 107 109 111 112 113 114 126 129 130 131 132 137 144 150 161 169 172 173 175 176 186 188 192 193 197 207 233 257 260 264 265 270 278 279 280 281 282 283 287 291 293 299 301 309 310 312 314 319 321 325 332 335 336 341 344 349 350 356 375 376 402 477 489 493 494 500 501 505 507 508 513 515 516 518 521 528 529 530 535 538 539 548 549 569 570 573 584 596 597 602 603 604 606 607 608 609 610 611 616 618 619 620 624 626 627 628 632 633 634 635 636 637 638 639 640 641 642 643 644 645 647 649 650 651 652 653 654 655 656 657 658 659 660 661 662 663 664 665 666 667 668 669 670 671 672 674 675 676 677 679 680 681 682 683 685 688 689 690 691 692 693 694 695 696 697 698 699 700 701 702 703 706 708 710 711 712 713 714 715 716 717 719 720 723 724 725 726 727 728 729 731 732 733 734 735 736 737 738 739 740 741 742 743 744 745 750 751 752 753 756 757 758 759 760 761 762 763 764 765 766 767 768 769 770 771 772 773 774 775 776 777 778 779 780 781 782 783 784 785 786 787 788 789 790 791 792 793 794 795 796 797 798 799 800 801 802 803 804 805 806 807 808 809 810 811 812 813 814 815 816 817 818 819 820 821 822 823 824 825 826 827 828 829 830 831 832 833 834 835 836 837 838 839 840 841 842 843 844 845 846 847 848 849 850 851 852 853 854 855 856 857 858 859 860 861 862 863 864 865 866 867 868 869 870 871 872 873 874 875 876 877 878 879 880 881 883 884 885 886 887 888 889 890 891 892 893 894 895 896 897 898 899 900 901 902 903 904 905 906 907 908 909 910 911 912 913 914 915 916 917 918 919 920 921 922 923 924 925 926 927 928 929 930 931 932 933 934 935 936 937 938 939 940 941 942 943 944 945 946 947 948 949 950 951 952 953 954 955 956 957 958 959 960 961 962 963 964 965 966 967 968 969 970 971 972 973 974 975 976 977 978 979 980 981 982 983 984 985 986 987 988 989 990 991 992 993 994 995 996 997 998 999 1000 1001 1002 1003 1004 1005 1006 1007 1008 1009 1010 1011 1012 1013 1014 1015 1016 1017 1018 1019 1020 1021 1022 1023 1024 1025 1026 1027 1028 1029 1030 1031 1032 1033 1034 1035 1036 1037 1038 1039 1040 1041 1042 1043 1044 1045 1046 1047 1048 1049 1050 1051 1052 1053 1054 1055 1056 1057 1058 1059 1060 1061 1062 1063 1064 1065 1066 1067 1068 1069 1070 1071 1072 1073 1074 1075 1076 1077 1078 1079 1080 1081 1082 1083 1084 1085 1086 1087 1088 1089 1090 1091 1092 1093 1094 1095 1096 1097 1098 1099 1100 1101 1102 1103 1104 1105 1106 1107 1108 1109 1110 1111 1112 1113 1114 1115 1116 1117 1119 1120 1121 1122 1123 1124 1125 1126 1127 1128 1129 1130 1131 1132 1133 1134 1135 1136 1137 1138 1139 1140 1141 1142 1143 1144 1145 1146 1147 1148 1149 1150 1151 1152 1153 1154 1155 1156 1157 1158 1159 1160 1161 1162 1163 1164 1165 1166 1167 1168 1169 1170 1171 1172 1173 1174 1175 1176 1177 1178 1179 1180 1181 1182 1183 1184 1185 1186 1187 1188 1189 1190 1191 1192 1193 1194 1195 1196 1197 1198 1199 1200 1201 1202 1203 1204 1205 1206 1207 1208 1209 1210 1211 1212 1213 1214 1215 1216 1217 1218 1219 1220 1221 1222 1223 1224 1225 1226 1227 1228 1229 1230 1231 1232 1233 1234 1235 1236 1237 1238 1239 1240 1241 1242 1248 1252 1259 1260 1261 1266 1268 1274 1280 1285 1328 1334 1337 1338 1482 1494 1495 1545 1547 1548 1633 1733 1736 1846 1847 1853 1890 1891 1895 1896 1945 1963 1965 2011 2063 2171 2446 2455 2491 2492 2502 2612 2617 2635 2638 2650 2659 2672 2676 2682 2687 2702 2720 2741 2745 2746 2752 2759 2782 2788 2827 2851 2858 2882 2884 2886 2955 2957 2968 2985 2991 3056 3058 3064 3088 3106 3143 3144 3145 3197 3204 3205 3206 3207 3209 3214 3215 3218 3219 3220 3221 3222 3223 3238 3240 3270 3276 3279 3296 3297 3299 3310 3313 3314 3338 3339 3341 3346 3347 3474 3710 3938 3988 4107 4132 4138 4239 4323 4326 4429
1850 646 718 1370 1736 1850 1884 2466 2467 2468 2469 2470 4443
315 315 1870 2427
316 316 610 670 1618 1734
1341 36 40 42 44 47 48 52 53 57 58 60 61 63 64 65 79 80 82 83 84 85 86 90 144 154 155 288 456 471 603 606 615 625 639 721 747 749 1302 1341 1342 1515 1544 1945 1965 2044 2045 2046 2083 2084 2155 2179 2218 2219 2258 2475 2504 2505 2506 2507 2508 2510 2537 2650
1339 1339 1340 2415
322 322 2523 2524 2525
1349 6 31 36 38 39 45 49 50 51 67 68 69 71 72 73 88 101 106 107 111 128 141 156 163 208 211 291 292 300 302 303 305 306 307 308 309 310 311 312 313 314 315 316 317 318 319 321 327 328 330 331 332 334 335 336 337 338 339 340 342 345 350 351 377 378 480 524 525 541 542 584 585 607 632 642 643 644 645 647 648 649 650 651 652 653 654 655 656 657 658 659 660 661 662 663 664 665 666 669 690 697 698 701 709 711 735 737 739 740 743 744 1029 1248 1297 1318 1348 1349 1350 1352 1353 1354 1355 1356 1357 1358 1359 1360 1361 1362 1363 1364 1365 1366 1367 1368 1369 1370 1371 1372 1373 1374 1375 1376 1377 1378 1379 1380 1381 1382 1383 1384 1385 1386 1387 1388 1389 1390 1391 1392 1393 1394 1395 1397 1398 1399 1400 1401 1402 1403 1404 1405 1406 1407 1408 1409 1410 1411 1412 1413 1414 1415 1416 1417 1418 1419 1420 1421 1422 1423 1424 1425 1426 1427 1428 1429 1430 1431 1432 1433 1434 1435 1436 1437 1438 1439 1440 1441 1442 1443 1444 1445 1446 1447 1448 1449 1450 1451 1452 1453 1454 1455 1456 1458 1459 1460 1461 1462 1463 1464 1465 1466 1467 1468 1469 1470 1471 1472 1473 1474 1475 1476 1477 1478 1479 1480 1484 1485 1486 1487 1493 1496 1497 1499 1507 1553 1554 1555 1559 1560 1562 1563 1564 1565 1671 1680 1709 1728 1736 1746 1747 1748 1749 1836 1838 1845 1870 1891 1975 1985 1990 1992 2030 2042 2043 2086 2136 2137 2138 2139 2220 2221 2232 2233 2234 2235 2236 2237 2272 2377 2378 2379 2391 2422 2423 2424 2425 2426 2427 2434 2471 2472 2635 2638 2659 2662 2672 2720 2733 2745 2772 2773 2858 2884 2912 2969 2970 3204 3238 3240 3265 3943 3945 3962 3988 4004 4049 4086 4087 4112 4326 4328 4339
1350 81 1350 1958 2086 2529 2530 2531 2532 2533 2534 2535 2536
1864 1863 1864
1355 88 669 1355 1412 1553 2434 2494
1870 315 1870 2427
1359 1359 1484 1485 1486 1487 2422 2423 2424 2425 2426
1884 111 646 718 1370 1736 1850 1884 2466 2467 2468 2469 2470
351 351 740 1561 1992
1888 1887 1888
358 25 79 84 141 149 151 152 153 185 190 194 195 196 210 228 229 230 231 235 288 293 294 295 296 301 306 324 358 359 456 483 484 485 486 487 500 599 606 614 625 673 686 746 749 1270 1296 1299 1302 1457 1520 1613 1620 1621 1640 1656 1661 1923 1924 2007 2072 2079 2080 2081 2085 2117 2118 2119 2120 2121 2122 2123 2124 2125 2126 2127 2155 2157 2158 2159 2160 2161 2162 2179 2182 2370 2391 2416 2449 2450 2451 2452 2502 2503 2537 2548 2567 2747 2887 3078 4112
1895 1890 1895 1896
1896 1890 1895 1896
361 49 59 67 68 70 107 108 109 110 111 112 113 130 133 134 158 160 161 162 163 164 166 167 168 169 210 259 260 261 262 286 298 361 393 394 396 494 529 530 539 745 756 1398 1429 1497 1498 1499 1884 1885 1886 1928 1953 1954 2227 2228 2243 2244 2275 2276 2355 2453 2454 2488 2528 2654 2659 2702 2752 2757 2759 2851 2852 2985 4328
1900 304 754 755 1327 1900 2267 2406 2407 2408 2409 2410 2411 2412 2413 2493
1901 730 1901 1902 1903 1978
366 41 66 366 367 1506 2460 2461 3205
1904 1904 2049
375 30 31 49 58 69 85 90 92 93 94 95 96 97 98 129 143 178 179 207 208 209 228 257 280 281 283 287 299 375 376 389 402 467 573 603 626 627 628 715 747 748 1336 1347 1353 1495 1837 1846 1847 1895 1945 1957 1965 1985 2048 2087 2132 2133 2134 2135 2136 2137 2138 2139 2181 2266 2267 2414 2455 2492 2502 2504 2505 2506 2507 2508 2509 2510 2686 2687 2688 2720 2891 2968 3058 3928 3938
386 23 386 387 1243 1851 2177 2229 2230 2231 2615
1923 51 58 60 79 84 107 141 149 151 152 153 190 195 231 235 288 291 293 294 295 301 306 320 324 358 456 483 484 485 486 487 599 606 614 625 673 686 733 746 749 1302 1457 1520 1613 1620 1621 1640 1704 1923 1924 1965 2071 2072 2075 2076 2078 2079 2080 2081 2083 2085 2123 2126 2127 2155 2157 2158 2159 2160 2161 2162 2179 2180 2182 2370 2391 2416 2449 2450 2451 2452 2502 2503 2537 2548 2567 2745 2747 2887 3078 4112
388 62 90 93 94 95 96 98 286 287 388 603 747 757 1336 1546 1945 1957 1965 2048 2181 2238 2239 2266 2504 2505 2506 2507 2688 2880 2981
391 267 390 391 392 640 1504 1742 2982
392 267 390 391 392 640 1742 2982
1929 608 609 1929 2173 2498 2499
1930 608 609 1811 1929 1930 2001 2002 2003 2173 2498 2499
398 398 2178
1934 1933 1934
402 2 13 15 20 31 32 38 39 42 45 49 52 56 67 71 74 86 93 100 104 107 109 111 112 113 114 126 129 130 131 132 137 144 150 161 169 172 173 175 176 186 188 192 193 197 233 257 260 264 265 270 278 279 281 283 287 291 293 301 309 310 312 314 319 321 325 332 335 336 341 344 349 350 356 375 376 400 401 402 403 404 477 489 493 494 500 501 505 507 508 513 515 516 518 521 528 529 530 535 538 539 548 549 569 570 573 578 584 596 597 600 601 602 603 604 606 607 608 609 610 611 616 618 619 620 624 626 627 628 632 633 634 635 636 637 638 639 640 641 642 643 644 645 647 649 650 651 652 653 654 655 656 657 658 659 660 661 662 663 664 665 666 667 668 669 670 671 672 674 675 676 677 679 680 681 682 683 685 688 689 690 691 692 693 694 695 696 697 698 699 700 701 702 703 706 708 709 710 711 712 713 714 715 716 717 719 720 723 724 725 726 727 728 729 731 732 733 734 735 736 737 738 739 740 741 742 743 744 745 750 751 752 753 756 757 758 759 760 761 762 763 764 765 766 767 768 769 770 771 772 773 774 775 776 777 778 779 780 781 782 783 784 785 786 787 788 789 790 791 792 793 794 795 796 797 798 799 800 801 802 803 804 805 806 807 808 809 810 811 812 813 814 815 816 817 818 819 820 821 822 823 824 825 826 827 828 829 830 831 832 833 834 835 836 837 838 839 840 841 842 843 844 845 846 847 848 849 850 851 852 853 854 855 856 857 858 859 860 861 862 863 864 865 866 867 868 869 870 871 872 873 874 875 876 877 878 879 880 881 883 884 885 886 887 888 889 890 891 892 893 894 895 896 897 898 899 900 901 902 903 904 905 906 907 908 909 910 911 912 913 914 915 916 917 918 919 920 921 922 923 924 925 926 927 928 929 930 931 932 933 934 935 936 937 938 939 940 941 942 943 944 945 946 947 948 949 950 951 952 953 954 955 956 957 958 959 960 961 962 963 964 965 966 967 968 969 970 971 972 973 974 975 976 977 978 979 980 981 982 983 984 985 986 987 988 989 990 991 992 993 994 995 996 997 998 999 1000 1001 1002 1003 1004 1005 1006 1007 1008 1009 1010 1011 1012 1013 1014 1015 1016 1017 1018 1019 1020 1021 1022 1023 1024 1025 1026 1027 1028 1029 1030 1031 1032 1033 1034 1035 1036 1037 1038 1039 1040 1041 1042 1043 1044 1045 1046 1047 1048 1049 1050 1051 1052 1053 1054 1055 1056 1057 1058 1059 1060 1061 1062 1063 1064 1065 1066 1067 1068 1069 1070 1071 1072 1073 1074 1075 1076 1077 1078 1079 1080 1081 1082 1083 1084 1085 1086 1087 1088 1089 1090 1091 1092 1093 1094 1095 1096 1097 1098 1099 1100 1101 1102 1103 1104 1105 1106 1107 1108 1109 1110 1111 1112 1113 1114 1115 1116 1117 1119 1120 1121 1122 1123 1124 1125 1126 1127 1128 1129 1130 1131 1132 1133 1134 1135 1136 1137 1138 1139 1140 1141 1142 1143 1144 1145 1146 1147 1148 1149 1150 1151 1152 1153 1154 1155 1156 1157 1158 1159 1160 1161 1162 1163 1164 1165 1166 1167 1168 1169 1170 1171 1172 1173 1174 1175 1176 1177 1178 1179 1180 1181 1182 1183 1184 1185 1186 1187 1188 1189 1190 1191 1192 1193 1194 1195 1196 1197 1198 1199 1200 1201 1202 1203 1204 1205 1206 1207 1208 1209 1210 1211 1212 1213 1214 1215 1216 1217 1218 1219 1220 1221 1222 1223 1224 1225 1226 1227 1228 1229 1230 1231 1232 1233 1234 1235 1236 1237 1238 1239 1240 1241 1242 1248 1252 1259 1260 1261 1266 1268 1274 1280 1285 1328 1334 1337 1338 1482 1494 1495 1545 1547 1548 1633 1733 1736 1847 1853 1890 1891 1895 1896 1945 1963 1965 2011 2063 2171 2446 2455 2491 2492 2502 2612 2617 2635 2638 2650 2659 2672 2676 2682 2702 2720 2741 2745 2746 2752 2759 2782 2788 2827 2851 2858 2882 2884 2886 2955 2957 2968 2985 2991 2993 3056 3058 3064 3088 3106 3143 3144 3145 3172 3197 3204 3205 3206 3207 3209 3214 3215 3218 3219 3220 3221 3222 3223 3238 3240 3270 3276 3279 3296 3297 3299 3310 3313 3314 3338 3339 3341 3346 3347 3474 3710 3938 3988 4107 4132 4138 4239 4323 4326 4429
1939 143 178 179 225 269 458 497 498 502 503 504 748 1837 1939 1950 2142 2143 2510 2511 2512 2513 2823 3088
406 397 405 406 407 408 409 410 411 412 413 414 415 416 417 418 419 420 421 422 423 424 425 426 427 428 429 430 431 432 433 434 435 436 437 438 439 440 441 442 443 444 445 446 447 448 449 450 451 452 453 454 455 2245 2371 2829 3005
1945 58 79 82 84 85 90 93 95 96 143 178 179 201 203 225 269 287 389 603 747 748 1336 1837 1945 1950 2044 2045 2046 2048 2087 2142 2143 2218 2219 2475 2504 2505 2506 2507 2508 2509 2510 2511 2512
1958 81 1350 1957 1958 1959 2086 2529 2530 2531 2532 2533 2534 2535 2536
1973 1973 2563 2564
1987 1899 1987
456 25 36 58 60 79 80 82 83 84 85 86 90 93 96 126 141 144 149 151 152 153 154 155 190 235 287 288 293 294 295 301 306 358 389 456 466 471 483 484 485 486 487 599 603 606 614 615 621 625 632 639 673 684 686 721 746 747 749 750 757 1248 1270 1302 1320 1336 1341 1457 1515 1520 1540 1613 1620 1621 1640 1923 1945 1965 2044 2045 2046 2072 2079 2080 2081 2083 2084 2085 2155 2157 2158 2159 2160 2161 2162 2179 2180 2182 2218 2219 2249 2258 2359 2360 2361 2362 2370 2391 2416 2449 2450 2451 2452 2475 2502 2503 2504 2505 2506 2507 2508 2509 2510 2537 2567 2568 2650 2676 2747 2887 3058 3078 4112
1992 6 156 351 377 378 526 619 740 1561 1747 1992 2164 2220 2221 2272 2273 2428 2471 2472 2969 2970 4328
1994 164 292 302 480 1993 1994 2377 2378 2379 4585
1997 547 550 1329 1997 2256 2280 2281 2282 2283 2284 2285 2286 2287 2288 2289 2290 2291 2292 2293 2294 2295 2296 2297 2298 2299 2300 2301 2302 2303 2304 2305 2306 2307 2308 2309 2310 2311 2312 2313 2314 2315 2316 2317 2318 2319 2320 2321 2322 2323 2324 2325 2326 2327 2328 2329 2330 2331 2332 2333 2334 2335 2336 2337 2338 2339 2340 2341 2342 2343 2344 2345 2346 2347 2348 2349 2350 2351 2352 2353 2354
1485 1359 1484 1485 1486 1487 2422 2423 2424 2425 2426
1486 1359 1484 1485 1486 1487 2422 2423 2424 2425 2426
1487 1359 1484 1485 1486 1487 2422 2423 2424 2425 2426
462 461 462 463
463 461 462 463
2001 608 609 1811 1929 1930 2001 2002 2003 2173 2498 2499
1998 1998 1999
470 174 470 2257
471 58 60 79 80 82 83 84 85 90 144 149 150 151 152 153 154 155 156 157 226 227 235 294 301 358 456 471 569 581 603 614 615 625 639 673 721 747 749 1247 1317 1336 1341 1457 1515 1520 1521 1522 1523 1524 1525 1704 1945 2030 2044 2045 2046 2072 2075 2076 2077 2078 2079 2080 2081 2082 2083 2084 2085 2144 2145 2146 2147 2148 2149 2150 2151 2152 2153 2154 2157 2158 2159 2160 2161 2162 2218 2219 2258 2437 2475 2504 2505 2506 2507 2508 2510 2537 2741 2745 2746 2747 3065 4113 4117 4296
2007 183 185 194 196 210 364 496 2007 2117 2118 2119 2120 2121 2122 2580 2777
1497 62 70 107 108 110 111 112 113 130 133 160 161 162 164 167 168 210 259 286 298 361 393 394 480 539 656 745 756 1497 1498 1499 1500 1501 1502 1546 1928 1953 1954 2227 2228 2243 2244 2275 2276 2355 2454 2488 2528 2659 2702 2752 2757 2759 2851 2985 4545
477 477 478 479 2259 2260 2261 2448 2549
2015 2015 2587 2588 2589 2590 2591 2592
480 164 292 302 480 1993 1994 2377 2378 2379 4585
2021 594 2021
487 25 84 141 149 151 152 153 185 190 194 195 196 210 228 229 230 231 235 288 293 294 295 296 301 306 324 358 359 456 483 484 485 486 487 500 599 606 614 625 673 686 746 749 1270 1296 1299 1302 1457 1520 1613 1620 1621 1640 1656 1661 1923 1924 2007 2072 2079 2080 2081 2085 2117 2118 2119 2120 2121 2122 2123 2124 2125 2126 2127 2155 2157 2158 2159 2160 2161 2162 2179 2182 2370 2391 2416 2449 2450 2451 2452 2502 2503 2537 2548 2567 2747 2887 3078 4112
1512 1512 1513 1514
2024 2024 2070
1513 1512 1513 1514
2025 2025 2026 2027
1516 20 124 464 465 466 501 679 684 685 720 1494 1495 1516 1634 1635 1636 2180 2248 2249 2420 2421 2568 3056 3057 3276 4109
2029 46 2029
494 67 109 260 494 495 530 605 1301
497 143 178 179 225 269 458 497 498 502 503 504 748 1837 1939 1950 2142 2143 2510 2511 2512 2513 2823 3088
1523 79 84 151 154 155 226 471 569 615 1247 1317 1521 1522 1523 1524 1525 2083 2144 2145 2146 2147 2148 2149 2150 2151 2152 2153 2154 2218 2219 2258 2437 2746 4113 4117
500 195 228 296 500 2124 2125 2156
1528 284 1528 1529 1530 1531 1977 2440
506 2 30 172 366 506 529 534 547 550 715 1286 1287 1329 1541 1997 2267 2280 2281 2282 2283 2284 2285 2286 2287 2288 2289 2290 2291 2292 2293 2294 2295 2296 2297 2298 2299 2300 2301 2302 2303 2304 2305 2306 2307 2308 2309 2310 2311 2312 2313 2314 2315 2316 2317 2318 2319 2320 2321 2322 2323 2324 2325 2326 2327 2328 2329 2330 2331 2332 2333 2334 2335 2336 2337 2338 2339 2340 2341 2342 2343 2344 2345 2346 2347 2348 2349 2350 2351 2352 2353 2354 2404 2405 2414 2659 2687 2777 3088 3938
1531 1528 1529 1531 1977 2440
