513 513 517 2271 2515
12 11 12 183 248 2092
524 6 130 156 208 211 351 377 378 524 525 526 527 528 541 587 619 646 690 718 740 1349 1353 1370 1561 1709 1736 1747 1850 1884 1985 1992 2035 2136 2137 2138 2139 2164 2220 2221 2272 2273 2381 2382 2428 2466 2467 2468 2469 2470 2471 2472 7342 7737
529 529 533
1553 69 88 208 209 211 467 541 669 1347 1353 1355 1370 1412 1553 1985 2132 2133 2134 2135 2136 2137 2138 2139 2434 2494 3265
21 21 22
533 529 533
535 376 535 536 538
536 376 535 536 538
538 376 535 536 538
540 298 540 1396 2274
541 6 49 69 80 95 156 208 209 211 298 351 377 378 467 524 526 540 541 542 619 646 669 718 740 1248 1251 1347 1348 1349 1353 1355 1370 1396 1412 1493 1496 1517 1553 1561 1736 1747 1845 1850 1884 1985 1992 2035 2132 2133 2134 2135 2136 2137 2138 2139 2164 2220 2221 2272 2273 2274 2381 2382 2428 2434 2466 2467 2468 2469 2470 2471 2472 2500 2571 2672 2802 2969 3962 4086 4087 4328 4443 4577 7420 7422
30 2 30 66 104 172 212 213 214 216 266 304 366 529 533 534 715 754 755 1286 1287 1327 1541 1900 2102 2140 2267 2406 2407 2408 2409 2410 2411 2412 2413 2414 2493 2569 2570 2659 2687 2777 3088 3938 7394 7428 7717 7761
31 15 20 31 67 109 257 260 376 402 494 530 538 573 626 627 628 1252 1494 1495 1736 1847 1890 1895 1896 2171 2446 2455 2492 2502
545 543 545
547 104 547 550 1329 1997 2256 2280 2281 2282 2283 2284 2285 2286 2287 2288 2289 2290 2291 2292 2293 2294 2295 2296 2297 2298 2299 2300 2301 2302 2303 2304 2305 2306 2307 2308 2309 2310 2311 2312 2313 2314 2315 2316 2317 2318 2319 2320 2321 2322 2323 2324 2325 2326 2327 2328 2329 2330 2331 2332 2333 2334 2335 2336 2337 2338 2339 2340 2341 2342 2343 2344 2345 2346 2347 2348 2349 2350 2351 2352 2353 2354
555 555 2358
60 2 36 37 38 39 40 41 42 44 45 47 48 50 52 53 54 55 56 57 58 59 60 61 63 64 65 79 80 82 83 84 85 86 90 93 95 96 126 143 144 151 152 153 154 155 178 179 190 225 226 235 269 287 288 293 294 301 358 389 456 471 486 487 603 606 615 625 639 673 686 721 746 747 748 749 1247 1248 1302 1317 1336 1341 1342 1457 1515 1517 1520 1521 1523 1525 1544 1837 1923 1945 1950 1965 2044 2045 2046 2047 2048 2066 2067 2072 2083 2084 2087 2145 2146 2147 2148 2149 2150 2151 2152 2153 2154 2155 2157 2158 2159 2160 2161 2162 2179 2180 2182 2218 2219 2258 2391 2416 2437 2475 2500 2503 2504 2505 2506 2507 2508 2509 2510 2511 2512 2537 2567 2635 2638 2650 2654 2676 7262 7850
573 15 137 573 581 732 1705 2446 2495
66 66 265 366 2460 2461
69 30 49 62 67 69 95 104 106 109 110 129 130 132 133 156 160 161 167 189 207 208 209 210 211 259 260 286 299 304 375 377 378 393 467 469 494 530 539 541 605 613 646 648 669 715 718 745 754 755 1327 1336 1347 1353 1355 1370 1412 1546 1553 1736 1747 1884 1900 1965 1985 2040 2041 2042 2048 2087 2095 2096 2097 2102 2132 2133 2134 2135 2136 2137 2138 2139 2208 2217 2220 2221 2243 2244 2246 2255 2267 2406 2407 2408 2409 2410 2411 2412 2413 2414 2434 2454 2467 2468 2469 2470 2472 2488 2493 2802 3058 3059 3939 4577 7260 7420 7422
581 15 137 226 573 581 582 732 1705 2144 2145 2146 2147 2148 2149 2150 2151 2152 2153 2154 2387 2388 2389 2390 2446 2495 2891
75 75 2417
1100 1100 1966
590 590 1284 1872 2054 2055 2522
79 29 36 58 60 79 80 82 83 84 85 86 87 88 89 90 93 95 96 126 142 143 144 151 152 153 154 155 178 179 190 225 226 235 269 287 288 293 294 301 358 389 456 471 486 487 603 606 615 625 639 673 686 713 714 721 746 747 748 749 1247 1248 1302 1317 1336 1341 1457 1515 1517 1520 1521 1523 1525 1837 1865 1923 1945 1950 1957 1965 2044 2045 2046 2047 2048 2066 2067 2068 2069 2072 2083 2084 2087 2142 2143 2144 2145 2146 2147 2148 2149 2150 2151 2152 2153 2154 2155 2157 2158 2159 2160 2161 2162 2179 2180 2182 2218 2219 2258 2391 2437 2475 2494 2500 2503 2504 2505 2506 2507 2508 2509 2510 2511 2512 2513 2537 2650 2672 2673 2676 4429 7296 7850
594 594 2021
1620 24 25 26 152 190 235 293 294 301 306 358 456 486 487 489 508 514 599 625 673 686 746 752 1270 1271 1272 1273 1275 1324 1457 1520 1613 1620 1621 1640 1703 2009 2158 2159 2160 2161 2162 2182 2391 2445 2449 2450 2451 2452 2502 2503 2537 2614 2617 3106 3862 4213 8483
599 25 152 188 190 235 293 294 301 306 358 456 486 487 514 599 625 673 686 746 749 752 1270 1272 1457 1520 1613 1620 1621 1640 1923 1970 2072 2080 2157 2158 2159 2160 2161 2162 2182 2391 2416 2445 2449 2450 2451 2452 2502 2503 2537 2567 2782 4106
88 88 669 1355 1412 1553 2434 2494
601 401 601 2383 2384 2514
603 58 60 79 82 83 84 85 90 93 95 96 178 179 287 389 603 747 1336 1837 1945 2044 2045 2046 2047 2048 2087 2218 2219 2504 2505 2506 2507 2508 2509 2510
604 604 2063
93 58 85 90 92 93 94 95 96 97 98 129 178 207 228 287 299 375 388 389 603 747 1336 1945 1957 1965 2048 2087 2132 2156 2181 2218 2219 2238 2239 2266 2504 2505 2506 2507 2508 2509 2510 2686 2687 2688
609 608 609 1929 2173 2498 2499
100 99 100
618 618 705 2268 2269 2270
109 6 15 30 31 49 67 69 70 108 109 110 111 112 113 130 133 160 161 162 167 208 209 210 257 259 260 286 291 292 298 302 361 376 393 402 467 494 495 530 538 539 573 605 626 627 628 632 648 745 1252 1301 1320 1347 1494 1495 1497 1847 1890 1895 1896 1953 2042 2132 2133 2134 2135 2171 2243 2244 2275 2276 2355 2377 2378 2379 2380 2446 2454 2455 2488 2492 2502 2659 2702 2752 2759 2957 2985 3058 4463 7260 7318
1648 1648 1649
115 114 115 116 138 139 140 316 610 1734 2190 2191 2192 2193 2708
1655 1655 2443 2444
1656 131 132 229 230 231 290 295 551 552 553 1656 1661 1712 2548 4304
632 62 67 110 130 132 133 160 162 167 210 259 260 286 303 494 530 539 605 632 633 745 1303 1304 1305 1306 1307 1308 1309 1310 1311 1312 1313 1314 1315 1316 1318 1319 1320 1497 1546 1622 1684 1709 1953 1976 2133 2227 2228 2243 2244 2275 2276 2355 2454 2488 3909 7750 8513
126 80 126 1248 1515 2066 2067 2068 2069
130 62 110 130 131 132 133 160 161 167 210 259 286 290 321 393 539 551 552 553 632 745 1320 1546 1656 1712 2133 2227 2228 2243 2244 2454 2488 2635 7342 7344
132 130 131 132 290 551 552 553 1656 1712
143 58 85 90 93 95 96 142 143 144 178 179 207 225 269 287 299 389 458 497 603 721 747 748 1336 1837 1939 1945 1950 2044 2048 2087 2142 2143 2218 2219 2475 2504 2505 2506 2507 2508 2509 2510 2511 2512 2513 2734
144 31 58 60 79 80 82 84 85 86 90 93 95 96 126 142 143 144 151 154 155 178 179 225 257 269 287 288 376 389 402 456 471 603 626 627 628 639 713 714 721 747 748 749 1248 1302 1336 1341 1515 1837 1847 1945 1950 2044 2045 2046 2048 2067 2083 2084 2087 2142 2143 2218 2219 2455 2475 2492 2500 2502 2504 2505 2506 2507 2508 2509 2510 2511 2512 2537 2650 2734 4429
152 149 150 151 152 153 155 190 235 293 294 301 306 358 456 471 486 487 614 625 673 686 746 749 1457 1520 1613 1640 1704 1923 2030 2072 2075 2076 2077 2078 2079 2080 2081 2082 2083 2084 2085 2157 2158 2159 2160 2161 2162 2182 2391 2416 2449 2450 2451 2452 2502 2503 2537 2567 2745 2747 7362
669 88 669 1355 1412 1553 2434
161 49 67 70 108 109 110 111 130 133 160 161 162 164 167 168 210 259 260 286 361 393 394 494 530 539 745 756 1497 1499 1953 2227 2228 2243 2244 2275 2276 2355 2454 2488 2528 2659 2702 2752 2759 2851 2985 7344 7373 7374 7572
1699 236 526 1699 2163 2164 2471
172 172 266 2569 2570
174 174 470 2257
1732 1731 1732
199 199 1685 2128 2207
712 712 2487
715 30 715 2267 2414
207 49 69 85 90 93 95 96 129 143 178 179 207 208 209 211 228 287 299 375 389 467 603 747 1336 1347 1353 1837 1945 1957 1985 2048 2087 2132 2133 2134 2135 2136 2137 2138 2139 2181 2266 2504 2505 2506 2507 2508 2509 2510 2687 2968 3928
208 69 208 209 211 467 541 1347 1353 1370 1553 1985 2132 2133 2134 2135 2136 2137 2138 2139
212 212 213 214 216 2140 2141
724 365 724 1871 2479 2480
214 212 213 214 216 2140 2141
730 730 1901 1902 1903 1978
1243 23 386 387 1243 1851 2177 2229 2230 2231 2979
732 15 137 573 581 732 1705 2144 2387 2388 2389 2390 2446 2495
1247 1247 1317 1521 1523 1525 2437
1248 6 28 31 58 60 79 80 82 84 85 90 96 126 144 151 155 156 178 208 291 292 302 377 389 402 456 480 541 542 603 605 626 628 639 646 670 690 718 721 747 749 1248 1249 1250 1251 1278 1326 1334 1336 1341 1348 1349 1370 1496 1515 1517 1736 1747 1845 1847 1850 1884 1945 1993 1994 2035 2044 2066 2067 2068 2069 2083 2084 2218 2219 2377 2378 2379 2380 2381 2382 2455 2467 2468 2469 2470 2475 2492 2500 2504 2505 2506 2507 2508 2509 2510 2537 2650 2672 2884 4087 4328 7394 7422
748 58 79 85 90 93 95 96 142 143 144 178 179 207 225 269 287 299 389 458 497 603 747 748 1336 1837 1939 1945 1949 1950 2044 2048 2087 2142 2143 2218 2219 2475 2504 2505 2506 2507 2508 2509 2510 2511 2512 2513 2734 4542 7476
238 238 2168 2169
753 382 753 2520 2521
1286 30 715 1286 1287 2267 2414
1287 30 715 1286 1287 2267 2414
267 267 391 392 1742
269 58 60 79 80 82 84 85 90 93 95 96 142 143 144 178 179 225 269 287 389 458 497 603 721 747 748 1336 1837 1939 1945 1949 1950 2044 2048 2083 2087 2142 2143 2218 2219 2475 2504 2505 2506 2507 2508 2509 2510 2511 2512 2513 2734 4542 7476
1320 62 67 110 130 132 133 160 162 167 210 259 286 303 494 539 540 605 632 633 745 1303 1304 1305 1306 1307 1308 1309 1310 1311 1312 1313 1314 1315 1316 1318 1319 1320 1497 1546 1709 1976 2133 2227 2228 2243 2244 2275 2276 2355 2454 2488 3909 7750 8513
298 298 540 1396 2274
301 25 58 60 79 84 107 141 149 150 151 152 153 189 190 195 231 235 288 291 293 294 295 301 306 320 321 358 456 469 486 487 514 599 606 614 625 673 686 709 746 749 752 1270 1272 1302 1457 1520 1613 1620 1621 1640 1704 1923 2071 2072 2075 2076 2078 2079 2080 2081 2083 2085 2123 2126 2127 2155 2157 2158 2159 2160 2161 2162 2179 2180 2182 2218 2219 2255 2370 2391 2416 2445 2449 2450 2451 2452 2502 2503 2537 2548 2567 2782
302 6 292 302 480 605 1993 1994 2035 2377 2378 2379 2380 2381 2382
1850 541 646 718 1370 1736 1850 1884 2466 2467 2468 2469 2470 2571 4443
1341 36 58 60 79 80 82 83 84 85 86 90 96 126 144 151 154 155 178 235 269 288 294 301 358 389 456 471 603 606 615 625 639 673 721 747 749 1248 1302 1336 1341 1342 1515 1520 1521 1544 1945 1965 2044 2045 2046 2047 2048 2067 2083 2084 2155 2158 2159 2160 2161 2162 2179 2180 2218 2219 2258 2475 2504 2505 2506 2507 2508 2509 2510 2537 2650 2676 7850
1349 6 31 36 38 50 68 71 72 106 111 156 208 211 291 292 302 305 307 308 309 310 311 312 313 314 321 351 377 378 402 480 524 525 526 541 542 584 585 607 619 626 628 642 643 644 645 646 647 649 650 651 652 653 654 655 656 657 658 659 660 661 662 663 664 665 666 690 709 718 740 1248 1296 1318 1348 1349 1352 1353 1354 1356 1357 1358 1359 1360 1361 1362 1363 1364 1365 1366 1367 1368 1369 1370 1371 1372 1373 1374 1375 1376 1377 1378 1379 1380 1381 1382 1383 1384 1385 1386 1387 1388 1389 1390 1391 1392 1393 1394 1395 1397 1398 1399 1400 1401 1402 1403 1404 1405 1406 1407 1408 1409 1410 1411 1413 1414 1415 1416 1417 1418 1419 1420 1421 1422 1423 1424 1425 1426 1427 1428 1429 1430 1431 1432 1433 1434 1435 1436 1437 1438 1439 1440 1441 1442 1443 1444 1445 1446 1447 1448 1449 1450 1451 1452 1453 1454 1455 1456 1458 1459 1460 1461 1462 1463 1464 1465 1466 1467 1468 1469 1470 1471 1472 1473 1474 1475 1476 1477 1478 1479 1480 1484 1485 1486 1487 1493 1496 1499 1507 1553 1561 1709 1728 1736 1747 1836 1838 1845 1847 1850 1884 1889 1975 1985 1990 1992 2030 2035 2136 2137 2138 2139 2164 2220 2221 2272 2273 2377 2378 2379 2381 2382 2422 2423 2424 2425 2426 2428 2455 2466 2467 2468 2469 2470 2471 2472 2492 2638 2659 2662 2672 2720 2733 2772 2773 2884 2969 2970 3204 3238 3240 3265 3943 3945 3962 3988 4004 4049 4086 4087 4112 4326 4328 4339 7260 7312 7318 7374 7422 7517 7526 8508 8561 8566 8708
1864 1863 1864
1870 315 1870 2427
1359 1359 1484 1485 1486 1487 2422 2423 2424 2425 2426
1888 1887 1888
1895 1890 1895 1896
1901 730 1901 1902 1903 1978
366 66 265 366 367 2460 2461
1904 1904 2049
375 31 49 58 69 85 90 93 95 96 129 143 178 179 207 208 209 211 228 257 283 287 299 375 376 389 402 467 603 626 627 628 747 1336 1347 1353 1837 1846 1847 1945 1957 1985 2048 2087 2132 2133 2134 2135 2136 2137 2138 2139 2181 2266 2455 2492 2502 2504 2505 2506 2507 2508 2509 2510 2687 2968 3928 9058
386 23 386 387 1243 1851 2177 2229 2230 2231 2615
388 85 90 93 94 95 96 228 287 299 388 603 747 1336 1945 1957 2048 2181 2238 2239 2266 2504 2505 2506 2507 2508 2981
392 267 390 391 392 1742
1930 1930 2001
398 398 2178
1945 58 79 82 84 85 90 93 95 96 142 143 178 179 203 225 269 287 389 603 747 748 1336 1837 1945 1950 2044 2045 2046 2048 2087 2142 2143 2218 2219 2475 2504 2505 2506 2507 2508 2509 2510 2511 2512 2513
1958 81 1350 1957 1958 1959 2086 2529 2530 2531 2532 2533 2534 2535 2536
1987 1899 1987
456 25 58 60 79 80 82 83 84 85 86 90 126 141 144 149 151 152 153 154 155 190 235 288 293 294 295 301 306 358 389 456 466 471 486 487 599 603 606 614 615 621 625 639 673 684 686 721 746 747 749 1248 1270 1302 1336 1341 1457 1515 1520 1540 1613 1620 1621 1640 1923 1945 1965 2044 2045 2046 2072 2079 2080 2081 2083 2084 2085 2155 2157 2158 2159 2160 2161 2162 2179 2180 2182 2218 2219 2249 2258 2359 2360 2361 2362 2370 2391 2416 2449 2450 2451 2452 2475 2502 2503 2504 2505 2506 2507 2508 2509 2510 2537 2567 2568 2650 2676 7850
1992 6 69 156 208 209 211 236 292 302 351 377 378 467 480 524 526 541 605 619 646 718 740 1347 1349 1353 1370 1553 1561 1699 1736 1747 1850 1884 1985 1992 2035 2132 2133 2134 2135 2136 2137 2138 2139 2163 2164 2220 2221 2272 2273 2377 2378 2379 2380 2381 2382 2428 2466 2467 2468 2469 2470 2471 2472 2571 2969 2970 4328 7951
1486 1359 1484 1485 1486 1487 2422 2423 2424 2425 2426
471 58 60 79 80 82 83 84 85 90 144 149 150 151 152 153 154 155 226 235 294 301 358 389 456 471 581 603 614 615 625 639 673 721 746 747 749 1247 1248 1317 1336 1341 1457 1515 1520 1521 1523 1525 1704 1923 1945 2030 2044 2045 2046 2072 2075 2076 2077 2078 2079 2080 2081 2082 2083 2084 2085 2144 2145 2146 2147 2148 2149 2150 2151 2152 2153 2154 2157 2158 2159 2160 2161 2162 2218 2219 2258 2437 2475 2504 2505 2506 2507 2508 2509 2510 2537 2745 2746 2747 4113 7362 7437
2007 11 12 133 183 185 194 195 196 210 248 296 364 496 500 2007 2092 2117 2118 2119 2120 2121 2122 2123 2124 2125 2126 2127 2580 2777
477 477 2259 2260 2261 2448 2549
480 6 164 292 302 480 605 1993 1994 2035 2377 2378 2379 2380 2381 2382 4585
487 25 60 79 84 141 149 151 152 153 185 189 190 194 195 196 210 228 229 230 231 235 288 293 294 295 296 301 306 320 358 456 483 484 485 486 487 500 599 606 614 625 673 686 746 749 752 1270 1302 1457 1520 1613 1620 1621 1640 1656 1661 1704 1923 2007 2071 2072 2079 2080 2081 2085 2117 2118 2119 2120 2121 2122 2123 2124 2125 2126 2127 2155 2156 2157 2158 2159 2160 2161 2162 2179 2182 2370 2391 2416 2445 2449 2450 2451 2452 2502 2503 2537 2548 2567 2887 3078 7569
2024 2024 2070
2025 2025 2026 2027
1516 20 124 464 465 466 501 621 679 684 720 1302 1494 1495 1516 1540 1634 2179 2180 2248 2249 2359 2360 2361 2362 2420 2421 2568 3057 3276 4109
494 6 49 67 109 110 161 260 291 292 302 393 494 495 530 605 632 648 1301 1320 2042 2243 2244 2377 2378 2379 2380
1523 1247 1317 1521 1523 1525 2437
500 195 228 296 500 1957 2123 2124 2125 2126 2156
