388 85 90 93 94 95 96 207 228 287 299 388 603 747 1336 1945 1957 2048 2181 2238 2239 2266 2504 2505 2506 2507 2508
1286 1286 1287
1287 1286 1287
392 267 390 391 392 1742
143 58 60 79 82 84 85 90 93 95 96 129 142 143 178 179 207 225 269 287 299 375 389 458 497 603 747 748 1336 1837 1939 1945 1950 2044 2048 2087 2132 2142 2143 2218 2219 2475 2504 2505 2506 2507 2508 2509 2510 2511 2512 2513
1553 69 88 208 209 211 467 541 669 1347 1353 1355 1370 1412 1553 1985 2132 2133 2134 2135 2136 2137 2138 2139 2434 2494
21 21 22
536 15 31 67 257 376 402 535 536 538 573 626 627 628 1252 1494 1495 1847 1890 1895 1896 2171 2446 2455 2492 2502
669 69 88 208 209 211 467 541 669 1347 1353 1355 1370 1412 1553 1985 2132 2133 2134 2135 2136 2137 2138 2139 2434 2494
30 30 104 304 715 754 755 1327 1900 2267 2406 2407 2408 2409 2410 2411 2412 2413 2414 2493
31 15 20 31 49 67 109 137 257 260 376 402 494 530 535 536 538 541 573 626 627 628 646 673 718 720 732 1252 1370 1494 1495 1516 1705 1736 1847 1850 1884 1890 1895 1896 2171 2446 2455 2466 2467 2468 2469 2470 2492 2495 2502 2503
541 69 156 208 209 211 377 378 467 541 646 718 1347 1349 1353 1370 1553 1736 1747 1850 1884 1985 2132 2133 2134 2135 2136 2137 2138 2139 2220 2221 2466 2467 2468 2469 2470 2472 2571
298 298 540 1396 2274
172 172 266 2569 2570
301 25 51 58 60 79 84 107 141 149 150 151 152 153 155 189 190 195 230 231 235 288 293 294 295 296 301 306 320 358 456 469 471 486 487 514 599 606 614 625 673 686 746 749 752 1270 1272 1302 1341 1457 1520 1613 1620 1621 1640 1704 1923 2044 2071 2072 2075 2076 2077 2078 2079 2080 2081 2083 2084 2085 2123 2124 2125 2126 2127 2155 2157 2158 2159 2160 2161 2162 2179 2180 2182 2218 2219 2254 2255 2256 2370 2391 2416 2445 2449 2450 2451 2452 2502 2503 2537 2548 2567
302 6 292 302 480 494 605 1993 1994 2035 2377 2378 2379 2380 2381 2382
1850 6 15 20 31 49 67 69 109 156 208 209 211 257 260 351 376 377 378 402 467 524 526 530 538 541 573 619 626 627 628 646 718 740 1252 1347 1349 1353 1370 1494 1495 1553 1561 1736 1747 1847 1850 1884 1890 1895 1896 1985 1992 2035 2132 2133 2134 2135 2136 2137 2138 2139 2164 2171 2220 2221 2272 2273 2381 2382 2428 2446 2455 2466 2467 2468 2469 2470 2471 2472 2492 2502 2571
573 15 20 31 49 67 109 110 137 226 257 260 376 402 494 530 535 536 538 541 573 581 605 626 627 628 646 673 718 720 732 1252 1370 1494 1495 1516 1613 1705 1736 1847 1850 1884 1890 1895 1896 2042 2144 2145 2146 2147 2148 2149 2150 2151 2152 2153 2154 2171 2387 2388 2389 2390 2446 2455 2466 2467 2468 2469 2470 2492 2495 2502 2503 2571
1341 58 60 79 80 82 83 84 85 90 96 126 144 151 154 155 178 235 288 294 301 389 456 471 603 606 615 625 639 721 747 749 1248 1302 1336 1341 1515 1520 1521 1945 2044 2045 2046 2047 2067 2083 2084 2155 2158 2159 2160 2161 2162 2179 2180 2218 2219 2258 2475 2504 2505 2506 2507 2508 2509 2510 2537
66 66 265 366 2176 2460 2461
1987 1899 1987
1732 1731 1732
1349 6 69 156 208 209 211 351 377 378 467 524 526 541 619 646 718 740 1347 1349 1353 1370 1553 1561 1736 1747 1850 1884 1985 1992 2035 2132 2133 2134 2135 2136 2137 2138 2139 2164 2220 2221 2272 2273 2381 2382 2428 2466 2467 2468 2469 2470 2471 2472 2571
456 25 58 60 79 80 82 83 84 85 90 126 141 144 149 151 152 153 154 155 190 235 288 293 294 295 301 306 358 389 456 466 471 486 487 599 603 606 614 615 621 625 639 673 684 686 721 746 747 749 1248 1270 1302 1336 1341 1457 1515 1520 1540 1613 1620 1621 1640 1923 1945 2044 2045 2046 2072 2079 2080 2081 2083 2084 2085 2155 2157 2158 2159 2160 2161 2162 2179 2180 2182 2218 2219 2249 2258 2359 2360 2361 2362 2370 2391 2416 2449 2450 2451 2452 2475 2502 2503 2504 2505 2506 2507 2508 2509 2510 2537 2567 2568
715 30 104 304 715 754 755 1327 1900 2267 2406 2407 2408 2409 2410 2411 2412 2413 2414 2493
1359 1359 1484 1485 1486 1487 2422 2423 2424 2425 2426
207 49 58 69 85 90 93 94 95 96 129 142 143 178 179 207 208 209 211 228 287 299 375 389 467 603 747 748 1336 1347 1353 1370 1553 1837 1945 1957 1985 2048 2087 2132 2133 2134 2135 2136 2137 2138 2139 2156 2181 2218 2219 2266 2504 2505 2506 2507 2508 2509 2510
1620 25 152 190 235 293 294 301 306 358 456 486 487 514 599 625 673 686 746 749 752 1270 1272 1457 1520 1613 1620 1621 1640 1923 2072 2080 2157 2158 2159 2160 2161 2162 2182 2391 2445 2449 2450 2451 2452 2502 2503 2537
88 69 88 208 209 211 467 541 669 1347 1353 1355 1370 1412 1553 1985 2132 2133 2134 2135 2136 2137 2138 2139 2434 2494
1243 23 386 387 1243 1851 2177 2229 2230 2231
732 15 137 573 581 732 1705 2144 2387 2388 2389 2390 2446 2495
93 58 79 81 82 84 85 90 93 94 95 96 129 143 178 179 207 228 287 299 375 388 389 500 603 747 1336 1837 1945 1957 1958 2044 2045 2046 2048 2087 2132 2156 2181 2218 2219 2238 2239 2266 2504 2505 2506 2507 2508 2509 2510 2529 2530 2531 2532 2533 2534 2535 2536
604 604 2063
1247 1247 1317 1521 1523 1525 2437
477 477 2259 2260 2261 2448 2549
480 6 292 302 480 494 605 1993 1994 2035 2377 2378 2379 2380 2381 2382
100 99 100
618 618 705 2268 2269 2270
748 58 79 85 90 93 95 96 142 143 178 179 207 225 269 287 299 389 458 497 603 747 748 1336 1837 1939 1945 1950 2044 2048 2087 2142 2143 2218 2219 2504 2505 2506 2507 2508 2509 2510 2511 2512 2513
109 6 15 20 31 49 67 69 70 109 110 130 133 160 161 162 167 208 209 210 257 259 260 286 292 302 361 376 393 402 467 494 530 535 538 539 573 605 626 627 628 646 648 673 718 720 745 1252 1347 1370 1494 1495 1497 1736 1847 1850 1884 1890 1895 1896 1953 2042 2132 2133 2134 2135 2171 2243 2244 2275 2276 2355 2377 2378 2379 2380 2446 2454 2455 2467 2468 2469 2470 2488 2492 2502
238 238 2168 2169
1648 1648 1649
1523 1247 1317 1521 1523 1525 2437
1655 1655 2443 2444
1656 130 131 132 229 230 231 290 295 551 552 553 1656 1661 1712 2127 2548
