513 513 517 2271 2515
6 6 292 302 2035 2377 2378 2379 2381 2382
12 11 12 183 248 2092
524 6 131 132 156 208 211 236 290 351 377 378 524 525 526 527 528 541 551 552 553 587 619 646 690 718 740 1349 1353 1370 1561 1656 1699 1709 1712 1736 1747 1850 1884 1985 1992 2035 2136 2137 2138 2139 2163 2164 2220 2221 2272 2273 2381 2382 2428 2466 2467 2468 2469 2470 2471 2472
526 6 156 208 211 236 351 377 378 524 525 526 527 528 541 619 646 718 740 1353 1370 1561 1699 1736 1747 1850 1884 1985 1992 2035 2136 2137 2138 2139 2163 2164 2220 2221 2272 2273 2381 2382 2428 2466 2467 2468 2469 2470 2471 2472
15 15 573 2446
1550 1549 1550 1551 1613 2364 2365 2366 2369 2370
529 529 533
530 49 67 69 109 110 160 161 167 260 393 494 529 530 533 605 648 2042 2243 2244
19 18 19 2036
1553 69 88 208 209 211 467 541 669 1347 1353 1355 1370 1412 1553 1985 2132 2133 2134 2135 2136 2137 2138 2139 2434 2494 3265
21 21 22
533 529 533
535 376 535 536 538
536 376 535 536 538
538 376 535 536 538
539 62 130 133 160 210 259 286 539 632 745 1320 1546 2227 2228 2454 2488
540 298 540 1396 2274
541 6 69 80 156 208 209 211 298 351 377 378 467 524 526 540 541 542 619 646 718 740 1248 1347 1348 1349 1353 1370 1396 1496 1517 1553 1561 1736 1747 1845 1850 1884 1985 1992 2132 2133 2134 2135 2136 2137 2138 2139 2164 2220 2221 2272 2273 2274 2428 2434 2466 2467 2468 2469 2470 2471 2472 2500 2571 2672 2745 2802 2969 3962 4087 4328 4577
30 2 12 30 66 104 172 183 212 213 214 216 217 218 248 266 304 366 460 506 529 533 534 550 715 754 755 1286 1287 1327 1541 1706 1900 2092 2102 2140 2267 2404 2405 2406 2407 2408 2409 2410 2411 2412 2413 2414 2438 2439 2493 2569 2570 2659 2687 2777 3088 3938
31 15 20 31 67 109 257 260 376 402 494 530 538 573 626 627 628 1252 1494 1495 1736 1847 1890 1895 1896 2171 2446 2455 2492 2502
545 543 545
34 34 2039
547 547 550 1329 1997 2256 2280 2281 2282 2283 2284 2285 2286 2287 2288 2289 2290 2291 2292 2293 2294 2295 2296 2297 2298 2299 2300 2301 2302 2303 2304 2305 2306 2307 2308 2309 2310 2311 2312 2313 2314 2315 2316 2317 2318 2319 2320 2321 2322 2323 2324 2325 2326 2327 2328 2329 2330 2331 2332 2333 2334 2335 2336 2337 2338 2339 2340 2341 2342 2343 2344 2345 2346 2347 2348 2349 2350 2351 2352 2353 2354
550 30 104 547 550 715 1329 1997 2256 2267 2280 2281 2282 2283 2284 2285 2286 2287 2288 2289 2290 2291 2292 2293 2294 2295 2296 2297 2298 2299 2300 2301 2302 2303 2304 2305 2306 2307 2308 2309 2310 2311 2312 2313 2314 2315 2316 2317 2318 2319 2320 2321 2322 2323 2324 2325 2326 2327 2328 2329 2330 2331 2332 2333 2334 2335 2336 2337 2338 2339 2340 2341 2342 2343 2344 2345 2346 2347 2348 2349 2350 2351 2352 2353 2354 2414
555 555 2358
49 36 49 67 68 69 71 106 109 209 260 467 494 530 648 1347 1836 1976 2042 2132 2133 2134 2135 2659 2662 4326
51 51 73 101 141 320 2043 2071
60 2 36 37 38 39 40 41 42 44 45 47 48 50 52 53 54 55 56 57 58 59 60 61 63 64 65 79 80 82 83 84 85 86 90 93 95 96 126 143 144 151 152 153 154 155 178 179 190 225 226 235 269 287 288 293 294 301 358 389 456 471 486 487 603 606 615 625 639 673 686 721 746 747 748 749 1247 1248 1302 1317 1336 1341 1342 1457 1515 1517 1520 1521 1523 1525 1544 1837 1923 1945 1950 1965 2044 2045 2046 2047 2048 2066 2067 2072 2083 2084 2087 2145 2146 2147 2148 2149 2150 2151 2152 2153 2154 2155 2157 2158 2159 2160 2161 2162 2179 2180 2182 2218 2219 2258 2391 2416 2437 2475 2500 2503 2504 2505 2506 2507 2508 2509 2510 2511 2512 2537 2567 2635 2638 2650 2654 2676
573 15 137 573 581 732 1705 2446 2495
66 66 366 2460 2461
69 49 67 69 95 104 109 208 209 211 260 304 467 530 541 613 648 754 755 1327 1347 1353 1370 1553 1900 1985 2042 2132 2133 2134 2135 2136 2137 2138 2139 2267 2406 2407 2408 2409 2410 2411 2412 2413 2493 3058
581 15 137 226 573 581 582 732 1705 2144 2145 2146 2147 2148 2149 2150 2151 2152 2153 2154 2387 2388 2389 2390 2446 2495 2891
73 51 73 101 141 320 2043 2071
75 75 2417
1100 1100 1966
590 590 1284 1872 2054 2055 2522
1615 1615 1617 1927 1931
79 29 36 58 60 79 80 82 83 84 85 86 87 88 89 90 93 95 96 126 142 143 144 151 152 153 154 155 178 179 190 225 226 235 269 287 288 294 301 358 389 456 471 486 487 603 606 615 625 639 673 686 721 746 747 748 749 1247 1248 1302 1317 1336 1341 1457 1515 1517 1520 1521 1523 1525 1837 1865 1923 1945 1950 1957 1965 2044 2045 2046 2047 2048 2066 2067 2068 2069 2072 2083 2084 2087 2142 2143 2144 2145 2146 2147 2148 2149 2150 2151 2152 2153 2154 2155 2157 2158 2159 2160 2161 2162 2179 2180 2182 2218 2219 2258 2391 2437 2475 2494 2500 2503 2504 2505 2506 2507 2508 2509 2510 2511 2512 2513 2537 2650 2672 2673 2676 2746
594 594 2021
596 596 1294 2375 2376 2516 2517
85 58 60 79 80 82 83 84 85 87 90 93 94 95 96 126 129 142 143 144 151 154 155 178 179 203 207 225 269 287 288 299 375 389 456 471 603 606 615 639 721 747 748 749 1248 1302 1336 1341 1515 1837 1865 1945 1950 1957 2044 2045 2046 2047 2048 2083 2084 2087 2132 2143 2155 2179 2181 2218 2219 2258 2266 2475 2504 2505 2506 2507 2508 2509 2510 2511 2512 2513 2537 2650 2676
1620 24 25 26 152 190 235 293 294 301 306 358 456 486 487 489 508 514 599 625 673 686 746 752 1270 1271 1272 1273 1275 1324 1457 1520 1613 1620 1621 1640 1703 2009 2158 2159 2160 2161 2162 2182 2391 2445 2449 2450 2451 2452 2502 2503 2537 2614 2617 3106 3862 4213
599 25 152 188 190 235 288 293 294 301 306 358 456 486 487 514 599 625 673 686 746 749 752 1270 1272 1457 1520 1613 1620 1621 1640 1923 1970 2072 2080 2157 2158 2159 2160 2161 2162 2182 2391 2416 2445 2449 2450 2451 2452 2502 2503 2537 2567 2782 4106
88 88 669 1355 1412 1553 2434 2494
601 401 601 2383 2384 2514
603 58 60 79 82 83 84 85 90 93 95 96 178 179 287 389 603 747 1336 1837 1945 2044 2045 2046 2047 2048 2087 2218 2219 2504 2505 2506 2507 2508 2509 2510
604 604 2063
93 58 85 90 92 93 94 95 96 97 98 178 207 228 287 299 375 388 389 603 747 1336 1945 1957 1965 2048 2087 2132 2156 2181 2218 2219 2238 2239 2266 2504 2505 2506 2507 2508 2509 2510 2686 2687 2688 2880
606 58 60 79 84 235 288 294 301 456 606 625 749 1302 1520 2155 2158 2160 2179 2180 2218 2219 2537
608 608 609 1929 2173 2498 2499
609 608 609 1929 2173 2498 2499
610 115 116 138 140 316 610 1734 2190 2191 2192 2193 4326
100 99 100
101 51 72 73 101 107 141 320 2043 2071 2072
104 69 104 105 304 547 550 754 755 1327 1329 1900 1997 2102 2256 2267 2280 2281 2282 2283 2284 2285 2286 2287 2288 2289 2290 2291 2292 2293 2294 2295 2296 2297 2298 2299 2300 2301 2302 2303 2304 2305 2306 2307 2308 2309 2310 2311 2312 2313 2314 2315 2316 2317 2318 2319 2320 2321 2322 2323 2324 2325 2326 2327 2328 2329 2330 2331 2332 2333 2334 2335 2336 2337 2338 2339 2340 2341 2342 2343 2344 2345 2346 2347 2348 2349 2350 2351 2352 2353 2354 2406 2407 2408 2409 2410 2411 2412 2413 2493
616 616 2262 2263 2264
618 618 705 2268 2269 2270
107 43 107 128 141 320 2057 2058 2071 2072 2720 2733
619 524 619 2272 2273
621 621 1540 2359 2360 2361 2362
109 49 67 69 109 110 160 161 167 260 393 494 530 605 648 2042 2243 2244 2659 2957
1648 1648 1649
625 25 58 60 79 84 141 149 150 151 152 153 155 189 190 195 229 230 231 235 288 293 294 295 296 301 306 358 456 471 483 484 485 486 487 500 514 599 606 614 625 673 686 746 749 752 1270 1272 1302 1341 1457 1520 1613 1620 1621 1640 1704 1923 1965 2030 2044 2072 2075 2076 2077 2078 2079 2080 2081 2083 2084 2085 2123 2124 2125 2126 2127 2155 2157 2158 2159 2160 2161 2162 2179 2180 2182 2218 2219 2370 2391 2416 2445 2449 2450 2451 2452 2502 2503 2537 2548 2567 2745 2747 2887 3078 4112
115 114 115 116 138 139 140 316 610 1734 2190 2191 2192 2193 2708
1655 1655 2443 2444
632 62 67 110 130 132 133 160 162 167 210 259 286 298 303 494 539 540 605 632 633 745 1302 1303 1304 1305 1306 1307 1308 1309 1310 1311 1312 1313 1314 1315 1316 1318 1319 1320 1396 1497 1546 1709 1976 2133 2179 2180 2227 2228 2243 2244 2274 2275 2276 2355 2454 2488 3909
1656 130 131 132 229 230 231 290 295 551 552 553 1656 1661 1712 2548 4304
1551 1549 1550 1551 1613 2364 2365 2366 2369 2370
126 80 126 1248 1515 2066 2067 2068 2069
639 31 36 58 60 79 80 82 83 84 85 90 126 144 151 154 155 235 257 288 294 376 389 402 456 471 603 606 615 625 626 627 628 639 721 747 749 1248 1302 1336 1341 1342 1515 1544 1847 1945 2044 2045 2046 2083 2084 2155 2158 2160 2179 2218 2219 2258 2455 2475 2492 2502 2504 2505 2506 2507 2508 2509 2510 2537 2650
129 69 93 95 96 97 129 178 207 287 299 375 690 747 1336 1957 2048 2087 2132 2504 2635 2720 2891 3265
130 62 110 130 131 132 133 160 167 210 259 286 290 539 551 552 553 632 745 1546 1656 1712 2133 2227 2228 2243 2244 2454 2488 2635
131 131 132 290 551 552 553 1712
132 130 131 132 290 551 552 553 1656 1712
133 49 62 67 69 108 109 110 111 130 131 132 133 134 160 161 162 167 183 185 194 196 208 209 210 211 259 260 286 290 361 364 393 467 494 496 530 539 551 552 553 613 632 745 756 1320 1347 1353 1497 1546 1656 1712 1928 1953 1985 2007 2040 2041 2117 2118 2119 2120 2121 2122 2132 2133 2134 2135 2136 2137 2138 2139 2208 2227 2228 2243 2244 2275 2276 2355 2454 2488 2528 2580 2635 2702 2752 2759 2851 2985
136 136 2203 2204
139 115 116 138 139 140 610 2190 2191 2192 2193 2730
143 58 85 90 93 95 96 142 143 144 178 179 207 225 269 287 299 389 458 497 603 721 747 748 1336 1837 1939 1945 1950 2044 2048 2087 2142 2143 2218 2219 2475 2504 2505 2506 2507 2508 2509 2510 2511 2512 2513 2734 2770
144 31 58 60 79 80 82 84 85 90 96 126 142 143 144 151 154 155 178 179 225 257 269 287 288 376 389 402 456 471 603 626 627 628 639 713 714 721 747 748 749 1248 1302 1336 1341 1515 1837 1847 1945 1950 2044 2045 2046 2048 2067 2083 2084 2087 2142 2143 2218 2219 2455 2475 2492 2500 2502 2504 2505 2506 2507 2508 2509 2510 2511 2512 2537 2676 2734 4429
1685 199 1685 2128 2207
150 149 150 151 152 153 614 1704 2075 2076 2077 2078 2079 2080 2081 2082 2085 2741 2745 3050 3065 4296
151 58 60 79 80 82 84 85 90 126 144 149 150 151 152 153 154 155 157 190 226 235 288 293 294 295 301 306 358 389 456 471 486 487 599 603 614 615 625 673 686 721 746 747 749 1247 1248 1302 1317 1336 1341 1457 1515 1520 1521 1523 1525 1613 1620 1621 1640 1704 1923 1945 2030 2044 2072 2075 2076 2077 2078 2079 2080 2081 2082 2083 2084 2085 2144 2145 2146 2147 2148 2149 2150 2151 2152 2153 2154 2157 2158 2159 2160 2161 2162 2182 2218 2219 2258 2391 2416 2437 2449 2450 2451 2452 2475 2502 2503 2504 2505 2506 2507 2508 2509 2510 2537 2567 2741 2745 2746 2747 3050 3065 4113 4296
152 149 150 151 152 153 155 190 235 293 294 301 306 358 456 471 486 487 614 625 673 686 746 1457 1520 1613 1704 1923 2030 2072 2075 2076 2077 2078 2079 2080 2081 2082 2083 2084 2085 2157 2158 2159 2160 2161 2162 2182 2391 2416 2449 2502 2503 2537 2567 2745 2747
156 6 156 208 211 351 377 378 524 526 541 542 619 646 718 740 1348 1349 1353 1370 1496 1553 1561 1736 1747 1845 1850 1884 1985 1992 2035 2136 2137 2138 2139 2164 2220 2221 2272 2273 2381 2382 2428 2466 2467 2468 2469 2470 2471 2472 2672 2745 4087 4328
669 88 669 1355 1412 1553 2434
161 49 67 70 108 109 110 111 130 133 160 161 162 164 167 168 210 259 260 286 361 393 394 494 530 539 745 756 1497 1499 1953 2227 2228 2243 2244 2275 2276 2355 2454 2488 2528 2659 2702 2752 2759 2851 2985
162 49 62 67 70 108 109 110 111 130 133 160 161 162 164 167 210 259 260 286 298 361 393 394 494 530 539 540 632 656 745 756 1320 1396 1497 1498 1499 1500 1501 1502 1546 1953 1954 2227 2228 2243 2244 2274 2275 2276 2355 2454 2488 2528 2659 2702 2752 2759 2851 2985 4545
163 163 2232 2233 2234 2235 2236 2237
1699 236 526 1699 2163 2164 2471
166 166 2453
172 172 266 2569 2570
686 25 84 149 151 152 153 189 190 195 235 288 293 294 295 301 306 358 456 469 486 487 599 606 614 625 673 686 709 746 749 1270 1302 1457 1520 1613 1620 1621 1640 1750 1923 1975 2072 2079 2080 2081 2085 2127 2155 2157 2158 2159 2160 2161 2162 2179 2182 2255 2370 2391 2416 2449 2450 2451 2452 2502 2503 2537 2567 2638 3265
174 174 470 2257
179 58 79 82 84 85 90 93 95 96 129 142 143 144 178 179 207 225 269 287 299 375 389 458 497 603 747 748 1336 1837 1939 1945 1950 1957 2044 2048 2087 2132 2142 2143 2218 2219 2475 2504 2505 2506 2507 2508 2509 2510 2511 2512 2513 2734 2770
1206 1206 2544 2545
183 11 12 183 248 2092
189 69 188 189 209 294 301 306 358 467 468 469 520 547 550 613 625 673 686 687 704 1118 1329 1347 1457 1715 1940 1970 1997 2004 2040 2041 2133 2134 2135 2158 2160 2208 2254 2255 2256 2280 2281 2282 2283 2284 2285 2286 2287 2288 2289 2290 2291 2292 2293 2294 2295 2296 2297 2298 2299 2300 2301 2302 2303 2304 2305 2306 2307 2308 2309 2310 2311 2312 2313 2314 2315 2316 2317 2318 2319 2320 2321 2322 2323 2324 2325 2326 2327 2328 2329 2330 2331 2332 2333 2334 2335 2336 2337 2338 2339 2340 2341 2342 2343 2344 2345 2346 2347 2348 2349 2350 2351 2352 2353 2354 2391 2782 2886 3061
1732 1731 1732
199 199 1685 2128 2207
712 712 2487
715 30 715 2267 2414
1742 267 390 391 392 1742
207 49 69 85 90 93 95 96 129 143 178 179 207 208 209 211 228 287 299 375 389 467 603 747 1336 1347 1353 1837 1945 1957 1985 2048 2087 2132 2133 2134 2135 2136 2137 2138 2139 2181 2266 2504 2505 2506 2507 2508 2509 2510 2687 2968 3928
720 20 466 684 720 1494 1495 1516 2249 2568
209 69 208 209 467 1347 1353 1985 2132 2133 2134 2135 2136 2137 2138 2139 3059 3939
208 69 208 209 211 467 541 1347 1353 1370 1553 1985 2132 2133 2134 2135 2136 2137 2138 2139
211 69 208 209 211 467 541 1347 1353 1370 1493 1553 1985 2132 2133 2134 2135 2136 2137 2138 2139 4086
212 212 213 214 216 2140 2141
724 365 724 1871 2479 2480
214 212 213 214 216 2140 2141
727 727 2491
217 217 218 460 1706 2438 2439
730 730 1901 1902 1903 1978
218 217 218 460 1706 2438 2439
732 15 137 573 581 732 1705 2144 2387 2388 2389 2390 2446 2495
1243 23 386 387 1243 1851 2177 2229 2230 2231 2979
1247 1247 1317 1521 1523 1525 2437
1248 6 28 31 58 60 79 80 82 84 85 90 96 126 144 151 155 156 178 208 211 291 292 302 377 389 402 456 480 541 542 603 605 626 628 639 646 670 690 718 721 747 749 1248 1249 1250 1251 1278 1326 1334 1336 1341 1348 1349 1370 1496 1515 1517 1736 1747 1845 1847 1850 1884 1945 1993 1994 2035 2044 2066 2067 2068 2069 2083 2084 2218 2219 2377 2378 2379 2380 2381 2382 2455 2467 2468 2469 2470 2475 2492 2500 2504 2505 2506 2507 2508 2509 2510 2537 2650 2672 2884 4087 4328
224 223 224
226 226 2144 2145 2146 2147 2148 2149 2150 2151 2152 2153 2154
740 351 740 1561 1992
228 81 85 90 93 94 95 96 129 178 185 192 194 195 196 207 210 228 232 287 295 296 299 358 375 388 486 487 498 499 500 501 502 503 504 505 603 747 1299 1336 1350 1945 1957 1958 1965 2007 2048 2086 2087 2117 2118 2119 2120 2121 2122 2123 2124 2125 2126 2127 2132 2156 2181 2266 2504 2505 2506 2507 2508 2510 2529 2530 2531 2532 2533 2534 2535 2536 2688 2777 2821 2822 2823 2882 3088 4253
233 233 234
745 62 110 130 132 133 134 160 161 162 167 210 259 286 393 539 632 745 1320 1546 1928 1953 2133 2227 2228 2243 2244 2275 2276 2355 2454 2488
234 233 234
748 58 79 85 90 93 95 96 142 143 144 178 179 207 225 265 269 287 299 389 458 497 603 747 748 1336 1837 1939 1945 1949 1950 2044 2048 2087 2142 2143 2218 2219 2475 2504 2505 2506 2507 2508 2509 2510 2511 2512 2513 2734 2770 3088 4542
238 238 2168 2169
752 25 190 293 514 746 752 1270 1272 1620 1621 2182 2449
753 382 753 2520 2521
756 70 110 130 133 160 161 162 167 210 259 286 393 539 745 756 1497 1953 1954 2227 2228 2243 2244 2275 2276 2355 2454 2488 2528 2759 4545
1272 25 190 293 294 301 508 514 599 625 709 746 752 1270 1271 1272 1273 1275 1324 1325 1520 1620 1621 1684 1698 1926 1986 2158 2160 2182 2449 3106 3862
255 255 2170
257 257 2171
1284 590 1284 2054 2055 2522
1286 30 715 1286 1287 2267 2414
1287 30 715 1286 1287 2267 2414
265 66 265 2176 2460 2461
267 267 391 392 1742
269 58 60 79 80 82 84 85 90 93 95 96 142 143 144 178 179 225 265 269 287 389 458 497 603 721 747 748 1336 1837 1939 1945 1949 1950 2044 2048 2083 2087 2142 2143 2176 2218 2219 2460 2461 2475 2504 2505 2506 2507 2508 2509 2510 2511 2512 2513 2734 4542
1297 147 631 1295 1297 1647
1302 20 58 60 79 80 82 83 84 85 90 124 144 151 152 153 154 155 190 235 288 293 294 295 301 303 306 358 456 464 465 466 471 486 487 539 599 603 606 614 615 621 625 632 633 639 673 684 686 709 720 721 746 747 749 1240 1302 1303 1304 1305 1306 1307 1308 1309 1310 1311 1312 1313 1314 1315 1316 1318 1319 1320 1341 1457 1495 1515 1516 1520 1540 1613 1620 1621 1640 1684 1698 1703 1923 1945 1965 2044 2045 2046 2072 2079 2080 2081 2083 2084 2155 2157 2158 2159 2160 2161 2162 2179 2180 2182 2218 2219 2248 2249 2258 2359 2360 2361 2362 2391 2416 2420 2421 2449 2450 2451 2452 2475 2502 2503 2504 2505 2506 2507 2508 2510 2537 2567 2568 3909
286 49 62 67 69 70 93 96 108 109 110 111 130 131 132 133 134 160 161 162 167 185 194 196 208 209 210 259 260 286 287 290 298 361 388 393 467 494 530 539 540 551 552 553 613 632 745 756 1320 1347 1497 1546 1712 1928 1953 1954 2007 2041 2048 2117 2118 2119 2120 2121 2122 2132 2133 2134 2135 2181 2208 2227 2228 2243 2244 2275 2276 2355 2454 2488 2528 2635 2702 2752 2759 2985
287 58 62 81 82 84 85 90 92 93 94 95 96 97 98 129 143 178 179 207 228 286 287 299 375 388 389 500 603 747 757 1336 1546 1837 1945 1957 1958 1965 2044 2045 2046 2048 2087 2132 2156 2181 2218 2219 2238 2239 2266 2504 2505 2506 2507 2508 2509 2510 2529 2530 2531 2532 2533 2534 2535 2536 2686 2687 2688 2880 2981
293 25 152 190 235 291 293 294 301 358 456 486 487 514 599 625 673 746 752 1270 1272 1457 1520 1620 1621 2158 2159 2160 2161 2162 2182 2391 2445 2449 2502 2503 2537
296 195 296 500 2123 2124 2125 2126
1320 62 67 110 130 132 133 160 162 167 210 259 286 298 303 494 539 540 605 632 633 745 1302 1303 1304 1305 1306 1307 1308 1309 1310 1311 1312 1313 1314 1315 1316 1318 1319 1320 1396 1497 1546 1976 2133 2179 2180 2227 2228 2243 2244 2274 2275 2276 2355 2454 2488 3909
298 298 540 1396 2274
301 25 152 190 235 291 293 294 301 306 321 358 456 486 487 599 625 673 686 746 749 1270 1457 1520 1613 1620 1621 1640 1923 2072 2080 2157 2158 2159 2160 2161 2162 2182 2391 2416 2445 2449 2450 2451 2452 2502 2503 2537 2567
302 6 292 302 480 605 1993 1994 2035 2377 2378 2379 2380 2381 2382
1327 30 49 69 104 105 209 243 304 467 715 754 755 1327 1347 1900 2095 2096 2097 2098 2099 2100 2101 2102 2132 2133 2134 2135 2217 2246 2267 2406 2407 2408 2409 2410 2411 2412 2413 2414 2493 2610
304 30 49 69 104 105 209 243 304 467 715 754 755 1327 1347 1900 2095 2096 2097 2098 2099 2100 2101 2102 2132 2133 2134 2135 2217 2246 2267 2406 2407 2408 2409 2410 2411 2412 2413 2414 2493 2610
306 152 156 188 189 190 235 291 293 294 300 301 306 309 310 312 314 317 318 321 327 328 330 331 334 335 336 337 345 358 456 468 469 486 487 520 613 625 642 673 686 687 704 746 1118 1349 1387 1457 1520 1560 1613 1640 1715 1940 1970 2040 2041 2158 2159 2160 2161 2162 2182 2208 2254 2255 2256 2391 2449 2450 2451 2452 2502 2503 2537 2886 2912 3061 3265
1847 15 20 31 67 109 257 260 283 375 376 402 494 530 538 573 626 627 628 1252 1494 1495 1736 1846 1847 1890 1895 1896 2171 2446 2455 2492 2502 2968
1850 541 646 718 1370 1736 1850 1884 2466 2467 2468 2469 2470 2571 4443
315 315 1870 2427
316 316 610 1734
1341 36 58 60 79 80 82 83 84 85 86 90 96 126 144 151 154 155 178 235 288 294 301 389 456 471 603 606 615 625 639 721 747 749 1248 1302 1336 1341 1342 1515 1520 1521 1544 1945 2044 2045 2046 2047 2083 2084 2155 2158 2160 2179 2180 2218 2219 2258 2475 2504 2505 2506 2507 2508 2509 2510 2537 2650
1339 1339 1340 2415
322 322 2523 2524 2525
1349 6 31 36 38 49 50 51 67 69 73 88 101 107 111 128 141 156 163 208 209 211 291 292 302 305 306 307 308 309 310 311 312 313 314 315 321 351 377 378 480 524 525 526 541 542 584 585 607 619 642 643 644 645 646 647 648 649 650 651 652 653 654 655 656 657 658 659 660 661 662 663 664 665 666 669 690 709 718 740 1248 1318 1348 1349 1350 1352 1353 1354 1355 1356 1357 1358 1359 1360 1361 1362 1363 1364 1365 1366 1367 1368 1369 1370 1371 1372 1373 1374 1375 1376 1377 1378 1379 1380 1381 1382 1383 1384 1385 1386 1387 1388 1389 1390 1391 1392 1393 1394 1395 1397 1398 1399 1400 1401 1402 1403 1404 1405 1406 1407 1408 1409 1410 1411 1412 1413 1414 1415 1416 1417 1418 1419 1420 1421 1422 1423 1424 1425 1426 1427 1428 1429 1430 1431 1432 1433 1434 1435 1436 1437 1438 1439 1440 1441 1442 1443 1444 1445 1446 1447 1448 1449 1450 1451 1452 1453 1454 1455 1456 1458 1459 1460 1461 1462 1463 1464 1465 1466 1467 1468 1469 1470 1471 1472 1473 1474 1475 1476 1477 1478 1479 1480 1484 1485 1486 1487 1496 1507 1553 1561 1709 1736 1747 1836 1838 1845 1850 1870 1884 1975 1985 1990 1992 2030 2035 2042 2043 2086 2132 2134 2135 2136 2137 2138 2139 2164 2220 2221 2232 2233 2234 2235 2236 2237 2272 2273 2377 2378 2379 2381 2382 2391 2422 2423 2424 2425 2426 2427 2428 2434 2466 2467 2468 2469 2470 2471 2472 2638 2662 2672 2745 2772 2773 2884 2969 2970 3204 3238 3240 3265 3943 3945 3962 3988 4004 4049 4087 4112 4326 4328 4339
1350 81 1350 1958 2086 2529 2530 2531 2532 2533 2534 2535 2536
1864 1863 1864
1355 88 669 1355 1412 1553 2434 2494
1870 315 1870 2427
1359 1359 1484 1485 1486 1487 2422 2423 2424 2425 2426
1884 646 718 1370 1736 1850 1884 2466 2467 2468 2469 2470
351 351 740 1561 1992
1888 1887 1888
358 25 58 60 79 84 141 149 150 151 152 153 183 185 189 190 194 195 196 210 228 229 230 231 235 288 293 294 295 296 301 306 320 358 359 364 456 469 471 483 484 485 486 487 496 500 514 599 606 614 625 673 686 746 749 752 1270 1296 1299 1302 1457 1520 1613 1620 1621 1640 1656 1661 1704 1923 2007 2071 2072 2075 2076 2078 2079 2080 2081 2083 2085 2117 2118 2119 2120 2121 2122 2123 2124 2125 2126 2127 2155 2156 2157 2158 2159 2160 2161 2162 2179 2180 2182 2218 2219 2255 2370 2391 2416 2445 2449 2450 2451 2452 2502 2503 2537 2548 2567 2580 2887 3078 4112
1895 1890 1895 1896
1896 1890 1895 1896
361 49 67 70 108 109 110 111 130 133 160 161 162 164 167 168 210 259 260 286 361 393 394 494 530 539 745 756 1497 1499 1953 2227 2228 2243 2244 2275 2276 2355 2454 2488 2528 2659 2702 2752 2759 2851 2985
1900 30 49 69 104 105 209 243 304 467 715 754 755 1327 1347 1900 2095 2096 2097 2098 2099 2100 2101 2102 2132 2133 2134 2135 2217 2246 2267 2406 2407 2408 2409 2410 2411 2412 2413 2414 2493 2610
1901 730 1901 1902 1903 1978
366 66 265 366 367 2460 2461
1904 1904 2049
375 31 49 69 85 90 93 95 96 129 143 178 179 207 208 209 211 228 257 283 287 299 375 376 389 402 467 603 626 627 628 747 1336 1347 1353 1837 1846 1847 1945 1957 1985 2048 2087 2132 2133 2134 2135 2136 2137 2138 2139 2181 2266 2455 2492 2502 2504 2505 2506 2507 2508 2509 2510 2687 2968 3928
386 23 386 387 1243 1851 2177 2229 2230 2231 2615
1923 25 51 58 60 73 79 84 101 107 128 141 149 150 151 152 153 190 195 231 235 288 291 293 294 295 301 306 320 324 358 456 471 483 484 485 486 487 599 606 614 625 673 686 733 746 749 1270 1302 1457 1520 1613 1620 1621 1640 1704 1923 1924 2043 2071 2072 2075 2076 2078 2079 2080 2081 2083 2085 2123 2126 2127 2155 2157 2158 2159 2160 2161 2162 2179 2180 2182 2218 2219 2370 2391 2416 2445 2449 2450 2451 2452 2502 2503 2537 2548 2567 2887 3078
388 85 90 93 94 95 96 178 207 228 286 287 299 388 603 747 1336 1945 1957 1965 2048 2087 2181 2238 2239 2266 2504 2505 2506 2507 2508 2688 2880 2981
391 267 390 391 392 1742
392 267 390 391 392 1742
1929 608 609 1929 2173 2498 2499
1930 608 609 1811 1929 1930 2001 2002 2003 2173 2498 2499
398 398 2178
1934 1933 1934
402 15 20 31 67 109 257 260 376 400 402 403 404 494 530 538 573 626 627 628 1252 1494 1495 1736 1847 1890 1895 1896 2171 2446 2455 2492 2502 2991 2993
1939 142 143 178 179 225 269 458 497 748 1837 1939 1950 2087 2142 2143 2510 2511 2512 2513 3088
406 397 406 413 455 2371
1945 58 79 82 84 85 90 93 95 96 142 143 178 179 203 225 269 287 389 603 747 748 1336 1837 1945 1950 2044 2045 2046 2048 2087 2142 2143 2218 2219 2475 2504 2505 2506 2507 2508 2509 2510 2511 2512 2513
1958 81 1350 1957 1958 1959 2086 2529 2530 2531 2532 2533 2534 2535 2536
1973 1973 2563 2564
1987 1899 1987
456 25 58 60 79 80 82 83 84 85 86 90 126 141 144 149 151 152 153 154 155 190 235 288 293 294 295 301 306 358 389 456 466 471 486 487 599 603 606 614 615 621 625 639 673 684 686 721 746 747 749 1248 1270 1302 1336 1341 1457 1515 1520 1540 1613 1620 1621 1640 1923 1945 1965 2044 2045 2046 2072 2079 2080 2081 2083 2084 2085 2155 2157 2158 2159 2160 2161 2162 2179 2180 2182 2218 2219 2249 2258 2359 2360 2361 2362 2370 2391 2416 2449 2450 2451 2452 2475 2502 2503 2504 2505 2506 2507 2508 2509 2510 2537 2567 2568 2650 2676 4112
1992 6 69 156 208 209 211 236 291 292 302 321 327 331 351 377 378 467 480 524 526 541 619 646 709 718 740 1347 1349 1353 1370 1553 1561 1699 1736 1747 1850 1884 1985 1992 2035 2132 2133 2134 2135 2136 2137 2138 2139 2163 2164 2220 2221 2272 2273 2377 2378 2379 2380 2381 2382 2428 2466 2467 2468 2469 2470 2471 2472 2571 2969 2970 4328
1994 6 164 292 302 480 605 1993 1994 2035 2377 2378 2379 2380 2381 2382 4585
1997 547 550 1329 1997 2256 2280 2281 2282 2283 2284 2285 2286 2287 2288 2289 2290 2291 2292 2293 2294 2295 2296 2297 2298 2299 2300 2301 2302 2303 2304 2305 2306 2307 2308 2309 2310 2311 2312 2313 2314 2315 2316 2317 2318 2319 2320 2321 2322 2323 2324 2325 2326 2327 2328 2329 2330 2331 2332 2333 2334 2335 2336 2337 2338 2339 2340 2341 2342 2343 2344 2345 2346 2347 2348 2349 2350 2351 2352 2353 2354
1485 1359 1484 1485 1486 1487 2422 2423 2424 2425 2426
1486 1359 1484 1485 1486 1487 2422 2423 2424 2425 2426
1487 1359 1484 1485 1486 1487 2422 2423 2424 2425 2426
462 461 462 463
463 461 462 463
2001 608 609 1811 1929 1930 2001 2002 2003 2173 2498 2499
1998 1998 1999
470 174 470 2257
471 58 60 79 80 82 83 84 85 90 144 149 150 151 152 153 154 155 226 235 294 301 358 456 471 581 603 614 615 625 639 673 721 747 749 1247 1317 1336 1341 1457 1515 1520 1521 1523 1525 1704 1945 2030 2044 2045 2046 2072 2075 2076 2077 2078 2079 2080 2081 2082 2083 2084 2085 2144 2145 2146 2147 2148 2149 2150 2151 2152 2153 2154 2157 2158 2159 2160 2161 2162 2218 2219 2258 2437 2475 2504 2505 2506 2507 2508 2510 2537 2745 2746 2747 4113
2007 11 12 133 183 185 194 195 196 210 248 296 364 496 500 2007 2092 2117 2118 2119 2120 2121 2122 2123 2124 2125 2126 2127 2580 2777
1497 62 70 108 110 111 133 160 161 162 164 167 259 286 298 361 393 539 656 745 756 1497 1498 1499 1500 1501 1502 1546 1953 1954 2227 2228 2243 2244 2275 2276 2355 2454 2488 2528 2702 2759 2851 2985
477 477 2259 2260 2261 2448 2549
2015 2015 2587 2588 2589 2590 2591 2592
480 6 164 292 302 480 605 1993 1994 2035 2377 2378 2379 2380 2381 2382 4585
2021 594 2021
487 25 60 79 84 141 149 151 152 153 185 189 190 194 195 196 210 228 229 230 231 235 288 293 294 295 296 301 306 320 358 456 483 484 485 486 487 500 599 606 614 625 673 686 746 749 752 1270 1302 1457 1520 1613 1620 1621 1640 1656 1661 1704 1923 2007 2071 2072 2079 2080 2081 2085 2117 2118 2119 2120 2121 2122 2123 2124 2125 2126 2127 2155 2156 2157 2158 2159 2160 2161 2162 2179 2182 2370 2391 2416 2445 2449 2450 2451 2452 2502 2503 2537 2548 2567 2887 3078 4112
1512 1512 1513 1514
2024 2024 2070
1513 1512 1513 1514
2025 2025 2026 2027
1516 20 124 464 465 466 501 621 679 684 720 1302 1494 1495 1516 1540 1634 2179 2180 2248 2249 2359 2360 2361 2362 2420 2421 2568 3057 3276 4109
2029 46 2029
494 6 49 67 109 110 161 260 291 292 302 393 494 495 530 605 632 648 1301 1320 2042 2243 2244 2377 2378 2379 2380
497 142 143 178 179 225 269 458 497 748 1837 1939 1950 2087 2142 2143 2510 2511 2512 2513 3088
1523 1247 1317 1521 1523 1525 2437
500 195 228 296 500 1957 2123 2124 2125 2126 2156
1528 1528 1531 1977 2440
506 506 2404 2405
1531 1528 1531 1977 2440
