6 6 7 8 9 10 292 302 377 378 480 605 1984 1992 2035 2220 2221 2377 2378 2379 2380 2381 2382 2472
11 11 12 13 14 15 16 17 134 182 183 184 185 186 248 284 573 678 1281 1528 1529 1531 1619 1852 2092 2440
12 11 12 13 14 15 16 17 30 80 134 182 183 184 185 186 187 194 196 210 242 248 250 499 568 569 570 571 572 573 574 575 1531 1615 1617 1619 1852 1931 2007 2092 2117 2118 2119 2120 2121 2122
15 11 12 15 134 137 183 184 186 248 302 499 568 569 570 571 572 573 574 575 600 1281 1852 2092 2446
18 18 19 20 104 243 304 507 720 754 755 1327 1495 1516 1900 2036 2267 2406 2407 2408 2409 2410 2411 2412 2413 2493
19 18 19 2036
20 18 19 20 243 466 501 631 638 679 684 720 1295 1296 1297 1494 1495 1516 1517 1634 2036
21 21 22 23 24 25 26 386 387 489 1620 1621 2229 2230 2231
22 21 22 23 24 25 26 386 387 489 1270 1620 1621 2177 2229 2230 2231
23 21 22 23 26 386 387 1243 1851 2177 2229 2230 2231
25 21 22 24 25 26 489 514 752 1270 1324 1620 1621 1698 1703 2009 2182
30 2 12 30 49 66 67 95 109 172 183 185 194 196 207 210 212 213 214 216 217 218 248 260 266 299 304 366 460 494 496 506 529 530 533 534 550 715 1286 1287 1336 1346 1541 1706 2007 2048 2087 2092 2117 2118 2119 2120 2121 2122 2132 2140 2267 2404 2405 2414 2418 2419 2438 2439 2569
31 2 13 15 20 25 30 31 32 36 38 39 42 43 45 46 49 52 56 58 60 67 71 74 79 80 84 85 86 90 93 96 100 104 107 108 109 110 111 112 113 114 126 128 129 130 131 132 133 137 144 149 150 151 152 153 154 160 161 162 163 167 169 172 173 174 175 176 183 186 188 190 192 193 196 197 233 235 257 259 260 264 265 266 270 278 279 281 283 286 287 290 291 292 293 294 301 302 304 309 310 312 314 319 321 325 332 335 336 341 344 349 350 356 362 363 365 375 376 393 402 456 464 466 472 477 489 493 494 496 500 501 505 507 513 514 515 516 518 521 528 529 530 538 539 541 548 549 551 552 553 569 570 573 584 596 597 602 603 604 605 606 607 608 609 610 611 612 613 614 615 616 617 618 619 620 621 622 623 624 625 626 627 628 629 630 631 632 633 634 635 636 637 638 639 640 641 642 643 644 645 646 647 648 649 650 651 652 653 654 655 656 657 658 659 660 661 662 663 664 665 666 667 668 669 670 671 672 673 674 675 676 677 678 679 680 681 682 683 684 685 686 687 688 689 690 691 692 693 694 695 696 697 698 699 700 701 702 703 704 705 706 707 708 709 710 711 712 713 714 715 716 717 718 719 720 721 722 723 724 725 726 727 728 729 730 731 732 733 734 735 736 737 738 739 740 741 742 743 744 745 746 747 748 749 750 751 752 753 754 755 756 757 758 759 760 761 762 763 764 765 766 767 768 769 770 771 772 773 774 775 776 777 778 779 780 781 782 783 784 785 786 787 788 789 790 791 792 793 794 795 796 797 798 799 800 801 802 803 804 805 806 807 808 809 810 811 812 813 814 815 816 817 818 819 820 821 822 823 824 825 826 827 828 829 830 831 832 833 834 835 836 837 838 839 840 841 842 843 844 845 846 847 848 849 850 851 852 853 854 855 856 857 858 859 860 861 862 863 864 865 866 867 868 869 870 871 872 873 874 875 876 877 878 879 880 881 882 883 884 885 886 887 888 889 890 891 892 893 894 895 896 897 898 899 900 901 902 903 904 905 906 907 908 909 910 911 912 913 914 915 916 917 918 919 920 921 922 923 924 925 926 927 928 929 930 931 932 933 934 935 936 937 938 939 940 941 942 943 944 945 946 947 948 949 950 951 952 953 954 955 956 957 958 959 960 961 962 963 964 965 966 967 968 969 970 971 972 973 974 975 976 977 978 979 980 981 982 983 984 985 986 987 988 989 990 991 992 993 994 995 996 997 998 999 1000 1001 1002 1003 1004 1005 1006 1007 1008 1009 1010 1011 1012 1013 1014 1015 1016 1017 1018 1019 1020 1021 1022 1023 1024 1025 1026 1027 1028 1029 1030 1031 1032 1033 1034 1035 1036 1037 1038 1039 1040 1041 1042 1043 1044 1045 1046 1047 1048 1049 1050 1051 1052 1053 1054 1055 1056 1057 1058 1059 1060 1061 1062 1063 1064 1065 1066 1067 1068 1069 1070 1071 1072 1073 1074 1075 1076 1077 1078 1079 1080 1081 1082 1083 1084 1085 1086 1087 1088 1089 1090 1091 1092 1093 1094 1095 1096 1097 1098 1099 1100 1101 1102 1103 1104 1105 1106 1107 1108 1109 1110 1111 1112 1113 1114 1115 1116 1117 1118 1119 1120 1121 1122 1123 1124 1125 1126 1127 1128 1129 1130 1131 1132 1133 1134 1135 1136 1137 1138 1139 1140 1141 1142 1143 1144 1145 1146 1147 1148 1149 1150 1151 1152 1153 1154 1155 1156 1157 1158 1159 1160 1161 1162 1163 1164 1165 1166 1167 1168 1169 1170 1171 1172 1173 1174 1175 1176 1177 1178 1179 1180 1181 1182 1183 1184 1185 1186 1187 1188 1189 1190 1191 1192 1193 1194 1195 1196 1197 1198 1199 1200 1201 1202 1203 1204 1205 1206 1207 1208 1209 1210 1211 1212 1213 1214 1215 1216 1217 1218 1219 1220 1221 1222 1223 1224 1225 1226 1227 1228 1229 1230 1231 1232 1233 1234 1235 1236 1237 1238 1239 1240 1241 1242 1248 1252 1253 1254 1259 1260 1261 1266 1268 1270 1274 1280 1285 1295 1328 1334 1337 1338 1346 1349 1396 1482 1494 1495 1515 1516 1540 1545 1546 1547 1548 1615 1633 1647 1704 1712 1731 1733 1734 1736 1837 1847 1853 1871 1890 1891 1895 1896 1945 1963 1965 2011 2030 2171 2182 2446 2455 2475 2492 2502 2504 2508
34 34 2039
43 43 128 2057 2058
46 2 31 36 37 38 39 40 41 42 43 44 45 46 47 48 49 50 51 52 53 54 55 56 57 58 59 60 61 62 63 64 65 101 107 129 156 163 235 292 294 306 309 314 316 318 319 332 525 528 607 609 610 625 627 631 637 642 648 673 680 682 686 688 690 691 692 693 694 695 696 697 698 699 700 701 708 711 737 763 791 985 1029 1253 1255 1256 1319 1349 1354 1360 1366 1368 1375 1384 1386 1387 1395 1404 1412 1414 1457 1480 1541 1554 1555 1561 1613 1616 1623 1655 1656 1657 1658 1659 1660 1661 1662 1663 1664 1665 1666 1667 1668 1669 1670 1671 1672 1673 1674 1675 1676 1677 1678 1679 1680 1734 1736 1737 1738 1739 1740 1741 1975 2028 2029 2502 2503
49 2 30 31 36 37 38 39 40 41 42 43 44 45 46 47 48 49 50 51 52 53 54 55 56 57 58 59 60 61 62 63 64 65 67 68 69 70 71 95 101 106 107 108 109 110 111 112 113 128 132 133 156 160 161 162 163 167 208 209 235 260 266 291 294 298 300 301 304 306 309 310 312 314 316 317 318 320 321 322 323 327 328 330 331 334 335 336 337 345 393 466 467 494 530 552 605 607 610 613 625 627 642 648 654 666 673 698 706 708 711 712 730 734 735 736 737 738 739 740 741 742 743 744 812 985 1288 1289 1290 1314 1315 1327 1347 1349 1354 1358 1360 1366 1368 1375 1384 1386 1387 1395 1412 1480 1499 1559 1560 1561 1613 1671 1680 1734 1736 1737 1738 1739 1740 1741 1746 1748 1749 1836 1904 1905 1906 1907 1908 1909 1910 1911 1912 1913 1914 1915 1916 1917 1918 1919 1920 1921 1925 1976 1977 1978 2030 2042 2132 2133 2134 2135 2243 2244 2267 2355 2502 2503
51 51 73 101 2043
58 36 58 60 79 80 81 84 85 90 178 456 603 747 749 1336 1945 1965 2044 2083 2218 2219 2475 2504 2505 2506 2507 2508 2510
60 36 58 60 79 84 456 639 749 1341 2218 2219
62 2 15 36 37 38 39 40 41 42 43 44 45 46 47 48 49 50 51 52 53 54 55 56 57 58 59 60 61 62 63 64 65 67 108 110 130 133 134 158 160 161 162 163 164 165 166 167 168 169 210 259 286 287 393 539 729 745 1497 1499 1531 1546 1928 2227 2228 2454 2488
66 66 366 2460
67 30 49 67 69 107 108 109 110 111 112 113 133 160 161 162 167 260 298 393 494 530 605 1499 2042 2243 2244
69 49 69 208 209 304 466 467 1347 2132 2133 2134 2135
70 49 50 67 69 70 162 318 627 711 712 1252 1288 1289 1290 1734 1836 2042 2355 2487
73 51 73 101 2043
75 54 75 77 78 1717 2417
79 29 36 58 60 79 80 81 82 83 84 85 86 87 88 89 90 96 126 144 151 154 155 178 235 288 294 456 471 603 615 625 639 721 747 749 1248 1302 1336 1341 1515 1865 1945 1965 2044 2045 2046 2048 2083 2084 2218 2219 2258 2475 2504 2505 2506 2507 2508 2510 2537
80 12 15 28 30 31 36 58 60 79 80 81 84 85 86 90 96 126 144 155 156 178 182 183 185 186 187 208 211 248 292 302 316 456 520 540 541 542 603 670 721 747 749 1248 1249 1250 1251 1278 1279 1326 1334 1335 1336 1341 1348 1495 1496 1515 1517 1615 1736 1845 1945 1965 2044 2048 2066 2067 2068 2069 2083 2084 2092 2218 2219 2475 2500 2504 2505 2506 2507 2508 2510
81 58 60 79 80 81 82 84 85 90 91 93 95 151 152 153 155 228 287 456 471 500 603 747 1336 1350 1945 1957 1958 1959 1965 2044 2048 2083 2086 2156 2218 2219 2475 2504 2505 2506 2507 2508 2510 2529 2530 2531 2532 2533 2534 2535 2536
82 29 58 60 79 82 83 84 85 86 87 88 89 90 91 154 456 603 747 1336 1865 1945 1965 2045 2046 2047 2218 2219 2504 2505 2506 2508
83 60 79 82 83 84 85 90 603 747 2045 2046 2047 2218 2219 2504 2508
84 29 58 60 79 82 83 84 85 86 87 88 89 90 154 226 288 456 471 603 615 639 747 749 1302 1341 1521 1865 1965 2045 2046 2218 2219 2258 2494 2504 2508 2537
85 58 60 79 82 84 85 90 96 178 389 603 747 1336 1945 2048 2218 2219 2504 2505 2506 2507 2508 2509 2510
88 29 58 60 79 82 84 85 86 87 88 89 150 154 456 458 459 460 497 669 1355 1412 1553 1865 1939 1965 2218 2219 2434 2494
90 58 81 82 83 84 85 90 91 96 178 389 603 747 1336 1945 1957 2045 2046 2048 2504 2505 2506 2507 2508 2509 2510
93 92 93 94 95 96 97 98 287 747 1336 1957 1965 2048 2266 2504
94 92 93 94 95 96 97 98 287 299 684 1636 1965 2048 2266
95 30 69 85 90 93 94 95 96 97 129 178 207 208 287 299 375 581 590 603 715 747 1336 1945 1957 2048 2087 2132 2266 2267 2414 2504 2505 2506 2507 2508
96 58 79 82 84 85 90 92 93 94 95 96 97 98 178 179 286 287 288 388 456 603 606 747 1336 1837 1945 1957 1965 2048 2087 2155 2181 2218 2219 2266 2504 2505 2506 2507 2508 2510
99 99 100
100 99 100 174 628 669 750 751 1143 1146 1947
101 51 72 73 101
104 18 31 69 104 105 243 304 547 550 613 754 755 1327 1329 1900 1997 2087 2102 2256 2267 2280 2281 2282 2283 2284 2285 2286 2287 2288 2289 2290 2291 2292 2293 2294 2295 2296 2297 2298 2299 2300 2301 2302 2303 2304 2305 2306 2307 2308 2309 2310 2311 2312 2313 2314 2315 2316 2317 2318 2319 2320 2321 2322 2323 2324 2325 2326 2327 2328 2329 2330 2331 2332 2333 2334 2335 2336 2337 2338 2339 2340 2341 2342 2343 2344 2345 2346 2347 2348 2349 2350 2351 2352 2353 2354 2406 2407 2408 2409 2410 2411 2412 2413 2493
107 31 43 45 49 51 67 68 71 73 101 107 108 109 110 111 112 113 128 129 130 132 133 141 160 161 162 163 164 165 167 168 235 259 260 261 262 266 291 294 298 299 300 301 302 305 306 307 308 309 310 311 312 313 314 315 316 317 318 319 320 321 322 323 325 327 328 330 331 332 334 335 336 337 341 342 344 345 349 350 356 393 396 494 529 530 607 625 627 642 648 654 666 673 698 706 734 735 736 737 738 739 741 742 743 744 1349 1354 1358 1360 1366 1368 1384 1386 1387 1395 1398 1429 1480 1497 1498 1499 1559 1560 1613 1736 1884 1885 1886 1954 2043 2057 2058 2071 2072 2243 2244 2502 2503
109 30 49 67 69 107 108 109 110 111 112 113 160 161 162 167 260 298 365 393 494 530 605 1499 1871 2042 2243 2244
110 67 108 109 110 111 112 133 160 161 162 167 259 260 361 393 394 1497 1499 1954 2243 2244
115 114 115 116 140 610 2190 2191 2192 2193
116 115 116 140 610 2190 2191 2192 2193
124 117 124 464 465 2248
126 28 80 126 1248 1515 2066 2067 2068 2069
128 43 107 128 129 141 299 2057 2058
129 129 299
130 43 110 128 130 131 132 133 160 210 286 539 745 1712 2133 2454 2488
131 130 131 132 290 524 551 552 553 587 1656 1712
132 31 39 43 45 49 71 107 110 112 128 130 131 132 133 160 210 229 235 266 286 290 291 294 300 301 306 309 310 312 314 316 317 318 320 321 322 323 327 328 330 331 332 334 335 336 337 345 528 539 551 552 553 607 609 625 627 631 637 642 648 654 666 673 682 688 697 698 701 706 711 734 735 736 737 738 739 740 741 742 743 744 745 763 791 1029 1358 1387 1559 1560 1613 1656 1671 1680 1712 1746 1748 1749 1904 1905 1906 1907 1908 1909 1910 1911 1912 1913 1914 1915 1916 1917 1918 1919 1920 1921 2133 2454 2488 2502 2503
133 62 67 108 110 111 130 132 133 134 160 161 162 167 210 259 286 393 539 745 756 1497 1546 1928 2133 2454 2488
135 43 128 135 136 137 265 581 594 732 1705 2021 2056 2057 2058 2176 2203 2204 2387 2460 2495
136 136 2203 2204
137 15 135 137 573 581 732 1705 2144 2387 2388 2389 2390 2446 2495
138 138 139 140
139 138 139 140
140 115 116 138 139 140 610 1946 2190 2191 2192 2193
141 51 73 101 107 128 141 320 2043 2071 2072
142 142 143 144 178 179 225 748 1837 2142 2143 2510
143 58 85 90 95 96 142 143 144 178 179 225 269 497 603 713 714 747 748 1336 1837 1945 2048 2087 2142 2143 2475 2504 2505 2506 2507 2510 2511 2512 2513
144 142 143 144 178 713 714 721 1837 2475
145 145 2073 2074
147 147 148 314 631 1295 1297 1300 1647
149 149 150 151 152 153 157 614 1704 2075 2076 2077 2078 2079 2080 2081 2085
150 149 150 151 152 153 157 458 472 473 614 1704 2075 2076 2077 2078 2079 2080 2081 2085
151 149 150 151 152 153 154 155 471 614 2079 2080 2081 2083 2085
152 149 150 151 152 153 155 235 294 301 358 456 471 614 625 1520 1704 2030 2079 2080 2081 2083 2085 2158 2160 2182
153 149 150 151 152 153 155 156 157 471 614 2079 2080 2081 2083 2085
154 60 79 82 84 151 152 153 154 155 226 456 471 615 1247 1317 1521 1523 1524 1525 2083 2144 2145 2146 2147 2148 2149 2150 2151 2152 2153 2154 2218 2219 2258 2437
155 58 81 149 151 152 153 154 155 471 614 1957 1958 2079 2080 2081 2083 2084 2085 2086 2529 2530 2531 2532 2533 2534 2535 2536
156 6 80 149 150 151 152 153 155 156 157 208 211 377 378 540 541 542 646 1248 1348 1349 1353 1370 1396 1495 1496 1736 1747 1838 1845 1985 1992 2085 2220 2221 2272 2467 2468 2469 2470 2471 2472
160 67 107 108 110 111 112 130 133 160 161 162 165 167 259 260 261 262 286 393 394 539 745 1954 2488
161 67 108 110 111 133 160 161 162 167 361 393 2243 2244
162 67 70 108 110 111 133 160 161 162 164 167 259 286 298 393 394 539 745 756 1497 1499 1953 1954 2227 2228 2243 2244 2275 2276 2355 2488 2528
163 163 2232 2233 2234 2235 2236 2237
165 108 110 133 160 165 167 186 393 1645 1646
166 59 62 67 108 110 133 158 160 161 162 163 164 165 166 167 168 169 393 1499 2453
167 67 107 108 110 111 112 133 160 161 162 165 167 259 260 261 262 286 361 393 394 539 745 1497 1499 1954 2243 2244 2488
172 172 266 2569
174 172 174 470 628 750 751 1143 1146 1147 2257 2569
178 58 85 90 93 95 96 142 143 144 178 179 225 269 287 497 603 747 748 1336 1837 1945 1950 2048 2087 2142 2143 2218 2219 2504 2505 2506 2507 2508 2510 2511 2512 2513
179 58 85 90 95 96 142 143 178 179 225 269 603 747 748 1336 1837 1945 2048 2087 2504 2505 2506 2507 2510 2513
180 180 181
181 180 181
183 11 12 14 15 16 17 30 80 126 182 183 184 185 186 187 194 195 196 210 248 249 250 251 252 496 573 1248 1615 1617 1927 1931 2007 2092 2117 2118 2119 2120 2121 2122
185 183 185 194 195 196 210 2007 2117 2118 2119 2120 2121 2122
189 66 152 188 189 190 191 235 294 301 306 358 456 468 469 520 547 613 625 673 686 687 704 1118 1282 1457 1684 1698 1703 1715 1940 1970 2040 2041 2133 2158 2160 2182 2208 2254 2255 2256 2391
190 188 190 293 294 301 302 599 625 746 1270 1512 1514 1620 1621 1970 2182 2445 2449
194 183 185 194 195 196 197 198 210 296 364 500 2007 2117 2118 2119 2120 2121 2122 2123 2124 2125 2126 2127
195 195 296 500 2123 2124 2125 2126 2127
196 183 185 194 195 196 197 198 210 296 364 500 2007 2117 2118 2119 2120 2121 2122 2123 2124 2125 2126 2127
199 199 200 201 202 203 204 1685 2128 2207
207 30 69 93 95 96 129 178 207 287 299 375 376 747 1336 1957 2048 2087 2132 2504 2508
208 69 156 208 209 210 211 377 378 467 541 1347 1353 1370 1553 1736 1985 2132 2133 2134 2135 2136 2137 2138 2139
209 69 208 209 467 1347 2132 2133 2134 2135
210 12 30 62 67 69 78 108 110 111 130 132 133 134 156 160 161 162 167 183 185 192 193 194 195 196 208 209 210 211 259 286 364 377 378 393 467 496 539 541 690 708 745 756 1347 1353 1370 1481 1497 1503 1537 1546 1553 1736 1928 1985 2007 2092 2117 2118 2119 2120 2121 2122 2132 2133 2134 2135 2136 2137 2138 2139 2428 2454 2488 2580
211 69 156 208 209 210 211 377 467 541 1347 1349 1353 1370 1493 1494 1495 1553 1736 1985 2132 2133 2134 2135 2136 2137 2138 2139
212 212 213 214 216 2140
213 212 213 214 216 2140
214 212 213 214 216 2140
216 212 213 214 216 2140
217 217 218 460 1706 2438 2439
218 217 218 220 460 1706 2438 2439
223 223 224
224 223 224
226 84 151 154 155 226 227 471 581 615 1247 1317 1521 1523 1525 2144 2145 2146 2147 2148 2149 2150 2151 2152 2153 2154 2258 2437
228 81 195 228 229 230 231 232 295 296 496 500 1299 1656 1661 1957 2048 2118 2124 2125 2156 2548
229 228 229 230 231 290 295 496 500 1656 1661 1712 2156 2548
230 228 229 230 231 295 496 500 1661 1957 2156 2548
231 228 229 230 231 295 358 496 500 1656 1661 2127 2156 2548
233 233 234 235 529 533 2159 2161 2162
234 233 234
235 152 192 233 235 294 301 358 456 625 673 1923 2072 2157 2158 2159 2160 2161 2162
236 236 237 562 1699 2163 2164
237 236 237 406 407 413 455 561 562 583 1699 2363
238 238 2168 2169
239 238 239 240 2168 2169 2577
246 246 2396
248 11 12 15 30 80 165 182 183 184 185 186 187 194 196 210 248 249 250 251 252 499 570 1615 1617 1724 1931 1969 2007 2010 2092 2117 2118 2119 2120 2121 2122
255 255 2170
257 257 2171
259 110 133 160 162 167 259 286 393 539 745 1497 1928 1954 2227 2228 2488
260 30 49 67 107 108 109 110 111 112 113 133 160 161 162 165 167 259 260 261 262 298 393 494 530 1499 1954 2243 2244
265 56 66 135 172 265 266 267 268 269 270 271 272 273 274 275 276 277 278 279 391 748 1742 1950 2056 2176 2460 2461 2510 2511 2512
266 30 31 39 45 46 49 56 71 107 112 129 132 135 171 172 174 175 176 177 235 265 266 267 268 269 270 271 272 273 274 275 276 277 278 279 291 294 300 301 306 309 310 312 314 316 317 318 320 321 322 323 327 328 330 331 332 334 335 336 337 342 345 350 519 528 552 607 609 625 627 631 637 642 644 648 649 654 659 666 673 682 686 688 697 698 701 706 709 711 734 735 736 737 738 739 740 741 742 743 744 763 769 791 799 888 892 951 952 1021 1029 1096 1120 1234 1309 1354 1358 1360 1366 1368 1384 1386 1387 1395 1480 1552 1553 1554 1555 1556 1557 1558 1559 1560 1562 1563 1564 1565 1566 1567 1568 1569 1570 1571 1572 1573 1574 1575 1576 1577 1578 1579 1580 1581 1582 1583 1584 1585 1586 1587 1588 1589 1590 1591 1592 1593 1594 1595 1596 1597 1598 1599 1600 1601 1602 1603 1604 1605 1606 1607 1608 1609 1610 1611 1612 1613 1614 1633 1671 1680 1746 1748 1749 1866 1904 1905 1906 1907 1908 1909 1910 1911 1912 1913 1914 1915 1916 1917 1918 1919 1920 1921 1927 2176 2460 2502 2503 2569 2570
267 267 390 391 392 640 1504 1742
269 58 143 178 179 225 265 269 497 747 748 1945 1949 1950 2142 2143 2176 2460 2504 2507 2510 2511 2512 2513
286 62 96 108 110 130 133 134 160 162 167 210 259 286 287 393 539 745 1497 1546 1928 1954 2133 2181 2227 2228 2454 2488
287 62 93 95 96 286 287 288 388 606 747 1546 1957 1965 2048 2155 2181 2504
288 58 60 79 84 85 93 96 152 235 286 287 288 294 301 358 456 606 625 747 749 1302 1520 1965 2048 2155 2158 2160 2179 2180 2181 2182 2218 2219 2504 2537
290 31 56 130 131 132 228 229 231 290 291 296 298 302 310 312 319 325 332 335 336 341 344 349 350 356 357 496 500 547 550 551 552 553 1299 1300 1656 1661 1712 1997 2280 2281 2282 2283 2284 2285 2286 2287 2288 2289 2290 2291 2292 2293 2294 2295 2296 2297 2298 2299 2300 2301 2302 2303 2304 2305 2306 2307 2308 2309 2310 2311 2312 2313 2314 2315 2316 2317 2318 2319 2320 2321 2322 2323 2324 2325 2326 2327 2328 2329 2330 2331 2332 2333 2334 2335 2336 2337 2338 2339 2340 2341 2342 2343 2344 2345 2346 2347 2348 2349 2350 2351 2352 2353 2354 2548
292 6 292 302 605 1248 2377 2378 2379 2380
293 190 291 293 625 746 1270 1620 1621 2182 2449
294 25 58 84 151 152 153 189 190 195 235 288 291 293 294 295 301 306 358 456 468 469 486 487 614 625 673 686 703 746 749 1270 1302 1457 1520 1613 1620 1621 1640 1684 1686 1688 1689 1690 1691 1692 1693 1697 1698 1703 1750 1975 2079 2080 2081 2158 2160 2182 2255 2391 2449 2450 2451 2452 2537
295 20 152 163 195 228 229 230 231 235 290 291 294 295 296 301 358 359 456 483 484 485 486 487 496 500 625 1295 1296 1520 1656 1661 2123 2124 2125 2126 2127 2158 2160 2182 2548
296 195 296 500 1299 2124 2125
298 30 49 67 107 108 109 110 111 112 113 160 162 167 259 260 290 291 298 494 529 530 539 540 541 547 550 560 756 1396 1497 1953 1954 1997 2274 2275 2276 2280 2281 2282 2283 2284 2285 2286 2287 2288 2289 2290 2291 2292 2293 2294 2295 2296 2297 2298 2299 2300 2301 2302 2303 2304 2305 2306 2307 2308 2309 2310 2311 2312 2313 2314 2315 2316 2317 2318 2319 2320 2321 2322 2323 2324 2325 2326 2327 2328 2329 2330 2331 2332 2333 2334 2335 2336 2337 2338 2339 2340 2341 2342 2343 2344 2345 2346 2347 2348 2349 2350 2351 2352 2353 2354 2355
299 93 95 97 128 129 137 207 291 299 581 590 1284 1336 2048 2087 2132 2144
301 152 190 235 291 294 301 321 358 456 599 625 746 2158 2160 2182
302 6 7 8 9 10 15 43 71 80 107 137 152 156 163 164 186 188 190 235 279 290 291 292 293 294 296 301 302 305 306 307 308 309 310 311 312 313 314 315 316 322 332 342 377 400 480 494 499 500 541 570 573 580 598 599 600 605 607 625 650 673 712 746 1060 1164 1248 1249 1250 1251 1261 1262 1263 1281 1298 1299 1300 1349 1354 1360 1366 1368 1384 1386 1387 1395 1429 1454 1480 1507 1508 1509 1510 1511 1512 1514 1613 1891 1970 1984 1993 1994 2030 2031 2032 2033 2034 2035 2172 2182 2377 2378 2379 2380 2381 2382 2446 2500 2502 2503
304 304 754 755 1327 1900 2406 2407 2408 2409 2410 2411 2412 2413 2493
306 49 107 132 163 189 235 266 291 294 300 301 302 305 306 307 308 309 310 311 312 313 314 315 316 317 318 320 321 322 323 327 328 330 331 332 334 335 336 337 342 345 469 607 642 648 654 666 673 737 1349 1354 1358 1360 1366 1368 1384 1386 1387 1395 1457 1480 1559 1560 1613 2391 2502 2503
315 315 1870 2427
316 43 45 46 49 71 80 107 132 235 266 291 294 300 301 306 309 310 312 314 316 317 318 320 321 322 323 327 328 330 331 332 334 335 336 337 342 345 610 642 648 670 673 708 711 737 985 1375 1387 1559 1560 1561 1613 1618 1734 1736 1737 1738 1739 1740 1741 2190 2502 2503
320 51 73 107 128 141 235 291 300 301 306 309 310 312 316 317 318 320 321 322 323 327 328 330 331 334 335 336 337 345 2071 2072
322 39 107 132 235 266 291 294 300 301 303 306 307 309 310 311 312 314 316 317 318 320 321 322 323 327 328 330 331 332 334 335 336 337 338 339 340 342 345 350 351 609 642 673 698 701 709 735 737 739 740 743 744 1029 1358 1368 1387 1555 1559 1560 1562 1563 1564 1565 1613 1746 1748 1749 2502 2503 2523 2524 2525
351 6 24 55 56 107 156 268 290 291 292 293 295 296 297 298 299 300 301 303 305 306 307 308 309 310 311 312 313 314 315 316 317 318 319 320 321 322 323 324 325 326 327 328 329 330 331 332 333 334 335 336 337 338 339 340 341 342 343 344 345 346 347 348 349 350 351 352 353 354 355 356 357 377 378 494 709 740 1291 1561 1736 1992 2220 2221 2272 2471 2472
358 152 195 231 235 294 295 296 301 358 456 483 484 485 486 487 500 625 746 1457 1520 2072 2123 2124 2125 2126 2127 2157 2158 2159 2160 2161 2162 2182 2548
361 67 108 110 111 133 160 161 162 167 361 393 2243 2244
362 362 363 612
363 362 363 612 1346 1505 2418 2419
364 183 185 194 195 196 197 198 360 364 2007 2117 2118 2119 2120 2121 2122
365 67 109 365 724 1871
366 66 366
368 368 371 1264 1351 1744 2209
371 368 371 1264 1351 1744 2209 2210 2211 2212 2213 2214
375 95 207 375 376 538
376 283 375 376 535 538 1846 1847
377 6 7 8 9 10 69 111 153 156 208 209 210 211 292 302 351 377 378 467 524 526 541 619 646 718 740 1347 1349 1353 1370 1503 1553 1561 1734 1736 1747 1850 1884 1984 1985 1992 2035 2132 2133 2134 2135 2136 2137 2138 2139 2164 2220 2221 2272 2273 2377 2378 2379 2381 2382 2428 2466 2467 2468 2469 2470 2471 2472
378 6 133 156 185 208 209 210 211 351 377 378 524 526 541 619 646 718 740 1349 1353 1370 1481 1503 1561 1736 1747 1850 1884 1985 1992 2035 2133 2136 2137 2138 2139 2164 2220 2221 2272 2273 2381 2382 2428 2466 2467 2468 2469 2470 2471 2472
382 379 382 753 2520 2521
386 21 22 23 26 386 387 1243 1851 2177 2229 2230 2231
387 22 23 26 386 387 703 1243 1684 1685 1686 1688 1689 1690 1691 1692 1693 1697 1698 1703 2177 2229 2230 2231
388 388 2181 2238 2239
389 58 79 82 85 90 95 388 389 603 747 1336 1945 2181 2218 2219 2238 2239 2504 2505 2506 2507 2508 2509 2510
390 267 390 391 392 1742
391 267 390 391 392 1742
392 267 390 391 392 640 1742
393 67 107 108 110 111 112 133 160 161 162 167 259 262 286 393 394 539 745 1499 1954 2243 2244 2488
397 397 455 2245
398 397 398 455 2178 2245 2371
399 399 400 401 402 403 404 601 2247 2383 2514
401 399 401 403 404 601 1359 1484 1485 1486 1487 2247 2383 2384 2422 2423 2424 2425 2426 2514
402 31 67 257 376 399 400 401 402 403 404 573 626 627 628 1495 1847 1895 2247 2455 2492 2502
406 406 407 413 455
413 406 407 413 455
455 397 455 2371
456 58 60 79 84 152 235 288 294 301 358 456 625 749 1302 1965 2158 2160 2218 2219 2537
458 84 86 88 149 150 153 178 217 218 225 269 458 459 460 473 496 497 614 748 1704 1939 2434 2494 2513
460 217 218 458 460 497 1706 2438 2439
461 461 462 463
462 461 462 463
463 461 462 463
464 124 464 465 466 684 1516 2248 2249 2420 2568
465 20 124 464 465 466 684 685 1516 2248
466 20 69 124 209 464 465 466 467 621 684 1302 1516 1965 2133 2134 2135 2180 2248 2249 2420 2421 2568
467 69 208 209 466 467 1347 2133 2134 2135
469 152 188 189 190 235 294 301 306 358 456 468 469 520 613 625 673 686 687 1118 1457 1684 1698 1703 1715 1940 1970 2041 2133 2158 2160 2182 2208 2254 2255 2256 2391
470 172 174 470 628 750 751 1143 1146 1147 2257
471 81 84 149 151 152 153 154 155 226 471 614 615 1247 1521 1523 1525 2079 2080 2081 2083 2084 2085 2258
472 472 473 622
473 149 150 153 458 472 473 614 622 1704 1960
477 477 478 479 2259 2260 2261 2448 2549
480 164 302 480 1993 1994 2377 2378 2379
486 152 195 231 235 294 295 296 301 358 456 483 484 485 486 487 500 625 746 1457 1520 2072 2123 2124 2125 2126 2127 2157 2158 2159 2160 2161 2162 2182 2548
487 152 195 231 235 294 295 296 301 358 456 483 484 485 486 487 500 625 746 1457 1520 2072 2123 2124 2125 2126 2127 2157 2158 2159 2160 2161 2162 2182 2548
494 6 24 30 31 49 55 56 67 69 107 108 109 110 111 112 113 133 160 161 162 163 167 260 268 290 291 292 293 295 296 297 298 299 300 301 302 303 305 306 307 308 309 310 311 312 313 314 315 316 317 318 319 320 321 322 323 324 325 326 327 328 329 330 331 332 333 334 335 336 337 338 339 340 341 342 343 344 345 346 347 348 349 350 351 352 353 354 355 356 357 393 494 495 530 539 605 632 633 717 1291 1301 1302 1303 1304 1305 1306 1307 1308 1309 1310 1311 1312 1313 1314 1315 1316 1317 1318 1319 1320 1499 2042 2243 2244 2377 2378 2379 2380
496 30 183 185 192 193 194 195 196 217 218 228 229 230 231 295 458 460 496 497 498 499 500 501 502 503 504 505 715 748 1537 1656 1661 1706 1939 1957 2007 2117 2118 2119 2120 2121 2122 2124 2125 2156 2267 2414 2438 2439 2548
497 30 88 143 150 178 179 185 192 217 225 228 229 231 269 458 459 460 496 497 498 499 500 501 502 503 504 505 748 1837 1939 1950 2087 2118 2142 2143 2510 2511 2512 2513
500 195 228 296 496 500 1299 2124 2125
506 2 30 67 95 104 172 183 185 212 217 366 496 506 529 534 547 550 715 1286 1329 1346 1541 1997 2087 2256 2267 2280 2281 2282 2283 2284 2285 2286 2287 2288 2289 2290 2291 2292 2293 2294 2295 2296 2297 2298 2299 2300 2301 2302 2303 2304 2305 2306 2307 2308 2309 2310 2311 2312 2313 2314 2315 2316 2317 2318 2319 2320 2321 2322 2323 2324 2325 2326 2327 2328 2329 2330 2331 2332 2333 2334 2335 2336 2337 2338 2339 2340 2341 2342 2343 2344 2345 2346 2347 2348 2349 2350 2351 2352 2353 2354 2404 2405 2414
513 508 513 517 558 591 2271 2515
514 25 508 514 516 752 1270 1271 1272 1273 1275 1324 1325 1620 1621 2182
517 256 488 513 517 1343 1683 2271 2515
520 80 189 469 520 521 522 523 613 687 1334 1335 2254 2255 2256 2391
524 131 377 524 525 526 527 528 619 1712 2272 2273 2471
526 131 156 377 378 524 525 526 527 528 1699 1992 2164 2220 2221 2272 2273 2471 2472
529 30 67 111 233 234 298 529 530 531 532 533 540 715 1396 1844 2267 2274 2414
530 30 49 67 69 107 108 109 110 111 112 113 160 161 162 167 233 260 298 393 494 529 530 531 532 533 540 1499 1844 2042 2243 2244
533 30 67 111 233 234 298 529 530 531 532 533 540 1844 2274
535 535 536 538
536 535 536 538
538 376 535 536 538
539 110 130 133 160 162 210 259 286 298 393 539 540 632 745 1320 1497 1928 2133 2227 2228 2454 2488
540 298 540 1396 2274
541 20 58 69 80 111 126 153 156 208 209 210 211 298 377 378 467 540 541 542 646 718 1248 1251 1347 1348 1349 1353 1370 1396 1493 1494 1495 1496 1515 1553 1734 1736 1747 1845 1850 1884 1985 2132 2133 2134 2135 2136 2137 2138 2139 2274 2466 2467 2468 2469 2470 2500
543 543 545
545 543 545
547 547 550 1329 1997 2256 2280 2281 2282 2283 2284 2285 2286 2287 2288 2289 2290 2291 2292 2293 2294 2295 2296 2297 2298 2299 2300 2301 2302 2303 2304 2305 2306 2307 2308 2309 2310 2311 2312 2313 2314 2315 2316 2317 2318 2319 2320 2321 2322 2323 2324 2325 2326 2327 2328 2329 2330 2331 2332 2333 2334 2335 2336 2337 2338 2339 2340 2341 2342 2343 2344 2345 2346 2347 2348 2349 2350 2351 2352 2353 2354
550 30 547 550 715 1329 1997 2256 2267 2280 2281 2282 2283 2284 2285 2286 2287 2288 2289 2290 2291 2292 2293 2294 2295 2296 2297 2298 2299 2300 2301 2302 2303 2304 2305 2306 2307 2308 2309 2310 2311 2312 2313 2314 2315 2316 2317 2318 2319 2320 2321 2322 2323 2324 2325 2326 2327 2328 2329 2330 2331 2332 2333 2334 2335 2336 2337 2338 2339 2340 2341 2342 2343 2344 2345 2346 2347 2348 2349 2350 2351 2352 2353 2354 2414
551 131 290 551 552 553 1656 1712
552 31 45 49 71 104 107 112 130 131 132 229 266 290 291 300 301 306 309 310 312 316 317 318 320 321 322 323 327 328 330 331 334 335 336 337 345 547 550 551 552 553 613 627 642 648 654 666 698 706 734 735 736 737 738 739 740 741 742 743 744 1329 1358 1387 1559 1560 1656 1671 1680 1712 1746 1748 1749 1904 1905 1906 1907 1908 1909 1910 1911 1912 1913 1914 1915 1916 1917 1918 1919 1920 1921 1997 2087 2256 2280 2281 2282 2283 2284 2285 2286 2287 2288 2289 2290 2291 2292 2293 2294 2295 2296 2297 2298 2299 2300 2301 2302 2303 2304 2305 2306 2307 2308 2309 2310 2311 2312 2313 2314 2315 2316 2317 2318 2319 2320 2321 2322 2323 2324 2325 2326 2327 2328 2329 2330 2331 2332 2333 2334 2335 2336 2337 2338 2339 2340 2341 2342 2343 2344 2345 2346 2347 2348 2349 2350 2351 2352 2353 2354
553 131 290 551 552 553 1656 1712
555 555 2358
561 237 561 562 2363
562 237 561 562 2363
573 15 137 302 573 600 732 1705 2446 2495
580 302 400 480 580 600 2172 2377 2378 2379
581 15 95 97 129 135 137 226 299 573 581 582 590 732 1160 1705 2144 2145 2146 2147 2148 2149 2150 2151 2152 2153 2154 2387 2388 2389 2390 2446 2495
590 129 299 590 1284 1872 2054 2522
594 594 2021
596 595 596 597 1294 1844 2375 2376 2516 2517
599 188 190 293 294 301 302 599 625 746 1270 1512 1514 1620 1621 1970 2182 2445 2449
601 401 601 2383 2514
603 82 85 90 603 747 1336 1945 2504 2505 2506 2507 2508
604 604 2063
605 292 494 605 717 2377 2378 2379 2380
606 96 287 288 456 606 2155
608 608 609 1929 2173 2498
609 31 39 235 266 294 314 322 332 528 607 608 609 625 631 637 642 673 682 686 688 697 701 709 711 737 763 769 791 799 888 892 951 952 1021 1029 1096 1120 1234 1368 1553 1555 1562 1563 1564 1565 1613 1633 1929 2173 2498 2502 2503
610 116 140 316 318 610 690 1734 2190 2191 2192
612 362 363 612
613 31 41 49 66 69 104 130 131 133 188 189 208 209 290 294 298 306 366 467 468 469 506 520 547 548 549 550 551 552 553 554 613 673 677 687 1118 1268 1282 1329 1347 1506 1715 1940 1970 1985 1997 2040 2041 2087 2132 2133 2134 2135 2208 2254 2255 2256 2280 2281 2282 2283 2284 2285 2286 2287 2288 2289 2290 2291 2292 2293 2294 2295 2296 2297 2298 2299 2300 2301 2302 2303 2304 2305 2306 2307 2308 2309 2310 2311 2312 2313 2314 2315 2316 2317 2318 2319 2320 2321 2322 2323 2324 2325 2326 2327 2328 2329 2330 2331 2332 2333 2334 2335 2336 2337 2338 2339 2340 2341 2342 2343 2344 2345 2346 2347 2348 2349 2350 2351 2352 2353 2354 2391 2397 2398 2460
614 149 150 151 152 153 614 1704 2079 2080 2081
615 84 151 154 226 471 615 1247 1521 2258
616 616 2262 2263 2264
617 617 2265
618 618 705 2268 2269 2270
619 524 619 2272 2273
621 387 466 544 621 703 1240 1302 1540 1684 1685 1686 1688 1689 1690 1691 1692 1693 1697 1698 1703 2180 2359 2360 2361 2362
622 472 473 622
623 623 2372
625 152 190 235 293 294 301 358 456 486 487 625 673 746 1520 2158 2160 2182
626 31 67 257 376 402 573 626 627 628 1495 1736 1847 1895 2455 2492 2502
627 31 45 46 49 50 67 70 71 112 129 160 174 257 309 310 312 318 319 321 335 336 393 552 610 626 627 628 634 642 654 666 680 690 691 692 693 694 695 696 697 698 699 700 701 706 711 712 730 734 735 736 737 738 739 741 742 743 744 750 751 1143 1146 1147 1252 1253 1254 1255 1256 1257 1258 1267 1280 1288 1289 1290 1321 1322 1499 1671 1680 2355
628 174 627 628 750 751 1143 1146 1147 1253 1254 1267
629 629 630 1292 1552 2402
630 629 630 1552 2402
631 631 1295 1297 1647
632 539 632 1320
639 60 639 749 1341 1342 1544
646 377 541 646 718 1349 1370 1736 1850 1884 2466 2467 2468 2469 2470
648 31 43 45 46 49 67 69 71 107 112 132 156 266 291 300 301 306 309 310 312 316 317 318 320 321 322 323 327 328 330 331 334 335 336 337 345 552 610 627 642 643 645 646 647 648 651 652 653 654 655 657 658 660 661 662 663 664 665 666 698 706 708 711 734 735 736 737 738 739 740 741 742 743 744 985 1349 1358 1375 1387 1559 1560 1561 1671 1680 1734 1736 1737 1738 1739 1740 1741 1746 1748 1749 1904 1905 1906 1907 1908 1909 1910 1911 1912 1913 1914 1915 1916 1917 1918 1919 1920 1921 1990 2042
669 88 100 174 628 669 750 751 1143 1146 1355 1412 1553 1947 2434
673 31 36 39 46 49 51 67 69 70 101 104 107 128 129 130 132 141 152 163 172 189 190 192 233 235 246 266 291 294 299 301 302 304 306 314 316 321 322 332 342 358 456 468 469 480 518 519 528 547 550 607 608 609 625 631 637 642 673 682 686 688 690 697 701 709 711 719 737 746 754 755 763 791 1029 1295 1309 1327 1329 1349 1354 1360 1366 1368 1384 1386 1387 1395 1412 1457 1480 1520 1552 1553 1554 1555 1556 1557 1558 1559 1560 1561 1562 1563 1564 1565 1566 1567 1568 1569 1570 1571 1572 1573 1574 1575 1576 1577 1578 1579 1580 1581 1582 1583 1584 1585 1586 1587 1588 1589 1590 1591 1592 1593 1594 1595 1596 1597 1598 1599 1600 1601 1602 1603 1604 1605 1606 1607 1608 1609 1610 1611 1612 1613 1614 1615 1640 1712 1734 1836 1866 1900 1923 1927 1975 1992 1997 2029 2030 2042 2072 2157 2158 2159 2160 2161 2162 2182 2232 2233 2234 2235 2236 2237 2256 2280 2281 2282 2283 2284 2285 2286 2287 2288 2289 2290 2291 2292 2293 2294 2295 2296 2297 2298 2299 2300 2301 2302 2303 2304 2305 2306 2307 2308 2309 2310 2311 2312 2313 2314 2315 2316 2317 2318 2319 2320 2321 2322 2323 2324 2325 2326 2327 2328 2329 2330 2331 2332 2333 2334 2335 2336 2337 2338 2339 2340 2341 2342 2343 2344 2345 2346 2347 2348 2349 2350 2351 2352 2353 2354 2370 2377 2378 2379 2391 2396 2402 2406 2407 2408 2409 2410 2411 2412 2413 2434 2450 2451 2452 2493 2502 2503 2523 2525 2569
678 678 2447
684 20 97 464 466 684 1516 1636 2180 2249 2420 2568
686 294 686 1457 1640 2450 2451 2452
687 189 469 687 704 1118 1715 2254 2255 2256 2391
704 704 1118 2004
705 618 705 1723 2268 2269 2270
707 707 1730
712 712 2487
715 30 715 2267 2414
718 541 646 718 1370 1736 1850 1884 2466 2467 2468 2469 2470
720 20 720 1495 1516
721 144 721 2005 2475
722 722 2476
724 365 724 725 1871 2479 2480
727 727 2491
730 730 1901 1902 1903 1978
732 137 573 581 732 1705 2387 2495
740 6 31 39 45 49 71 107 112 132 156 266 291 300 301 306 309 310 312 316 317 318 320 321 322 323 327 328 330 331 334 335 336 337 338 339 340 345 350 351 377 378 552 609 627 630 642 644 648 649 654 659 666 698 701 706 709 734 735 736 737 738 739 740 741 742 743 744 769 799 888 892 951 952 1021 1029 1096 1120 1234 1358 1387 1396 1559 1560 1561 1633 1671 1680 1736 1746 1747 1748 1749 1904 1905 1906 1907 1908 1909 1910 1911 1912 1913 1914 1915 1916 1917 1918 1919 1920 1921 1922 1942 1943 1944 1992 2220 2221 2272 2471 2472
745 110 130 133 160 162 167 210 259 286 393 539 745 1497 1928 1954 2133 2227 2228 2454 2488
746 190 293 301 599 625 746 1520 2182
747 58 82 85 90 93 95 96 178 287 603 747 1336 1945 2048 2218 2219 2504 2505 2506 2507 2508 2510
748 143 178 179 225 269 458 497 748 1939 1950 2142 2143 2510 2511 2512 2513
749 58 60 79 84 288 456 625 639 749 1302 1341 2537
752 25 514 752 1270 1620 2182
753 382 753 2520 2521
754 304 754 755 1327 1900 2406 2407 2408 2409 2410 2411 2412 2413 2493
755 304 754 755 1327 1900 2406 2407 2408 2409 2410 2411 2412 2413 2493
756 110 130 133 160 162 756 1497 1953 2275 2276 2355 2454 2528
882 882 2540 2541 2542 2543
1100 1100 1966
1118 687 704 1118 1715 2004
1206 1206 2544 2545
1243 22 23 26 386 387 703 1243 1684 1686 1688 1689 1690 1691 1692 1693 1697 1698 1703 2177 2229 2230 2231
1247 154 471 569 615 1247 1317 1521 1522 1523 1524 1525 2258 2437
1248 58 80 126 292 302 541 1248 1249 1250 1251 1515 1517 2377 2378 2379 2500
1252 627 1252
1264 192 368 371 1264 1351 1744 2209
1270 25 514 752 1270 1272 1275 1324 1620 1621 2182
1272 514 1270 1271 1272 1325
1282 613 1282 2041 2133 2208 2397 2398
1284 299 590 1283 1284 1359 1484 1485 1486 1487 1872 2054 2055 2422 2423 2424 2425 2426 2522
1286 30 715 1286 1287 2267 2414
1287 1286 1287
1293 596 597 1293 1294 1995 2375 2403 2516 2517
1294 1293 1294 2375 2516 2517
1295 631 1295 1297 1647
1297 147 314 631 1295 1297 1300 1647
1302 58 60 79 84 152 235 288 294 301 303 358 456 464 466 494 539 606 621 625 632 633 684 686 709 749 1302 1303 1304 1305 1306 1307 1308 1309 1310 1311 1312 1313 1314 1315 1316 1317 1318 1319 1320 1516 1520 1540 1965 2155 2158 2160 2179 2180 2182 2218 2219 2249 2359 2360 2361 2362 2420 2537 2568
1317 154 539 632 1247 1317 1320 1521 1523 1524 1525 1684 1696 1698 2437
1320 539 632 1320
1327 304 754 755 1327 1900 2406 2407 2408 2409 2410 2411 2412 2413 2493
1329 547 550 1328 1329 1330 1331 1997 2256 2280 2281 2282 2283 2284 2285 2286 2287 2288 2289 2290 2291 2292 2293 2294 2295 2296 2297 2298 2299 2300 2301 2302 2303 2304 2305 2306 2307 2308 2309 2310 2311 2312 2313 2314 2315 2316 2317 2318 2319 2320 2321 2322 2323 2324 2325 2326 2327 2328 2329 2330 2331 2332 2333 2334 2335 2336 2337 2338 2339 2340 2341 2342 2343 2344 2345 2346 2347 2348 2349 2350 2351 2352 2353 2354
1336 58 85 90 93 95 96 178 207 299 389 603 747 1336 1945 2048 2087 2132 2504 2505 2506 2507 2508 2509 2510
1339 1339 1340 2415
1340 1339 1340 2415
1341 36 58 60 79 84 456 639 749 1341 1342 1544 2044 2218 2219
1346 30 362 363 715 1346 2267 2414 2418 2419
1347 69 208 209 467 1347 2133 2134 2135
1349 6 31 36 38 46 49 50 51 67 69 70 101 107 111 128 141 153 156 163 180 181 208 211 291 292 294 302 305 306 307 308 309 310 311 312 313 314 315 321 362 368 371 377 378 480 525 540 541 585 605 607 612 642 643 644 645 646 647 648 649 650 651 652 653 654 655 656 657 658 659 660 661 662 663 664 665 666 673 686 690 709 1248 1318 1349 1350 1351 1352 1353 1354 1355 1356 1357 1358 1359 1360 1361 1362 1363 1364 1365 1366 1367 1368 1369 1370 1371 1372 1373 1374 1375 1376 1377 1378 1379 1380 1381 1382 1383 1384 1385 1386 1387 1388 1389 1390 1391 1392 1393 1394 1395 1396 1397 1398 1399 1400 1401 1402 1403 1404 1405 1406 1407 1408 1409 1410 1411 1412 1413 1414 1415 1416 1417 1418 1419 1420 1421 1422 1423 1424 1425 1426 1427 1428 1429 1430 1431 1432 1433 1434 1435 1436 1437 1438 1439 1440 1441 1442 1443 1444 1445 1446 1447 1448 1449 1450 1451 1452 1453 1454 1455 1456 1457 1458 1459 1460 1461 1462 1463 1464 1465 1466 1467 1468 1469 1470 1471 1472 1473 1474 1475 1476 1477 1478 1479 1480 1484 1485 1486 1487 1507 1734 1736 1747 1836 1838 1870 1992 2029 2030 2042 2086 2210 2211 2212 2213 2214 2220 2221 2232 2233 2234 2235 2236 2237 2272 2377 2378 2379 2380 2391 2422 2423 2424 2425 2426 2427 2434 2471 2472
1350 81 156 1349 1350 1957 1958 2086 2529 2530 2531 2532 2533 2534 2535 2536
1351 368 371 1264 1351 1744 2209 2210 2211 2212 2213 2214
1353 69 156 208 209 210 211 377 378 467 541 646 1347 1349 1353 1370 1553 1736 1985 2132 2133 2134 2135 2136 2137 2138 2139
1355 669 1355 1412 2434
1359 1359 1484 1485 1486 1487 2422 2423 2424 2425 2426
1370 69 111 156 208 209 210 211 377 378 467 541 646 718 1347 1349 1353 1370 1553 1734 1736 1850 1884 1985 1992 2132 2133 2134 2135 2136 2137 2138 2139 2466 2467 2468 2469 2470
1396 298 540 1396
1412 88 101 156 306 314 607 642 669 673 1349 1354 1355 1360 1366 1368 1384 1386 1387 1395 1412 1480 1553 1613 2434 2494 2502 2503
1457 152 189 235 294 301 358 456 468 469 625 673 686 1349 1457 1640 1684 1698 1703 1750 1975 2158 2160 2182 2391 2450 2451 2452
1484 1359 1484 1485 1486 1487 2422 2423 2424 2425 2426
1485 1359 1484 1485 1486 1487 2422 2423 2424 2425 2426
1486 1359 1484 1485 1486 1487 2422 2423 2424 2425 2426
1487 1359 1484 1485 1486 1487 2422 2423 2424 2425 2426
1494 20 208 211 541 720 1493 1494 1495 1516
1495 18 20 31 67 80 156 208 211 243 257 376 402 466 501 540 541 542 573 626 627 628 631 638 679 684 718 720 1248 1295 1296 1348 1370 1494 1495 1496 1516 1647 1736 1845 1847 1895 2455 2492 2502
1497 108 110 111 130 133 160 162 164 167 259 286 298 393 539 656 745 756 1497 1498 1499 1500 1501 1502 1953 1954 2227 2228 2275 2276 2355 2488
1512 1512 1513 1514
1513 1512 1513 1514
1514 190 301 599 746 1507 1512 1513 1514
1515 80 126 1248 1515
1516 20 464 465 466 501 679 684 720 1495 1516 1517 1634 2180 2249 2420 2500 2568
1517 20 466 501 679 684 1248 1516 1517 1622 1634 1635 2500
1520 152 185 190 194 195 196 235 293 294 295 296 301 358 397 406 407 455 456 486 487 500 589 625 673 746 1420 1520 2123 2124 2125 2126 2127 2158 2160 2182 2371
1521 154 1247 1317 1521 1523 1525 2437
1523 154 1247 1317 1521 1523 1525 2437
1525 154 1247 1317 1521 1523 1525 2437
1528 43 128 284 1528 1529 1530 1531 1977 2057 2058 2440
1531 11 12 134 1528 1529 1530 1531 1977 2440
1534 1534 1535
1535 1534 1535
1540 544 621 1540 2180 2359 2360 2361 2362
1546 31 62 108 110 130 133 134 160 162 210 259 286 287 393 539 745 1546 1928 2227 2228 2454 2488
1550 1549 1550 1551 1613 2364 2365 2366 2369 2370
1551 1549 1550 1551 1613 2364 2365 2366 2369 2370
1552 625 629 630 673 1552 1613 2402 2502 2503
1553 39 69 88 208 209 210 211 377 467 541 669 673 701 709 737 1029 1347 1353 1355 1368 1370 1412 1553 1555 1562 1563 1564 1565 1613 1736 1985 2132 2133 2134 2135 2136 2137 2138 2139 2434 2494 2502 2503
1561 323 1561 1922 1942 1943 1944 1992
1613 625 673 1613 2369 2370 2502 2503
1615 1615 1617 1927 1931
1617 1615 1617 1927 1931
1620 25 514 1270 1620 1621 2009 2182
1621 21 22 24 25 26 152 190 293 294 301 358 456 489 514 599 625 746 752 1270 1271 1275 1324 1520 1620 1621 1698 1703 2009 2158 2160 2182 2449
1640 294 507 512 686 1457 1640 1641 2450 2451 2452
1645 165 1645 1646
1646 165 1645 1646
1647 32 631 1295 1297 1647
1648 1648 1649 1650 1651 1653 1654
1649 1648 1649 1650 1651 1653 1654
1655 1655 2443 2444
1656 130 131 132 228 229 230 231 290 295 496 551 552 553 690 1656 1661 1712 2548
1661 228 229 230 231 290 295 496 690 1656 1661 1712 2548
1685 199 387 703 1684 1685 1686 1688 1689 1690 1691 1692 1693 1697 1698 1703 2128 2207
1694 25 294 387 558 621 703 1317 1325 1684 1685 1686 1687 1688 1689 1690 1691 1692 1693 1694 1695 1696 1697 1698 1699 1700 1701 1702 1703 2481 2482
1699 236 1699 2163 2164
1704 149 150 151 152 153 157 458 473 614 1704 2075 2076 2077 2078 2079 2080 2081 2085
1705 15 135 137 217 218 573 581 732 1705 1706 2144 2387 2388 2389 2390 2446 2495
1706 217 218 460 1705 1706 2438 2439
1712 130 131 132 229 290 551 552 553 1656 1712
1715 189 469 687 704 1118 1714 1715 2254 2255 2256 2391
1730 707 1730
1731 1731 1732
1732 1731 1732
1734 316 610 1734
1736 111 156 208 377 378 541 646 718 1370 1734 1736 1850 1884 1992 2220 2221 2466 2467 2468 2469 2470 2472 2571
1742 267 390 391 392 1742
1744 368 369 370 371 372 373 374 709 1264 1351 1744 2209 2210 2211 2212 2213 2214
1747 153 156 208 307 311 377 378 541 644 649 659 709 1349 1358 1368 1373 1378 1396 1398 1402 1403 1416 1431 1444 1477 1736 1747 1838 1992 2220 2221 2272 2471 2472
1837 31 58 85 90 95 96 142 143 144 178 179 225 269 497 603 713 714 721 747 748 1336 1837 1945 2048 2087 2475 2504 2505 2506 2507 2510 2513
1847 31 67 257 283 375 376 402 535 538 573 626 627 628 1495 1846 1847 1895 2455 2492 2502
1850 111 156 208 377 378 541 646 718 1370 1734 1736 1850 1851 1884 1992 2177 2220 2221 2466 2467 2468 2469 2470 2472 2571
1851 23 386 387 1736 1850 1851 2177 2229 2230 2231
1863 1863 1864
1864 1863 1864
1870 315 1870 2427
1871 365 724 1871 2479 2480
1882 1882 1883
1883 1882 1883
1884 111 541 646 718 1370 1736 1850 1884 2466 2467 2468 2469 2470
1887 1887 1888
1888 1887 1888
1890 1889 1890 1895 1896 1935
1895 1890 1895 1896
1896 1890 1895 1896
1899 1899 1987
1900 304 754 755 1327 1900 2406 2407 2408 2409 2410 2411 2412 2413 2493
1901 730 1901 1902 1903 1978
1902 730 1901 1902 1903 1978
1903 730 1901 1902 1903 1978
1904 1904 2049
1923 152 192 233 235 291 294 301 324 358 456 486 487 625 673 733 1923 1924 2072 2157 2158 2159 2160 2161 2162 2416 2567
1927 1615 1617 1927 1931
1929 608 609 1929 1930 2001 2173 2498 2499
1930 1930 2001
1931 1615 1617 1927 1931 1932
1933 1933 1934
1934 1933 1934
1939 458 497 748 1939
1945 58 85 90 96 178 203 603 747 1336 1945 2504 2505 2506 2507 2508 2510
1950 178 225 265 269 748 1949 1950 2510 2511 2512 2513
1953 67 108 110 111 133 160 161 162 167 259 286 298 393 539 745 756 1497 1499 1953 1954 2243 2244 2275 2276 2355 2488 2528
1957 58 81 85 90 93 95 96 155 178 195 207 228 229 230 231 232 287 496 500 603 747 1336 1350 1945 1957 1958 2048 2086 2087 2124 2125 2132 2156 2181 2266 2504 2505 2506 2507 2508 2529 2530 2531 2532 2533 2534 2535 2536 2548
1958 81 1957 1958 1959 2086 2529 2530 2531 2532 2533 2534 2535 2536
1966 1100 1966
1973 1973 2563 2564
1977 1528 1531 1976 1977 2440
1978 730 1901 1902 1903 1976 1978
1985 69 156 208 209 210 211 377 378 467 541 1347 1353 1370 1553 1736 1985 2132 2133 2134 2135 2136 2137 2138 2139
1987 1899 1987
1992 351 377 378 740 1561 1992 2220 2221 2471 2472
1993 480 1993 1994
1994 480 1993 1994
1997 547 550 1329 1997 2256 2280 2281 2282 2283 2284 2285 2286 2287 2288 2289 2290 2291 2292 2293 2294 2295 2296 2297 2298 2299 2300 2301 2302 2303 2304 2305 2306 2307 2308 2309 2310 2311 2312 2313 2314 2315 2316 2317 2318 2319 2320 2321 2322 2323 2324 2325 2326 2327 2328 2329 2330 2331 2332 2333 2334 2335 2336 2337 2338 2339 2340 2341 2342 2343 2344 2345 2346 2347 2348 2349 2350 2351 2352 2353 2354
1998 1998 1999
1999 1998 1999
2001 1930 2001
2004 704 1118 2004
2007 183 185 194 195 196 210 2007 2117 2118 2119 2120 2121 2122 2580
2015 2015 2016 2017 2018 2019 2020 2587 2588 2589 2590 2591 2592
2021 594 2021
2024 2024 2070
2025 2025 2026 2027
2026 2025 2026 2027
2027 2025 2026 2027
2029 46 2029
