513 507 508 509 510 511 512 513 515 516 517 555 556 557 558 563 591 703 1269 1273 1275 1325 1684 1686 1688 1689 1690 1691 1692 1693 1696 1697 1698 2271 2358 2515 3106 3862 3909 4232 4286 8483 8896
12 11 12 13 14 16 17 134 182 183 184 185 186 187 194 196 210 242 248 499 568 569 570 571 572 574 575 1281 1619 1852 1979 2007 2092 2117 2118 2119 2120 2121 2122 2603 2672 2777 4209 7226 7394 8742 8826
524 130 132 156 377 378 524 525 527 528 586 587 619 1659 1709 1710 1711 1992 2220 2221 2272 2273 2471 2472 7342 7737
529 2 30 68 108 111 112 113 161 164 168 172 192 212 298 366 395 396 529 531 532 533 534 540 541 560 595 597 715 1286 1287 1396 1398 1429 1498 1499 1541 1844 1885 1886 2267 2274 2414 2659 2687 2702 2752 2777 2827 2985 3088 3938 4328 7318 7344 7373 7374 7394 7428 7444 7445 7717 7741 7750 7761 7807 8708 9095
1553 88 208 211 669 1353 1355 1370 1412 1553 1985 2136 2137 2138 2139 2434 2494
21 21 22 24 26 489 2614 2615 2617
533 2 30 68 108 111 112 113 161 164 168 172 192 212 298 366 395 396 529 531 532 533 534 540 541 560 595 597 715 1286 1287 1396 1398 1429 1498 1499 1541 1844 1885 1886 2267 2274 2414 2659 2687 2702 2752 2777 2827 2985 3088 3938 4328 7318 7344 7373 7374 7394 7428 7444 7445 7717 7741 7750 7761 7807 8708 9095
535 376 535 536 537 538
536 376 535 536 537 538
538 376 535 536 538
540 30 55 68 108 109 111 112 113 156 161 164 168 208 211 268 291 297 298 300 303 305 307 308 311 313 317 319 324 325 326 327 328 329 330 331 332 333 334 335 336 337 338 339 340 341 342 343 344 345 346 347 348 349 350 352 353 354 355 356 357 377 394 396 494 529 531 532 533 534 539 540 541 542 547 550 560 632 633 646 715 718 1248 1251 1291 1303 1304 1305 1306 1307 1308 1309 1310 1311 1312 1313 1314 1315 1316 1318 1320 1326 1329 1348 1353 1370 1396 1398 1429 1493 1496 1498 1499 1553 1736 1747 1844 1845 1850 1884 1885 1886 1954 1985 1997 2132 2136 2137 2138 2139 2267 2274 2280 2281 2282 2283 2284 2285 2286 2287 2288 2289 2290 2291 2292 2293 2294 2295 2296 2297 2298 2299 2300 2301 2302 2303 2304 2305 2306 2307 2308 2309 2310 2311 2312 2313 2314 2315 2316 2317 2318 2319 2320 2321 2322 2323 2324 2325 2326 2327 2328 2329 2330 2331 2332 2333 2334 2335 2336 2337 2338 2339 2340 2341 2342 2343 2344 2345 2346 2347 2348 2349 2350 2351 2352 2353 2354 2414 2466 2467 2468 2469 2470 2500 2659 2672 2702 2752 2757 2759 2827 2851 2882 2884 2912 2969 2985 3909 3962 4086 4087 4328 4545 4577 7260 7318 7344 7373 7374 7422 7444 7445 7504 7507 7526 7562 7717 7741 7750 7761 7807 7967 8513 8708 9095
541 80 156 208 209 211 298 377 467 540 541 542 560 646 670 718 1248 1249 1250 1251 1278 1326 1334 1347 1348 1353 1370 1396 1493 1496 1553 1736 1747 1845 1850 1884 1985 2132 2133 2134 2135 2136 2137 2138 2139 2220 2221 2274 2466 2467 2468 2469 2470 2472 2500 2571 2672 2802 2969 3962 4086 4087 4328 4577 7420 7422
30 0 1 2 3 11 12 27 28 29 30 32 33 36 41 66 68 69 78 93 95 104 108 109 111 112 113 117 127 171 172 173 174 175 176 177 182 184 186 187 192 193 207 212 213 214 215 216 219 220 232 243 265 266 289 298 304 366 367 375 492 498 499 500 501 502 503 504 505 529 531 532 533 534 540 570 690 708 715 754 755 1265 1286 1287 1327 1396 1499 1505 1506 1537 1541 1542 1543 1616 1735 1844 1900 2007 2102 2140 2141 2266 2267 2274 2406 2407 2408 2409 2410 2411 2412 2413 2414 2460 2461 2493 2569 2570 2580 2659 2672 2687 2702 2752 2757 2777 2805 2808 2821 2822 2823 2827 2954 2955 2985 3088 3205 3856 3887 3928 3938 4239 4253 7226 7260 7318 7373 7394 7428 7429 7439 7444 7445 7708 7717 7741 7761 7807 8826 9150
31 2 13 15 20 24 29 30 31 32 36 38 39 42 45 49 52 56 67 71 74 79 80 86 89 91 93 97 99 100 105 108 109 111 112 113 114 115 126 130 132 134 137 144 152 157 161 169 171 172 173 174 175 176 186 187 188 191 192 193 197 198 207 243 256 257 260 262 263 264 266 268 270 278 279 280 281 283 291 301 302 309 310 312 314 318 319 321 324 325 327 331 332 335 336 341 344 349 350 356 357 360 361 375 376 382 394 402 456 477 489 492 493 494 499 500 501 505 507 508 513 515 516 518 519 521 524 528 529 530 533 535 536 538 544 548 549 569 570 573 582 584 585 587 591 595 597 600 602 603 604 605 607 608 609 611 618 620 624 626 627 628 632 633 634 635 636 637 638 640 641 642 643 644 645 646 647 649 650 651 652 653 654 655 656 657 658 659 660 661 662 663 664 665 666 667 668 669 670 671 672 673 674 675 676 677 679 680 681 682 683 685 688 689 690 691 692 693 694 695 696 697 698 699 700 701 702 703 705 706 708 709 710 711 712 713 714 715 716 717 718 719 720 723 724 725 726 728 729 730 731 732 733 734 735 736 737 738 739 741 742 743 744 748 750 751 753 757 758 759 760 761 762 763 764 765 766 767 768 769 770 771 772 773 774 775 776 777 778 779 780 781 782 783 784 785 786 787 788 789 790 791 792 793 794 795 796 797 798 799 800 801 802 803 804 805 806 807 808 809 810 811 812 813 814 815 816 817 818 819 820 821 822 823 824 825 826 827 828 829 830 831 832 833 834 835 836 837 838 839 840 841 842 843 844 845 846 847 848 849 850 851 852 853 854 855 856 857 858 859 860 861 862 863 864 865 866 867 868 869 870 871 872 873 874 875 876 877 878 879 880 881 883 884 885 886 887 888 889 890 891 892 893 894 895 896 897 898 899 900 901 902 903 904 905 906 907 908 909 910 911 912 913 914 915 916 917 918 919 920 921 922 923 924 925 926 927 928 929 930 931 932 933 934 935 936 937 938 939 940 941 942 943 944 945 946 947 948 949 950 951 952 953 954 955 956 957 958 959 960 961 962 963 964 965 966 967 968 969 970 971 972 973 974 975 976 977 978 979 980 981 982 983 984 985 986 987 988 989 990 991 992 993 994 995 996 997 998 999 1000 1001 1002 1003 1004 1005 1006 1007 1008 1009 1010 1011 1012 1013 1014 1015 1016 1017 1018 1019 1020 1021 1022 1023 1024 1025 1026 1027 1028 1029 1030 1031 1032 1033 1034 1035 1036 1037 1038 1039 1040 1041 1042 1043 1044 1045 1046 1047 1048 1049 1050 1051 1052 1053 1054 1055 1056 1057 1058 1059 1060 1061 1062 1063 1064 1065 1066 1067 1068 1069 1070 1071 1072 1073 1074 1075 1076 1077 1078 1079 1080 1081 1082 1083 1084 1085 1086 1087 1088 1089 1090 1091 1092 1093 1094 1095 1096 1097 1098 1099 1100 1101 1102 1103 1104 1105 1106 1107 1108 1109 1110 1111 1112 1113 1114 1115 1116 1117 1119 1120 1121 1122 1123 1124 1125 1126 1127 1128 1129 1130 1131 1132 1133 1134 1135 1136 1137 1138 1139 1140 1141 1142 1143 1144 1145 1146 1147 1148 1149 1150 1151 1152 1153 1154 1155 1156 1157 1158 1159 1160 1161 1162 1163 1164 1165 1166 1167 1168 1169 1170 1171 1172 1173 1174 1175 1176 1177 1178 1179 1180 1181 1182 1183 1184 1185 1186 1187 1188 1189 1190 1191 1192 1193 1194 1195 1196 1197 1198 1199 1200 1201 1202 1203 1204 1205 1207 1208 1209 1210 1211 1212 1213 1214 1215 1216 1217 1218 1219 1220 1221 1222 1223 1224 1225 1226 1227 1228 1229 1230 1231 1232 1233 1234 1235 1236 1237 1238 1239 1240 1241 1242 1247 1248 1251 1252 1253 1254 1255 1256 1257 1259 1260 1261 1262 1263 1266 1268 1273 1274 1275 1280 1285 1292 1296 1299 1320 1321 1322 1326 1328 1330 1331 1334 1335 1337 1338 1342 1349 1387 1482 1483 1494 1495 1499 1505 1516 1537 1544 1545 1547 1548 1616 1619 1622 1632 1633 1634 1636 1637 1638 1639 1642 1681 1703 1708 1723 1732 1733 1735 1736 1750 1835 1836 1839 1844 1847 1850 1853 1866 1867 1884 1890 1891 1892 1895 1896 1901 1924 1925 1928 1945 1947 1948 1954 1960 1963 1965 1966 1968 1969 1970 1975 1976 1990 2005 2011 2030 2063 2067 2171 2268 2269 2270 2271 2446 2455 2467 2468 2469 2470 2475 2479 2480 2487 2492 2502 2513 2520 2521 2549 2603 2610 2612 2614 2617 2635 2638 2650 2659 2662 2672 2673 2676 2682 2688 2691 2702 2720 2741 2745 2746 2747 2752 2757 2759 2777 2782 2786 2787 2788 2821 2827 2851 2858 2880 2882 2884 2886 2891 2954 2955 2956 2957 2968 2985 3056 3057 3058 3059 3064 3065 3088 3106 3112 3143 3144 3145 3197 3204 3205 3206 3207 3209 3214 3215 3218 3219 3220 3221 3222 3223 3238 3240 3265 3270 3276 3279 3296 3297 3299 3310 3313 3314 3338 3339 3341 3346 3347 3474 3710 3874 3885 3887 3921 3938 3988 4107 4109 4112 4132 4138 4239 4296 4322 4323 4326 4429 4463 4545 4558 4596 7226 7260 7296 7315 7318 7340 7342 7344 7361 7362 7367 7373 7374 7394 7400 7444 7445 7468 7476 7497 7498 7504 7515 7517 7527 7533 7750 7807 7817 7819 7821 7827 7830 7832 7836 7850 7897 7931 7938 7951 7956 7963 7967 8417 8508 8708 8826 9107
545 543 545 1244 1245 1246
547 104 547 550 1329 1997 2256 2280 2281 2282 2283 2284 2285 2286 2287 2288 2289 2290 2291 2292 2293 2294 2295 2296 2297 2298 2299 2300 2301 2302 2303 2304 2305 2306 2307 2308 2309 2310 2311 2312 2313 2314 2315 2316 2317 2318 2319 2320 2321 2322 2323 2324 2325 2326 2327 2328 2329 2330 2331 2332 2333 2334 2335 2336 2337 2338 2339 2340 2341 2342 2343 2344 2345 2346 2347 2348 2349 2350 2351 2352 2353 2354
555 508 513 517 555 556 557 558 559 563 591 703 1325 1684 1686 1687 1688 1689 1690 1691 1692 1693 1695 1696 1697 1698 1700 1701 1702 1703 2271 2358 2515 2886 2979 3909 4286 7832 8896
60 2 28 29 36 37 38 39 40 41 42 44 45 47 48 50 52 53 54 55 56 57 58 59 60 61 63 64 65 72 76 77 79 80 82 83 84 85 86 87 88 89 90 93 95 96 126 134 143 144 151 152 153 154 155 178 179 190 203 225 226 235 269 287 288 293 294 301 358 389 456 471 486 603 606 615 625 639 673 686 713 714 721 746 747 748 749 757 1247 1248 1251 1302 1317 1336 1341 1342 1457 1515 1520 1521 1523 1525 1544 1836 1837 1865 1923 1945 1950 1965 1975 2044 2045 2046 2047 2048 2066 2067 2072 2083 2084 2087 2145 2146 2147 2148 2149 2150 2151 2152 2153 2154 2155 2157 2158 2159 2160 2161 2162 2179 2180 2182 2218 2219 2258 2391 2437 2475 2500 2503 2504 2505 2506 2507 2508 2509 2510 2511 2512 2537 2635 2638 2650 2654 2672 2673 2676 3058 4429 7260 7262 7284 7296 7498 7850
573 15 137 302 480 499 568 570 571 572 573 574 575 581 598 600 732 1705 2144 2377 2378 2379 2387 2388 2389 2390 2446 2495 3172 7226
66 41 66 265 366 367 1506 2176 2460 2461 3205 3874
69 49 67 69 95 104 208 209 211 304 467 613 648 754 755 1327 1347 1353 1370 1900 1985 2042 2132 2133 2134 2135 2136 2137 2138 2139 2267 2406 2407 2408 2409 2410 2411 2412 2413 2493 3058 3059 3939 7260 7420
581 15 97 137 226 573 581 582 590 732 1160 1705 2144 2145 2146 2147 2148 2149 2150 2151 2152 2153 2154 2387 2388 2389 2390 2446 2495 2891 7340
75 54 75 76 77 78 1716 1717 1718 1719 1720 1729 1842 1843 2417
1100 1100 1966 4558
590 590 1284 1872 2054 2055 2522 2891
79 2 28 29 36 37 38 39 40 41 42 44 45 47 48 50 52 53 55 56 57 58 59 60 61 63 64 65 74 79 80 82 83 84 85 86 87 88 89 90 93 95 96 126 143 144 151 152 153 154 155 178 179 190 203 225 226 235 269 287 288 289 293 294 301 358 389 456 471 486 487 603 606 615 625 639 669 670 673 686 695 713 714 721 746 747 748 749 750 757 1247 1248 1249 1251 1278 1302 1317 1326 1334 1336 1341 1342 1355 1412 1457 1515 1520 1521 1523 1525 1544 1553 1837 1865 1923 1945 1950 1965 2044 2045 2046 2047 2048 2066 2067 2072 2083 2084 2087 2145 2146 2147 2148 2149 2150 2151 2152 2153 2154 2155 2157 2158 2159 2160 2161 2162 2179 2180 2182 2218 2219 2258 2266 2391 2434 2437 2475 2494 2500 2502 2503 2504 2505 2506 2507 2508 2509 2510 2511 2512 2537 2650 2654 2672 2673 2676 2682 2688 2746 2747 2880 3050 3058 3059 4429 4549 7262 7296 7394 7497 7498 7850
594 594 2021 9232
1620 21 22 24 25 26 152 190 235 293 294 301 306 358 456 486 487 488 489 490 491 507 508 513 514 515 516 558 599 625 673 686 703 746 749 752 1269 1270 1271 1272 1273 1274 1275 1324 1325 1457 1520 1613 1620 1621 1640 1684 1686 1688 1689 1690 1691 1692 1693 1695 1696 1697 1698 1700 1701 1702 1703 1923 1926 1986 2009 2072 2080 2157 2158 2159 2160 2161 2162 2182 2391 2445 2449 2450 2451 2452 2502 2503 2537 2614 2615 2617 2782 2886 2979 3106 3862 3909 4213 4286 7832 8483 8896
599 6 25 152 188 190 191 235 292 293 294 301 302 358 456 468 480 486 487 514 599 625 673 686 746 752 1270 1272 1457 1520 1613 1620 1621 1891 1923 1940 1970 2009 2072 2157 2158 2159 2160 2161 2162 2182 2377 2378 2379 2391 2445 2449 2502 2503 2537 2782 3061 3172 3862 4106 7400 8723 8724
88 2 29 58 60 74 79 84 86 87 88 89 93 100 157 174 208 211 289 456 459 669 695 749 750 751 757 1143 1146 1147 1353 1355 1370 1412 1553 1865 1947 1948 1965 1985 2044 2132 2136 2137 2138 2139 2218 2219 2434 2494 2537 2650 2673 2676 2688 2741 2745 2880 3050 3052 3058 3064 3065 3220 4296 4577 7296 7361 7497 7498
601 400 401 403 404 601 1359 1484 1485 1486 1487 2383 2384 2422 2423 2424 2425 2426 2514 2991 2993 7613
603 58 79 82 83 84 85 90 93 95 96 178 179 203 287 389 603 747 1336 1837 1945 2044 2045 2046 2047 2048 2087 2218 2219 2504 2505 2506 2507 2508 2509 2510
604 604 2063
93 30 58 79 81 82 84 85 86 90 92 93 94 95 96 97 98 129 178 179 207 228 287 299 375 388 389 456 590 603 715 747 750 757 1336 1636 1837 1945 1957 1965 2044 2048 2087 2132 2156 2181 2218 2219 2238 2239 2266 2414 2504 2505 2506 2507 2508 2509 2510 2650 2676 2686 2687 2688 2880 2891 3058 3059 3276 3928 7340 7497 7498
609 608 609 1929 2173 2498
100 99 100 174 669 750 751 1143 1146 1147 1947 1948 2691 3220
618 618 705 2268 2269 2270
109 30 49 67 68 69 106 108 109 110 111 112 113 133 160 161 162 164 167 168 260 261 262 292 298 361 393 394 494 495 530 540 605 648 715 724 1301 1499 1954 2042 2243 2244 2414 2479 2480 2659 2702 2733 2752 2757 2759 2851 2852 2957 2985 4463 7260 7318 7344 7373
1648 1648 1649 1650 1651 1652 1653 1654 4241
115 114 115 116 138 139 140 316 610 1734 2190 2191 2192 2193 2708
1655 1655 2443 2444
1656 131 132 229 230 231 290 295 551 552 553 1656 1661 1712 2548 4304
632 62 67 110 130 133 160 162 210 259 260 286 298 303 494 495 530 539 540 605 632 633 745 812 1301 1303 1304 1305 1306 1307 1308 1309 1310 1311 1312 1313 1314 1315 1316 1318 1319 1320 1396 1546 1622 1623 1684 1698 1709 1710 1711 1976 2227 2228 2274 2454 2488 3909 4569 4570 7750 8513
126 28 80 126 1515 2066 2067 2068 2069
130 130 131 132 133 160 210 259 286 290 539 551 552 553 587 745 1712 1928 2133 2454 2488 2635 7342 7344
132 130 131 132 290 551 552 553 1712
143 58 85 90 95 96 142 143 144 178 179 203 225 269 287 299 389 458 497 603 713 714 721 747 748 1336 1837 1939 1945 1949 1950 2044 2048 2087 2142 2143 2218 2219 2475 2504 2505 2506 2507 2508 2509 2510 2511 2512 2513 2734 4429 4542
144 58 60 79 80 84 85 142 143 144 178 179 225 269 456 713 714 721 747 748 1515 1837 1945 2044 2083 2084 2087 2142 2143 2218 2219 2475 2504 2507 2508 2510 2511 2512 2734 4429
152 71 149 150 151 152 153 155 157 190 235 279 293 294 301 306 358 456 471 486 487 614 625 650 673 686 746 749 1060 1164 1298 1429 1457 1520 1613 1640 1704 1923 2030 2031 2032 2033 2034 2072 2075 2076 2077 2078 2079 2080 2081 2082 2083 2084 2085 2157 2158 2159 2160 2161 2162 2182 2391 2416 2449 2450 2451 2452 2502 2503 2537 2567 2673 2741 2745 2746 2747 7361 7362 7367
669 88 99 100 174 669 750 751 1143 1146 1147 1355 1412 1553 1947 1948 2434 2494 3220
161 49 59 67 68 70 108 109 110 111 112 113 130 133 134 158 160 161 162 164 167 168 169 210 259 260 261 262 286 298 361 393 394 396 494 529 530 539 745 1398 1429 1497 1498 1499 1885 1886 1928 1953 1954 2243 2244 2275 2276 2355 2454 2488 2654 2659 2702 2752 2757 2759 2851 2852 2985 4328 7318 7344 7373 7374 7377 7572 7967 8708 9095
1699 236 377 378 526 558 703 1325 1684 1686 1688 1689 1690 1691 1692 1693 1695 1696 1697 1698 1699 1700 1701 1702 1703 2163 2164 2220 2221 2471 2472 2617 2886 2979 3909 4286 7832 8896
172 171 172 175 176 177 266 2569 2570
174 99 100 171 172 174 175 176 177 266 470 669 750 751 1143 1146 1147 1253 1254 1267 1947 1948 1967 2257 2569 2570 3220 7681
1732 1731 1732
199 199 200 201 202 1685 2128 2207
712 31 36 38 42 45 50 52 56 68 71 106 111 112 113 151 152 153 257 270 278 279 291 302 309 314 318 319 321 325 335 336 341 344 349 356 376 402 480 570 573 600 602 611 614 620 624 626 627 628 634 635 636 638 641 650 667 668 671 674 676 690 691 692 693 694 696 699 700 708 711 712 726 731 734 736 738 741 742 758 759 760 761 762 764 765 766 767 768 770 771 772 773 774 775 776 777 778 779 780 781 782 783 784 785 786 787 788 789 790 792 793 794 795 796 797 798 800 801 802 803 804 805 806 807 808 809 810 811 812 813 814 815 816 817 818 819 820 821 822 823 824 825 826 827 828 829 830 831 832 833 834 835 836 837 838 839 840 841 842 843 844 845 846 847 848 849 850 851 852 853 854 855 856 857 858 859 860 861 862 863 864 865 866 867 868 869 870 871 872 873 874 875 877 878 879 880 881 883 884 885 886 887 889 890 891 893 894 895 896 897 898 899 900 901 902 903 904 905 906 907 908 911 912 913 914 915 916 917 918 919 920 921 922 923 924 925 926 927 928 929 930 931 932 933 934 935 936 937 938 939 940 941 942 943 944 945 946 947 948 949 950 953 954 955 956 957 958 959 960 961 962 963 964 965 966 967 968 969 970 971 972 973 974 975 976 977 978 979 980 981 982 983 984 985 986 987 988 989 990 991 992 993 994 995 996 997 998 999 1000 1001 1002 1003 1004 1005 1006 1007 1008 1009 1010 1011 1012 1013 1014 1015 1016 1017 1018 1019 1020 1022 1023 1024 1025 1026 1027 1028 1030 1031 1032 1033 1034 1035 1036 1037 1038 1039 1040 1041 1042 1043 1044 1045 1046 1047 1048 1049 1050 1051 1052 1053 1054 1055 1056 1057 1058 1059 1060 1061 1062 1063 1064 1065 1066 1067 1068 1069 1070 1071 1072 1073 1074 1075 1076 1077 1078 1079 1080 1081 1082 1083 1084 1085 1086 1087 1088 1089 1090 1091 1092 1093 1094 1095 1097 1098 1099 1101 1102 1103 1104 1105 1106 1107 1108 1109 1110 1111 1112 1113 1114 1115 1116 1117 1119 1121 1122 1123 1124 1125 1126 1127 1128 1129 1130 1131 1132 1133 1134 1135 1136 1137 1138 1139 1140 1141 1142 1144 1145 1148 1149 1150 1151 1152 1153 1154 1155 1156 1157 1158 1159 1161 1162 1163 1164 1165 1166 1167 1168 1169 1170 1171 1172 1173 1174 1175 1176 1177 1178 1179 1180 1181 1182 1183 1184 1185 1186 1187 1188 1189 1190 1191 1192 1193 1194 1195 1196 1197 1198 1199 1200 1201 1202 1203 1204 1205 1207 1208 1209 1210 1211 1212 1213 1214 1215 1216 1217 1218 1219 1220 1221 1222 1223 1224 1225 1226 1227 1228 1229 1230 1231 1232 1233 1235 1236 1237 1238 1239 1241 1242 1253 1254 1255 1256 1257 1258 1259 1260 1261 1266 1280 1285 1288 1289 1290 1296 1298 1337 1338 1429 1495 1545 1547 1728 1836 1847 1853 1889 1891 1895 1925 1963 1976 2011 2030 2031 2032 2033 2034 2079 2080 2081 2377 2378 2379 2455 2487 2492 2502 2612 2638 2659 2662 2745 2747 2782 3172 3206 3207 3209 3214 3215 3218 3219 3220 3223 3240 3279 3310 3314 3338 3339 3341 3346 3347 3474 3710 3844 3887 4107 4138 4326 7260 7362 7374 7468 7476 7504 7817 7819 7821 7827 7830 7931 7938 7956 7963 8417 8508
715 0 1 2 3 11 12 13 27 28 29 30 31 32 33 36 38 39 41 42 45 52 56 66 67 71 78 93 104 108 109 111 112 113 114 127 161 169 171 172 173 174 175 176 177 182 184 186 187 192 193 207 212 213 214 215 216 219 220 243 257 264 265 266 270 278 281 289 298 304 319 325 341 344 349 356 366 367 375 376 402 492 493 498 499 500 501 502 503 504 505 515 518 521 529 531 532 533 534 538 540 548 549 569 570 573 597 602 611 620 624 626 627 628 633 635 636 637 638 641 643 645 647 651 652 653 655 657 658 660 661 662 663 664 665 667 668 670 671 672 674 675 676 677 680 681 683 689 690 691 692 693 694 695 696 697 698 699 700 701 702 708 710 713 714 715 716 717 719 725 726 728 729 731 734 736 738 741 742 754 755 757 758 759 760 761 762 763 764 765 766 767 768 769 770 771 772 773 774 775 776 777 778 779 780 781 782 783 784 785 786 787 788 789 790 791 792 793 794 795 796 797 798 799 800 801 802 803 804 805 806 807 808 809 810 811 812 813 814 815 816 817 818 819 820 821 822 823 824 825 826 827 828 829 830 831 832 833 834 835 836 837 838 839 840 841 842 843 844 845 846 847 848 849 850 851 852 853 854 855 856 857 858 859 860 861 862 863 864 865 866 867 868 869 870 871 872 873 874 875 876 877 878 879 880 881 883 884 885 886 887 888 889 890 891 892 893 894 895 896 897 898 899 900 901 902 903 904 905 906 907 908 909 910 911 912 913 914 915 916 917 918 919 920 921 922 923 924 925 926 927 928 929 930 931 932 933 934 935 936 937 938 939 940 941 942 943 944 945 946 947 948 949 950 951 952 953 954 955 956 957 958 959 960 961 962 963 964 965 966 967 968 969 970 971 972 973 974 975 976 977 978 979 980 981 982 983 984 985 986 987 988 989 990 991 992 993 994 995 996 997 998 999 1000 1001 1002 1003 1004 1005 1006 1007 1008 1009 1010 1011 1012 1013 1014 1015 1016 1017 1018 1019 1020 1021 1022 1023 1024 1025 1026 1027 1028 1030 1031 1032 1033 1034 1035 1036 1037 1038 1039 1040 1041 1042 1043 1044 1045 1046 1047 1048 1049 1050 1051 1052 1053 1054 1055 1056 1057 1058 1059 1060 1061 1062 1063 1064 1065 1066 1067 1068 1069 1070 1071 1072 1073 1074 1075 1076 1077 1078 1079 1080 1081 1082 1083 1084 1085 1086 1087 1088 1089 1090 1091 1092 1093 1094 1095 1096 1097 1098 1099 1101 1102 1103 1104 1105 1106 1107 1108 1109 1110 1111 1112 1113 1114 1115 1116 1117 1119 1120 1121 1122 1123 1124 1125 1126 1127 1128 1129 1130 1131 1132 1133 1134 1135 1136 1137 1138 1139 1140 1141 1142 1144 1145 1146 1148 1149 1150 1151 1152 1153 1154 1155 1156 1157 1158 1159 1161 1162 1163 1164 1165 1166 1167 1168 1169 1170 1171 1172 1173 1174 1175 1176 1177 1178 1179 1180 1181 1182 1183 1184 1185 1186 1187 1188 1189 1190 1191 1192 1193 1194 1195 1196 1197 1198 1199 1200 1201 1202 1203 1204 1205 1207 1208 1209 1210 1211 1212 1213 1214 1215 1216 1217 1218 1219 1220 1221 1222 1223 1224 1225 1226 1227 1228 1229 1230 1231 1232 1233 1234 1235 1236 1237 1238 1239 1241 1242 1259 1260 1265 1266 1268 1274 1280 1285 1286 1287 1327 1334 1337 1338 1482 1495 1499 1505 1506 1537 1541 1542 1543 1545 1547 1548 1616 1633 1733 1735 1844 1847 1853 1891 1895 1900 1963 2007 2011 2102 2140 2141 2266 2267 2406 2407 2408 2409 2410 2411 2412 2413 2414 2455 2460 2461 2492 2493 2502 2569 2570 2580 2612 2650 2659 2672 2687 2702 2720 2752 2757 2759 2777 2805 2808 2821 2823 2827 2851 2882 2954 2955 2957 2985 3056 3088 3143 3145 3197 3204 3205 3206 3207 3209 3214 3215 3218 3221 3222 3223 3238 3270 3279 3297 3299 3310 3313 3314 3338 3339 3341 3346 3347 3474 3710 3856 3887 3928 3938 4107 4132 4138 4239 4323 4429 7226 7260 7296 7315 7318 7340 7344 7373 7394 7428 7429 7439 7444 7445 7468 7504 7708 7717 7741 7750 7761 7807 7817 7819 7821 7827 7830 7836 7931 7938 7956 7963 7967 8417 8826
207 30 49 69 85 90 92 93 94 95 96 97 98 129 143 178 179 207 208 209 211 228 280 283 287 299 375 389 467 534 603 715 747 748 1336 1347 1353 1837 1846 1945 1957 1965 1985 2048 2087 2132 2133 2134 2135 2136 2137 2138 2139 2181 2266 2267 2414 2504 2505 2506 2507 2508 2509 2510 2686 2687 2688 2968 3928 3938 7420 7717 7761 9058
208 69 208 209 211 467 541 1347 1353 1370 1553 1985 2132 2133 2134 2135 2136 2137 2138 2139 2802 4577 7420 7422
212 212 213 214 215 216 2140 2141 2805 2808
724 365 724 725 1871 2479 2480 4463
214 212 213 214 215 216 2140 2141 2805 2808
730 730 1901 1902 1903 1978
1243 23 26 386 387 703 1243 1325 1684 1686 1688 1689 1690 1691 1692 1693 1695 1696 1697 1698 1703 1851 2177 2229 2230 2231 2614 2615 2617 2886 2979 3909 4286 7832 8896
732 15 137 573 581 732 1705 2144 2387 2388 2389 2390 2446 2495
1247 569 1247 1317 1521 1522 1523 1525 2437 2746 4113
1248 6 28 58 60 79 80 84 85 126 156 164 187 208 211 291 292 302 377 456 480 540 541 542 570 573 600 605 646 670 690 718 721 1248 1249 1250 1251 1261 1278 1279 1299 1326 1334 1335 1348 1353 1370 1496 1507 1515 1517 1736 1747 1845 1884 1891 1985 1993 2030 2035 2044 2066 2067 2068 2069 2083 2136 2137 2138 2139 2218 2219 2377 2378 2379 2380 2381 2382 2467 2468 2469 2470 2475 2500 2510 2650 2672 2782 2884 3112 3172 4087 4328 4585 7394 7422 7527
748 58 85 90 95 96 142 143 144 178 179 203 225 269 458 497 603 747 748 1336 1837 1939 1945 1949 1950 2044 2048 2087 2142 2143 2218 2219 2475 2504 2505 2506 2507 2508 2510 2511 2512 2513 2734 4542 7476
238 238 2168 2169
753 382 753 2520 2521
1286 1286 1287
1287 1286 1287
267 267 390 391 392 640 1504 1742 2982 7602 8953
269 56 58 60 79 80 82 84 85 90 95 96 142 143 144 178 179 203 225 267 268 269 270 271 272 273 274 275 276 277 278 279 287 389 391 456 458 497 603 721 747 748 749 1336 1515 1742 1837 1939 1945 1949 1950 2044 2048 2083 2084 2087 2142 2143 2218 2219 2475 2504 2505 2506 2507 2508 2509 2510 2511 2512 2513 2727 2729 2734 2858 4542 7347 7476 8953
1320 67 133 259 286 298 303 494 495 539 540 560 605 632 633 745 1301 1303 1304 1305 1306 1307 1308 1309 1310 1311 1312 1313 1314 1315 1316 1318 1319 1320 1396 1709 1976 2227 2228 2274 2454 2488 3909 4569 4570 7750 8513
298 30 55 68 108 109 111 112 113 156 161 164 168 268 291 297 298 300 303 305 307 308 311 313 317 319 324 325 326 327 328 329 330 331 332 333 334 335 336 337 338 339 340 341 342 343 344 345 346 347 348 349 350 352 353 354 355 356 357 394 529 531 532 533 540 541 542 547 550 560 1291 1320 1329 1348 1396 1496 1498 1499 1844 1845 1954 1997 2274 2280 2281 2282 2283 2284 2285 2286 2287 2288 2289 2290 2291 2292 2293 2294 2295 2296 2297 2298 2299 2300 2301 2302 2303 2304 2305 2306 2307 2308 2309 2310 2311 2312 2313 2314 2315 2316 2317 2318 2319 2320 2321 2322 2323 2324 2325 2326 2327 2328 2329 2330 2331 2332 2333 2334 2335 2336 2337 2338 2339 2340 2341 2342 2343 2344 2345 2346 2347 2348 2349 2350 2351 2352 2353 2354 2659 2702 2752 2757 2759 2851 2882 2912 2985 4087 4328 4545 7260 7318 7344 7373 7374 7444 7504 7507 7526 7562 7741 7750 7967 8708
301 190 235 293 294 301 358 456 599 625 673 746 1457 1520 1923 2072 2157 2158 2159 2160 2161 2162 2182 2445
302 6 292 302 480 600 1891 2377 2378 2379 3172
1850 6 156 208 209 211 351 377 378 467 524 526 540 541 542 619 646 718 740 1248 1347 1348 1353 1370 1496 1553 1561 1736 1747 1845 1850 1884 1985 1992 2035 2132 2133 2134 2135 2136 2137 2138 2139 2164 2220 2221 2272 2273 2381 2382 2428 2466 2467 2468 2469 2470 2471 2472 2571 2672 2802 4087 4328 4443 4577 7420 7422
1341 36 37 38 39 40 41 42 44 45 47 48 50 52 53 55 56 57 58 59 60 61 63 64 65 79 80 82 83 84 85 86 90 154 155 288 456 471 603 606 615 625 639 721 747 749 1302 1341 1342 1515 1544 1945 1965 2044 2045 2046 2083 2084 2155 2179 2218 2219 2258 2475 2504 2505 2506 2507 2508 2510 2537 2650 2654 7262 7850
1349 6 31 36 37 38 39 45 50 55 56 68 71 72 106 108 111 112 156 164 208 279 291 297 300 302 303 305 307 308 309 310 311 312 313 314 315 317 318 319 321 325 326 327 328 329 330 331 332 333 334 335 336 337 338 339 340 341 342 343 344 345 346 347 348 349 350 352 353 354 355 356 377 480 524 525 528 541 542 584 585 607 609 632 642 643 644 645 647 649 650 651 652 653 654 655 656 657 658 659 660 661 662 663 664 665 666 690 697 698 701 709 711 712 735 737 739 743 744 763 791 985 1029 1060 1164 1248 1250 1261 1288 1291 1296 1309 1318 1348 1349 1352 1354 1356 1357 1358 1359 1360 1361 1362 1363 1364 1365 1366 1367 1368 1369 1371 1372 1373 1374 1375 1376 1377 1378 1379 1380 1381 1382 1383 1384 1385 1386 1387 1388 1389 1390 1391 1392 1393 1394 1395 1397 1398 1399 1400 1401 1402 1403 1404 1405 1406 1407 1408 1409 1410 1411 1413 1414 1415 1416 1417 1418 1419 1420 1421 1422 1423 1424 1425 1426 1427 1428 1429 1430 1431 1432 1433 1434 1435 1436 1437 1438 1439 1440 1441 1442 1443 1444 1445 1446 1447 1448 1449 1450 1451 1452 1453 1454 1455 1456 1458 1459 1460 1461 1462 1463 1464 1465 1466 1467 1468 1469 1470 1471 1472 1473 1474 1475 1476 1477 1478 1479 1480 1484 1485 1486 1487 1488 1489 1491 1492 1493 1496 1498 1499 1507 1553 1554 1555 1556 1557 1559 1560 1562 1563 1564 1565 1566 1567 1568 1569 1570 1571 1572 1573 1574 1575 1576 1577 1578 1579 1580 1581 1582 1583 1584 1585 1586 1587 1588 1589 1590 1591 1592 1593 1594 1595 1596 1597 1598 1599 1600 1601 1602 1603 1604 1605 1606 1607 1608 1609 1610 1611 1612 1614 1659 1671 1680 1709 1728 1736 1737 1738 1739 1740 1741 1746 1747 1748 1749 1836 1838 1845 1870 1889 1891 1975 1976 1990 1992 2030 2031 2032 2033 2034 2220 2221 2272 2377 2378 2379 2422 2423 2424 2425 2426 2472 2635 2638 2659 2662 2672 2720 2733 2752 2772 2773 2858 2884 2912 2969 2970 2985 3204 3238 3240 3265 3943 3945 3962 3988 4004 4049 4076 4086 4087 4112 4144 4205 4326 4328 4339 4519 7260 7312 7318 7340 7374 7422 7504 7515 7517 7526 7527 7533 7562 7821 7836 7897 7951 8508 8561 8566 8696 8698 8708
1864 1863 1864 4455
1870 315 1870 2427 7526
1359 1359 1484 1485 1486 1487 2422 2423 2424 2425 2426
1888 1887 1888 1991 4479
1895 1890 1895 1896 9107
1901 730 1901 1902 1903 1978
366 30 41 66 265 366 367 534 715 1506 2176 2267 2414 2460 2461 3205 3874
1904 1904 2049
375 95 129 207 283 299 375 1336 1846 2048 2087 2132 2687 2968 3928 9058
386 21 22 23 24 26 386 387 488 489 490 491 703 1243 1684 1686 1688 1689 1690 1691 1692 1693 1695 1696 1697 1698 1703 1851 2177 2229 2230 2231 2614 2615 2617 2979 4213 4286 7832 8896
388 85 90 92 93 95 96 98 228 287 388 603 747 1336 1945 1957 2048 2181 2238 2239 2266 2504 2505 2506 2507 2508 2686 2688 2981
392 267 390 391 392 640 1504 1742 2982 7602
1930 1930 2001 2002 2003 9140 9212
398 398 2178
1945 58 79 80 82 84 85 90 93 95 96 143 178 179 201 203 204 225 269 287 389 603 747 748 1336 1837 1945 1950 2044 2045 2046 2048 2083 2087 2142 2143 2218 2219 2475 2504 2505 2506 2507 2508 2509 2510 2511 2512
1958 81 1350 1957 1958 1959 2086 2529 2530 2531 2532 2533 2534 2535 2536
1987 1899 1987
456 25 36 58 60 79 80 82 83 84 85 86 87 88 90 93 96 126 141 144 149 151 152 153 154 155 190 195 235 288 293 294 295 301 306 358 389 456 466 471 486 487 599 603 606 614 615 621 625 639 673 684 686 721 746 747 749 750 757 1270 1302 1336 1341 1342 1457 1515 1520 1540 1544 1613 1620 1621 1640 1865 1923 1945 1965 2044 2045 2046 2072 2079 2080 2081 2083 2084 2085 2127 2155 2157 2158 2159 2160 2161 2162 2179 2180 2182 2218 2219 2249 2258 2359 2360 2361 2362 2370 2391 2416 2449 2450 2451 2452 2475 2502 2503 2504 2505 2506 2507 2508 2509 2510 2537 2567 2568 2650 2673 2676 2747 3058 7296 7362 7498 7850
1992 6 156 208 211 351 377 378 524 526 541 619 646 718 740 1353 1370 1503 1561 1736 1747 1850 1884 1985 1992 2035 2136 2137 2138 2139 2164 2220 2221 2272 2273 2381 2382 2428 2467 2468 2469 2470 2471 2472 2802 2969 2970 3962 4328 7951
1486 1359 1484 1485 1486 1487 2422 2423 2424 2425 2426
471 58 60 79 80 82 83 84 85 86 90 149 150 151 152 153 154 155 157 226 227 235 294 301 358 456 471 569 581 603 614 615 625 673 721 747 749 1247 1317 1336 1341 1457 1515 1520 1521 1522 1523 1524 1525 1704 1945 2030 2044 2045 2046 2075 2076 2077 2078 2079 2080 2081 2082 2083 2084 2085 2144 2145 2146 2147 2148 2149 2150 2151 2152 2153 2154 2158 2159 2160 2161 2162 2218 2219 2258 2437 2475 2504 2505 2506 2507 2508 2510 2537 2673 2745 2746 2747 4113 4117 7362 7367 7437 7850
2007 185 194 196 210 2007 2117 2118 2119 2120 2121 2122 2580 2777
477 477 478 479 2259 2260 2261 2448 2549
480 6 164 292 302 480 600 1891 1993 1994 2377 2378 2379 3172 4585 9205
487 25 79 84 141 149 151 152 153 185 189 190 194 195 196 210 228 229 230 231 235 288 293 294 295 296 301 306 358 359 456 483 484 485 486 487 500 599 606 614 625 673 686 746 749 1270 1296 1302 1457 1520 1613 1620 1621 1640 1656 1661 1923 2072 2079 2080 2081 2085 2117 2118 2119 2120 2121 2122 2123 2124 2125 2126 2127 2155 2157 2158 2159 2160 2161 2162 2179 2182 2370 2391 2416 2449 2450 2451 2452 2502 2503 2537 2548 2567 2747 2887 3078 7362 7569
2024 2024 2070
2025 2025 2026 2027
1516 20 97 124 464 465 466 501 679 684 685 720 1494 1495 1516 1622 1634 1635 1636 2180 2248 2249 2420 2421 2568 3056 3057 3276 4109
494 67 109 260 292 494 495 530 605 1301
1523 79 84 151 154 155 226 227 471 569 615 1247 1317 1521 1522 1523 1524 1525 2083 2144 2145 2146 2147 2148 2149 2150 2151 2152 2153 2154 2218 2219 2258 2437 2746 4113 4117 7362 7437
500 195 228 296 500 1299 1957 2123 2124 2125 2126 2127 2156 2823 3088 7439
