8 8 173 77 171 149 135 109 49 31 177 112 111 142 127 150 34 178 183 180 125 52 164 113 134 175 179 196 129 58 144 139 147 192 165 115 18 182 60 131 41 1 117 106 195 122 138 157 154 130 137 118 187 46 116 107 2 64 95 191 123 74 80 67 190 153 55 140 10 189 197 161 108 120 132 35 114 110 44 9 85 43 128 119 126 86 184 145 121 20 146 133 168 143 163 124 28 194 48 50 160 167 98 148 152 158 159 166 169 170 172 141 155 162 104 97 156 151 136 21 174 99 73 27 188 193 33 176 181 16 54 61 185 186 19 51 5 6 26 32 47 53 56 13 17 23 30 36 39 62 65 68 72 15 25 37 38 3 40
9 9 110 150 161 131 64 21 188 193 137 134 122 49 31 120 44 111 124 176 112 149 126 106 180 189 197 146 156 52 194 118 145 138 55 140 74 139 35 133 177 173 179 109 58 119 191 165 117 46 107 108 151 125 192 154 130 95 123 34 43 174 99 143 98 181 97 135 85 10 187 153 128 157 73 1 86 129 132 147 114 104 142 16 27 41 196 116 168 182 164 175 8 127 113 121 115 183 171 80 20 190 67 136 144 141 184 155 162 28 50 163 48 148 152 158 159 166 169 170 172 33 18 77 160 167 195 60 103 105 54 101 2 178 185 186 19
10 10 174 130 67 86 143 85 55 118 128 132 73 104 134 35 122 27 74 112 95 16 133 97 111 124 99 168 138 120 141 21 107 154 175 135 98 123 181 126 163 140 139 189 197 109 191 43 178 136 31 137 145 46 33 176 52 18 165 116 196 119 60 150 41 49 192 173 34 64 182 117 1 44 156 121 146 149 129 2 115 131 187 144 142 155 162 153 9 113 160 167 180 194 125 157 177 183 185 186 106 190 80 161 110 147 20 179 8 114 19 171 48 188 193 50 164 148 152 158 159 166 169 170 172 28 77 151 184 58 108 127
16 16 67 153 137 27 194 124 151 107 20 181 180 46 108 157 161 52 35 175 145 10 136 178 174 41 156 117 1 98 73 125 121 138 182 97 149 33 2 43 176 123 160 167 187 74 165 109 99 116 184 120 141 77 163 95 190 155 162 80 34 126 44 119 49 139 118 31 134 129 104 115 60 191 122 150 146 112 111 144 132 183 135 55 154 133 143 48 9 50 168 179 113 28 148 152 158 159 166 169 170 172 140 147 18 64 185 186 110 130 86 114 131 164 128 171 189 197 21 177 142 196 192 173 85 58 188 193 106 127 8 61 51 54 195 17 36 65 72 19 62 13 23 30 68 5 6 26 32 47 53 3 15 25 37
18 18 109 83 45 95 31 107 183 145 34 117 142 97 121 130 129 44 179 1 177 86 138 141 175 64 8 125 119 113 143 171 134 140 132 126 164 135 104 85 116 106 139 73 49 173 55 50 114 163 148 152 158 159 166 169 170 172 168 28 48 98 160 167 110 137 155 162 99 27 131 60 123 10 52 112 35 115 127 41 136 133 77 156 74 124 144 108 128 154 9 161 165 151 150 122 33 149 147 191 178 188 193 20 67 157 180 43 46 16 153 189 197 146 181 174 187 111 184 21 194 118 176 190 196 80 195 182 185 186 58 120 2 192 54 61 19 51
20 20 153 194 157 58 151 117 1 2 46 161 108 180 125 41 16 149 28 48 50 148 152 158 159 166 169 170 172 168 114 121 155 160 162 167 98 147 156 104 60 163 52 44 49 110 119 164 124 106 27 171 150 77 86 97 165 139 178 73 18 107 99 136 137 123 9 115 154 127 144 130 8 74 138 140 146 80 131 181 182 64 122 133 67 187 175 33 142 21 5 6 26 32 47 53 116 184 55 190 34 51 13 17 23 30 36 39 56 62 65 68 72 61 176 38 15 25 37 95 129 43 54 143 85 40 145 3 113 134 126 19 132 118 174 177 128 179 135 173 141 191 35 195 0 4 12 14 24 42 57 69 75 76 10 7 11 29 70 120 188 193 185 186 183 112 109 189 197 31 45 22 59 63 66 71 79 81 82 87 88 89 90 91 92 93 94 96 100 78 111
21 21 176 156 138 177 139 133 55 128 9 118 35 132 122 49 31 120 99 135 27 124 173 164 168 141 154 10 19 104 109 150 85 74 137 110 107 95 146 181 111 73 140 163 123 52 134 143 86 174 58 191 33 116 161 67 98 97 117 113 64 46 126 136 119 149 180 175 129 1 187 131 178 112 142 43 147 2 194 155 162 192 153 108 165 18 80 179 157 34 182 190 189 197 130 185 186 20 144 41 28 171 48 50 148 152 158 159 166 169 170 172 8 16 188 193 114 106 115 121 127 184 160 167 196 77 183 44 145 60 151 125 195 61 54 13 23 30 68 15 3 51 40
27 27 181 156 34 73 180 138 16 33 139 55 129 133 136 118 132 153 10 95 109 21 134 185 186 143 122 86 31 99 184 135 120 124 104 67 97 35 85 137 111 149 168 74 194 49 61 174 18 140 155 162 141 128 176 46 125 130 116 183 144 161 20 163 189 197 107 154 112 179 98 191 58 142 173 52 145 177 165 146 151 43 157 41 119 1 150 126 175 131 123 2 9 178 192 108 187 64 117 113 8 121 182 171 160 167 196 164 127 110 106 80 190 77 44 54 115 60 114 28 48 188 193 51 50 148 152 158 159 166 169 170 172 147 19 195 15 40 17 36 65 72 3
28 28 58 117 1 50 148 152 158 159 166 169 170 172 48 168 20 121 114 155 160 162 167 157 163 60 44 156 147 98 119 110 164 171 77 151 18 165 86 97 123 115 99 161 154 130 140 150 73 74 144 138 131 64 139 146 125 108 116 41 153 43 16 149 136 113 142 126 33 52 55 106 127 129 5 6 26 32 47 53 137 62 56 65 72 23 30 68 51 135 13 17 36 39 8 128 9 15 25 37 178 38 46 132 3 85 54 122 40 2 61 180 35 95 21 118 124 134 133 19 194 184 177 188 193 143 34 182 67 104 10 175 120 187 109 173 185 186 27 183 176 190 49 145 31 45 195 191 174 181 112 22 59 63 66 71 70 179 0 4 12 14 24 42 57 69 75 76 7 11 29 189 197 141 111 80 107
31 31 34 18 183 177 64 175 135 8 142 129 128 9 109 104 106 132 173 113 21 127 111 112 188 193 134 171 164 139 191 118 27 115 138 41 49 131 110 124 144 123 95 55 67 176 52 179 141 44 187 116 10 43 99 98 126 122 156 195 77 107 125 178 163 58 147 114 192 196 150 85 130 86 189 197 181 165 120 140 74 60 154 161 35 182 133 143 33 136 46 153 146 174 137 180 1 145 149 16 184 97 80 190 160 167 108 194 117 157 151 73 185 186 54 45 83 2 28 61 50 48 148 152 158 159 166 169 170 172 20 103 105 19 101 121 155 162 168 119
33 33 185 186 184 55 129 51 27 124 168 181 52 116 136 176 117 174 156 1 98 109 2 16 21 120 160 167 187 138 190 143 80 34 137 10 128 134 135 139 153 97 122 60 31 163 182 95 146 112 104 107 133 111 77 73 123 41 106 132 180 85 183 157 48 151 50 148 152 158 159 166 169 170 172 28 67 127 145 74 165 194 46 99 49 18 144 86 179 141 147 161 118 64 20 114 121 155 162 189 197 35 113 108 110 164 196 43 192 191 149 171 126 44 119 9 130 173 115 195 58 61 175 178 131 150 142 125 177 188 193 154 140 8 19 54
34 34 109 31 27 111 54 61 52 183 58 192 18 177 181 175 8 1 156 180 129 2 142 179 165 139 80 55 190 113 184 106 132 123 173 138 33 73 163 125 131 160 167 16 137 77 64 118 150 134 127 60 135 171 116 10 120 41 133 122 191 95 164 9 144 154 115 107 46 153 67 49 43 143 149 85 161 136 145 141 128 151 86 140 110 130 168 194 44 146 104 114 99 124 185 186 147 119 112 74 188 193 108 187 21 40 189 197 157 126 117 174 20 195 35 182 19 97 51 121 62 98 38 17 36 65 72 15 25 37 155 162 3 178 176 11 28 7 48 50 196 78 56 5 6 26 32 47 53 148 152 158 159 166 169 170 172 13 23 30 39 68 45 0 4 12 14 24 42 57 69 75 76 29 70
35 35 67 86 143 126 133 128 132 21 137 73 122 112 99 10 124 16 136 120 176 141 95 138 145 85 46 107 163 118 194 174 191 131 140 27 178 52 175 104 123 58 130 196 139 154 151 9 60 181 156 55 109 111 43 74 161 135 182 125 117 1 146 134 179 150 177 31 187 2 142 153 97 49 183 41 98 108 160 167 77 115 80 190 180 165 116 184 129 18 173 192 149 164 171 8 28 19 48 50 148 152 158 159 166 169 170 172 33 189 197 114 113 64 106 127 20 44 144 110 147 121 155 162 168 34 119 157 185 186 188 193 195 61 13 23 30 68 15 51 40 3 54
41 41 175 106 153 127 112 115 191 124 187 114 195 20 194 182 52 157 196 67 46 108 110 147 151 60 58 161 113 116 164 149 180 178 16 183 98 144 49 117 109 142 31 171 181 8 135 174 176 1 118 2 137 160 167 104 125 80 74 190 131 34 43 150 146 123 9 122 154 184 177 111 132 55 129 130 163 128 143 35 95 134 27 126 64 179 165 136 97 85 18 133 173 10 77 21 28 48 50 33 148 152 158 159 166 169 170 172 121 145 99 120 107 138 139 44 119 192 155 162 168 189 197 188 193 156 185 186 140 86 73 61 54 19 51 62 5 6 26 32 47 53 56 141 13 17 23 30 36 39 65 68 72 15 25 37 38 3 40
43 43 125 132 127 137 134 141 195 107 163 149 189 197 194 52 46 147 187 164 145 151 109 165 153 180 182 131 171 111 173 161 126 108 117 144 95 115 121 140 99 49 16 31 1 35 160 167 135 10 120 113 150 183 118 190 157 80 41 139 177 112 44 179 119 184 9 60 116 64 154 77 27 122 192 129 50 148 152 158 159 166 169 170 172 28 48 156 67 74 123 97 18 168 104 98 110 124 138 155 162 21 73 55 133 130 174 33 114 175 86 34 196 20 181 146 142 191 188 193 136 176 143 128 85 106 8 185 186 178 2 58
44 44 64 188 193 107 131 117 1 121 9 119 141 118 18 145 50 148 152 158 159 166 169 170 172 28 48 140 123 31 130 168 139 112 86 155 162 60 138 160 167 108 114 144 125 111 157 163 20 147 103 105 43 154 16 74 98 101 156 99 73 165 151 97 135 164 110 126 171 116 161 142 150 54 143 137 10 183 95 35 175 77 128 132 134 8 129 55 49 34 104 146 85 133 115 179 153 177 180 41 196 109 113 33 178 149 192 136 52 173 194 67 120 46 27 2 21 127 106 184 174 189 197 191 185 186 122 124 58 190 80 181 176 187 45 195 61 29 62 11 19 38 40 51 182 13 23 30 68 5 6 26 32 47 53 70 0 4 12 14 24 42 57 69 75 76 15 17 36 39 56 65 72 3 7 25 37 22 59 63 66 71
46 46 178 106 153 132 137 194 115 182 151 108 114 77 141 113 20 165 157 163 110 161 67 146 180 16 43 41 145 1 2 177 35 109 116 118 175 99 49 112 9 126 125 104 149 127 120 183 129 10 124 142 134 117 144 8 150 111 164 27 173 52 131 147 55 31 34 74 143 133 60 98 171 122 128 140 21 86 135 138 95 64 191 139 187 130 119 196 156 174 18 107 97 136 181 154 160 167 33 168 123 176 179 195 48 121 155 162 50 28 85 73 189 197 148 152 158 159 166 169 170 172 192 190 44 80 188 193 58 185 186 184 54 19 61 0 4 12 14 24 42 57 69 75 76 5 6 7 11 26 29 32 47 53 70 56 13 17 23 30 36 39 62 65 68 72 15 25 37 51 38 3 40
48 48 117 1 2 50 148 152 158 159 166 169 170 172 28 168 20 121 114 155 160 162 167 157 60 98 163 44 156 147 119 110 164 171 77 151 18 97 165 86 123 99 115 161 154 130 73 140 150 74 144 138 64 131 139 146 125 108 116 16 153 41 43 136 149 33 113 142 126 52 55 106 127 129 137 46 135 128 178 8 132 9 122 21 95 180 58 35 118 133 124 0 4 12 14 24 42 57 69 75 76 70 85 5 6 7 11 26 29 32 47 53 134 62 65 72 56 23 30 68 51 184 194 13 17 36 39 15 25 37 188 193 38 54 143 177 3 61 10 67 40 182 34 104 175 19 120 185 186 187 109 173 27 183 176 80 190 49 145 45 195 174 191 31 78 181 112 22 59 63 66 71 79 81 82 87 88 89 90 91 92 93 94 96 100 179 189 197 141 111 107
49 49 157 147 179 108 146 144 131 139 177 175 8 142 118 9 153 129 104 106 127 132 21 173 171 134 164 135 111 180 113 191 116 115 109 41 31 110 64 52 126 46 195 125 178 194 43 183 141 27 161 67 55 34 182 128 187 165 95 151 77 176 163 149 114 20 107 122 120 189 197 112 18 137 150 138 123 124 192 140 16 98 99 136 154 85 156 33 130 145 10 184 73 188 193 97 143 181 86 190 80 160 167 35 117 1 74 121 133 174 60 196 44 119 185 186 50 148 152 158 159 166 169 170 172 28 48 58 2 155 162 168 19
50 50 117 1 148 152 158 159 166 169 170 172 28 48 168 121 114 155 160 162 167 20 157 163 60 44 156 147 98 119 110 164 171 77 151 18 165 86 97 123 115 99 161 154 130 140 150 73 144 74 138 131 64 146 139 125 108 116 153 43 16 41 149 136 113 142 126 33 52 55 106 127 129 137 135 128 178 46 132 9 8 85 180 122 95 21 118 124 35 134 133 194 184 177 188 193 143 182 67 10 104 175 120 109 187 185 186 173 2 58 34 27 183 176 49 80 190 145 45 195 174 31 191 112 181 22 59 63 66 71 179 0 4 12 14 24 42 57 69 75 76 51 70 5 6 7 11 26 29 32 47 53 62 65 72 56 23 30 68 54 13 17 36 39 189 197 141 15 25 37 111 38 3 61 40 19 107
52 52 190 80 184 160 167 163 60 77 165 151 34 116 161 144 180 113 108 146 177 175 149 41 43 16 126 33 178 142 135 153 8 129 136 109 104 67 112 127 35 118 137 173 9 95 183 134 21 115 132 106 125 191 55 122 171 182 194 164 150 10 185 186 124 111 120 49 27 74 138 131 139 31 46 133 130 179 187 157 145 128 97 143 99 73 176 20 154 18 110 196 195 98 147 64 174 86 181 155 162 189 197 156 85 140 1 114 107 192 168 123 119 58 117 188 193 2 121 44 28 50 54 48 141 148 152 158 159 166 169 170 172 61 51
55 55 168 116 33 129 10 109 185 186 104 21 122 134 120 184 27 124 174 176 133 156 98 181 135 107 128 189 197 146 73 138 139 130 9 85 143 119 95 118 142 74 144 140 112 180 97 35 111 52 31 136 191 137 67 106 117 132 99 173 18 34 49 149 187 1 41 150 165 179 161 121 16 123 86 163 126 151 178 154 177 64 153 160 167 155 162 125 182 114 113 157 44 131 43 46 196 171 147 194 192 190 20 80 60 183 164 141 50 110 148 152 158 159 166 169 170 172 28 48 77 115 145 188 193 127 2 51 108 175 8 58 19 195 61
60 60 112 52 196 117 1 2 160 167 190 161 80 130 77 163 41 150 184 154 183 74 165 126 48 50 151 148 152 158 159 166 169 170 172 28 175 116 142 113 20 171 178 114 168 44 121 115 64 8 144 129 155 162 164 35 137 98 147 108 157 110 119 146 18 86 149 156 34 125 131 95 135 16 43 127 67 97 10 180 33 85 134 153 123 46 106 138 99 55 177 140 139 107 132 31 191 73 173 182 145 122 104 143 133 194 109 128 188 193 124 118 187 141 174 136 195 179 111 185 186 49 189 197 58 27 9 120 21 181 176 54 51 0 4 12 14 24 42 57 69 75 76 70 61 62 5 6 7 11 26 29 32 47 53 65 72 23 30 68 56 13 17 36 39 192 15 25 37 38 3 19 40 45 78 22 59 63 66 71
64 64 188 193 44 131 9 118 103 105 101 31 112 111 54 110 150 126 161 196 18 49 192 74 183 107 175 1 60 117 34 154 130 134 2 165 137 41 120 135 127 133 10 8 121 21 109 43 142 85 123 139 132 177 179 113 171 115 122 145 164 149 55 129 141 95 86 191 143 144 138 163 52 173 119 136 48 156 77 50 160 167 153 140 104 28 148 152 158 159 166 169 170 172 98 106 124 114 108 35 16 125 46 151 67 147 194 128 27 187 189 197 116 174 182 176 99 180 146 178 195 20 97 155 162 168 58 33 73 181 184 80 190 157 29 62 11 40 38 61 19 185 186 45 51
67 67 16 178 175 35 136 10 115 191 182 155 162 77 174 143 86 165 46 146 1 97 41 118 112 130 113 126 132 73 99 85 128 133 122 74 52 124 27 21 137 106 153 104 55 127 183 109 154 196 60 8 140 111 134 129 34 139 177 181 163 138 161 151 176 142 31 150 123 194 180 49 156 141 135 9 95 98 108 131 43 64 116 190 80 184 173 125 33 171 145 107 120 160 167 110 157 18 179 164 20 147 168 195 117 149 192 189 197 144 187 119 2 121 58 188 193 185 186 44 48 28 50 148 152 158 159 166 169 170 172 19 114 54 51 61
73 73 86 143 136 122 27 155 162 35 95 10 128 67 181 74 191 97 85 117 133 156 120 1 2 107 104 99 55 129 124 145 174 34 135 130 140 180 150 137 146 21 179 48 50 148 152 158 159 166 169 170 172 28 9 132 112 16 149 141 109 183 176 175 134 118 33 138 153 19 139 20 52 114 121 160 167 168 46 142 187 49 182 194 178 8 60 106 171 44 98 177 110 147 119 157 163 164 127 184 173 111 196 58 77 151 189 197 185 186 31 18 115 123 165 80 190 154 61 108 116 161 144 125 131 41 64 43 195 113 192 54 68 126 3 40 70 51 15 13 23 30 65 72 38 7 62 0 4 12 14 24 42 57 69 75 76 17 36 5 6 11 26 29 32 47 53 25 37 39 56
74 74 85 118 136 122 112 97 124 155 162 133 154 58 196 104 73 191 67 120 130 99 10 174 117 181 143 176 95 135 2 60 55 128 150 1 146 27 64 98 187 9 175 140 21 41 86 107 182 132 123 137 52 35 44 142 149 183 180 145 109 121 161 153 111 129 28 16 48 50 116 148 152 158 159 166 169 170 172 138 18 179 34 49 141 119 126 177 171 188 193 194 114 115 33 46 20 125 160 167 168 151 184 80 131 19 108 77 190 113 43 147 164 110 8 144 192 178 31 156 157 163 165 134 185 186 139 127 106 54 13 23 30 68 61 51 15 62 65 72 5 6 26 32 47 53 56 3 17 36 39 25 37 38 40 173 189 197 70 195 11 7 0 4 12 14 24 42 57 69 75 76
77 77 178 8 182 173 165 171 52 115 46 146 67 113 117 149 1 160 167 190 80 135 112 163 60 184 109 151 50 148 152 158 159 166 169 170 172 28 48 161 144 183 116 150 20 157 177 168 49 164 147 31 121 125 155 162 180 18 142 114 175 34 119 111 108 130 137 196 124 139 156 110 154 44 131 98 41 43 16 153 129 64 33 74 138 126 86 132 123 55 99 179 140 97 127 134 104 128 73 194 118 58 95 35 107 187 85 145 133 143 191 192 120 9 176 174 181 141 122 136 21 10 2 188 193 185 186 27 195 189 197 106 51 54 45 19 62 15 5 6 26 32 47 53 61 40 3 38 25 37 13 17 23 30 36 39 56 65 68 72
80 80 52 58 190 184 160 167 163 60 77 165 151 34 116 161 144 180 113 108 146 177 175 41 149 43 16 126 33 178 142 135 153 8 129 136 104 109 67 35 112 127 9 118 137 173 115 117 95 171 164 21 125 183 134 46 132 55 106 150 191 122 182 194 74 157 10 185 186 124 111 131 49 120 97 139 27 130 155 162 98 147 99 138 73 31 18 154 20 128 156 168 179 187 133 86 145 143 51 123 176 64 85 5 6 26 32 47 53 62 65 72 56 23 30 68 54 61 1 13 17 36 39 196 195 140 15 25 37 38 119 3 174 110 50 48 148 152 158 159 166 169 170 172 40 2 181 44 189 197 121 19 141 107 192 28 114 188 193
85 85 97 154 74 133 10 104 95 122 120 136 19 174 130 107 99 118 143 112 140 73 124 98 145 86 35 179 119 67 146 27 2 155 162 21 191 55 183 134 138 150 111 128 18 117 181 176 126 161 132 156 196 137 60 149 9 41 139 175 125 116 142 178 168 109 180 121 141 64 187 34 129 165 33 163 52 135 151 189 197 8 173 192 110 160 167 177 182 44 48 148 152 158 159 166 169 170 172 20 50 28 164 113 153 114 157 147 46 115 77 194 171 127 58 106 49 184 31 123 1 188 193 108 185 186 131 144 80 190 16 43 195 13 23 30 68 61 15 70 3 40 54
86 86 73 35 128 10 95 143 19 107 174 67 122 130 145 123 138 136 99 126 97 117 124 27 18 179 85 121 139 141 104 133 120 183 132 125 134 119 44 112 155 162 154 191 181 21 156 52 9 31 135 176 111 140 74 34 55 137 148 152 158 159 166 169 170 172 168 109 50 180 28 48 175 118 142 98 163 60 131 129 49 177 150 144 178 153 108 165 8 182 114 161 2 187 173 1 189 197 196 64 160 167 43 16 20 171 116 190 80 151 184 194 33 46 110 147 164 192 157 58 115 77 113 149 188 193 185 186 41 146 54 13 23 30 68 61 70 15 40 106 3 127 84
95 95 145 179 97 18 130 183 143 86 125 138 85 126 142 133 136 129 73 104 134 107 122 10 35 74 27 120 109 112 111 137 140 154 124 99 113 135 155 162 131 31 21 67 189 197 128 123 98 132 174 149 181 141 43 49 116 177 55 171 127 52 33 176 139 9 191 196 192 146 60 118 194 153 180 173 2 46 165 117 41 16 156 157 150 168 175 160 167 161 187 108 182 195 190 20 185 186 8 80 34 64 147 144 163 83 1 45 19 178 48 148 152 158 159 166 169 170 172 114 151 50 77 106 28 184 115 44 58 110 121 188 193 119 164
97 97 85 136 95 124 155 162 74 133 154 145 143 104 99 179 117 2 174 181 67 122 73 120 176 18 98 10 86 138 187 183 130 129 128 27 125 182 123 107 112 134 148 152 158 159 166 169 170 172 48 126 50 28 168 116 146 153 142 191 16 41 52 132 109 180 114 121 160 167 20 33 137 49 9 178 141 34 175 171 106 46 127 60 111 19 55 110 147 119 156 157 163 164 21 135 44 196 189 197 8 194 173 184 35 31 177 151 77 144 190 80 115 165 131 185 186 149 150 140 195 1 108 161 64 192 139 113 58 43 118 188 193 61 54 51
98 98 104 124 117 174 181 176 2 187 97 123 182 99 139 74 116 55 168 148 152 158 159 166 169 170 172 48 146 138 143 50 28 128 155 162 20 41 85 16 136 114 153 157 133 33 121 160 167 10 118 135 119 86 95 27 9 163 21 151 18 110 31 147 60 44 112 122 120 108 130 144 35 161 137 111 125 156 164 127 134 154 106 178 171 67 165 180 77 129 126 194 49 142 115 73 183 140 131 179 175 8 34 145 185 186 150 149 46 64 184 43 177 107 132 113 191 52 173 196 192 195 189 197 109 141 1 188 193 58 80 190 19 51 61 54 13 23 30 68 65 72 62 5 6 26 32 47 53 40 3 15 70 11 17 36 39 56 38 0 4 12 14 24 42 57 69 75 76 25 37 7 29 78
99 99 140 133 136 128 132 124 155 162 141 97 123 35 163 85 122 67 118 107 74 134 176 120 117 174 181 21 154 73 2 143 129 46 86 138 98 10 95 27 104 187 177 135 43 145 182 191 139 52 55 142 31 189 197 111 137 173 148 152 158 159 166 169 170 172 48 50 28 109 34 175 180 106 116 146 179 178 49 9 16 41 183 153 127 114 121 160 167 168 20 33 8 184 194 190 80 60 110 147 119 156 157 164 44 192 112 151 171 77 125 195 115 165 18 1 185 186 144 130 150 58 108 161 131 149 64 113 196 19 126
104 104 98 139 85 55 118 128 136 106 153 10 95 134 49 31 97 74 120 133 124 135 154 99 157 168 21 174 108 179 194 27 155 162 86 129 73 116 143 107 67 122 114 20 18 125 123 138 189 197 52 137 175 183 41 132 161 130 126 46 33 176 180 142 181 119 145 151 34 146 173 110 35 64 177 58 150 9 147 156 16 165 149 111 191 131 187 144 178 117 163 112 121 115 8 140 43 160 167 60 127 109 171 80 190 182 113 164 185 186 77 44 2 188 193 141 192 184 28 148 152 158 159 166 169 170 172 50 1 48 196 195 19
