8 8 173 171 149 135 109 58 77 112 111 49 1 2 5 6 26 32 47 53 20 28 41 74 80 31 62 35 56 9 52 13 17 23 30 36 39 65 68 72 104 51 21 61 60 27 0 4 12 14 24 42 57 69 75 76 34 48 15 25 37 38 46 73 16 10 19 3 22 59 63 66 71 54 50 7 11 29 70 67 44 79 81 82 87 88 89 90 91 92 93 94 96 100 33 55 43 85 98 97 40 99 45 78 95 102 127 64 142 177 86 101 84 129 134 175 18 183 106 150 122 117 103 105 180 136 139 125 144 120 132 128 118 153 107 178 137 133 124 154 83 130 179 131 143 126 165 161 138 113 116 108 123 146 196 147
9 9 110 150 161 131 58 137 134 122 120 111 124 49 1 28 80 31 52 104 5 6 26 32 47 53 20 74 35 41 8 62 21 56 23 30 68 13 17 36 39 65 72 27 43 55 51 22 59 63 66 71 50 77 44 34 61 67 15 25 37 64 38 45 54 3 2 10 16 46 73 40 60 0 4 12 14 24 42 57 69 75 76 48 78 70 112 18 29 126 19 102 33 7 11 107 146 103 105 98 135 99 97 117 153 128 129 133 106 132 180 149 109 79 81 82 87 88 89 90 91 92 93 94 96 100 142 139 127 86 165 177 85 101 118 140 83 108 138 125 136 95 84 175 154 151 116 123 143 179 178 145 130 194 176 183 119 181 191 173 189 197 174 144 187 192 182 157 147 113 156
10 10 174 130 143 118 128 132 134 122 86 67 112 111 55 124 104 85 1 2 52 117 73 60 16 48 0 4 12 14 24 42 57 69 75 76 46 27 35 95 70 74 99 65 72 43 62 68 98 97 41 50 33 77 22 59 63 66 71 5 6 7 11 26 29 32 47 53 20 8 44 79 81 82 87 88 89 90 91 92 93 94 96 100 49 21 13 23 30 56 51 107 31 45 17 36 39 58 9 120 78 15 61 34 28 64 25 37 38 3 135 54 137 19 133 101 40 109 139 123 175 18 138 80 136 102 146 150 142 165 129 154 140 103 105 126 116 131 125 163 84 177 106 153 178 149 183 161 127 83 144 108 141 180 168 181 191 113 189 197 156 173 151 196 182 160 167 192 187 119 171 176 179
16 16 153 137 67 124 107 1 2 52 117 46 48 0 4 12 14 24 42 57 69 75 76 60 73 27 10 70 20 41 43 44 50 77 98 22 59 63 66 71 35 5 6 7 11 26 29 32 47 53 97 33 74 79 81 82 87 88 89 90 91 92 93 94 96 100 99 65 72 8 62 55 56 23 30 68 21 51 45 58 13 17 36 39 49 95 78 85 28 9 34 15 25 37 61 38 31 64 54 3 101 40 108 18 80 151 161 102 180 19 194 125 86 136 103 105 120 126 118 138 129 145 132 134 157 123 111 112 149 135 175 122 104 116 109 127 143 133 83 146 128 144 139 178 181 84 121 142 119 140 130 177 131 165 160 167 163 150 154 187 174 176 113 182 184 156 171 106 168 147 141
18 18 83 45 64 103 105 101 109 107 95 1 54 31 117 44 50 22 59 63 66 71 77 43 55 67 131 188 193 9 62 118 49 28 48 60 0 4 12 14 24 42 57 69 75 76 52 16 2 73 46 112 111 10 8 20 61 5 6 7 11 26 29 32 47 53 70 58 74 41 33 35 19 56 27 51 13 17 23 30 36 39 65 68 72 85 21 97 34 104 86 142 15 25 37 98 78 38 99 129 79 81 82 87 88 89 90 91 92 93 94 96 100 3 183 130 124 80 136 134 132 126 40 84 125 106 128 138 122 139 133 120 145 108 102 127 144 137 177 123 135 175 153 143 121 119 140
20 20 153 58 1 2 5 6 26 32 47 53 28 41 80 74 62 56 8 35 13 17 23 30 36 39 65 68 72 9 117 104 31 51 61 48 0 4 12 14 24 42 57 69 75 76 21 60 15 25 37 46 27 38 34 16 73 19 3 10 54 7 11 29 70 50 22 59 63 66 71 79 81 82 87 88 89 90 91 92 93 94 96 100 77 44 98 97 67 33 85 99 43 40 55 78 45 49 102 95 52 64 86 84 101 124 18 103 105 132 112 122 136 118 128 134 120 137 133 107 129 157 106 111 151 109 139 175 83 143 108 161 126 135 142 125 149 194 138 127 156 131 177 150 130 180 146 116 178 110 144 171
21 21 19 176 156 138 177 139 133 128 118 84 132 58 86 122 13 23 30 68 120 85 70 55 124 15 3 107 49 1 9 61 2 74 5 6 26 32 47 53 28 56 62 20 80 41 40 54 8 104 31 52 27 17 36 39 65 72 35 51 38 10 0 4 12 14 24 42 57 69 75 76 25 37 48 34 16 60 46 73 99 43 95 97 22 59 63 66 71 78 77 44 50 33 98 7 11 29 67 79 81 82 87 88 89 90 91 92 93 94 96 100 135 45 64 102 111 101 134 137 117 109 146 18 154 136 140 103 105 123 129 143 112 142 126 175 150 180 116 141 113 149 161 163 164 173 153 119 108 131 83 125 130 144 106 178 127 181 174
27 27 61 181 156 180 138 139 129 133 136 118 132 153 109 58 134 122 120 17 36 65 72 55 7 111 124 51 95 78 15 25 37 73 107 3 16 1 2 74 10 20 5 6 26 32 47 53 104 62 35 41 56 28 19 8 9 80 54 40 31 21 38 33 52 13 23 30 39 68 117 46 48 0 4 12 14 24 42 57 69 75 76 60 99 34 49 43 97 67 98 77 44 50 11 29 70 22 59 63 66 71 79 81 82 87 88 89 90 91 92 93 94 96 100 135 137 84 85 45 64 128 102 101 142 112 125 149 140 143 126 18 154 177 130 146 175 161 144 103 105 150 183 108 123 165 116 131 106 151 163 127 119 141 179 86 155 162 83 145 173 157 194 178 174 176 168
28 28 58 1 80 9 117 31 5 6 26 32 47 53 20 104 74 41 65 72 62 56 8 35 23 30 68 13 17 36 39 21 51 50 22 59 63 66 71 77 44 15 25 37 34 38 27 67 43 61 3 55 45 54 2 49 40 48 60 0 4 12 14 24 42 57 69 75 76 73 78 46 70 16 52 102 10 7 11 29 33 19 64 18 98 85 97 79 81 82 87 88 89 90 91 92 93 94 96 100 99 95 101 86 124 132 84 153 118 134 112 128 122 103 105 83 107 137 129 106 139 175 111 136 120 135 109 133 142 127 156 126 177 131 149 161 108 116 110 125 138 146 143 144 178 171 130 150 157 168 151 165 147 140 113 163 154
31 31 183 177 175 135 142 129 128 106 132 58 127 112 134 111 124 104 1 9 28 80 52 8 41 5 6 26 32 47 53 117 35 74 20 18 65 72 56 49 62 23 30 68 21 109 34 27 43 13 17 36 39 45 55 51 67 64 77 50 38 44 22 59 63 66 71 15 25 37 61 10 113 3 2 40 107 46 60 139 16 48 0 4 12 14 24 42 57 69 75 76 78 11 73 83 54 118 70 137 29 33 120 19 102 138 131 122 7 115 95 103 105 116 85 144 97 123 126 86 171 164 173 150 79 81 82 87 88 89 90 91 92 93 94 96 100 136 165 101 125 154 161 153 133 110 149 84 146 163 130 187 143 180 99 147 182 108 140 178 114 191 179 141 176 181 195 156 98 174 196 189 197 192 160 167 157 151
33 33 51 185 186 184 129 55 124 1 2 61 52 117 58 48 0 4 12 14 24 42 57 69 75 76 60 16 73 46 27 65 72 10 50 98 22 59 63 66 71 77 5 6 7 11 26 29 32 47 53 70 97 20 41 78 79 81 82 87 88 89 90 91 92 93 94 96 100 74 44 67 35 99 43 8 62 56 85 95 45 13 17 23 30 36 39 68 49 21 19 80 28 34 15 25 37 31 38 9 64 3 54 101 40 86 18 102 84 122 116 103 105 120 109 132 135 136 128 133 118 143 107 137 146 111 112 83 142 138 126 175 168 153 106 139 134 123 181 178 108 174 161 144 104 127 130 149 176 177 131 125 156 163 165 151 180 113 160 167
34 34 54 61 11 62 58 109 78 17 36 65 72 40 38 7 111 51 15 25 37 19 3 56 64 1 2 5 6 26 32 47 53 80 28 20 8 41 74 31 35 9 52 13 23 30 39 68 104 21 85 0 4 12 14 24 42 57 69 75 76 48 60 27 84 46 73 16 86 10 103 105 101 29 70 22 59 63 66 71 77 79 81 82 87 88 89 90 91 92 93 94 96 100 50 67 33 44 97 98 55 43 99 45 49 102 95 18 124 117 122 112 118 137 177 175 136 128 183 153 129 142 107 131 106 120 139 133 132 127 134 135 83 150 154 143 180 126 165 125
35 35 143 126 133 128 132 137 58 122 86 67 112 124 1 2 5 6 26 32 47 53 74 20 28 41 80 8 9 62 56 13 23 30 68 52 31 17 36 39 65 72 104 117 51 27 73 10 15 16 61 60 46 48 0 4 12 14 24 42 57 69 75 76 25 37 34 21 38 3 99 70 95 43 54 98 77 50 97 22 59 63 66 71 7 11 29 33 44 79 81 82 87 88 89 90 91 92 93 94 96 100 85 55 40 49 78 45 120 102 64 19 107 118 101 134 136 111 18 138 135 109 106 140 146 161 103 105 123 139 84 154 127 177 130 163 150 142 151 108 129 178 175 183 180 131 145 149 116 83 144 141 125 181 174 156 176 194 153 113 165 191 171 110
41 41 175 106 153 58 127 112 124 1 2 20 5 6 26 32 47 53 28 74 80 8 35 62 52 56 31 9 13 17 23 30 36 39 65 68 72 117 104 51 21 61 60 46 27 48 0 4 12 14 24 42 57 69 75 76 16 15 25 37 34 38 73 10 19 3 67 98 77 54 50 97 7 11 29 70 22 59 63 66 71 33 79 81 82 87 88 89 90 91 92 93 94 96 100 43 44 49 85 55 99 40 78 95 45 102 64 86 101 84 115 122 18 109 108 136 113 161 132 149 128 111 116 142 103 105 120 133 118 144 143 137 151 129 107 134 187 135 157 182 139 147 183 114 110 126 131 177 180 164 125 191 83 146 171 178 150 154 130 123 194 176 181 156 195 174 138 165 196 163 160 167 140
43 43 125 132 127 137 134 107 1 52 117 44 50 22 59 63 66 71 77 67 55 49 45 46 16 9 60 28 48 31 10 0 4 12 14 24 42 57 69 75 76 73 35 70 41 20 33 8 5 6 7 11 26 29 32 47 53 74 111 21 65 72 109 62 56 27 23 30 68 58 18 51 13 17 36 39 149 126 2 135 131 118 64 34 120 112 15 25 37 38 61 108 144 54 3 163 101 124 161 177 129 141 151 165 140 153 180 78 147 40 145 80 113 139 133 85 98 97 95 164 171 83 115 175 102 142 79 81 82 87 88 89 90 91 92 93 94 96 100 122 19 178 103 105 195 194 121 104 187 119 128 182 189 197 173 123 130 150 160 167 116 146 138 136 99 106 157 154 168 156 110 184 183 84 143 86 190
44 44 107 1 117 50 22 59 63 66 71 77 43 64 67 45 55 49 28 48 60 0 4 12 14 24 42 57 69 75 76 16 73 46 18 29 52 11 9 10 31 70 20 5 6 7 26 32 47 53 33 74 41 65 72 35 56 62 8 23 30 68 103 105 58 51 21 13 17 36 39 2 27 34 38 15 25 37 61 101 3 83 40 78 54 80 85 97 98 99 102 95 19 79 81 82 87 88 89 90 91 92 93 94 96 100 124 122 121 131 119 153 136 106 123 127 140 109 130 108 134 129 144 125 118 137 138 132 139 104 126 128 142 116 175 146 135 178 112 111 161 141 145 168 149 157 147 120 156 151 150 84 110 163 160 167 165 171 143 177 113 86 115 164 155 162 114 133 154 148 152 158 159 166 169 170 172
46 46 178 106 153 132 137 1 2 0 4 12 14 24 42 57 69 75 76 16 48 60 73 10 70 20 41 77 5 6 7 11 26 29 32 47 53 43 22 59 63 66 71 79 81 82 87 88 89 90 91 92 93 94 96 100 50 67 35 98 99 74 44 65 72 33 97 8 62 56 23 30 68 49 51 55 13 17 36 39 58 21 45 78 27 85 95 15 25 37 34 28 38 61 31 9 52 64 54 3 101 40 108 18 80 102 115 19 194 151 113 103 105 109 161 122 180 129 112 118 134 111 86 136 107 182 157 177 120 83 124 165 163 114 146 117 141 133 110 84 175 143 104 126 128 149 145 116 127 125 142 135 139 138 131
48 48 1 2 117 0 4 12 14 24 42 57 69 75 76 60 73 46 16 70 10 5 6 7 11 26 29 32 47 53 50 20 22 59 63 66 71 79 81 82 87 88 89 90 91 92 93 94 96 100 77 44 98 97 74 67 41 33 65 72 62 56 8 35 99 23 30 68 43 51 55 13 17 36 39 45 58 78 21 85 95 49 28 15 25 37 27 38 34 61 64 54 3 52 9 31 101 40 104 18 102 80 19 103 105 86 124 132 122 112 136 153 83 118 129 134 137 84 133 107 128 143 120 109 142 130 126 135 111 139 175 125 131 178 106 116 108 156 138 161 127 140 149 146 144 154 150 168 157 177 151 147 171 165 163
49 49 157 147 179 108 144 146 131 139 177 175 142 118 129 153 106 132 127 134 104 1 9 52 8 117 21 43 111 55 77 67 50 31 22 59 63 66 71 44 109 135 107 45 46 28 10 41 16 60 113 48 0 4 12 14 24 42 57 69 75 76 73 27 20 35 112 74 116 120 70 137 5 6 26 32 47 53 33 65 72 115 62 56 7 11 29 23 30 68 51 126 180 13 17 36 39 2 171 18 64 128 122 149 164 34 124 173 95 125 15 25 37 61 38 161 54 3 151 110 101 165 136 163 85 78 40 178 19 133 97 58 114 140 138 191 102 79 81 82 87 88 89 90 91 92 93 94 96 100 86 83 103 105 141 194 150 182 187 183 195 130 80 123 189 197 143 154 160 167 99 84 119 156 168 98 184 121
50 50 1 117 22 59 63 66 71 44 77 67 43 45 55 28 48 49 0 4 12 14 24 42 57 69 75 76 60 73 46 16 70 9 10 31 52 20 5 6 7 11 26 29 32 47 53 74 41 33 65 72 62 56 35 8 23 30 68 51 58 13 17 36 39 18 21 2 27 64 15 25 37 34 38 61 54 3 101 78 40 104 98 80 97 102 99 83 95 79 81 82 87 88 89 90 91 92 93 94 96 100 85 19 103 105 132 153 134 86 129 118 112 137 107 122 124 116 109 175 142 120 108 178 126 131 135 125 144 146 111 136 128 127 139 157 106 156 161 151 147 163 165 84 110 149 177 113 171 140 143 150 130 133 138 154 123 115 119 164 148 152 158 159 166 169 170 172 114 121 155 160 162 167 168
52 52 190 184 160 167 163 165 151 116 161 144 113 180 108 146 177 175 149 142 126 135 178 129 153 136 118 109 127 106 112 134 122 80 77 120 111 43 124 104 95 49 107 1 60 16 9 10 31 41 33 8 137 35 117 55 67 21 27 34 44 50 22 59 63 66 71 132 73 46 45 74 28 125 133 48 0 4 12 14 24 42 57 69 75 76 128 20 131 51 150 183 5 6 26 32 47 53 139 115 70 65 72 62 138 56 23 30 68 7 11 29 13 17 36 39 130 61 18 64 143 15 25 37 54 38 58 182 171 154 164 3 173 140 40 101 97 123 191 99 19 157 78 179 85 147 110 187 98 102 119 2 145 83 103 105 194 155 162 114 86 174 176 195 181 84 196 189 197 156 121 141 79 81 82 87 88 89 90 91 92 93 94 96 100 192
55 55 168 116 129 109 122 134 120 124 104 107 1 10 33 117 21 27 43 44 50 22 59 63 66 71 77 67 49 52 45 9 31 48 60 24 42 57 69 75 76 28 16 46 73 0 4 12 14 51 70 41 26 32 47 53 74 35 65 72 8 29 137 62 135 20 5 6 56 23 30 68 133 7 11 128 36 39 112 142 18 136 146 34 138 13 17 61 111 25 37 139 64 38 140 132 126 106 15 143 54 95 118 144 130 3 101 150 40 119 19 78 2 131 123 125 153 102 165 180 149 161 83 154 174 85 103 105 176 177 181 58 121 156 178 98 191 189 197 127 173 183 108 99 84 86 187 151 113 79 81 82 87 88 89 90 91 92 93 94 96 100 182 175 97 163 110 157 184 171 147 160 167 141 80 145 155 162 115 114
60 60 112 1 2 52 117 48 0 4 12 14 24 42 57 69 75 76 73 46 16 10 70 50 5 6 7 11 26 29 32 47 53 77 20 22 59 63 66 71 41 79 81 82 87 88 89 90 91 92 93 94 96 100 74 44 98 33 67 97 8 35 65 72 62 43 56 99 23 30 68 55 51 13 17 36 39 45 58 21 78 95 49 85 27 28 15 25 37 34 38 61 64 31 54 3 9 101 40 104 18 80 102 19 124 103 105 132 86 136 153 118 161 126 83 109 111 128 142 120 130 154 129 150 84 133 143 178 135 175 138 177 196 131 139 160 167 125 134 113 165 163 137 106 151 116 156 146 108 144 149 107 183 127 180 184 171 140 122 157 168 147
64 64 103 105 101 18 83 29 54 45 188 193 131 118 11 44 62 112 111 34 38 9 1 40 2 31 61 117 19 60 48 0 4 12 14 24 42 57 69 75 76 58 73 46 16 95 10 50 74 22 59 63 66 71 5 6 7 26 32 47 53 70 20 77 109 41 79 81 82 87 88 89 90 91 92 93 94 96 100 8 67 98 97 33 35 43 49 99 55 51 13 17 23 30 36 39 56 65 68 72 107 52 21 27 86 104 28 84 15 25 37 80 85 3 124 78 102 122 175 134 106 126 150 127 137 133 135 128 130 183 154 161 142 139 136 177 120 132 125 153 129
67 67 178 175 136 16 1 10 35 77 22 59 63 66 71 50 44 43 55 45 73 49 0 4 12 14 24 42 57 69 75 76 48 46 60 28 52 74 31 70 65 72 9 62 41 68 5 6 7 11 26 29 32 47 53 20 8 33 56 23 30 51 21 13 17 36 39 27 58 18 61 34 15 25 37 115 64 38 54 3 101 112 40 146 118 78 165 102 80 117 182 191 83 19 113 155 162 103 105 124 134 133 153 111 109 132 95 143 137 104 85 106 129 122 127 128 2 126 107 177 142 97 99 84 120 174 135 130 131 139 86 161 108 116
73 73 143 136 122 86 1 2 117 48 0 4 12 14 24 42 57 69 75 76 60 16 46 10 27 70 67 97 74 35 5 6 7 11 26 29 32 47 53 50 20 22 59 63 66 71 79 81 82 87 88 89 90 91 92 93 94 96 100 99 77 44 98 33 41 95 65 72 62 56 8 43 13 23 30 68 55 51 21 58 17 36 39 85 45 78 15 49 28 25 37 61 34 38 3 64 9 54 31 52 101 40 104 18 19 80 102 107 120 124 112 103 105 132 129 133 118 155 162 153 134 128 83 84 138 111 150 140 146 139 130 126 149 109 125 106 175 142 131 191 135 178 108 154 161 137 116 144 127 156 171 177
74 74 118 136 58 122 112 124 85 2 1 5 6 26 32 47 53 20 28 41 80 35 62 8 56 23 30 68 9 31 21 13 17 36 39 65 72 104 117 51 27 61 60 73 48 0 4 12 14 24 42 57 69 75 76 15 25 37 34 38 16 46 10 70 97 3 54 98 99 67 7 11 29 79 81 82 87 88 89 90 91 92 93 94 96 100 50 33 22 59 63 66 71 77 44 40 95 55 43 49 78 45 19 102 64 52 101 133 86 18 120 153 134 84 103 105 137 107 129 135 111 109 106 143 128 130 150 139 146 154 127 155 162 142 178 175 183 138 140 83 131 176 156 116 181 123 177 149 174 125 161 132 108 191 126 110 144 196 171 182
77 77 178 1 8 52 117 50 22 59 63 66 71 67 44 43 55 45 49 46 60 28 48 0 4 12 14 24 42 57 69 75 76 16 73 9 74 10 31 70 65 72 62 68 20 5 6 7 11 26 29 32 47 53 41 33 35 56 23 30 51 13 17 36 39 18 2 21 58 27 34 64 61 15 25 37 38 54 165 3 146 101 113 78 40 115 104 98 80 97 99 95 182 112 102 83 79 81 82 87 88 89 90 91 92 93 94 96 100 85 134 19 132 103 105 107 124 175 149 122 127 106 137 86 135 160 167 171 163 128 177 151 109 120 131 136 144 161 125 108 116 139 142 126 111 168 138 157 150 156 147 110 153 130 129 180 118 84 143 133 140 123 190 119 164 121 184 154 114 155 162 173 148 152 158 159 166 169 170 172
80 80 58 52 104 28 9 31 5 6 26 32 47 53 20 41 74 65 72 8 62 56 35 23 30 68 13 17 36 39 21 34 15 25 37 51 38 27 3 61 54 40 78 2 102 19 33 7 11 85 98 95 70 79 81 82 87 88 89 90 91 92 93 94 96 100 97 10 99 16 60 124 84 86 73 118 0 4 12 14 24 42 57 69 75 76 48 153 46 106 112 122 136 175 134 64 128 120 177 29 117 111 49 139 129 107 133 127 135 109 161 132 142 180 55 126 137 77 149 146 144 108 116 165 101 113 190 43 178 1 138 184 160 167 163 151
85 85 19 154 133 84 86 122 97 120 70 104 95 107 68 13 23 30 2 10 21 15 74 3 40 54 61 98 79 81 82 87 88 89 90 91 92 93 94 96 100 99 58 62 65 72 1 73 0 4 12 14 24 42 57 69 75 76 48 60 16 56 46 35 9 136 28 38 5 6 7 11 26 29 32 47 53 20 31 41 33 27 8 51 80 78 17 36 39 44 67 124 112 43 64 130 140 22 59 63 66 71 50 143 49 134 77 118 128 25 37 34 45 101 138 117 18 126 142 111 55 137 129 146 150 119 135 145 102 125 132 52 103 105 153 109 139 131 191 123 127 106 83 149 161 183 144 177 121 108 180 179 141 156
86 86 19 84 128 85 107 95 73 70 10 68 13 23 30 35 21 117 15 3 40 54 61 58 78 34 38 56 143 62 122 138 17 36 65 72 11 123 51 130 7 31 25 37 74 28 139 2 135 80 124 20 126 41 5 6 26 32 47 53 9 8 136 104 133 125 112 111 132 1 134 16 145 142 39 120 129 64 154 48 60 137 121 118 119 98 49 0 4 12 14 24 42 57 69 75 76 97 46 140 27 108 131 52 144 156 50 77 99 55 33 79 81 82 87 88 89 90 91 92 93 94 96 100 29 179 141 183 18 22 59 63 66 71 45 174 101 153 102 106 109 44 103 105 177 150 116 146 127 43 176 171 149 161 165 67 163 110 151 155 162 157 113
95 95 145 179 130 183 143 125 138 126 142 136 133 129 134 97 122 86 112 124 104 85 2 52 117 18 27 107 99 98 120 79 81 82 87 88 89 90 91 92 93 94 96 100 10 73 111 35 60 16 137 109 83 48 135 0 4 12 14 24 42 57 69 75 76 74 46 70 21 33 65 72 68 41 62 128 8 20 5 6 7 11 26 29 32 47 53 140 1 13 23 30 56 113 45 58 64 51 61 131 19 78 17 36 39 15 49 55 149 154 38 31 116 153 54 34 3 25 37 139 28 146 40 118 132 101 77 44 150 43 50 165 155 162 123 80 171 22 59 63 66 71 161 103 105 84 102 9 106 180 108 177 181 144 189 197 174 175 67 119 178 191 173 127 151 196 160 167 163 182 187 176 121 156 157
97 97 136 124 95 85 2 117 99 98 79 81 82 87 88 89 90 91 92 93 94 96 100 73 48 0 4 12 14 24 42 57 69 75 76 16 60 46 10 74 70 20 41 33 5 6 7 11 26 29 32 47 53 35 65 72 62 56 8 13 23 30 68 27 51 21 78 17 36 39 1 58 38 15 61 25 37 34 3 133 54 40 64 28 9 101 129 155 162 19 138 44 50 120 77 104 86 43 102 22 59 63 66 71 107 80 49 143 45 130 31 122 18 123 154 146 126 125 116 142 103 105 134 132 118 52 112 128 140 135 145 187 174 181 176 84 153 182 179 137 67 139 183 109 156 149 55 83 171 111 119 161 131 150 157 151 163 110 121 108 144 106 165 160 167 147
98 98 124 104 2 117 97 79 81 82 87 88 89 90 91 92 93 94 96 100 99 95 85 48 0 4 12 14 24 42 57 69 75 76 60 16 73 46 74 10 65 72 70 62 20 41 68 33 5 6 7 11 26 29 32 47 53 35 56 8 23 30 51 78 13 17 36 39 21 1 58 27 38 61 15 25 37 34 54 3 40 64 28 9 101 50 44 77 67 43 102 22 59 63 66 71 138 80 128 45 123 153 19 116 146 86 143 18 120 136 174 132 135 103 105 139 122 55 107 187 181 176 129 118 182 130 137 126 140 154 111 112 156 133 125 134 109 49 142 31 131 84 52 150 171 149 108 110 161 151 119 157 83 144 163 155 162 168 121 106 160 167 114 148 152 158 159 166 169 170 172 165
99 99 140 133 136 128 132 124 2 117 97 98 79 81 82 87 88 89 90 91 92 93 94 96 100 95 85 73 46 48 10 16 0 4 12 14 24 42 57 69 75 76 60 35 74 70 20 33 41 5 6 7 11 26 29 32 47 53 21 27 65 72 62 56 8 23 30 68 107 120 51 78 13 17 36 39 1 58 38 61 122 15 25 37 34 123 118 134 54 138 40 3 64 9 28 101 129 155 162 104 154 111 135 44 50 77 163 139 19 137 102 22 59 63 66 71 80 141 45 146 52 177 18 109 86 31 116 126 130 103 105 43 125 142 67 187 174 181 176 182 143 153 156 84 131 119 49 149 150 108 144 161 112 55 165 121 171 106 151 83 110
104 104 139 118 136 128 153 106 58 98 134 120 55 124 95 107 49 85 10 31 80 52 117 28 9 74 20 41 5 6 26 32 47 53 8 35 27 65 72 62 21 56 13 23 30 68 17 36 39 135 133 15 51 34 25 37 38 129 3 61 138 108 111 54 122 40 125 126 137 132 116 143 112 142 123 146 19 161 78 102 180 175 109 131 157 144 154 130 99 119 151 97 149 150 165 140 2 86 7 16 155 162 73 113 67 127 114 11 177 110 179 183 115 70 145 174 43 60 194 84 46 1 168 64 77 147 121 48 181 176 33 189 197 173 163 0 4 12 14 24 42 57 69 75 76 160 167 156 187 79 81 82 87 88 89 90 91 92 93 94 96 100 50 182 171 178 18 29 141 45 101 22 59 63 66 71 103 105 44
