3 1.0 0.8571428571428572 0.7894736842105263 0.6799999999999999 0.6774193548387095 0.6315789473684209 0.5599999999999998 0.5806451612903224 0.5820895522388058 0.5263157894736841 0.511627906976744 0.5053763440860213 0.42056074766355106 0.37704918032786844 0.3333333333333329 0.33333333333333287 0.33333333333333287 0.3286713286713282 0.34615384615384565 0.30177514792899357 0.3005464480874316 0.3033707865168538 0.28915662650602386 0.3246753246753244 0.3571428571428568 0.37984496124030975 0.3999999999999995 0.4017094017094012 0.42105263157894685 0.4174757281553392 0.3894736842105254 0.36363636363636254
4 1.0 0.8333333333333334 0.7 0.7241379310344827 0.6097560975609754 0.49999999999999967 0.5806451612903223 0.5882352941176467 0.5890410958904106 0.5764705882352938 0.5555555555555551 0.5483870967741932 0.5596330275229354 0.5294117647058819 0.5151515151515147 0.45205479452054764 0.3913043478260868 0.37724550898203574 0.34482758620689635 0.314917127071823 0.3142857142857143 0.3255813953488372 0.37888198757763975 0.37179487179487175 0.4054054054054054 0.41605839416058393 0.40322580645161277 0.40869565217391274 0.40740740740740705 0.35416666666666596 0.3626373626373619 0.3636363636363628
6 1.0 0.8666666666666667 0.7000000000000002 0.7241379310344828 0.7297297297297297 0.6734693877551019 0.7049180327868851 0.6712328767123286 0.6590909090909088 0.6237623762376235 0.5438596491228067 0.4843749999999997 0.4626865671641788 0.4428571428571425 0.41095890410958863 0.38562091503267937 0.3374233128834352 0.3072625698324018 0.2896174863387975 0.31428571428571395 0.3452380952380949 0.36196319018404877 0.3959731543624157 0.3999999999999995 0.4222222222222218 0.4374999999999995 0.4214876033057845 0.4137931034482752 0.41592920353982227 0.41176470588235203 0.36263736263736146 0.3636363636363623
7 1.0 0.8461538461538461 0.7894736842105262 0.7037037037037036 0.7222222222222221 0.6249999999999997 0.5185185185185182 0.5714285714285712 0.5789473684210523 0.5730337078651684 0.5744680851063827 0.5471698113207545 0.5254237288135591 0.45864661654135314 0.39860139860139826 0.3896103896103893 0.37106918238993675 0.31791907514450823 0.33701657458563533 0.34482758620689646 0.34911242603550285 0.3536585365853657 0.3540372670807452 0.3376623376623374 0.3846153846153843 0.40458015267175534 0.41463414634146295 0.4137931034482753 0.40186915887850394 0.4038461538461531 0.3626373626373615 0.3636363636363624
8 1.0 0.8 0.6470588235294118 0.6799999999999999 0.641025641025641 0.6 0.6078431372549019 0.5517241379310344 0.5312499999999999 0.5384615384615383 0.5294117647058822 0.47999999999999976 0.42857142857142827 0.39344262295081933 0.38805970149253693 0.3868613138686128 0.34246575342465707 0.33774834437086043 0.33742331288343513 0.325443786982248 0.3409090909090905 0.34090909090909066 0.36196319018404877 0.3947368421052628 0.41666666666666624 0.4326241134751769 0.42187499999999944 0.4358974358974353 0.4095238095238087 0.3749999999999988 0.3763440860215041 0.3636363636363622
11 1.0 0.8571428571428572 0.7 0.6296296296296294 0.5384615384615381 0.5925925925925923 0.5666666666666664 0.5362318840579707 0.5405405405405402 0.5249999999999996 0.49999999999999967 0.4949494949494946 0.4642857142857139 0.4453781512605038 0.39534883720930186 0.3146853146853142 0.29729729729729676 0.27499999999999947 0.27272727272727215 0.2707182320441983 0.3063583815028899 0.3176470588235291 0.30909090909090875 0.33766233766233733 0.3617021276595741 0.3798449612403097 0.4067796610169487 0.4086956521739125 0.4107142857142851 0.4038461538461531 0.38947368421052536 0.3636363636363624
12 1.0 0.888888888888889 0.8518518518518517 0.7714285714285712 0.6190476190476187 0.49999999999999967 0.5555555555555554 0.5199999999999998 0.5058823529411762 0.46938775510204056 0.42857142857142827 0.38983050847457595 0.38931297709923635 0.3722627737226274 0.36619718309859123 0.34228187919463055 0.30434782608695615 0.28571428571428537 0.28654970760233883 0.2727272727272723 0.29545454545454514 0.29824561403508737 0.28915662650602375 0.3290322580645157 0.3421052631578943 0.3714285714285709 0.39393939393939337 0.42148760330578444 0.4018691588785037 0.39999999999999897 0.40206185567010194 0.3636363636363621
14 1.0 0.7500000000000001 0.7000000000000002 0.6875 0.7083333333333333 0.6666666666666666 0.657142857142857 0.6578947368421051 0.6235294117647057 0.5918367346938774 0.5575221238938052 0.5333333333333331 0.5156249999999998 0.4820143884892084 0.4533333333333332 0.4451612903225805 0.41317365269461076 0.375 0.3595505617977532 0.3450292397660822 0.31645569620253183 0.3333333333333335 0.3478260869565219 0.36923076923076936 0.37096774193548393 0.371900826446281 0.37288135593220334 0.35714285714285693 0.35238095238095213 0.3673469387755099 0.37634408602150504 0.3636363636363632
15 1.0 0.7500000000000001 0.7000000000000002 0.6875 0.7073170731707316 0.6842105263157894 0.6521739130434782 0.6543209876543208 0.6404494382022469 0.5882352941176469 0.5726495726495724 0.5076923076923074 0.45833333333333326 0.4025974025974025 0.3788819875776397 0.3532934131736526 0.329479768786127 0.307262569832402 0.28961748633879786 0.32558139534883723 0.34146341463414637 0.35403726708074534 0.36 0.3676470588235293 0.354330708661417 0.3833333333333331 0.40869565217391274 0.38888888888888845 0.39805825242718396 0.37499999999999933 0.3626373626373618 0.3636363636363627
16 1.0 0.8461538461538461 0.8095238095238096 0.7419354838709677 0.6956521739130436 0.6333333333333333 0.6 0.5555555555555555 0.5384615384615382 0.5238095238095235 0.4831460674157301 0.42574257425742545 0.4074074074074071 0.38053097345132714 0.3919999999999997 0.3582089552238803 0.3287671232876709 0.29559748427672916 0.27272727272727226 0.27380952380952334 0.2717391304347823 0.3176470588235291 0.3212121212121209 0.34210526315789436 0.3422818791946305 0.37681159420289806 0.39682539682539625 0.40677966101694846 0.4234234234234227 0.42592592592592515 0.41414141414141314 0.3636363636363622
18 1.0 0.8823529411764707 0.8181818181818183 0.7857142857142857 0.7777777777777777 0.7446808510638296 0.7037037037037035 0.6190476190476187 0.5999999999999996 0.5308641975308639 0.48453608247422647 0.47058823529411725 0.4871794871794868 0.42635658914728636 0.3802816901408446 0.37414965986394516 0.35999999999999954 0.3589743589743585 0.35294117647058776 0.322404371584699 0.3485714285714284 0.38095238095238076 0.37179487179487153 0.3741496598639452 0.39007092198581517 0.40740740740740694 0.3906249999999994 0.37931034482758547 0.40540540540540465 0.39805825242718357 0.36263736263736135 0.36363636363636226
20 1.0 0.8666666666666667 0.8181818181818181 0.7058823529411763 0.6818181818181815 0.5999999999999998 0.6129032258064514 0.573333333333333 0.5280898876404491 0.5428571428571426 0.4867256637168138 0.46218487394957947 0.4559999999999996 0.3857142857142853 0.3846153846153842 0.3419354838709672 0.31249999999999944 0.2934131736526941 0.2777777777777773 0.32183908045977 0.32544378698224835 0.3540372670807452 0.3717948717948717 0.37748344370860915 0.3611111111111109 0.3787878787878785 0.3983739837398371 0.4137931034482755 0.409523809523809 0.41176470588235237 0.3626373626373618 0.3636363636363627
22 1.0 0.9090909090909091 0.857142857142857 0.7575757575757573 0.6923076923076921 0.652173913043478 0.6538461538461536 0.6562499999999999 0.6363636363636361 0.5632183908045975 0.535353535353535 0.5094339622641506 0.4918032786885243 0.4776119402985072 0.4714285714285711 0.4189189189189185 0.42483660130718914 0.3532934131736523 0.34806629834254105 0.34782608695652173 0.32571428571428557 0.3536585365853657 0.3584905660377357 0.3918918918918917 0.3846153846153844 0.3999999999999997 0.4015748031496059 0.40869565217391257 0.4107142857142852 0.4038461538461532 0.38947368421052536 0.3636363636363624
23 1.0 0.875 0.7777777777777776 0.6842105263157892 0.6296296296296292 0.5454545454545451 0.459459459459459 0.3863636363636359 0.38461538461538414 0.34615384615384565 0.32710280373831724 0.3451327433628313 0.3333333333333328 0.3282442748091598 0.3006993006993002 0.29729729729729676 0.3037974683544298 0.3053892215568857 0.29885057471264315 0.3072625698324017 0.3218390804597699 0.3499999999999997 0.3648648648648645 0.3802816901408446 0.3925925925925921 0.39534883720930175 0.393442622950819 0.41176470588235226 0.4159292035398222 0.42592592592592504 0.419999999999999 0.36363636363636215
25 1.0 0.875 0.8333333333333333 0.7714285714285712 0.6818181818181815 0.6071428571428569 0.6176470588235291 0.5365853658536582 0.5624999999999997 0.5370370370370368 0.5333333333333331 0.496062992125984 0.43478260869565183 0.3774834437086089 0.32934131736526906 0.31395348837209264 0.3142857142857139 0.3033707865168535 0.2999999999999998 0.321212121212121 0.3205128205128202 0.3377483443708606 0.3379310344827582 0.3525179856115103 0.3731343283582085 0.39062499999999944 0.40495867768594984 0.3982300884955745 0.4150943396226407 0.393939393939393 0.3763440860215042 0.36363636363636226
26 1.0 0.875 0.7999999999999999 0.7368421052631577 0.7333333333333332 0.7199999999999999 0.6393442622950818 0.5428571428571426 0.48148148148148107 0.39784946236559093 0.41414141414141364 0.41509433962264103 0.36065573770491755 0.35820895522388013 0.3691275167785231 0.36363636363636326 0.34523809523809484 0.3333333333333329 0.3333333333333329 0.34078212290502774 0.3772455089820357 0.36363636363636337 0.3655172413793099 0.36296296296296243 0.37499999999999944 0.3821138211382108 0.38461538461538386 0.4054054054054046 0.4038461538461529 0.37499999999999883 0.3763440860215041 0.36363636363636215
27 1.0 0.9047619047619047 0.7857142857142855 0.722222222222222 0.6170212765957442 0.5172413793103443 0.444444444444444 0.41176470588235253 0.34653465346534607 0.3269230769230764 0.32710280373831724 0.33333333333333287 0.3181818181818177 0.319444444444444 0.30666666666666614 0.3032258064516124 0.31249999999999944 0.29696969696969644 0.2960893854748598 0.3114754098360654 0.3333333333333331 0.3544303797468351 0.36986301369862973 0.3706293706293702 0.3823529411764701 0.37984496124030953 0.4098360655737699 0.3805309734513267 0.388888888888888 0.399999999999999 0.3829787234042541 0.36363636363636215
28 1.0 0.9 0.793103448275862 0.6999999999999998 0.6226415094339621 0.5624999999999997 0.4871794871794868 0.41176470588235253 0.34653465346534607 0.3269230769230764 0.3333333333333328 0.3333333333333328 0.3181818181818176 0.3194444444444439 0.30666666666666614 0.30322580645161235 0.2874999999999994 0.2969696969696964 0.29608938547485975 0.32203389830508455 0.34502923976608163 0.3589743589743587 0.3698630136986298 0.37062937062937024 0.3823529411764702 0.3798449612403096 0.40983606557376995 0.38053097345132675 0.3888888888888881 0.39999999999999913 0.38297872340425426 0.3636363636363623
29 1.0 0.9130434782608695 0.8064516129032256 0.7142857142857141 0.6078431372549017 0.5172413793103445 0.5428571428571425 0.5180722891566262 0.458333333333333 0.4444444444444441 0.3934426229508193 0.33333333333333287 0.319444444444444 0.3197278911564621 0.30666666666666614 0.29032258064516075 0.27848101265822733 0.29411764705882304 0.293478260869565 0.31034482758620663 0.3090909090909087 0.31999999999999956 0.34265734265734216 0.33333333333333276 0.35338345864661597 0.35433070866141664 0.38842975206611496 0.41379310344827513 0.41818181818181727 0.41176470588235187 0.3894736842105251 0.36363636363636215
30 1.0 0.8823529411764707 0.8620689655172413 0.7777777777777777 0.7272727272727271 0.6363636363636361 0.5312499999999997 0.4615384615384611 0.4505494505494502 0.4018691588785043 0.3781512605042013 0.31818181818181773 0.30370370370370325 0.30612244897959134 0.30666666666666614 0.312101910828025 0.30232558139534843 0.28813559322033855 0.29281767955801086 0.29545454545454525 0.31707317073170704 0.3466666666666664 0.3655172413793101 0.35294117647058787 0.35338345864661613 0.3650793650793646 0.3833333333333328 0.38596491228070107 0.38317757009345715 0.3861386138613852 0.37634408602150426 0.36363636363636237
32 1.0 0.8571428571428572 0.846153846153846 0.7575757575757575 0.7073170731707314 0.6153846153846151 0.5081967213114751 0.4399999999999996 0.4090909090909087 0.40594059405940564 0.3504273504273501 0.3442622950819669 0.3279999999999996 0.31386861313868575 0.3006993006993003 0.3032258064516125 0.3136094674556209 0.31818181818181784 0.3076923076923075 0.3107344632768359 0.3454545454545452 0.33333333333333287 0.351724137931034 0.35294117647058765 0.35338345864661586 0.37007874015747955 0.3666666666666658 0.3805309734513265 0.3888888888888879 0.39215686274509687 0.395833333333332 0.36363636363636204
33 1.0 0.9047619047619047 0.846153846153846 0.8235294117647057 0.7777777777777775 0.7307692307692304 0.6393442622950816 0.6470588235294114 0.5696202531645564 0.505376344086021 0.5339805825242714 0.5178571428571423 0.49565217391304295 0.4803149606299207 0.4769230769230764 0.4558823529411759 0.39189189189189133 0.35403726708074473 0.34090909090909033 0.33333333333333276 0.3255813953488369 0.3254437869822482 0.3496932515337419 0.35099337748344317 0.35251798561151015 0.3599999999999992 0.3613445378151251 0.36283185840707854 0.3888888888888878 0.3861386138613849 0.37634408602150393 0.363636363636362
36 1.0 0.8461538461538461 0.8333333333333334 0.7777777777777777 0.7142857142857142 0.6874999999999999 0.657142857142857 0.6249999999999998 0.6363636363636361 0.6421052631578945 0.5887850467289716 0.5462184873949577 0.5156249999999997 0.4890510948905106 0.49295774647887286 0.4050632911392404 0.36470588235294094 0.3369565217391306 0.34831460674157316 0.3567251461988305 0.3619631901840491 0.368421052631579 0.36986301369863006 0.39568345323741 0.40298507462686556 0.3999999999999998 0.3644859813084107 0.3653846153846148 0.3737373737373731 0.3749999999999993 0.3626373626373618 0.3636363636363627
38 1.0 0.8823529411764707 0.826086956521739 0.818181818181818 0.7499999999999998 0.7288135593220337 0.7096774193548385 0.7027027027027025 0.6818181818181817 0.5999999999999999 0.5752212389380529 0.5193798449612403 0.4366197183098592 0.4189189189189189 0.3974358974358974 0.38650306748466257 0.38823529411764707 0.3516483516483517 0.3519553072625699 0.3529411764705882 0.341614906832298 0.3636363636363634 0.3566433566433564 0.3768115942028983 0.35483870967741893 0.3728813559322029 0.3805309734513269 0.38317757009345726 0.38461538461538386 0.3861386138613853 0.3958333333333325 0.36363636363636254
43 1.0 0.8947368421052632 0.8620689655172413 0.7894736842105261 0.7959183673469384 0.7377049180327866 0.6842105263157893 0.6551724137931032 0.6363636363636362 0.5675675675675674 0.5199999999999998 0.45985401459854003 0.41333333333333305 0.40127388535031827 0.38181818181818156 0.36842105263157865 0.3595505617977525 0.3478260869565217 0.3452380952380952 0.3333333333333332 0.3464052287581697 0.3648648648648647 0.3617021276595742 0.38805970149253705 0.36666666666666625 0.37391304347826043 0.3928571428571424 0.39449541284403616 0.384615384615384 0.3861386138613855 0.37634408602150454 0.36363636363636265
45 1.0 0.875 0.7391304347826088 0.6756756756756757 0.6521739130434783 0.6271186440677966 0.5774647887323943 0.5662650602409637 0.4897959183673467 0.4912280701754384 0.4621848739495796 0.4444444444444442 0.40579710144927505 0.39310344827586174 0.39072847682119166 0.3630573248407639 0.3580246913580242 0.3413173652694606 0.3222222222222217 0.31147540983606553 0.31073446327683607 0.2899408284023667 0.3291139240506327 0.3290322580645159 0.3566433566433564 0.3777777777777775 0.39393939393939365 0.4146341463414631 0.41071428571428525 0.40952380952380896 0.43137254901960725 0.3636363636363626
46 1.0 0.8333333333333334 0.7777777777777779 0.76 0.7142857142857142 0.5999999999999999 0.5312499999999998 0.5223880597014923 0.4999999999999997 0.4545454545454542 0.4588235294117643 0.48514851485148475 0.469026548672566 0.45599999999999963 0.4351145038167935 0.4344827586206893 0.41558441558441517 0.4124999999999996 0.36526946107784386 0.32947976878612667 0.30769230769230743 0.3450292397660816 0.37423312883435556 0.39240506329113894 0.39726027397260233 0.42446043165467584 0.4461538461538457 0.4285714285714279 0.4482758620689648 0.4230769230769222 0.36263736263736135 0.3636363636363622
49 1.0 0.7500000000000001 0.7333333333333334 0.7333333333333333 0.7391304347826085 0.719298245614035 0.6825396825396823 0.6571428571428569 0.5999999999999998 0.5999999999999998 0.5957446808510636 0.5370370370370368 0.5438596491228067 0.49206349206349176 0.47445255474452525 0.45833333333333304 0.449664429530201 0.4394904458598723 0.4268292682926826 0.39884393063583795 0.4033149171270716 0.403314917127072 0.41666666666666713 0.4451612903225814 0.4405594405594414 0.43478260869565305 0.4393939393939402 0.4237288135593228 0.39622641509434026 0.41747572815534045 0.36263736263736307 0.36363636363636404
50 1.0 0.8947368421052632 0.769230769230769 0.6129032258064514 0.6216216216216214 0.6170212765957445 0.5185185185185182 0.5238095238095235 0.5199999999999997 0.540229885057471 0.47058823529411736 0.47826086956521713 0.433070866141732 0.37142857142857105 0.3513513513513509 0.33766233766233716 0.3291925465838505 0.3257142857142853 0.30386740331491663 0.3333333333333331 0.33333333333333304 0.33742331288343524 0.3248407643312098 0.3376623376623372 0.3288590604026841 0.36170212765957394 0.3798449612403095 0.3999999999999993 0.41592920353982227 0.43636363636363557 0.41414141414141314 0.3636363636363622
52 1.0 0.7500000000000001 0.7894736842105263 0.769230769230769 0.7619047619047618 0.7192982456140348 0.7101449275362316 0.6578947368421051 0.6190476190476187 0.5578947368421049 0.48076923076923034 0.40677966101694873 0.37404580152671707 0.3722627737226272 0.3599999999999995 0.3374999999999995 0.329341317365269 0.30386740331491663 0.2934782608695649 0.30337078651685356 0.28915662650602364 0.3116883116883111 0.3154362416107377 0.33333333333333276 0.3636363636363629 0.3968253968253961 0.41176470588235214 0.40540540540540443 0.39622641509433854 0.38144329896907075 0.38297872340425376 0.3636363636363618
55 1.0 0.8333333333333334 0.6470588235294118 0.6666666666666667 0.5789473684210524 0.6153846153846152 0.5820895522388058 0.5342465753424654 0.5128205128205124 0.4772727272727269 0.4725274725274721 0.4747474747474743 0.459459459459459 0.4358974358974354 0.4418604651162786 0.4393939393939389 0.43478260869565166 0.4285714285714281 0.3874999999999995 0.3488372093023251 0.3146067415730332 0.2896174863387976 0.3293413173652692 0.3710691823899369 0.3698630136986298 0.39259259259259216 0.4126984126984121 0.428571428571428 0.40740740740740655 0.4174757281553389 0.41999999999999904 0.3636363636363622
57 1.0 0.8 0.6470588235294118 0.6129032258064515 0.6444444444444443 0.6153846153846151 0.5999999999999998 0.5737704918032783 0.549295774647887 0.544303797468354 0.48936170212765906 0.4716981132075466 0.4464285714285709 0.42148760330578455 0.42857142857142805 0.3956834532374095 0.3888888888888883 0.40789473684210464 0.3818181818181812 0.3863636363636358 0.3631284916201118 0.36526946107784436 0.3924050632911393 0.41721854304635764 0.43448275862068964 0.4418604651162791 0.42372881355932185 0.40540540540540515 0.40740740740740705 0.4174757281553394 0.41999999999999954 0.36363636363636276
