34 "[(0, 5), (173, 5)]"
198 "[(0, 5), (166, 5)]"
348 "[(107, 2), (173, 5), (350, 3), (356, 2), (357, 2), (366, 3), (369, 2), (380, 2), (381, 2), (384, 3), (389, 2), (390, 3), (407, 2), (411, 2), (424, 2), (429, 3), (435, 2), (457, 2), (459, 2), (464, 3), (466, 3), (469, 2), (470, 3), (472, 2), (477, 2), (483, 2), (486, 2), (498, 2), (505, 2), (509, 2), (516, 2), (518, 2), (522, 3), (526, 3), (529, 3), (531, 3), (533, 2), (539, 3), (551, 2), (552, 3), (554, 2), (562, 3), (1025, 2)]"
353 "[(107, 2), (366, 3), (483, 2), (526, 3), (580, 2), (606, 2), (637, 6), (641, 2), (651, 2), (930, 2), (936, 2), (976, 2), (1012, 2), (1075, 3), (1080, 2), (1114, 2), (1122, 2), (1155, 6), (1237, 2), (1313, 2), (1320, 2), (1349, 6), (1358, 2), (1374, 6), (1397, 2), (1425, 2), (1427, 2), (1475, 2), (1487, 2), (1512, 2), (1514, 2), (1529, 2), (1543, 2), (1574, 2), (1606, 2), (1616, 2), (1645, 2), (1673, 6), (1677, 2), (1679, 2), (1692, 2), (1694, 2), (1740, 2), (1744, 2), (1778, 2), (1790, 2), (1844, 2), (1855, 2), (1878, 2), (1881, 2), (1882, 2)]"
363 "[(107, 2), (366, 3), (483, 2), (526, 3), (580, 2), (606, 2), (637, 6), (651, 2), (936, 2), (976, 2), (1080, 2), (1113, 2), (1122, 2), (1155, 6), (1179, 6), (1237, 2), (1318, 2), (1320, 2), (1332, 2), (1349, 6), (1358, 2), (1374, 6), (1400, 2), (1425, 2), (1427, 2), (1506, 6), (1512, 2), (1514, 2), (1529, 2), (1536, 2), (1545, 2), (1574, 2), (1606, 2), (1616, 2), (1645, 2), (1671, 2), (1673, 6), (1677, 2), (1692, 2), (1740, 2), (1744, 2), (1767, 2), (1790, 2), (1844, 2)]"
376 "[(107, 2), (366, 3), (390, 3), (483, 2), (526, 3), (531, 3), (580, 2), (606, 2), (637, 6), (651, 2), (1095, 2), (1179, 6), (1300, 6), (1313, 2), (1343, 2), (1357, 2), (1358, 2), (1374, 6), (1487, 2), (1536, 2), (1616, 2), (1767, 2), (1897, 2)]"
414 "[(107, 2), (173, 5), (483, 2), (573, 6), (574, 6), (575, 6), (579, 6), (580, 2), (584, 6), (588, 6), (589, 6), (590, 6), (592, 6), (596, 2), (597, 6), (598, 6), (603, 6), (605, 6), (606, 2), (609, 6), (611, 6), (612, 6), (616, 6), (617, 6), (618, 6), (619, 6), (620, 6), (621, 6), (622, 6), (623, 6), (625, 6), (626, 6), (629, 2), (630, 6), (631, 6), (633, 6), (636, 6), (637, 6), (639, 6), (641, 2), (644, 6), (648, 6), (649, 5), (651, 2), (653, 6), (654, 6), (655, 6), (657, 6), (660, 6), (663, 6), (664, 6), (666, 6), (672, 6), (677, 6), (678, 6), (679, 6), (680, 6), (682, 6), (684, 6), (685, 6)]"
420 "[(107, 2), (483, 2), (596, 2), (936, 2), (1237, 2), (1311, 2), (1673, 6), (1692, 2)]"
428 "[(107, 2), (366, 3), (526, 3), (606, 2), (609, 6), (641, 2), (651, 2), (915, 2), (930, 2), (962, 2), (1013, 2), (1109, 2), (1114, 2), (1179, 6), (1210, 2), (1226, 2), (1237, 2), (1300, 6), (1313, 2), (1320, 2), (1358, 2), (1374, 6), (1408, 2), (1425, 2), (1446, 2), (1512, 2), (1536, 2), (1545, 2), (1549, 2), (1574, 2), (1692, 2), (1740, 2), (1778, 2), (1912, 4)]"
475 "[(107, 2), (366, 3), (390, 3), (483, 2), (531, 3), (580, 2), (606, 2), (641, 2), (651, 2), (930, 2), (1122, 2), (1155, 6), (1179, 6), (1237, 2), (1300, 6), (1313, 2), (1320, 2), (1332, 2), (1358, 2), (1374, 6), (1425, 2), (1427, 2), (1435, 2), (1514, 2), (1536, 2), (1545, 2), (1549, 2), (1645, 2), (1673, 6), (1692, 2), (1767, 2), (1844, 2), (1882, 2)]"
484 "[(107, 2), (350, 3), (366, 3), (483, 2), (526, 3), (580, 2), (606, 2), (637, 6), (651, 2), (913, 6), (936, 2), (953, 3), (968, 2), (1001, 6), (1029, 3), (1080, 2), (1095, 2), (1114, 2), (1122, 2), (1155, 6), (1160, 3), (1173, 5), (1179, 6), (1217, 2), (1223, 2), (1237, 2), (1238, 3), (1300, 6), (1313, 2), (1320, 2), (1349, 6), (1357, 2), (1358, 2), (1374, 6), (1397, 2), (1408, 2), (1422, 2), (1487, 2), (1506, 6), (1512, 2), (1514, 2), (1536, 2), (1543, 2), (1545, 2), (1574, 2), (1598, 5), (1604, 3), (1616, 2), (1620, 6), (1645, 2), (1673, 6), (1677, 2), (1692, 2), (1694, 2), (1740, 2), (1778, 2), (1813, 3), (1882, 2), (1885, 6), (1897, 2)]"
517 "[(107, 2), (366, 3), (483, 2), (526, 3), (580, 2), (606, 2), (637, 6), (651, 2), (905, 2), (936, 2), (976, 2), (1025, 2), (1095, 2), (1114, 2), (1179, 6), (1237, 2), (1268, 2), (1313, 2), (1320, 2), (1358, 2), (1374, 6), (1446, 2), (1487, 2), (1512, 2), (1514, 2), (1543, 2), (1574, 2), (1616, 2), (1645, 2), (1677, 2), (1692, 2), (1694, 2), (1778, 2), (1870, 2)]"
538 "[(107, 2), (366, 3), (483, 2), (526, 3), (580, 2), (606, 2), (637, 6), (651, 2), (948, 2), (1025, 2), (1080, 2), (1114, 2), (1122, 2), (1179, 6), (1223, 2), (1226, 2), (1237, 2), (1313, 2), (1320, 2), (1349, 6), (1358, 2), (1374, 6), (1400, 2), (1408, 2), (1487, 2), (1543, 2), (1545, 2), (1565, 2), (1574, 2), (1677, 2), (1679, 2), (1692, 2), (1695, 2), (1763, 2), (1767, 2), (1778, 2), (1870, 2), (1878, 2)]"
563 "[(107, 2), (350, 3), (357, 2), (369, 2), (407, 2), (435, 2), (457, 2), (459, 2), (469, 2), (477, 2), (483, 2), (516, 2), (518, 2), (531, 3), (554, 2), (1013, 2), (1070, 2), (1136, 6), (1217, 2), (1338, 2), (1574, 2), (1687, 5), (1688, 3), (1745, 2), (1808, 2), (1912, 4)]"
566 "[(107, 2), (366, 3), (483, 2), (526, 3), (580, 2), (637, 6), (651, 2), (936, 2), (968, 2), (1128, 3), (1155, 6), (1237, 2), (1313, 2), (1320, 2), (1358, 2), (1435, 2), (1512, 2), (1536, 2), (1574, 2), (1630, 2), (1673, 6), (1692, 2), (1740, 2), (1844, 2)]"
601 "[(107, 2), (483, 2), (580, 2), (609, 6), (629, 2), (630, 6), (637, 6), (644, 6), (976, 2), (1122, 2), (1349, 6), (1512, 2), (1645, 2), (1679, 2)]"
1777 "[(107, 2), (1013, 2)]"
427 "[(173, 5), (464, 3)]"
549 "[(173, 5)]"
397 "[(350, 3), (357, 2), (369, 2), (389, 2), (457, 2), (469, 2), (477, 2), (483, 2), (509, 2), (516, 2), (518, 2), (531, 3), (554, 2)]"
419 "[(350, 3), (357, 2), (369, 2), (381, 2), (389, 2), (424, 2), (469, 2), (483, 2), (486, 2), (505, 2), (516, 2), (518, 2), (526, 3), (551, 2)]"
426 "[(350, 3), (407, 2), (531, 3)]"
433 "[(350, 3), (369, 2), (407, 2), (533, 2)]"
455 "[(350, 3), (369, 2), (407, 2), (429, 3), (466, 3), (522, 3), (529, 3), (531, 3), (539, 3)]"
497 "[(350, 3), (366, 3), (389, 2), (435, 2), (469, 2), (483, 2), (526, 3)]"
504 "[(350, 3), (407, 2), (429, 3), (466, 3), (522, 3), (529, 3), (531, 3), (539, 3), (562, 3)]"
519 "[(350, 3), (470, 3), (531, 3)]"
527 "[(350, 3), (483, 2)]"
528 "[(350, 3), (407, 2)]"
543 "[(350, 3), (407, 2), (531, 3)]"
546 "[(350, 3), (522, 3), (531, 3)]"
561 "[(350, 3), (369, 2), (483, 2), (526, 3), (580, 2), (606, 2), (651, 2)]"
354 "[(470, 3), (531, 3)]"
355 "[(470, 3), (531, 3)]"
359 "[(470, 3), (531, 3), (562, 3)]"
361 "[(470, 3), (531, 3), (562, 3)]"
368 "[(366, 3), (526, 3)]"
373 "[(366, 3), (390, 3), (483, 2), (498, 2), (580, 2), (590, 6), (606, 2), (637, 6), (641, 2), (651, 2), (680, 6)]"
374 "[(366, 3), (483, 2), (526, 3)]"
378 "[(366, 3), (369, 2), (483, 2), (580, 2), (637, 6), (641, 2), (651, 2)]"
391 "[(366, 3), (483, 2), (539, 3), (580, 2), (637, 6)]"
394 "[(366, 3), (620, 6)]"
395 "[(366, 3), (483, 2), (574, 6), (620, 6), (630, 6), (637, 6), (678, 6)]"
400 "[(366, 3), (539, 3), (580, 2), (606, 2), (637, 6), (641, 2), (651, 2)]"
402 "[(366, 3)]"
404 "[(366, 3), (483, 2), (526, 3)]"
408 "[(366, 3), (483, 2), (526, 3)]"
412 "[(366, 3), (483, 2), (526, 3), (529, 3), (533, 2), (580, 2), (609, 6)]"
417 "[(366, 3), (483, 2)]"
430 "[(366, 3), (469, 2), (483, 2), (526, 3)]"
431 "[(366, 3), (472, 2), (483, 2), (606, 2), (651, 2)]"
434 "[(366, 3), (580, 2)]"
436 "[(366, 3), (483, 2), (580, 2), (606, 2), (637, 6), (651, 2)]"
438 "[(366, 3), (483, 2), (596, 2), (606, 2), (651, 2)]"
446 "[(366, 3), (483, 2), (539, 3)]"
460 "[(366, 3)]"
482 "[(366, 3), (483, 2)]"
492 "[(366, 3), (483, 2), (580, 2), (606, 2), (637, 6), (641, 2), (651, 2)]"
493 "[(366, 3), (483, 2), (526, 3), (539, 3)]"
496 "[(366, 3), (483, 2), (580, 2), (637, 6), (641, 2)]"
503 "[(366, 3), (483, 2), (526, 3), (539, 3)]"
513 "[(366, 3), (407, 2), (483, 2), (580, 2), (606, 2), (637, 6), (641, 2), (651, 2)]"
514 "[(366, 3), (483, 2), (580, 2)]"
515 "[(366, 3), (483, 2), (580, 2), (620, 6), (637, 6), (641, 2), (654, 6)]"
520 "[(366, 3), (483, 2)]"
524 "[(366, 3), (483, 2), (590, 6), (606, 2), (637, 6), (651, 2)]"
542 "[(366, 3), (483, 2), (580, 2), (606, 2)]"
544 "[(366, 3), (483, 2), (580, 2)]"
548 "[(366, 3)]"
553 "[(366, 3), (469, 2), (483, 2), (526, 3), (609, 6), (620, 6), (644, 6), (666, 6)]"
555 "[(366, 3), (435, 2), (470, 3), (531, 3)]"
559 "[(366, 3), (483, 2), (526, 3), (580, 2), (606, 2), (637, 6), (651, 2)]"
367 "[(483, 2)]"
442 "[(369, 2), (531, 3)]"
370 "[(469, 2), (483, 2), (666, 6)]"
372 "[(429, 3), (531, 3), (539, 3)]"
375 "[(526, 3)]"
382 "[(470, 3), (531, 3)]"
385 "[(483, 2)]"
388 "[(483, 2)]"
450 "[(390, 3), (531, 3), (539, 3)]"
392 "[(483, 2)]"
396 "[(470, 3), (531, 3)]"
398 "[(526, 3)]"
403 "[(470, 3)]"
405 "[(531, 3)]"
458 "[(407, 2), (469, 2), (470, 3)]"
490 "[(407, 2)]"
510 "[(407, 2), (533, 2)]"
409 "[(526, 3)]"
416 "[(483, 2)]"
421 "[(457, 2)]"
422 "[(483, 2), (579, 6), (584, 6), (592, 6), (596, 2), (597, 6), (609, 6), (617, 6), (618, 6), (619, 6), (620, 6), (630, 6), (631, 6), (636, 6), (644, 6), (653, 6), (654, 6), (655, 6), (657, 6), (663, 6), (678, 6), (680, 6), (682, 6), (685, 6)]"
423 "[(606, 2), (637, 6), (651, 2)]"
425 "[(477, 2)]"
481 "[(429, 3), (466, 3), (522, 3), (531, 3), (539, 3)]"
432 "[(483, 2)]"
437 "[(498, 2)]"
439 "[(477, 2)]"
444 "[(483, 2), (531, 3)]"
452 "[(470, 3), (531, 3)]"
453 "[(498, 2)]"
461 "[(483, 2), (590, 6), (606, 2), (653, 6)]"
463 "[(483, 2), (531, 3)]"
465 "[(483, 2), (526, 3), (580, 2)]"
540 "[(469, 2)]"
507 "[(470, 3), (483, 2), (526, 3)]"
547 "[(470, 3), (531, 3)]"
567 "[(472, 2), (483, 2), (580, 2), (590, 6), (651, 2), (3437, 0)]"
473 "[(483, 2), (539, 3)]"
474 "[(531, 3)]"
485 "[(477, 2), (518, 2)]"
479 "[(483, 2)]"
487 "[(483, 2)]"
494 "[(483, 2), (526, 3)]"
500 "[(483, 2), (531, 3), (580, 2), (637, 6), (651, 2)]"
506 "[(483, 2), (606, 2)]"
525 "[(483, 2), (526, 3)]"
535 "[(483, 2)]"
537 "[(483, 2)]"
557 "[(483, 2), (531, 3)]"
560 "[(483, 2), (539, 3)]"
591 "[(483, 2), (580, 2), (590, 6), (606, 2), (637, 6), (641, 2), (651, 2)]"
604 "[(483, 2), (596, 2), (606, 2), (637, 6), (651, 2)]"
614 "[(483, 2), (606, 2), (637, 6)]"
669 "[(483, 2), (606, 2), (637, 6)]"
671 "[(483, 2)]"
489 "[(531, 3)]"
532 "[(498, 2)]"
502 "[(539, 3)]"
512 "[(526, 3)]"
568 "[(522, 3), (531, 3), (539, 3)]"
570 "[(531, 3)]"
656 "[(580, 2)]"
587 "[(651, 2)]"
645 "[(606, 2), (637, 6), (651, 2)]"
634 "[(651, 2)]"
646 "[(651, 2)]"
683 "[(651, 2), (654, 6)]"
857 "[(698, 0), (862, 0), (3437, 0), (3456, 0), (3495, 0), (3586, 0), (3797, 0)]"
858 "[(698, 0)]"
865 "[(698, 0), (862, 0)]"
866 "[(698, 0)]"
868 "[(698, 0), (862, 0)]"
870 "[(698, 0)]"
871 "[(698, 0)]"
879 "[(698, 0)]"
881 "[(698, 0)]"
894 "[(698, 0)]"
895 "[(698, 0)]"
3592 "[(862, 0), (1085, 3), (3437, 0), (3521, 0), (3677, 0), (3891, 3)]"
3621 "[(862, 0), (3437, 0), (3495, 0), (3684, 0), (3689, 0), (3721, 0), (3797, 0), (3902, 0)]"
3779 "[(862, 0), (3437, 0), (3448, 0), (3503, 0), (3596, 0), (3609, 0), (3642, 0), (3750, 0), (3930, 0), (3938, 0)]"
3872 "[(862, 0), (1085, 3), (3437, 0), (3495, 0), (3550, 0), (3575, 0), (3672, 0), (3684, 0), (3797, 0)]"
3561 "[(1085, 3), (3437, 0), (3469, 0), (3554, 0), (3604, 0), (3738, 0), (3752, 0), (3945, 0), (3964, 0)]"
1967 "[(1912, 4)]"
3441 "[(3437, 0), (3538, 0)]"
3444 "[(3437, 0)]"
3446 "[(3437, 0)]"
3447 "[(3437, 0)]"
3454 "[(3437, 0), (3586, 0), (3605, 0), (3642, 0), (3677, 0), (3693, 0), (3880, 0)]"
3458 "[(3437, 0)]"
3459 "[(3437, 0), (3469, 0), (3529, 0), (3945, 0)]"
3463 "[(3437, 0)]"
3465 "[(3437, 0), (3918, 0)]"
3466 "[(3437, 0), (3443, 0), (3460, 0), (3464, 0), (3469, 0), (3510, 0), (3529, 0), (3554, 0), (3602, 0), (3634, 0), (3668, 0), (3726, 0), (3738, 0), (3761, 0), (3829, 0), (3915, 0), (3937, 0), (3945, 0), (3956, 0), (3972, 0)]"
3468 "[(3437, 0), (3529, 0), (3945, 0), (3956, 0)]"
3470 "[(3437, 0), (3442, 0), (3455, 0), (3520, 0), (3521, 0), (3553, 0), (3599, 0), (3629, 0), (3710, 0), (3753, 0), (3769, 0), (3773, 0), (3778, 0), (3796, 0), (3876, 0)]"
3476 "[(3437, 0), (3809, 0)]"
3483 "[(3437, 0), (3937, 0)]"
3486 "[(3437, 0)]"
3487 "[(3437, 0), (3496, 0)]"
3489 "[(3437, 0)]"
3490 "[(3437, 0)]"
3493 "[(3437, 0)]"
3494 "[(3437, 0)]"
3499 "[(3437, 0), (3829, 0)]"
3504 "[(3437, 0), (3677, 0), (3839, 0)]"
3506 "[(3437, 0), (3829, 0)]"
3507 "[(3437, 0), (3554, 0)]"
3509 "[(3437, 0)]"
3511 "[(3437, 0), (3738, 0)]"
3515 "[(3437, 0), (3460, 0), (3829, 0)]"
3519 "[(3437, 0), (3918, 0)]"
3522 "[(3437, 0), (3438, 0), (3677, 0), (3930, 0)]"
3524 "[(3437, 0), (3602, 0)]"
3530 "[(3437, 0)]"
3531 "[(3437, 0)]"
3532 "[(3437, 0), (3829, 0), (3956, 0)]"
3534 "[(3437, 0), (3761, 0), (3829, 0), (3937, 0)]"
3535 "[(3437, 0), (3694, 0)]"
3536 "[(3437, 0)]"
3539 "[(3437, 0), (3678, 0)]"
3544 "[(3437, 0), (3674, 0)]"
3546 "[(3437, 0)]"
3547 "[(3437, 0), (3496, 0), (3628, 0), (3677, 0), (3684, 0), (3693, 0), (3747, 0), (3750, 0)]"
3548 "[(3437, 0), (3495, 0), (3737, 0), (3948, 0)]"
3549 "[(3437, 0)]"
3551 "[(3437, 0), (3496, 0), (3525, 0)]"
3555 "[(3437, 0), (3604, 0), (3829, 0), (3956, 0)]"
3558 "[(3437, 0), (3738, 0), (3829, 0), (3945, 0)]"
3564 "[(3437, 0), (3678, 0)]"
3566 "[(3437, 0), (3780, 0)]"
3568 "[(3437, 0), (3460, 0), (3484, 0), (3529, 0), (3914, 0), (3915, 0)]"
3569 "[(3437, 0)]"
3571 "[(3437, 0), (3918, 0)]"
3572 "[(3437, 0)]"
3579 "[(3437, 0), (3918, 0)]"
3580 "[(3437, 0)]"
3583 "[(3437, 0), (3464, 0)]"
3584 "[(3437, 0)]"
3585 "[(3437, 0)]"
3589 "[(3437, 0)]"
3591 "[(3437, 0)]"
3593 "[(3437, 0), (3443, 0), (3634, 0), (3738, 0), (3829, 0)]"
3600 "[(3437, 0), (3440, 0)]"
3601 "[(3437, 0), (3460, 0), (3464, 0), (3529, 0), (3604, 0)]"
3606 "[(3437, 0)]"
3610 "[(3437, 0), (3674, 0)]"
3612 "[(3437, 0), (3464, 0), (3937, 0), (3945, 0)]"
3614 "[(3437, 0), (3529, 0), (3945, 0)]"
3617 "[(3437, 0), (3464, 0), (3604, 0), (3738, 0), (3830, 0)]"
3620 "[(3437, 0)]"
3622 "[(3437, 0)]"
3623 "[(3437, 0)]"
3624 "[(3437, 0)]"
3626 "[(3437, 0), (3839, 0)]"
3631 "[(3437, 0)]"
3643 "[(3437, 0)]"
3645 "[(3437, 0), (3443, 0), (3604, 0)]"
3646 "[(3437, 0)]"
3648 "[(3437, 0), (3816, 0)]"
3652 "[(3437, 0)]"
3659 "[(3437, 0), (3637, 0), (3642, 0), (3930, 0)]"
3660 "[(3437, 0), (3780, 0)]"
3661 "[(3437, 0), (3737, 0), (3948, 0)]"
3662 "[(3437, 0)]"
3665 "[(3437, 0)]"
3671 "[(3437, 0)]"
3673 "[(3437, 0)]"
3675 "[(3437, 0)]"
3676 "[(3437, 0)]"
3679 "[(3437, 0)]"
3680 "[(3437, 0), (3464, 0), (3554, 0), (3830, 0)]"
3682 "[(3437, 0)]"
3690 "[(3437, 0)]"
3701 "[(3437, 0)]"
3705 "[(3437, 0), (3442, 0), (3498, 0), (3521, 0), (3553, 0), (3590, 0), (3599, 0), (3608, 0), (3615, 0), (3629, 0), (3636, 0), (3713, 0), (3722, 0), (3740, 0), (3802, 0), (3835, 0), (3867, 0), (3907, 0), (3921, 0)]"
3706 "[(3437, 0)]"
3708 "[(3437, 0), (3918, 0)]"
3711 "[(3437, 0)]"
3714 "[(3437, 0), (3829, 0)]"
3718 "[(3437, 0)]"
3719 "[(3437, 0)]"
3723 "[(3437, 0)]"
3724 "[(3437, 0), (3464, 0)]"
3727 "[(3437, 0)]"
3732 "[(3437, 0)]"
3733 "[(3437, 0)]"
3742 "[(3437, 0)]"
3745 "[(3437, 0)]"
3754 "[(3437, 0), (3738, 0)]"
3757 "[(3437, 0), (3918, 0)]"
3758 "[(3437, 0), (3529, 0), (3761, 0), (3829, 0), (3937, 0), (3945, 0)]"
3759 "[(3437, 0), (3918, 0)]"
3763 "[(3437, 0), (3799, 0)]"
3764 "[(3437, 0), (3464, 0), (3469, 0), (3474, 0), (3752, 0), (3915, 0), (3972, 0)]"
3767 "[(3437, 0), (3829, 0)]"
3768 "[(3437, 0), (3460, 0), (3914, 0), (3945, 0)]"
3770 "[(3437, 0), (3602, 0), (3604, 0)]"
3771 "[(3437, 0), (3956, 0)]"
3772 "[(3437, 0), (3756, 0), (3968, 0)]"
3774 "[(3437, 0), (3918, 0)]"
3775 "[(3437, 0), (3496, 0)]"
3777 "[(3437, 0), (3464, 0), (3529, 0), (3829, 0)]"
3781 "[(3437, 0)]"
3782 "[(3437, 0), (3460, 0), (3738, 0), (3945, 0)]"
3784 "[(3437, 0), (3438, 0)]"
3786 "[(3437, 0), (3460, 0), (3945, 0)]"
3792 "[(3437, 0)]"
3793 "[(3437, 0), (3529, 0)]"
3794 "[(3437, 0), (3554, 0), (3914, 0)]"
3803 "[(3437, 0)]"
3806 "[(3437, 0)]"
3808 "[(3437, 0)]"
3810 "[(3437, 0)]"
3811 "[(3437, 0)]"
3812 "[(3437, 0)]"
3814 "[(3437, 0)]"
3818 "[(3437, 0)]"
3821 "[(3437, 0), (3510, 0), (3738, 0), (3829, 0), (3933, 0)]"
3822 "[(3437, 0)]"
3823 "[(3437, 0), (3464, 0), (3474, 0), (3956, 0)]"
3825 "[(3437, 0), (3469, 0)]"
3826 "[(3437, 0)]"
3833 "[(3437, 0)]"
3834 "[(3437, 0)]"
3836 "[(3437, 0), (3918, 0), (3964, 0)]"
3837 "[(3437, 0), (3918, 0)]"
3843 "[(3437, 0), (3829, 0)]"
3847 "[(3437, 0), (3477, 0), (3674, 0), (3677, 0)]"
3849 "[(3437, 0)]"
3855 "[(3437, 0)]"
3861 "[(3437, 0), (3496, 0), (3604, 0), (3726, 0), (3859, 0)]"
3863 "[(3437, 0)]"
3866 "[(3437, 0)]"
3869 "[(3437, 0), (3510, 0), (3529, 0), (3602, 0), (3604, 0)]"
3870 "[(3437, 0), (3859, 0)]"
3875 "[(3437, 0)]"
3878 "[(3437, 0)]"
3881 "[(3437, 0), (3460, 0), (3469, 0), (3510, 0)]"
3882 "[(3437, 0)]"
3887 "[(3437, 0), (3537, 0), (3809, 0)]"
3888 "[(3437, 0), (3674, 0), (3677, 0)]"
3890 "[(3437, 0)]"
3893 "[(3437, 0)]"
3894 "[(3437, 0)]"
3895 "[(3437, 0), (3464, 0)]"
3896 "[(3437, 0)]"
3897 "[(3437, 0)]"
3899 "[(3437, 0)]"
3900 "[(3437, 0), (3460, 0), (3529, 0), (3829, 0)]"
3903 "[(3437, 0)]"
3904 "[(3437, 0)]"
3905 "[(3437, 0)]"
3906 "[(3437, 0), (3443, 0), (3529, 0), (3937, 0)]"
3908 "[(3437, 0), (3495, 0), (3842, 0), (3880, 0)]"
3909 "[(3437, 0), (3443, 0), (3529, 0), (3726, 0), (3945, 0)]"
3910 "[(3437, 0)]"
3916 "[(3437, 0), (3805, 0), (3891, 3)]"
3922 "[(3437, 0)]"
3924 "[(3437, 0)]"
3925 "[(3437, 0)]"
3927 "[(3437, 0), (3469, 0), (3945, 0)]"
3931 "[(3437, 0), (3460, 0), (3510, 0)]"
3939 "[(3437, 0)]"
3941 "[(3437, 0), (3442, 0), (3930, 0)]"
3942 "[(3437, 0)]"
3946 "[(3437, 0)]"
3947 "[(3437, 0), (3529, 0)]"
3949 "[(3437, 0)]"
3950 "[(3437, 0), (3525, 0), (3550, 0), (3750, 0), (3796, 0), (3805, 0), (3841, 0)]"
3951 "[(3437, 0)]"
3953 "[(3437, 0)]"
3954 "[(3437, 0)]"
3955 "[(3437, 0)]"
3957 "[(3437, 0), (3830, 0), (3918, 0)]"
3958 "[(3437, 0)]"
3961 "[(3437, 0)]"
3963 "[(3437, 0)]"
3965 "[(3437, 0)]"
3969 "[(3437, 0)]"
3973 "[(3437, 0)]"
3975 "[(3437, 0), (3918, 0)]"
3976 "[(3437, 0)]"
3979 "[(3437, 0), (3674, 0)]"
