3437 "[(567, 1), (857, 1), (1085, 3), (3441, 1), (3444, 1), (3446, 1), (3447, 1), (3452, 3), (3454, 1), (3457, 3), (3458, 1), (3459, 1), (3463, 1), (3465, 1), (3466, 1), (3468, 1), (3470, 1), (3476, 1), (3483, 1), (3486, 1), (3487, 1), (3489, 1), (3490, 1), (3493, 1), (3494, 1), (3499, 1), (3504, 1), (3506, 1), (3507, 1), (3509, 1), (3511, 1), (3515, 1), (3519, 1), (3522, 1), (3524, 1), (3530, 1), (3531, 1), (3532, 1), (3534, 1), (3535, 1), (3536, 1), (3539, 1), (3544, 1), (3546, 1), (3547, 1), (3548, 1), (3549, 1), (3551, 1), (3555, 1), (3556, 3), (3558, 1), (3559, 3), (3561, 1), (3563, 3), (3564, 1), (3566, 1), (3568, 1), (3569, 1), (3571, 1), (3572, 1), (3579, 1), (3580, 1), (3583, 1), (3584, 1), (3585, 1), (3589, 1), (3591, 1), (3592, 1), (3593, 1), (3600, 1), (3601, 1), (3603, 3), (3606, 1), (3610, 1), (3612, 1), (3614, 1), (3617, 1), (3620, 1), (3621, 1), (3622, 1), (3623, 1), (3624, 1), (3626, 1), (3631, 1), (3643, 1), (3645, 1), (3646, 1), (3648, 1), (3652, 1), (3659, 1), (3660, 1), (3661, 1), (3662, 1), (3665, 1), (3671, 1), (3673, 1), (3675, 1), (3676, 1), (3679, 1), (3680, 1), (3682, 1), (3683, 3), (3688, 3), (3690, 1), (3701, 1), (3703, 3), (3704, 3), (3705, 1), (3706, 1), (3708, 1), (3711, 1), (3714, 1), (3718, 1), (3719, 1), (3723, 1), (3724, 1), (3727, 1), (3732, 1), (3733, 1), (3741, 3), (3742, 1), (3745, 1), (3754, 1), (3755, 3), (3757, 1), (3758, 1), (3759, 1), (3763, 1), (3764, 1), (3767, 1), (3768, 1), (3770, 1), (3771, 1), (3772, 1), (3774, 1), (3775, 1), (3777, 1), (3779, 1), (3781, 1), (3782, 1), (3784, 1), (3786, 1), (3792, 1), (3793, 1), (3794, 1), (3803, 1), (3806, 1), (3808, 1), (3810, 1), (3811, 1), (3812, 1), (3814, 1), (3817, 3), (3818, 1), (3821, 1), (3822, 1), (3823, 1), (3825, 1), (3826, 1), (3831, 3), (3833, 1), (3834, 1), (3836, 1), (3837, 1), (3843, 1), (3847, 1), (3849, 1), (3855, 1), (3861, 1), (3863, 1), (3866, 1), (3869, 1), (3870, 1), (3872, 1), (3875, 1), (3878, 1), (3881, 1), (3882, 1), (3887, 1), (3888, 1), (3890, 1), (3891, 3), (3893, 1), (3894, 1), (3895, 1), (3896, 1), (3897, 1), (3899, 1), (3900, 1), (3903, 1), (3904, 1), (3905, 1), (3906, 1), (3908, 1), (3909, 1), (3910, 1), (3916, 1), (3922, 1), (3924, 1), (3925, 1), (3927, 1), (3931, 1), (3939, 1), (3941, 1), (3942, 1), (3944, 3), (3946, 1), (3947, 1), (3949, 1), (3950, 1), (3951, 1), (3953, 1), (3954, 1), (3955, 1), (3957, 1), (3958, 1), (3961, 1), (3963, 1), (3965, 1), (3969, 1), (3973, 1), (3975, 1), (3976, 1), (3979, 1)]"
698 "[(857, 1), (858, 1), (860, 7), (865, 1), (866, 1), (868, 1), (870, 1), (871, 1), (879, 1), (881, 1), (894, 1), (895, 1)]"
862 "[(857, 1), (865, 1), (868, 1), (1085, 3), (3592, 1), (3621, 1), (3779, 1), (3872, 1)]"
3456 "[(857, 1), (1085, 3), (3703, 3), (3831, 3)]"
3495 "[(857, 1), (1085, 3), (3548, 1), (3621, 1), (3831, 3), (3872, 1), (3908, 1), (3944, 3)]"
3586 "[(857, 1), (3454, 1)]"
3797 "[(857, 1), (1085, 3), (3621, 1), (3741, 3), (3872, 1)]"
3440 "[(1085, 3), (3600, 1), (3703, 3), (3755, 3)]"
3501 "[(1085, 3), (3741, 3)]"
3525 "[(1085, 3), (3551, 1), (3563, 3), (3683, 3), (3950, 1)]"
3540 "[(1085, 3), (3556, 3), (3563, 3)]"
3550 "[(1085, 3), (3872, 1), (3950, 1)]"
3577 "[(1085, 3), (3741, 3), (3944, 3)]"
3609 "[(1085, 3), (3741, 3), (3779, 1)]"
3633 "[(1085, 3), (3741, 3)]"
3651 "[(1085, 3), (3683, 3)]"
3674 "[(1085, 3), (3544, 1), (3610, 1), (3847, 1), (3888, 1), (3979, 1)]"
3677 "[(1085, 3), (3454, 1), (3504, 1), (3522, 1), (3547, 1), (3592, 1), (3847, 1), (3888, 1)]"
3684 "[(1085, 3), (3547, 1), (3556, 3), (3563, 3), (3621, 1), (3741, 3), (3817, 3), (3831, 3), (3872, 1)]"
3692 "[(1085, 3), (3683, 3)]"
3721 "[(1085, 3), (3621, 1), (3741, 3)]"
3750 "[(1085, 3), (3547, 1), (3779, 1), (3831, 3), (3950, 1)]"
3756 "[(1085, 3), (3603, 3), (3683, 3), (3772, 1), (3944, 3)]"
3830 "[(1085, 3), (3457, 3), (3563, 3), (3617, 1), (3680, 1), (3683, 3), (3703, 3), (3741, 3), (3755, 3), (3831, 3), (3957, 1)]"
3851 "[(1085, 3), (3556, 3), (3741, 3), (3817, 3), (3831, 3)]"
3877 "[(1085, 3), (3452, 3), (3559, 3), (3683, 3), (3741, 3)]"
3886 "[(1085, 3), (3563, 3), (3683, 3)]"
3943 "[(1085, 3)]"
3948 "[(1085, 3), (3548, 1), (3563, 3), (3661, 1), (3683, 3), (3741, 3), (3944, 3)]"
3962 "[(1085, 3), (3563, 3), (3944, 3)]"
3438 "[(3522, 1), (3784, 1)]"
3538 "[(3441, 1)]"
3442 "[(3470, 1), (3705, 1), (3941, 1)]"
3443 "[(3466, 1), (3593, 1), (3645, 1), (3906, 1), (3909, 1)]"
3448 "[(3779, 1), (3944, 3)]"
3462 "[(3452, 3), (3559, 3), (3891, 3)]"
3488 "[(3452, 3), (3559, 3), (3891, 3)]"
3545 "[(3452, 3), (3559, 3), (3703, 3), (3755, 3), (3831, 3), (3891, 3)]"
3573 "[(3452, 3), (3559, 3), (3891, 3)]"
3576 "[(3452, 3), (3559, 3), (3891, 3)]"
3596 "[(3452, 3), (3603, 3), (3779, 1)]"
3611 "[(3452, 3), (3556, 3), (3817, 3), (3891, 3)]"
3658 "[(3452, 3), (3891, 3)]"
3824 "[(3452, 3), (3831, 3)]"
3838 "[(3452, 3), (3559, 3), (3603, 3), (3891, 3), (3944, 3)]"
3902 "[(3452, 3), (3559, 3), (3621, 1), (3703, 3), (3891, 3)]"
3966 "[(3452, 3), (3741, 3), (3891, 3)]"
3605 "[(3454, 1)]"
3642 "[(3454, 1), (3659, 1), (3779, 1)]"
3693 "[(3454, 1), (3547, 1), (3556, 3)]"
3880 "[(3454, 1), (3908, 1)]"
3455 "[(3470, 1)]"
3938 "[(3457, 3), (3703, 3), (3741, 3), (3779, 1), (3831, 3)]"
3469 "[(3459, 1), (3466, 1), (3561, 1), (3764, 1), (3825, 1), (3881, 1), (3927, 1)]"
3529 "[(3459, 1), (3466, 1), (3468, 1), (3568, 1), (3601, 1), (3614, 1), (3758, 1), (3777, 1), (3793, 1), (3869, 1), (3900, 1), (3906, 1), (3909, 1), (3947, 1)]"
3945 "[(3459, 1), (3466, 1), (3468, 1), (3558, 1), (3561, 1), (3612, 1), (3614, 1), (3758, 1), (3768, 1), (3782, 1), (3786, 1), (3909, 1), (3927, 1)]"
3460 "[(3466, 1), (3515, 1), (3568, 1), (3601, 1), (3768, 1), (3782, 1), (3786, 1), (3881, 1), (3900, 1), (3931, 1)]"
3461 "[(3559, 3), (3831, 3)]"
3464 "[(3466, 1), (3583, 1), (3601, 1), (3612, 1), (3617, 1), (3680, 1), (3724, 1), (3764, 1), (3777, 1), (3823, 1), (3895, 1)]"
3918 "[(3465, 1), (3519, 1), (3571, 1), (3579, 1), (3708, 1), (3757, 1), (3759, 1), (3774, 1), (3836, 1), (3837, 1), (3957, 1), (3975, 1)]"
3510 "[(3466, 1), (3821, 1), (3869, 1), (3881, 1), (3931, 1)]"
3554 "[(3466, 1), (3507, 1), (3561, 1), (3680, 1), (3794, 1)]"
3602 "[(3466, 1), (3524, 1), (3770, 1), (3869, 1)]"
3634 "[(3466, 1), (3593, 1)]"
3668 "[(3466, 1)]"
3726 "[(3466, 1), (3861, 1), (3909, 1)]"
3738 "[(3466, 1), (3511, 1), (3558, 1), (3561, 1), (3593, 1), (3617, 1), (3754, 1), (3782, 1), (3821, 1)]"
3761 "[(3466, 1), (3534, 1), (3758, 1)]"
3829 "[(3466, 1), (3499, 1), (3506, 1), (3515, 1), (3532, 1), (3534, 1), (3555, 1), (3558, 1), (3593, 1), (3714, 1), (3758, 1), (3767, 1), (3777, 1), (3821, 1), (3843, 1), (3900, 1)]"
3915 "[(3466, 1), (3568, 1), (3764, 1)]"
3937 "[(3466, 1), (3483, 1), (3534, 1), (3612, 1), (3758, 1), (3906, 1)]"
3956 "[(3466, 1), (3468, 1), (3532, 1), (3555, 1), (3771, 1), (3823, 1)]"
3972 "[(3466, 1), (3764, 1)]"
3520 "[(3470, 1)]"
3521 "[(3470, 1), (3556, 3), (3592, 1), (3705, 1), (3831, 3)]"
3553 "[(3470, 1), (3563, 3), (3705, 1)]"
3599 "[(3470, 1), (3705, 1)]"
3629 "[(3470, 1), (3705, 1)]"
3710 "[(3470, 1)]"
3753 "[(3470, 1)]"
3769 "[(3470, 1)]"
3773 "[(3470, 1)]"
3778 "[(3470, 1)]"
3796 "[(3470, 1), (3950, 1)]"
3876 "[(3470, 1)]"
3474 "[(3764, 1), (3823, 1)]"
3809 "[(3476, 1), (3887, 1)]"
3477 "[(3847, 1)]"
3484 "[(3568, 1), (3817, 3), (3831, 3)]"
3485 "[(3559, 3), (3817, 3)]"
3496 "[(3487, 1), (3547, 1), (3551, 1), (3775, 1), (3817, 3), (3831, 3), (3861, 1)]"
3492 "[(3556, 3)]"
3498 "[(3705, 1)]"
3503 "[(3779, 1)]"
3839 "[(3504, 1), (3626, 1)]"
3930 "[(3522, 1), (3559, 3), (3659, 1), (3779, 1), (3891, 3), (3941, 1)]"
3526 "[(3559, 3), (3563, 3), (3831, 3)]"
3528 "[(3559, 3)]"
3694 "[(3535, 1)]"
3537 "[(3887, 1)]"
3678 "[(3539, 1), (3564, 1)]"
3542 "[(3559, 3), (3817, 3)]"
3628 "[(3547, 1)]"
3747 "[(3547, 1)]"
3737 "[(3548, 1), (3661, 1)]"
3604 "[(3555, 1), (3559, 3), (3561, 1), (3601, 1), (3617, 1), (3645, 1), (3770, 1), (3861, 1), (3869, 1)]"
3625 "[(3556, 3)]"
3971 "[(3556, 3), (3703, 3), (3755, 3), (3817, 3), (3831, 3)]"
3627 "[(3559, 3)]"
3681 "[(3559, 3)]"
3731 "[(3559, 3), (3891, 3)]"
3762 "[(3559, 3)]"
3804 "[(3559, 3)]"
3884 "[(3559, 3), (3831, 3)]"
3926 "[(3559, 3), (3703, 3), (3755, 3), (3891, 3)]"
3934 "[(3559, 3)]"
3752 "[(3561, 1), (3764, 1)]"
3964 "[(3561, 1), (3836, 1)]"
3656 "[(3563, 3), (3683, 3)]"
3667 "[(3563, 3), (3683, 3)]"
3852 "[(3563, 3), (3741, 3)]"
3873 "[(3563, 3)]"
3968 "[(3563, 3), (3683, 3), (3703, 3), (3772, 1), (3831, 3)]"
3780 "[(3566, 1), (3660, 1), (3741, 3)]"
3914 "[(3568, 1), (3768, 1), (3794, 1)]"
3574 "[(3891, 3)]"
3575 "[(3872, 1)]"
3578 "[(3683, 3)]"
3590 "[(3705, 1), (3944, 3)]"
3640 "[(3603, 3)]"
3672 "[(3603, 3), (3872, 1), (3891, 3)]"
3790 "[(3603, 3), (3683, 3)]"
3828 "[(3603, 3)]"
3608 "[(3705, 1)]"
3615 "[(3705, 1)]"
3689 "[(3621, 1)]"
3636 "[(3705, 1)]"
3637 "[(3659, 1)]"
3816 "[(3648, 1)]"
3654 "[(3703, 3), (3755, 3)]"
3842 "[(3683, 3), (3703, 3), (3817, 3), (3831, 3), (3908, 1)]"
3697 "[(3831, 3)]"
3702 "[(3891, 3)]"
3713 "[(3705, 1)]"
3722 "[(3705, 1)]"
3740 "[(3705, 1)]"
3802 "[(3705, 1)]"
3835 "[(3705, 1)]"
3867 "[(3705, 1)]"
3907 "[(3705, 1)]"
3921 "[(3705, 1)]"
3707 "[(3891, 3)]"
3736 "[(3831, 3)]"
3799 "[(3763, 1)]"
3800 "[(3944, 3)]"
3805 "[(3916, 1), (3950, 1)]"
3933 "[(3821, 1)]"
3841 "[(3950, 1)]"
3845 "[(3891, 3)]"
3859 "[(3861, 1), (3870, 1)]"
