573 575
573 579
574 579
575 579
574 584
573 588
579 588
573 589
575 589
579 589
579 590
573 592
575 592
579 592
584 592
588 592
589 592
573 597
579 597
589 597
592 597
573 598
579 598
592 598
573 603
579 603
589 603
592 603
597 603
573 605
579 605
589 605
592 605
598 605
603 605
573 609
579 609
589 609
590 609
592 609
597 609
598 609
603 609
605 609
573 611
579 611
589 611
592 611
597 611
603 611
575 612
579 612
590 612
592 612
603 612
609 612
574 616
579 616
584 616
592 616
573 617
575 617
579 617
588 617
589 617
590 617
592 617
605 617
609 617
612 617
573 618
584 618
588 618
592 618
597 618
598 618
611 618
616 618
573 619
579 619
588 619
592 619
597 619
598 619
603 619
605 619
609 619
612 619
617 619
618 619
579 620
589 620
592 620
609 620
617 620
574 621
579 621
592 621
616 621
573 622
579 622
589 622
592 622
616 622
621 622
573 623
579 623
589 623
590 623
592 623
597 623
603 623
609 623
616 623
619 623
622 623
573 625
579 625
589 625
592 625
597 625
598 625
603 625
611 625
616 625
617 625
619 625
622 625
623 625
573 626
579 626
592 626
605 626
609 626
617 626
573 630
574 630
575 630
579 630
584 630
592 630
597 630
598 630
605 630
609 630
612 630
616 630
617 630
618 630
619 630
620 630
625 630
626 630
574 631
584 631
616 631
618 631
630 631
573 633
579 633
588 633
590 633
592 633
597 633
618 633
619 633
625 633
573 636
579 636
589 636
592 636
597 636
598 636
609 636
611 636
612 636
618 636
619 636
620 636
623 636
630 636
633 636
584 637
579 639
584 639
616 639
622 639
631 639
637 639
573 644
579 644
588 644
590 644
592 644
597 644
603 644
605 644
609 644
617 644
619 644
620 644
625 644
626 644
630 644
633 644
636 644
617 648
573 653
579 653
588 653
592 653
597 653
598 653
605 653
609 653
611 653
618 653
619 653
620 653
625 653
630 653
633 653
636 653
573 654
575 654
579 654
588 654
589 654
592 654
597 654
598 654
603 654
605 654
609 654
611 654
612 654
617 654
619 654
620 654
623 654
625 654
626 654
644 654
653 654
592 655
630 655
616 657
626 657
630 657
655 657
584 660
616 660
574 663
579 663
616 663
621 663
622 663
630 663
573 664
575 664
579 664
589 664
592 664
609 664
611 664
612 664
617 664
626 664
630 664
644 664
653 664
654 664
573 666
579 666
592 666
609 666
617 666
618 666
620 666
630 666
633 666
636 666
644 666
653 666
654 666
664 666
573 672
592 672
620 672
630 672
653 672
654 672
573 677
579 677
589 677
592 677
597 677
598 677
603 677
605 677
611 677
617 677
619 677
623 677
625 677
626 677
636 677
653 677
654 677
574 678
584 678
588 678
592 678
605 678
612 678
616 678
618 678
619 678
620 678
622 678
630 678
631 678
636 678
637 678
639 678
653 678
654 678
672 678
584 679
618 679
631 679
637 679
678 679
573 680
575 680
579 680
590 680
592 680
597 680
598 680
603 680
605 680
609 680
611 680
612 680
617 680
618 680
626 680
633 680
636 680
644 680
653 680
654 680
666 680
677 680
584 682
588 682
592 682
618 682
630 682
631 682
639 682
657 682
677 682
678 682
679 682
573 684
579 684
589 684
592 684
597 684
598 684
603 684
611 684
616 684
618 684
619 684
622 684
623 684
625 684
630 684
636 684
654 684
677 684
680 684
573 685
575 685
579 685
588 685
592 685
617 685
618 685
619 685
630 685
636 685
653 685
654 685
664 685
678 685
680 685
901 903
901 938
931 939
901 958
901 963
903 963
951 973
922 991
901 992
903 992
938 992
963 992
637 1001
991 1034
980 1048
931 1064
939 1064
1064 1094
901 1097
903 1097
938 1097
958 1097
963 1097
992 1097
1031 1098
901 1118
903 1118
938 1118
958 1118
963 1118
992 1118
1097 1118
980 1124
1001 1124
1048 1124
901 1137
903 1137
958 1137
963 1137
1097 1137
1118 1137
1098 1140
1136 1144
939 1154
1094 1154
637 1155
1001 1155
980 1164
1124 1164
1136 1174
1144 1174
980 1175
1048 1175
1124 1175
991 1177
637 1179
1001 1179
1155 1179
913 1183
1053 1183
901 1186
903 1186
958 1186
1097 1186
1118 1186
1137 1186
931 1212
939 1212
1064 1212
901 1216
903 1216
938 1216
958 1216
963 1216
992 1216
1097 1216
1118 1216
1137 1216
1186 1216
901 1232
903 1232
938 1232
958 1232
963 1232
1097 1232
1118 1232
1137 1232
1186 1232
1216 1232
1064 1234
1212 1234
1098 1251
1136 1251
1144 1251
1174 1251
637 1300
1179 1300
901 1314
903 1314
938 1314
963 1314
992 1314
1097 1314
1118 1314
1216 1314
901 1319
903 1319
938 1319
958 1319
963 1319
1097 1319
1118 1319
1137 1319
1216 1319
901 1333
903 1333
938 1333
958 1333
963 1333
992 1333
1097 1333
1118 1333
1137 1333
1186 1333
1216 1333
1232 1333
1314 1333
1319 1333
939 1342
1064 1342
1212 1342
1001 1349
1094 1349
1154 1349
1155 1349
1179 1349
1300 1349
939 1356
1064 1356
1094 1356
1154 1356
1212 1356
1234 1356
901 1363
903 1363
938 1363
963 1363
992 1363
1097 1363
1118 1363
1186 1363
1216 1363
901 1371
903 1371
958 1371
963 1371
992 1371
1097 1371
1118 1371
1137 1371
1216 1371
1232 1371
1319 1371
1333 1371
1363 1371
1064 1372
1212 1372
1356 1372
637 1374
1001 1374
1179 1374
1300 1374
1349 1374
901 1378
903 1378
938 1378
963 1378
992 1378
1097 1378
1118 1378
1137 1378
1216 1378
1232 1378
1314 1378
1319 1378
1333 1378
1363 1378
1371 1378
1136 1410
1144 1410
1174 1410
1251 1410
1048 1416
1175 1416
1048 1420
1124 1420
1155 1420
1175 1420
938 1424
992 1424
1097 1424
1177 1424
1216 1424
1314 1424
1064 1443
1212 1443
1234 1443
1356 1443
913 1444
1183 1444
901 1452
903 1452
938 1452
958 1452
963 1452
992 1452
1097 1452
1118 1452
1137 1452
1216 1452
1232 1452
1319 1452
1333 1452
1371 1452
1378 1452
973 1461
922 1467
980 1467
991 1467
1048 1467
1175 1467
1371 1467
1416 1467
1420 1467
901 1468
903 1468
938 1468
958 1468
963 1468
992 1468
1097 1468
1118 1468
1137 1468
1216 1468
1232 1468
1319 1468
1333 1468
1371 1468
1378 1468
1452 1468
939 1478
1064 1478
1212 1478
1342 1478
1356 1478
1372 1478
1420 1483
1465 1483
980 1484
1048 1484
1175 1484
901 1493
903 1493
938 1493
958 1493
963 1493
1097 1493
1118 1493
1137 1493
1216 1493
1319 1493
1333 1493
1363 1493
1378 1493
1452 1493
1468 1493
913 1497
939 1497
1064 1497
1212 1497
1356 1497
1001 1506
1155 1506
980 1520
1124 1520
1164 1520
1420 1520
1467 1520
1048 1528
1175 1528
1416 1528
1467 1528
935 1531
1094 1531
1154 1531
1234 1531
1349 1531
1443 1531
901 1533
903 1533
938 1533
958 1533
963 1533
992 1533
1097 1533
1118 1533
1137 1533
1186 1533
1216 1533
1232 1533
1314 1533
1319 1533
1333 1533
1363 1533
1371 1533
1378 1533
1452 1533
1468 1533
901 1548
903 1548
938 1548
958 1548
963 1548
992 1548
1097 1548
1118 1548
1137 1548
1186 1548
1216 1548
1232 1548
1314 1548
1319 1548
1333 1548
1363 1548
1371 1548
1378 1548
1424 1548
1452 1548
1468 1548
1493 1548
1533 1548
1048 1553
1098 1553
931 1566
939 1566
1064 1566
1212 1566
1234 1566
1356 1566
1478 1566
1497 1566
901 1568
903 1568
938 1568
963 1568
992 1568
1097 1568
1118 1568
1137 1568
1216 1568
1232 1568
1319 1568
1333 1568
1371 1568
1378 1568
1452 1568
1468 1568
1493 1568
1533 1568
1548 1568
1098 1579
1553 1579
1098 1593
1136 1593
1144 1593
1232 1593
1410 1593
1452 1593
901 1601
903 1601
938 1601
958 1601
963 1601
992 1601
1097 1601
1118 1601
1137 1601
1216 1601
1232 1601
1314 1601
1319 1601
1333 1601
1371 1601
1378 1601
1424 1601
1452 1601
1468 1601
1493 1601
1533 1601
1548 1601
1568 1601
980 1608
1048 1608
1124 1608
1175 1608
1528 1608
922 1614
1048 1614
1175 1614
1420 1614
1467 1614
913 1620
1175 1620
1416 1620
1444 1620
1497 1620
1528 1620
1531 1620
1553 1620
901 1629
903 1629
963 1629
992 1629
1118 1629
1137 1629
1216 1629
1232 1629
1333 1629
1363 1629
1371 1629
1378 1629
1452 1629
1533 1629
1601 1629
1476 1642
901 1648
903 1648
938 1648
958 1648
963 1648
992 1648
1097 1648
1118 1648
1137 1648
1232 1648
1319 1648
1333 1648
1363 1648
1378 1648
1452 1648
1468 1648
1493 1648
1548 1648
1568 1648
1031 1666
1098 1666
1140 1666
1476 1670
1642 1670
637 1673
1001 1673
1155 1673
1179 1673
1300 1673
1349 1673
1374 1673
913 1675
980 1675
1048 1675
1124 1675
1164 1675
1175 1675
1420 1675
1463 1675
1497 1675
1520 1675
1528 1675
1608 1675
1614 1675
1620 1675
1098 1705
1136 1705
1144 1705
1174 1705
1251 1705
1410 1705
1593 1705
1444 1713
901 1733
903 1733
938 1733
958 1733
963 1733
992 1733
1097 1733
1118 1733
1137 1733
1186 1733
1216 1733
1232 1733
1314 1733
1319 1733
1333 1733
1363 1733
1371 1733
1378 1733
1424 1733
1452 1733
1468 1733
1493 1733
1533 1733
1548 1733
1568 1733
1601 1733
1629 1733
1648 1733
980 1734
1164 1734
1467 1734
931 1743
1064 1743
1212 1743
1349 1743
1356 1743
1478 1743
1497 1743
1531 1743
1566 1743
903 1747
938 1747
963 1747
992 1747
1097 1747
1118 1747
1216 1747
1314 1747
1319 1747
1424 1747
1452 1747
1533 1747
1548 1747
1568 1747
1733 1747
1371 1758
1419 1758
1461 1758
1533 1758
1593 1758
980 1765
1048 1765
1164 1765
1175 1765
1420 1765
1467 1765
1520 1765
1528 1765
1614 1765
1670 1765
1675 1765
980 1768
1048 1768
1124 1768
1175 1768
1416 1768
1420 1768
1467 1768
1483 1768
1520 1768
1528 1768
1553 1768
1608 1768
1614 1768
1620 1768
1651 1768
1675 1768
1734 1768
1765 1768
980 1775
1734 1775
980 1782
1048 1782
1175 1782
1420 1782
1467 1782
1528 1782
1614 1782
1765 1782
992 1784
1137 1784
1216 1784
1314 1784
1333 1784
1371 1784
1452 1784
1593 1784
1601 1784
1629 1784
1733 1784
1747 1784
901 1787
903 1787
938 1787
958 1787
963 1787
992 1787
1097 1787
1118 1787
1216 1787
1232 1787
1314 1787
1333 1787
1363 1787
1371 1787
1378 1787
1424 1787
1452 1787
1468 1787
1493 1787
1533 1787
1548 1787
1568 1787
1593 1787
1601 1787
1648 1787
1733 1787
1747 1787
1758 1787
1784 1787
1048 1791
1276 1791
1416 1791
1467 1791
1520 1791
1528 1791
1553 1791
1620 1791
1765 1791
1768 1791
901 1798
903 1798
938 1798
958 1798
963 1798
992 1798
1097 1798
1118 1798
1137 1798
1186 1798
1216 1798
1232 1798
1314 1798
1319 1798
1333 1798
1371 1798
1378 1798
1424 1798
1452 1798
1468 1798
1493 1798
1533 1798
1548 1798
1568 1798
1601 1798
1648 1798
1733 1798
1784 1798
1787 1798
963 1802
1097 1802
1314 1802
1452 1802
1468 1802
1533 1802
1548 1802
1629 1802
1798 1802
922 1805
1467 1805
931 1829
939 1829
1064 1829
1212 1829
1234 1829
1356 1829
1478 1829
1743 1829
901 1837
903 1837
938 1837
958 1837
963 1837
992 1837
1097 1837
1118 1837
1137 1837
1186 1837
1216 1837
1232 1837
1314 1837
1319 1837
1333 1837
1363 1837
1371 1837
1378 1837
1424 1837
1452 1837
1468 1837
1493 1837
1533 1837
1548 1837
1568 1837
1601 1837
1629 1837
1648 1837
1733 1837
1747 1837
1758 1837
1784 1837
1787 1837
1798 1837
1802 1837
951 1852
1805 1852
1558 1860
1768 1860
901 1880
903 1880
938 1880
958 1880
963 1880
992 1880
1097 1880
1118 1880
1216 1880
1232 1880
1314 1880
1319 1880
1333 1880
1363 1880
1371 1880
1378 1880
1424 1880
1452 1880
1468 1880
1493 1880
1533 1880
1548 1880
1568 1880
1601 1880
1733 1880
1747 1880
1787 1880
1798 1880
1837 1880
913 1885
1497 1885
1620 1885
1675 1885
901 1892
903 1892
1097 1892
1118 1892
1137 1892
1378 1892
1468 1892
1548 1892
1733 1892
1787 1892
1880 1892
901 1895
903 1895
938 1895
958 1895
963 1895
992 1895
1097 1895
1118 1895
1137 1895
1186 1895
1216 1895
1232 1895
1314 1895
1319 1895
1333 1895
1371 1895
1378 1895
1424 1895
1452 1895
1468 1895
1493 1895
1533 1895
1548 1895
1568 1895
1601 1895
1629 1895
1648 1895
1733 1895
1747 1895
1784 1895
1787 1895
1798 1895
1802 1895
1837 1895
1880 1895
913 1910
931 1910
939 1910
1064 1910
1094 1910
1212 1910
1234 1910
1342 1910
1356 1910
1372 1910
1443 1910
1478 1910
1497 1910
1566 1910
1743 1910
1829 1910
1940 1994
1465 2028
1940 2028
1994 2028
1940 2039
1994 2039
2028 2039
2039 2057
1465 2065
2057 2065
1940 2127
2039 2127
2057 2208
2065 2208
1465 2250
1940 2250
2028 2250
2039 2250
2127 2250
1465 2285
1465 2293
2028 2293
2039 2293
2137 2293
1465 2302
1940 2302
1969 2302
1994 2302
2028 2302
2039 2302
2057 2302
2065 2302
2127 2302
2208 2302
2250 2302
2285 2302
2293 2302
2057 2305
2285 2305
1465 2315
1940 2315
1994 2315
2028 2315
2039 2315
2302 2315
1465 2332
1994 2332
2028 2332
2039 2332
2057 2332
2127 2332
2250 2332
2293 2332
2302 2332
2315 2332
1465 2338
1940 2338
1994 2338
2028 2338
2039 2338
2127 2338
2285 2338
2293 2338
2302 2338
2315 2338
2332 2338
1465 2385
1969 2385
2039 2385
2057 2385
2065 2385
2137 2385
2208 2385
2302 2385
2305 2385
2332 2385
1465 2398
2127 2398
2137 2398
2250 2398
2285 2398
2293 2398
2338 2398
2385 2398
1940 2436
2127 2436
2250 2436
2302 2436
2338 2436
2398 2436
2039 2445
2057 2445
2127 2445
2250 2445
2385 2445
2398 2445
2436 2445
1465 2496
2293 2496
2338 2496
2398 2496
1465 2508
2039 2508
2057 2508
2127 2508
2250 2508
2285 2508
2332 2508
2338 2508
2398 2508
2436 2508
2445 2508
2028 2519
2250 2519
1465 2533
1940 2533
1994 2533
2028 2533
2127 2533
2137 2533
2250 2533
2293 2533
2302 2533
2315 2533
2332 2533
2338 2533
2398 2533
2436 2533
2445 2533
1465 2567
1994 2567
2028 2567
2039 2567
2065 2567
2127 2567
2250 2567
2285 2567
2293 2567
2302 2567
2315 2567
2332 2567
2338 2567
2398 2567
2436 2567
2445 2567
2496 2567
2508 2567
2533 2567
1465 2597
1940 2597
1994 2597
2028 2597
2039 2597
2127 2597
2137 2597
2250 2597
2285 2597
2293 2597
2302 2597
2315 2597
2332 2597
2338 2597
2398 2597
2436 2597
2445 2597
2508 2597
2533 2597
2567 2597
1994 2609
2028 2609
2039 2609
2285 2609
2302 2609
2315 2609
2332 2609
2338 2609
2567 2609
2597 2609
2436 2635
2533 2635
1465 2643
1940 2643
2028 2643
2039 2643
2127 2643
2250 2643
2302 2643
2315 2643
2332 2643
2338 2643
2519 2643
2533 2643
2567 2643
2597 2643
2664 2669
2666 2669
2664 2673
2664 2676
2666 2676
2669 2676
1642 2677
1758 2677
2669 2680
2669 2683
2676 2683
2681 2683
2677 2688
2666 2689
2669 2689
2676 2689
2680 2689
2681 2689
2683 2689
1642 2693
2688 2693
2664 2694
2669 2694
2673 2694
2676 2694
2680 2694
2689 2694
2664 2698
2666 2698
2669 2698
2676 2698
2669 2705
2676 2705
2680 2705
2689 2705
2673 2706
2680 2706
2689 2706
2694 2706
2695 2706
1666 2707
2663 2710
2664 2717
2666 2717
2676 2717
2689 2717
2694 2717
2671 2721
1642 2725
2688 2725
2683 2729
2689 2729
2698 2729
2663 2731
2683 2731
2729 2731
2663 2738
2664 2738
2669 2738
2681 2738
2683 2738
2694 2738
2729 2738
2731 2738
2681 2741
2683 2741
2738 2741
2680 2743
2681 2743
2683 2743
2689 2743
2706 2743
2729 2743
2738 2743
2741 2743
2664 2745
2669 2745
2676 2745
2664 2749
2666 2749
2680 2749
2694 2749
2698 2749
2706 2749
2710 2749
2664 2750
2666 2750
2669 2750
2680 2750
2689 2750
2694 2750
2698 2750
2706 2750
2749 2750
2664 2754
2669 2754
2673 2754
2676 2754
2681 2754
2683 2754
2689 2754
2694 2754
2698 2754
2705 2754
2706 2754
2717 2754
2738 2754
2741 2754
2743 2754
2749 2754
2750 2754
2664 2755
2666 2755
2669 2755
2676 2755
2680 2755
2694 2755
2717 2755
2729 2755
2750 2755
2754 2755
2681 2756
2683 2756
2738 2756
2743 2756
2754 2756
2664 2757
2669 2757
2676 2757
2680 2757
2681 2757
2689 2757
2694 2757
2698 2757
2717 2757
2738 2757
2754 2757
2755 2757
2669 2761
2673 2761
2683 2761
2706 2761
2754 2761
2673 2763
2680 2763
2681 2763
2689 2763
2694 2763
2706 2763
2750 2763
2754 2763
2757 2763
2761 2763
1642 2764
1758 2764
2677 2764
2688 2764
2693 2764
2729 2766
2741 2766
2710 2769
2754 2769
2664 2773
2666 2773
2681 2773
2683 2773
2694 2773
2729 2773
2738 2773
2756 2773
2664 2777
2669 2777
2673 2777
2676 2777
2689 2777
2694 2777
2706 2777
2717 2777
2741 2777
2743 2777
2749 2777
2754 2777
2755 2777
2757 2777
2763 2777
2664 2782
2666 2782
2669 2782
2676 2782
2681 2782
2689 2782
2694 2782
2698 2782
2706 2782
2717 2782
2743 2782
2750 2782
2754 2782
2755 2782
2757 2782
2773 2782
2777 2782
2663 2786
2664 2786
2666 2786
2669 2786
2681 2786
2683 2786
2694 2786
2698 2786
2706 2786
2729 2786
2731 2786
2738 2786
2741 2786
2745 2786
2749 2786
2750 2786
2754 2786
2756 2786
2766 2786
2773 2786
2777 2786
2782 2786
2663 2789
2745 2789
2769 2789
2683 2794
2729 2794
2743 2794
2766 2794
2738 2798
2664 2800
2669 2800
2676 2800
2680 2800
2681 2800
2689 2800
2694 2800
2698 2800
2706 2800
2750 2800
2754 2800
2755 2800
2757 2800
2763 2800
2777 2800
2782 2800
2786 2800
2664 2806
2673 2806
2694 2806
2695 2806
2706 2806
2741 2806
2754 2806
2763 2806
2777 2806
2782 2806
2800 2806
2805 2806
2683 2807
2710 2807
2769 2807
2789 2807
2683 2810
2689 2810
2706 2810
2729 2810
2743 2810
2749 2810
2750 2810
2754 2810
2763 2810
2766 2810
2773 2810
2777 2810
2786 2810
2794 2810
2800 2810
2664 2815
2666 2815
2676 2815
2680 2815
2689 2815
2694 2815
2698 2815
2705 2815
2717 2815
2755 2815
2757 2815
2773 2815
2777 2815
2782 2815
2800 2815
2729 2821
2731 2821
2766 2821
2794 2821
2810 2821
1642 2822
2693 2822
2764 2822
2671 2824
2721 2824
2666 2827
2669 2827
2676 2827
2689 2827
2694 2827
2698 2827
2706 2827
2717 2827
2750 2827
2755 2827
2757 2827
2777 2827
2782 2827
2786 2827
2800 2827
2815 2827
2664 2835
2680 2835
2681 2835
2689 2835
2694 2835
2738 2835
2754 2835
2757 2835
2763 2835
2782 2835
2786 2835
2683 2837
2807 2837
2664 2839
2666 2839
2669 2839
2673 2839
2676 2839
2680 2839
2681 2839
2683 2839
2689 2839
2694 2839
2695 2839
2698 2839
2705 2839
2706 2839
2717 2839
2738 2839
2741 2839
2743 2839
2745 2839
2749 2839
2750 2839
2754 2839
2755 2839
2756 2839
2757 2839
2761 2839
2763 2839
2777 2839
2782 2839
2786 2839
2800 2839
2806 2839
2810 2839
2815 2839
2827 2839
2835 2839
2669 2850
2754 2850
2777 2850
2663 2851
2666 2851
2710 2851
2789 2851
2754 2852
2827 2852
2839 2852
2683 2854
2754 2854
2757 2854
2759 2854
2763 2854
2782 2854
2800 2854
2806 2854
2776 2861
2799 2861
2664 2862
2681 2862
2683 2862
2694 2862
2729 2862
2738 2862
2741 2862
2754 2862
2756 2862
2763 2862
2773 2862
2782 2862
2786 2862
2800 2862
2835 2862
2839 2862
2664 2864
2669 2864
2673 2864
2676 2864
2681 2864
2694 2864
2706 2864
2717 2864
2738 2864
2745 2864
2749 2864
2750 2864
2754 2864
2757 2864
2763 2864
2777 2864
2782 2864
2786 2864
2800 2864
2835 2864
2839 2864
2850 2864
2854 2864
2862 2864
2664 2866
2666 2866
2669 2866
2676 2866
2698 2866
2717 2866
2745 2866
2750 2866
2754 2866
2755 2866
2757 2866
2759 2866
2782 2866
2786 2866
2815 2866
2827 2866
2839 2866
2669 2867
2676 2867
2683 2867
2689 2867
2695 2867
2698 2867
2705 2867
2706 2867
2717 2867
2741 2867
2743 2867
2750 2867
2754 2867
2757 2867
2763 2867
2777 2867
2800 2867
2806 2867
2810 2867
2827 2867
2839 2867
2850 2867
2864 2867
2866 2867
2664 2872
2666 2872
2669 2872
2676 2872
2694 2872
2698 2872
2717 2872
2745 2872
2750 2872
2754 2872
2755 2872
2757 2872
2777 2872
2782 2872
2800 2872
2815 2872
2827 2872
2839 2872
2850 2872
2866 2872
2663 2873
2676 2873
2683 2873
2698 2873
2729 2873
2731 2873
2738 2873
2741 2873
2749 2873
2750 2873
2756 2873
2773 2873
2786 2873
2810 2873
2862 2873
2866 2873
2872 2873
2669 2874
2683 2874
2705 2874
2729 2874
2731 2874
2738 2874
2741 2874
2743 2874
2754 2874
2786 2874
2794 2874
2810 2874
2835 2874
2862 2874
2873 2874
2664 2877
2666 2877
2669 2877
2673 2877
2676 2877
2680 2877
2694 2877
2698 2877
2706 2877
2717 2877
2729 2877
2738 2877
2750 2877
2754 2877
2755 2877
2757 2877
2782 2877
2786 2877
2800 2877
2806 2877
2827 2877
2839 2877
2850 2877
2866 2877
2867 2877
2872 2877
2873 2877
2669 2880
2694 2880
2706 2880
2743 2880
2750 2880
2754 2880
2755 2880
2763 2880
2800 2880
2806 2880
2810 2880
2835 2880
2839 2880
2850 2880
2864 2880
2867 2880
2872 2880
2877 2880
2777 2884
2683 2887
2729 2887
2738 2887
2743 2887
2756 2887
2794 2887
2807 2887
2810 2887
2862 2887
2874 2887
2877 2887
2663 2888
2738 2888
2756 2888
2789 2888
2807 2888
2851 2888
2663 2890
2664 2890
2673 2890
2683 2890
2698 2890
2729 2890
2731 2890
2738 2890
2741 2890
2750 2890
2754 2890
2755 2890
2763 2890
2773 2890
2786 2890
2800 2890
2806 2890
2827 2890
2839 2890
2862 2890
2866 2890
2872 2890
2873 2890
2877 2890
2680 2891
2706 2891
2763 2891
2782 2891
2806 2891
2866 2891
2877 2891
2669 2896
2676 2896
2689 2896
2694 2896
2705 2896
2706 2896
2738 2896
2741 2896
2743 2896
2749 2896
2754 2896
2757 2896
2777 2896
2782 2896
2786 2896
2839 2896
2850 2896
2864 2896
2877 2896
2664 2897
2666 2897
2669 2897
2676 2897
2694 2897
2717 2897
2750 2897
2754 2897
2755 2897
2777 2897
2800 2897
2827 2897
2850 2897
2864 2897
2866 2897
2867 2897
2877 2897
2880 2897
2887 2897
2663 2899
2732 2902
1642 2903
2688 2903
2693 2903
2725 2903
2764 2903
2664 2905
2666 2905
2669 2905
2676 2905
2680 2905
2694 2905
2698 2905
2706 2905
2717 2905
2749 2905
2750 2905
2755 2905
2773 2905
2782 2905
2815 2905
2827 2905
2839 2905
2850 2905
2866 2905
2872 2905
2873 2905
2877 2905
2880 2905
2890 2905
2891 2905
2664 2906
2666 2906
2669 2906
2676 2906
2683 2906
2698 2906
2745 2906
2750 2906
2754 2906
2755 2906
2757 2906
2777 2906
2782 2906
2786 2906
2800 2906
2827 2906
2835 2906
2839 2906
2850 2906
2862 2906
2864 2906
2866 2906
2867 2906
2872 2906
2877 2906
2880 2906
2887 2906
2890 2906
2897 2906
2905 2906
2689 2907
2729 2907
2743 2907
2766 2907
2794 2907
2810 2907
2839 2907
2867 2907
2874 2907
2887 2907
2664 2908
2669 2908
2694 2908
2749 2908
2750 2908
2754 2908
2777 2908
2839 2908
2864 2908
2877 2908
2880 2908
2906 2908
2664 2909
2666 2909
2669 2909
2673 2909
2676 2909
2698 2909
2745 2909
2749 2909
2750 2909
2754 2909
2755 2909
2757 2909
2759 2909
2777 2909
2782 2909
2806 2909
2839 2909
2864 2909
2866 2909
2867 2909
2872 2909
2877 2909
2880 2909
2884 2909
2890 2909
2891 2909
2897 2909
2905 2909
2906 2909
2908 2909
2664 2910
2669 2910
2689 2910
2694 2910
2698 2910
2706 2910
2717 2910
2741 2910
2750 2910
2754 2910
2755 2910
2777 2910
2782 2910
2786 2910
2800 2910
2806 2910
2810 2910
2815 2910
2827 2910
2839 2910
2850 2910
2862 2910
2864 2910
2866 2910
2867 2910
2872 2910
2877 2910
2880 2910
2890 2910
2897 2910
2905 2910
2906 2910
2909 2910
2669 2911
2676 2911
2680 2911
2698 2911
2706 2911
2717 2911
2738 2911
2749 2911
2750 2911
2754 2911
2755 2911
2757 2911
2777 2911
2782 2911
2815 2911
2827 2911
2839 2911
2850 2911
2864 2911
2866 2911
2872 2911
2873 2911
2877 2911
2906 2911
2908 2911
2909 2911
2910 2911
2664 2912
2666 2912
2669 2912
2673 2912
2676 2912
2694 2912
2698 2912
2717 2912
2750 2912
2754 2912
2755 2912
2757 2912
2763 2912
2777 2912
2782 2912
2786 2912
2800 2912
2806 2912
2815 2912
2839 2912
2862 2912
2866 2912
2872 2912
2877 2912
2890 2912
2897 2912
2905 2912
2909 2912
2911 2912
2666 2913
2669 2913
2676 2913
2694 2913
2698 2913
2717 2913
2750 2913
2755 2913
2763 2913
2773 2913
2782 2913
2786 2913
2800 2913
2827 2913
2839 2913
2862 2913
2866 2913
2867 2913
2872 2913
2873 2913
2877 2913
2890 2913
2891 2913
2905 2913
2906 2913
2909 2913
2910 2913
2911 2913
2912 2913
2664 2915
2666 2915
2683 2915
2694 2915
2698 2915
2729 2915
2738 2915
2741 2915
2750 2915
2754 2915
2756 2915
2763 2915
2773 2915
2782 2915
2786 2915
2827 2915
2850 2915
2862 2915
2864 2915
2866 2915
2867 2915
2873 2915
2874 2915
2877 2915
2880 2915
2887 2915
2890 2915
2905 2915
2906 2915
2909 2915
2913 2915
2664 2916
2666 2916
2669 2916
2676 2916
2680 2916
2681 2916
2689 2916
2694 2916
2705 2916
2717 2916
2741 2916
2750 2916
2754 2916
2755 2916
2757 2916
2773 2916
2777 2916
2782 2916
2786 2916
2800 2916
2815 2916
2827 2916
2839 2916
2850 2916
2852 2916
2866 2916
2867 2916
2872 2916
2877 2916
2896 2916
2897 2916
2906 2916
2909 2916
2910 2916
2911 2916
2913 2916
2666 2917
2676 2917
2680 2917
2689 2917
2757 2917
2815 2917
2827 2917
2866 2917
2867 2917
2916 2917
2664 2919
2669 2919
2673 2919
2676 2919
2694 2919
2749 2919
2754 2919
2757 2919
2763 2919
2777 2919
2786 2919
2800 2919
2806 2919
2827 2919
2839 2919
2864 2919
2866 2919
2867 2919
2872 2919
2877 2919
2880 2919
2890 2919
2896 2919
2897 2919
2905 2919
2909 2919
2910 2919
2911 2919
2912 2919
2913 2919
2915 2919
2916 2919
2664 2920
2669 2920
2676 2920
2689 2920
2694 2920
2695 2920
2706 2920
2717 2920
2749 2920
2750 2920
2754 2920
2755 2920
2763 2920
2777 2920
2782 2920
2806 2920
2810 2920
2815 2920
2827 2920
2839 2920
2850 2920
2852 2920
2864 2920
2867 2920
2872 2920
2877 2920
2880 2920
2890 2920
2897 2920
2906 2920
2907 2920
2908 2920
2909 2920
2910 2920
2911 2920
2916 2920
2919 2920
2805 2922
2677 2923
2725 2923
2764 2923
2681 2924
2705 2924
2738 2924
2741 2924
2743 2924
2756 2924
2766 2924
2782 2924
2786 2924
2835 2924
2839 2924
2850 2924
2862 2924
2874 2924
2897 2924
2915 2924
2920 2924
2664 2925
2669 2925
2676 2925
2680 2925
2681 2925
2689 2925
2694 2925
2705 2925
2717 2925
2738 2925
2755 2925
2757 2925
2773 2925
2777 2925
2800 2925
2806 2925
2815 2925
2827 2925
2839 2925
2850 2925
2864 2925
2866 2925
2867 2925
2872 2925
2877 2925
2880 2925
2896 2925
2897 2925
2906 2925
2909 2925
2910 2925
2911 2925
2913 2925
2916 2925
2919 2925
2924 2925
2669 2927
2676 2927
2680 2927
2683 2927
2689 2927
2694 2927
2698 2927
2706 2927
2741 2927
2749 2927
2750 2927
2754 2927
2755 2927
2757 2927
2763 2927
2777 2927
2782 2927
2786 2927
2800 2927
2806 2927
2810 2927
2839 2927
2850 2927
2854 2927
2862 2927
2867 2927
2880 2927
2890 2927
2905 2927
2906 2927
2908 2927
2909 2927
2910 2927
2912 2927
2913 2927
2915 2927
2919 2927
2920 2927
2694 2928
2706 2928
2729 2928
2738 2928
2741 2928
2750 2928
2754 2928
2755 2928
2756 2928
2777 2928
2786 2928
2800 2928
2810 2928
2839 2928
2862 2928
2866 2928
2867 2928
2873 2928
2874 2928
2880 2928
2890 2928
2896 2928
2897 2928
2906 2928
2907 2928
2910 2928
2915 2928
2916 2928
2919 2928
2920 2928
2924 2928
2925 2928
2927 2928
2664 2929
2681 2929
2729 2929
2738 2929
2741 2929
2745 2929
2755 2929
2756 2929
2766 2929
2773 2929
2786 2929
2827 2929
2862 2929
2873 2929
2877 2929
2890 2929
2906 2929
2907 2929
2915 2929
2924 2929
2928 2929
2732 2930
2902 2930
2664 2931
2681 2931
2683 2931
2706 2931
2738 2931
2741 2931
2743 2931
2756 2931
2763 2931
2773 2931
2786 2931
2854 2931
2867 2931
2873 2931
2890 2931
2896 2931
2915 2931
2924 2931
2925 2931
2929 2931
2933 2935
2664 2940
2669 2940
2694 2940
2698 2940
2706 2940
2717 2940
2749 2940
2750 2940
2754 2940
2755 2940
2757 2940
2777 2940
2786 2940
2800 2940
2810 2940
2835 2940
2839 2940
2852 2940
2864 2940
2866 2940
2867 2940
2874 2940
2877 2940
2906 2940
2907 2940
2909 2940
2910 2940
2911 2940
2912 2940
2919 2940
2920 2940
2925 2940
2927 2940
2928 2940
1642 2941
2764 2941
2822 2941
2669 2943
2673 2943
2676 2943
2680 2943
2683 2943
2689 2943
2694 2943
2695 2943
2705 2943
2706 2943
2743 2943
2749 2943
2750 2943
2754 2943
2755 2943
2763 2943
2769 2943
2777 2943
2782 2943
2786 2943
2800 2943
2806 2943
2810 2943
2815 2943
2827 2943
2835 2943
2839 2943
2850 2943
2852 2943
2864 2943
2867 2943
2877 2943
2880 2943
2896 2943
2897 2943
2907 2943
2909 2943
2910 2943
2915 2943
2916 2943
2919 2943
2920 2943
2925 2943
2927 2943
2928 2943
2940 2943
2669 2944
2673 2944
2676 2944
2680 2944
2681 2944
2683 2944
2689 2944
2694 2944
2706 2944
2729 2944
2738 2944
2749 2944
2750 2944
2754 2944
2755 2944
2757 2944
2761 2944
2763 2944
2777 2944
2782 2944
2786 2944
2789 2944
2800 2944
2806 2944
2810 2944
2815 2944
2827 2944
2839 2944
2854 2944
2862 2944
2864 2944
2867 2944
2872 2944
2877 2944
2880 2944
2887 2944
2896 2944
2897 2944
2906 2944
2907 2944
2910 2944
2916 2944
2917 2944
2919 2944
2920 2944
2925 2944
2927 2944
2928 2944
2929 2944
2931 2944
2940 2944
2943 2944
2681 2945
2683 2945
2689 2945
2706 2945
2738 2945
2741 2945
2743 2945
2750 2945
2754 2945
2756 2945
2757 2945
2763 2945
2773 2945
2777 2945
2800 2945
2810 2945
2839 2945
2867 2945
2874 2945
2880 2945
2907 2945
2910 2945
2916 2945
2924 2945
2927 2945
2928 2945
2929 2945
2943 2945
2944 2945
2676 2946
2694 2946
2698 2946
2706 2946
2759 2946
2786 2946
2835 2946
2839 2946
2841 2946
2862 2946
2864 2946
2867 2946
2880 2946
2897 2946
2905 2946
2906 2946
2913 2946
2916 2946
2925 2946
2927 2946
2928 2946
2673 2948
2694 2948
2706 2948
2761 2948
2763 2948
2806 2948
2839 2948
2913 2948
2683 2953
2738 2953
2741 2953
2773 2953
2786 2953
2854 2953
2873 2953
2877 2953
2890 2953
2909 2953
2912 2953
2913 2953
2915 2953
2919 2953
2944 2953
2666 2956
2669 2956
2681 2956
2683 2956
2694 2956
2698 2956
2717 2956
2729 2956
2731 2956
2738 2956
2741 2956
2749 2956
2750 2956
2754 2956
2755 2956
2756 2956
2763 2956
2773 2956
2782 2956
2786 2956
2800 2956
2827 2956
2835 2956
2839 2956
2862 2956
2864 2956
2866 2956
2872 2956
2873 2956
2877 2956
2887 2956
2890 2956
2905 2956
2906 2956
2910 2956
2911 2956
2912 2956
2913 2956
2915 2956
2924 2956
2925 2956
2927 2956
2928 2956
2929 2956
2944 2956
2945 2956
2946 2956
2707 2957
2946 2957
2664 2960
2669 2960
2676 2960
2680 2960
2694 2960
2698 2960
2706 2960
2738 2960
2745 2960
2749 2960
2750 2960
2754 2960
2755 2960
2757 2960
2763 2960
2777 2960
2782 2960
2786 2960
2800 2960
2810 2960
2835 2960
2839 2960
2862 2960
2864 2960
2867 2960
2877 2960
2880 2960
2897 2960
2906 2960
2908 2960
2909 2960
2910 2960
2911 2960
2916 2960
2919 2960
2920 2960
2924 2960
2925 2960
2927 2960
2928 2960
2931 2960
2940 2960
2943 2960
2944 2960
2945 2960
2956 2960
2759 2961
2925 2961
2946 2961
2664 2966
2666 2966
2669 2966
2676 2966
2680 2966
2683 2966
2689 2966
2694 2966
2698 2966
2706 2966
2717 2966
2745 2966
2750 2966
2754 2966
2755 2966
2757 2966
2761 2966
2777 2966
2782 2966
2786 2966
2794 2966
2800 2966
2815 2966
2821 2966
2827 2966
2839 2966
2850 2966
2862 2966
2864 2966
2866 2966
2872 2966
2873 2966
2874 2966
2877 2966
2880 2966
2891 2966
2897 2966
2905 2966
2906 2966
2910 2966
2911 2966
2912 2966
2913 2966
2915 2966
2916 2966
2925 2966
2927 2966
2928 2966
2940 2966
2943 2966
2944 2966
2956 2966
2960 2966
2664 2967
2695 2967
2706 2967
2763 2967
2806 2967
2839 2967
2877 2967
2880 2967
2909 2967
2915 2967
2961 2967
2664 2969
2669 2969
2676 2969
2681 2969
2689 2969
2698 2969
2705 2969
2706 2969
2738 2969
2741 2969
2749 2969
2750 2969
2754 2969
2757 2969
2773 2969
2777 2969
2782 2969
2786 2969
2800 2969
2815 2969
2827 2969
2839 2969
2850 2969
2854 2969
2862 2969
2864 2969
2877 2969
2896 2969
2909 2969
2910 2969
2913 2969
2916 2969
2919 2969
2920 2969
2925 2969
2943 2969
2944 2969
2946 2969
2953 2969
2956 2969
2960 2969
1419 2971
2677 2971
2664 2974
2669 2974
2680 2974
2689 2974
2694 2974
2698 2974
2706 2974
2738 2974
2743 2974
2749 2974
2750 2974
2754 2974
2757 2974
2763 2974
2777 2974
2800 2974
2810 2974
2839 2974
2867 2974
2877 2974
2880 2974
2906 2974
2907 2974
2910 2974
2911 2974
2916 2974
2920 2974
2927 2974
2928 2974
2940 2974
2943 2974
2944 2974
2945 2974
2960 2974
2969 2974
2683 2977
2729 2977
2738 2977
2741 2977
2756 2977
2773 2977
2786 2977
2873 2977
2874 2977
2890 2977
2906 2977
2915 2977
2928 2977
2931 2977
2945 2977
2956 2977
2663 2978
2710 2978
2738 2978
2769 2978
2789 2978
2807 2978
2851 2978
2888 2978
2944 2978
1758 2979
2764 2979
2729 2981
2731 2981
2756 2981
2786 2981
2839 2981
2927 2981
2940 2981
2944 2981
2956 2981
2805 2983
2933 2983
2935 2983
2666 2985
2669 2985
2676 2985
2698 2985
2717 2985
2750 2985
2755 2985
2777 2985
2782 2985
2786 2985
2827 2985
2839 2985
2862 2985
2864 2985
2866 2985
2872 2985
2877 2985
2890 2985
2897 2985
2905 2985
2906 2985
2910 2985
2911 2985
2912 2985
2913 2985
2916 2985
2919 2985
2927 2985
2928 2985
2940 2985
2956 2985
2960 2985
2966 2985
2664 2986
2669 2986
2676 2986
2680 2986
2689 2986
2694 2986
2698 2986
2706 2986
2717 2986
2741 2986
2743 2986
2749 2986
2750 2986
2754 2986
2755 2986
2757 2986
2777 2986
2782 2986
2786 2986
2800 2986
2806 2986
2810 2986
2815 2986
2827 2986
2835 2986
2839 2986
2850 2986
2862 2986
2864 2986
2866 2986
2867 2986
2872 2986
2877 2986
2880 2986
2897 2986
2905 2986
2906 2986
2908 2986
2909 2986
2910 2986
2911 2986
2912 2986
2913 2986
2916 2986
2919 2986
2920 2986
2924 2986
2925 2986
2927 2986
2928 2986
2931 2986
2940 2986
2943 2986
2946 2986
2956 2986
2960 2986
2966 2986
2969 2986
2974 2986
2985 2986
2731 2987
2755 2987
2773 2987
2815 2987
2827 2987
2916 2987
2956 2987
2966 2987
2664 2988
2666 2988
2694 2988
2698 2988
2729 2988
2731 2988
2738 2988
2741 2988
2743 2988
2750 2988
2754 2988
2773 2988
2777 2988
2782 2988
2786 2988
2794 2988
2800 2988
2810 2988
2862 2988
2873 2988
2874 2988
2887 2988
2890 2988
2905 2988
2907 2988
2910 2988
2915 2988
2919 2988
2924 2988
2927 2988
2928 2988
2940 2988
2953 2988
2956 2988
2960 2988
2986 2988
2666 2993
2683 2993
2729 2993
2731 2993
2741 2993
2755 2993
2756 2993
2773 2993
2786 2993
2827 2993
2862 2993
2866 2993
2872 2993
2873 2993
2890 2993
2905 2993
2913 2993
2919 2993
2928 2993
2929 2993
2956 2993
2966 2993
2977 2993
2985 2993
2987 2993
2669 2994
2676 2994
2681 2994
2683 2994
2729 2994
2738 2994
2741 2994
2743 2994
2745 2994
2749 2994
2755 2994
2756 2994
2773 2994
2786 2994
2810 2994
2827 2994
2835 2994
2862 2994
2866 2994
2873 2994
2874 2994
2877 2994
2887 2994
2890 2994
2905 2994
2906 2994
2915 2994
2929 2994
2931 2994
2956 2994
2966 2994
2974 2994
2985 2994
2988 2994
2993 2994
2805 2997
2919 2997
2933 2997
2935 2997
2983 2997
1642 2999
2677 2999
2693 2999
2764 2999
2822 2999
2886 2999
2903 2999
2933 2999
2935 2999
2941 2999
2983 2999
2664 3004
2666 3004
2669 3004
2673 3004
2694 3004
2706 3004
2738 3004
2745 3004
2754 3004
2757 3004
2773 3004
2777 3004
2782 3004
2800 3004
2806 3004
2839 3004
2864 3004
2867 3004
2877 3004
2880 3004
2887 3004
2890 3004
2897 3004
2906 3004
2908 3004
2909 3004
2911 3004
2912 3004
2915 3004
2919 3004
2920 3004
2927 3004
2944 3004
2960 3004
2967 3004
2986 3004
2676 3010
2683 3010
2729 3010
2745 3010
2769 3010
2782 3010
2807 3010
2837 3010
2854 3010
2888 3010
2915 3010
2928 3010
2978 3010
2805 3012
2933 3012
2935 3012
2983 3012
2997 3012
2666 3014
2681 3014
2738 3014
2755 3014
2773 3014
2782 3014
2786 3014
2806 3014
2862 3014
2873 3014
2890 3014
2905 3014
2912 3014
2915 3014
2919 3014
2929 3014
2953 3014
2956 3014
2960 3014
2966 3014
2977 3014
2986 3014
2987 3014
2993 3014
2994 3014
2664 3022
2666 3022
2669 3022
2676 3022
2680 3022
2689 3022
2694 3022
2698 3022
2717 3022
2745 3022
2749 3022
2750 3022
2754 3022
2755 3022
2757 3022
2777 3022
2782 3022
2786 3022
2815 3022
2827 3022
2839 3022
2862 3022
2866 3022
2867 3022
2872 3022
2873 3022
2877 3022
2880 3022
2896 3022
2905 3022
2906 3022
2908 3022
2909 3022
2911 3022
2912 3022
2916 3022
2925 3022
2927 3022
2943 3022
2944 3022
2956 3022
2960 3022
2966 3022
2985 3022
2986 3022
2988 3022
3004 3022
2673 3023
2694 3023
2695 3023
2706 3023
2743 3023
2750 3023
2754 3023
2761 3023
2763 3023
2800 3023
2806 3023
2810 3023
2839 3023
2854 3023
2867 3023
2880 3023
2943 3023
2944 3023
2945 3023
2948 3023
2967 3023
2974 3023
3004 3023
2683 3025
2729 3025
2731 3025
2738 3025
2754 3025
2756 3025
2766 3025
2782 3025
2786 3025
2807 3025
2810 3025
2837 3025
2839 3025
2854 3025
2862 3025
2874 3025
2887 3025
2890 3025
2906 3025
2907 3025
2924 3025
2944 3025
2981 3025
2987 3025
2988 3025
3010 3025
3022 3025
2666 3026
2669 3026
2683 3026
2698 3026
2729 3026
2731 3026
2738 3026
2741 3026
2749 3026
2750 3026
2754 3026
2755 3026
2756 3026
2763 3026
2773 3026
2782 3026
2786 3026
2789 3026
2800 3026
2815 3026
2827 3026
2839 3026
2862 3026
2866 3026
2867 3026
2872 3026
2873 3026
2877 3026
2890 3026
2891 3026
2905 3026
2906 3026
2909 3026
2912 3026
2913 3026
2915 3026
2927 3026
2928 3026
2929 3026
2931 3026
2944 3026
2945 3026
2953 3026
2956 3026
2966 3026
2987 3026
2988 3026
2993 3026
3010 3026
3014 3026
3022 3026
3025 3026
2805 3028
2922 3028
2933 3028
2983 3028
3012 3028
2664 3029
2680 3029
2681 3029
2683 3029
2738 3029
2743 3029
2754 3029
2756 3029
2773 3029
2786 3029
2839 3029
2862 3029
2873 3029
2877 3029
2887 3029
2890 3029
2906 3029
2915 3029
2927 3029
2928 3029
2929 3029
2931 3029
2943 3029
2945 3029
2956 3029
2977 3029
2986 3029
2993 3029
2994 3029
3014 3029
3025 3029
2837 3030
3010 3030
2664 3033
2666 3033
2669 3033
2676 3033
2680 3033
2694 3033
2698 3033
2705 3033
2717 3033
2745 3033
2750 3033
2754 3033
2755 3033
2757 3033
2782 3033
2786 3033
2800 3033
2815 3033
2827 3033
2835 3033
2839 3033
2866 3033
2872 3033
2873 3033
2877 3033
2890 3033
2897 3033
2905 3033
2906 3033
2909 3033
2910 3033
2911 3033
2912 3033
2913 3033
2915 3033
2916 3033
2919 3033
2920 3033
2925 3033
2927 3033
2928 3033
2946 3033
2960 3033
2966 3033
2969 3033
2985 3033
2986 3033
2993 3033
2994 3033
3010 3033
3022 3033
3026 3033
2676 3036
2683 3036
2729 3036
2731 3036
2738 3036
2743 3036
2754 3036
2757 3036
2782 3036
2887 3036
2925 3036
2927 3036
2963 3036
2969 3036
2981 3036
2986 3036
2988 3036
3010 3036
3025 3036
3026 3036
2664 3040
2666 3040
2669 3040
2676 3040
2750 3040
2755 3040
2757 3040
2773 3040
2782 3040
2800 3040
2815 3040
2827 3040
2839 3040
2866 3040
2872 3040
2877 3040
2906 3040
2908 3040
2911 3040
2916 3040
2925 3040
2927 3040
2956 3040
2960 3040
2966 3040
2985 3040
2994 3040
3022 3040
3033 3040
2763 3042
2877 3042
2890 3042
2909 3042
2913 3042
2915 3042
2931 3042
2963 3042
2981 3042
2800 3044
2884 3044
2927 3044
2666 3047
2669 3047
2676 3047
2698 3047
2717 3047
2749 3047
2750 3047
2755 3047
2782 3047
2866 3047
2872 3047
2873 3047
2877 3047
2890 3047
2905 3047
2906 3047
2909 3047
2911 3047
2912 3047
2913 3047
2915 3047
2916 3047
2927 3047
2929 3047
2956 3047
2960 3047
2966 3047
2985 3047
2986 3047
2993 3047
2994 3047
3022 3047
3026 3047
3040 3047
2673 3052
2698 3052
2706 3052
2750 3052
2754 3052
2761 3052
2763 3052
2782 3052
2839 3052
2872 3052
2873 3052
2877 3052
2887 3052
2890 3052
2891 3052
2905 3052
2909 3052
2915 3052
2927 3052
2948 3052
2953 3052
2966 3052
2985 3052
2987 3052
3014 3052
3022 3052
3023 3052
3026 3052
3033 3052
2799 3053
2861 3053
2664 3054
2669 3054
2680 3054
2681 3054
2705 3054
2741 3054
2743 3054
2754 3054
2755 3054
2757 3054
2761 3054
2777 3054
2782 3054
2786 3054
2827 3054
2839 3054
2850 3054
2862 3054
2864 3054
2867 3054
2872 3054
2873 3054
2877 3054
2880 3054
2896 3054
2897 3054
2906 3054
2909 3054
2910 3054
2911 3054
2913 3054
2915 3054
2916 3054
2919 3054
2920 3054
2925 3054
2927 3054
2928 3054
2931 3054
2940 3054
2943 3054
2946 3054
2966 3054
2967 3054
2969 3054
2974 3054
2985 3054
2986 3054
3004 3054
3022 3054
3033 3054
2669 3056
2676 3056
2680 3056
2681 3056
2689 3056
2694 3056
2705 3056
2706 3056
2717 3056
2741 3056
2743 3056
2749 3056
2750 3056
2754 3056
2755 3056
2757 3056
2763 3056
2777 3056
2800 3056
2810 3056
2815 3056
2839 3056
2866 3056
2867 3056
2872 3056
2880 3056
2896 3056
2897 3056
2906 3056
2907 3056
2910 3056
2916 3056
2919 3056
2925 3056
2927 3056
2928 3056
2931 3056
2940 3056
2943 3056
2944 3056
2945 3056
2960 3056
2966 3056
2969 3056
2974 3056
2986 3056
3023 3056
3033 3056
3054 3056
2933 3063
2935 3063
2983 3063
2997 3063
3028 3063
2664 3064
2666 3064
2669 3064
2676 3064
2680 3064
2689 3064
2694 3064
2698 3064
2717 3064
2750 3064
2754 3064
2755 3064
2757 3064
2759 3064
2777 3064
2782 3064
2815 3064
2827 3064
2839 3064
2866 3064
2867 3064
2872 3064
2877 3064
2880 3064
2897 3064
2905 3064
2909 3064
2910 3064
2911 3064
2912 3064
2913 3064
2915 3064
2916 3064
2920 3064
2925 3064
2940 3064
2944 3064
2960 3064
2985 3064
2986 3064
3022 3064
3033 3064
3040 3064
3047 3064
3054 3064
2669 3065
2676 3065
2689 3065
2694 3065
2717 3065
2754 3065
2755 3065
2757 3065
2815 3065
2827 3065
2839 3065
2864 3065
2866 3065
2872 3065
2880 3065
2906 3065
2910 3065
2911 3065
2916 3065
2917 3065
2925 3065
2927 3065
2943 3065
2944 3065
2946 3065
2948 3065
2960 3065
2966 3065
2969 3065
2986 3065
3033 3065
3040 3065
3054 3065
3056 3065
3064 3065
2886 3066
2933 3066
2935 3066
2983 3066
2999 3066
2693 3069
2689 3073
2729 3073
2743 3073
2749 3073
2750 3073
2756 3073
2777 3073
2786 3073
2794 3073
2800 3073
2810 3073
2839 3073
2862 3073
2864 3073
2867 3073
2874 3073
2877 3073
2880 3073
2887 3073
2890 3073
2891 3073
2896 3073
2897 3073
2907 3073
2910 3073
2915 3073
2919 3073
2920 3073
2927 3073
2928 3073
2931 3073
2943 3073
2944 3073
2945 3073
2953 3073
2960 3073
2974 3073
2981 3073
2986 3073
2988 3073
2994 3073
3025 3073
3029 3073
3036 3073
3056 3073
2671 3077
2721 3077
2824 3077
2900 3077
2664 3078
2666 3078
2669 3078
2676 3078
2680 3078
2689 3078
2694 3078
2698 3078
2717 3078
2741 3078
2745 3078
2749 3078
2750 3078
2754 3078
2755 3078
2757 3078
2773 3078
2777 3078
2782 3078
2786 3078
2800 3078
2815 3078
2827 3078
2839 3078
2864 3078
2866 3078
2867 3078
2872 3078
2873 3078
2877 3078
2880 3078
2890 3078
2896 3078
2905 3078
2906 3078
2909 3078
2910 3078
2911 3078
2912 3078
2913 3078
2915 3078
2916 3078
2919 3078
2920 3078
2927 3078
2928 3078
2931 3078
2940 3078
2943 3078
2944 3078
2956 3078
2960 3078
2966 3078
2969 3078
2974 3078
2985 3078
2986 3078
2988 3078
2994 3078
3004 3078
3022 3078
3026 3078
3033 3078
3047 3078
3054 3078
3056 3078
3064 3078
3065 3078
3073 3078
2886 3083
2983 3083
2999 3083
3066 3083
2663 3084
2666 3084
2669 3084
2683 3084
2729 3084
2731 3084
2738 3084
2741 3084
2755 3084
2756 3084
2773 3084
2782 3084
2786 3084
2789 3084
2807 3084
2810 3084
2851 3084
2862 3084
2866 3084
2872 3084
2873 3084
2874 3084
2887 3084
2890 3084
2905 3084
2915 3084
2919 3084
2928 3084
2929 3084
2944 3084
2953 3084
2956 3084
2963 3084
2966 3084
2977 3084
2987 3084
2988 3084
2993 3084
2994 3084
3014 3084
3025 3084
3026 3084
3029 3084
3030 3084
3036 3084
3054 3084
2669 3085
2676 3085
2680 3085
2681 3085
2689 3085
2694 3085
2705 3085
2717 3085
2741 3085
2743 3085
2749 3085
2754 3085
2777 3085
2782 3085
2800 3085
2815 3085
2839 3085
2867 3085
2880 3085
2896 3085
2916 3085
2919 3085
2920 3085
2924 3085
2925 3085
2927 3085
2931 3085
2943 3085
2944 3085
2946 3085
2966 3085
2969 3085
2986 3085
3029 3085
3033 3085
3054 3085
3056 3085
3065 3085
3078 3085
2663 3090
2664 3090
2666 3090
2681 3090
2683 3090
2694 3090
2698 3090
2710 3090
2729 3090
2731 3090
2738 3090
2750 3090
2754 3090
2755 3090
2756 3090
2757 3090
2769 3090
2773 3090
2782 3090
2786 3090
2800 3090
2810 3090
2815 3090
2827 3090
2851 3090
2862 3090
2866 3090
2872 3090
2873 3090
2877 3090
2887 3090
2888 3090
2890 3090
2905 3090
2909 3090
2910 3090
2911 3090
2912 3090
2913 3090
2915 3090
2916 3090
2924 3090
2927 3090
2928 3090
2929 3090
2931 3090
2944 3090
2945 3090
2953 3090
2956 3090
2966 3090
2978 3090
2987 3090
2988 3090
2993 3090
2994 3090
3010 3090
3014 3090
3022 3090
3025 3090
3026 3090
3029 3090
3036 3090
3040 3090
3042 3090
3047 3090
3052 3090
3078 3090
3084 3090
2671 3091
2721 3091
2824 3091
3077 3091
2738 3092
2915 3092
2967 3092
2664 3096
2666 3096
2669 3096
2676 3096
2680 3096
2683 3096
2689 3096
2694 3096
2698 3096
2706 3096
2717 3096
2749 3096
2750 3096
2754 3096
2755 3096
2757 3096
2773 3096
2777 3096
2782 3096
2800 3096
2815 3096
2827 3096
2839 3096
2852 3096
2864 3096
2866 3096
2872 3096
2877 3096
2906 3096
2908 3096
2911 3096
2913 3096
2915 3096
2916 3096
2925 3096
2927 3096
2928 3096
2940 3096
2943 3096
2960 3096
2966 3096
2969 3096
2974 3096
2986 3096
3022 3096
3026 3096
3033 3096
3040 3096
3047 3096
3054 3096
3056 3096
3064 3096
3065 3096
3078 3096
2664 3098
2666 3098
2669 3098
2676 3098
2698 3098
2717 3098
2738 3098
2741 3098
2750 3098
2755 3098
2757 3098
2777 3098
2800 3098
2815 3098
2827 3098
2839 3098
2864 3098
2866 3098
2867 3098
2872 3098
2877 3098
2880 3098
2897 3098
2905 3098
2906 3098
2911 3098
2912 3098
2913 3098
2916 3098
2920 3098
2924 3098
2925 3098
2931 3098
2944 3098
2945 3098
2961 3098
2966 3098
2969 3098
2986 3098
3022 3098
3026 3098
3033 3098
3040 3098
3047 3098
3056 3098
3064 3098
3078 3098
3096 3098
2663 3104
2664 3104
2669 3104
2683 3104
2694 3104
2698 3104
2729 3104
2738 3104
2750 3104
2754 3104
2756 3104
2757 3104
2773 3104
2782 3104
2786 3104
2789 3104
2835 3104
2839 3104
2854 3104
2862 3104
2864 3104
2873 3104
2874 3104
2877 3104
2890 3104
2905 3104
2906 3104
2909 3104
2913 3104
2915 3104
2919 3104
2928 3104
2929 3104
2944 3104
2946 3104
2953 3104
2956 3104
2960 3104
2966 3104
2969 3104
2977 3104
2978 3104
2987 3104
2988 3104
2993 3104
2994 3104
3004 3104
3010 3104
3014 3104
3025 3104
3026 3104
3029 3104
3036 3104
3052 3104
3078 3104
3084 3104
3090 3104
3092 3104
2754 3105
2776 3105
2799 3105
3053 3105
2664 3108
2666 3108
2669 3108
2676 3108
2689 3108
2694 3108
2717 3108
2749 3108
2750 3108
2754 3108
2755 3108
2757 3108
2777 3108
2782 3108
2815 3108
2827 3108
2839 3108
2864 3108
2866 3108
2872 3108
2905 3108
2906 3108
2908 3108
2910 3108
2911 3108
2916 3108
2917 3108
2919 3108
2920 3108
2925 3108
2927 3108
2940 3108
2943 3108
2944 3108
2960 3108
2966 3108
2969 3108
2974 3108
2985 3108
2986 3108
2994 3108
3022 3108
3033 3108
3040 3108
3064 3108
3065 3108
3078 3108
3085 3108
3096 3108
3098 3108
2663 3114
2729 3114
2731 3114
2738 3114
2743 3114
2786 3114
2806 3114
2821 3114
2851 3114
2873 3114
2877 3114
2887 3114
2888 3114
2890 3114
2910 3114
2915 3114
2956 3114
2981 3114
2986 3114
2987 3114
2994 3114
3025 3114
3026 3114
3036 3114
3042 3114
3054 3114
3073 3114
3084 3114
3090 3114
3104 3114
2689 3117
2698 3117
2755 3117
2759 3117
2810 3117
2835 3117
2839 3117
2841 3117
2864 3117
2867 3117
2877 3117
2880 3117
2896 3117
2905 3117
2906 3117
2910 3117
2915 3117
2916 3117
2920 3117
2925 3117
2927 3117
2928 3117
2940 3117
2946 3117
2956 3117
2960 3117
2966 3117
2969 3117
3004 3117
3022 3117
3033 3117
3040 3117
3056 3117
3078 3117
3098 3117
2683 3119
2698 3119
2729 3119
2738 3119
2743 3119
2750 3119
2755 3119
2766 3119
2773 3119
2786 3119
2794 3119
2800 3119
2821 3119
2835 3119
2839 3119
2862 3119
2864 3119
2873 3119
2874 3119
2887 3119
2890 3119
2897 3119
2905 3119
2906 3119
2910 3119
2913 3119
2927 3119
2928 3119
2929 3119
2931 3119
2946 3119
2953 3119
2956 3119
2960 3119
2966 3119
2977 3119
2981 3119
2988 3119
2993 3119
2994 3119
3025 3119
3026 3119
3029 3119
3033 3119
3044 3119
3054 3119
3073 3119
3084 3119
3090 3119
3098 3119
3104 3119
3114 3119
2799 3122
2861 3122
3053 3122
3105 3122
2683 3123
2729 3123
2731 3123
2738 3123
2782 3123
2807 3123
2810 3123
2873 3123
2890 3123
2956 3123
2981 3123
2987 3123
2988 3123
2993 3123
3025 3123
3026 3123
3036 3123
3084 3123
3090 3123
3104 3123
3114 3123
3119 3123
2920 3124
2946 3124
3117 3124
2886 3126
3066 3126
3083 3126
2886 3128
2983 3128
2999 3128
3066 3128
3083 3128
3126 3128
2669 3129
2680 3129
2681 3129
2683 3129
2705 3129
2749 3129
2754 3129
2757 3129
2807 3129
2835 3129
2873 3129
2896 3129
2916 3129
2917 3129
2925 3129
2931 3129
2944 3129
2960 3129
2977 3129
3029 3129
3056 3129
3078 3129
3085 3129
3098 3129
2663 3130
2710 3130
2769 3130
2789 3130
2807 3130
2851 3130
2888 3130
2978 3130
2981 3130
3084 3130
3104 3130
2732 3131
2902 3131
2930 3131
2689 3135
2729 3135
2743 3135
2756 3135
2757 3135
2794 3135
2800 3135
2810 3135
2821 3135
2839 3135
2864 3135
2874 3135
2887 3135
2907 3135
2943 3135
2944 3135
2945 3135
2988 3135
2993 3135
2994 3135
3025 3135
3056 3135
3073 3135
3119 3135
3123 3135
2663 3137
2683 3137
2729 3137
2731 3137
2738 3137
2750 3137
2754 3137
2789 3137
2851 3137
2873 3137
2877 3137
2888 3137
2890 3137
2915 3137
2931 3137
2981 3137
2987 3137
2993 3137
3010 3137
3025 3137
3026 3137
3036 3137
3042 3137
3073 3137
3084 3137
3090 3137
3104 3137
3114 3137
3123 3137
2663 3139
2745 3139
2769 3139
2851 3139
2899 3139
2978 3139
3026 3139
3090 3139
3114 3139
3137 3139
2776 3141
2861 3141
3053 3141
3105 3141
3122 3141
2664 3142
2666 3142
2669 3142
2676 3142
2689 3142
2694 3142
2698 3142
2717 3142
2749 3142
2750 3142
2754 3142
2757 3142
2782 3142
2806 3142
2815 3142
2839 3142
2866 3142
2872 3142
2877 3142
2890 3142
2891 3142
2905 3142
2906 3142
2909 3142
2912 3142
2913 3142
2916 3142
2919 3142
2944 3142
2966 3142
2985 3142
2988 3142
3022 3142
3033 3142
3040 3142
3047 3142
3064 3142
3078 3142
3090 3142
3096 3142
3098 3142
2664 3149
2666 3149
2669 3149
2676 3149
2680 3149
2694 3149
2698 3149
2749 3149
2750 3149
2755 3149
2757 3149
2782 3149
2815 3149
2827 3149
2839 3149
2866 3149
2867 3149
2872 3149
2873 3149
2877 3149
2890 3149
2906 3149
2911 3149
2913 3149
2916 3149
2919 3149
2944 3149
2946 3149
2960 3149
2966 3149
2974 3149
2985 3149
2986 3149
2987 3149
2993 3149
2994 3149
3014 3149
3022 3149
3033 3149
3040 3149
3047 3149
3052 3149
3054 3149
3064 3149
3078 3149
3084 3149
3096 3149
3098 3149
3108 3149
3137 3149
2745 3153
2944 3153
2960 3153
3054 3153
3139 3153
2983 3155
2997 3155
3012 3155
3028 3155
3063 3155
3066 3155
2683 3158
2689 3158
2729 3158
2731 3158
2743 3158
2755 3158
2773 3158
2777 3158
2786 3158
2794 3158
2810 3158
2821 3158
2839 3158
2867 3158
2873 3158
2874 3158
2887 3158
2890 3158
2907 3158
2915 3158
2944 3158
2945 3158
2960 3158
2966 3158
2974 3158
2981 3158
2987 3158
2988 3158
2993 3158
3025 3158
3026 3158
3073 3158
3084 3158
3090 3158
3119 3158
3123 3158
3135 3158
3137 3158
2755 3163
2810 3163
2827 3163
2839 3163
2915 3163
2945 3163
2966 3163
2987 3163
2993 3163
3033 3163
3064 3163
3073 3163
3090 3163
3096 3163
3142 3163
3149 3163
3158 3163
2729 3166
2731 3166
2754 3166
2755 3166
2773 3166
2786 3166
2821 3166
2827 3166
2872 3166
2873 3166
2890 3166
2956 3166
2966 3166
2977 3166
2986 3166
2987 3166
2988 3166
2993 3166
2994 3166
3022 3166
3025 3166
3026 3166
3036 3166
3084 3166
3114 3166
3119 3166
3123 3166
3135 3166
3137 3166
3158 3166
3163 3166
2664 3174
2666 3174
2669 3174
2676 3174
2680 3174
2694 3174
2717 3174
2741 3174
2745 3174
2754 3174
2755 3174
2757 3174
2773 3174
2782 3174
2786 3174
2800 3174
2827 3174
2835 3174
2839 3174
2862 3174
2864 3174
2866 3174
2867 3174
2873 3174
2877 3174
2880 3174
2897 3174
2906 3174
2910 3174
2913 3174
2915 3174
2916 3174
2925 3174
2928 3174
2929 3174
2940 3174
2946 3174
2956 3174
2960 3174
2966 3174
2974 3174
2985 3174
2986 3174
2994 3174
3022 3174
3029 3174
3033 3174
3040 3174
3054 3174
3064 3174
3065 3174
3078 3174
3096 3174
3117 3174
3119 3174
3142 3174
3149 3174
3166 3174
2732 3180
2902 3180
2930 3180
3131 3180
2732 3181
2902 3181
2930 3181
3131 3181
3180 3181
2664 3184
2669 3184
2673 3184
2676 3184
2681 3184
2706 3184
2741 3184
2754 3184
2757 3184
2761 3184
2763 3184
2777 3184
2782 3184
2806 3184
2839 3184
2854 3184
2867 3184
2877 3184
2880 3184
2891 3184
2905 3184
2906 3184
2909 3184
2913 3184
2919 3184
2920 3184
2924 3184
2925 3184
2927 3184
2931 3184
2948 3184
2956 3184
2960 3184
2969 3184
2986 3184
3014 3184
3022 3184
3023 3184
3026 3184
3052 3184
3054 3184
3056 3184
3065 3184
3096 3184
3174 3184
2673 3193
2676 3193
2680 3193
2705 3193
2706 3193
2741 3193
2761 3193
2763 3193
2839 3193
2850 3193
2854 3193
2891 3193
2896 3193
2948 3193
3023 3193
3052 3193
3056 3193
3085 3193
3149 3193
3184 3193
2664 3195
2676 3195
2680 3195
2694 3195
2698 3195
2717 3195
2754 3195
2755 3195
2757 3195
2777 3195
2782 3195
2815 3195
2827 3195
2835 3195
2839 3195
2850 3195
2862 3195
2866 3195
2867 3195
2872 3195
2877 3195
2897 3195
2905 3195
2906 3195
2910 3195
2911 3195
2913 3195
2915 3195
2916 3195
2917 3195
2925 3195
2928 3195
2940 3195
2944 3195
2956 3195
2966 3195
2969 3195
2986 3195
2987 3195
2993 3195
3022 3195
3026 3195
3033 3195
3040 3195
3054 3195
3056 3195
3064 3195
3065 3195
3078 3195
3090 3195
3096 3195
3098 3195
3108 3195
3117 3195
3142 3195
3149 3195
3158 3195
3163 3195
3174 3195
2799 3200
2857 3200
2861 3200
3053 3200
3105 3200
3122 3200
3141 3200
2694 3202
2750 3202
2754 3202
2759 3202
2839 3202
2877 3202
2911 3202
3052 3202
1758 3205
2688 3205
3124 3205
2695 3213
2706 3213
2759 3213
2763 3213
2782 3213
2786 3213
2800 3213
2806 3213
2810 3213
2839 3213
2854 3213
2867 3213
2880 3213
2909 3213
2915 3213
2920 3213
2943 3213
2944 3213
2945 3213
2967 3213
2974 3213
3023 3213
3026 3213
3092 3213
3117 3213
3142 3213
3184 3213
2776 3216
2861 3216
3053 3216
3141 3216
3200 3216
2799 3218
2861 3218
3053 3218
3105 3218
3122 3218
3141 3218
3200 3218
2683 3220
2689 3220
2706 3220
2738 3220
2741 3220
2743 3220
2749 3220
2754 3220
2756 3220
2757 3220
2763 3220
2777 3220
2786 3220
2800 3220
2810 3220
2839 3220
2852 3220
2862 3220
2880 3220
2887 3220
2906 3220
2907 3220
2908 3220
2910 3220
2920 3220
2924 3220
2927 3220
2928 3220
2929 3220
2940 3220
2943 3220
2944 3220
2945 3220
2956 3220
2969 3220
2974 3220
2986 3220
3029 3220
3056 3220
3073 3220
3090 3220
3135 3220
3158 3220
3213 3220
2664 3226
2666 3226
2669 3226
2676 3226
2694 3226
2698 3226
2717 3226
2750 3226
2754 3226
2755 3226
2757 3226
2777 3226
2782 3226
2815 3226
2827 3226
2835 3226
2839 3226
2852 3226
2864 3226
2866 3226
2872 3226
2873 3226
2877 3226
2890 3226
2897 3226
2905 3226
2906 3226
2909 3226
2910 3226
2911 3226
2912 3226
2913 3226
2915 3226
2916 3226
2920 3226
2925 3226
2943 3226
2944 3226
2960 3226
2966 3226
2985 3226
2986 3226
2993 3226
3004 3226
3022 3226
3026 3226
3033 3226
3040 3226
3047 3226
3052 3226
3054 3226
3056 3226
3064 3226
3065 3226
3078 3226
3092 3226
3096 3226
3098 3226
3108 3226
3129 3226
3142 3226
3149 3226
3163 3226
3174 3226
3184 3226
3195 3226
2884 3227
2961 3227
2669 3228
2680 3228
2681 3228
2741 3228
2754 3228
2755 3228
2763 3228
2777 3228
2786 3228
2839 3228
2850 3228
2854 3228
2896 3228
2897 3228
2905 3228
2911 3228
2916 3228
2925 3228
2943 3228
2946 3228
2960 3228
2986 3228
3033 3228
3054 3228
3056 3228
3065 3228
3085 3228
3117 3228
3129 3228
3137 3228
2663 3229
2738 3229
2851 3229
2890 3229
2899 3229
3090 3229
3137 3229
3139 3229
3153 3229
2663 3231
2731 3231
2738 3231
2789 3231
2807 3231
2837 3231
2851 3231
2888 3231
2978 3231
3010 3231
3025 3231
3030 3231
3036 3231
3090 3231
3114 3231
3123 3231
3137 3231
3139 3231
3229 3231
2664 3232
2666 3232
2669 3232
2676 3232
2680 3232
2683 3232
2689 3232
2694 3232
2698 3232
2738 3232
2750 3232
2754 3232
2755 3232
2756 3232
2757 3232
2763 3232
2777 3232
2782 3232
2800 3232
2815 3232
2827 3232
2839 3232
2862 3232
2864 3232
2866 3232
2867 3232
2872 3232
2873 3232
2874 3232
2877 3232
2880 3232
2890 3232
2897 3232
2905 3232
2909 3232
2910 3232
2911 3232
2912 3232
2913 3232
2915 3232
2916 3232
2919 3232
2920 3232
2927 3232
2929 3232
2940 3232
2943 3232
2944 3232
2956 3232
2960 3232
2966 3232
2981 3232
2985 3232
2986 3232
2988 3232
2993 3232
3004 3232
3014 3232
3022 3232
3023 3232
3026 3232
3033 3232
3040 3232
3044 3232
3047 3232
3052 3232
3054 3232
3056 3232
3064 3232
3065 3232
3073 3232
3078 3232
3084 3232
3085 3232
3090 3232
3096 3232
3098 3232
3104 3232
3108 3232
3119 3232
3137 3232
3142 3232
3149 3232
3158 3232
3166 3232
3174 3232
3195 3232
3202 3232
3220 3232
3226 3232
2698 3234
2706 3234
2741 3234
2750 3234
2754 3234
2761 3234
2763 3234
2782 3234
2806 3234
2839 3234
2854 3234
2864 3234
2891 3234
2927 3234
2948 3234
2967 3234
2988 3234
3023 3234
3026 3234
3052 3234
3184 3234
3193 3234
3213 3234
3232 3234
2669 3237
2683 3237
2706 3237
2745 3237
2759 3237
2761 3237
2763 3237
2806 3237
2839 3237
2854 3237
2877 3237
2891 3237
2966 3237
3042 3237
3052 3237
3092 3237
3117 3237
3149 3237
3232 3237
3234 3237
2683 3238
2738 3238
2741 3238
2755 3238
2756 3238
2773 3238
2786 3238
2839 3238
2862 3238
2872 3238
2873 3238
2874 3238
2877 3238
2927 3238
2931 3238
2940 3238
2953 3238
2956 3238
2966 3238
2977 3238
2986 3238
2993 3238
3025 3238
3026 3238
3029 3238
3033 3238
3084 3238
3085 3238
3090 3238
3119 3238
3158 3238
3166 3238
2738 3243
2741 3243
2743 3243
2754 3243
2786 3243
2835 3243
2867 3243
2874 3243
2890 3243
2915 3243
2928 3243
2943 3243
2944 3243
2945 3243
2956 3243
2977 3243
3054 3243
3084 3243
3104 3243
2736 3248
2841 3248
2664 3250
2666 3250
2676 3250
2694 3250
2717 3250
2754 3250
2755 3250
2782 3250
2800 3250
2815 3250
2839 3250
2864 3250
2866 3250
2872 3250
2877 3250
2909 3250
2910 3250
2911 3250
2912 3250
2913 3250
2916 3250
2925 3250
2960 3250
2966 3250
3033 3250
3078 3250
3085 3250
3090 3250
3108 3250
3142 3250
3195 3250
2732 3251
2902 3251
2930 3251
3105 3251
3131 3251
3180 3251
3181 3251
2681 3257
2683 3257
2729 3257
2731 3257
2738 3257
2741 3257
2749 3257
2754 3257
2756 3257
2786 3257
2807 3257
2837 3257
2873 3257
2928 3257
2931 3257
2944 3257
2945 3257
2966 3257
2977 3257
2993 3257
3025 3257
3026 3257
3029 3257
3042 3257
3084 3257
3090 3257
3119 3257
3123 3257
3129 3257
3137 3257
3232 3257
3238 3257
2837 3269
3010 3269
3227 3269
3231 3269
2776 3271
2861 3271
3141 3271
2664 3284
2666 3284
2669 3284
2676 3284
2680 3284
2689 3284
2694 3284
2698 3284
2745 3284
2750 3284
2754 3284
2755 3284
2757 3284
2777 3284
2782 3284
2786 3284
2800 3284
2827 3284
2839 3284
2864 3284
2866 3284
2872 3284
2874 3284
2877 3284
2880 3284
2896 3284
2906 3284
2908 3284
2910 3284
2911 3284
2916 3284
2919 3284
2920 3284
2925 3284
2927 3284
2943 3284
2944 3284
2960 3284
2966 3284
2969 3284
2974 3284
2985 3284
2986 3284
3004 3284
3022 3284
3033 3284
3040 3284
3054 3284
3056 3284
3064 3284
3065 3284
3073 3284
3078 3284
3085 3284
3096 3284
3108 3284
3142 3284
3149 3284
3174 3284
3195 3284
3226 3284
3232 3284
3237 3284
2683 3286
2706 3286
2757 3286
2759 3286
2761 3286
2763 3286
2806 3286
2839 3286
2854 3286
2862 3286
2880 3286
2896 3286
2943 3286
2961 3286
3052 3286
3056 3286
3184 3286
3234 3286
3237 3286
2681 3293
2683 3293
2706 3293
2729 3293
2738 3293
2741 3293
2743 3293
2754 3293
2756 3293
2773 3293
2786 3293
2810 3293
2839 3293
2850 3293
2862 3293
2867 3293
2872 3293
2873 3293
2874 3293
2887 3293
2890 3293
2896 3293
2906 3293
2907 3293
2915 3293
2924 3293
2928 3293
2940 3293
2943 3293
2945 3293
2956 3293
2977 3293
2994 3293
3014 3293
3026 3293
3073 3293
3078 3293
3084 3293
3090 3293
3104 3293
3119 3293
3135 3293
3158 3293
3220 3293
3228 3293
3238 3293
3243 3293
3257 3293
2706 3294
2738 3294
2761 3294
2763 3294
2806 3294
2872 3294
2890 3294
2915 3294
2946 3294
2961 3294
2994 3294
3022 3294
3052 3294
3104 3294
3184 3294
3193 3294
3234 3294
2669 3301
2676 3301
2681 3301
2683 3301
2689 3301
2694 3301
2705 3301
2743 3301
2755 3301
2757 3301
2782 3301
2827 3301
2867 3301
2873 3301
2896 3301
2905 3301
2906 3301
2917 3301
2943 3301
2944 3301
2948 3301
2966 3301
2969 3301
2985 3301
3026 3301
3056 3301
3065 3301
3078 3301
3096 3301
3098 3301
3129 3301
3149 3301
3193 3301
3195 3301
3232 3301
2695 3303
2706 3303
2759 3303
2761 3303
2763 3303
2782 3303
2798 3303
2854 3303
2877 3303
2891 3303
2897 3303
2906 3303
2909 3303
2913 3303
2915 3303
2944 3303
2961 3303
2966 3303
2967 3303
2978 3303
3014 3303
3026 3303
3042 3303
3052 3303
3054 3303
3090 3303
3092 3303
3184 3303
3213 3303
3237 3303
3294 3303
2664 3304
2676 3304
2680 3304
2694 3304
2705 3304
2757 3304
2777 3304
2782 3304
2815 3304
2839 3304
2866 3304
2896 3304
2905 3304
2915 3304
2916 3304
2919 3304
2920 3304
2924 3304
2925 3304
2946 3304
2961 3304
2969 3304
3033 3304
3036 3304
3056 3304
3085 3304
3117 3304
3174 3304
2693 3310
2886 3310
2999 3310
2837 3317
3010 3317
3231 3317
2886 3322
3066 3322
3083 3322
3126 3322
3128 3322
2664 3324
2669 3324
2673 3324
2681 3324
2683 3324
2689 3324
2694 3324
2698 3324
2706 3324
2745 3324
2750 3324
2754 3324
2755 3324
2757 3324
2759 3324
2761 3324
2763 3324
2782 3324
2786 3324
2800 3324
2806 3324
2835 3324
2839 3324
2862 3324
2864 3324
2866 3324
2867 3324
2877 3324
2890 3324
2891 3324
2896 3324
2905 3324
2906 3324
2909 3324
2912 3324
2913 3324
2915 3324
2920 3324
2925 3324
2927 3324
2929 3324
2931 3324
2944 3324
2948 3324
2956 3324
2960 3324
2967 3324
2969 3324
2994 3324
3004 3324
3023 3324
3026 3324
3052 3324
3054 3324
3084 3324
3090 3324
3092 3324
3104 3324
3119 3324
3129 3324
3142 3324
3184 3324
3193 3324
3202 3324
3213 3324
3220 3324
3227 3324
3228 3324
3232 3324
3234 3324
3237 3324
3284 3324
3286 3324
3294 3324
3303 3324
3304 3324
3010 3333
3294 3333
3069 3334
2886 3336
3066 3336
3126 3336
3128 3336
3322 3336
2664 3339
2666 3339
2669 3339
2676 3339
2680 3339
2694 3339
2698 3339
2717 3339
2749 3339
2750 3339
2754 3339
2755 3339
2773 3339
2782 3339
2835 3339
2839 3339
2866 3339
2872 3339
2873 3339
2877 3339
2880 3339
2890 3339
2905 3339
2906 3339
2909 3339
2911 3339
2912 3339
2913 3339
2916 3339
2917 3339
2927 3339
2944 3339
2956 3339
2966 3339
2969 3339
2974 3339
2985 3339
2988 3339
2993 3339
3022 3339
3026 3339
3033 3339
3040 3339
3047 3339
3064 3339
3078 3339
3084 3339
3090 3339
3096 3339
3098 3339
3104 3339
3108 3339
3114 3339
3117 3339
3123 3339
3142 3339
3149 3339
3166 3339
3174 3339
3226 3339
3232 3339
3284 3339
3293 3339
3324 3339
2664 3348
2666 3348
2669 3348
2676 3348
2680 3348
2689 3348
2694 3348
2698 3348
2717 3348
2749 3348
2750 3348
2754 3348
2755 3348
2773 3348
2777 3348
2782 3348
2800 3348
2827 3348
2835 3348
2839 3348
2850 3348
2851 3348
2864 3348
2866 3348
2872 3348
2873 3348
2877 3348
2880 3348
2890 3348
2896 3348
2905 3348
2909 3348
2910 3348
2911 3348
2912 3348
2913 3348
2916 3348
2919 3348
2920 3348
2925 3348
2927 3348
2940 3348
2943 3348
2944 3348
2960 3348
2966 3348
2969 3348
2985 3348
2986 3348
2994 3348
3022 3348
3026 3348
3033 3348
3040 3348
3047 3348
3052 3348
3054 3348
3056 3348
3064 3348
3078 3348
3085 3348
3096 3348
3098 3348
3108 3348
3129 3348
3137 3348
3149 3348
3158 3348
3174 3348
3195 3348
3226 3348
3228 3348
3232 3348
3238 3348
3284 3348
3293 3348
3339 3348
2799 3354
2861 3354
3053 3354
3105 3354
3122 3354
3141 3354
3200 3354
3218 3354
1642 3361
2693 3361
2764 3361
2822 3361
2941 3361
2999 3361
3077 3361
2664 3362
2669 3362
2683 3362
2706 3362
2729 3362
2738 3362
2754 3362
2756 3362
2761 3362
2773 3362
2786 3362
2810 3362
2839 3362
2854 3362
2862 3362
2864 3362
2872 3362
2873 3362
2877 3362
2880 3362
2887 3362
2890 3362
2905 3362
2906 3362
2909 3362
2915 3362
2929 3362
2931 3362
2944 3362
2953 3362
2956 3362
2966 3362
2969 3362
2974 3362
2993 3362
2994 3362
3004 3362
3014 3362
3022 3362
3025 3362
3026 3362
3029 3362
3040 3362
3052 3362
3065 3362
3084 3362
3090 3362
3092 3362
3096 3362
3098 3362
3104 3362
3114 3362
3119 3362
3174 3362
3220 3362
3234 3362
3257 3362
3293 3362
3294 3362
3324 3362
3339 3362
2664 3363
2666 3363
2669 3363
2673 3363
2676 3363
2680 3363
2681 3363
2683 3363
2689 3363
2694 3363
2705 3363
2706 3363
2717 3363
2729 3363
2738 3363
2743 3363
2749 3363
2750 3363
2754 3363
2755 3363
2756 3363
2757 3363
2763 3363
2777 3363
2782 3363
2786 3363
2800 3363
2806 3363
2810 3363
2815 3363
2827 3363
2835 3363
2839 3363
2850 3363
2854 3363
2862 3363
2864 3363
2866 3363
2867 3363
2872 3363
2874 3363
2877 3363
2880 3363
2887 3363
2896 3363
2897 3363
2905 3363
2906 3363
2907 3363
2909 3363
2910 3363
2911 3363
2912 3363
2913 3363
2915 3363
2916 3363
2919 3363
2920 3363
2925 3363
2927 3363
2928 3363
2933 3363
2940 3363
2943 3363
2944 3363
2945 3363
2946 3363
2948 3363
2956 3363
2960 3363
2966 3363
2967 3363
2974 3363
2981 3363
2985 3363
2986 3363
3004 3363
3022 3363
3023 3363
3025 3363
3026 3363
3029 3363
3033 3363
3036 3363
3054 3363
3056 3363
3064 3363
3065 3363
3073 3363
3078 3363
3085 3363
3090 3363
3096 3363
3098 3363
3104 3363
3108 3363
3117 3363
3129 3363
3135 3363
3142 3363
3158 3363
3174 3363
3184 3363
3195 3363
3213 3363
3220 3363
3226 3363
3228 3363
3232 3363
3243 3363
3250 3363
3284 3363
3293 3363
3301 3363
3324 3363
3339 3363
3348 3363
3362 3363
2666 3364
2676 3364
2683 3364
2694 3364
2729 3364
2738 3364
2749 3364
2756 3364
2757 3364
2773 3364
2782 3364
2786 3364
2839 3364
2862 3364
2873 3364
2890 3364
2910 3364
2915 3364
2924 3364
2928 3364
2929 3364
2931 3364
2953 3364
2956 3364
2960 3364
2969 3364
2988 3364
2994 3364
3014 3364
3026 3364
3029 3364
3033 3364
3036 3364
3078 3364
3084 3364
3090 3364
3098 3364
3104 3364
3114 3364
3117 3364
3257 3364
3362 3364
2933 3368
2983 3368
2997 3368
3028 3368
3063 3368
3155 3368
2732 3372
2930 3372
3131 3372
3180 3372
3181 3372
3251 3372
2664 3384
2666 3384
2669 3384
2694 3384
2729 3384
2738 3384
2756 3384
2773 3384
2782 3384
2786 3384
2862 3384
2873 3384
2874 3384
2890 3384
2905 3384
2909 3384
2912 3384
2913 3384
2915 3384
2924 3384
2928 3384
2929 3384
2931 3384
2953 3384
2956 3384
2977 3384
2988 3384
2993 3384
2994 3384
3014 3384
3026 3384
3029 3384
3047 3384
3052 3384
3078 3384
3084 3384
3090 3384
3096 3384
3104 3384
3243 3384
3293 3384
3348 3384
3362 3384
3364 3384
2664 3387
2666 3387
2669 3387
2676 3387
2680 3387
2681 3387
2683 3387
2689 3387
2694 3387
2698 3387
2705 3387
2717 3387
2731 3387
2745 3387
2750 3387
2755 3387
2757 3387
2761 3387
2777 3387
2782 3387
2786 3387
2815 3387
2827 3387
2835 3387
2839 3387
2862 3387
2864 3387
2866 3387
2867 3387
2872 3387
2873 3387
2874 3387
2877 3387
2890 3387
2905 3387
2906 3387
2911 3387
2913 3387
2916 3387
2925 3387
2927 3387
2928 3387
2944 3387
2946 3387
2956 3387
2960 3387
2966 3387
2969 3387
2974 3387
2985 3387
2987 3387
2993 3387
2994 3387
3014 3387
3022 3387
3026 3387
3033 3387
3036 3387
3040 3387
3047 3387
3052 3387
3054 3387
3056 3387
3065 3387
3078 3387
3084 3387
3090 3387
3096 3387
3098 3387
3108 3387
3119 3387
3137 3387
3142 3387
3149 3387
3163 3387
3174 3387
3184 3387
3195 3387
3226 3387
3232 3387
3238 3387
3250 3387
3257 3387
3284 3387
3301 3387
3339 3387
3348 3387
3362 3387
3363 3387
3384 3387
2694 3388
2928 3388
3010 3388
3052 3388
3324 3388
3333 3388
2841 3389
3248 3389
2669 3390
2676 3390
2683 3390
2761 3390
2827 3390
2854 3390
2866 3390
2884 3390
2909 3390
2915 3390
2928 3390
2966 3390
3010 3390
3033 3390
3104 3390
3184 3390
3226 3390
3234 3390
3237 3390
3324 3390
3362 3390
3387 3390
2745 3392
2851 3392
2899 3392
2978 3392
3090 3392
3137 3392
3139 3392
3153 3392
3229 3392
3231 3392
2683 3394
2729 3394
2745 3394
2786 3394
2807 3394
2837 3394
2851 3394
2854 3394
2890 3394
2915 3394
2928 3394
2931 3394
2944 3394
3010 3394
3025 3394
3030 3394
3036 3394
3114 3394
3137 3394
3213 3394
3231 3394
3293 3394
3317 3394
3333 3394
3363 3394
3388 3394
3390 3394
2741 3399
2754 3399
2755 3399
2777 3399
2782 3399
2835 3399
2866 3399
2867 3399
2877 3399
2887 3399
2897 3399
2909 3399
2911 3399
2912 3399
2916 3399
2925 3399
2928 3399
2931 3399
2940 3399
2960 3399
2966 3399
2974 3399
2985 3399
3004 3399
3033 3399
3040 3399
3054 3399
3064 3399
3065 3399
3096 3399
3174 3399
3195 3399
3226 3399
3363 3399
3387 3399
2683 3400
2698 3400
2729 3400
2731 3400
2738 3400
2743 3400
2754 3400
2800 3400
2807 3400
2874 3400
2887 3400
2927 3400
2928 3400
2956 3400
2981 3400
2986 3400
2988 3400
2994 3400
3022 3400
3025 3400
3026 3400
3036 3400
3084 3400
3114 3400
3123 3400
3137 3400
3166 3400
3231 3400
3232 3400
3234 3400
3269 3400
3339 3400
2766 3413
2821 3413
2673 3414
2706 3414
2757 3414
2761 3414
2763 3414
2806 3414
2839 3414
2854 3414
2928 3414
2948 3414
2960 3414
3023 3414
3184 3414
3193 3414
3286 3414
3324 3414
3363 3414
2683 3417
2689 3417
2694 3417
2698 3417
2706 3417
2729 3417
2738 3417
2741 3417
2743 3417
2749 3417
2754 3417
2755 3417
2756 3417
2757 3417
2763 3417
2773 3417
2777 3417
2786 3417
2794 3417
2800 3417
2806 3417
2810 3417
2827 3417
2835 3417
2839 3417
2862 3417
2864 3417
2867 3417
2873 3417
2874 3417
2880 3417
2890 3417
2906 3417
2907 3417
2910 3417
2912 3417
2913 3417
2915 3417
2916 3417
2919 3417
2920 3417
2927 3417
2928 3417
2929 3417
2940 3417
2943 3417
2944 3417
2945 3417
2953 3417
2956 3417
2960 3417
2966 3417
2974 3417
2986 3417
2988 3417
2993 3417
2994 3417
3004 3417
3014 3417
3026 3417
3029 3417
3042 3417
3047 3417
3073 3417
3084 3417
3090 3417
3104 3417
3119 3417
3135 3417
3158 3417
3184 3417
3213 3417
3220 3417
3226 3417
3232 3417
3243 3417
3286 3417
3324 3417
3339 3417
3362 3417
3363 3417
3364 3417
3384 3417
3387 3417
2663 3426
2664 3426
2666 3426
2669 3426
2673 3426
2676 3426
2680 3426
2683 3426
2689 3426
2694 3426
2698 3426
2705 3426
2706 3426
2710 3426
2717 3426
2738 3426
2749 3426
2750 3426
2754 3426
2757 3426
2759 3426
2761 3426
2763 3426
2777 3426
2782 3426
2786 3426
2800 3426
2815 3426
2827 3426
2839 3426
2850 3426
2854 3426
2866 3426
2867 3426
2872 3426
2877 3426
2890 3426
2896 3426
2905 3426
2906 3426
2908 3426
2909 3426
2910 3426
2911 3426
2912 3426
2913 3426
2916 3426
2919 3426
2920 3426
2925 3426
2927 3426
2928 3426
2931 3426
2940 3426
2943 3426
2944 3426
2956 3426
2960 3426
2966 3426
2967 3426
2969 3426
2974 3426
2978 3426
2985 3426
2986 3426
2993 3426
3004 3426
3022 3426
3025 3426
3026 3426
3033 3426
3040 3426
3042 3426
3047 3426
3054 3426
3056 3426
3064 3426
3078 3426
3084 3426
3090 3426
3096 3426
3104 3426
3108 3426
3114 3426
3129 3426
3137 3426
3139 3426
3142 3426
3149 3426
3174 3426
3195 3426
3226 3426
3228 3426
3232 3426
3237 3426
3257 3426
3284 3426
3293 3426
3301 3426
3303 3426
3324 3426
3339 3426
3348 3426
3362 3426
3363 3426
3387 3426
3392 3426
3394 3426
2663 3428
2789 3428
2807 3428
3042 3428
3139 3428
3153 3428
3392 3428
2663 3430
2698 3430
2745 3430
2806 3430
2851 3430
2854 3430
2866 3430
2872 3430
2919 3430
2927 3430
2978 3430
3090 3430
3114 3430
3123 3430
3137 3430
3139 3430
3363 3430
3392 3430
3426 3430
1758 3432
2681 3433
2683 3433
2689 3433
2729 3433
2738 3433
2741 3433
2743 3433
2754 3433
2755 3433
2756 3433
2773 3433
2777 3433
2786 3433
2794 3433
2800 3433
2810 3433
2839 3433
2862 3433
2864 3433
2867 3433
2873 3433
2874 3433
2890 3433
2907 3433
2910 3433
2915 3433
2920 3433
2924 3433
2927 3433
2928 3433
2929 3433
2931 3433
2940 3433
2943 3433
2944 3433
2945 3433
2956 3433
2960 3433
2974 3433
2986 3433
2988 3433
2994 3433
3029 3433
3054 3433
3056 3433
3065 3433
3073 3433
3084 3433
3090 3433
3135 3433
3158 3433
3220 3433
3226 3433
3238 3433
3243 3433
3257 3433
3293 3433
3362 3433
3363 3433
3364 3433
3399 3433
3417 3433
2683 3435
2729 3435
2743 3435
2755 3435
2773 3435
2786 3435
2827 3435
2862 3435
2873 3435
2874 3435
2890 3435
2896 3435
2915 3435
2928 3435
2929 3435
2931 3435
2945 3435
2953 3435
2956 3435
2966 3435
2977 3435
2993 3435
3022 3435
3025 3435
3026 3435
3029 3435
3033 3435
3078 3435
3084 3435
3090 3435
3104 3435
3114 3435
3119 3435
3129 3435
3149 3435
3163 3435
3238 3435
3243 3435
3257 3435
3293 3435
3348 3435
3362 3435
3364 3435
3384 3435
3387 3435
3417 3435
2673 3436
2896 3436
2948 3436
3129 3436
3195 3436
3301 3436
