0 0 108
108 0 108
2 2 5 6 10 11 16 22 25 27 29 33 37 38 40 41 42 44 47 50 52 55 59 60 62 63 66 69 70 71 74 76 78 79 82 83 88 89 92 96 100 103 107 109 111 113 116 119 122 123 125 126 127 128 129 130 131 137 140 141 142 144 145 147 148 151 153 155 157 158 159 163 166 168 186 187 203 204 205 207 225 242 248 249 253 257 270 283 287 296 297 313 322 323 329 340 351 355 357 364 389 391 401 416 430
163 2 5 6 10 11 15 16 19 22 25 27 29 33 37 38 40 41 42 44 47 50 52 55 56 59 60 62 63 66 69 70 71 74 76 78 79 82 83 88 89 92 96 100 103 107 109 111 112 113 116 119 122 123 125 126 127 128 129 130 131 137 140 141 142 144 145 147 148 151 153 155 157 158 159 163 166 168 186 187 203 204 205 207 225 242 248 249 253 257 260 270 283 287 296 297 313 322 323 329 340 351 355 357 364 379 389 391 401 416 430
66 2 5 6 10 11 16 22 25 27 29 33 37 38 40 41 42 44 47 50 52 55 59 60 62 63 66 69 70 71 74 76 78 79 82 83 88 89 92 96 100 103 107 109 111 113 116 119 122 123 125 126 127 128 129 130 131 137 140 141 142 144 145 147 148 151 153 155 157 158 159 163 166 168 186 187 203 204 205 207 225 242 248 249 253 257 270 283 287 296 297 313 322 323 329 340 351 355 357 364 389 391 401 416 430
78 2 5 6 10 11 16 22 25 27 29 33 37 38 40 41 42 44 47 50 52 55 59 60 62 63 66 69 70 71 74 76 78 79 82 83 88 89 92 96 100 103 107 109 111 113 116 119 122 123 125 126 127 128 129 130 131 137 140 141 142 144 145 147 148 151 153 155 157 158 159 163 166 168 186 187 203 204 205 207 225 242 248 249 253 257 270 283 287 296 297 313 322 323 329 340 351 355 357 364 389 391 401 416 430
130 2 5 6 10 11 16 22 25 27 29 33 37 38 40 41 42 44 47 50 52 55 59 60 62 63 66 69 70 71 74 76 78 79 82 83 88 89 92 96 100 103 107 109 111 113 116 119 122 123 125 126 127 128 129 130 131 137 140 141 142 144 145 147 148 151 153 155 157 158 159 163 166 168 186 187 203 204 205 207 225 242 248 249 253 257 270 283 287 296 297 313 322 323 329 340 351 355 357 364 389 391 401 416 430
6 2 5 6 10 11 15 16 19 22 25 27 29 33 37 38 40 41 42 44 47 50 52 55 56 59 60 62 63 66 69 70 71 74 76 78 79 82 83 88 89 92 96 100 103 107 109 111 112 113 116 119 122 123 125 126 127 128 129 130 131 137 140 141 142 144 145 147 148 151 153 155 157 158 159 163 166 168 186 187 203 204 205 207 225 242 248 249 253 257 260 270 283 287 296 297 313 322 323 329 340 351 355 357 364 379 389 391 401 416 430
70 2 5 6 10 11 15 16 19 22 25 27 29 33 37 38 40 41 42 44 47 50 52 55 56 59 60 62 63 66 69 70 71 74 76 78 79 82 83 88 89 92 96 100 103 107 109 111 112 113 116 119 122 123 125 126 127 128 129 130 131 137 140 141 142 144 145 147 148 151 153 155 157 158 159 163 166 168 186 187 203 204 205 207 225 242 248 249 253 257 260 270 283 287 296 297 313 322 323 329 340 351 355 357 364 379 389 391 401 416 430
11 2 5 6 10 11 16 22 25 27 29 33 37 38 40 41 42 44 47 50 52 55 59 60 62 63 66 69 70 71 74 76 78 79 82 83 88 89 92 96 100 103 107 109 111 113 116 119 122 123 125 126 127 128 129 130 131 137 140 141 142 144 145 147 148 151 153 155 157 158 159 163 166 168 186 187 203 204 205 207 225 242 248 249 253 257 270 283 287 296 297 313 322 329 340 351 355 357 364 389 391 401 416 430
207 2 5 6 10 11 16 22 25 27 29 33 37 38 40 41 42 44 47 50 52 55 59 60 62 63 66 69 70 71 74 76 78 79 82 83 88 89 92 96 100 103 107 109 111 113 116 119 122 123 125 126 127 128 129 130 131 137 140 141 142 144 145 147 148 151 153 155 157 158 159 163 166 168 186 187 203 204 205 207 225 242 248 249 253 257 270 283 287 296 297 313 322 323 329 340 351 355 357 364 389 391 401 416 430
153 2 5 6 10 11 16 22 25 27 29 33 37 38 40 41 42 44 47 50 52 55 59 60 62 63 66 69 70 71 74 76 78 79 82 83 88 89 92 96 100 103 107 109 111 113 116 119 122 123 125 126 127 128 129 130 131 137 140 141 142 144 145 147 148 151 153 155 157 158 159 163 166 168 186 187 203 204 205 207 225 242 248 249 253 257 270 283 287 296 297 313 322 329 340 351 355 357 364 389 391 401 416 430
60 2 5 6 10 11 16 22 25 27 29 33 37 38 40 41 42 44 47 50 52 55 59 60 62 63 66 69 70 71 74 76 78 79 82 83 88 89 92 96 100 103 107 109 111 113 116 119 122 123 125 126 127 128 129 130 131 137 140 141 142 144 145 147 148 151 153 155 157 158 159 163 166 168 186 187 203 204 205 207 225 242 248 249 253 257 270 283 287 296 297 313 322 323 329 340 351 355 357 364 389 391 401 416 430
168 2 5 6 10 11 16 22 25 27 29 33 37 38 40 41 42 44 47 50 52 55 59 60 62 63 66 69 70 71 74 76 78 79 82 83 88 89 92 96 100 103 107 109 111 113 116 119 122 123 125 126 127 128 129 130 131 137 140 141 142 144 145 147 148 151 153 155 157 158 159 163 166 168 186 187 203 204 205 207 225 242 248 249 253 257 270 283 287 296 297 313 322 323 329 340 351 355 357 364 389 391 401 416 430
40 2 5 6 10 11 16 22 25 27 29 33 37 38 40 41 42 44 47 50 52 55 59 60 62 63 66 69 70 71 74 76 78 79 82 83 88 89 92 96 100 103 107 109 111 113 116 119 122 123 125 126 127 128 129 130 131 137 140 141 142 144 145 147 148 151 153 155 157 158 159 163 166 168 186 187 203 204 205 207 225 242 248 249 253 257 270 283 287 296 297 313 322 329 340 351 355 357 364 389 391 401 416 430
96 2 5 6 10 11 16 22 25 27 29 33 37 38 40 41 42 44 47 50 52 55 59 60 62 63 66 69 70 71 74 76 78 79 82 83 88 89 92 96 100 103 107 109 111 113 116 119 122 123 125 126 127 128 129 130 131 137 140 141 142 144 145 147 148 151 153 155 157 158 159 163 166 168 186 187 203 204 205 207 225 242 248 249 253 257 270 283 287 296 297 313 322 323 329 340 351 355 357 364 389 391 401 416 430
141 2 5 6 10 11 16 22 25 27 29 33 37 38 40 41 42 44 47 50 52 55 59 60 62 63 66 69 70 71 74 76 78 79 82 83 88 89 92 96 100 103 107 109 111 113 116 119 122 123 125 126 127 128 129 130 131 137 140 141 142 144 145 147 148 151 153 155 157 158 159 163 166 168 186 187 203 204 205 207 225 242 248 249 253 257 270 283 287 296 297 313 322 323 329 340 351 355 357 364 389 391 401 416 430
52 2 5 6 10 11 16 22 25 27 29 33 37 38 40 41 42 44 47 50 52 55 59 60 62 63 66 69 70 71 74 76 78 79 82 83 88 89 92 96 100 103 107 109 111 113 116 119 122 123 125 126 127 128 129 130 131 137 140 141 142 144 145 147 148 151 153 155 157 158 159 163 166 168 186 187 203 204 205 207 225 242 248 249 253 257 270 283 287 296 297 313 322 329 340 351 355 357 364 389 391 401 416 430
69 2 5 6 10 11 15 16 19 22 25 27 29 33 37 38 40 41 42 44 47 50 52 56 59 60 62 63 66 69 70 71 74 76 78 79 82 83 88 89 92 96 100 103 107 109 111 112 113 116 119 122 123 125 126 127 128 129 130 131 137 140 141 142 144 145 147 148 151 153 155 157 158 159 163 166 168 186 187 203 204 205 207 225 242 248 249 253 257 260 270 283 287 296 297 313 322 323 329 340 351 355 364 379 389 391 401 416 430
92 2 5 6 10 11 16 22 25 27 29 33 37 38 40 41 42 44 47 50 52 55 59 60 62 63 66 69 70 71 74 76 78 79 82 83 88 89 92 96 100 103 107 109 111 113 116 119 122 123 125 126 127 128 129 130 131 137 140 141 142 144 145 147 148 151 153 155 157 158 159 163 166 168 186 187 203 204 205 207 225 242 248 249 253 257 270 283 287 296 297 313 322 323 329 340 351 355 357 364 389 391 401 416 430
137 2 5 6 10 11 16 22 25 27 29 33 37 38 40 41 42 44 47 50 52 55 59 60 62 63 66 69 70 71 74 76 78 79 82 83 88 89 92 96 100 103 107 109 111 113 116 119 122 123 125 126 127 128 129 130 131 137 140 141 142 144 145 147 148 151 153 155 157 158 159 163 166 168 186 187 203 204 205 207 225 242 248 249 253 257 270 283 287 296 297 313 322 323 329 340 351 355 357 364 389 391 401 416 430
119 2 5 6 10 11 16 22 25 27 29 33 37 38 40 41 42 44 47 50 52 55 59 60 62 63 66 69 70 71 74 76 78 79 82 83 88 89 92 96 100 103 107 109 111 113 116 119 122 123 125 126 127 128 129 130 131 137 140 141 142 144 145 147 148 151 153 155 157 158 159 163 166 168 186 187 203 204 205 207 225 242 248 249 253 257 270 283 287 296 297 313 322 329 340 351 355 357 364 389 391 401 416 430
100 2 5 6 10 11 16 22 25 27 29 33 37 38 40 41 42 44 47 50 52 55 59 60 62 63 66 69 70 71 74 76 78 79 82 83 88 89 92 96 100 103 107 109 111 113 116 119 122 123 125 126 127 128 129 130 131 137 140 141 142 144 145 147 148 151 153 155 157 158 159 163 166 168 186 187 203 204 205 207 225 242 248 249 253 257 270 283 287 296 297 313 322 329 340 351 355 357 364 389 391 401 416 430
159 2 5 6 10 11 15 16 19 22 25 27 29 33 37 38 40 41 42 44 47 50 52 55 56 59 60 62 63 66 69 70 71 74 76 78 79 82 83 88 89 92 96 100 103 107 109 111 112 113 116 119 122 123 125 126 127 128 129 130 131 137 140 141 142 144 145 147 148 151 153 155 157 158 159 163 166 168 186 187 203 204 205 207 225 242 248 249 253 257 260 270 283 287 296 297 313 322 323 329 340 351 355 357 364 379 389 391 401 416 430
29 2 5 6 10 11 16 22 25 27 29 33 37 38 40 41 42 44 47 50 52 55 59 60 62 63 66 69 70 71 74 76 78 79 82 83 88 89 92 96 100 103 107 109 111 113 116 119 122 123 125 126 127 128 129 130 131 137 140 141 142 144 145 147 148 151 153 155 157 158 159 163 166 168 186 187 203 204 205 207 225 242 248 249 253 257 270 283 287 296 297 313 322 323 329 340 351 355 357 364 389 391 401 416 430
131 2 5 6 10 11 15 16 19 22 25 27 29 33 37 38 40 41 42 44 47 50 52 55 56 59 60 62 63 66 69 70 71 74 76 78 79 82 83 88 89 92 96 100 103 107 109 111 112 113 116 119 122 123 125 126 127 128 129 130 131 137 140 141 142 144 145 147 148 151 153 155 157 158 159 163 166 168 186 187 203 204 205 207 225 242 248 249 253 257 260 270 283 287 296 297 313 322 323 329 340 351 355 357 364 379 389 391 401 416 430
205 2 5 6 10 11 15 16 19 22 25 27 29 33 37 38 40 41 42 44 47 50 52 56 59 60 62 63 66 69 70 71 74 76 78 79 82 83 88 89 92 96 100 103 107 109 111 112 113 116 119 122 123 125 126 127 128 129 130 131 137 140 141 142 144 145 147 148 151 153 155 157 158 159 163 166 168 186 187 203 204 205 207 225 242 248 249 253 257 260 270 283 287 296 297 313 322 323 329 340 351 355 364 379 389 391 401 416 430
166 2 5 6 10 11 15 16 19 22 25 27 29 33 37 38 40 41 42 44 47 50 52 56 59 60 62 63 66 69 70 71 74 76 78 79 82 83 88 89 92 96 100 103 107 109 111 112 113 116 119 122 123 125 126 127 128 129 130 131 137 140 141 142 144 145 147 148 151 153 155 157 158 159 163 166 168 186 187 203 204 205 207 225 242 248 249 253 257 260 270 283 287 296 297 313 322 323 329 340 351 355 364 379 389 391 401 416 430
37 2 5 6 10 11 16 22 25 27 29 33 37 38 40 41 42 44 47 50 52 55 59 60 62 63 66 69 70 71 74 76 78 79 82 83 88 89 92 96 100 103 107 109 111 113 116 119 122 123 125 126 127 128 129 130 131 137 140 141 142 144 145 147 148 151 153 155 157 158 159 163 166 168 186 187 203 204 205 207 225 242 248 249 253 257 270 283 287 296 297 313 322 323 329 340 351 355 357 364 389 391 401 416 430
42 2 5 6 10 11 15 16 19 22 25 27 29 33 37 38 40 41 42 44 47 50 52 56 59 60 62 63 66 69 70 71 74 76 78 79 82 83 88 89 92 96 100 103 107 109 111 112 113 116 119 122 123 125 126 127 128 129 130 131 137 140 141 142 144 145 147 148 151 153 155 157 158 159 163 166 168 186 187 203 204 205 207 225 242 248 249 253 257 260 270 283 287 296 297 313 322 323 329 340 351 355 364 379 389 391 401 416 430
340 2 5 6 10 11 15 16 19 22 25 27 29 33 37 38 40 41 42 44 47 50 52 56 59 60 62 63 66 69 70 71 74 76 78 79 82 83 88 89 92 96 100 103 107 109 111 112 113 116 119 122 123 125 126 127 128 129 130 131 137 140 141 142 144 145 147 148 151 153 155 157 158 159 163 166 168 186 187 203 204 205 207 225 242 248 249 253 257 260 270 283 287 296 297 313 322 323 329 340 351 355 364 379 389 391 401 416 430
389 2 5 6 10 11 15 16 19 22 25 27 29 33 37 38 40 41 42 44 47 50 52 56 59 60 62 63 66 69 70 71 74 76 78 79 82 83 88 89 92 96 100 103 107 109 111 112 113 116 119 122 123 125 126 127 128 129 130 131 137 140 141 142 144 145 147 148 151 153 155 157 158 159 163 166 168 186 187 203 204 205 207 225 242 248 249 253 257 260 270 283 287 296 297 313 322 323 329 340 351 355 364 379 389 391 401 416 430
83 2 5 6 10 11 15 16 19 22 25 27 29 33 37 38 40 41 42 44 47 50 52 55 56 59 60 62 63 66 69 70 71 74 76 78 79 82 83 88 89 92 96 100 103 107 109 111 112 113 116 119 122 123 125 126 127 128 129 130 131 137 140 141 142 144 145 147 148 151 153 155 157 158 159 163 166 168 186 187 203 204 205 207 225 242 248 249 253 257 260 270 283 287 296 297 313 322 323 329 340 351 355 357 364 379 389 391 401 416 430
157 2 5 6 10 11 15 16 19 22 25 27 29 33 37 38 40 41 42 44 47 50 52 56 59 60 62 63 66 69 70 71 74 76 78 79 82 83 88 89 92 96 100 103 107 109 111 112 113 116 119 122 123 125 126 127 128 129 130 131 137 140 141 142 144 145 147 148 151 153 155 157 158 159 163 166 168 186 187 203 204 205 207 225 242 248 249 253 257 260 270 283 287 296 297 313 322 323 329 340 351 355 364 379 389 391 401 416 430
283 2 5 6 10 11 15 16 19 22 25 27 29 33 37 38 40 41 42 44 47 50 52 56 59 60 62 63 66 69 70 71 74 76 78 79 82 83 88 89 92 96 100 103 107 109 111 112 113 116 119 122 123 125 126 127 128 129 130 131 137 140 141 142 144 145 147 148 151 153 155 157 158 159 163 166 168 186 187 203 204 205 207 225 242 248 249 253 257 260 270 283 287 296 297 313 322 323 329 340 351 355 364 379 389 391 401 416 430
142 2 5 6 10 11 15 16 19 22 25 27 29 33 37 38 40 41 42 44 47 50 52 56 59 60 62 63 66 69 70 71 74 76 78 79 82 83 88 89 92 96 100 103 107 109 111 112 113 116 119 122 123 125 126 127 128 129 130 131 137 140 141 142 144 145 147 148 151 153 155 157 158 159 163 166 168 186 187 203 204 205 207 225 242 248 249 253 257 260 270 283 287 296 297 313 322 323 329 340 351 355 364 379 389 391 401 416 430
322 2 5 6 10 11 16 22 25 27 29 33 37 38 40 41 42 44 47 50 52 55 59 60 62 63 66 69 70 71 74 76 78 79 82 83 88 89 92 96 100 103 107 109 111 113 116 119 122 123 125 126 127 128 129 130 131 137 140 141 142 144 145 147 148 151 153 155 157 158 159 163 166 168 186 187 203 204 205 207 225 242 248 249 253 257 270 283 287 296 297 313 322 323 329 340 351 355 357 364 389 391 401 416 430
71 2 5 6 10 11 16 22 25 27 29 33 37 38 40 41 42 44 47 50 52 55 59 60 62 63 66 69 70 71 74 76 78 79 82 83 88 89 92 96 100 103 107 109 111 113 116 119 122 123 125 126 127 128 129 130 131 137 140 141 142 144 145 147 148 151 153 155 157 158 159 163 166 168 186 187 203 204 205 207 225 242 248 249 253 257 270 283 287 296 297 313 322 329 340 351 355 357 364 389 391 401 416 430
89 2 5 6 10 11 16 22 25 27 29 33 37 38 40 41 42 44 47 50 52 55 59 60 62 63 66 69 70 71 74 76 78 79 82 83 88 89 92 96 100 103 107 109 111 113 116 119 122 123 125 126 127 128 129 130 131 137 140 141 142 144 145 147 148 151 153 155 157 158 159 163 166 168 186 187 203 204 205 207 225 242 248 249 253 257 270 283 287 296 297 313 322 323 329 340 351 355 357 364 389 391 401 416 430
296 2 5 6 10 11 16 22 25 27 29 33 37 38 40 41 42 44 47 50 52 55 59 60 62 63 66 69 70 71 74 76 78 79 82 83 88 89 92 96 100 103 107 109 111 113 116 119 122 123 125 126 127 128 129 130 131 137 140 141 142 144 145 147 148 151 153 155 157 158 159 163 166 168 186 187 203 204 205 207 225 242 248 249 253 257 270 283 287 296 297 313 322 323 329 340 351 355 357 364 389 391 401 416 430
391 2 5 6 10 11 16 22 25 27 29 33 37 38 40 42 44 47 50 52 59 60 62 63 66 69 70 71 74 76 78 79 82 83 89 92 96 100 103 107 109 113 119 122 123 126 127 129 130 131 137 140 141 142 144 145 147 148 151 153 155 157 158 159 163 166 168 186 187 204 205 207 225 242 249 253 257 270 283 287 296 297 313 322 329 340 351 355 364 389 391 430
203 2 5 6 10 11 15 16 19 22 25 27 29 33 37 38 40 41 42 44 47 50 52 55 56 59 60 62 63 66 69 70 71 74 76 78 79 82 83 88 89 92 96 100 103 107 109 111 112 113 116 119 122 123 125 126 127 128 129 130 131 137 140 141 142 144 145 147 148 151 153 155 157 158 159 163 166 168 186 187 203 204 205 207 225 242 248 249 253 257 260 270 283 287 296 297 313 322 323 329 340 351 355 357 364 379 389 391 401 416 430
50 2 5 6 10 11 15 16 19 22 25 27 29 33 37 38 40 41 42 44 47 50 52 55 56 59 60 62 63 66 69 70 71 74 76 78 79 82 83 88 89 92 96 100 103 107 109 111 112 113 116 119 122 123 125 126 127 128 129 130 131 137 140 141 142 144 145 147 148 151 153 155 157 158 159 163 166 168 186 187 203 204 205 207 225 242 248 249 253 257 260 270 283 287 296 297 313 322 323 329 340 351 355 357 364 379 389 391 401 416 430
155 2 5 6 10 11 16 22 25 27 29 33 37 38 40 41 42 44 47 50 52 55 59 60 62 63 66 69 70 71 74 76 78 79 82 83 88 89 92 96 100 103 107 109 111 113 116 119 122 123 125 126 127 128 129 130 131 137 140 141 142 144 145 147 148 151 153 155 157 158 159 163 166 168 186 187 203 204 205 207 225 242 248 249 253 257 270 283 287 296 297 313 322 323 329 340 351 355 357 364 389 391 401 416 430
122 2 5 6 10 11 15 16 19 22 25 27 29 33 37 38 40 41 42 44 47 50 52 55 59 60 62 63 66 69 70 71 74 76 78 79 82 83 88 89 92 96 100 103 107 109 111 112 113 116 119 122 123 125 126 127 128 129 130 131 137 140 141 142 144 145 147 148 151 153 155 157 158 159 163 166 168 186 187 203 204 205 207 225 242 248 249 253 257 260 270 283 287 296 297 313 322 323 329 340 351 355 357 364 389 391 401 416 430
82 2 5 6 10 11 15 16 19 22 25 27 29 33 37 38 40 41 42 44 47 50 52 55 56 59 60 62 63 66 69 70 71 74 76 78 79 82 83 88 89 92 96 100 103 107 109 111 112 113 116 119 122 123 125 126 127 128 129 130 131 137 140 141 142 144 145 147 148 151 153 155 157 158 159 163 166 168 186 187 203 204 205 207 225 242 248 249 253 257 260 270 283 287 296 297 313 322 323 329 340 351 355 357 364 379 389 391 401 416 430
128 2 5 6 10 11 15 16 19 22 25 27 29 33 37 38 40 41 42 44 47 50 52 55 56 59 60 62 63 66 69 70 71 74 76 78 79 82 83 88 89 92 96 100 103 107 109 111 112 113 116 119 122 123 125 126 127 128 129 130 131 137 140 141 142 144 145 147 148 151 153 155 157 158 159 163 166 168 186 187 203 204 205 207 225 242 248 249 253 257 260 270 283 287 296 297 313 322 323 329 340 351 355 357 364 379 389 391 401 416 430
145 2 5 6 10 11 15 16 19 22 25 27 29 33 37 38 40 41 42 44 47 50 52 55 56 59 60 62 63 66 69 70 71 74 76 78 79 82 83 88 89 92 96 100 103 107 109 111 112 113 116 119 122 123 125 126 127 128 129 130 131 137 140 141 142 144 145 147 148 151 153 155 157 158 159 163 166 168 186 187 203 204 205 207 225 242 248 249 253 257 260 270 283 287 296 297 313 322 323 329 340 351 355 357 364 379 389 391 401 416 430
148 2 5 6 10 11 15 16 19 22 25 27 29 33 37 38 40 41 42 44 47 50 52 55 56 59 60 62 63 66 69 70 71 74 76 78 79 82 83 88 89 92 96 100 103 107 109 111 112 113 116 119 122 123 125 126 127 128 129 130 131 137 140 141 142 144 145 147 148 151 153 155 157 158 159 163 166 168 186 187 203 204 205 207 225 242 248 249 253 257 260 270 283 287 296 297 313 322 323 329 340 351 355 357 364 379 389 391 401 416 430
147 2 5 6 10 11 15 16 19 22 25 27 29 33 37 38 40 41 42 44 47 50 52 55 56 59 60 62 63 66 69 70 71 74 76 78 79 82 83 88 89 92 96 100 103 107 109 111 112 113 116 119 122 123 125 126 127 128 129 130 131 137 140 141 142 144 145 147 148 151 153 155 157 158 159 163 166 168 186 187 203 204 205 207 225 242 248 249 253 257 260 270 283 287 296 297 313 322 323 329 340 351 355 357 364 379 389 391 401 416 430
257 2 5 6 10 11 16 22 25 27 29 33 37 38 40 41 42 44 47 50 52 55 59 60 62 63 66 69 70 71 74 76 78 79 82 83 88 89 92 96 100 103 107 109 111 113 116 119 122 123 125 126 127 128 129 130 131 137 140 141 142 144 145 147 148 151 153 155 157 158 159 163 166 168 186 187 203 204 205 207 225 242 248 249 253 257 270 283 287 296 297 313 322 329 340 351 355 357 364 389 391 401 416 430
129 2 5 6 10 11 16 22 25 27 29 33 37 38 40 41 42 44 47 50 52 55 59 60 62 63 66 69 70 71 74 76 78 79 82 83 88 89 92 96 100 103 107 109 111 113 116 119 122 123 125 126 127 128 129 130 131 137 140 141 142 144 145 147 148 151 153 155 157 158 159 163 166 168 186 187 203 204 205 207 225 242 248 249 253 257 270 283 287 296 297 313 322 323 329 340 351 355 357 364 389 391 401 416 430
16 2 5 6 10 11 16 22 25 27 29 33 37 38 40 41 42 44 47 50 52 55 59 60 62 63 66 69 70 71 74 76 78 79 82 83 88 89 92 96 100 103 107 109 111 113 116 119 122 123 125 126 127 128 129 130 131 137 140 141 142 144 145 147 148 151 153 155 157 158 159 163 166 168 186 187 203 204 205 207 225 242 248 249 253 257 270 283 287 296 297 313 322 329 340 351 355 357 364 389 391 401 416 430
140 2 5 6 10 11 16 22 25 27 29 33 37 38 40 41 42 44 47 50 52 55 59 60 62 63 66 69 70 71 74 76 78 79 82 83 88 89 92 96 100 103 107 109 111 113 116 119 122 123 125 126 127 128 129 130 131 137 140 141 142 144 145 147 148 151 153 155 157 158 159 163 166 168 186 187 203 204 205 207 225 242 248 249 253 257 270 283 287 296 297 313 322 323 329 340 351 355 357 364 389 391 401 416 430
287 2 5 6 10 11 16 22 25 27 29 33 37 38 40 41 42 44 47 50 52 55 59 60 62 63 66 69 70 71 74 76 78 79 82 83 88 89 92 96 100 103 107 109 111 113 116 119 122 123 125 126 127 128 129 130 131 137 140 141 142 144 145 147 148 151 153 155 157 158 159 163 166 168 186 187 203 204 205 207 225 242 248 249 253 257 270 283 287 296 297 313 322 329 340 351 355 357 364 389 391 401 416 430
158 2 5 6 10 11 16 22 25 27 29 33 37 38 40 41 42 44 47 50 52 55 59 60 62 63 66 69 70 71 74 76 78 79 82 83 88 89 92 96 100 103 107 109 111 113 116 119 122 123 125 126 127 128 129 130 131 137 140 141 142 144 145 147 148 151 153 155 157 158 159 163 166 168 186 187 203 204 205 207 225 242 248 249 253 257 270 283 287 296 297 313 322 323 329 340 351 355 357 364 389 391 401 416 430
401 2 5 6 10 11 15 16 19 22 25 27 29 33 37 38 40 41 42 44 47 50 52 55 56 59 60 62 63 66 69 70 71 74 76 78 79 82 83 88 89 92 96 100 103 107 109 111 112 113 116 119 122 123 125 126 127 128 129 130 131 137 140 141 142 144 145 147 148 151 153 155 157 158 159 163 166 168 186 187 203 204 205 207 225 242 248 249 253 257 260 270 283 287 296 297 313 322 323 329 340 351 355 357 364 379 389 391 401 416 430
248 2 5 6 10 11 15 16 19 22 25 27 29 33 37 38 40 41 42 44 47 50 52 55 56 59 60 62 63 66 69 70 71 74 76 78 79 82 83 88 89 92 96 100 103 107 109 111 112 113 116 119 122 123 125 126 127 128 129 130 131 137 140 141 142 144 145 147 148 151 153 155 157 158 159 163 166 168 186 187 203 204 205 207 225 242 248 249 253 257 260 270 283 287 296 297 313 322 323 329 340 351 355 357 364 379 389 391 401 416 430
88 2 5 6 10 11 15 16 19 22 25 27 29 33 37 38 40 41 42 44 47 50 52 55 56 59 60 62 63 66 69 70 71 74 76 78 79 82 83 88 89 92 96 100 103 107 109 111 112 113 116 119 122 123 125 126 127 128 129 130 131 137 140 141 142 144 145 147 148 151 153 155 157 158 159 163 166 168 186 187 203 204 205 207 225 242 248 249 253 257 260 270 283 287 296 297 313 322 323 329 340 351 355 357 364 379 389 391 401 416 430
116 2 5 6 10 11 15 16 19 22 25 27 29 37 38 40 41 42 44 47 50 52 55 56 59 60 62 63 66 69 70 71 74 78 79 82 83 88 89 92 96 100 103 107 109 111 112 113 116 119 122 123 125 126 127 128 129 130 131 137 140 141 142 145 147 148 151 153 155 157 158 159 163 166 168 186 187 203 204 205 207 225 242 248 249 253 257 260 270 283 287 296 297 313 322 323 329 340 351 355 357 364 379 389 401 416 430
187 2 5 6 10 11 15 16 19 22 25 27 29 33 37 38 40 41 42 44 47 50 52 55 56 59 60 62 63 66 69 70 71 74 76 78 79 82 83 88 89 92 96 100 103 107 109 111 112 113 116 119 122 123 125 126 127 128 129 130 131 137 140 141 142 144 145 147 148 151 153 155 157 158 159 163 166 168 186 187 203 204 205 207 225 242 248 249 253 257 260 270 283 287 296 297 313 322 323 329 340 351 355 357 364 379 389 391 401 416 430
111 2 5 6 10 11 15 16 19 22 25 27 29 33 37 38 40 41 42 44 47 50 52 55 56 59 60 62 63 66 69 70 71 74 76 78 79 82 83 88 89 92 96 100 103 107 109 111 112 113 116 119 122 123 125 126 127 128 129 130 131 137 140 141 142 144 145 147 148 151 153 155 157 158 159 163 166 168 186 187 203 204 205 207 225 242 248 249 253 257 260 270 283 287 296 297 313 322 323 329 340 351 355 357 364 379 389 391 401 416 430
125 2 5 6 10 11 15 16 19 22 25 27 29 33 37 38 40 41 42 44 47 50 52 55 56 59 60 62 63 66 69 70 71 74 76 78 79 82 83 88 89 92 96 100 103 107 109 111 112 113 116 119 122 123 125 126 127 128 129 130 131 137 140 141 142 144 145 147 148 151 153 155 157 158 159 163 166 168 186 187 203 204 205 207 225 242 248 249 253 257 260 270 283 287 296 297 313 322 323 329 340 351 355 357 364 379 389 391 401 416 430
329 2 5 6 10 11 16 22 25 27 29 33 37 38 40 41 42 44 47 50 52 55 59 60 62 63 66 69 70 71 74 76 78 79 82 83 88 89 92 96 100 103 107 109 111 113 116 119 122 123 125 126 127 128 129 130 131 137 140 141 142 144 145 147 148 151 153 155 157 158 159 163 166 168 186 187 203 204 205 207 225 242 248 249 253 257 270 283 287 296 297 313 322 323 329 340 351 355 357 364 389 391 401 416 430
351 2 5 6 10 11 16 22 25 27 29 33 37 38 40 41 42 44 47 50 52 55 59 60 62 63 66 69 70 71 74 76 78 79 82 83 88 89 92 96 100 103 107 109 111 113 116 119 122 123 125 126 127 128 129 130 131 137 140 141 142 144 145 147 148 151 153 155 157 158 159 163 166 168 186 187 203 204 205 207 225 242 248 249 253 257 270 283 287 296 297 313 322 323 329 340 351 355 357 364 389 391 401 416 430
364 2 5 6 10 11 15 16 19 22 25 27 29 33 37 38 40 41 42 44 47 50 52 55 56 59 60 62 63 66 69 70 71 74 76 78 79 82 83 88 89 92 96 100 103 107 109 111 112 113 116 119 122 123 125 126 127 128 129 130 131 137 140 141 142 144 145 147 148 151 153 155 157 158 159 163 166 168 186 187 203 204 205 207 225 242 248 249 253 257 260 270 283 287 296 297 313 322 323 329 340 351 355 357 364 379 389 391 401 416 430
204 2 5 6 10 11 15 16 19 22 25 27 29 33 37 38 40 41 42 44 47 50 52 56 59 60 62 63 66 69 70 71 74 76 78 79 82 83 88 89 92 96 100 103 107 109 111 112 113 116 119 122 123 125 126 127 128 129 130 131 137 140 141 142 144 145 147 148 151 153 155 157 158 159 163 166 168 186 187 203 204 205 207 225 242 248 249 253 257 260 270 283 287 296 297 313 322 323 329 340 351 355 364 379 389 391 401 416 430
63 2 5 6 10 11 15 16 19 22 25 27 29 33 37 38 40 41 42 44 47 50 52 56 59 60 62 63 66 69 70 71 74 76 78 79 82 83 88 89 92 96 100 103 107 109 111 112 113 116 119 122 123 125 126 127 128 129 130 131 137 140 141 142 144 145 147 148 151 153 155 157 158 159 163 166 168 186 187 203 204 205 207 225 242 248 249 253 257 260 270 283 287 296 297 313 322 323 329 340 351 355 364 379 389 391 401 416 430
25 2 5 6 10 11 15 16 19 22 25 27 29 33 37 38 40 41 42 44 47 50 52 55 56 59 60 62 63 66 69 70 71 74 76 78 79 82 83 88 89 92 96 100 103 107 109 111 112 113 116 119 122 123 125 126 127 128 129 130 131 137 140 141 142 144 145 147 148 151 153 155 157 158 159 163 166 168 186 187 203 204 205 207 225 242 248 249 253 257 260 270 283 287 296 297 313 322 323 329 340 351 355 357 364 379 389 391 401 416 430
109 2 5 6 10 11 15 16 19 22 25 27 29 33 37 38 40 41 42 44 47 50 52 55 56 59 60 62 63 66 69 70 71 74 76 78 79 82 83 88 89 92 96 100 103 107 109 111 112 113 116 119 122 123 125 126 127 128 129 130 131 137 140 141 142 144 145 147 148 151 153 155 157 158 159 163 166 168 186 187 203 204 205 207 225 242 248 249 253 257 260 270 283 287 296 297 313 322 323 329 340 351 355 357 364 379 389 391 401 416 430
323 2 5 6 10 11 15 16 19 22 25 27 29 37 38 40 41 42 44 47 50 52 55 56 59 60 62 63 66 69 70 71 74 78 79 82 83 88 89 92 96 100 103 107 109 111 112 113 116 119 122 123 125 126 127 128 129 130 131 137 140 141 142 145 147 148 151 153 155 157 158 159 163 166 168 186 187 203 204 205 207 225 242 248 249 253 257 260 270 283 287 296 297 313 322 323 329 340 351 357 364 379 389 401 416 430
260 15 19 56 112 260 323 379
15 15 19 56 112 260 323 379
19 15 19 56 112 260 323 379
56 15 19 56 112 260 323 379
112 15 19 56 112 260 323 379
416 2 5 6 10 11 15 16 19 22 25 27 29 33 37 38 40 41 42 44 47 50 52 55 56 59 60 62 63 66 69 70 71 74 76 78 79 82 83 88 89 92 96 100 103 107 109 111 112 113 116 119 122 123 125 126 127 128 129 130 131 137 140 141 142 144 145 147 148 151 153 155 157 158 159 163 166 168 186 187 203 204 205 207 225 242 248 249 253 257 260 270 283 287 296 297 313 322 323 329 340 351 355 357 364 379 389 391 401 416 430
22 2 5 6 10 11 15 16 19 22 25 27 29 33 37 38 40 41 42 44 47 50 52 59 60 62 63 66 69 70 71 74 76 78 79 82 83 88 89 92 96 100 103 107 109 111 112 113 116 119 122 123 125 126 127 128 129 130 131 137 140 141 142 144 145 147 148 151 153 155 157 158 159 163 166 168 186 187 203 204 205 207 225 242 248 249 253 257 260 270 283 287 296 297 313 322 323 329 340 351 355 364 389 391 401 416 430
107 2 5 6 10 11 16 22 25 27 29 33 37 38 40 41 42 44 47 50 52 59 60 62 63 66 69 70 71 74 76 78 79 82 83 88 89 92 96 100 103 107 109 111 113 116 119 122 123 125 126 127 128 129 130 131 137 140 141 142 144 145 147 148 151 153 155 157 158 159 163 166 168 186 187 203 204 205 207 225 242 248 249 253 257 270 283 287 296 297 313 322 323 329 340 351 355 364 389 391 401 416 430
210 136 210
136 136 210
162 85 162 237
85 85 162 237
237 85 162 237
27 2 5 6 10 11 15 16 19 22 25 27 29 33 37 38 40 41 42 44 47 50 52 55 56 59 60 62 63 66 69 70 71 74 76 78 79 82 83 88 89 92 96 100 103 107 109 111 112 113 116 119 122 123 125 126 127 128 129 130 131 137 140 141 142 144 145 147 148 151 153 155 157 158 159 163 166 168 186 187 203 204 205 207 225 242 248 249 253 257 260 270 283 287 296 297 313 322 323 329 340 351 355 357 364 379 389 391 401 416 430
33 2 5 6 10 11 16 22 25 27 29 33 37 38 40 42 44 47 50 52 59 60 62 63 66 69 70 71 74 76 78 79 82 83 89 92 96 100 103 107 109 113 119 122 123 126 127 129 130 131 137 140 141 142 144 145 147 148 151 153 155 157 158 159 163 166 168 186 187 204 205 207 225 242 249 253 257 270 283 287 296 297 313 322 329 340 351 355 364 389 391 430
328 91 328
91 91 328
113 2 5 6 10 11 16 22 25 27 29 33 37 38 40 41 42 44 47 50 52 55 59 60 62 63 66 69 70 71 74 76 78 79 82 83 88 89 92 96 100 103 107 109 111 113 116 119 122 123 125 126 127 128 129 130 131 137 140 141 142 144 145 147 148 151 153 155 157 158 159 163 166 168 186 187 203 204 205 207 225 242 248 249 253 257 270 283 287 296 297 313 322 323 329 340 351 355 357 364 389 391 401 416 430
225 2 5 6 10 11 16 22 25 27 29 33 37 38 40 41 42 44 47 50 52 55 59 60 62 63 66 69 70 71 74 76 78 79 82 83 88 89 92 96 100 103 107 109 111 113 116 119 122 123 125 126 127 128 129 130 131 137 140 141 142 144 145 147 148 151 153 155 157 158 159 163 166 168 186 187 203 204 205 207 225 242 248 249 253 257 270 283 287 296 297 313 322 329 340 351 355 357 364 389 391 401 416 430
186 2 5 6 10 11 16 22 25 27 29 33 37 38 40 41 42 44 47 50 52 55 59 60 62 63 66 69 70 71 74 76 78 79 82 83 88 89 92 96 100 103 107 109 111 113 116 119 122 123 125 126 127 128 129 130 131 137 140 141 142 144 145 147 148 151 153 155 157 158 159 163 166 168 186 187 203 204 205 207 225 242 248 249 253 257 270 283 287 296 297 313 322 323 329 340 351 355 357 364 389 391 401 416 430
5 2 5 6 10 11 15 16 19 22 25 27 29 33 37 38 40 41 42 44 47 50 52 55 59 60 62 63 66 69 70 71 74 76 78 79 82 83 88 89 92 96 100 103 107 109 111 112 113 116 119 122 123 125 126 127 128 129 130 131 137 140 141 142 144 145 147 148 151 153 155 157 158 159 163 166 168 186 187 203 204 205 207 225 242 248 249 253 257 260 270 283 287 296 297 313 322 323 329 340 351 355 357 364 389 391 401 416 430
297 2 5 6 10 11 16 22 25 27 29 33 37 38 40 41 42 44 47 50 52 55 59 60 62 63 66 69 70 71 74 76 78 79 82 83 88 89 92 96 100 103 107 109 111 113 116 119 122 123 125 126 127 128 129 130 131 137 140 141 142 144 145 147 148 151 153 155 157 158 159 163 166 168 186 187 203 204 205 207 225 242 248 249 253 257 270 283 287 296 297 313 322 323 329 340 351 355 357 364 389 391 401 416 430
47 2 5 6 10 11 16 22 25 27 29 33 37 38 40 41 42 44 47 50 52 55 59 60 62 63 66 69 70 71 74 76 78 79 82 83 88 89 92 96 100 103 107 109 111 113 116 119 122 123 125 126 127 128 129 130 131 137 140 141 142 144 145 147 148 151 153 155 157 158 159 163 166 168 186 187 203 204 205 207 225 242 248 249 253 257 270 283 287 296 297 313 322 323 329 340 351 355 357 364 389 391 401 416 430
79 2 5 6 10 11 16 22 25 27 29 33 37 38 40 41 42 44 47 50 52 55 59 60 62 63 66 69 70 71 74 76 78 79 82 83 88 89 92 96 100 103 107 109 111 113 116 119 122 123 125 126 127 128 129 130 131 137 140 141 142 144 145 147 148 151 153 155 157 158 159 163 166 168 186 187 203 204 205 207 225 242 248 249 253 257 270 283 287 296 297 313 322 323 329 340 351 355 357 364 389 391 401 416 430
253 2 5 6 10 11 16 22 25 27 29 33 37 38 40 41 42 44 47 50 52 55 59 60 62 63 66 69 70 71 74 76 78 79 82 83 88 89 92 96 100 103 107 109 111 113 116 119 122 123 125 126 127 128 129 130 131 137 140 141 142 144 145 147 148 151 153 155 157 158 159 163 166 168 186 187 203 204 205 207 225 242 248 249 253 257 270 283 287 296 297 313 322 323 329 340 351 355 357 364 389 391 401 416 430
126 2 5 6 10 11 16 22 25 27 29 33 37 38 40 41 42 44 47 50 52 55 59 60 62 63 66 69 70 71 74 76 78 79 82 83 88 89 92 96 100 103 107 109 111 113 116 119 122 123 125 126 127 128 129 130 131 137 140 141 142 144 145 147 148 151 153 155 157 158 159 163 166 168 186 187 203 204 205 207 225 242 248 249 253 257 270 283 287 296 297 313 322 323 329 340 351 355 357 364 389 391 401 416 430
44 2 5 6 10 11 16 22 25 27 29 33 37 38 40 41 42 44 47 50 52 55 59 60 62 63 66 69 70 71 74 76 78 79 82 83 88 89 92 96 100 103 107 109 111 113 116 119 122 123 125 126 127 128 129 130 131 137 140 141 142 144 145 147 148 151 153 155 157 158 159 163 166 168 186 187 203 204 205 207 225 242 248 249 253 257 270 283 287 296 297 313 322 323 329 340 351 355 357 364 389 391 401 416 430
103 2 5 6 10 11 16 22 25 27 29 33 37 38 40 41 42 44 47 50 52 55 59 60 62 63 66 69 70 71 74 76 78 79 82 83 88 89 92 96 100 103 107 109 111 113 116 119 122 123 125 126 127 128 129 130 131 137 140 141 142 144 145 147 148 151 153 155 157 158 159 163 166 168 186 187 203 204 205 207 225 242 248 249 253 257 270 283 287 296 297 313 322 323 329 340 351 355 357 364 389 391 401 416 430
430 2 5 6 10 11 15 16 19 22 25 27 29 33 37 38 40 41 42 44 47 50 52 55 56 59 60 62 63 66 69 70 71 74 76 78 79 82 83 88 89 92 96 100 103 107 109 111 112 113 116 119 122 123 125 126 127 128 129 130 131 137 140 141 142 144 145 147 148 151 153 155 157 158 159 163 166 168 186 187 203 204 205 207 225 242 248 249 253 257 260 270 283 287 296 297 313 322 323 329 340 351 355 357 364 379 389 391 401 416 430
41 2 5 6 10 11 15 16 19 22 25 27 29 33 37 38 40 41 42 44 47 50 52 55 56 59 60 62 63 66 69 70 71 74 76 78 79 82 83 88 89 92 96 100 103 107 109 111 112 113 116 119 122 123 125 126 127 128 129 130 131 137 140 141 142 144 145 147 148 151 153 155 157 158 159 163 166 168 186 187 203 204 205 207 225 242 248 249 253 257 260 270 283 287 296 297 313 322 323 329 340 351 355 357 364 379 389 391 401 416 430
55 2 6 10 11 15 16 19 25 27 29 33 37 38 40 41 42 44 47 50 52 55 56 60 62 66 69 70 71 74 76 78 79 82 83 88 89 92 96 100 103 109 111 112 113 116 119 122 123 125 126 127 128 129 130 131 137 140 141 144 145 147 148 153 155 158 159 163 166 168 186 187 203 205 207 225 248 249 253 257 260 270 283 287 296 297 313 322 323 329 340 351 355 357 364 379 389 391 401 416 430
62 2 5 6 10 11 16 22 25 27 29 33 37 38 40 41 42 44 47 50 52 55 59 60 62 63 66 69 70 71 74 76 78 79 82 83 88 89 92 96 100 103 107 109 111 113 116 119 122 123 125 126 127 128 129 130 131 137 140 141 142 144 145 147 148 151 153 155 157 158 159 163 166 168 186 187 203 204 205 207 225 242 248 249 253 257 270 283 287 296 297 313 322 323 329 340 351 355 357 364 389 391 401 416 430
151 2 5 6 10 11 16 22 25 27 29 33 37 38 40 41 42 44 47 50 52 59 60 62 63 66 69 70 71 74 76 78 79 82 83 88 89 92 96 100 103 107 109 111 113 116 119 122 123 125 126 127 128 129 130 131 137 140 141 142 144 145 147 148 151 153 155 157 158 159 163 166 168 186 187 203 204 205 207 225 242 248 249 253 257 270 283 287 296 297 313 322 323 329 340 351 355 364 389 391 401 416 430
59 2 5 6 10 11 16 22 25 27 29 33 37 38 40 41 42 44 47 50 52 59 60 62 63 66 69 70 71 74 76 78 79 82 83 88 89 92 96 100 103 107 109 111 113 116 119 122 123 125 126 127 128 129 130 131 137 140 141 142 144 145 147 148 151 153 155 157 158 159 163 166 168 186 187 203 204 205 207 225 242 248 249 253 257 270 283 287 296 297 313 322 323 329 340 351 355 364 389 391 401 416 430
242 2 5 6 10 11 16 22 25 27 29 33 37 38 40 41 42 44 47 50 52 59 60 62 63 66 69 70 71 74 76 78 79 82 83 88 89 92 96 100 103 107 109 111 113 116 119 122 123 125 126 127 128 129 130 131 137 140 141 142 144 145 147 148 151 153 155 157 158 159 163 166 168 186 187 203 204 205 207 225 242 248 249 253 257 270 283 287 296 297 313 322 323 329 340 351 355 364 389 391 401 416 430
313 2 5 6 10 11 15 16 19 22 25 27 29 33 37 38 40 41 42 44 47 50 52 55 56 59 60 62 63 66 69 70 71 74 76 78 79 82 83 88 89 92 96 100 103 107 109 111 112 113 116 119 122 123 125 126 127 128 129 130 131 137 140 141 142 144 145 147 148 151 153 155 157 158 159 163 166 168 186 187 203 204 205 207 225 242 248 249 253 257 260 270 283 287 296 297 313 322 323 329 340 351 355 357 364 379 389 391 401 416 430
249 2 5 6 10 11 16 22 25 27 29 33 37 38 40 41 42 44 47 50 52 55 59 60 62 63 66 69 70 71 74 76 78 79 82 83 88 89 92 96 100 103 107 109 111 113 116 119 122 123 125 126 127 128 129 130 131 137 140 141 142 144 145 147 148 151 153 155 157 158 159 163 166 168 186 187 203 204 205 207 225 242 248 249 253 257 270 283 287 296 297 313 322 329 340 351 355 357 364 389 391 401 416 430
357 2 6 10 11 15 16 19 25 27 29 33 37 38 40 41 42 44 47 50 52 55 56 60 62 66 69 70 71 74 76 78 79 82 83 88 89 92 96 100 103 109 111 112 113 116 119 122 123 125 126 127 128 129 130 131 137 140 141 144 145 147 148 153 155 158 159 163 166 168 186 187 203 205 207 225 248 249 253 257 260 270 283 287 296 297 313 322 323 329 340 351 355 357 364 379 389 391 401 416 430
74 2 5 6 10 11 16 22 25 27 29 33 37 38 40 41 42 44 47 50 52 55 59 60 62 63 66 69 70 71 74 76 78 79 82 83 88 89 92 96 100 103 107 109 111 113 116 119 122 123 125 126 127 128 129 130 131 137 140 141 142 144 145 147 148 151 153 155 157 158 159 163 166 168 186 187 203 204 205 207 225 242 248 249 253 257 270 283 287 296 297 313 322 329 340 351 355 357 364 389 391 401 416 430
123 2 5 6 10 11 16 22 25 27 29 33 37 38 40 41 42 44 47 50 52 55 59 60 62 63 66 69 70 71 74 76 78 79 82 83 88 89 92 96 100 103 107 109 111 113 116 119 122 123 125 126 127 128 129 130 131 137 140 141 142 144 145 147 148 151 153 155 157 158 159 163 166 168 186 187 203 204 205 207 225 242 248 249 253 257 270 283 287 296 297 313 322 329 340 351 355 357 364 389 391 401 416 430
127 2 5 6 10 11 16 22 25 27 29 33 37 38 40 41 42 44 47 50 52 55 59 60 62 63 66 69 70 71 74 76 78 79 82 83 88 89 92 96 100 103 107 109 111 113 116 119 122 123 125 126 127 128 129 130 131 137 140 141 142 144 145 147 148 151 153 155 157 158 159 163 166 168 186 187 203 204 205 207 225 242 248 249 253 257 270 283 287 296 297 313 322 323 329 340 351 355 357 364 389 391 401 416 430
355 2 5 6 10 11 16 22 25 27 29 33 37 38 40 41 42 44 47 50 52 55 59 60 62 63 66 69 70 71 74 76 78 79 82 83 88 89 92 96 100 103 107 109 111 113 116 119 122 123 125 126 127 128 129 130 131 137 140 141 142 144 145 147 148 151 153 155 157 158 159 163 166 168 186 187 203 204 205 207 225 242 248 249 253 257 270 283 287 296 297 313 322 329 340 351 355 357 364 389 391 401 416 430
379 15 19 56 112 260 323 379
38 2 5 6 10 11 16 22 25 27 29 33 37 38 40 41 42 44 47 50 52 55 59 60 62 63 66 69 70 71 74 76 78 79 82 83 88 89 92 96 100 103 107 109 111 113 116 119 122 123 125 126 127 128 129 130 131 137 140 141 142 144 145 147 148 151 153 155 157 158 159 163 166 168 186 187 203 204 205 207 225 242 248 249 253 257 270 283 287 296 297 313 322 323 329 340 351 355 357 364 389 391 401 416 430
270 2 5 6 10 11 16 22 25 27 29 33 37 38 40 41 42 44 47 50 52 55 59 60 62 63 66 69 70 71 74 76 78 79 82 83 88 89 92 96 100 103 107 109 111 113 116 119 122 123 125 126 127 128 129 130 131 137 140 141 142 144 145 147 148 151 153 155 157 158 159 163 166 168 186 187 203 204 205 207 225 242 248 249 253 257 270 283 287 296 297 313 322 323 329 340 351 355 357 364 389 391 401 416 430
353 104 353
104 104 353
178 124 178
124 124 178
110 110 244
244 110 244
10 2 5 6 10 11 16 22 25 27 29 33 37 38 40 41 42 44 47 50 52 55 59 60 62 63 66 69 70 71 74 76 78 79 82 83 88 89 92 96 100 103 107 109 111 113 116 119 122 123 125 126 127 128 129 130 131 137 140 141 142 144 145 147 148 151 153 155 157 158 159 163 166 168 186 187 203 204 205 207 225 242 248 249 253 257 270 283 287 296 297 313 322 329 340 351 355 357 364 389 391 401 416 430
278 274 278
274 274 278
76 2 5 6 10 11 16 22 25 27 29 33 37 38 40 42 44 47 50 52 59 60 62 63 66 69 70 71 74 76 78 79 82 83 89 92 96 100 103 107 109 113 119 122 123 126 127 129 130 131 137 140 141 142 144 145 147 148 151 153 155 157 158 159 163 166 168 186 187 204 205 207 225 242 249 253 257 270 283 287 296 297 313 322 329 340 351 355 364 389 391 430
144 2 5 6 10 11 16 22 25 27 29 33 37 38 40 42 44 47 50 52 59 60 62 63 66 69 70 71 74 76 78 79 82 83 89 92 96 100 103 107 109 113 119 122 123 126 127 129 130 131 137 140 141 142 144 145 147 148 151 153 155 157 158 159 163 166 168 186 187 204 205 207 225 242 249 253 257 270 283 287 296 297 313 322 329 340 351 355 364 389 391 430
