0 0
108 108
2 2
163 163
66 2 5 6 10 11 15 16 19 22 25 27 29 33 38 40 41 42 44 47 50 52 55 56 59 60 62 63 66 69 70 71 74 76 78 79 82 83 88 89 92 96 103 107 109 111 112 116 119 122 123 125 126 127 128 129 130 131 137 140 141 142 144 145 147 148 151 153 155 157 158 159 163 166 168 186 187 203 204 205 207 242 248 249 253 257 260 270 283 287 296 297 313 322 323 329 340 351 355 357 364 379 389 391 401 416 430
78 78
130 130
6 6
70 70
11 11
207 207
153 153
60 60
168 168
40 2 5 6 10 11 15 16 19 22 25 27 29 33 38 40 41 42 44 47 50 52 55 56 59 60 62 63 66 69 70 71 74 76 78 79 82 83 88 89 92 96 103 107 109 111 112 116 119 122 123 125 126 127 128 129 130 131 137 140 141 142 144 145 147 148 151 153 155 157 158 159 163 166 168 186 187 203 204 205 207 242 248 249 253 257 260 270 283 287 296 297 313 322 323 329 340 351 355 357 364 379 389 391 401 416 430
96 2 5 6 10 11 15 16 19 22 25 27 29 33 38 40 41 42 44 47 50 52 55 56 59 60 62 63 66 69 70 71 74 76 78 79 82 83 88 89 92 96 103 107 109 111 112 116 119 122 123 125 126 127 128 129 130 131 137 140 141 142 144 145 147 148 151 153 155 157 158 159 163 166 168 186 187 203 204 205 207 242 248 249 253 257 260 270 283 287 296 297 313 322 323 329 340 351 355 357 364 379 389 391 401 416 430
141 141
52 52
69 69
92 92
137 137
119 119
100 2 5 6 10 11 15 16 19 22 25 27 29 33 37 38 41 42 47 50 52 55 56 59 60 63 69 70 71 74 76 78 79 82 83 88 89 92 100 107 109 111 112 113 116 119 122 123 125 126 127 128 129 130 131 137 140 142 144 145 147 148 151 153 155 157 158 159 163 166 168 186 187 203 204 205 225 242 248 249 253 257 260 270 283 287 296 297 313 322 323 329 340 351 355 357 364 379 389 391 401 416 430
159 159
29 29
131 131
205 205
166 166
37 2 5 6 10 11 15 16 19 22 25 27 29 33 37 38 41 42 47 50 52 55 56 59 60 63 69 70 71 74 76 78 79 82 83 88 89 92 100 107 109 111 112 113 116 119 122 123 125 126 127 128 129 130 131 137 140 142 144 145 147 148 151 153 155 157 158 159 163 166 168 186 187 203 204 205 225 242 248 249 253 257 260 270 283 287 296 297 313 322 323 329 340 351 355 357 364 379 389 391 401 416 430
42 42
340 340
389 389
83 83
157 157
283 283
142 142
322 322
71 71
89 89
296 296
391 391
203 203
50 50
155 155
122 122
82 82
128 128
145 145
148 148
147 147
257 257
129 129
16 16
140 140
287 287
158 158
401 401
248 248
88 88
116 116
187 187
111 111
125 125
329 329
351 351
364 364
204 204
63 63
25 25
109 109
323 323
260 260
15 15
19 19
56 56
112 112
416 416
22 22
107 107
210 210
136 136
162 162
85 85
237 237
27 27
33 33
328 328
91 91
113 2 5 6 10 11 15 16 19 22 25 27 29 33 37 38 41 42 47 50 52 55 56 59 60 63 69 70 71 74 76 78 79 82 83 88 89 92 100 107 109 111 112 113 116 119 122 123 125 126 127 128 129 130 131 137 140 142 144 145 147 148 151 153 155 157 158 159 163 166 168 186 187 203 204 205 225 242 248 249 253 257 260 270 283 287 296 297 313 322 323 329 340 351 355 357 364 379 389 391 401 416 430
225 225
186 186
5 5
297 297
47 47
79 79
253 253
126 126
44 44
103 103
430 430
41 41
55 55
62 62
151 151
59 59
242 242
313 313
249 249
357 357
74 74
123 123
127 127
355 355
379 379
38 38
270 270
353 353
104 104
178 178
124 124
110 110
244 244
10 10
278 278
274 274
76 76
144 144
