0 1.0 0.9917763157894738 0.9844115354637569 0.9778597785977862 0.9725463280713798 0.967928159076331 0.964200477326969 0.9611758180809761 0.9588688946015423 0.9521988527724663 0.9462846911369737 0.9372647427854449 0.9330181245074857 0.9255121042830534 0.9155524278676981 0.9084668192219669 0.9109336609336599 0.9045691150954297 0.9071038251366109 0.9044421487603295 0.9068399117430731 0.9091120950827302 0.9111703308905164 0.9033613445378139 0.9005370996618249 0.9031155015197556 0.9054717324122875 0.9059724882465598
257 1.0 0.9655870445344129 0.9378995433789954 0.9337298215802889 0.9319938176197837 0.9326923076923077 0.9334565619223659 0.9187178019461933 0.9216090768437337 0.9243344231667443 0.9265898420827996 0.905325443786982 0.9079971691436657 0.9100546097012525 0.9149560117302051 0.9190720258969515 0.922770303936223 0.9260286638927413 0.9182104159384826
130 1.0 0.9772117962466489 0.9574734208880552 0.9521765787860209 0.9472422062350121 0.9431884057971014 0.9395635142697257 0.9268527430221366 0.9244755244755243 0.9222423146473777 0.9203152364273203 0.9190215099114295 0.9183178325919932 0.9181467181467178 0.9146117040853878 0.9150579150579146 0.9090605148779667 0.9099904245132454 0.9079268292682919 0.8997912317327759 0.8957264957264949 0.8970427163198239 0.8982604111755395 0.8944430347627497 0.9005190311418677 0.8975109809663242 0.8989490703314462 0.8940055577610154 0.8829931972789106 0.8780624649336066 0.8737182946573113 0.8758716875871676 0.8778961610011826 0.8798029556650233 0.8817906643300928 0.8836633663366326 0.8856027623479947
131 1.0 0.9784537389100127 0.9583843329253368 0.9414129810453765 0.9368302312464751 0.9230363732208753 0.9199589533093896 0.9174540029835904 0.915506481036966 0.9136890951276102 0.8997265268915224 0.8987230295024219 0.89778534923339 0.8754045307443367 0.8754894283476898 0.8758046194623248 0.8767772511848341 0.8776801405975394 0.8785205293518831 0.8694638694638692 0.8711538461538458 0.8627204030226696 0.8651753325272064 0.8649275362318836 0.8674832962138079 0.8698446705945361 0.8721978871424885 0.8718967229394234 0.8716167664670652 0.8736695974086065 0.8755873797270076 0.8776480760916552 0.8796992481203001 0.881616161616161 0.8835255032245449 0.8855307895731009 0.8874063242551629 0.8891643059490077 0.8908154506437761
128 1.0 0.9752005835156821 0.9517730496453902 0.9471902505077864 0.9440914866581959 0.9417013682331947 0.9395973154362417 0.9390180878552972 0.9383726528647086 0.9379496402877696 0.9379715004191114 0.934195064629847 0.9345588235294114 0.9348804987876685 0.9351669941060899 0.9362318840579705 0.9365558912386702 0.9302936261637617 0.9286204529855862 0.9292773995168014 0.9299578059071724 0.9305865638319458 0.9311693390692211 0.9299566936546783 0.9306463326071163 0.9295971978984231 0.9269282814614337 0.9216132704504789 0.9226536708064762 0.9221647917300083 0.920176730486008 0.9197372179377312 0.9193235375658434
389 1.0 0.986130374479889 0.9535374868004224 0.9492481203007519 0.9467110741049126 0.9209677419354839 0.8967943706020328 0.874051593323217 0.8526160648489315 0.8612945838837517 0.8698994677705499 0.8784997358689909 0.880668257756563 0.8872995231902902 0.8755818874312312 0.877039848197343 0.8820706205005138 0.8895131086142317 0.8958810068649881 0.8884841692350793 0.8813838550247111 0.8853955375253543 0.8866149141378492 0.885851738464902 0.8855397148676163 0.8791415662650592 0.8852920478536233 0.8804116974350586 0.8805742211362239 0.8848032174662445
6 1.0 0.961926091825308 0.9373271889400921 0.9351081530782029 0.9097502014504432 0.8859374999999999 0.8914405010438413 0.8727394507702614 0.869691681210006 0.8806731259561449 0.8693320331545589 0.85894441849603 0.8707003729796934 0.8912437255995538 0.8967741935483869 0.8971783835485412 0.8996431757359498 0.9048593350383629 0.9065783093583317
260 1.0 0.9631635969664138 0.9548717948717949 0.9491525423728814 0.9450171821305843 0.9420062695924766 0.9399141630901289 0.9381578947368422 0.9368548876745598 0.9362772498602571 0.9354502863092138 0.9352030947775627 0.9354260089686096 0.9350758853288361 0.9347653142402542 0.9317507418397623 0.9293628808864262 0.9210355987055009 0.9162591687041556 0.8891363523880217 0.8723503377591414 0.8438809261300975 0.8252058264724489 0.8427695636494754 0.8464217308027147 0.8346539094034966 0.8240583865502393 0.8077634011090553 0.8032669607726222 0.8079592781119831 0.7948378557246834 0.7936490965465604 0.7984834320141246 0.7985698459059298 0.8030570252792453 0.8065745593139568 0.7973535671324119 0.7862338123115107 0.7737479874586871 0.7665877744225875 0.7680698967434443 0.7624356115937543 0.7671623854589127 0.7630504520268271 0.7507505410877577 0.7399463806970475
136 1.0 0.9606025492468134 0.9529411764705882 0.9541206457094308 0.9556786703601108 0.9516129032258063 0.9488440727988191
137 1.0 0.985096870342772 0.97539975399754 0.9583333333333334 0.9554367201426026 0.9534522885958108 0.9522510231923602 0.9520383693045563 0.952127659574468 0.9481454807346055 0.9417865506858478 0.9360701974302722 0.9341757272994412 0.9251366120218573 0.9129334345735248 0.9065908013276425 0.8946666666666656 0.8988928347608095 0.8874289076289457 0.8888888888888876 0.8817222894691323 0.8841849148418477 0.8764061796910139 0.8660925128490051 0.8706739526411641 0.8693907333090096 0.8704740148486562 0.8723725342244243
5 1.0 0.9753086419753088 0.9531034482758622 0.9475453934095497 0.942446043165468 0.9378172588832491 0.9334565619223663 0.9309941520467838 0.9293598233995586 0.9278996865203762 0.9265873015873016 0.9262715818945403 0.9259911894273126 0.9257405089695451 0.9259551004332413 0.9261469600895186 0.9263195182430036 0.923618090452261 0.918017159199237 0.9188861985472152 0.9196763941057494 0.9205078664090529 0.9187335092348281 0.9144736842105258 0.9155134741442092 0.9166666666666662 0.9094942324755984 0.9029661016949145 0.8969991889699911 0.8942232630757212 0.8840849795005581 0.8862900323857492 0.8883866481223912 0.8798468963221822 0.877708233028405 0.8799004355942738 0.880542986425338 0.8783146729522675 0.8747676912080045
11 1.0 0.9773785761809715 0.9713355048859935 0.952983725135624 0.9394921663965425 0.9362258233141663 0.934 0.9192607003891051 0.9190059825126553 0.9057873485868102 0.8932166301969365 0.8949110467521721 0.8827361563517916 0.8709418837675351 0.8738601823708206 0.8769341489744512 0.8799044694643465 0.8827720207253885 0.8857142857142856 0.878624813153961 0.862688296639629 0.8664459161147899 0.8700342015259139 0.8733031674208142 0.8765906362545014 0.8701729447998101 0.8735554044867433 0.8747562296858067 0.875856342121652 0.8712044018748721 0.8725068439577625
140 1.0 0.9726247987117553 0.9502196193265009 0.9474039109912341 0.9272254710851205 0.9280660377358493 0.9237788513150832 0.9254901960784313 0.9306440198159942 0.9316296050448057 0.9226554946825651 0.9243570347957638 0.9179901819231877 0.9198910081743866 0.9216898505924778 0.9233023937469464 0.9249304911955512 0.9259121370067012 0.9254769121055444 0.9251665812403891
15 1.0 0.9886492622020432 0.9793388429752067 0.97196261682243 0.9663016006739681 0.9622356495468279 0.9592114208021754 0.9511599511599511 0.9442896935933146 0.9436475409836063 0.94408201304753 0.9455692001327579 0.9397515527950309 0.9375911344415279 0.9384784399890137 0.9322729604925599 0.9288996372430467 0.9217648396634063 0.9216192937123163 0.9119853984992894 0.8967350037965062 0.8999096657633233 0.9016112444292071 0.9031942633637539 0.8952277320068385 0.8971089696071153 0.8840378197997762 0.8766833905466054 0.8645169353830754 0.8518251681075869 0.8457831325301185 0.84956435425168
16 1.0 0.9904852521408183 0.9821109123434706 0.9754098360655739 0.9697428139183057 0.9652536483669216 0.9553001277139207 0.9531615925058546 0.9460916442048515 0.9403578528827033 0.940064545873674 0.9405772495755513 0.941245593419506 0.9419237749546274 0.9359622514324227 0.9286600496277908 0.9307559145989607 0.932614555256064 0.9342936568107145 0.927024482109227 0.9183222958057387 0.9070631970260212 0.9040908201213533 0.9069940476190466
145 1.0 0.9922057677318784 0.970209884901828 0.9651387992253065 0.9608801955990219 0.9574223245109319 0.9543478260869562 0.9520897043832821 0.950095969289827 0.9484396200814108 0.9470763977806227 0.9460764587525147 0.9453924914675763 0.9378349410503746 0.9375424304141202 0.9372777238926602 0.9088455772113933 0.9100801832760586 0.9014618299945847 0.903133903133902 0.9046673286991052 0.8992874109263647 0.9010713471620686 0.8984460494637764 0.8920394875026242 0.8775184520247342 0.8611697027804394 0.8643754619364359 0.8660508083140861 0.8692004793699694 0.8722350610762611 0.8751592356687881
401 1.0 0.9833610648918469 0.9725274725274726 0.9655172413793104 0.9533582089552239 0.9446202531645571 0.9136786188579018 0.9033057851239666 0.8937125748502989 0.8865489130434776 0.8697788697788689 0.8555976203353152 0.8507897934386377 0.8404231871280566 0.8328322309079959 0.8196480938416402 0.8110028085246963 0.8027027027027004 0.8115535614133461 0.8078371217403408 0.7963107300597534 0.7896530736457674 0.7842351369405451
19 1.0 0.9905303030303031 0.9825021872265968 0.9759036144578315 0.9703043801039348 0.965729952021933 0.9620493358633777 0.9588960657662948 0.9564032697547684 0.9541284403669724 0.9524714828897337 0.9426301853486316 0.942100909842845 0.941520467836257 0.93133357426816 0.9253984401492026 0.917223814071951 0.8917165668662665 0.886873508353221 0.8693078324225854 0.8548664944013767 0.8231682357756838 0.8283919104653428 0.8341463414634129 0.839554917444363 0.8445132438940472 0.8361083904668609 0.8136419001218007 0.7991416309012853 0.7942715505370397 0.796794277387731 0.8017351365144145 0.7863937387116169 0.7685688405797072
148 1.0 0.9738461538461539 0.96781272860278 0.9626038781163436 0.9581972566949707 0.9548229548229549 0.9521367521367521 0.9504480759093304 0.9491193737769078 0.9484396200814109 0.9478553406223715 0.9475538160469664 0.9474835886214439 0.9474223284397402 0.9473684210526312 0.9474002418379682 0.9447293447293443 0.9449689776099267 0.9451844262295077 0.9407910701286091 0.9389312977099231 0.9373759647188528 0.9380269814502524 0.9366424535916056 0.9373670983955146
144 1.0 0.9640591966173362 0.9593721144967683 0.9564516129032259 0.954834156669019 0.9481161210623842 0.9485213581599123 0.9489695780176642 0.9494456762749444 0.9502407704654894 0.950897764748992 0.9515314708852235 0.9491945477075586 0.9502145922746779 0.9511547650650382 0.947342519685039 0.9394634258197656 0.9390296264491192 0.9407854984894255 0.9406090410440698
22 1.0 0.9635193133047211 0.9548254620123203 0.9483747609942641 0.943262411347518 0.9390946502057615 0.9283536585365856 0.9264497878359267 0.9257812500000001 0.9191797346200241 0.9206611570247933 0.9122098890010087 0.9057301293900181 0.8975220495590082 0.8764773160503231 0.8712693275800063 0.8705803869246154 0.8760124610591892 0.8816362053959955 0.8844492440604742 0.8698224852070994 0.8604864616796681 0.8599476439790562 0.8623232944068824 0.8682889146388554 0.873722627737225 0.8752376015206484 0.8801767883450635
278 1.0 0.9249448123620309 0.9111111111111111 0.9117647058823529 0.9139784946236561 0.9164785553047405 0.9103053435114505 0.9065573770491805 0.9102749638205501 0.9140474663245671 0.9175257731958761 0.921548650025471 0.9031674208144791 0.9082719082719077 0.9102611254137545 0.9061467283542625 0.9086538461538455 0.9084931506849309 0.9103116290853805 0.9147341297727798 0.9171699741156162 0.9187613110798304 0.9064935064935056 0.9112569060773472 0.9062449831433608 0.8960455362492499 0.8801066966165927 0.8746386333771339 0.8576538793635112 0.847098976109213 0.8350343678400312 0.8392365210547008 0.8351156201444089 0.8296497789867371 0.8239818638166927 0.8167927149251402 0.8062522986392029 0.8002346931731883 0.7936455512253124 0.794371196754565 0.7974852699993943 0.7898859982461303 0.7925534902004869 0.7945413191812023 0.7956994845629248 0.7900492072170651 0.7905824635659731
153 1.0 0.9539918809201623 0.9144654088050314 0.8824884792626727 0.855472901168969 0.8453139217470427 0.8207381370826009 0.8210526315789473 0.7845070422535211 0.7889111556446226 0.7941919191919191 0.7871082199881726 0.7930648769574943 0.7989417989417988 0.8056801195814647 0.7927663734115344 0.7803357314148679 0.7683615819209038 0.73576512455516 0.7456842105263155 0.7550857598723572 0.7454831107619793 0.7361702127659572 0.746241290795746 0.7518299058905538 0.7510758027143325 0.7578419071518188 0.7676077265973248 0.7713963963963957 0.7655210643015513 0.7998650775803906 0.8046791156900616 0.800507185122569 0.7964620187304883 0.7925379253792529 0.7872686597518803 0.7949116333268587 0.793180133432171 0.796916533758638 0.8048220436280127 0.8109938573003611 0.8092643051771105 0.8067502986857812 0.8101247669582664 0.81574585635359 0.8201620401115675 0.8253744718986035 0.8258191672825808 0.8185639229422054 0.8165222414789126 0.8206758113081285 0.8183628318584059 0.8147404039335928 0.8241090339810284 0.8238082461318297 0.8188874514877089 0.8198122695273202 0.8133936505371986 0.8140593127255594 0.8111203823105498 0.807770346434206 0.8023761228629366 0.7986145126303251 0.8009923197172555 0.8033025099075288 0.7975487394424342 0.7902251510159277
29 1.0 0.9760563380281692 0.9539295392953933 0.9341510652033572 0.9170225747406958 0.9026345933562432 0.9004424778761064 0.8989361702127662 0.8980632008154945 0.8982558139534884 0.8876093965914326 0.888986013986014 0.8902286902286901 0.8917851500789888 0.8933933933933932 0.8952245188880967 0.8975741239892182 0.8996805111821086 0.9017288444040035 0.9038572251007483 0.9057792385647766 0.9075235109717866 0.9137407889033375 0.9150177046448654 0.9161988773055331 0.9189699570815448 0.9149436880147922 0.9161112014306615
416 1.0 0.9715099715099715 0.9633027522935781 0.9403832505322924 0.9356435643564356 0.9303172126885073 0.9141592920353977 0.904575674618693 0.8899456521739119 0.8815393866506301 0.8717201166180742 0.8816766467065854 0.8774445893089945 0.8669001751313468 0.8593421973407959 0.8544122331952831 0.8557471264367796 0.8645178197064971 0.8551840269425046 0.8520908004778953 0.8490386897697584 0.8418512831761331 0.8324878575283303 0.8301563503962284 0.8269439243126026 0.8349691021446726 0.8388991441517012 0.832812499999998 0.8388860538018498 0.8365894400464793 0.8323820533198448 0.8205419208398339 0.8183619550858654 0.8123815127149124 0.8069197874821841 0.802847754654986 0.8065252658775496 0.8069930069930118 0.8029638674585168 0.7983915390547598 0.7884313619392965 0.7817460317460402 0.772907314496973 0.7706108275898453 0.762312522704874 0.7606740411454679 0.7528468569677907 0.7523566878981018 0.7558649628075663 0.7612722668917554 0.7642973685311609 0.7653488372093173 0.7629555203462688
33 1.0 0.9655172413793104 0.9621668099742047 0.9600000000000001 0.9590268886043534 0.9590934217799888 0.9594398841139544 0.9599147121535179 0.9604863221884496 0.96107886650734 0.9587819132574588
163 1.0 0.9730799683293746 0.9497413155949743 0.9276082327892125 0.9071672354948808 0.9091474797759803 0.9110604332953252 0.9133611691022966 0.915506481036966 0.9176991150442477 0.919573245794009 0.9266951740989614 0.9252013808975833 0.9213665943600865 0.9204107830551986 0.9125571936959833 0.9146164978292326 0.9166666666666662 0.9166123778501624 0.9166494739013819
297 1.0 0.9767981438515082 0.9540034071550255 0.9462209302325582 0.9334612923864362 0.9366666666666665 0.9284386617100369 0.9175424413904603 0.9083651509892391 0.910447761194029 0.9017543859649113 0.8922852983988343 0.8851237683249206 0.8792991563919519 0.8718597857838348 0.8677744387484516 0.8740896585207948 0.8785629453681695 0.8698015765153557 0.8658628485305182 0.8618444005116855 0.8553803239995689 0.8612416275117446 0.856533827618163 0.8543680382951283 0.8496782496782477 0.8458134785568392 0.8411989795918345 0.8378617185774221 0.8377891674747187 0.8350555918901248 0.8295272188618711 0.8323276114593736 0.8269442608504121 0.8181026506286455 0.8131599479844023 0.8136763172270026 0.8056457165338928 0.8052137840003865 0.8047992823503127 0.8017141326667366 0.8005251680092679 0.7967973029920049 0.7950358343118722 0.7905712790370113 0.7866452623934704 0.7845626072041308 0.7783666061706142 0.7764636309875973 0.7750508519790756 0.7735703741736902 0.7692520520151431
41 1.0 0.9927060539752006 0.9860432658757852 0.9803921568627452 0.9755650580329871 0.9713302752293577 0.9679315873864243 0.9650524213679479 0.9627039627039624 0.9607329842931934 0.9589995899958996 0.953685835584716 0.9526066350710897 0.951724137931034 0.9509322865554461 0.9502951227089155 0.9497932663910215 0.9493385871094845 0.941644562334217 0.9418751579479399 0.9420849420849415 0.9401059663671959 0.9405024239753189 0.936708860759493 0.937272359368676 0.9304885112956162 0.9313288789903482
430 1.0 0.970674486803519 0.9626168224299065 0.9601063829787233 0.959758551307847 0.9538816295157572 0.9389499389499387 0.944723618090452 0.9368952461085397 0.9490022172949 0.9363408521303254 0.9269776876267741 0.918777643747486 0.9092055485498098 0.9002923026956792 0.9037527593818973 0.9018322856760721 0.9014585120725567 0.8932247483316353 0.8862897304101527 0.8876776328596442 0.8789728856168058 0.8737104825291166 0.8755128899899343 0.8741856088026637 0.8726131839956828 0.8666043530511435 0.8644046884639144 0.8622583228463606 0.8612387137652517 0.8580821629582932 0.8566656842518979 0.8547903501084075 0.8506808005117509 0.8492114139848749 0.8470638662666188 0.841098910416765 0.8370956873315469 0.8351034801225916 0.8332685278793179 0.829123960549229
47 1.0 0.9910952804986644 0.984251968503937 0.9791231732776619 0.9660550458715597 0.9643614764531184 0.9566037735849058 0.9560439560439561 0.953059513830679 0.953046689527829 0.9530938123752494 0.9534117647058823 0.9517378791233118 0.9523908958028814 0.9510944586866493 0.9499346161031195
50 1.0 0.960093896713615 0.9582542694497154 0.957345971563981 0.9579776756401839 0.9589442815249266 0.9596110695587134 0.9602157788267025 0.9578368469294223 0.9559274755927472 0.9568899153194762 0.9554396776487315 0.9543459174714658 0.9455291222313369 0.9422539583980126 0.9436495058268177 0.9406970207982008
178 1.0 0.9753694581280788 0.954621848739496 0.9475920679886687 0.9448356807511736 0.9406982305117165 0.9346092503987234 0.9322259136212617 0.9309173272933174 0.920666013712046 0.9247768805779846 0.9281302638966864 0.9180082987551856 0.9136860774460527 0.9171644763042603 0.9150395778364107 0.9176029962546807 0.9146571608303617 0.9090314747361529 0.9050622123742957 0.9027982326951395 0.8977394280824371 0.8931677018633567 0.8904608658692125 0.8876938752405797 0.8854844684341485 0.8838285799611828 0.8793200074724525 0.8773326258070301 0.8745758451677852 0.8732130768924552 0.870219198790637 0.8670457817448995 0.8630831990675782 0.8592221895136349
52 1.0 0.9726688102893891 0.9463179628355128 0.9434083601286173 0.9417360285374553 0.9240506329113923 0.9074693422519509 0.9031754294638208 0.8999028182701649 0.9024830699774263 0.9049221708035335 0.9079563182527297 0.907447577729573 0.9102261221734723 0.9017359973796262 0.9047619047619042 0.9074341914955157 0.9163987138263662 0.9180902321506785 0.9196316450397651 0.9144319344933465 0.9165203822898376 0.9149331352154526
56 1.0 0.9901768172888016 0.9819004524886878 0.9615384615384616 0.9575033200531209 0.9539800995024874 0.9511627906976743 0.9489685124864276 0.9473150962512662 0.9457401237505946 0.9447168970129287 0.9359667359667354 0.935862338678138 0.935650887573964 0.926359256710254 0.9268690825987587 0.9217257318952227 0.914460285132382 0.8935873605947945 0.888987962550155 0.8745733788395892 0.8627530364372455 0.834426862215359 0.8256279577721131 0.8032345013477067 0.7989690721649462 0.784615384615382 0.7896710905943425 0.7924920349078795 0.777777777777775 0.7615974674296816
187 1.0 0.9178743961352657 0.8603696098562628 0.8178571428571428 0.8091993185689949 0.8060413354531002 0.8047337278106509 0.8035961272475797 0.7690288713910762 0.7756332931242462 0.7641921397379915 0.772406847935549 0.7568281938325995 0.7535101404056166 0.7480201583873294 0.7460937500000003 0.7341996455995279 0.7559681697612737 0.757373929590866 0.8163129973474802 0.8297615454271053 0.8289120715350222 0.8262689691261116 0.8378125730310815 0.8469557964970803 0.8590127150336568 0.8545454545454538 0.8493276846564738 0.8602044180679188 0.8675220050723548 0.8702775897088684 0.8728463965057017 0.8684474123539223 0.8660055096418724 0.8601611849270304
60 1.0 0.9565217391304347 0.9204678362573099 0.8939708939708939 0.8821490467937607 0.8739495798319327 0.869539895165987 0.8688340807174885 0.8529895776193085 0.8392762107503988 0.8248175182481748 0.8109351047521713 0.8042635658914725 0.8144329896907213 0.8216193999177965 0.8302103250478007 0.834403997144896 0.838072934091669 0.8298850574712638 0.8371375694016033 0.8386816999132691 0.8454842219804128 0.8685849259179725 0.8648818238862158 0.8674099143937881 0.8720908230842 0.8636683063949395 0.865194848636895 0.8694608862581978 0.8734681372549012 0.8773294203961842 0.8767412410299698 0.8691513607722207 0.8665120474165692 0.8606952864035621 0.8544788185835928 0.8522472509875083 0.8500581579782163 0.8453284745419566 0.8387003191180725 0.8328685629299113 0.8289319513294263 0.83237196294354 0.8262768817204287 0.8173324742268027 0.8137161084529492 0.8149438637243501 0.8182773898025066
74 1.0 0.9894291754756871 0.9668508287292816 0.9643652561247213 0.9626828038325767 0.9571753986332571 0.9567387687188016 0.9565051507058371 0.9532775453277541 0.9480519480519476 0.9494773519163758 0.9453961456102778 0.9351829118585802 0.9327999999999992 0.922995557436005 0.9199841552782719 0.9039589442815237 0.9077401520386996
203 1.0 0.9643231899265478 0.9337231968810916 0.9289617486338798 0.9257383966244727 0.9229559748427674 0.9213973799126639 0.9200542005420055 0.9188846641318126 0.9119303635432668 0.9078303425774876 0.9079563182527298 0.9084139985107964 0.9088319088319085 0.9059625212947184 0.9067492663840883 0.9046431910252409 0.9003263126668638 0.9017882486517168 0.902864938608458 0.9039874081846795 0.8963627304434473 0.8892058963385633 0.8869644484958972 0.8849015317286644 0.8722521775197003 0.8574840764331197 0.8608662322729003 0.8322344322344306 0.8348332451032275 0.8392250169952397 0.8541848935549707 0.8465829846582968 0.8252758801891731 0.8217226506339022 0.807506503158675 0.8017974835230655 0.786200635497047 0.7682835421351295 0.7732322707922308
76 1.0 0.9473684210526315 0.9465370595382746 0.9478260869565217 0.951951951951952 0.9495192307692307 0.9484126984126983 0.9493464052287579 0.9502590673575126 0.9512195121951215 0.9544979079497904 0.9464040311497933 0.9459901800327326 0.9322507420988293 0.9315090414466305 0.9256875365710934 0.9229621592296207 0.9230866540164444 0.9230586559012102 0.9105472529835491
78 1.0 0.9655521783181358 0.9439406430338005 0.9397683397683398 0.9376770538243626 0.9331983805668016 0.9176178660049628 0.9026290165530672 0.888198757763975 0.8742964352720449 0.8703784254023486 0.8761061946902652 0.8813432835820892 0.8713450292397658 0.8955696202531646 0.8972585823660162 0.9010682768230375 0.9078510873571691 0.903795697043904 0.9030748663101603 0.9026492180019149 0.9007330482590101 0.9021183345507667 0.8982364845331018 0.8944357030467742 0.8960219478737995 0.8988408851422548 0.8979024513520341 0.8961263261781394 0.8928486576383936
79 1.0 0.9920697858842189 0.9849397590361447 0.9785714285714286 0.9729180771834802 0.9684343434343435 0.9645180366646955 0.9614961496149614 0.9591836734693876 0.9571836346336821 0.9554367201426023 0.9539941447093264 0.9488792764451431 0.9482439926062843 0.9476805022671778 0.9472643375082395 0.9468915963761321 0.9467140319715803 0.9465541490857942 0.946481134599946 0.9464149017606528 0.9464198733560638 0.9464244118332164 0.9423503325942345 0.9405141278946244 0.9408646003262637 0.9412455934195059 0.9326380577876552 0.9316944398614081 0.9324087358520635 0.9315343099460284 0.9307152456323717 0.9273146812806451 0.9267235351699054 0.9223589882321104 0.9208906352324809
210 1.0 0.9606025492468134 0.9737864077669902 0.9652908067542212
83 1.0 0.9763395963813501 0.9711286089238845 0.9666872301048735 0.9633867276887871 0.9609498680738784 0.9587628865979378 0.9569597069597067 0.9424201529464685 0.9283819628647213 0.9148196436332028 0.9017094017094015 0.9038846615939125 0.9059796916133882 0.9078341013824882 0.9096385542168671 0.9115323854660344 0.9132256134051464 0.9120317820658339 0.9138858988159307 0.9205240174672487 0.9217081850533805 0.9208676441052417 0.9220227755259599 0.9230912130782088 0.9240823634735896 0.9234746639089966 0.9229107825220131 0.922323864548226 0.9233276424026069 0.9187567318048925 0.9157395045245507 0.9156747454467224
340 1.0 0.9592814371257484 0.9517543859649122 0.9475218658892128 0.9176029962546817 0.8897922312556459 0.8638743455497382 0.8396624472573839 0.8446745562130178 0.8584298584298584 0.8422360248447205 0.8516513264753655 0.8592628051699376 0.8706933219906421 0.8800611153552328 0.8706800445930879 0.8617945007235888 0.8645699614890882 0.8732798165137611 0.8838046272493569 0.8924831277635557 0.8873751135331512 0.8897346225056567 0.8952524491333832 0.8986159169550169
88 1.0 0.9907063197026023 0.9830220713073006 0.9773584905660379 0.9660326086956522 0.9570288520564763 0.9550814149354293 0.9535603715170277 0.9527186761229312 0.9522154648132056 0.9521144278606963 0.9522283716865714 0.9525885558583104 0.9530252744447278 0.9513010264979705 0.9497870432638419 0.9485557663925782 0.9494527363184075 0.9484186746987948 0.9492766565458114
89 1.0 0.9893955461293743 0.9739583333333334 0.968117190866006 0.9638878217441412 0.9640138408304496 0.9643972517176762 0.9546148810822603 0.9535168195718652
92 1.0 0.9913644214162349 0.9845559845559846 0.9790502793296091 0.974826935179358 0.9715261958997721 0.9693564862104186 0.9629629629629627 0.9594373568858355 0.9589460784313723 0.9585372876475666 0.9584905660377355 0.9585544604498354 0.9563360227812051 0.9522960320998658 0.9527725068522028 0.9479025710419483
225 1.0 0.9521800281293952 0.9434447300771208 0.9368421052631579 0.9051724137931034 0.908411214953271 0.9108910891089109 0.912850812407681 0.914438502673797 0.9160073037127208 0.9007501442585114 0.905699481865285 0.9012575687005122 0.9054916985951467 0.8819218241042344 0.881173412551058 0.8877551020408161 0.8938163647720172 0.8964326812428075 0.9017264276228416 0.9038698545723437 0.8956679519165338 0.8858592263792002 0.8796817387929352 0.8651079136690636 0.8704140020195208 0.860551595909512 0.8658109684947478 0.8707548466932478 0.8739441195581533 0.8685651697699877 0.8667279411764691 0.8680623705157547 0.864906993661019 0.8582052553296959 0.851142504977717 0.8415256513564311
353 1.0 0.9406631762652704 0.9278688524590164 0.926729986431479 0.9259259259259259 0.9253279515640768 0.9184735472679967 0.9196911196911198 0.9080301990391216 0.9110562075355159 0.9135317237507018 0.916241062308478 0.9103926096997688 0.9057635675220863 0.8980301274623401 0.8861560084328874 0.8711576193590572 0.8503030303030289 0.8512208972174886 0.8442579968536954 0.8279418659165476 0.8282584884994505 0.837194996924337 0.8398924937607968 0.8209429630937645 0.814178482068388 0.8211920529801303 0.8266309204646984 0.8218714768883855 0.8206325904177209 0.8170994300189969 0.8114055844770444 0.8037187809439956 0.8032752466932579 0.7894016425498602 0.7769055225924204 0.7677430646713891 0.7727540129422609 0.7676824832268982 0.7743239042586227 0.7713622291021639
355 1.0 0.9354838709677419 0.9300476947535771 0.9285714285714287 0.927519818799547 0.8992805755395684 0.8960352422907489 0.8858905165767156 0.8832522585128563 0.8888194878201126 0.8933635847986386 0.8979381443298968 0.8847583643122673 0.8821534548537511 0.8802022559315436 0.869872701555869 0.8592105263157885 0.8626609442060076 0.8436073059360718 0.8398314014752357 0.8430232558139521 0.8412556053811644 0.8537818393933487 0.8457918552036183 0.8443093549476512 0.8302478820207072 0.8308618411393316 0.839569239265496 0.8296954314720792 0.8352347784316061 0.8326769304212893 0.8213853099878846 0.8101549755301771 0.7994163424124489 0.7942708333333307 0.7800815169236194 0.7785016286644924 0.7745887881839515 0.7674636661978405 0.7618665694495048 0.7566383794141771 0.7609023542527349
103 1.0 0.96875 0.9608888888888889 0.9559902200488999 0.9314107560405301 0.9317073170731709 0.9334155363748458 0.9170560747663551 0.9205851619644722 0.9236928874234572 0.9263383297644537 0.9285433843737728 0.931207452525976 0.933508887425938 0.9356600910470408 0.9374999999999999 0.9367154811715479 0.9361909400876763 0.9358799454297405 0.9287807076853726 0.9309906858594408
108 1.0 0.9929378531073447 0.9863760217983651 0.9803278688524588 0.9747952110901069 0.969678593086719 0.9650349650349647 0.96095928611266 0.9573333333333329 0.9543610547667338 0.946576007770762 0.9399815327793161 0.938271604938271 0.936708860759493 0.9317817014446221 0.9308755760368657 0.9303008070432861 0.9296517762926478 0.9190556492411458 0.9159120310478646 0.913553565915405 0.9142265601892922 0.9148453022991759 0.9155313351498628 0.9136577708006269 0.914443885254151 0.9126425624848328 0.9020522388059691 0.9010123734533172 0.8982022958631134 0.8995605775266781 0.9008297915401728 0.9021143304620192 0.9035004730368957 0.895738064752148 0.8955567357054334 0.8879646919029015 0.8837590045841506 0.8841269841269829 0.8832923832923819 0.8839976204640081 0.8858546452824723 0.8823199775847562 0.8841961852861021 0.8835516739446856
109 1.0 0.9661354581673307 0.9589169000933707 0.9307897071872228 0.9053254437869823 0.905058365758755 0.9090909090909092 0.9133618059792555 0.8951132300357568 0.9015873015873015 0.9069767441860463 0.9132266217354673 0.9150695227358133 0.9199457259158749 0.9241910631741138 0.9250070482097544
111 1.0 0.9582309582309582 0.9506172839506173 0.9469548133595285 0.9450643776824035 0.9440242057488654 0.9445178335535008 0.9452214452214452 0.9455497382198953 0.93655303030303 0.9380378657487088 0.9393939393939391 0.9411131059245957 0.9428007889546348 0.9387938793879383 0.9349999999999995 0.9369834710743796 0.9316321617717856 0.9381971109892115 0.9294239750908142 0.9295820993747939 0.9298904538341154 0.928943065259402 0.9294517637059069 0.9233054280313253 0.9243535314550361 0.9230392156862739
112 1.0 0.9878197320341048 0.9785637727759915 0.9715639810426541 0.966015293118097 0.9616564417177915 0.958217270194986 0.9556400506970849 0.9537572254335259 0.9520511454448587 0.9509563511525255 0.9499089253187611 0.9411269974768709 0.9338521400778204 0.9062049062049051 0.8991257565568247 0.8765946368133286 0.8622037625213764 0.8563742690058463 0.8609315801203461 0.8320998096849208 0.8116418487719954 0.8100312327760403 0.7930093776641065 0.7961638491547439 0.8010536101642366 0.7855801184799857 0.7754735241255328 0.7610824742268011 0.7681267013115536 0.7616592453714522 0.7537705284325742 0.7594745908699366 0.7476985331310032 0.7524665429324965 0.740501659904091 0.7355866561042126 0.7306913996627282 0.7293172038645738
125 1.0 0.9630434782608696 0.930327868852459 0.9027645376549094 0.8973418881759853 0.8785992217898833 0.8758414360508602 0.8750887154009935 0.87440918298447 0.8741976893453146 0.8740061162079511 0.8745644599303135 0.8620309050772627 0.8628745556119856 0.8575498575498571 0.8579671549045712 0.8619246861924681 0.8617693522906787 0.8592071137458311 0.8564425770308115 0.8606040491204772 0.8596819457436848 0.864066193853427 0.84412792260145 0.8340874811463033 0.8375925483639823 0.8361401911697754 0.8220715950010573 0.8063099041533526 0.8036224976167758 0.8227137669197735 0.8186959937156303 0.8240894665256138 0.8151164452064558 0.8038837625671371 0.7866119517825056 0.8037518037518014 0.8056122997527125 0.8092455389752665 0.7998005982053814 0.7947585677258303 0.7985812955012109 0.7928372677497506 0.785102290610244 0.7831912302070619 0.7682325886990773
119 1.0 0.9065934065934066 0.8380952380952381 0.7999999999999999 0.8282208588957055 0.8347934918648312 0.8595450049455987 0.8582028029678486 0.8557823129251704 0.8664363845710997 0.8553739474987614 0.8489918489918483 0.8724886150549153 0.8686274509803916 0.863309352517985 0.858732876712328 0.8510313216195559 0.8457004160887645 0.8418079096045186 0.8476458626622857 0.856160458452721 0.8642510174609416 0.8587923983642037 0.8643726957881789 0.8592653735039194 0.8551081053386603 0.8601915963198317 0.8557683973303271 0.8500477554918799 0.8488335435056731 0.841339042428959 0.8422469620897893 0.8448643077980064 0.8400207092932955 0.8390115603400832 0.8410526925975327 0.8405117741134976 0.8341534158595375 0.8311834812889362 0.8307012596352762 0.825415252723708 0.8232986525669532 0.8199390862944251 0.8180758923369811 0.8130480011888944 0.8108320251177505 0.8084603528001489 0.8072231523559078 0.804339680485075 0.8017292198860413
249 1.0 0.9726775956284153 0.9636608344549128 0.9645593869731801 0.9589928057553956 0.9540100953449241 0.9508949059201465 0.9492014623821431 0.9463487332339786 0.9468457943925229 0.9428203477141013 0.9439100706918525 0.9417516559772889 0.9366109785202857 0.9314805104002789 0.9266688061617452 0.9213017751479297 0.9161758663196842 0.9135597548518924 0.9089127724006927 0.9066415345382017 0.9025734338445597 0.898517394920983 0.8947368421052703 0.8909090909090989 0.8870807863869242 0.8824678623061086 0.8789405445452962 0.8756082081658664 0.8719956973343755 0.8687261166950442 0.8640931862187787 0.8614573204867686 0.85811956153239 0.85452069716777
122 1.0 0.9627601314348302 0.9555555555555556 0.9254302103250478 0.9230096237970253 0.9212851405622491 0.920704845814978 0.9202163624070319 0.9205462445685908 0.9160521837776515 0.9026737967914437 0.8959253804614625 0.8995020371208687 0.8985750209555736 0.8756518251103084 0.8694029850746262 0.8755186721991695 0.8931061192873738 0.889805825242718 0.8871373086588982 0.8874086807047695 0.8842975206611563 0.8891419893697791 0.888372093023255 0.877809222573663 0.8770003137747087 0.8660020524849715 0.8557014512785057 0.8680191474811932
379 1.0 0.9802371541501976 0.9721448467966575 0.9487179487179489 0.9260476581758424 0.932614555256065 0.9448559670781895 0.9406227371469951 0.9320388349514562 0.932875667429443 0.9236245954692551 0.913465124953375 0.9179687499999993 0.9174457068891119 0.9115577889447228 0.9097845601436257 0.9025934245456392 0.8993062066379138 0.8934645601312257 0.8881329113924038 0.8829873679544954 0.8813758737628915 0.8804900299752401 0.8772585288172998 0.8770050379292411 0.873789612676061 0.8706115220335507
124 1.0 0.9571984435797666 0.9536480686695279 0.9531821506949525 0.9538653366583542 0.9504219409282699 0.9523591387998166 0.9539207760711397 0.9553314121037462 0.9564652371669914 0.9545051698670604 0.9557593741570001 0.9526135808500241 0.954116059379217
253 1.0 0.9789915966386555 0.9474979491386383 0.9444076770350761 0.9383116883116882 0.94245939675174 0.932084309133489 0.9249329758713131 0.9302741358760424 0.9210603829160523 0.9123671247083217 0.9099559062427468 0.8998113603018224 0.8919741346519576 0.882495667244366 0.8859774495791632 0.8851981351981337 0.8760352658295468 0.8686647173489261 0.8640490240581008 0.872155783680811 0.8728780102645067 0.867948955058256 0.8673150399444234 0.8611720718523919 0.8592436974789898 0.8532806804374222 0.8478000703977474 0.8438354337534189 0.8428133408422529 0.8382938276005505 0.829334540516076 0.8273909056583478 0.8221171148013028 0.8230481072555281 0.8164616840113619 0.8150743771759377 0.809789369825415 0.8077892041465442 0.8035644186229219 0.7995131997753362 0.7980789907533649
