0 1.0 0.9914407988587732 0.9835164835164837 0.9762532981530345 0.9702233250620348 0.9648711943793911 0.960482985729967 0.9568788501026693 0.9541108986615677 0.9464763603925065 0.9396479463537298 0.9293563579277861 0.9243884358784281 0.9157303370786513 0.9043189368770759 0.8964241676942042 0.8992472495657204 0.8920980926430512 0.8950077200205862 0.8920758385999022 0.8948339483394828 0.8856647899523595 0.8885678910441593 0.8912100906582571 0.8882265275707891 0.8912193387842154 0.8939496940856553 0.8945998698763818
257 1.0 0.9709618874773139 0.9458544839255498 0.9393939393939394 0.9356725146198831 0.9180327868852459 0.9191176470588237 0.9202657807308972 0.9223880597014926 0.9245283018867925 0.9262899262899262 0.9062259800153728 0.894576012223071 0.8830675778283978 0.8724681170292573 0.861297539149888 0.8678237650200266 0.8732649366324681 0.8814489571899009 0.8882737795671863 0.8943466172381832
130 1.0 0.9927095990279465 0.985576923076923 0.9675925925925926 0.9513274336283186 0.9459459459459459 0.940990516332982 0.9364754098360655 0.9322033898305083 0.9283639883833493 0.925373134328358 0.9170056956875506 0.9154267815191853 0.9046887009992312 0.8949737434358588 0.8949640287769782 0.8912594631796281 0.8920342330480576 0.8856065367693271 0.8803827751196168 0.8818807339449538 0.8801539307311705 0.8815441565309355 0.8828323993886903 0.8783120706575068 0.8652550529355144 0.8619731357109768 0.8646482635796967 0.8584745762711858 0.8531879194630867 0.8562777553492121 0.8591439688715947 0.8618099887345094 0.864590876176683 0.8671793079342881 0.8759259259259254 0.8667076167076163 0.8690865813745905 0.8640776699029121 0.8634982039237356 0.8577944727663002 0.8602346805736639
131 1.0 0.982102908277405 0.9755555555555555 0.9585152838427948 0.9435146443514645 0.9273858921161827 0.9226069246435846 0.9106796116504855 0.9070208728652752 0.8820326678765881 0.8798586572438163 0.8777969018932874 0.8658743633276741 0.8645747316267548 0.8633440514469453 0.8624999999999999 0.8518518518518517 0.8404907975460122 0.8406552494415487 0.841840402588066 0.8429464906184849 0.8439811701412238 0.8349966733200265 0.837179487179487 0.8400984009840096 0.8398115429917548 0.8429378531073445 0.8458197611292073 0.8487219613980176 0.8429964084145715 0.8428853754940709 0.8427822772748926 0.8454461821527137 0.8479324144064027 0.8506437768240341 0.8533554266777131 0.8558847077662127 0.8584139264990326 0.8610903659447346 0.8635871526524718 0.8659217877094969 0.8681095705106524 0.8702915165411068 0.8724619289340098 0.8711656441717788 0.8699524940617573
128 1.0 0.979565772669221 0.9595448798988623 0.9535452322738387 0.9490150637311703 0.9452954048140043 0.9419689119170983 0.9403846153846153 0.9388489208633092 0.9376579612468405 0.9370574350904797 0.9322533136966124 0.9321799307958475 0.9321148825065271 0.9320568252007408 0.9322429906542054 0.9234554401312188 0.9210389610389607 0.9218208807521026 0.9226415094339618 0.9233889139251911 0.9240724762726484 0.9224102352455629 0.9232594936708857 0.9241274658573592 0.9205539358600578 0.913679081099895 0.9149648476732503 0.9143041237113397 0.9117464263517708 0.9111644657863142 0.9106210098665117 0.9132455460883036
389 1.0 0.9851485148514852 0.956 0.9251968503937007 0.8953488372093021 0.8664122137404577 0.8383458646616538 0.8438030560271644 0.8510638297872339 0.8308605341246289 0.8410596026490066 0.8514150943396227 0.8619246861924686 0.8646616541353384 0.8529411764705882 0.841726618705036 0.8515497553017943 0.8546511627906975 0.8616187989556133 0.8710821998817266 0.879114948731786 0.883226125680356 0.8841240875912405 0.8827993254637433 0.878109452736318 0.8777393310265279 0.8706256627783665 0.8775913129318851 0.8722627737226272 0.8725573491928625 0.8772582359192344
6 1.0 0.9676113360323886 0.9442508710801393 0.9175257731958761 0.8915254237288134 0.8918083462132921 0.870286576168929 0.8656126482213438 0.846153846153846 0.8270967741935482 0.8084291187739463 0.7901390644753475 0.8027522935779815 0.7920353982300884 0.7820512820512819 0.8033707865168538 0.8226600985221674 0.8041074249605054 0.8216292134831459 0.8329145728643215 0.8423142370958592 0.8507462686567163 0.8728587742672249
260 1.0 0.96875 0.9584905660377359 0.9507908611599298 0.9448946515397084 0.9403874813710881 0.9370725034199728 0.9342604298356514 0.9320843091334896 0.9308855291576675 0.9294354838709679 0.9287722586691659 0.9280070237050043 0.9273327828241122 0.9274131274131273 0.9237958303378863 0.9209645010046884 0.9113054341036849 0.9057159693576897 0.883378746594005 0.8454499237417379 0.8216867469879509 0.8190567853705476 0.8250114521300952 0.8098136173449969 0.8315585672797666 0.8102059086839737 0.8063410454155943 0.7898957497995174 0.7959814528593495 0.7879061371841156 0.7934948701156954 0.7928270042194099 0.7980788882076442 0.785271317829459 0.7864114114114134 0.7914691943127982 0.7808942418742812 0.7677561282212485 0.7574181706944066 0.7498528546203702 0.743779326034415 0.7394298306018516 0.7446178686760018 0.7462275291956497 0.7333166081284566 0.7220151496934069
136 1.0 0.9671457905544147 0.9574468085106383 0.9568567026194146 0.9572864321608041 0.9519832985386222 0.9483526268922529
137 1.0 0.9839572192513368 0.9730941704035876 0.9539347408829177 0.9504132231404961 0.9479768786127171 0.9464968152866245 0.9462486002239645 0.9463753723932475 0.9357716324710081 0.9267697314890154 0.9240506329113923 0.9150943396226413 0.9012797074954293 0.9062645011600924 0.8992180712423974 0.8860862489829123 0.8907145586549479 0.8781798638480824 0.8798657718120799 0.8721259842519677 0.8749631377174868 0.8668116335960862 0.855959849435384 0.8551467163483948 0.8600481084627177
5 1.0 0.9797724399494311 0.9725000000000001 0.9538834951456311 0.9473684210526315 0.9412455934195064 0.9353348729792147 0.9314917127071821 0.9286463798530953 0.9260739260739258 0.9237368922783601 0.9226618705035968 0.914429530201342 0.9139442231075694 0.9018210609659538 0.8898505114083396 0.8905547226386804 0.8918918918918916 0.8899328859060399 0.8911651728553134 0.8922888616891061 0.8869257950530033 0.8821548821548819 0.8737430167597763 0.8654060066740821 0.8571428571428569 0.86031746031746 0.8630136986301367 0.8654970760233915 0.8623595505617974 0.8623481781376514 0.8649350649350646 0.8676654182272157 0.8668252080856119 0.8626126126126121 0.8540772532188835 0.8570935450465994 0.84855529724344 0.8515901060070665 0.8456770994731944 0.8470764617691149 0.8499999999999994 0.8495475113122166 0.8459007403345209 0.8418604651162784 0.8378378378378372 0.8338327431217646 0.8298450665941826 0.8238861059847087 0.8274891220885591
11 1.0 0.9926380368098159 0.9742690058479532 0.9579180509413068 0.9525350593311758 0.9404170804369414 0.9257086999022484 0.9107662463627546 0.8960538979788258 0.8824644549763034 0.8692810457516341 0.8684684684684685 0.8581436077057794 0.859883236030025 0.848559670781893 0.8516783762685401 0.8548148148148148 0.8465991316931982 0.8503774879890185 0.8329993319973279 0.8374603174603175 0.8417874396135265 0.8462421113023522 0.8505182760501908 0.8451681793913506 0.8494404883011188 0.8533268576979114 0.8461538461538459 0.8504155124653737 0.8544973544973543 0.848511383537653 0.8505219206680582 0.8521773871354372 0.8536959019532744 0.8573004781169545 0.860728172499116 0.8587570621468923
140 1.0 0.9771101573676682 0.9571619812583668 0.9370904325032766 0.9169909208819715 0.9154589371980677 0.9035874439461884 0.8896103896103896 0.8733905579399142 0.8574468085106384 0.8417721518987342 0.8483965014577259 0.8494623655913978 0.8560794044665011 0.8623853211009173 0.86864406779661 0.8742632612966599 0.8793418647166359 0.8837606837606834 0.8879999999999996 0.9003864319450404 0.9008130081300809 0.9034376207029737 0.9059169423006244
15 1.0 0.9880000000000001 0.9777365491651208 0.9693356047700172 0.9627329192546586 0.9579242636746146 0.9543147208121832 0.9451428571428575 0.9372384937238496 0.9363548698167793 0.936731107205624 0.9326923076923077 0.9249448123620309 0.9266802443991853 0.9182156133828995 0.9139414802065402 0.9046104928457865 0.9050445103857563 0.8860244233378556 0.8987809383080896 0.8876482903000692 0.8911384002655155 0.8929807994963797 0.8947683109118081 0.8860398860398859 0.8881650380021716 0.8740797156638751 0.866185318892902 0.8531150522965012 0.839336389434625 0.8329166666666709 0.8371348539415807
16 1.0 0.9900332225913622 0.9809220985691576 0.9734121122599706 0.9668965517241381 0.9616368286445014 0.9502958579881657 0.9476553980370774 0.939516129032258 0.9328984156570362 0.9324090121317156 0.9329608938547485 0.9337260677466861 0.9345156889495223 0.9278481012658225 0.9198140615920972 0.9222462203023755 0.9243951612903222 0.9159271368519379 0.9182776801405971 0.9087171052631574 0.8963929393706824 0.8932074100980741 0.8965517241379304
145 1.0 0.9918809201623817 0.9843953185955788 0.9678160919540233 0.9625962596259628 0.9582027168234067 0.9542288557213932 0.9511737089201879 0.9484444444444445 0.9461279461279462 0.9441786283891547 0.942684766214178 0.9415954415954415 0.932795698924731 0.932181701855406 0.9316239316239314 0.8994350282485871 0.9005942733657478 0.8907605921388458 0.8924731182795693 0.8940459446788556 0.8793483047115802 0.871567384875369 0.8529292929292921 0.855919003115264 0.8537534033450012 0.8500187476565421 0.8425424340917289 0.8462073764787743 0.8482113005683709 0.851851851851851 0.8553693358162623 0.8587672052663067
401 1.0 0.9819277108433735 0.9696202531645568 0.9614561027837257 0.9478260869565217 0.9379615952732645 0.9035846724351054 0.8922914466737066 0.8851412944393802 0.8789376158122295 0.8696988322065149 0.8523042754025538 0.8382854359473934 0.8340611353711782 0.8237154150197619 0.8163558106169286 0.8078518991382049 0.7947058823529397 0.786723540389228 0.7794195250659616 0.7896551724137919 0.7767591107036445 0.7703862660944217 0.7646367730565913 0.7543111800038782
19 1.0 0.9900826446280993 0.9813664596273294 0.9739884393063586 0.9675675675675678 0.9622166246851387 0.9578454332552694 0.9540481400437637 0.9510204081632653 0.9482262703739214 0.9461883408071748 0.9349457881567971 0.9342208300704775 0.9334319526627216 0.9219178082191777 0.9151670951156808 0.9059107358262962 0.9007981755986312 0.8826638477801262 0.8589999999999991 0.8562156764852712 0.8145199063231838 0.8210151380231511 0.808169219547774 0.8146987112504341 0.8055829228243008 0.7804064300879572 0.787109944590258 0.7933164841336687 0.7779531702183619 0.7592592592592593 0.7536436295251535 0.7570813505551789 0.7414529914529938 0.7461761058288574
148 1.0 0.9785809906291835 0.971576227390181 0.9653035935563816 0.9598108747044917 0.9554069119286509 0.951781970649895 0.9493177387914228 0.9473206176203449 0.9461279461279459 0.945098039215686 0.9444444444444442 0.944103612815269 0.9438058748403574 0.9435435435435434 0.9434069043576683 0.9402666666666665 0.9404040404040402 0.9405275779376497 0.9355131698455946 0.9333333333333331 0.9338842975206609 0.9321231254932909 0.9305135951661628 0.9312839059674499 0.9261304798066963
144 1.0 0.9696969696969696 0.9631490787269682 0.9587020648967552 0.9559014267185475 0.9476678043230945 0.9474747474747475 0.947463768115942 0.9475839475839475 0.9481481481481481 0.9486139283299526 0.9490999379267535 0.9463470319634704 0.9473407056345445 0.9482674475353831 0.9439927732610659 0.9352669188734761 0.9347484276729557 0.936648250460405 0.9364421416234886
22 1.0 0.9694656488549618 0.9589552238805971 0.9505300353356891 0.9435215946843856 0.9375975039001562 0.9241982507288633 0.9209809264305181 0.9193954659949626 0.9110070257611245 0.8997821350762529 0.8833693304535639 0.8672376873661671 0.8513800424628452 0.8572825024437929 0.8522522522522522 0.8490878938640132 0.8442932728647011 0.8254295532646043 0.8224043715846989 0.8230769230769226 0.8246869409660103 0.8160237388724031 0.8074424099232128 0.7989417989417986 0.7905207723815094 0.8003291278112997 0.8104508196721307 0.8174868609651215 0.804440245630609 0.7952483801295891 0.789770438985098 0.7960725075528694 0.8059011731247772 0.8148272391814821 0.8191624365482227
278 1.0 0.933609958506224 0.9130434782608695 0.9096774193548386 0.9095744680851063 0.9107142857142857 0.9022556390977444 0.8971061093247591 0.9008498583569408 0.9048811013767211 0.9086859688195992 0.9133004926108375 0.892173913043478 0.898119122257053 0.9006298110566828 0.8962499999999998 0.8966292134831457 0.899383983572895 0.9015617605300517 0.9066724814653289 0.9095999999999996 0.9114912606917066 0.898154477101845 0.9036144578313249 0.8983250073464585 0.8873701476216516 0.870176335292616 0.8645038167938953 0.846325664507486 0.8331650171682532 0.8278341013824935 0.8237495746852725 0.8281199613028108 0.8210576769452047 0.8157017277963082 0.8165521362414166 0.8068712003393255 0.7990301724138004 0.7926000503397992 0.7815995189416756 0.7752214425399774 0.7764290443610702 0.7801500898425129 0.7726024611003767 0.7758031442241968 0.778383971404383 0.7793452703924751 0.7809057527539767 0.7751419979953202
153 1.0 0.9594936708860758 0.922141119221411 0.8896551724137929 0.8605664488017426 0.8286937901498925 0.8076152304609214 0.7726465364120777 0.7478108581436073 0.7236614853195159 0.7001703577512771 0.6937799043062196 0.6724409448818892 0.6867132867132862 0.6680497925311198 0.6497948016415864 0.6570680628272247 0.6182266009852213 0.6286721504112807 0.6406249999999999 0.6525423728813559 0.6663336663336663 0.6558505408062929 0.6712834718374884 0.6841186736474695 0.6978653530377668 0.6908212560386473 0.6986301369863013 0.6982758620689653 0.6920903954802258 0.6861111111111109 0.6803278688524588 0.6729729729729728 0.6834716017868535 0.6975903614457827 0.7043774872086409 0.70072585147962 0.7154855643044615 0.716666666666666 0.7303785780240069 0.7270245677888985 0.7376768109729956 0.7710031903580286 0.7829759584145544 0.7904228855721387 0.7885016383675895 0.7847613400533644 0.788996029495178 0.7958072420364818 0.7898414404729905 0.7953080690899711 0.8017348203221805 0.8026628625772705 0.7951132033176426 0.7914005959982986 0.7963875205254531 0.7977038796516249 0.8004197672199982 0.7943959243085906 0.7870483504974723 0.784556388356287 0.7860026917900439 0.7839496205393225 0.7786353812905261 0.7753440876128508 0.7695554305008494 0.7617647058823589 0.7697963119199758 0.772753894810828 0.7748283752860455 0.7674827094082806 0.7696749358426033 0.7691074291822582 0.7675958560290532 0.7614924757781917
29 1.0 0.9801980198019802 0.9611650485436893 0.9433962264150945 0.9272727272727274 0.9130434782608697 0.9088983050847458 0.9055441478439425 0.893491124260355 0.8914285714285715 0.8907103825136612 0.8909090909090909 0.891089108910891 0.8917647058823528 0.8926174496644294 0.8938428874734605 0.887610020311442 0.8806557377049179 0.8708414872798433 0.8611291369240751 0.8515171078114911 0.8554807103490507 0.8590564938846824 0.8625277161862526 0.8661043753294674 0.8693467336683415 0.8722995679308687 0.8753437213565534 0.8781236299868476 0.8686997035154593 0.862389193752638 0.8561211611274714 0.8599597585513076 0.8614851866102344 0.864894795127353 0.8660998937300741
416 1.0 0.967032967032967 0.9575971731448764 0.9543147208121826 0.9345372460496612 0.9280983916745503 0.9101123595505614 0.8993621545003537 0.8834355828220851 0.8743228602383523 0.8638743455497372 0.8746243022756538 0.8701399688957999 0.8647604327666142 0.8594470046082939 0.8496395468589072 0.8428835489833629 0.8386554621848726 0.8344481605351158 0.8311184939091902 0.818280444806074 0.8226794024001952 0.8341158059467914 0.8254261655370718 0.8215962441314562 0.8204814361485117 0.8137254901960802 0.8118886380737416 0.8085032837884575 0.7948371857600844 0.7891384512236042 0.78359569179785 0.7937576499388046 0.7910447761194072 0.79825056433409 0.7962232243517516 0.7879663688912294 0.7953123082586863 0.7898065928719171 0.7824620573355848 0.779724055188965 0.7743931461208972 0.7744010647737367 0.7645776566757496 0.7531523829878171 0.7436329193853909 0.7359474397747395 0.7354872329338173 0.7425646026328592 0.7453783808396286 0.7417831850372215 0.733464955577488 0.7330702305139429 0.7326759300761945 0.7405531102067886 0.7440012464942297 0.7429149797570799 0.7421011673151698 0.746196606202452 0.7472460633912217 0.746537863946491 0.746183979467777 0.7458302383685533
33 1.0 0.9710144927536232 0.9658914728682171 0.9623655913978496 0.9603729603729606 0.9597180261832832 0.959542656112577 0.9595645412130638 0.9598615916955018 0.9602484472049688
163 1.0 0.9776536312849162 0.9572192513368984 0.93717277486911 0.917948717948718 0.8984771573604061 0.9000000000000001 0.9016042780748663 0.9038272816486751 0.9059674502712476 0.9082568807339448 0.9102167182662537 0.9085714285714284 0.9035667107001318 0.9027692307692304 0.897947214076246 0.901044529961517 0.8927203065134096 0.8844686648501359 0.88849104859335 0.889635316698656 0.8907942238267145 0.896065330363771
297 1.0 0.9739130434782609 0.9644970414201182 0.9450800915331807 0.9469964664310955 0.9347604485219163 0.9191102123356925 0.9123841617523165 0.9019751280175563 0.8936170212765953 0.8970427163198242 0.8886737657308803 0.8792878853669119 0.873003506038176 0.8650821391121976 0.8608035431825362 0.8676683039583925 0.8725542041248009 0.8633510381458236 0.8592114056582767 0.855084396871142 0.8490719967366938 0.8465597726811467 0.8406583130727537 0.8474664809333128 0.8430625324787835 0.8308998302207167 0.825281939067501 0.8209375000000045 0.8162599098398929 0.8142414860681164 0.8119040739670668 0.8103837471783353 0.8012048192771146 0.7977278340330994 0.796184271754308 0.7975156645047846 0.8017304284374045 0.7950034561074366 0.7904514211406277 0.7870019413885546 0.7809986743261144 0.7827664781838111 0.7830272631664081 0.7834884973455383 0.7787129849261578 0.7749130938586286 0.7698799313893604 0.7652728930571782 0.7643535997916882 0.7629480821143765 0.761452446795713 0.7573533627658892 0.7562482758620613 0.7548920825157686 0.7507913061827306 0.7504737839545084 0.7494082373362705 0.7486723802513191 0.7431987885750002
41 1.0 0.9924433249370277 0.9853300733496332 0.9791425260718423 0.9737417943107219 0.9689119170984454 0.9649805447470815 0.9616087751371113 0.9588336192109774 0.9564867042707491 0.9544072948328265 0.9483500717360112 0.9470108695652171 0.9459111397295553 0.9449204406364746 0.9441210710128054 0.9434903047091411 0.9429175475687102 0.9342956694873069 0.9345351043643261 0.9347530584503848 0.9325259515570932 0.9329747621017788 0.9287128712871283 0.9293581466008352 0.9217958001448222 0.9227019498607238 0.9236436704621563 0.9225806451612899 0.9234598630989418
430 1.0 0.9659090909090909 0.9566787003610108 0.9543147208121826 0.9543726235741444 0.9483500717360116 0.9322799097065462 0.9391143911439113 0.9309286262471218 0.9131007241606316 0.9019165727170231 0.9238476953907812 0.9151212553495003 0.9050047816385076 0.8956422018348629 0.8994036816178385 0.8974841288502245 0.8971821897182205 0.8886025768087237 0.8874801901743287 0.8803669724770671 0.8819125404117777 0.8802374893977978 0.8709879442617853 0.8633271490414387 0.8593413357956334 0.8619509412435866 0.855472901168972 0.8552092387929985 0.8546968995835273 0.85174083467835 0.8481681405765483 0.8432751190746204 0.8384156633284572 0.8368875481119308 0.8294033217141669 0.826549396604621 0.8269376899696026 0.8224528301886767 0.8222389605498515 0.8174173051765995 0.8090415247214768 0.8080956761729494 0.8076498712762007 0.8072045579856606 0.797921373700854 0.7908823267017524 0.7904592064199681 0.7913405495420427 0.7913179507234981 0.7885785613980277 0.7883086515978113 0.7856865335301823 0.7854064714045654 0.7793013856812859 0.7789640744481241 0.776739841195695 0.7763842561707724 0.7760288134462668 0.774743572665504 0.7752440944881805 0.7742808585635969 0.7734045897516417 0.7724874371859207 0.7719485409475906
47 1.0 0.9906687402799379 0.9832869080779946 0.977639751552795 0.9732739420935412 0.9699097291875627 0.9675967596759675 0.9619921363040628 0.9609756097560973 0.9514563106796114 0.9512747875354105 0.9464046449307723 0.9468578658793754 0.9451945988880059 0.9460269865067462 0.9447592067988664 0.9436241610738251
50 1.0 0.9663865546218486 0.9623287671232876 0.9598853868194843 0.9594755661501786 0.9599198396793585 0.9603448275862067 0.9564237415477083 0.953488372093023 0.9547349612864797 0.9526627218934908 0.9511718749999999 0.9543307086614172 0.9510054844606946 0.9521203830369355 0.949245101188564
178 1.0 0.9720930232558139 0.946268656716418 0.949367088607595 0.9453781512605043 0.9402220324508965 0.9332386363636361 0.9255094869992969 0.9240210403272938 0.9234211834908004 0.9132674967797334 0.9109207708779439 0.9161410018552871 0.9203655352480413 0.9086705202312145 0.904810908155391 0.9090909090909105 0.9121911374310818 0.90945600584155 0.9085610200364318 0.9038240603971796 0.8994593014759633 0.8974767596281555 0.892551892551893 0.887196841511562 0.8840276324052742 0.8814699288429655 0.8772883813666824 0.8751169715014859 0.8735456952579603 0.8716195685202031 0.868967997123333 0.866258503401356 0.8648263348885384 0.8616988464622735 0.8586796778554997 0.8547229077855 0.8508071003378496 0.8477433946746104 0.8444455411340799 0.8408347166231847 0.8405955146744984 0.8398976254798733 0.835524221059806
52 1.0 0.9770773638968482 0.952970297029703 0.9344660194174758 0.9166666666666666 0.9144144144144144 0.9137749737118821 0.9072978303747533 0.9021237303785777 0.8905829596412553 0.8929765886287623 0.8953124999999997 0.8863636363636361 0.8749999999999998 0.8794674141555708 0.8801302931596088 0.8841463414634143 0.8878718535469105 0.891163793103448 0.894416243654822 0.8973128598848366 0.9007220216606495 0.9015697921086122
56 1.0 0.9896551724137932 0.9806138933764137 0.9730134932533735 0.9664335664335667 0.9609882964889469 0.9565741857659832 0.9530726256983241 0.9498956158663883 0.9429590017825311 0.9413735343383584 0.9311424100156492 0.930678466076696 0.9301187980433261 0.9194282001299542 0.9197530864197528 0.9137529137529133 0.9053905390539049 0.9007314524555898 0.8822947576656769 0.8795061728395055 0.8650023116042526 0.8283224400871448 0.8165532067359357 0.8070826306913984 0.783027665526887 0.7685854787387892 0.7632381480454655 0.7447570332480801 0.7294709121378969 0.7338560885608848 0.7397868561278858
187 1.0 0.9241706161137441 0.897196261682243 0.8403361344537815 0.7938931297709924 0.7407407407407407 0.7304964539007092 0.7239057239057238 0.7179487179487178 0.7227138643067845 0.7037037037037036 0.7128953771289537 0.7028824833702881 0.6976241900647947 0.6822429906542056 0.6819672131147543 0.6817518248175186 0.6684073107049615 0.7004608294930881 0.7055837563451783 0.6970912738214653 0.6909620991253652 0.6878612716763014 0.7256857855361601 0.7959420289855076 0.7876514714368151 0.7743936830231251 0.7721661054994393 0.7696437286481213 0.787878787878788 0.8028385116992711 0.7979412886008387 0.8157089425365521 0.8308157099697884 0.8412612122859471 0.847368421052632 0.8432292888993201 0.8462529525445578 0.8438485804416421 0.848468170977804 0.845759296574466
60 1.0 0.962174940898345 0.9284116331096195 0.9014373716632441 0.8707070707070704 0.8659003831417622 0.8571428571428569 0.8327868852459014 0.8090614886731389 0.788643533123028 0.800766283524904 0.8108395324123272 0.802242609582059 0.7893681043129386 0.8007380073800736 0.7950530035335687 0.8032258064516126 0.8128742514970057 0.8174216027874561 0.8213820078226854 0.8291641244661374 0.8302961275626419 0.8376935397757603 0.8320209973753276 0.826535880227155 0.8318028032866114 0.8400361500225932 0.8292790800530734 0.8355371900826442 0.842801556420233 0.8494307748806459 0.8388625592417056 0.8587234042553187 0.8631921824104232 0.8627145085803433 0.8545994065281907 0.851851851851853 0.8456284153005482 0.840673575129536 0.8383361921097794 0.8329081632653086 0.8300847457627144 0.8272804054054079 0.8208000000000031 0.8169204085565654 0.8116476225580578 0.8171143924568621 0.8186813186813225 0.8127463863337758 0.8035098715136372 0.8026624902114382 0.8004066948224672 0.7958838455032479 0.7997814804698226 0.7991266375545907
74 1.0 0.9888682745825603 0.9808306709265177 0.9751724137931036 0.963768115942029 0.9621087314662274 0.9563253012048193 0.9557093425605536 0.9518987341772149 0.9459148446490216 0.9472851871375855 0.9426906265177268 0.9317678334071773 0.9265979381443296 0.9181331293037487 0.914817465998568 0.8975206611570242
203 1.0 0.969811320754717 0.9422382671480144 0.934931506849315 0.9293739967897272 0.9244712990936557 0.9211267605633805 0.9182058047493405 0.915632754342432 0.9139534883720932 0.9130434782608697 0.9122448979591837 0.9117929050814957 0.9116321009918845 0.911939034716342 0.9035573122529642 0.9046909903201785 0.9053003533568903 0.9035846724351049 0.8969505783385907 0.8978249873545774 0.8949494949494947 0.8873239436619715 0.8788167938931294 0.8707916287534118 0.8683522231909324 0.8661087866108781 0.8520569620253158 0.8554583491821979 0.8392400438436236 0.837226277372262 0.8050139275766006 0.8082467314783763 0.8135483870967731 0.7899761336515501 0.781622234826998 0.7791584298220826 0.764612536366039 0.7490118577075087 0.7436874702239157 0.7249500111086438 0.7443786982248536 0.7500000000000016 0.7353415814954306 0.7216599190283443 0.7167883211678879
76 1.0 0.9540229885057471 0.9501133786848073 0.9495495495495496 0.952777777777778 0.9492273730684327 0.947463768115942 0.9481481481481481 0.9489096573208722 0.9497863247863246 0.9531835205992507 0.9444444444444442 0.9417758369723431
78 1.0 0.9706959706959707 0.9501557632398754 0.943952802359882 0.9212827988338192 0.899135446685879 0.8774928774928774 0.856338028169014 0.8591916558018253 0.8416347381864624 0.8436781609195405 0.8625314333612742 0.8684210526315791 0.8736539842067481 0.8645024700070573 0.8556557945870924 0.8527284681130836 0.8430346631785481 0.8334417696811972 0.8402860548271752 0.8493677844969763 0.854526958290946 0.8539802166745171 0.8613426941641069 0.8603696098562627 0.8581832119586046 0.8644556596971879 0.8679373723621508 0.8731487443657434 0.8833960236432026 0.8841619682214251 0.8866432337434101
79 1.0 0.9917582417582418 0.9841059602649008 0.9770700636942677 0.9706601466992665 0.9654775604142692 0.9608695652173912 0.9572736520854526 0.9545023696682463 0.9520851818988464 0.9499582985821516 0.9481946624803765 0.9423076923076921 0.9415041782729803 0.9407894736842103 0.9402613565650276 0.9397874852420303 0.9395635142697254 0.9393617021276591 0.9392712550607284 0.9391891891891888 0.939198526024873 0.9392070484581494 0.9346459991621278 0.9325842696629209 0.9329996149403152 0.9334565619223655 0.9318907413976583 0.9324923286737125 0.9310797505743349 0.9297690604239162 0.9252279635258355 0.9260346345758729 0.922011867759254 0.919912830291474
210 1.0 0.9671457905544147 0.9765100671140939 0.9716193656093488 0.9667774086378736 0.9578606158833061 0.9533386967015284 0.94888178913738 0.9444885011895319 0.9401574803149603 0.9358874120406564 0.9318357862122382 0.9278587874136603 0.9239543726235737 0.9201205727204215 0.9163554891710226 0.9128508124076804 0.905040175310445 0.9017341040462421 0.8984989278055747 0.8957746478873233 0.8933518005540159 0.8910081743869203 0.8889632107023404 0.8872131147540976 0.885750962772785 0.8843494657448139 0.8830049261083737 0.8883826879271065
83 1.0 0.9801242236024845 0.9606396063960639 0.9415347137637029 0.9227985524728589 0.9044205495818399 0.9018264840182648 0.9001085776330076 0.9004065040650405 0.9017941454202076 0.9027409372236957 0.8901482127288578 0.8919803600654663 0.894090560245587 0.8961788031723141 0.8980285520054383 0.8998716302952501 0.9018776499091457 0.9036697247706418 0.9021739130434778 0.9042224510813589 0.906204201270151 0.9053364269141526 0.9072028281042859 0.9088991986503581 0.9104477611940294 0.9049141030763079 0.8994855559952508 0.8993948562783656 0.8993118435349506 0.8991304347826082 0.9009702241552354 0.8974687600128157 0.8977517708654136 0.8965109402720278 0.896895471375676
340 1.0 0.9843342036553524 0.9540709812108558 0.9219712525667348 0.8909090909090905 0.8608349900596417 0.8317025440313107 0.8380281690140842 0.8150684931506845 0.8211624441132637 0.8382541720154044 0.8231631382316313 0.8089480048367593 0.8221757322175732 0.832720588235294 0.8474025974025973 0.8593183466279912 0.8520084566596193 0.8552875695732836 0.8653530377668306 0.8773722627737222 0.8871391076115481 0.8892815076560655 0.895074946466809
88 1.0 0.9902755267423016 0.9819548872180452 0.9756756756756758 0.9631901840490797 0.9531249999999999 0.950718685831622 0.9488151658767771 0.9477351916376304 0.9470729751403366 0.947214076246334 0.9477561955793703 0.9484029484029481 0.9506976744186045 0.9434661723818348 0.9419410745233967 0.9406021155410901 0.9395562356541697 0.9386945546339702 0.9399112325025604
89 1.0 0.988785046728972 0.9720930232558141 0.9700374531835206 0.9687500000000001 0.9682539682539683 0.9680365296803654 0.9617898441427852
92 1.0 0.9909638554216869 0.9836289222373807 0.9775561097256859 0.9728199320498301 0.9690721649484536 0.9666048237476809 0.9595278246205732 0.9583333333333331 0.9573560767590616 0.9570312499999997 0.9569120287253139 0.9536423841059599 0.9544282029234735 0.9499192245557347 0.9503247993886125
225 1.0 0.9586563307493539 0.9468599033816425 0.9373601789709173 0.9065817409766453 0.8807157057654075 0.8852173913043478 0.8887171561051005 0.8915159944367178 0.8938053097345134 0.8960739030023097 0.8653421633554085 0.8733926805143424 0.8705673758865249 0.8583916083916084 0.865814696485623 0.8653149891383055 0.8733509234828495 0.880722891566265 0.8839137645107794 0.8901881037112354 0.8830055471507816 0.8862470862470861 0.8779342723004693 0.8676179151803406 0.8525780682643422 0.8463593854375412 0.844666666666666 0.8348512446873095 0.841595441595441 0.8402955385052565 0.8339941845096487 0.8285149493451951 0.8348538011695918 0.83366424001765 0.8394129979035656 0.8423153692614789 0.8365348399246729 0.832886026122744 0.8353825136612052 0.8256113256113294
353 1.0 0.9488817891373801 0.9316770186335402 0.9272727272727271 0.9241071428571428 0.9217221135029354 0.9126050420168069 0.9130434782608698 0.8988015978695076 0.9017964071856293 0.9042437431991299 0.9071146245059293 0.9002671415850403 0.894907033144705 0.8860103626943004 0.8726541554959784 0.8555417185554167 0.8586326767091537 0.8331539289558658 0.8257425742574249 0.8086040386303766 0.8022648083623682 0.8032520325203242 0.8139711465451774 0.7952265652023509 0.7978550536236582 0.7909898866074152 0.7993059572006928 0.8058887677208275 0.8012358393408852 0.8004380627889999 0.7959367945823937 0.7917561185057981 0.7843644320668417 0.7707451701931961 0.7575964493001074 0.7551506895964636 0.7543286507677285 0.7449937421777284 0.7508255779045393 0.744950952106181 0.752528751558826
355 1.0 0.9430604982206405 0.8977635782747603 0.894736842105263 0.8962264150943395 0.8973305954825462 0.8914185639229424 0.8849144634525664 0.8734525447042645 0.8791615289765726 0.8837988826815647 0.8886639676113365 0.8729582577132488 0.8697444352844188 0.867370007535795 0.85558583106267 0.8432364096080907 0.8472385428907164 0.8400926998841249 0.8191603875134549 0.811300639658848 0.8086359175662406 0.8138489208633085 0.8132780082987543 0.8307637145930433 0.8260249554367194 0.8186031115524651 0.818237831176832 0.8111718275652693 0.8072507552870083 0.7942825112107613 0.7917945855428401 0.7854251012145749 0.7867174482266133 0.7971666291882173 0.8043385793279463 0.80025178346622 0.7904909161190589 0.7877267464299519 0.7849710982658981 0.782223932281649 0.7719267034335561 0.7620098455270793 0.7578315208570084 0.7564766839378286 0.7429409041814592 0.7407921097241542 0.7359029264810915 0.7327327327327398 0.7280936029505354 0.7236528373867509 0.7291309809295492
103 1.0 0.9895104895104896 0.9645161290322581 0.940251572327044 0.9161490683229814 0.9132947976878614 0.8950276243093923 0.8977556109725686 0.902330743618202 0.906838453914767 0.9106344950848971 0.914030819140308 0.916852264291017 0.9201623815967522 0.9231246125232483 0.9258836944127705 0.9282321899736143 0.9149367088607591 0.9152941176470584 0.908110642287857 0.9009808500700602 0.9024814976055721 0.9040260268401785
108 1.0 0.9926918392204628 0.9856972586412395 0.9790697674418604 0.9728506787330315 0.9669603524229073 0.9614973262032084 0.9566115702479336 0.9521912350597607 0.948522402287893 0.9393382352941173 0.9315188762071989 0.9292333614153323 0.927125506072874 0.9212355212355208 0.9199406968124532 0.9190915542938249 0.9181446111869026 0.9056356487549142 0.9018250471994959 0.8990384615384608 0.8997695852534555 0.9004424778761055 0.898197242841993 0.8990311065782757 0.8999509563511519 0.8978240302743608 0.8855065879145835 0.8843120070113928 0.8811129848229334 0.8827361563517907 0.8842519685039362 0.8858012942519977 0.8874999999999992 0.8785511363636356 0.8784340659340651 0.8699080157687245 0.865232521354001 0.866259541984732 0.8667456322179442 0.8659409911200222 0.861973392461197 0.8642607056288713 0.8665270871499606 0.8659217877094973 0.8647073726881177 0.8541919805589318
109 1.0 0.9716814159292035 0.9449225473321858 0.9195979899497487 0.8942148760330578 0.8892405063291139 0.8882352941176471 0.8930899608865712 0.8983833718244805 0.9040816326530613 0.9088422971741112 0.9147909967845659 0.9158945117605132 0.9206145966709345 0.9213872832369941 0.9250659630606859
111 1.0 0.9645232815964523 0.9545454545454545 0.9488117001828154 0.9453376205787782 0.9431009957325748 0.9427860696517414 0.9426048565121413 0.942800788954635 0.9322638146167557 0.9336569579288024 0.9349593495934957 0.9366576819407006 0.931748933577087 0.9337822671156002 0.9294971487817518 0.9316979316979314 0.9257270693512301 0.9136571191365707 0.9168609168609164 0.9199417758369719 0.9189649302008848 0.9199487672110145 0.9138034960819764 0.9171631205673754 0.9198508853681266 0.9184216360008869
112 1.0 0.9870689655172414 0.976833976833977 0.9688581314878895 0.9623824451410661 0.9572039942938662 0.9530638852672754 0.9499404052443386 0.9476553980370775 0.9455645161290324 0.9442379182156134 0.9429559204840103 0.9329608938547485 0.9030124908155763 0.8933697881066297 0.8894952251023187 0.8818297331639129 0.8633177570093449 0.8573008849557513 0.862643080124869 0.8247322297955197 0.8125490196078419 0.7908636688079929 0.7738330046022338 0.7713032581453618 0.7542642382191367 0.7584300718629059 0.7643951399894331 0.7535353535353517 0.7386816795683789 0.7323600973236019 0.7400553073814091 0.7318752531389245 0.7382484883947747 0.7254472435195359 0.7138931822084881 0.7193157282843426 0.7148295003965157 0.7094819751590483 0.7082908349118522
125 1.0 0.968503937007874 0.9389312977099236 0.9124087591240875 0.9035714285714285 0.8961937716262975 0.8754098360655738 0.8621659634317862 0.8596491228070176 0.8573281452658885 0.8557213930348259 0.8542413381123058 0.8538812785388129 0.8385650224215248 0.8222222222222223 0.8246687054026502 0.8190476190476188 0.8248436103663983 0.825795644891122 0.8262243285939965 0.824094604582409 0.8214783821478377 0.8270627062706266 0.8267326732673262 0.8326506729081329 0.8113804004214955 0.8157370517928278 0.8054909260120978 0.8044247787610611 0.7896029471960694 0.7724827056110672 0.7700476016111303 0.7519736842105249 0.7444717444717429 0.7397140355996482 0.7481065918653561 0.7352386087894296 0.7401188323430623 0.7300048473097416 0.7384399813171402 0.733836925127749 0.7198284664080062 0.7143968871595353 0.7133968500874999 0.7042200452147731 0.7120409281929502 0.7300117825281968 0.7276853252647533
119 1.0 0.9116022099447514 0.8375634517766497 0.7903930131004366 0.8205980066445182 0.8244680851063829 0.7990196078431373 0.8314176245210729 0.831746031746032 0.813455657492355 0.8163522012578621 0.8322717622080682 0.8233151183970856 0.8191823899371067 0.8227675528289022 0.8528896672504375 0.8490566037735846 0.8450381679389308 0.8375806999660204 0.8289562289562282 0.8205980066445175 0.8172496984318447 0.8159763313609458 0.8087719298245605 0.8045507584597423 0.800349243306169 0.7961672473867586 0.8054226475279097 0.8171177761521573 0.8281879194630868 0.8252307692307697 0.8329519450800921 0.8253521126760573 0.821627260083451 0.8208644332581168 0.817648074598517 0.8168017940313976 0.8156161806208869 0.8135752267751043 0.8115444617784738 0.8179169701383859 0.8141403320835601 0.8128000000000036 0.8080858497629175 0.8099144497831965 0.808777062609715 0.8128395609269332 0.8130762782900256 0.8074855858497012 0.807796074053399 0.8104105701871048 0.8084445563669918 0.8048236886094057 0.8047699128573579 0.8011041696934437 0.7997496871088817 0.7958424652985274 0.7944900426289953 0.7928043491539861 0.790948528549648 0.7874866969136773 0.7850749487760094 0.7827283585189727 0.7809523809523732
249 1.0 0.9685863874345549 0.966706302021403 0.9663582842724977 0.9597737272155874 0.9540342298288506 0.953414923016186 0.948580968280467 0.9455119013478637 0.9459186252211276 0.9465048325466403 0.942639390292821 0.9403853144311173 0.9350370981038765 0.9297346200241275 0.924778761061948 0.9192150866462796 0.9139556812824136 0.9093385638008052 0.9065401489643897 0.9042451932229182 0.9000981179198976 0.8962343096234279 0.8920840575130317 0.8908889941575837 0.8904671717171682 0.886219028370383 0.8826185101580092 0.8790263421140333 0.8758298033761093 0.8733553619705563 0.8699289479715735 0.8665428930268056 0.8629893238434101 0.8593050736662076 0.8549813892782839 0.8542643150519381 0.8497953869047546
122 1.0 0.9683794466403162 0.9386973180076628 0.9315315315315315 0.9266666666666667 0.9228395061728396 0.9040697674418605 0.9033557046979867 0.9027431421446385 0.8693586698337292 0.8722466960352423 0.870182555780933 0.8574257425742573 0.8523245214220599 0.8584667228306653 0.8593749999999997 0.852066715010877 0.8422939068100355 0.8502319416832335 0.8479318734793182 0.8464985994397753 0.8493292053663565 0.8473210052157414 0.8694029850746263 0.8751315327955098 0.8652849740932637 0.8540233323362242 0.8512631280158948 0.8514745308310989 0.8405248549078987 0.8368169226894997 0.8337922403003764
379 1.0 0.9781818181818182 0.969151670951157 0.9433962264150946 0.9184290030211485 0.9258343634116197 0.9216080402010053 0.9391585760517801 0.9297297297297297 0.921420882669537 0.9236641221374043 0.9149905123339654 0.9051667756703723 0.9001620745542944 0.9062411748093757 0.9033436358527676 0.9041945892280968 0.8995670995671008 0.8988026264967186 0.8921671935370589 0.8866191607284272 0.8858858858858888 0.8829896153283636 0.8776783292649871 0.8772819472616646 0.8728158801854278 0.87034760254834 0.8674091195629325 0.8675273088381318 0.8645410810300896 0.8616194982590816
124 1.0 0.962457337883959 0.9572519083969466 0.9554390563564876 0.9551569506726458 0.9506641366223909 0.9521056977704376 0.9532846715328467 0.954486345903771 0.9554513481828839 0.953116675546084 0.9543023821098686
253 1.0 0.9766536964980544 0.949404761904762 0.9264705882352942 0.9263657957244654 0.9224054316197864 0.9284525790349415 0.919050942079553 0.9127316198445902 0.9192777482740304 0.9096413600372608 0.9068607068607063 0.8958411390033714 0.8873812754409761 0.877236273904996 0.8809590973201687 0.8801652892561984 0.8705103969754262 0.8628546861564935 0.857971594318866 0.8554648616364745 0.8567197334320648 0.864841448622425 0.8598994648937924 0.8594676806083683 0.8532840489053208 0.8512958504461163 0.845274491559221 0.8398917855386141 0.8359320456132189 0.836303630363036 0.8332126228660104 0.8289875036898536 0.8201107877194603 0.8213675981669483 0.8156563491382969 0.8139915004903521 0.8071305167268679 0.8017119464086285 0.7997564993196244 0.7951299142973679 0.7910912273876606 0.7901626595813551 0.7846292481977267 0.7813055470425907 0.7801410105757848 0.7752290999044157 0.7739237806589123
