0 1.0 0.9915074309978767 0.983640081799591 0.9764243614931237 0.9704251386321625 0.9650959860383944 0.960720130932897 0.9571209800918837 0.9543509272467904 0.9467376830892146 0.9399249061326661 0.9296600234466592 0.9246954595791809 0.916054564533054 0.9046673286991068 0.8967741935483878 0.8995670995671002 0.892420537897311 0.8953040800615862 0.8923636363636365 0.8951000690131126 0.885936487362281 0.8888202594193944 0.8914454277286132 0.8884551031790291 0.8914316125598716 0.8941475826972003 0.8947881149537255
257 1.0 0.9541984732824427 0.9178082191780822 0.9134199134199134 0.9119999999999999 0.8880866425992779 0.8918032786885246 0.8952095808383235 0.8994565217391305 0.9034653465346536 0.906818181818182 0.8783505154639176 0.861082737487232 0.8441295546558705 0.8290258449304175 0.812807881773399 0.851898734177215 0.8540925266903912 0.8565072302558394 0.8605870020964356 0.8642220019821599 0.8652896273013017 0.8684322938914988
130 1.0 0.9929453262786596 0.9860383944153579 0.9573070607553366 0.9327217125382262 0.9281437125748503 0.9239766081871345 0.9202279202279202 0.9166666666666667 0.9135135135135136 0.8990610328638499 0.8974943052391801 0.8967032967032968 0.880469583778015 0.8663926002055499 0.8674579624134521 0.8651471984805318 0.8669097538742024 0.852914798206278 0.8486672398968186 0.8513625103220478 0.8509119746233146 0.847908745247148 0.8503301540718998 0.8525868178596736 0.8494182067077338 0.8300132802124828 0.8445190156599548 0.8425624321389787 0.8452631578947362 0.841093117408906 0.836914062499999 0.8216867469879507 0.8249883013570416 0.8281036834924956 0.8310482087571861 0.8341211860764923 0.837024655244462 0.831926015279452 0.8349628470864283 0.8269739327540603
131 1.0 0.9718749999999999 0.9658385093167702 0.9395770392749244 0.9179632248939178 0.8938547486033518 0.89010989010989 0.8746803069053707 0.8721804511278194 0.8380281690140843 0.8371559633027521 0.8363228699551568 0.8197802197802196 0.8197424892703862 0.8197064989517818 0.820040899795501 0.8052208835341365 0.7890547263681591 0.7904946653734238 0.7930385700846659 0.7954337899543379 0.7976929902395741 0.7851528384279476 0.7886728655959425 0.7929910350448248 0.7945098039215687 0.7989417989417988 0.8030634573304156 0.8071780436312453 0.7995881949210705 0.8009289980092896 0.8021836865767498 0.8058494088363405 0.8092939046469518 0.8129748684979539 0.8166383701188449 0.8200767964893028 0.8234981392876124 0.8393829401088923 0.8498617147372576 0.8433070866141729 0.8439661798616447 0.851650221163661 0.8533822059313562 0.8550440744368266 0.85664
128 1.0 0.9669117647058822 0.9349005424954789 0.9299474605954464 0.9267886855241261 0.9244094488188974 0.9222720478325858 0.9221140472878997 0.921773142112125 0.9216646266829865 0.9224526600541028 0.9227467811158797 0.9198691741618967 0.9203747072599529 0.9208364451082893 0.9212598425196846 0.9218642906100064 0.9154196486662323 0.9138038725796369 0.9147147147147139 0.9156556903523967 0.9165275459098489 0.9173376274825542 0.9161924469736152 0.9171243135297045 0.916144578313252 0.9133674895202597 0.907747424988803 0.9090515374621035 0.9086719731881011 0.9066179455948021 0.906262307995273 0.9059273422562135
389 1.0 0.9853479853479853 0.942257217847769 0.8974358974358974 0.8546365914786967 0.8137254901960784 0.7745803357314148 0.7846153846153845 0.7964071856287424 0.7687861271676297 0.783595113438045 0.7984251968503934 0.813295615275813 0.820282413350449 0.8039702233250619 0.7887154861944776 0.8019801980198018 0.8097125867195242 0.8203054806828391 0.8326497128794093 0.8432554634513939 0.8498957609451004 0.8531873792659364 0.8541542139868493 0.8474970896391146 0.8492407809110621 0.844689378757514 0.852996254681647 0.8496959165942646 0.8514610389610379 0.8574151734654967
6 1.0 0.9492957746478873 0.9191011235955056 0.8810572687224668 0.8444924406047515 0.8483033932135726 0.8188824662813099 0.8213716108452948 0.7955974842767293 0.7705426356589145 0.7461773700305807 0.7224736048265457 0.737796373779637 0.7264276228419653 0.7160963244613433 0.6915776986951362 0.7709923664122134 0.7825464949928465 0.7943925233644855 0.828877005347593 0.820909970958373 0.8280459770114936 0.8296199213630399 0.8325697625989164 0.8489445910290234 0.8434725419269974 0.8468838975007907
260 1.0 0.9509536784741144 0.9419525065963059 0.9358024691358025 0.9313501144164759 0.9281183932346722 0.9259259259259257 0.9240506329113921 0.9226890756302518 0.9217527386541469 0.9213973799126636 0.9213025780189958 0.9218158890290038 0.9215219976218787 0.9212598425196851 0.9181532004197273 0.8883572567783088 0.8850226928895605 0.8766140602582485 0.8710562414266105 0.8816901408450694 0.8660953401178346 0.8393861892583099 0.8214109521460261 0.8196155741744676 0.8085726175613788 0.8123736352608141 0.8020979020979007 0.7923387096774186 0.7754452926208655 0.7621065375302676 0.7561692126909535 0.7615780445969141 0.7608213096559397 0.7615715823466113 0.7498715973292273 0.755255255255258 0.760429373017812 0.7484305975354605 0.7591915717050133 0.7520215633423221 0.7550689375506934 0.7493123772102205 0.7451354444868418 0.7333820306793334 0.7350946090681955 0.724965706447194 0.7282206525395284
136 1.0 0.9457831325301206 0.9375000000000001 0.9409090909090909 0.9442379182156134 0.9411764705882354 0.9391534391534393
137 1.0 0.9841897233201582 0.9734219269102988 0.9544159544159542 0.9508599508599506 0.9483870967741931 0.9468690702087281 0.939189189189189 0.9395833333333332 0.94015444015444 0.933453237410072 0.9273648648648648 0.9253968253968252 0.9158050221565727 0.9031377899045012 0.8964194373401524 0.8836930455635478 0.8883878241262669 0.8761904761904745 0.8779761904761888 0.8704566635601098 0.8733624454148451 0.8654311039484275 0.8548026805658969 0.8600278551532032 0.8589993502274207 0.8604509445460091
5 1.0 0.9667896678966789 0.9598540145985399 0.9304347826086953 0.9245283018867921 0.9190556492411465 0.9137645107794359 0.9109697933227343 0.9092284417549167 0.9076479076479076 0.906206896551724 0.9061277705345502 0.894982497082847 0.8954393770856507 0.8766519823788546 0.8582333696837512 0.8602711157455682 0.8629592850049652 0.8626528692380057 0.8649864986498649 0.8671268334771354 0.8602761982128351 0.8570318570318568 0.8441358024691356 0.8314176245210725 0.8188736681887363 0.8233576642335763 0.8272471910112354 0.8308525033829496 0.8292046936114728 0.8304020100502506 0.8339393939393933 0.8376168224299059 0.8381696428571421 0.8356309650053012 0.8287740628166148 0.8214634146341449 0.8253068932955604 0.8204193254329974 0.8225948808473063 0.8261986301369846 0.8296634815122542 0.8298210735586464 0.8269602162997282 0.820631254811392 0.8143459915611801 0.808103975535167 0.8019047619047607 0.7971121806738236 0.8012243428159876
11 1.0 0.9929701230228472 0.9641693811074918 0.9401197604790418 0.935672514619883 0.9198966408268733 0.8989898989898988 0.8776529338327088 0.8567901234567898 0.8381642512077291 0.8203309692671391 0.8211009174311923 0.808370044052863 0.81183932346723 0.7966804979253107 0.8015873015873012 0.8064516129032254 0.7963302752293573 0.8017543859649118 0.7789029535864974 0.7849636216653189 0.7908597986057316 0.7968865826538173 0.8026969481902053 0.7964236588720766 0.802110817941952 0.807351077313054 0.800495662949194 0.7905113986444849 0.8080808080808076 0.8123167155425215 0.8145695364238404 0.8170173833485811 0.8193091231178025 0.8128295254833032 0.8275215598050238 0.8292593943816122
140 1.0 0.9639278557114228 0.934900542495479 0.9054290718038526 0.8758620689655169 0.8770226537216825 0.8637681159420286 0.8457300275482091 0.82312925170068 0.8010752688172039 0.779548472775564 0.7893432465923169 0.7942196531791905 0.829787234042553 0.8350848827809213 0.8403683806600151 0.8458181818181816 0.8509316770186333 0.8660953401178356 0.8692743180648477 0.8722139673105492 0.8751786565030962 0.8837848449155866 0.8845423471325482
15 1.0 0.9881305637982195 0.9779614325068867 0.9696202531645567 0.9630484988452652 0.9582463465553233 0.9546313799621924 0.9454855195911412 0.937597503900156 0.9366906474820144 0.9367816091954023 0.9372197309417041 0.9310344827586206 0.9289099526066348 0.929955290611028 0.9233983286908073 0.9198423127463855 0.9122373300370817 0.9121779859484767 0.8964013086150476 0.8855670103092766 0.8891069676153074 0.8911627906976728 0.8823008849557503 0.8845343447113341 0.8867014865407779 0.8728845430613005 0.8651444880485193 0.8522765598650933 0.8386783284742482 0.8323538509124669 0.8365527488855887
16 1.0 0.9901234567901234 0.9810874704491723 0.9736263736263733 0.9671457905544144 0.9619047619047615 0.9506172839506171 0.9479674796747966 0.9398496240601503 0.933240611961057 0.9327296248382925 0.933253873659118 0.9339933993399341 0.9347604485219165 0.9280983916745509 0.9200695047784534 0.9225181598062953 0.9247554552294956 0.9267605633802815 0.918635170603674 0.9095354523227376 0.8972602739726016 0.9005405405405393 0.8973305954825449 0.9021090330282524
145 1.0 0.9919999999999999 0.9614711033274955 0.9560067681895092 0.9513776337115073 0.9476117103235748 0.9441997063142439 0.9417475728155341 0.9395532194480948 0.9377334993773352 0.9362455726092092 0.9351955307262573 0.934530095036959 0.9262213359920243 0.9259259259259264 0.9256572982774257 0.8942065491183874 0.8955823293172686 0.886104783599088 0.8879999999999991 0.8897418004187011 0.8754098360655724 0.8678414096916284 0.8494882600842846 0.8525827045850242 0.8504347826086937 0.8468418110676333 0.8395261173936432 0.8432797093928363 0.845386533665833 0.8491110043248415 0.8527095877721145 0.8561857972309046
401 1.0 0.9822222222222222 0.9700374531835207 0.961904761904762 0.9483204134366925 0.9384615384615383 0.9151515151515153 0.8926615553121581 0.8741865509761392 0.8658777120315586 0.8599640933572715 0.8439024390243904 0.8311874105865517 0.8277634961439579 0.821759259259258 0.8114406779661 0.8035882908404134 0.79094076655052 0.7833992094861632 0.7762128325508577 0.7865497076023364 0.7739959155888344 0.7678571428571422 0.7578814627994954 0.7521613832853036 0.7489276522733782 0.7446687517770839
19 1.0 0.9901719901719901 0.9815242494226325 0.9741935483870965 0.9678068410462773 0.9624765478424012 0.958115183246073 0.9543230016313211 0.9512937595129375 0.9484978540772531 0.9464524765729584 0.9352428393524285 0.9345029239766083 0.9337016574585637 0.9222108495394066 0.9154658981748321 0.9062218214607758 0.8779149519890255 0.8725361366622857 0.8574969021065663 0.8374851720047432 0.8353080568720361 0.800675675675673 0.8064864864864839 0.8130165289256172 0.8040935672514591 0.7792792792792756 0.7859618717504298 0.7921535893155225 0.7769953051643155 0.779864763335834 0.761871508379886 0.7564102564102547 0.740929344366645 0.7459243309750843
148 1.0 0.9646365422396855 0.9582542694497151 0.9526411657559195 0.9478260869565216 0.9441707717569785 0.9412673879443585 0.939568345323741 0.938255033557047 0.9377334993773351 0.9372822299651569 0.9371614301191767 0.937310414560162 0.937440758293839 0.9375557537912581 0.9377628259041212 0.9349722442505947 0.9353869271224642 0.9357601713062097 0.9310344827586203 0.9290780141843967 0.9274738783036258 0.92601291837933 0.9269662921348308 0.9278794402583417 0.9229188078108933
144 1.0 0.9518716577540108 0.9476190476190477 0.9451476793248945 0.9440298507462684 0.9374999999999999 0.93841642228739 0.9393139841688654 0.9401913875598088 0.9414316702819958 0.9424603174603177 0.9434306569343067 0.9411764705882353 0.9425465838509316 0.9438040345821325 0.9323731997495301 0.9297012302284706 0.9229499174463395 0.9211209133367922 0.923566878980891 0.9241092086996754
22 1.0 0.9505494505494506 0.9408602150537635 0.9336734693877551 0.9278846153846153 0.9230769230769229 0.9110169491525422 0.9087301587301585 0.9080882352941173 0.9006849315068489 0.8841463414634142 0.8586466165413529 0.8338278931750737 0.8096632503660317 0.8181818181818177 0.8163522012578613 0.8160651920838182 0.8143009605122732 0.7990243902439027 0.7963142580019401 0.7998244073748906 0.8027937551355796 0.7895595432300166 0.7765182186234822 0.7636655948553059 0.7509976057462097 0.7622272385252075 0.7738515901060077 0.782637508283632 0.7630208333333337 0.7577937649880094 0.7550561797752804 0.7629629629629623 0.7739999999999994 0.7840909090909085 0.7897574123989212
278 1.0 0.8928571428571429 0.875 0.8785046728971962 0.883720930232558 0.8888888888888888 0.8839779005524859 0.8815165876777248 0.8870292887029285 0.8925925925925923 0.8976897689768975 0.9035087719298245 0.8837209302325584 0.8904428904428907 0.8937500000000003 0.890130353817505 0.8937605396290053 0.894333843797856 0.8968926553672315 0.9023437499999998 0.9056152927120666 0.9077777777777775 0.8947906026557705 0.9004739336492885 0.8954305799648496 0.8847097301717086 0.8677370030581046 0.86224125624554 0.8442513368983978 0.8344532681734909 0.8222841225626777 0.8186022610483082 0.8232716650438209 0.8182638105975242 0.8117594455622672 0.8063417748457169 0.807264329204288 0.7994796878126931 0.7930776426566943 0.7821498837417341 0.7758001026869826 0.779669340317571 0.7827926657263818 0.7836124943413376 0.7762909090909161 0.7788367203924387 0.7805735930736001
153 1.0 0.9400000000000001 0.8867924528301887 0.8434782608695655 0.8064516129032261 0.7637795275590554 0.7410071942446047 0.7055214723926383 0.6746987951807232 0.6449704142011836 0.6162790697674421 0.6149732620320858 0.5894736842105266 0.6181818181818184 0.5964125560538118 0.5752212389380532 0.582857142857143 0.5411140583554377 0.5512820512820513 0.562962962962963 0.5748218527315914 0.5886363636363635 0.5768374164810689 0.5914893617021275 0.605691056910569 0.6201550387596898 0.6128423040604343 0.6224028906955735 0.6255392579810182 0.6188870151770658 0.6125309150865623 0.6064516129032259 0.5977742448330685 0.6094224924012159 0.674164133738602 0.6836555360281196 0.6886632825719119 0.6849087893864012 0.7016129032258063 0.7087378640776697 0.7097674418604647 0.7188898836168303 0.7154185022026426 0.7211864406779654 0.7300163132137024 0.7305577376276504 0.7254290171606858 0.7314328582145528 0.739507959479015 0.731724627395315 0.737870619946091 0.7326167282499154 0.7314535078885527 0.756070016939582 0.7608337904552934 0.7656458055925434 0.7673817523907989 0.7633077494429321 0.7670276774969924 0.7644331092047311 0.7620751341681589 0.7585360410622645 0.7587480982395147 0.7609477469854048 0.7561772513783972 0.7580933465739845 0.7565852720630676 0.7525505472083134 0.7500448269679075
29 1.0 0.9683098591549294 0.9385665529010236 0.9119086460032623 0.8890600924499226 0.8703170028818439 0.8676056338028165 0.8657534246575339 0.8503225806451609 0.8498122653316642 0.8507821901323703 0.8527042577675487 0.8544652701212787 0.8566912539515278 0.8590130916414903 0.8616714697406339 0.8520547945205478 0.845758354755784 0.8316326530612245 0.8177215189873418 0.8040201005025126 0.8096000000000001 0.8147013782542113 0.8366336633663366 0.8399044205495818 0.8538040775733465 0.8562469850458272 0.8585480093676813 0.8607191624943102 0.8425885439440313 0.8353658536585363 0.8281995661605203 0.8312948123154784 0.8342224045958142 0.8373854125149457
416 1.0 0.968 0.9591836734693878 0.9304029304029304 0.9258064516129034 0.920980926430518 0.9046511627906982 0.8948453608247429 0.8799283154121873 0.8659611992945335 0.8524305555555564 0.8472222222222225 0.8403819918144608 0.8529048207663781 0.8443768996960485 0.8428334255672381 0.8394722374931275 0.8301234567901224 0.8255451713395625 0.8229801055623208 0.8219344394981772 0.8095993653312158 0.806375442739077 0.8117647058823515 0.8238172920065241 0.8137578852508259 0.8126688682077453 0.8066129480411233 0.8032605692180169 0.7980795610425252 0.7930100243836373 0.7791281373844142 0.7751510375623873 0.7730358874878787 0.7837595334230625 0.7789613848202428 0.7701754385964946 0.7637863656100776 0.7583838383838427 0.7671439336850081 0.7728073265234281 0.7700017583963469 0.7597099948213409 0.7564918314703403 0.7439784402897142 0.7453112687155298 0.7360658282875391 0.7285736267118083 0.7281254805474461 0.719532554257102 0.7274149950206356 0.7306002928257754 0.7302115205534191 0.7298231618135954 0.7346913426903559 0.7336465932978923 0.7367885028856017 0.7360027146250494 0.7419763513513582 0.7412410299704585 0.7446129289704777 0.7442649112308067 0.7439170323095401 0.7423532928165855
33 1.0 0.9538461538461539 0.9513274336283186 0.9498069498069498 0.9494949494949494 0.9502923976608187 0.9512820512820513 0.9524348810872028 0.9534883720930233 0.9365609348914856 0.9357798165137612
163 1.0 0.9642147117296223 0.9332096474953618 0.9030520646319569 0.874782608695652 0.8458904109589039 0.85126582278481 0.8563049853372433 0.8617886178861788 0.8668341708542714 0.8870255957634599 0.8895397489539749 0.8918058870326172 0.8916478555304739 0.873150105708245 0.8715719063545146 0.8603723404255315 0.8493060145406472 0.8512917454316314 0.8556825015033067 0.8600114744693051 0.8622197922361938 0.8643714136671875
297 1.0 0.9745222929936306 0.9438444924406048 0.9067796610169492 0.9044117647058822 0.8950819672131147 0.9022988505747127 0.8985507246376814 0.8902953586497894 0.8838475499092564 0.8883572567783097 0.8811881188118811 0.8727735368956737 0.8672768878718526 0.859154929577464 0.8528665651953311 0.8498387839705192 0.8574441164065781 0.863056092843326 0.8548672566371679 0.852165418430479 0.8481548699334552 0.8423261390887302 0.8368362831858425 0.8438144329896926 0.8394871794871815 0.837161817253703 0.825325325325328 0.8210134821013513 0.8187255578559955 0.8149678604224089 0.8126072041166414 0.8083653435766148 0.7985702270815853 0.7981402557148437 0.8002183406113584 0.7963473466574826 0.7949804432855332 0.7915721231766666 0.7857799570947038 0.7822209436133546 0.7787002576581796 0.7818033233451437 0.7849434403848715 0.7788857036021503 0.7717658632562782 0.7725610475404102 0.767763080884942 0.7689305230288906 0.7655012147459669 0.7621621621621696 0.7559908710536403 0.7544893111639032 0.7495507424572102 0.7486987489727045 0.7447993733136087 0.7437912868968998 0.738026064580394 0.7378935592136793 0.7372711890478353 0.7362434675683946
41 1.0 0.9924953095684803 0.9854280510018216 0.9792746113989639 0.973898858075041 0.9690880989180837 0.9651669085631353 0.9618008185538883 0.9590268886043537 0.9566787003610111 0.9545970488081729 0.9485530546623797 0.9472081218274115 0.9461020211742063 0.9451052150045749 0.9442993907745868 0.943661971830986 0.9430830039525692 0.9344750558451226 0.9347054648687009 0.9349152542372878 0.9326860841423944 0.9331269349845196 0.9288678126852394 0.9295054007959062 0.9219512195121943 0.9229567933368029 0.9218828242363536 0.9228171731789667 0.9237209302325571
430 1.0 0.9669421487603306 0.9583333333333334 0.9555555555555556 0.9553072625698324 0.9491525423728813 0.9331103678929767 0.9465930018416205 0.9490968801313626 0.9428152492668617 0.9297082228116702 0.9201430274135864 0.9118895966029711 0.9021842355175673 0.893162393162392 0.8971384377416852 0.8954385964912278 0.8953114964675659 0.8869153345174667 0.8857988165680482 0.8788377192982469 0.8807106598984785 0.8790485829959529 0.8688981868898207 0.8613406795224999 0.8574040219378452 0.8508474576271216 0.8508875739645 0.8541705026698613 0.8537339055794023 0.850812660393502 0.8472814044656588 0.8424507658643363 0.8412451361867743 0.8370118845500889 0.831417624521077 0.8271717632740041 0.8188090595470274 0.8197293149155902 0.8188153310104579 0.8144959733407436 0.8153292181070009 0.8076630296879018 0.8068930562595087 0.8060268422385468 0.7993495121341063 0.7989497374343643 0.7985503624094034 0.7981513864601606 0.7888779527559117 0.7893277893277955 0.7890606969766967 0.78890097932536 0.7864583333333398 0.7839359168651289 0.7833639893725797 0.7830439223697716 0.7773737373737443 0.7772846479725708 0.7741935483871032 0.7738608663041504 0.7735283089613862 0.7723272795356738
47 1.0 0.9908256880733944 0.9835390946502057 0.962121212121212 0.9400749063670412 0.939464493597206 0.9342327150084316 0.9342948717948717 0.9345509893455097 0.9323741007194242 0.9331514324693039 0.9339378238341965 0.9350490196078427 0.9341040462427741 0.933478735005452 0.9348500517063075 0.9342492639842976
50 1.0 0.9457831325301206 0.9455445544554456 0.9458333333333333 0.946987951807229 0.9480519480519481 0.9495145631067962 0.9507908611599297 0.9488817891373801 0.9437068507700473 0.9344608879492595 0.9322709163346607 0.9322033898305078 0.9322638146167552 0.9308016877637126 0.9278846153846152 0.9253617669459254
178 1.0 0.9727891156462585 0.9427312775330398 0.9363295880149812 0.9345794392523366 0.9314720812182743 0.92600422832981 0.9184100418410046 0.9181184668989546 0.9183976261127593 0.9089743589743583 0.9066496163682857 0.912416851441241 0.9170731707317066 0.9057908383751078 0.9025326170376059 0.9070247933884303 0.9104477611940306 0.9080021774632564 0.9030390738060797 0.9022628791526256 0.8977172958735752 0.8958915037893918 0.8910891089108934 0.8867987907289243 0.8844956413449592 0.8812254973137826 0.8793220338983082 0.8751740726674296 0.8729893959251792 0.8711642599278013 0.8691088260497037 0.8678745928338781 0.864979717983388 0.8619104532499751 0.8580057778166816
52 1.0 0.9641434262948206 0.930915371329879 0.9028475711892795 0.876422764227642 0.8763523956723337 0.8780841799709723 0.8741450068399452 0.8712998712998715 0.8548585485854859 0.859284890426759 0.8634886240520045 0.8512396694214878 0.8341862845445241 0.8624813153961136 0.866096866096866 0.8672086720867207 0.8706338939197927 0.8739184177997525 0.8769230769230766 0.8799546998867493 0.8827361563517911 0.8936905790838371 0.8959200666111571 0.8950320512820512
56 1.0 0.9898477157360406 0.9566074950690334 0.9512195121951217 0.9469026548672566 0.9430485762144053 0.9399684044233807 0.937592867756315 0.9358437935843794 0.9341238471673255 0.9330855018587362 0.9235225955967558 0.9234972677595631 0.9233160621761661 0.9132111861137902 0.9138405132905594 0.9082251082251085 0.9002452984464431 0.8778625954198466 0.8728606356968205 0.8571428571428558 0.8549707602339167 0.842397336293006 0.811640211640209 0.8025922233300071 0.7792088316467308 0.7652099400171343 0.7600657354149509 0.7420333839150185 0.7270788912579915 0.7334244702665716 0.7374670184696533
187 1.0 0.9736842105263158 0.8633540372670809 0.7872340425531917 0.7302325581395352 0.6607142857142859 0.6551724137931036 0.6528925619834712 0.650793650793651 0.6592592592592594 0.6486486486486489 0.6603773584905662 0.6528925619834712 0.6495956873315365 0.6420047732696895 0.6460554371002126 0.6493256262042382 0.6404886561954616 0.6723868954758182 0.6801112656467306 0.7685950413223134 0.7540983606557371 0.7486437613019886 0.7408056042031518 0.7386759581881528 0.7583465818759932 0.7864450127877235 0.7762237762237759 0.7601977750309019 0.757238307349665 0.7705583756345168 0.7877442273534627 0.79673469387755 0.7956026058631912 0.807346326836581 0.8019359642591207 0.8144611186903133 0.8212712397734424 0.8171606864274571 0.8231138739756998 0.820205956025606 0.8231786362457879
60 1.0 0.942857142857143 0.8947368421052634 0.8604651162790701 0.8181818181818186 0.8164251207729472 0.8104448742746617 0.8083067092651758 0.8072625698324023 0.7848275862068966 0.7629427792915532 0.7446808510638298 0.7365119196988708 0.7202453987730061 0.7342497136311569 0.7517106549364613 0.7474466109563601 0.7442075996292863 0.7297794117647058 0.7396551724137932 0.7500000000000001 0.7565891472868219 0.7625368731563426 0.7713884992987379 0.8081587651598677 0.8097251585623677 0.813197969543147 0.8075772681954135 0.8021547502448577 0.8065727699530514 0.8193002691272591 0.8134301270417432 0.8169063486495977 0.8079173838209994 0.8044122489298665 0.804645243398029 0.8082022818378062 0.8116591928251139 0.8151260504201698 0.8151166057881446 0.8123151384780878 0.8104933437744739 0.8051126297139992 0.7998546159437879 0.7950991831972031 0.7917731815012817 0.7884748900717462 0.7860913472572908 0.7800999545661099 0.7738147020443712 0.7705334462320111 0.7657142857142905 0.7701789264413565
74 1.0 0.9889807162534434 0.9596899224806202 0.9573257467994312 0.9557867360208064 0.950295857988166 0.9501084598698484 0.9500000000000002 0.9467889908256882 0.9416180150125105 0.9432950191570881 0.9304610733182161 0.9179716629381058 0.9158040027605243 0.9073015873015867 0.9004100761569998 0.8977460142935669 0.8958225889633822 0.8805542283803139
203 1.0 0.9525065963060687 0.911330049261084 0.9061032863849766 0.9026548672566371 0.899581589958159 0.8980392156862744 0.8966789667896677 0.8954703832752612 0.8867403314917126 0.8815426997245178 0.8585034013605441 0.8599137931034483 0.8609958506224067 0.8625498007968128 0.863984674329502 0.8618784530386742 0.8637168141592922 0.8624787775891343 0.858995137763371 0.8615863141524104 0.8635682158920537 0.8656069364161846 0.8585164835164829 0.8517060367454059 0.8501259445843818 0.8486682808716696 0.8360091743119251 0.8204845814977955 0.8184818481848165 0.8231868713605063 0.8415492957746462 0.8152542372881333 0.8126582278480989 0.8150572831423872 0.8191911181601881 0.7977695167286235 0.7904490377761935 0.7761294672960222 0.7608142493638693 0.742976688583386 0.7365060940220578 0.733371724733663 0.7302857142857176 0.7258478198917104 0.731821951893838
76 1.0 0.9291338582677167 0.9303797468354429 0.933673469387755 0.940239043824701 0.939297124600639 0.9393139841688656 0.9414316702819958 0.9232613908872899 0.9110275689223052 0.9105322763306901 0.9125514403292173 0.9160377358490558 0.9127977392006457 0.9118416137467314 0.9123478260869567 0.9052870580603317 0.9037465732561692
78 1.0 0.9546599496221662 0.9477434679334916 0.9243856332703213 0.8921933085501857 0.8610603290676415 0.830935251798561 0.8017699115044246 0.8076285240464343 0.8321167883211679 0.8142857142857143 0.8129175946547885 0.8215767634854773 0.8299516908212562 0.8173258003766479 0.8053259871441691 0.8447246184472461 0.8649616368286442 0.8621026894865523 0.8539435248296005 0.8458555501696555 0.8470097357440886 0.8516215015548642 0.8501904358865844 0.8512799674928884 0.8526315789473681 0.8515479298769115 0.849910233393178 0.8528497409326428 0.8557180851063834
79 1.0 0.9918200408997955 0.9842209072978302 0.9772296015180264 0.9708561020036429 0.9656946826758148 0.961102106969206 0.9575113808801216 0.9547383309759548 0.9523178807947021 0.9501867995018682 0.94841735052755 0.9425414364640887 0.9417273673257027 0.9410029498525077 0.94046511627907 0.9399823477493383 0.9397489539748957 0.9395385839299922 0.9347408829174665 0.9348494161032574 0.9325842696629212 0.9223529411764705 0.9207248018120043 0.9213973799126635 0.9162303664921462 0.9131313131313126 0.914146341463414 0.915174363807728 0.9144676979071876 0.915567282321899 0.9148936170212759 0.9142621599340474 0.9108280254777068 0.9061538461538462 0.9058999253174012 0.9045553145336228 0.9020293911826457 0.902240325865581
210 1.0 0.9457831325301206 0.9675810473815462 0.9586374695863747 0.953995157384988 0.949397590361446 0.9449760765550241 0.9406175771971499 0.9363207547169814 0.9320843091334897 0.9279069767441864 0.9239631336405534 0.9200913242009137 0.9162895927601814 0.9125560538116597 0.9088888888888894 0.905494505494506 0.8978260869565223 0.8946236559139791 0.8914893617021283 0.8968871595330745 0.8944337811900198 0.9000000000000006
83 1.0 0.9693877551020407 0.9396984924623114 0.9108910891089106 0.8829268292682924 0.8557692307692304 0.8553846153846151 0.8558823529411763 0.8587257617728531 0.8626943005181347 0.8658536585365854 0.8472553699284009 0.8513513513513513 0.8556263269639066 0.8597194388777556 0.8633776091081596 0.866906474820144 0.870528109028961 0.8737864077669903 0.8877679697351829 0.8872727272727272 0.8894062863795109 0.8914988814317671 0.8913978494623653 0.8933747412008278 0.895209580838323 0.8969171483622347 0.8896814075130761 0.8826291079812203 0.883152173913043 0.8836395450568674 0.8839966130397962 0.8859721082854792 0.8836104513064129 0.8842911877394634 0.8837037037037037 0.8844221105527639
340 1.0 0.9845559845559846 0.9400544959128067 0.8936170212765958 0.8493506493506494 0.8071065989847717 0.7667493796526055 0.7777777777777778 0.7472766884531589 0.7601547388781429 0.7826825127334461 0.7629870129870125 0.7449455676516326 0.7640603566529489 0.7796817625458994 0.7984665936473163 0.81404549950544 0.8049242424242422 0.8131313131313129 0.8268072289156623 0.8418918918918917 0.8543451652386779 0.8595132743362828 0.8675429726996963
88 1.0 0.9903614457831325 0.9821029082774048 0.9758551307847081 0.9634369287020108 0.9534109816971713 0.9509954058192955 0.9490806223479491 0.9479843953185955 0.9473053892215568 0.9452282157676347 0.930807248764415 0.9318885448916406 0.9332365747460083 0.9346049046321522 0.9336734693877545 0.9328537170263783 0.9322799097065456 0.9318423855165062 0.9334006054490407
89 1.0 0.9890109890109889 0.9727891156462583 0.9627601314348301 0.9565217391304345 0.9517766497461924 0.9406940063091478 0.9396806623299817 0.9391256225788593 0.9387649195640886
92 1.0 0.991111111111111 0.9838709677419354 0.9778597785977862 0.9731543624161075 0.9694189602446486 0.9586206896551724 0.9576816927322909 0.9534081104400346 0.9529602595296026 0.9526717557251908 0.9461279461279458 0.9443254817987148 0.9448416751787534 0.9434697855750481 0.9405204460966538 0.9412288512911839
225 1.0 0.9357142857142858 0.9261744966442953 0.9187499999999998 0.8731988472622478 0.8381201044386425 0.8468677494199537 0.8538622129436325 0.8595825426944971 0.8643478260869564 0.8687999999999999 0.8238805970149252 0.835135135135135 0.8361858190709047 0.8181818181818182 0.8281938325991189 0.8309859154929579 0.841328413284133 0.8508474576271188 0.8565861262665628 0.8447348193697156 0.8537970191625266 0.8590250329380763 0.8533333333333328 0.8451977401129935 0.8326403326403313 0.8282149712092115 0.8266283524904199 0.8187390542907163 0.8261943986820411 0.824979457682825 0.8199233716475086 0.8155061019382625 0.8223281143635124 0.821864951768489 0.8280293757649941 0.8313885647607939 0.8263506063947088 0.8232826428946002 0.82615230460922 0.817107750472592
353 1.0 0.9166666666666669 0.900900900900901 0.9015151515151517 0.9019607843137256 0.9022988505747128 0.8960396039603961 0.8982300884955752 0.8858267716535431 0.8900709219858153 0.8935483870967739 0.8973607038123166 0.8915343915343915 0.887019230769231 0.8788546255506611 0.8662674650698609 0.8497217068645647 0.8531951640759937 0.8282504012841095 0.8212703101920236 0.8047182175622534 0.7984395318595569 0.8001211387038146 0.8109790605546111 0.8149127445795862 0.7957405614714405 0.7890410958904086 0.7974137931034461 0.8040650406504043 0.7995391705069105 0.7988380537400132 0.7944743935309968 0.7903846153846154 0.7831253713606664 0.7696536558548672 0.7566326530612275 0.7541984732824458 0.7534179687500033 0.7441534144059909 0.7500000000000041 0.744176013805009 0.7517612929962748
355 1.0 0.9108910891089109 0.8487394957983194 0.8518518518518519 0.858974358974359 0.8644067796610169 0.8634146341463412 0.8602620087336241 0.8521400778210112 0.859649122807017 0.8658146964856226 0.8720930232558137 0.8586387434554974 0.856801909307876 0.8555798687089717 0.8452380952380956 0.8339483394833953 0.8384879725085915 0.8270361041141903 0.8076622361219705 0.8001549186676998 0.7984274481772694 0.8191552647233789 0.8227146814404429 0.821669258683255 0.8174483106404432 0.8110014104372347 0.8111550285463318 0.804793028322439 0.7924604783137399 0.7900686314089609 0.7840616966580973 0.7853928695050192 0.7956108745496235 0.7888000000000003 0.7836630504148058 0.7785555202036275 0.7734771573604066 0.7814569536423848 0.7735114079020605 0.7641898864809106 0.754930966469431 0.7511803588290875 0.7498822421102249 0.7372557826184638 0.7337516808606049 0.7295047856845659 0.7266932270916386 0.7225734473782133 0.7185754189944196 0.724137931034489 0.7189586114819821 0.7168053244592408
103 1.0 0.9896103896103895 0.9498861047835988 0.9124726477024067 0.8755364806866949 0.8755020080321281 0.8501872659176026 0.8566552901023888 0.8650306748466255 0.87292817679558 0.8799999999999999 0.8858447488584474 0.8908709338929696 0.8964525407478428 0.9012345679012347 0.9055374592833877 0.9092284417549168 0.8895184135977336 0.8915343915343914 0.8803418803418801 0.8692810457516338 0.8727050183598528 0.8760045924225025 0.8809523809523805
108 1.0 0.9927404718693286 0.985790408525755 0.979202772963605 0.973018549747049 0.9671592775041054 0.9617224880382778 0.9568567026194148 0.9524517087667165 0.9487908961593176 0.9396433470507548 0.9318479685452167 0.9295597484276734 0.9274486094316813 0.9215686274509809 0.9202657807308976 0.9194061505832455 0.918450560652396 0.9059745347698341 0.9021636876763883 0.8993710691823906 0.9000861326442728 0.9007444168734496 0.898493259318002 0.8993135011441651 0.9002201027146004 0.8980891719745224 0.8857919782460908 0.8845901639344259 0.881388012618296 0.8829981718464346 0.8845020624631698 0.8860398860398854 0.8877270225646664 0.8787878787878779 0.8786632390745491 0.8701426463354636 0.8654666035054462 0.8664837677183342 0.8669623059866949 0.8661518661518647 0.8621834786218332 0.8644614764017734 0.8667189337514687 0.8661087866108775 0.8648956356736232 0.8543866035675277 0.8554729011689688
109 1.0 0.9544303797468354 0.9128329297820822 0.8747099767981437 0.8363636363636362 0.8340611353711788 0.8367346938775507 0.8467153284671529 0.856677524429967 0.8666666666666663 0.8749999999999997 0.8845265588914547 0.8888888888888887 0.8961038961038958 0.902356902356902 0.9046153846153842
111 1.0 0.9435736677115989 0.935483870967742 0.9321148825065274 0.9307159353348728 0.9301848049281313 0.9315315315315315 0.9330143540669856 0.9340974212034384 0.9246753246753248 0.9267139479905439 0.9285714285714286 0.9310344827586208 0.9332732191163211 0.9388379204892965 0.9376803231390649 0.9327913279132787 0.9341902313624674 0.9297218155197651 0.92055427251732 0.9208791208791198 0.9213718109577574 0.9205403257846637 0.9212419538053763 0.9148321905449296 0.9161223788243383 0.9148936170212768
112 1.0 0.987220447284345 0.977077363896848 0.9691516709511566 0.9627039627039625 0.9575371549893841 0.953398058252427 0.9502664298401419 0.9479674796747967 0.9458646616541353 0.9445214979195562 0.9432258064516129 0.9332538736591182 0.9034028540065866 0.893769152196119 0.8899082568807345 0.8661654135338341 0.8587731811697568 0.8433734939759024 0.8369704749679061 0.8421052631578934 0.8106852497096377 0.7894179894179867 0.7726829268292651 0.7702325581395315 0.7534364261168346 0.7576006573541457 0.7635506677140576 0.7528174305033769 0.7381284916201092 0.7318840579710129 0.725109580463368 0.7314423657211823 0.7274909963985589 0.7150869321368486 0.703898840885144 0.7103518612952593 0.7158362111494838 0.7152317880794723 0.7113775163990074 0.7055639748863423
125 1.0 0.9510869565217391 0.9067357512953367 0.8692493946731236 0.8622327790973872 0.8568129330254041 0.8333333333333333 0.8111111111111111 0.8107142857142857 0.810344827586207 0.8106312292358805 0.8108974358974359 0.8123076923076924 0.7904191616766467 0.7666174298375185 0.7729138166894666 0.770913770913771 0.7788578371810452 0.782359679266896 0.7850162866449515 0.7854954034729319 0.7850919651500489 0.7920883164673418 0.7944732297063909 0.777258566978194 0.7845468053491835 0.7763888888888891 0.804878048780488 0.804028307022319 0.7952329360780064 0.783536585365853 0.7877750611246938 0.7740585774058566 0.7720160929816705 0.7997791682002198 0.7951253973860821 0.7862184873949584 0.7698836843759839 0.775129850290255 0.7649154051647393 0.7558632382028849 0.75142469470828 0.7376551025576137 0.7397091446881975 0.7345342498222374 0.7390700902151329 0.7382658959537617 0.7496790757381302 0.7537625418060244 0.746219861054357
119 1.0 0.8705035971223021 0.7707006369426751 0.7202072538860103 0.7593360995850621 0.7731958762886597 0.7431192660550459 0.7816377171215879 0.789473684210526 0.7649402390438245 0.7751677852348989 0.8481449525452975 0.8504375497215589 0.8412931667891249 0.834800270819227 0.8332296204107018 0.8278145695364225 0.8262277388019412 0.8172100481026171 0.8133971291866008 0.8004683840749394 0.7990594271055984 0.7877516778523468 0.7864321608040179 0.7853658536585344 0.7788578371810427 0.7723970944309905 0.7659831121833511 0.776954427565763 0.7900854700854685 0.8025859350362649 0.7947286821705418 0.794563662374821 0.8037957765303395 0.8021324076369954 0.8014359990096566 0.7984725301798481 0.7949472651459415 0.7914529914529923 0.7917414721723531 0.7920363111202823 0.7904362735759214 0.795536357091435 0.7904148783977134 0.7899249732047183 0.7887977167320752 0.7946639648767334 0.7965561224489823 0.7978578971187238 0.7935702199661625 0.7968833960236467 0.7976373908577334 0.7963955187530481 0.7971488665576109 0.7936842105263199 0.7890847672331933 0.7876857749469258 0.7870486884135174
249 1.0 0.9694656488549619 0.9550949913644212 0.9580764488286067 0.9536607970342913 0.9496040316774657 0.9469652327637004 0.9456790123456784 0.9430756159728122 0.943841257955822 0.9399141630901293 0.9414027818881333 0.9392962664517871 0.9341623994147781 0.9290178571428587 0.9241803278688543 0.9189291101055828 0.91366655015729 0.9091203104786572 0.906363636363639 0.9041018387553069 0.900000000000003 0.89590614078882 0.8921522556391012 0.8882990488829939 0.8879062569091345 0.8860298177802353 0.8822663723325996 0.8789442349672555 0.8756593820648061 0.870961968680086 0.8674174558484719 0.8642106121118197 0.862844111418791 0.8581107390390074 0.8555962069737827 0.8523662919739274 0.8503673061835707 0.8469471947194595
122 1.0 0.950413223140496 0.9055118110236223 0.9007444168734493 0.8983833718244805 0.8967741935483872 0.8705882352941178 0.8722627737226278 0.8737201365187713 0.8256735340729001 0.8311111111111111 0.8321870701513068 0.8143236074270557 0.8128078817733991 0.8211009174311928 0.8244111349036404 0.8200000000000002 0.8055009823182713 0.8435277382645804 0.846153846153846 0.8447837150127223 0.8439375750300115 0.8461538461538455 0.8448459086078631 0.8686828491842414 0.8728587742672246 0.8664643399089526 0.8574483250178193 0.8502024291497984 0.846952010376136 0.8460583488516463 0.8379177758059765 0.8330383480825978
379 1.0 0.9786096256684492 0.9695817490494297 0.9591836734693878 0.9475862068965519 0.9340659340659345 0.9367502726281356 0.9327569644572531 0.9246794871794873 0.9108989657915674 0.914836992681304 0.9076056338028166 0.8988818667963046 0.893975903614457 0.8931360460337032 0.8976982097186704 0.8952346307748276 0.8956294846705815 0.8913294797687875 0.8903966597077261 0.8840996168582397 0.8788671023965166 0.8758620689655199 0.8760158760158787 0.8754481977731675 0.8711276332094207 0.8687760199833504 0.8661035507586456 0.8662919686436953 0.8633872101194696 0.8605455755156393
124 1.0 0.9447236180904524 0.9414414414414414 0.941860465116279 0.9435215946843853 0.9408450704225353 0.9436274509803922 0.9461206896551725 0.9480769230769233 0.9496527777777778 0.947867298578199 0.9494949494949494 0.946475195822454
253 1.0 0.9469879518072291 0.9056603773584907 0.9020408163265305 0.9063545150501673 0.9060773480662986 0.9140811455847258 0.9072580645161293 0.9027777777777782 0.9102167182662542 0.9019073569482288 0.8999999999999997 0.8898678414096909 0.8821178821178811 0.8748151798915712 0.8660674157303357 0.8706221672847126 0.870699432892249 0.8620450606585791 0.8552922590837293 0.8511764705882368 0.8601206801974781 0.85524296675192 0.8573473282442768 0.8570788530465971 0.8549754573850983 0.8515555555555578 0.8460258010819837 0.8400329828901285 0.8348517154487335 0.8316563467492292 0.8274129888769322 0.8242094525671579 0.8242143882596945 0.820330252991975 0.8126491646778087 0.8040665434380825 0.79943158749493 0.7949109414758323 0.7926665854549939 0.7921080200209578 0.7859464305726833 0.7868250539956863 0.7854764877236848 0.7814477848101329 0.7783018867924593 0.7767932887171335 0.7715141867216098
