0 1.0 0.9913594470046082 0.9833656778486276 0.9760447165291455 0.9699774831123341 0.9645975926362992 0.9601946041574523 0.9565846599131692 0.9538195112564941 0.9461593682699211 0.9393122049898855 0.9289884803534798 0.9240166865315855 0.9153379427120084 0.9038974906567011 0.8960009904667583 0.8988607300627768 0.891708597681033 0.8946498657302214 0.8917284432305892 0.894512815767558 0.8853370396108406 0.8882635325277269 0.8909263357571922 0.887950997236124 0.8787749893662263 0.8818576860401948
257 1.0 0.9944532488114105 0.9890582258694802 0.9788243884629426 0.9708994708994708 0.9667318982387475 0.9621342512908777 0.9586840091813312 0.9566689234935679 0.9553409776704886 0.9542732716385408 0.9498297796093886 0.94738725841088 0.9449508489722962 0.9425922624353711 0.9401709401709395 0.9374901341752165 0.9360448807854134 0.9389063482086737 0.9412300683371295 0.943331603528801 0.9451689671584956
130 1.0 0.9924050632911393 0.9849812265331666 0.9816057668406661 0.9783144406111384 0.9716550564496756 0.9654447816950735 0.9597102761430512 0.9543158357127169 0.9493940038273444 0.945283789301756 0.9420007785130403 0.9395231634037605 0.9371505687295162 0.9349415204678365 0.9281147399343359 0.9270884420467553 0.9218774123822762 0.9133972682359784 0.913559790113229 0.9099382959170284 0.9102419455935823 0.9105193714765512 0.9074839302112037 0.9046530238939072 0.8990384615384621 0.9004902472097638 0.8973413545507475 0.8889297535858772 0.8908385503923817 0.8925969845841099 0.8942221497840437 0.895973680087733 0.8975944498906567 0.8992596893598489 0.8983468677494199 0.8999790458895018 0.897866058247215 0.8917238699650302 0.8935051933425101 0.8854197878588119
131 1.0 0.9965635738831614 0.9892787524366471 0.9859154929577463 0.9826631350830722 0.9793269230769227 0.9762018086625411 0.9697110904007451 0.9637352674524022 0.9577907498877408 0.9526498696785399 0.9478334034497261 0.9450503355704694 0.9408068112710314 0.9368379756767357 0.9333080712391054 0.9308390022675733 0.9282883562936399 0.9253731343283579 0.9232647366585278 0.9213257448945428 0.9195365304151913 0.917469492614001 0.9164747428220481 0.9161186614058162 0.9119811189782037 0.9122041517916172 0.9124069165720058 0.9127500602554836 0.9113619985587318 0.9082864038616252 0.9054649625385631 0.9060416887101893 0.9065743944636676 0.9073404359300162 0.9081776359027317 0.908951314244422 0.9097861985051273 0.9107843956227545 0.9117079446767444 0.9125649174482593 0.9133622624569798 0.9141494435612078 0.9149322531079754 0.915749679335718 0.9128509086172079 0.9101491222550804 0.9111950298452912 0.9104949531801042 0.9098876536674311
128 1.0 0.9962335216572504 0.9924812030075187 0.9849701995335578 0.97845249755142 0.9728047937312745 0.9677840661732695 0.9641779029985913 0.9609682867329706 0.9582748948106593 0.9562377531025475 0.9499923768867208 0.9488132685158711 0.9477722439090056 0.9468463886063075 0.9462120302557332 0.9423317062095584 0.9420820325115729 0.9419460343417825 0.941823134546162 0.9417115277519954 0.9341491328462009 0.9320094244362164 0.9324683697316459 0.9329677967410607 0.9289791682111345 0.9216074713456905 0.92056583242655 0.9215660599711922 0.9206759568699154 0.9179499665226116 0.9171715983293127 0.9150263769924553
389 1.0 0.9849018621036739 0.9787542250120714 0.9720885466794995 0.9654676258992806 0.9588910133843213 0.9523582658408767 0.9454697986577182 0.9413704653719314 0.9365658038643823 0.935196950444727 0.9352338776639914 0.9364314953045992 0.9309610057532497 0.928298684768774 0.9256599788806759 0.9279924599434496 0.9220478943022298 0.9221653255303588 0.9263433813892533 0.9298578199052134 0.9297413793103448 0.9267883571780956 0.9218849116447664 0.9208672086720865 0.9171036204744066 0.9060433295324966 0.9108764519535367 0.9025242718446593 0.9055602460499329 0.9035792549306059 0.9028308245338121
6 1.0 0.9937472085752568 0.9878735383282806 0.9818652849740933 0.9758932414980629 0.9670245398773006 0.96186117467582 0.9578713968957872 0.9528197567268707 0.9477941176470589 0.9427942794279429 0.9378200438917338 0.9362854412233196 0.9324281654562678 0.9286384976525822 0.9330739299610894 0.9374592833876222 0.9319991392296104 0.9359733530717986 0.9349775784753362 0.9343569516833358 0.9342417802225279
260 1.0 0.9939888364104766 0.9818106655642828 0.971690895179801 0.9635599159074981 0.9571062740076823 0.9521028037383177 0.9479054779806658 0.9445407279029463 0.942259604455558 0.9399450200888138 0.9382982904303401 0.936869150302808 0.9357829670329673 0.935297885970532 0.9309934562760264 0.9275642797898814 0.9171597633136099 0.9110734189483892 0.8877459749552772 0.8486047480216569 0.8534899792674491 0.8299746930358971 0.8274054661175576 0.835455263851083 0.8091548739030735 0.8170795599131784 0.8140457798880287 0.795310561034548 0.8030868807567815 0.8102536683894709 0.8120036305876991 0.7967621156989912 0.8023531788112899 0.785439534665541 0.7912706634836271 0.7977099236641224 0.7899449601577271 0.7888428225442315 0.7883289560078802 0.7777953879071259 0.7812320971622827 0.7753580824320397 0.771713203311354 0.756203945411893 0.7454713493530546 0.7328652917946522 0.7383432963279303
136 1.0 0.9940903334740396 0.982532751091703 0.9767222396980182 0.9734287174246293 0.9652836579170195 0.9596323661921069
137 1.0 0.9836690255851932 0.9726900318616295 0.9533437013996889 0.9498663101604278 0.947475926466297 0.9460431654676258 0.9458483754512637 0.9460215913634548 0.9353912419239055 0.9263743455497385 0.92367554624364 0.9108228617754364 0.9000740192450046 0.89480827960638 0.8815091986280015 0.887672811059908 0.8750664540138222 0.8773608045131222 0.8705134029986364 0.8740025199496004 0.8664631819916054 0.8557023643949919 0.8563906175203441 0.8633392751039806
5 1.0 0.9963379544860057 0.9886246122026887 0.9850861403959885 0.9777158774373258 0.970675944333996 0.9638936325933154 0.9585468095016303 0.9541243934715484 0.9501466275659826 0.946549660949342 0.9440795646462754 0.9422115206519728 0.9401470073503677 0.9377731165880092 0.935405027932961 0.9338077114016218 0.9328439793846636 0.9281840832478384 0.9276068495057778 0.9270847143046537 0.9257797078562972 0.9184436962214745 0.9167704958883631 0.9151002116270386 0.9134328358208955 0.9141843971631205 0.9147208121827408 0.9152103559870545 0.9095975232198136 0.9075555555555548 0.9085227272727265 0.9096598639455775 0.9107593285204828 0.9077457220798536 0.9011092016872354 0.890358044867032 0.8798460661345482 0.8819969742813905 0.8745367919534129 0.8750319447993852 0.8772331087346218 0.8770063341737886 0.8721455756422438 0.8713665814658488 0.8705882352941161 0.8698105363188201 0.8690334837330785 0.8612610543241053 0.86399021352313
11 1.0 0.9921956295525494 0.9886568703274039 0.985207855138995 0.9782232120762187 0.9751885186086108 0.9718309859154927 0.9684848484848481 0.9652089876781825 0.9619552130989639 0.9587233021358283 0.9536909674461249 0.9507972665148056 0.9473796791443844 0.9445510769886962 0.9422195656505273 0.9403430275913492 0.9390137654643662 0.936882261140974 0.932437090658393 0.9318475452196376 0.9314840078823703 0.9314562002275308 0.9315690991713442 0.9300252760409734 0.930343272362816 0.9306262578430208 0.9290276792051096 0.9296010727455578 0.9302251823660003 0.9308340016038489 0.9295295295295292 0.9274453941120603 0.9255645889792227 0.9264427217915585 0.9239569892473113 0.9224958949096874 0.9236078431372541 0.9246246246246237 0.923398128149747 0.9243430152143834
140 1.0 0.9956222639149468 0.991358024691358 0.9870928088506453 0.9828273535725237 0.9757473209249858 0.9722376457523597 0.968595041322314 0.9648061589221886 0.9610318331503841 0.9572719802793754 0.9541420118343196 0.9452237808951237 0.944309927360775 0.9438635112823337 0.9439158738107165 0.9440879926672782 0.9443507588532888 0.9445745511319287 0.9449674149167274 0.9420745397395601 0.9428451795247568 0.9436012924703809
15 1.0 0.9878394811511958 0.9774605559729526 0.9689869055823569 0.9623470348289926 0.9575311438278594 0.9539288456616327 0.9447259327498849 0.9368021908573838 0.9359472049689443 0.9359886201991467 0.9316072300928191 0.9238351254480291 0.9256812551610244 0.9171998494542725 0.9129526462395549 0.9035989717223653 0.9041054839676357 0.8849945235487401 0.8723512892519779 0.8774627582892833 0.8802079409327198 0.87019435380905 0.8754853394028642 0.8593721088015778 0.8647778493238881 0.8563012718163295 0.8411783205786775 0.8285122948800093 0.8218627267626726 0.8270622933238021
16 1.0 0.989922741014444 0.9807197943444729 0.9731503579952266 0.9665924276169263 0.9613102914624708 0.9499045801526717 0.9472759226713532 0.9391110209052163 0.9324831207801952 0.932020219626983 0.9326059050064188 0.9334023975136898 0.9342195422776487 0.9275454429897044 0.9293202968547538 0.9216880574287581 0.9238887761315204 0.9153658077863457 0.9177646122557255 0.907715330894579 0.8953326097069307 0.8921734027726832 0.8956013363028946
145 1.0 0.9917332598511986 0.9841227838052394 0.9773527931555108 0.9715234931181775 0.9663224068253257 0.9621371476651243 0.958448753462604 0.9552989383497861 0.9526232672398669 0.9504868790229414 0.9488292758567223 0.9388557286359008 0.937879624516842 0.9369996062475395 0.9021620968716033 0.9032703823122988 0.8926712922810062 0.8943990061082928 0.8959778085991678 0.8803783382789313 0.8721590909090903 0.8525923415791247 0.8557339636482181 0.8534679257570813 0.8495769351300521 0.8417959921651335 0.8456409884774245 0.847747497219131 0.8515447371940604 0.8552030375185005 0.8587273065245665 0.860390191516018
401 1.0 0.9815611555009219 0.9691040164778578 0.9609035621198957 0.9472202674173117 0.9373508353221955 0.902791625124626 0.8915355168013612 0.8844460748349233 0.8623853211009181 0.8601305448248311 0.8483978408177341 0.831443764422595 0.8214444345740428 0.8128177476505926 0.8045735224265445 0.7909407665505214 0.7914953473274168 0.7908171542912754 0.800514086991582 0.7879752762689644 0.780149413020278 0.7734849800312568 0.767401369158326
19 1.0 0.9899732620320855 0.9811735174144963 0.9737379632331484 0.9672757022088899 0.9618999237998476 0.9575171111635592 0.9537139078686357 0.9505358615004124 0.9478965650328061 0.9458679177192352 0.934585709493459 0.9338790931989929 0.9331053961647099 0.921563231044448 0.9148057312508073 0.9055346978321431 0.9004234863225369 0.8771154468039237 0.8585331594261058 0.8557403325986771 0.8139447472279634 0.8204876306153421 0.8277318020604615 0.834426491761317 0.8404497796687421 0.8127860213562595 0.8038189903217349 0.7871695367450862 0.7825078297181276 0.7899883326851468 0.7678589730449916 0.7510671974675042 0.756052485677324
148 1.0 0.9961496149614961 0.9883320074250861 0.9811991869918699 0.9748244977003148 0.9694482444140448 0.964889745236566 0.9614390777181475 0.9585645578986313 0.9565142954973465 0.9547482472912685 0.9534193739801219 0.9524599226091766 0.9516233346268272 0.9508874300996839 0.9503205128205128 0.9498541013725277 0.946492392525273 0.946307423919364 0.9461403670570873 0.9410220511025548 0.9386697860962562 0.9366725155527194 0.9348489472078115 0.9354414664427075 0.9300494670103805
144 1.0 0.9942669942669943 0.9842124147829205 0.9768170426065161 0.9715613891167622 0.9609244698594233 0.9591750841750841 0.9579105599398723 0.9570001692906722 0.9566544566544568 0.9563707100180633 0.9562173857706507 0.9528147629058632 0.9533182747122728 0.9538170598188513 0.9490434142752022 0.9398136274258353 0.9389873822073147 0.9406443896239811 0.9401835119422843
22 1.0 0.9943729903536977 0.9827315541601256 0.972572275759822 0.9638637943015982 0.9563944028636511 0.9411764705882351 0.9366873940079138 0.9338196977592492 0.9241179313678104 0.9217930376728658 0.9185908117114969 0.9153992395437258 0.9122182680901537 0.913419913419913 0.9030662710187931 0.8952122854561878 0.8856209150326799 0.8613569321533927 0.8610139860139864 0.857577073382545 0.8566853482786234 0.8549526729769369 0.8532232285562071 0.8514970059880242 0.849773996277586 0.8566485417696493 0.8637976422112857 0.8676127938995979 0.8649476910070806 0.8490385535253037 0.8390153192242978 0.8425482752929521 0.8502665533493002 0.8572154102880355 0.8594070228173242
278 1.0 0.9877085162423178 0.963302752293578 0.9501347708894878 0.9426681367144432 0.9383624655013798 0.9252120277563607 0.9165571616294348 0.9180138568129329 0.9200814456604732 0.9222423146473779 0.9253343980834499 0.9025334271639694 0.9075071270193226 0.9090266986862556 0.903705570960424 0.903328050713154 0.9055199503824686 0.9072292599295171 0.9119220984296869 0.9144281807945954 0.9159877419837057 0.9022246635539682 0.9074121242995412 0.9018231164080479 0.8905838454784908 0.8846016616545199 0.8672346128075068 0.848828352524758 0.8353922799627405 0.8227963525835913 0.8169353992515178 0.8128726989888571 0.8175883729523395 0.8109337321815631 0.8054330160204379 0.806388825280519 0.7984791910822884 0.7920154703442729 0.7809264570067638 0.7745143600706463 0.7757625721352097 0.7795460363512322 0.7719550229809666 0.7752087600441233 0.7774822863438713 0.7793856355210453 0.7800289435600658 0.7742533540079634 0.7691972807340762 0.7691055337943569 0.7692211954323491 0.7697073596198465
153 1.0 0.9914893617021276 0.9831223628691984 0.9750000000000001 0.9670781893004117 0.9590163934426231 0.9516129032258066 0.9375000000000002 0.9299610894941637 0.922480620155039 0.9150579150579153 0.9090909090909094 0.9018867924528304 0.8981818181818185 0.8913043478260873 0.8844765342960291 0.8792775665399241 0.8620689655172415 0.8607432721059377 0.8612626656274358 0.8624376336421954 0.8654157230669687 0.8696287635194387 0.8660844250363902 0.8693333333333333 0.8734793187347931 0.8707334785766159 0.867735470941884 0.8537185003073146 0.8514891880864957 0.8492788949827343 0.8470873786407769 0.8446954417103673 0.8460967921379569 0.8531922157733017 0.8504643475523379 0.8584428715874625 0.8473282442748098 0.855371900826447 0.8541666666666672 0.8529695799130859 0.8573501506864609 0.8644419110788686 0.8657576339542924 0.8580807626585123 0.8570017066379232 0.8633299629255139 0.8614609571788413 0.867371911265493 0.8646649903860373 0.8699482589847571 0.8600492419333932 0.8638370951913635 0.849820808919733 0.8490178039937222 0.8483176457859998 0.8495188101487312 0.8512655135346429 0.8431318806815594 0.8396461393111754 0.8276465441819794 0.8177019441656473 0.8212163268211126 0.8255560103697669 0.8136454542474053 0.8047981203240011 0.7977732734056039 0.7921555291050326 0.7841618248332314 0.7900489226605654 0.7786565246958728 0.7827740928599357 0.7872712657808938 0.7911015395894485 0.7824865524075064 0.785095320623923 0.7742130263263894
29 1.0 0.996292372881356 0.9926121372031662 0.9889792705326685 0.9854128679343579 0.9819308208569955 0.9749624436654983 0.9686293436293438 0.9655419956927496 0.960082587749484 0.955642530984997 0.9520884520884522 0.9489262913522925 0.9463894967177243 0.9442724458204335 0.9426627793974733 0.9409309791332263 0.939094387755102 0.9369326325848064 0.9347756920139992 0.9326235499761637 0.932370028303292 0.9321463619795316 0.9320824524312896 0.9322793476907757 0.9324546952224053 0.9326118487113689 0.9329668005920912 0.9332864462975986 0.9337153772683857 0.9314990512333965 0.9302171233526121 0.9289368959636157 0.9296917252568956 0.92798353909465 0.9288867091711622 0.9273664479850043 0.928218932256617
416 1.0 0.9657924743443558 0.9555226093402519 0.9527310924369746 0.9456324755346138 0.9190064794816414 0.9072642967542506 0.887980085348507 0.8791766109785212 0.868404561975186 0.8815659611799549 0.8780723824269407 0.8661503493560064 0.8611130754543522 0.8529672276350747 0.8476988408125781 0.8340542666142341 0.8370153177291337 0.8474989646127651 0.8374594070262756 0.8362977324454195 0.8292663972645339 0.8263765197862637 0.82160455805359 0.8304213047766683 0.824653965152258 0.8242380828340741 0.8320739380437754 0.8187606862802932 0.8110240534765255 0.8054658452519918 0.8118486289588219 0.8087797994052758 0.8081757046067086 0.8030978996440965 0.8017598584664134 0.7964818320328778 0.7894472017016265 0.7891945035096192 0.7889419670407583 0.7778175793668616 0.7715225167181413 0.761079334584995 0.7605812025482216 0.7507517827992162 0.7570202182285046 0.7594884642710308 0.7519704753250195 0.7499537773176123 0.7491227422154985 0.7405778321257215 0.7401725616096095 0.7397677344077667 0.7440927481045869 0.7499244749018245 0.7490901578119359 0.7488955982838145 0.7526551312649234 0.7523184732369236 0.749356733843987 0.7497666758166419 0.7494065180102989 0.7490465084373789 0.7483786933571063
33 1.0 0.994535519125683 0.9854641559299637 0.9789892106757526 0.9745845552297169 0.9718900776169502 0.9700675305712725 0.9687046297789969 0.9679725478981988 0.9675150274971227
163 1.0 0.9958196476560167 0.9917086171157832 0.9876142730757889 0.9835535976505139 0.9794841735052755 0.9734888653234358 0.9686520376175548 0.9649660608714693 0.9620151939224312 0.9597585513078473 0.9578556979096429 0.9521013597033376 0.9431979551263848 0.9394497828090039 0.9400024488796379 0.9406866659062396 0.9395722530270457 0.938037087290819 0.9365043497909845 0.9344987363100256 0.9328475777865303
297 1.0 0.973142345568487 0.9637899818949909 0.9442379182156133 0.9463711119056131 0.9366252970689198 0.9231918071260937 0.9127011297500861 0.9183615010025785 0.9083353703251046 0.897512544037579 0.890521193973987 0.8812610017602812 0.8802079168332663 0.8713416815742391 0.8663651050080767 0.8728718703976429 0.8773950484391815 0.8728922197021992 0.8628747396069207 0.8584026413674944 0.8522689632328605 0.8458022245924145 0.8523661093794301 0.8478613205552842 0.8429304745608857 0.8380964696754205 0.8439558456402116 0.839339159583387 0.8271023913874798 0.8232296802269582 0.8222027476351315 0.8175979760138229 0.8160128024829112 0.8162616865156522 0.8093801839843219 0.8000085211537704 0.7954006023495687 0.7922686140657313 0.7861654249082933 0.7883424539170576 0.7887704678110918 0.7833980732045452 0.7843522290202769 0.7802538008827931 0.774651564154262 0.7744714173845024 0.7733483765826827 0.7725856697819392 0.7709533437607362 0.7665967685240217 0.7653694827125977 0.7608984877378141 0.7597678102602148 0.7547473102147502 0.7534682318174295
41 1.0 0.9923799847599696 0.9852107468572838 0.9789817842129848 0.9735508044963634 0.9686978297161939 0.964754258860388 0.9613757586904547 0.9585992754873214 0.9562540505508753 0.954177485871392 0.9481043678823704 0.946772212365225 0.9456802897051221 0.9446970627995578 0.9439055743835458 0.9432829181494663 0.942717725681553 0.9340791050739111 0.9343294946226323 0.9345573532085073 0.9348901814393608 0.9327465958153434 0.9331689076298827 0.9290563734838656 0.9296651769360388 0.9223450398768708
430 1.0 0.9645808736717828 0.9545109931766489 0.9527310924369746 0.9531981279251169 0.9473530272009358 0.9312557286892762 0.9383638401195371 0.9302217398046213 0.912338956036659 0.9011812812358023 0.8927432602183786 0.8851340103212915 0.877986781901372 0.8866401946970661 0.8874616346481755 0.8896495350975788 0.8816924932727115 0.8803838842783636 0.8740404597311184 0.8760137242670013 0.869437477606595 0.8666428571428596 0.8692978128597296 0.861278805582606 0.8571059431524579 0.8502087060226631 0.850297248721143 0.846785075037867 0.8476190476190516 0.8436921516419467 0.8382604323780839 0.8330482211478911 0.832441272673213 0.827291482463901 0.8272222973887209 0.818605580342284 0.8129619852164787 0.8150225582246123 0.8148080549978762 0.8137612448334605 0.806853582554523 0.8063704945515566 0.8058879846816718 0.8054060519076724 0.8063547938860643 0.7971152090560589 0.7975657502766257 0.7950772364624068 0.7922003214618119 0.7818727090969747 0.7815912117177168 0.7820221218258366 0.775559486272406 0.7752017833807436 0.7744873665617152 0.7724869220981271 0.7711300910566885 0.7707551164431975 0.770380300571517 0.7715578023147609 0.7714141306661069 0.7712705125136384 0.7703485283179337 0.7693828536549845 0.7688167766908005 0.766306427562918
47 1.0 0.9904731660844712 0.9829738933030646 0.977266986612781 0.972875226039783 0.9695059971538932 0.9672071415558391 0.965340815316059 0.963877182420229 0.9630339539978098 0.9589501181739024 0.9590397087268177 0.9561082662765179 0.9536187071214609 0.9542025862068964
50 1.0 0.9937722419928826 0.9842180774748924 0.9779630732578916 0.9744031503814917 0.9724166323589957 0.9710656316160906 0.9656599724053353 0.961585283376167 0.9619992738714755 0.9591836734693879 0.9570637119113574 0.958020446937483 0.9563260543423904 0.9526709319355583
178 1.0 0.9712092130518234 0.9451887941534712 0.9510603588907012 0.9492528897659993 0.9429416737109046 0.9313501144164763 0.9327677285096851 0.9302955982961151 0.9295224747221946 0.918473097849555 0.9160995779136875 0.9206503094936234 0.9243477120755208 0.9121504003713595 0.9075791327772896 0.9115981056736941 0.9143092105263171 0.9112238893792308 0.9047054562218072 0.9007308890486485 0.8991149384044996 0.8942956673198373 0.8900083963056286 0.885921946595042 0.8843275782785035 0.8835389825230661 0.8811626262443147 0.8779893786151647 0.8741553786124456 0.8699506801960913 0.8674348329520766 0.8672502647370302 0.8664596711594122 0.8662752956450588 0.8629330393751599 0.8601132282840661 0.8583061690412502 0.8545881586902887 0.8520707429790197 0.848519545002186 0.8468268625609933 0.8437369995443548 0.8401416225682299 0.8356379056047067 0.833155744983115 0.8295488561043249
52 1.0 0.9955696202531645 0.9911783238815375 0.9868255959849436 0.9789964994165694 0.97274913171253 0.9600788565795958 0.9495798319327732 0.9459349593495936 0.9434114793856103 0.9420885484774894 0.9411051446388361 0.9390495867768596 0.9367153912295786 0.9369255150554675 0.9331386861313868 0.9338305084745763 0.9345546430827545 0.9351862803075104 0.9359556786703599 0.9366336633663362 0.9377864456362746 0.9363138686131381 0.9325284699032446
56 1.0 0.9894142554693013 0.980191482337405 0.9724686448455184 0.9658022228555143 0.9603069595130985 0.9558715371414561 0.9522075557578515 0.9491955969517358 0.9468922108575926 0.9345930232558142 0.93383101459111 0.9330036688467064 0.920693200176238 0.920986969780982 0.9106680476437088 0.9049244271087284 0.8998157531091671 0.8796617519514314 0.8766100227297329 0.8610131936750929 0.821512890735668 0.811501876254471 0.783001808318262 0.7794936520899822 0.7627650146567566 0.7423381117152714 0.7260117586620208 0.7329911543081763 0.7415683408165364
187 1.0 0.9842696629213483 0.9513812154696134 0.9373650107991363 0.9239704329461459 0.9098532494758912 0.8856015779092705 0.86593204775023 0.848797250859107 0.8414164742109318 0.8018741633199467 0.8034960819770947 0.7992916174734357 0.7890535917901939 0.7540208136234625 0.7428686219365204 0.7346368715083795 0.7124502906087484 0.7433183381847045 0.7433547204399629 0.7332730560578657 0.7318059299191371 0.727818545697131 0.7643742953776772 0.7606869516520435 0.759115361625822 0.7562713373905302 0.788361104202935 0.8119030124908159 0.8107116654438741 0.832360075464918 0.8515721331689273 0.8619526347749814 0.8635161135161133 0.862732135344672 0.85895329734804 0.8601462990434295 0.861860745970552 0.8652071800033561 0.8646994718752629 0.8655436447166934 0.867423844077542 0.8669983532462087 0.866488055369504 0.8680316535757382 0.8703984264944337 0.8700518700518723 0.868627041088893
60 1.0 0.9922992299229924 0.9847743338771072 0.9775880469583779 0.9702286018075492 0.9573412698412699 0.9520613614573347 0.9455327281414239 0.9390476190476191 0.9328287606433303 0.9274080967892044 0.9214054553860381 0.9230177059276368 0.9189393939393941 0.9230310262529834 0.9248434237995824 0.9265079731915878 0.9228953579858381 0.919630156472262 0.9163261970910284 0.9184226369656837 0.912574353299212 0.9152802661888922 0.9137975006375928 0.9123252858958071 0.9120750293083236 0.9156756756756756 0.9130434782608696 0.9139486467730742 0.9171357386730644 0.9200137907257369 0.9190025795356835 0.9170418006430866 0.9197582168492631 0.9063620386643229 0.8980495867768589 0.89213905418102 0.8933998100664757 0.8917155903457263 0.8909306461173672 0.8901918976545832 0.8894543732986141 0.8852210951073244 0.8767000997741954 0.8812069137776003 0.8736971183323122 0.8637836877858204 0.8549679151113555 0.8376670133610717 0.8251473477406717 0.8242131481621291 0.8282075403430097 0.8274130018429552 0.8233108573001278 0.8162784611358327 0.8197813246198359
74 1.0 0.9887302779864763 0.9806264126574104 0.9749443207126948 0.970795814066683 0.967941867920496 0.9658054711246202 0.9646405118706856 0.9596774193548391 0.9599519423307973 0.9530177087097941 0.938650306748466 0.9318922120225047 0.9241603466955574 0.927251442428296 0.9230111206159103 0.92077054528507 0.9197267292912034 0.9006839555428886
203 1.0 0.9942124844977264 0.9885245901639345 0.9776061776061776 0.9684021543985637 0.9604026845637583 0.9540372670807452 0.9485549132947976 0.9437837837837837 0.9400503778337531 0.9372365339578455 0.9347921225382934 0.9328556806550667 0.9313518696069034 0.9304035874439465 0.9202668890742289 0.9204385277995306 0.9202372127501859 0.9202247191011241 0.9101827676240216 0.9011015911872713 0.8961849710982664 0.8982679237009433 0.8939804207456783 0.873003352395977 0.8561669128508117 0.8536000737531108 0.815069088380984 0.8186038799535718 0.8246224401043711 0.7973682318256973 0.7816906070033736 0.7600770063770879 0.7566198480313119 0.7403111134869269 0.7381307853090442 0.7275329135661108 0.7349131992284353 0.7199029745946629 0.7151191054934372 0.7011233405196883 0.700424235831613
76 1.0 0.9909208819714657 0.9780767314399599 0.9712844392704694 0.9694297472075248 0.9621421975992615 0.9579105599398725 0.956654456654457 0.9560495719943787 0.9559048242741761 0.958595687845831 0.9490117920611193 0.9457982572736668
78 1.0 0.9942457870941225 0.988875645609853 0.978494623655914 0.9733727810650887 0.9682773884175581 0.9632082413539367 0.9581651376146789 0.9521594684385382 0.9477513227513228 0.9369760046256143 0.9369117272958534 0.9371893357433349 0.9343377557904204 0.9315129811996418 0.9294843543411192 0.9265126512651262 0.9235500878734618 0.9280958721704391 0.9267068273092368 0.9299506061966771 0.9288025889967638 0.9245973645680823 0.9278074866310162 0.927481306975315 0.9302984510766905 0.9327966398319915 0.9277931370954624 0.9281709349901497
79 1.0 0.9916828389243137 0.9839657936932121 0.9768756423432681 0.9704214937145672 0.9652133580705008 0.9605868184804028 0.956984842277755 0.954215948111408 0.9518029275258838 0.9496813149949683 0.947924885592552 0.9420246766760818 0.9412340842311463 0.9405312541297743 0.9400149962509377 0.9395519734502789 0.939339474275444 0.9391480730223125 0.9390677363664062 0.9389948678222136 0.939013121419331 0.9390297782097728 0.934464795832633 0.9324052466403796 0.9328289067325507 0.9332938037355467 0.9317309059877682 0.9323400765445596 0.9309301407709508 0.9296221151407553 0.9250776633976969 0.9258910716386303 0.9218661533235193 0.922883395318311 0.9208192567567568
210 1.0 0.9915421482943332 0.9874448591788259 0.9824442943956785 0.977494121598925 0.9726621103517253 0.9679020516214428 0.963212350139596 0.9585914574502773 0.9540378702055351 0.9496714217021961 0.945388156850294 0.9411857210253187 0.9370618476398196 0.9330143540669861 0.9292035398230093 0.9209533866344853 0.9173627684964206 0.9138516005310524 0.9070572954250259 0.9041796986067678 0.9015935141179767 0.8990926587847134 0.8968821703333791 0.8949596507474542 0.8933195235629217 0.8917480035492467 0.8902408740998271 0.8891986907503948 0.8882046423495981 0.884185027108087 0.8837418484371493 0.8835121523976358 0.8832942180499258 0.8830871645516959 0.8834225679361556 0.8837391987431268 0.884204502098436 0.8818620178041545 0.8823529411764707 0.8829721905430301 0.8792094325218424 0.8800231042165194 0.8807936380432162 0.8816632796623416 0.8826212558917438 0.8813082729021753 0.8760069044879167 0.8708593038728196 0.8721168281697824 0.8733115975780152 0.8745703353006026 0.872335057398763 0.868498527968596 0.8682133460894516
83 1.0 0.9960707269155206 0.9921568627450981 0.9882583170254403 0.984375 0.9805068226120858 0.9735868991019545 0.9675891298927948 0.9630143319463709 0.9595830674324612 0.9565303299743135 0.9538916256157637 0.9515596330275231 0.9497865072587534 0.9483665338645421 0.9471247199402542 0.9461430575035066 0.9454904542462149 0.9449131513647646 0.9409836065573772 0.9409944751381217 0.9410966057441253 0.9383094414236283 0.9386203660253402 0.9389012952210807 0.9391563698338303 0.938074174889418 0.9369958393478814 0.9351237663808444 0.9334208696995441 0.9317895982836427 0.9324199616667848 0.9273072489319859 0.9263835598621315 0.9238724146523795 0.9232197400730667
340 1.0 0.9840595111583422 0.9776195320447609 0.9706031424227066 0.9636363636363637 0.9567186713638652 0.9498495486459378 0.9429574374725755 0.9372001744439598 0.9252199413489735 0.9283965728274173 0.9245971419884462 0.920845921450151 0.9185840707964601 0.9172264355362949 0.9227741330834117 0.9271828665568372 0.9253071253071256 0.9188160676532774 0.9219152854511975 0.9282714054927305 0.9333333333333336 0.9305236270753512 0.9327188940092165
88 1.0 0.9901703800786369 0.9817739975698663 0.9754567766566675 0.9628896585848591 0.9527771531369466 0.9503824684721939 0.9484929416253343 0.9474329770457337 0.9467913576265725 0.946957418594372 0.9475242195909584 0.9481929196990259 0.9491927289149827 0.9469137087540337 0.9451237123327236 0.9436594526918262 0.9448252800535026
89 1.0 0.9885013415101571 0.9712092130518232 0.9692780337941626 0.9680918953414166 0.9676898222940226 0.9675475197032914
92 1.0 0.9907805777504609 0.9833287024173379 0.9771805273833671 0.9724074499885031 0.9686454849498329 0.9660441426146011 0.9640472521828458 0.9576868829337097 0.956747404844291 0.9564701226751091 0.9563953488372096 0.9531302310010045 0.9474822366388631 0.9481566820276497 0.9488100583744947
225 1.0 0.9919401266551526 0.9764957264957265 0.9636720667648503 0.9572400388726919 0.9511025886864813 0.946034341782502 0.9422665716322166 0.9393556538218572 0.9370391378332388 0.9354011791848242 0.9288617886178862 0.9305088545169244 0.9207292905271505 0.9181818181818183 0.9207142857142859 0.91449159327462 0.91849710982659 0.9182389937106923 0.921695402298851 0.9249094302338351 0.9234900800175385 0.9236887143863889 0.9113796576032224 0.8978262708280466 0.8791801510248104 0.8703625335026086 0.8685247747747736 0.8559765276183172 0.861678004535146 0.8602630482651893 0.8522319704243221 0.8452913645013631 0.8509449545741634 0.8487633155031324 0.8539335588515924 0.8562123835435742 0.8494448326733457 0.8450263322653133 0.8470233080595359 0.8363048071843662
353 1.0 0.9906604402935291 0.9715025906735751 0.9601936525013448 0.952161913523459 0.946163117717959 0.9333104159504984 0.9314775160599571 0.914882081865004 0.9162813336578242 0.9174210642525943 0.9191029235082099 0.9109749504415212 0.9045595685569541 0.8947525788608168 0.8804436029212883 0.8626318432948279 0.8652498832321358 0.8391153512575895 0.8311740083715369 0.813316849169904 0.8069038023479929 0.8070649946725669 0.7871106816323482 0.7979473573971919 0.800432701763586 0.7933634060433773 0.8016085790884704 0.808106326889278 0.8032973869763577 0.802380835741929 0.7977109637569268 0.7934191208221792 0.7858656961164681 0.7720667085752352 0.758762603745117 0.7563028084698842 0.7554301463350659 0.746009802689461 0.7518234974983475 0.745887395736799 0.7534559007593302
355 1.0 0.9890023566378634 0.9784780937740201 0.9623621025308242 0.9525862068965517 0.9456471672040534 0.9313006561173292 0.9193493730938663 0.9026994956986056 0.9055658137694538 0.9078603657088576 0.910607356715141 0.8917270301181855 0.8865712808136532 0.8825929995291169 0.8688524590163943 0.8550876275176573 0.8583555663351939 0.8570218942784577 0.8339867816735755 0.8256626372407686 0.8217156812862529 0.8259737845124111 0.8244202960554464 0.8157750450379884 0.8155773106824068 0.815128462752978 0.8143102953828503 0.7985299908124417 0.7955985110690253 0.7878540622450155 0.7891648100853107 0.8008455152039919 0.8101205280275482 0.79954680146418 0.7865379244304367 0.7864564672160529 0.7758132154595964 0.7754030887739325 0.7701289835806443 0.7696839080459796 0.7692390562717734 0.7687944280893254 0.7672669984603843 0.7515380170626459 0.7511213809976929 0.7458760309922561 0.741945080772325 0.7484394506866464 0.7425189169237311 0.7369926517729504 0.7420693884289781
103 1.0 0.989388043862752 0.984663645869641 0.9798820672910162 0.9750865051903114 0.9674121405750797 0.9632678910702975 0.9588500563697857 0.9564679693297058 0.9548245614035089 0.9537254901960787 0.9530864197530866 0.9525641025641028 0.9524919848440692 0.95276635266021 0.9531667071099251 0.9535039678104396 0.95075967616724 0.9483976656086825 0.9470022508696545 0.9456088334526125 0.9439447022062307
108 1.0 0.9926326129666012 0.9855838539163865 0.9789078978204829 0.9726464554365172 0.9667184379853564 0.9612236105127103 0.9563137091741214 0.9518748746741532 0.948196469685342 0.9389680044386911 0.9311197456729077 0.9288376821416475 0.9267339628785418 0.9208320397392121 0.9195470798569734 0.9187107815173995 0.9177744278470613 0.9052257470053979 0.9014155712841265 0.8986364184867878 0.8993870706603457 0.9000777173309658 0.8978397360859857 0.8986901350798207 0.8996260578626262 0.8975040334060933 0.8851622311337953 0.8839764437022065 0.8807812632112964 0.8824201845349883 0.8839504223573065 0.8855136620363303 0.8872263580747402 0.878265821883676 0.8781579128519306 0.869625337459669 0.8649505452700982 0.8659894749724628 0.8664846902444805 0.8656870623349778 0.8617204420503132 0.864018994172242 0.8662961409395968 0.8656966983771681
109 1.0 0.9947368421052631 0.9895287958115183 0.984375 0.9792207792207792 0.9696113074204946 0.962214983713355 0.958345221112696 0.9559999999999998 0.9549234135667396 0.9542192046556741 0.9548387096774195 0.9512341062079284 0.9524064171122997 0.9500000000000001 0.9512301804264626
111 1.0 0.9933014354066986 0.9804878048780488 0.9712062256809338 0.964685908319185 0.96 0.9570905285190999 0.9552169898430286 0.9540229885057471 0.9419807834441981 0.9424941491140088 0.9430485762144054 0.9438030324106274 0.9375316135558929 0.9391617322651806 0.9343175010697474 0.9362249950485243 0.9297665011950723 0.9170922710248548 0.9201463453431952 0.9230826452428768 0.9218793438976919 0.9227053140096612 0.9162830663475103 0.9146537842190011 0.9178201161591485
112 1.0 0.9868823786620026 0.9765350019554164 0.9684984249212459 0.9619892302819131 0.9567972350230414 0.9526564965807469 0.9495434887073522 0.9472759226713533 0.9451999188146947 0.9438937722087154 0.9426286509040336 0.9094087730451373 0.9025398700531608 0.8983350523058797 0.8889954775935326 0.8813321424014302 0.8627887885540063 0.8567780615077174 0.8621697817688222 0.8241672364950672 0.7990780203531351 0.7802630542647859 0.7791328920948898 0.7851425361606503 0.7669641137574612 0.7555785249589572 0.7639844970208809 0.7478991596638632 0.7563699116840907 0.7499047256097547 0.741624205257699 0.7495891358878987 0.7388056767700604 0.7258752574286577 0.7142165508178613 0.7094772967265086 0.7148335144117122
125 1.0 0.9938488576449912 0.9877729257641922 0.9818260493292947 0.9696330662167861 0.958553433563592 0.9533949377259944 0.9446760136415309 0.9368949444245248 0.930264048747461 0.9243347226675216 0.9197344598672298 0.9158653846153846 0.9118440779610194 0.9112161807197268 0.9041425818882464 0.8929120035110819 0.8943288453692372 0.8904680689785865 0.886819230086926 0.8801054018445328 0.8737069631002014 0.8767800058122646 0.8724503671471315 0.876199002429979 0.8766794625719776 0.8504471500915849 0.83697176046465 0.8341713309932638 0.8140437544107257 0.8115349303063171 0.7985985355483805 0.8067358673736075 0.8014881370209164 0.7791146855803917 0.7683599075336351 0.7721848311747049 0.7801852554032803 0.768544791244425 0.7523484988027264 0.7441107315558325 0.7518616793631783 0.7457994358366395 0.7447295309691143 0.7500690090303264 0.7434334311733297 0.7429743049546693 0.7419912768837443 0.7254916215332083
119 1.0 0.9810810810810812 0.9628647214854112 0.9462915601023019 0.9369527145359019 0.9129861568885959 0.9055016181229772 0.9167848699763592 0.8998116760828624 0.8953662182361732 0.8816918071576455 0.8882410106899901 0.8692810457516343 0.8577870274020124 0.8561044355436888 0.8549314462627164 0.8511492156147402 0.8415094339622645 0.8315895372233402 0.8278988666085436 0.8272055627987828 0.8268315889628922 0.8258315334773215 0.8247280262476254 0.8236258521011302 0.8225250086236632 0.8206339661541103 0.8331191897815733 0.8314488165234432 0.8465343225720203 0.8440399295361123 0.8561059602649004 0.8499521531100486 0.8568476588261166 0.8476889848812109 0.8471766534277341 0.8547587184129748 0.8517133508324063 0.849290082615073 0.8443587089489062 0.845187189109 0.849457098538659 0.8488265772630326 0.8412490650710581 0.8400709550928986 0.839908418457207 0.8418358854860224 0.8341392744572176 0.8311432204795562 0.8283284242815111 0.8248706711918068 0.8220900195694766 0.8209116894839827 0.8190626343700782 0.8168948521358212 0.814527623406345 0.8076297780634433 0.8034852739972616 0.8006463410426521 0.797668554238182 0.7949052766777193 0.7919059648399146 0.7878320072833679 0.7853937636939322 0.7852741954000872 0.7847619411978375 0.7846568739958564 0.7845374133396961 0.7843129756395916 0.7811640992528232
249 1.0 0.9674620390455532 0.9774605559729527 0.9678938356164384 0.9607329842931939 0.9595757454472682 0.9596932114882505 0.9581258951101409 0.9550058892815078 0.951062726801452 0.9483218390804605 0.9441784325762237 0.9388617408237512 0.9361009497600444 0.9306202500612913 0.9247040341132265 0.9196812089220124 0.9143116721656412 0.90960676514098 0.9067567288426214 0.9044208256315496 0.9002181713276028 0.8961922491115282 0.8959676464118348 0.8917891980778171 0.891362279987876 0.8870230855344808 0.8830653223272702 0.879714274140189 0.8757227661706863 0.8723746210322495 0.8688593129398594 0.8651520540636601 0.8624771539082673 0.862338628273912 0.8580604315371244 0.8546634130087406 0.8509431473420269
122 1.0 0.9939103958242714 0.9878945092952875 0.976594027441485 0.9674435812060671 0.9599048589874276 0.9556749496306244 0.9503524364082131 0.9458850056369784 0.9385989394362264 0.9361104012266801 0.9279572391354869 0.9250693802035151 0.9130069342298803 0.9147629103474757 0.9111737751145579 0.8988490841303296 0.8968138444120981 0.9010810010365767 0.8939149165320416 0.8883560801672208 0.8878399640368628 0.8822926279093615 0.8889517345399701 0.8766609880749573 0.8610833653476752 0.8571325907294279 0.8445033112582772 0.8436486397034477 0.8443811175814633 0.8437171317205954
379 1.0 0.977645305514158 0.9686192468619246 0.9426824608330148 0.917607567897467 0.925224327018943 0.9210845811412384 0.9114081442337585 0.9093308492470116 0.9186579773111274 0.9114855704048033 0.9024194196607984 0.8963104325699739 0.9061658589122233 0.9027164458718044 0.9053466952441637 0.9077689648159448 0.9025770233832833 0.9014677527249845 0.8955453149001552 0.8900189060564595 0.8867220416516216 0.8860249939918314 0.8844763335001974 0.8798952906720607 0.8737286509307268 0.8718174232686141 0.8685818552151442 0.8662730391765777 0.8658776374499019 0.8627762221548491 0.8583263175618835
124 1.0 0.9884035562427522 0.976939856653163 0.9722592691384369 0.969503868912153 0.9679248973205555 0.9621813270302214 0.9621911283119978 0.9624239216724003 0.9626101452726843 0.9595806765373394 0.9602088052792279
253 1.0 0.9760383386581469 0.9709020368574199 0.9600931160625207 0.9611600207146556 0.9461829778752245 0.9372687791539334 0.9422044860327514 0.9333878695804606 0.9240660119469473 0.911583459855318 0.904366543665436 0.9033422973492118 0.8939625260235939 0.8829974811083112 0.8862891635527442 0.8850236468733576 0.8839359179129763 0.8748736874478285 0.8700895229530325 0.8607165974945763 0.8687918030453984 0.8634671629885694 0.8627988047808793 0.8562588966679288 0.8563340410474203 0.8494673222700304 0.8517674993337087 0.8450291078117286 0.8434751310372796 0.838996229469787 0.8343654193653227 0.826713124274105 0.8208724461623467 0.8134107708553384 0.812108980827453 0.8074747346342145 0.8026471958053578 0.7984878744650565 0.7949541610404446 0.794775589096394 0.792118045229909 0.787540365984937 0.781414924176639 0.7784185256220545 0.7766163472042953 0.772454806074824 0.7713414980838993 0.7701984291933738 0.768936746461644 0.7639404621193848 0.7624676301060846
