0 1.0 0.9918864097363083 0.9846743295019157 0.9783001808318263 0.9731543624161073 0.9687010954616587 0.9651162790697672 0.9622132253711198 0.9599999999999997 0.9535423925667825 0.9478260869565214 0.9390862944162433 0.9349904397705541 0.9277326106594396 0.9180887372013647 0.9111816019032509 0.9135618479880773 0.9073684210526317 0.9098143236074272 0.9072100313479627 0.90952380952381 0.9117147707979631 0.9137001078748657 0.9060745278203174 0.9021090330282543 0.9000762776506498 0.9021699154100786 0.9026988636363651 0.9018867924528318
257 1.0 0.9566265060240964 0.9235668789808917 0.9209486166007905 0.9207207207207206 0.9228295819935691 0.9247467438494934 0.9074074074074073 0.9113772455089819 0.915032679738562 0.918081918081918 0.9315155358275207 0.9034564958283672 0.903064066852368 0.9030239833159547 0.9048553212359005 0.9064814814814821 0.9080962800875281 0.9096185737976791
130 1.0 0.9710144927536232 0.946824224519941 0.9421965317919075 0.9379407616361072 0.9206730769230769 0.9183197199533255 0.916289592760181 0.9145673603504928 0.9129511677282377 0.9116135662898252 0.9108910891089108 0.9107312440645773 0.9110707803992739 0.908225108225108 0.9116022099447513 0.9017496635262449 0.9026606099935106 0.8987500000000002 0.899939722724533 0.8921453692848771 0.8913412563667236 0.8926615553121581 0.8938992042440322 0.8912820512820517 0.8886126305320742 0.8863198458574189 0.8881118881118889 0.8833034111310603 0.8790496760259192 0.8810720268006713 0.8829744006501434 0.8847671665351236 0.8866334737648423 0.8883928571428583 0.8775510204081645
131 1.0 0.972809667673716 0.9479015918958033 0.9277108433734941 0.9113300492610839 0.9081015719467956 0.9058823529411765 0.9042189281641961 0.8862876254180602 0.8857758620689655 0.8852971845672576 0.857421875 0.858088930936613 0.8587155963302752 0.8595555555555555 0.8605851979345954 0.8488664987405541 0.8508914100486221 0.8527799530148784 0.8545454545454543 0.8443291326908818 0.8469241773962801 0.849965588437715 0.8505291005291006 0.8535964353914705 0.8564417177914112 0.8592548787699589 0.8716049382716052 0.8789674143038514 0.878712871287129 0.8784708249496985 0.8798114689709352 0.8810893747602613 0.8849407783417941 0.8860927152317886 0.8872691933916429 0.8883956880152194 0.8930693069306936 0.8940066592674811 0.8939352733206424
128 1.0 0.9681978798586572 0.938566552901024 0.934959349593496 0.9329268292682927 0.9315263908701854 0.9302949061662198 0.9294566253574833 0.9296028880866426 0.9298545765611633 0.9300813008130081 0.9276366435719784 0.9282576866764275 0.9289198606271778 0.9295212765957448 0.9300699300699303 0.9307411907654923 0.9291109819872172 0.9298440979955461 0.9246684350132633 0.9255861365953116 0.9264345267287893 0.9272211720226851 0.9262630860264005 0.9271290605794565 0.9263024142312589 0.9238952536824888 0.9233504543658644 0.9228418640183358 0.9223659889094282 0.917915774446825 0.9176185531325732 0.91739422431162
389 1.0 0.9534883720930232 0.9468599033816424 0.9438444924406046 0.9423076923076922 0.911111111111111 0.8821428571428569 0.8551724137931032 0.8299999999999997 0.8406015037593982 0.8509485094850946 0.8611449451887939 0.8650442477876104 0.872855701311806 0.8588235294117644 0.8620689655172411 0.8683788121990366 0.8582554517133953 0.8487140695915276 0.8582348853370394 0.8664955070603336 0.8715050565139798 0.8737541528239205 0.8740320082601967 0.8746383799421416 0.8694680375502917 0.8760469011725304 0.8721247563352841 0.8728999269539824 0.8690050107372956 0.8738191632928489
6 1.0 0.9522546419098143 0.9246861924686193 0.9240986717267552 0.8939670932358318 0.8659611992945325 0.8734177215189872 0.8517397881996973 0.8946444249341527 0.890302066772655 0.8666666666666667 0.8579881656804735 0.8649207443142664 0.8812469074715491 0.885553470919325 0.8997837058399427 0.8830574145826002 0.8850963163230828 0.8845654993514924 0.8852510134081706 0.8873576992210914
260 1.0 0.9537275064267352 0.9466019417475728 0.9420935412026725 0.9390243902439024 0.9369202226345082 0.935593220338983 0.9346811819595645 0.9337175792507203 0.9335989375830012 0.933168316831683 0.9332566168009204 0.9051651143099066 0.9038461538461535 0.9051262433052789 0.906295754026354 0.9114521841794567 0.9084228377614472 0.905844155844156 0.8995339202485765 0.8953140578265213 0.8778753659556686 0.8652766639935865 0.8513139695712333 0.8321631561350749 0.8184775536759956 0.821870047543585 0.8181261481935124 0.8020319303338214 0.7892699115044295 0.7941413598495074 0.793121417404903 0.7934864933097749 0.7982326951399162 0.7890978338490884 0.7937427578215575 0.782859680284197 0.7867647058823579 0.7746537109778843 0.7677290836653443 0.7621892464829505 0.7638002253098067 0.7598834031699823 0.7645172782329948 0.7525174944529844
136 1.0 0.9491525423728814 0.9428571428571428 0.9462809917355371 0.9494097807757166 0.9466292134831459 0.9447779111644656
137 1.0 0.9854545454545455 0.9760479041916169 0.959493670886076 0.9504563233376792 0.949640287769784 0.9446290143964561 0.9446721311475408 0.9452313503305003 0.9458987783595112 0.9399837793998377 0.9346504559270518 0.9330007127583752 0.9244031830238733 0.9129368485591672 0.9068965517241393 0.8954177897574142 0.8995943204868171 0.8885183420676533 0.8899821109123456 0.8830458561211635 0.8854660347551366 0.8778793418647193 0.8677966101694945 0.8722592945662565 0.87098692033294 0.8720312936574492 0.8738786279683407 0.8756554307116134 0.8789748457522573
5 1.0 0.9680851063829787 0.9401993355481728 0.9353796445880452 0.9310344827586208 0.9271623672230652 0.9235294117647058 0.9218967921896791 0.9210526315789473 0.9202988792029887 0.9196217494089833 0.9199110122358174 0.9201680672268906 0.9203980099502486 0.9210526315789472 0.9216384683882456 0.9221658206429778 0.9199359487590069 0.9148936170212763 0.9160028964518463 0.9170124481327799 0.9180436219431592 0.9165613147914033 0.9126743480897517 0.913853317811409 0.9151312116136241 0.9101479915433407 0.9039919151086414 0.89835430784124 0.893172317696239 0.8836589698046197 0.8858858858858873 0.882352941176472 0.8802395209580854 0.8727969348659024 0.8751393534002249 0.8773891092679427 0.8781512605042036 0.874872492349543
11 1.0 0.9715189873417722 0.9483500717360115 0.9438202247191012 0.9286592865928659 0.9261904761904762 0.9247434435575826 0.9072847682119205 0.8909090909090909 0.8755186721991701 0.8775913129318853 0.8625363020329136 0.8480531813865145 0.8519855595667868 0.8557939914163089 0.8465346534653464 0.8507462686567163 0.8547904191616766 0.8586723768736615 0.8756359525155454 0.8781284004352556 0.8805657412257727 0.8883600173085248 0.8901006711409399 0.8917378917378921 0.8857602574416739 0.8807737860244773 0.8812260536398472 0.881740423949424 0.8710382513661207 0.8719943422913725 0.8728959120577127
140 1.0 0.9654510556621881 0.938566552901024 0.9121951219512194 0.9126506024096386 0.9187817258883249 0.92 0.9177837354781054 0.919463087248322 0.9247378161628625 0.9160671462829737 0.9174785100286534 0.9168490153172868 0.9110413396127683 0.9139240506329117 0.9136456211812632 0.9150275373721485 0.9163179916317997 0.9176470588235301 0.9176428824991133
15 1.0 0.9888579387186629 0.9797979797979798 0.9726651480637812 0.9672131147540982 0.9633027522935779 0.9603960396039602 0.9525925925925924 0.9459459459459457 0.9453416149068321 0.9433476394849784 0.9438652766639934 0.9384384384384384 0.9366197183098594 0.9376244193762444 0.9364089775561101 0.928613224107666 0.9218061674008821 0.9217527386541482 0.9124877089478873 0.8977429755872889 0.900877192982458 0.9026217228464438 0.8946117274168007 0.8965256797583103 0.8983783783783805 0.8856562922868767 0.8784956605593084 0.8666260657734501 0.8542581211589149 0.848349188584223 0.852031207963415
16 1.0 0.990632318501171 0.9824561403508771 0.9759519038076152 0.9704797047970479 0.9661590524534686 0.9565217391304346 0.9544807965860596 0.9476439790575915 0.9420989143546439 0.9418344519015658 0.9423274974253345 0.9429657794676803 0.9436123348017619 0.9378068739770866 0.9306706857573476 0.9326788218793832 0.9345121152586775 0.9361571516267653 0.9374149659863951 0.9304123711340214 0.9209775967413454 0.9212168486739483 0.9184436962214753 0.9117647058823545
145 1.0 0.9690189328743546 0.9635761589403974 0.9590551181102362 0.9553571428571428 0.9524475524475524 0.9498680738786279 0.9480840543881334 0.9465116279069766 0.945235487404162 0.9442148760330578 0.9435248296007789 0.9431192660550457 0.9360414866032842 0.9359605911330047 0.9358874120406565 0.90856313497823 0.9099099099099109 0.9113756613756624 0.9127134724857695 0.9050480769230783 0.8999424956871781 0.9017660044150126 0.8993110757816657 0.8931841302136336 0.8791686805219937 0.8633828996282557 0.8665472458575936 0.8682170542635688 0.8713158987131617 0.874299439551644 0.8771726535341857
401 1.0 0.9838056680161944 0.9733333333333335 0.966573816155989 0.9547511312217195 0.9295261239368164 0.9223946784922393 0.9020979020979019 0.8931159420289853 0.8864197530864193 0.8703427719821156 0.8590308370044046 0.8468526930564572 0.8432748538011704 0.8341307814992039 0.827519379844963 0.8153573013759456 0.8075380914194096 0.7999269806498757 0.8088737201365223 0.7976455615653872 0.7911694510739898 0.7858508604206547
19 1.0 0.9906759906759907 0.9828326180257511 0.9764243614931237 0.9710144927536231 0.9666110183639398 0.9630769230769229 0.9600570613409414 0.9576719576719576 0.9555006180469714 0.9539170506912441 0.9443850267379676 0.9438877755511019 0.9433427762039658 0.9140239605355891 0.9054593874833564 0.8998097653772998 0.8925120772946874 0.8879260543038723 0.8745910577971668 0.857068335941578 0.8611388611388638 0.8315088053307985 0.8371246587807132 0.8424031345232946 0.8472454090150283 0.8390804597701186 0.817172464840863 0.8029933867037987 0.8053511705685665 0.8007094485649839 0.78541033434651 0.7896278933489651 0.7945089159354708
148 1.0 0.9661016949152543 0.9607142857142857 0.9561551433389545 0.9523809523809523 0.9496296296296296 0.9475138121546961 0.9463601532567049 0.9454976303317535 0.945235487404162 0.9450101832993889 0.9450236966824643 0.9452296819787984 0.9454094292803968 0.9455676516329704 0.9457875457875459 0.9433701657458564 0.9437540876389798 0.9440993788819877 0.939964685108888 0.9382716049382721 0.9368646334938475 0.9355828220858903 0.9363992172211357 0.9371776840131277
144 1.0 0.9545454545454546 0.9514348785871964 0.9498069498069498 0.949238578680203 0.9436201780415429 0.9446640316205532 0.945626477541371 0.9465240641711229 0.947674418604651 0.9486271036315321 0.9495114006514657 0.9474868717179294 0.9486823855755895 0.9497746297488733 0.9462365591397852 0.9387186629526468 0.9384133611691029 0.9288389513108621 0.9310039805395851 0.9314381270903018
22 1.0 0.9533678756476685 0.945679012345679 0.9403669724770641 0.9363057324840763 0.9330708661417322 0.9234972677595626 0.9222972972972971 0.9222395023328147 0.9164265129682995 0.9183135704874833 0.9106280193236712 0.9047619047619044 0.8971774193548383 0.8883720930232554 0.8705281090289603 0.8701504354710999 0.875555555555555 0.8811333794056665 0.8840206185567008 0.8702064896755167 0.8687982359426686 0.8606091894682507 0.8629737609329455 0.8687471317117953 0.8740225890529983 0.8755665430572733 0.8803752931978118
278 1.0 0.9052631578947368 0.8947368421052632 0.8992248062015504 0.904153354632588 0.9086021505376345 0.9043280182232346 0.9019607843137254 0.9064124783362217 0.9107692307692307 0.9147180192572213 0.9191176470588234 0.90185387131952 0.9071146245059287 0.9093333333333332 0.9055999999999997 0.908230152949745 0.9082446808510639 0.9101538461538464 0.9145785876993169 0.9170603674540686 0.9187071498530857 0.9068294889190421 0.9115417017691668 0.9067032536260302 0.8967789165446576 0.8812221077926558 0.8758842443729927 0.8592570220477226 0.8496115427303029 0.837700330704659 0.8417508417508456 0.8376202191903417 0.8322005097706074 0.8267934998018276 0.8196938196938243 0.8093006488824851 0.803284239038434 0.7967585089141036 0.79741714641357 0.7897098414597672 0.7929053568863995 0.7954733646149593 0.7974447697631077 0.7986439810669037 0.7930107526881688 0.7934949733885237
153 1.0 0.9440993788819876 0.8974358974358974 0.8611825192802056 0.8313817330210772 0.8235294117647057 0.7962264150943394 0.8003169572107763 0.7610619469026546 0.7665260196905763 0.7601043024771835 0.7661691542288555 0.7727810650887571 0.7572254335260112 0.7423728813559318 0.7281767955801102 0.7362869198312233 0.7452357071213638 0.7099811676082859 0.6987060998151567 0.6878402903811248 0.6987012987012983 0.7090909090909087 0.7194641449960595 0.7259036144578309 0.726815240833932 0.7677642980935873 0.7722222222222221 0.778964228510411 0.7815384615384617 0.7756442647801922 0.7709469509172039 0.7664233576642338 0.7620640229335882 0.75579744439186 0.7618181818181821 0.7711651299245601 0.7783151954856916 0.7776917118512786 0.7815877748788677 0.7787545787545793 0.7853865160607135 0.8051071323745237 0.8041002277904337 0.8068965517241389 0.8103910016068567 0.8139776565341655 0.8175862937767708 0.8182706399609194 0.8155856727976777 0.8133524766690606 0.8160705991639584 0.8110095832404739 0.8075601374570464 0.8078128264048482 0.8039136574541073 0.8052610914801748 0.7998104265402866 0.7955056179775304 0.7966842776462038 0.7945640663607507 0.7957782735541469 0.7913072329130748 0.7882730923694794 0.7863767188999056 0.7889494163424137
29 1.0 0.9694915254237289 0.9418416801292407 0.9178082191780823 0.8977272727272728 0.8815789473684211 0.8805590851334181 0.880195599022005 0.8804220398593201 0.8679867986798679 0.8697478991596639 0.8721278721278721 0.8742857142857141 0.8766999093381684 0.8791018998272883 0.8904665314401623 0.8920676202860859 0.8981972428419939 0.8996415770609322 0.9009900990099013 0.9023456199138348 0.9037927844588348 0.9051454138702465 0.9064124783362223 0.9013906447534771 0.9028571428571434 0.9042342698852399 0.9003831417624525
416 1.0 0.9727891156462585 0.9409448818897638 0.935593220338983 0.9318518518518517 0.9274999999999998 0.9124866595517607 0.9035916824196594 0.8897119341563782 0.8817518248175183 0.8723404255319157 0.8821470245040849 0.8781134075251734 0.8678707224334617 0.8605049208386842 0.8556942277691133 0.8503663709988456 0.8451563691838317 0.840601503759401 0.8432708688245342 0.8527760449157854 0.8448721631715054 0.8382978723404287 0.8293640408270121 0.8264642082429539 0.8344459279038754 0.829243142916069 0.8359524722115791 0.8381853902482623 0.8360014229811492 0.8319476384220807 0.8204237582493964 0.818358426420595 0.8125600768984317 0.8072709953960955 0.80334595959596 0.8069839398850738 0.8074704751441892 0.8029704319389538 0.7991349013246793 0.7894037976364316 0.7876223221369961 0.7788774580023382 0.7720702116675204 0.7639719923615453 0.7624239350912698 0.7619830529910125 0.7543728135931943 0.7577530719719037 0.7616432337433992 0.766057869895331 0.7670124678785456 0.7647058823529294
33 1.0 0.9563106796116505 0.9546391752577319 0.9537366548042704 0.9537750385208011 0.9546666666666664 0.9556592765460907 0.9567456230690008 0.9577205882352937 0.9586435070306034 0.9412176347095872 0.9410256410256412
163 1.0 0.9657142857142857 0.9370629370629371 0.9101497504159735 0.8857142857142857 0.8896952104499273 0.8933333333333332 0.9071038251366119 0.9090128755364806 0.9108589951377634 0.9127773527161439 0.9144927536231886 0.902857142857143 0.9028995279838169 0.9006369426751598 0.9009063444108768 0.9035591274397251 0.9061647572285877 0.9067357512953376
297 1.0 0.948955916473318 0.9475806451612904 0.9412780656303972 0.9298780487804876 0.9335989375830012 0.9263392857142855 0.9162609542356375 0.9006685768863416 0.8943894389438939 0.898181818181818 0.8913324708926265 0.8833819241982516 0.8780231335436395 0.8710289236605042 0.8672413793103467 0.8735677597787455 0.8780841799709743 0.8696375124709035 0.8664215686274535 0.8621082621082649 0.8558274138384667 0.8525657723365492 0.8585318424890649 0.8542089821710708 0.8496842105263193 0.8463324946777664 0.8465166908563173 0.8411936203052671 0.8383543893747983 0.8333588136370579 0.8288907996560597 0.8298162014976145 0.8315379623620991 0.8262922465208702 0.8183605751505414 0.8174967620393203 0.8141551441293583 0.8066163668020818 0.8061878453038592 0.805403030968584 0.8042692939244581 0.8005390835579422 0.7987045341305332 0.7926144756277591 0.7891290111329291 0.7862865660517863 0.7799662851565838 0.7780803267528797 0.7769419460343278 0.7753162070861668 0.7713511070944268 0.7672640023993246
41 1.0 0.9927927927927928 0.986254295532646 0.9807383627608346 0.9760479041916167 0.9719495091164094 0.9686684073107049 0.9658952496954932 0.9636363636363635 0.9617428267800211 0.9600798403193611 0.9549295774647886 0.953900709219858 0.9530595138306788 0.9523052464228933 0.951698113207547 0.9512195121951219 0.950786056049214 0.9432989690721653 0.9435236341313693 0.9437280187573275 0.9418019026301069 0.9421841541755894 0.9384930804715538 0.9390363815142584 0.9324260910370727
430 1.0 0.972027972027972 0.9644444444444444 0.9617834394904458 0.9612590799031476 0.962719298245614 0.9594985535197685 0.9505962521294717 0.95292331055429 0.9470827679782906 0.9349294045426649 0.9259668508287304 0.918105574740998 0.9088495575221257 0.9001996007984053 0.9036929761042743 0.9018768521567361 0.9015700483091812 0.8935043211597461 0.8867046042421135 0.8882225953466087 0.879028697571747 0.8738996929375672 0.8726648875333619 0.8746885012459972 0.8731529138303181 0.8705124271248846 0.8651070940300765 0.8629828023681964 0.8619611928636509 0.8603406326034022 0.8583666476299209 0.8557010951256115 0.8531835205992448 0.849416755037109
47 1.0 0.9912663755458515 0.9664516129032256 0.9641148325358849 0.9522998296422486 0.9517296862429604 0.9513677811550152 0.9511844938980618 0.948648648648649 0.9489470325462671 0.9492753623188409 0.9498575498575503 0.9484978540772537 0.9493670886075954 0.9483253588516752 0.9473922902494338
50 1.0 0.9491525423728814 0.9496503496503497 0.949874686716792 0.9502824858757062 0.9515151515151514 0.9530261969286358 0.9462550028587768 0.9475374732334051 0.9468138484696441 0.94433962264151 0.9439252336448604 0.9436501261564346 0.9419483101391658 0.9390060240963864 0.9362692445399222 0.9378839590443696
178 1.0 0.9476190476190477 0.9466119096509241 0.9411764705882353 0.9397417503586799 0.9367681498829038 0.9315738025415441 0.9298531810766717 0.9290187891440501 0.9192771084337354 0.9236002093144957 0.9149130832570916 0.9173147769136321 0.913328477785872 0.9168576104746334 0.914824447334202 0.917484131563764 0.9146845915201673 0.9094461043438311 0.9055415617128487 0.9006711409395999 0.8983110485573551 0.893785310734463 0.8912522468544025 0.8883916083916061 0.8862596417832366 0.8846390357889521 0.8827490132342654 0.8800307051211704 0.8754920240314835 0.8741258741258677 0.8711426968393421 0.8680085500534301
52 1.0 0.9656488549618321 0.9346405228758171 0.9328244274809162 0.909356725146199 0.8877980364656383 0.8903394255874675 0.8876678876678877 0.8858447488584474 0.8894792773645058 0.8928571428571428 0.9057971014492754 0.8962859145059566 0.8989361702127661 0.8991808443604288 0.9016786570743408 0.904054825813821 0.9062159214830975 0.9128182995252486 0.9143094841930122 0.9156965074267368 0.9104829210836284 0.9123204837490556 0.9113049800072708
56 1.0 0.9646365422396856 0.9592592592592593 0.9549393414211438 0.9516129032258063 0.9487179487179487 0.9464788732394365 0.9448094612352167 0.943627450980392 0.9424626006904486 0.9418103448275861 0.9336683417085425 0.933837429111531 0.9338695263628237 0.9107505070993921 0.9026888604353401 0.904118008604795 0.8989424206815522 0.8921953958450323 0.8879310344827602 0.8741619391438906 0.8628795298726764 0.8355908453993495 0.8271604938271642 0.8054760931753212 0.801407349491795 0.7874679369732553 0.7924263674614355 0.7952172448635952 0.7808739708676431
187 1.0 0.9005524861878453 0.8356164383561644 0.7898832684824902 0.7851851851851852 0.7854671280276818 0.7411003236245955 0.7454545454545455 0.7492877492877494 0.7578947368421055 0.750599520383693 0.7599999999999999 0.75098814229249 0.741592920353982 0.7412140575079867 0.7409024745269281 0.7313829787234036 0.7521058965102282 0.7543478260869559 0.8093774019984624 0.822784810126582 0.8378378378378379 0.8329875518672205 0.8325629173086807 0.8395872420262672 0.8327137546468409 0.8390512494705643 0.848297213622292 0.8577965505103847 0.8631375080697236 0.8601219120949644 0.8633431085044002 0.8648575305291739 0.8665012406947908 0.8636252146185939 0.8567626421485622
60 1.0 0.9465875370919881 0.9039999999999999 0.8747099767981438 0.8605504587155963 0.8526315789473684 0.8485639686684073 0.8295165394402035 0.8306748466257667 0.815165876777251 0.7986111111111109 0.7828054298642532 0.7765957446808509 0.7879088206144695 0.8323863636363635 0.8363514419852448 0.8276315789473684 0.8332288401253919 0.8361244019138758 0.8387650085763296 0.8408376963350789 0.8453038674033153 0.8461538461538467 0.8487782388197331 0.8451208594449424 0.8527245949926371 0.8536412078152761 0.8562628336755654 0.8496922578555243 0.8501872659176042 0.8527903469079953 0.8553092182030351 0.8499019882385902 0.8524945770065092 0.8518518518518535 0.8489880643487303 0.8461932837733932 0.8439363817097435 0.8407628128724693 0.8354137771613523 0.8298249501440309 0.8248611704399857 0.8215397385349688 0.8137684042976554 0.8081718779973178 0.8037135278514623 0.8073445285107986
74 1.0 0.9896103896103896 0.9616519174041297 0.9598393574297188 0.9587378640776698 0.9538968166849615 0.9539539539539539 0.9540441176470587 0.9512195121951218 0.9465240641711231 0.9481065918653578 0.9443365695792885 0.9346016646848997 0.9324099722991699 0.9229979466119109 0.9201539201539215 0.9046345811051713 0.9083648591845331
203 1.0 0.9551122194513716 0.9179954441913439 0.9148936170212766 0.9080824088748018 0.9041916167664671 0.9036697247706422 0.8987898789878987 0.8991596638655461 0.8994974874371858 0.8959537572254335 0.8967741935483869 0.8978873239436619 0.8989048020219038 0.8967741935483868 0.8980694980694979 0.896602658788774 0.8930330752990854 0.8948787061994612 0.8963058976020742 0.8977556109725691 0.890930646117369 0.8844847112117792 0.88267246061923 0.891722595078301 0.8900432900432914 0.8798176543721525 0.8677884615384636 0.8704422032583419 0.8645111624326425 0.8658218412225143 0.8432782171099956 0.8467432950191599 0.8398932621747862 0.8199559332703844 0.8150851581508554 0.8010985834056128 0.7861842105263206 0.7689717689717743 0.7890295358649837 0.7927304197317226
76 1.0 0.9347826086956522 0.9369627507163325 0.9403669724770642 0.9461400359066426 0.945086705202312 0.9449101796407183 0.9465346534653463 0.9479429051217463 0.9294578706727633 0.9325581395348842 0.9370739381227063 0.921343349536015 0.9153908138597916 0.9160787226141862 0.9111401502776886 0.906610066707097 0.904246223995442 0.9023081052066577 0.9015478304998751 0.9007228915662671
78 1.0 0.9570405727923628 0.9330855018587361 0.9301919720767888 0.9227895392278952 0.9225352112676053 0.9036697247706418 0.8856502242152462 0.8684210526315785 0.8519313304721026 0.8501498501498497 0.8571428571428568 0.8832116788321167 0.8867212083071114 0.8974609375000002 0.8902262879152626 0.8900091659028417 0.8933100131176217 0.8948247078464111 0.8948626045400244 0.8938589840788483 0.8884462151394432 0.8835298320828878 0.8787451533309846 0.8766937669376706 0.8789456557110329 0.8771266540642736 0.8771558245083222 0.8803967327887996 0.8823198198198211
79 1.0 0.9921722113502935 0.9851851851851852 0.9789842381786339 0.9735099337748344 0.9691833590138674 0.9654178674351584 0.9625167336010708 0.9602977667493795 0.9583815028901733 0.9567099567099565 0.9553299492385785 0.9503816793893128 0.949775784753363 0.9492385786802029 0.9452968645763843 0.9451530612244899 0.94257788637752 0.9426900584795325 0.9427930454290525 0.9429494079655547 0.9410243145369896 0.9393034825870653 0.9396262577862967 0.9347426470588244 0.9317678334071786 0.932420872540634 0.9330855018587371 0.9322169059011175 0.9329479768786137 0.9321401938851614 0.9313831708197917 0.9281228192602944 0.9237774030354146 0.9233791748526538 0.9219790675547114
210 1.0 0.9491525423728814 0.9688622754491018 0.9607390300230947
83 1.0 0.9704918032786886 0.9659969088098919 0.9622093023255813 0.9595141700404858 0.9576059850374065 0.9558652729384436 0.9364358683314414 0.9178690344062153 0.9001085776330076 0.8831030818278427 0.8862275449101795 0.8894095595126522 0.9019607843137256 0.9036789297658865 0.9052496798975674 0.9068056407112204 0.9084507042253525 0.9099606077658979 0.909287257019439 0.9109269808389441 0.9125248508946328 0.9121718377088311 0.9136822773186416 0.9150818222025658 0.9163822525597276 0.916152897657214 0.9159397303727207 0.9098392787142304 0.9097801364670213 0.9111926605504594 0.9086402266288961 0.9088729016786581
340 1.0 0.9509536784741144 0.945 0.9420935412026725 0.9061833688699359 0.8732106339468301 0.842829076620825 0.814744801512287 0.8227424749163876 0.8384728340675475 0.8197183098591546 0.8314745972738534 0.8410596026490063 0.8538993089832179 0.8645276292335113 0.8534482758620686 0.8430717863105172 0.8478747203579414 0.8579088471849863 0.8694864048338367 0.879120879120879 0.8731343283582088 0.8767588549247939 0.8831400535236398 0.8873818331278261 0.8910060975609762
88 1.0 0.9908466819221967 0.9833333333333333 0.9778188539741219 0.9667774086378736 0.9580209895052473 0.9561643835616437 0.9547169811320753 0.9506802721088434 0.9503602882305844 0.9502262443438912 0.950530035335689 0.951058201058201 0.9516429014259146 0.9501160092807427 0.9487738419618532 0.9476923076923082 0.9486682808716712 0.9477543538038502 0.9486733362331454
89 1.0 0.9896373056994818 0.9746835443037973 0.9644723092998955 0.9580877537655534 0.9537149817295983 0.9522455940875502 0.9512195121951225 0.9504214179474473
92 1.0 0.9915254237288136 0.9848771266540642 0.9795221843003412 0.9754224270353302 0.9628543499511241 0.9615384615384615 0.9608510638297871 0.9570747217806042 0.9568131049888311 0.9496166484118294 0.9498432601880878 0.9482844356041773 0.9488636363636367 0.9476770410464596 0.9450171821305847 0.9457459926017268 0.9419152276295142
225 1.0 0.9403973509933775 0.9335347432024168 0.9285714285714284 0.8905472636815919 0.861915367483296 0.8700787401574801 0.876543209876543 0.8817891373801915 0.8861313868613137 0.8900804289544233 0.8960096735187424 0.893013100436681 0.862139917695473 0.8691943127962084 0.8697916666666664 0.8770949720670389 0.8838235294117645 0.8873812754409769 0.8932831136220967 0.8960887332165794 0.8890086206896559 0.8802214393558139 0.8748841519925872 0.8613861386138634 0.866828087167072 0.8577281191806355 0.8630617977528111 0.8680808750414339 0.8713927227101651 0.8664313033245093 0.8648498331479444 0.8663143989431992 0.8634072580645186 0.8570397111913385 0.8502994011976077 0.8410624863923395 0.8381652964084845
353 1.0 0.9243697478991597 0.9137254901960785 0.9155844155844157 0.9168975069252078 0.9178743961352657 0.9126819126819126 0.9148148148148146 0.9044481054365731 0.9080118694362016 0.9109311740890687 0.9140049140049138 0.9087875417130142 0.9046653144016225 0.8974836905871385 0.886247877758913 0.8719367588932802 0.8519061583577707 0.8529209621993125 0.8462515883100384 0.8303927148548675 0.8309409888357272 0.8396414342629497 0.8422771815212335 0.83582089552239 0.8173701298701325 0.8241842610364708 0.8294629898403508 0.8248024733768493 0.8235677083333363 0.8200927357032489 0.8144508670520266 0.8068334678504209 0.8063687724704713 0.7926741680632077 0.7803131991051503 0.7712937137953281 0.7761747732893703 0.771167955582 0.7776506483600355 0.7748243782039163 0.7821962787303953
355 1.0 0.9196428571428571 0.9176029962546817 0.872611464968153 0.8801089918256132 0.8857142857142858 0.8850102669404517 0.8772563176895305 0.8760195758564435 0.8823529411764705 0.8875502008032128 0.8926829268292682 0.880926130099228 0.8790322580645159 0.877664504170528 0.868243243243243 0.8583792289535794 0.8619676945668132 0.8439425051334708 0.8405063291139251 0.8437317784256572 0.8421621621621636 0.853476434904341 0.8459530026109677 0.8446522976819865 0.8311884935654832 0.8318552678254726 0.840347361389448 0.8308212857582311 0.8362470862470891 0.825033647375508 0.8141321044546888 0.8042391045487062 0.8000000000000043 0.7976513098464361 0.7839001291433539 0.7806810880274198 0.7768696362893389 0.7698609258906512 0.764328942684235 0.7591570496738644 0.7633098139833285
103 1.0 0.9604395604395605 0.9533898305084746 0.949514563106796 0.9191176470588235 0.9209225700164744 0.8990825688073394 0.9042407660738713 0.909090909090909 0.9134295227524971 0.9170040485829958 0.9200743494423791 0.9235344095157177 0.9265050820953868 0.9291907514450867 0.9314976494291471 0.9204771371769384 0.9209876543209878 0.9216138328530262 0.922330097087379 0.9249112125824459
108 1.0 0.9930191972076788 0.9865771812080537 0.9806763285024154 0.9753086419753085 0.9703703703703703 0.9659090909090908 0.9620081411126187 0.9585492227979273 0.9557195571955718 0.948235294117647 0.941899441340782 0.9402985074626864 0.9388379204892965 0.9341085271317827 0.9332715477293788 0.9327433628318582 0.9321458863443592 0.9219512195121947 0.9189399844115351 0.9166666666666665 0.917320028510335 0.917920656634747 0.9185817465528563 0.9167717528373269 0.9175257731958766 0.9157894736842109 0.905564924114672 0.9045553145336234 0.9018276762402099 0.9031281533804248 0.9043435822352377 0.9055712936732777 0.9068918302145149 0.8993821712268327 0.8991883810337477 0.8918032786885262 0.8877026492684872 0.8880368098159526 0.887198515769946 0.8890489913544686 0.8855148342059356 0.8861788617886198 0.8873321657910118 0.8888572242804237 0.8882091212458306 0.8865671641791065
109 1.0 0.9568345323741008 0.9506726457399103 0.9157894736842105 0.8849206349206349 0.886654478976234 0.8928571428571429 0.8989898989898989 0.8765778401122019 0.8849999999999999 0.8920134983127108 0.8997995991983966 0.9031390134529145 0.9090909090909088 0.9142645971914264 0.915989159891599
111 1.0 0.9472140762463344 0.9411764705882353 0.9391100702576112 0.9385245901639343 0.938517179023508 0.9398734177215189 0.9412587412587411 0.9422835633626097 0.9340909090909089 0.9358841778696999 0.9374999999999998 0.9422473320778406 0.9433628318584072 0.9444444444444446 0.9434258774227346 0.9389763779527563 0.9402706486234256 0.936226749335696 0.9278825995807138 0.9281723862729458 0.92859855677934 0.927797833935019 0.9283993115318426 0.9225213394615902 0.9236306729264487 0.9224343675417674
112 1.0 0.9880597014925373 0.9790575916230366 0.9722863741339491 0.9669421487603305 0.9627560521415268 0.9594594594594593 0.9569892473118278 0.9551820728291315 0.953548387096774 0.9207048458149777 0.9184692179700497 0.9194948697711127 0.9120715350223549 0.9057002111189308 0.9002659574468092 0.877756773787021 0.863905325443789 0.8583569405099172 0.8628509719222484 0.8349564325986705 0.8150234741784076 0.8134761267291427 0.7968490878938685 0.7999209173586442 0.8046757164404266 0.7895107356564637 0.7796495956873366 0.765482552656403 0.7723429951690876 0.7659513590844119 0.7581877729257701 0.7637463825309186 0.7513593672763285 0.7401446232796893 0.7449209932279974 0.7400301789178769 0.7383913764510847 0.733890214797143 0.7376228087073851
125 1.0 0.9538461538461539 0.9140811455847255 0.8818380743982495 0.8589981447124305 0.8566308243727598 0.8554216867469879 0.8562091503267972 0.8569206842923792 0.8579881656804731 0.8589562764456978 0.8439153439153435 0.8461538461538458 0.8484848484848481 0.8448087431693985 0.8463114754098356 0.8509196515004835 0.8516483516483512 0.8501291989664078 0.8482871125611742 0.8528272656855148 0.8528769118718132 0.8575380359612723 0.8741573033707865 0.8560250391236314 0.8476755687438191 0.8462268628381598 0.8487471526195912 0.8367697594501736 0.8531394111387033 0.8511659807956121 0.8384437850313243 0.83343888537049 0.8243284032598881 0.828454332552696 0.8189043428895858 0.8026737967914476 0.7994162907933176 0.8014403292181107 0.7972805933250966 0.7879791765262703 0.7917530522921028 0.7956073509636975 0.7902912621359266 0.783010933557616 0.7686344663088899
119 1.0 0.8881987577639752 0.8105263157894739 0.7721518987341774 0.8040540540540543 0.8151260504201683 0.8423423423423425 0.8444022770398483 0.8449367088607594 0.8839137645107794 0.8844106463878326 0.8741258741258745 0.8664097623635204 0.8633686690223805 0.856733524355302 0.8531827515400426 0.8466483011937578 0.8411552346570417 0.8371040723981924 0.8432554634513965 0.8519543410584596 0.8602287166454914 0.8553514144065351 0.8610960390667415 0.8566056655803487 0.8526630164260854 0.8506000489835933 0.8559418314019569 0.8521757235061451 0.8470092024539911 0.8398030676008368 0.8434379457917297 0.8428547495392886 0.8425122297617179 0.8378297808913399 0.8336293664890467 0.8359320129231625 0.8356970832218341 0.8298943130347226 0.8272694739353412 0.8270022883295147 0.8248445850147182 0.8190693809721584 0.8143677023550295 0.8128256133371144 0.8109778262449934
249 1.0 0.9738562091503268 0.9575163398692813 0.9602339181286552 0.9559082892416227 0.9518900343642617 0.9492671927846682 0.9479413156649323 0.9453730126375878 0.9460625674217918 0.9422222222222235 0.9436058103104542 0.9415416451112276 0.9365452408930687 0.9315392895586672 0.9268196202531666 0.9216900382444007 0.9165540540540535 0.9139751063494551 0.9093841642228716 0.9071360087659195 0.9031097404266217 0.8990925589836615 0.8953965360072873 0.8915960072984807 0.8877988963825808 0.8843023255813881 0.8809458091820696 0.8762129556779356 0.8726242080693476 0.8692124105011839 0.8659456165739866 0.8612185333819671 0.8585646201289491 0.8552480980273233 0.8534656120123227
122 1.0 0.9532467532467532 0.9473684210526315 0.9105145413870246 0.9098360655737704 0.9096045197740112 0.9103448275862067 0.9109697933227343 0.9122807017543858 0.8945945945945944 0.892901618929016 0.8876146788990823 0.8556034482758619 0.8618618618618616 0.8638059701492534 0.885791978246091 0.881136950904393 0.8825688073394499 0.8801843317972357 0.8783269961977195 0.8792221084953951 0.8959938366718037 0.8919514884233749 0.8952916373858057 0.8931810547531084 0.8918746001279604 0.882852807283765 0.8747474747474768 0.8645090510148131
379 1.0 0.9808612440191388 0.9729729729729729 0.9618208516886932 0.9516539440203563 0.9389830508474576 0.9416498993963782 0.9379982285208148 0.9302152932442469 0.9314214463840406 0.9226285108638062 0.9128440366972492 0.9174348697394805 0.917109458023381 0.9114002478314764 0.9097202990861277 0.9026727181038852 0.8975176497381031 0.8941374947279654 0.8884758364312295 0.8834064327485395 0.8818290803219735 0.8819556127372143 0.8787970379325966 0.8759667716986516 0.874626053848243 0.8714745653573691
124 1.0 0.9476190476190477 0.9454926624737947 0.9464285714285716 0.9482496194824963 0.9458762886597938 0.9484882418812991 0.9507874015748032 0.9525899912203688 0.9540412044374011 0.9524152847873112 0.9538866930171283 0.9510447761194035 0.9526952695269533
253 1.0 0.9496567505720824 0.9416342412451362 0.9399684044233808 0.935064935064935 0.9396648044692737 0.9213114754098359 0.9148148148148146 0.9104716227018382 0.9172610556348073 0.9093769666456895 0.9074492099322804 0.8979070954568668 0.8905380333951776 0.8815065594583175 0.8850931677018651 0.8844919786096276 0.8756544502617823 0.8685389901404269 0.8641803506818843 0.8722077922077949 0.8688271604938299 0.8640403555128543 0.8657989228007211 0.8653724414433456 0.8595727848101299 0.8537674418604686 0.8484116022099463 0.8445426280477829 0.843601167614072 0.8391710449503773 0.8298109010011089 0.8248445561582173 0.8196741698793625 0.8171646232591295 0.8157834887423173 0.8100032833533902 0.8102266736952999 0.80393791019897 0.8022485444689725 0.8015571970453089 0.7975116345331836 0.7939789626405401
