0 1.0 0.991467576791809 0.9836645793629187 0.9765929778933682 0.970781592403214 0.9656672007324331 0.9615055603079554 0.9581089168162775 0.9555143651529192 0.9482044198895025 0.9416909620991251 0.9318285108316918 0.9271220348671045 0.9188640973630827 0.9079519304525691 0.9003440503025264 0.90307486631016 0.8962046550639546 0.8990099009900989 0.8961840628507296 0.8988375188570417 0.8899633211070361 0.8927550047664448 0.8952959028831569 0.8923728205496169 0.8834991143207531 0.8864378018535449
257 1.0 0.9945482866043615 0.9893333333333334 0.9794835514679874 0.971920867900447 0.9670022371364656 0.9633027522935782 0.9610076670317635 0.9594304661595476 0.9581648795921955 0.9536547433903577 0.9506002483786393 0.9520632567333828 0.9532490772844202 0.9543695253615809 0.9553688141923438
130 1.0 0.9924887330996496 0.9852253139620785 0.981999513500365 0.9788867562380038 0.9725261932479627 0.9666441289159341 0.9612538093164996 0.9562197432119552 0.9516554946171032 0.9478599221789881 0.944835246205109 0.9425468558416532 0.9358253390671515 0.934667083463582 0.9294985250737459 0.9290700921530295 0.9212017393595989 0.9176058101677931 0.9177820267686418 0.9179428571428566 0.9149447906417402 0.9093377898475036 0.9104775196889642 0.9069810620126254 0.9083399946709301 0.909586242124979 0.9107332624867165 0.9031578947368426 0.9046619697196827 0.9060538278375069 0.9074871509931941 0.9088658414185352 0.9024956471271047 0.9040388325346949 0.9021348045094754 0.8941561799689719
131 1.0 0.9927553730982854 0.9894484412470023 0.9862101759391344 0.9796201945345065 0.976685714285714 0.9738679882856496 0.9681292294258892 0.9629707553124339 0.9581725888324869 0.9538341158059463 0.9498018494055478 0.9461916015269947 0.9429870584120317 0.9404682274247487 0.9381608458827294 0.9360393603936034 0.9345176919688734 0.9335473963423141 0.9289595758780643 0.928598460956225 0.928270550006017 0.9280955662761309 0.9246402284960998 0.9214736842105261 0.9215924017379002 0.9217019623081406 0.9220221994216958 0.9198887343532685 0.9203705353166475 0.9208158368326336 0.9213260761999013 0.9219852533100771 0.9225954198473285 0.9231618458820935 0.923689072047748 0.9242174629324551 0.924751161247512 0.9239684747334265 0.9245645491803283 0.9216219557423666 0.918876941457587 0.9197084514374969 0.9189431258396779
128 1.0 0.9962775857484713 0.9887697805002553 0.9822328931572629 0.9765871229176047 0.9716041534223352 0.9688289806234203 0.9654033041788143 0.9623665641396778 0.9598244429439566 0.9579013509267984 0.9519273047046751 0.9508241758241756 0.9498513635776138 0.9489870637051498 0.9483930422762352 0.9446803876728738 0.9444501806917914 0.9443246422270144 0.9442112137326245 0.9441082235671059 0.9368403276196914 0.9347861178369657 0.9352245497410533 0.9356989406622719 0.9318682881729613 0.9247691472026082 0.9237597911227163 0.9247109100050286 0.9238452690840858 0.9212202676640768 0.9204654578320067 0.9183873603922644
389 1.0 0.9852289512555392 0.9794103883949463 0.9697217675941082 0.9630024902170048 0.9586164298949972 0.9559731543624164 0.9547469092605554 0.9476180655805321 0.9478037125528396 0.9398036375342024 0.9381325730577332 0.9407558733401429 0.9429824561403508 0.9418433760235146 0.9380947803518218 0.9325386313465788 0.9280833062154253 0.9271163054946845 0.9261538461538468 0.9251958962759518 0.9242424242424248 0.9130434782608704 0.9173610162546108 0.9088566220378412 0.9115044247787621 0.9092896174863395 0.9087041884816761
6 1.0 0.9938677179150242 0.9882105263157895 0.9783743475018645 0.9716950788034739 0.9688736481139543 0.9675651983344291 0.9666791463871209 0.9642524669521504 0.9618518518518517 0.9575215586074735 0.9543353410841852 0.9521151221932759
260 1.0 0.9941002949852508 0.9822937625754529 0.9726128793486308 0.9649122807017546 0.9588452088452091 0.9541643376187817 0.9502564102564106 0.9471324050035403 0.9450097423684781 0.9428686381009858 0.9413413039417149 0.9400174367916303 0.9390084801043704 0.9385457864313963 0.9344262295081965 0.9311251314405886 0.9211750305997549 0.9153597785977857 0.8930093776641096 0.8555533479038362 0.860171487797985 0.8376733780760647 0.845068055788945 0.851693573915798 0.826555539589024 0.8234172906739305 0.8049270990447492 0.8122341381582919 0.8189724224739703 0.8204974036622058 0.8054142072053757 0.8106658867115162 0.8158644194406853 0.8217617509867259 0.8055637141778212 0.7955915065722952 0.7874563121711403 0.790623611316841 0.7846939137215965 0.7809552990841911 0.7655216693418913 0.7546225538673583 0.742054903747575 0.7473048249868316
136 1.0 0.9941980936593453 0.9829787234042554 0.977349250076523 0.9741550695825051 0.9662273476112027 0.960722426792916
137 1.0 0.9840510366826156 0.9734865223155105 0.954887218045113 0.951644100580271 0.9494239955043554 0.948096885813149 0.9479166666666669 0.9480769230769232 0.9378453038674033 0.9291784702549574 0.9265764468758996 0.9141407571224142 0.9037318754456853 0.8985933922145893 0.8856913666900635 0.8915662650602413 0.8793014894709817 0.8814135504782996 0.8746885534222494 0.8779495524816936 0.870450339296732 0.8598130841121515 0.8670420772720181 0.8669623059866974
5 1.0 0.9923037455105183 0.9888154550076259 0.9815737051792829 0.9783197831978321 0.971607314725698 0.9652010345638374 0.960178970917226 0.9560439560439561 0.9523428113736484 0.9490106544901065 0.9467191131771857 0.9446880269814502 0.9428753789692036 0.9416453602045418 0.9405489972976815 0.9395656279508968 0.9353278166772754 0.9279257562974565 0.9281382309188692 0.9282129609426137 0.9282810382570623 0.9224713502740409 0.920129622569577 0.9207233537309345 0.9214760405736274 0.9222129086336969 0.9145258483983514 0.9094755931691106 0.9003327064950104 0.8908816051673207 0.8927411335764016 0.8853096893538319 0.8855840876901302 0.8875253187179809 0.88262397051201 0.8747981063770558 0.8771769019248415
11 1.0 0.992283950617284 0.9888466413181243 0.9855325517585435 0.9788002890869673 0.9759604053735565 0.9704035874439463 0.9660163624921335 0.962492674350459 0.959533357637623 0.9571647118816929 0.9552025416997616 0.9535852424873549 0.9523610530714582 0.9513789047183373 0.9506021135414106 0.9499130434782608 0.9494640122511485 0.9491420301839983 0.9488886713012827 0.9459860788863111 0.9433712622386878 0.9435246659383145 0.941327348509138 0.9416896235078058 0.9420204978038073 0.9402189166432787 0.9405820533548914
140 1.0 0.9956816779765577 0.9915305505142167 0.9839468585662886 0.9782178217821785 0.9670891705581499 0.9642857142857143 0.9621886929649156 0.9607455055253176 0.9596385542168675 0.9587942477876107 0.9580777096114519 0.9576130712763438 0.9540154015401541 0.9540842472071335 0.9542101733882558
15 1.0 0.9880525686977301 0.9780058651026394 0.9698996655518396 0.9636032757051868 0.9590611353711793 0.9556759418862352 0.9468791500664012 0.9393326592517695 0.9385703648548026 0.9386293897033753 0.9344262295081965 0.9269550272128327 0.9287034592025347 0.9204915070473435 0.9163693131132917 0.907312049433574 0.9077543960795624 0.8892210304202579 0.8769584119432383 0.8818350324374435 0.8844224758304877 0.8746918652424011 0.8797361955256708 0.8639861599952297 0.8691588785046749 0.860851948605855 0.8461460343251755 0.839988467637307 0.8271952104499264 0.8321769297484811
16 1.0 0.990069513406157 0.9811202013845187 0.9738372093023258 0.967585089141005 0.9625841855824396 0.9516797054763001 0.949238578680203 0.9414634146341462 0.935158501440922 0.9347717009533365 0.9353448275862065 0.9361067726820953 0.9368836291913212 0.9304623642796139 0.9321343739395991 0.9247491638795985 0.9268292682926829 0.9287476020827625 0.9208443271767813 0.9111289031224987 0.899118218502467 0.8960322512200308 0.8993018259935565
145 1.0 0.9918322896814593 0.9843953185955788 0.9778434268833089 0.9722479185938948 0.967291757522896 0.9633251833740832 0.9598470363288719 0.9568888090533502 0.954384186517993 0.9523885097603555 0.9508416505288246 0.941299790356394 0.9404131355932202 0.9396150459177253 0.9061522419186654 0.9072642967542507 0.8970893970893977 0.8987793986305455 0.9003227643820019 0.8939833272924982 0.8958604530070303 0.8798528810788735 0.8616863327342364 0.8578840514324405 0.8503362012869662 0.8539435248296029 0.855855855855858 0.8594081016883888 0.8628274839347523 0.8661192431274564 0.8676217765043001
401 1.0 0.9820466786355475 0.9701195219123505 0.9623430962343097 0.9491869918699188 0.939724454649828 0.9063850216034569 0.8954489544895451 0.888495575221239 0.867013145826964 0.8644986449864495 0.8528592130197298 0.8361455183848633 0.8261997405966287 0.8174579326923092 0.8036675983366302 0.7956950018241541 0.7958686440677991 0.8052538020936225 0.7928312451236872 0.7856284340659342 0.7799084256251704
19 1.0 0.9901185770750989 0.9815554872425455 0.9743954480796588 0.9682287529785546 0.9631359056279187 0.9590070598952406 0.9554423933800129 0.9524752475247527 0.9500185116623474 0.9481327800829876 0.9373594603276582 0.9367279300994275 0.9360341151385926 0.9249703830459389 0.9185084578343002 0.9096280848105661 0.9047410489433919 0.8824136152656012 0.8645142692418574 0.824150058616649 0.8302760157723318 0.8370226222330351 0.8432577794852112 0.8488720157698784 0.8396051819864302 0.8128662340117222 0.7964078862692362 0.7917716204869891 0.7988629049560214 0.8026822876522308
148 1.0 0.996195652173913 0.9885327078446704 0.9816103379721671 0.975477481726008 0.9703408587870739 0.9660103626943004 0.9627424620702899 0.9600285510349749 0.9580927239729415 0.9564283522552929 0.9551748750892217 0.9542674820526452 0.953476800597089 0.9527816736792893 0.9522447183098591 0.9518022229147192 0.9485719894003339 0.9483979135618482 0.9482407161215992 0.9433137089991595 0.941053646000643 0.9391291015026072 0.9373716632443538 0.9379344239275441 0.9327303182579573
144 1.0 0.9943684633950122 0.9845776375744831 0.9774390243902441 0.9723918237324133 0.9621159621159622 0.9604565837749695 0.9592579119679883 0.9583947583947583 0.9580626107501475 0.9577900255410672 0.9576406846447482 0.9543399638336348 0.95481520041645 0.9552857280524238 0.9506414825374202 0.9416784027835314 0.9408577179129903 0.942442914099312 0.941971869266835
22 1.0 0.9883313885647609 0.983167559296098 0.9734386216798279 0.9651941097724233 0.9581903276131047 0.9438006952491312 0.939687668282176 0.937066402378593 0.9279486002753559 0.9281086729362592 0.9172071728347958 0.9087743732590527 0.8985986458825379 0.8743068391866908 0.872513089005235 0.8780369290573367 0.8838071693448697 0.8863494701849155 0.8689603308892652 0.8579130434782616 0.8603709403093878 0.8670607852053972 0.8730791121229377 0.8745061273689154
278 1.0 0.9881656804733727 0.9652173913043478 0.9529262086513994 0.9459459459459458 0.9418907198612316 0.9294032023289667 0.9211180124223606 0.9224467504096125 0.9243191130392868 0.9262751821688814 0.9290726341740946 0.9072026800670016 0.9118091211114465 0.9130786880820622 0.9077962828867966 0.9072545612510858 0.909235352532274 0.9107813501877806 0.9151955401638654 0.9174937965260549 0.9189208684988822 0.905507631055077 0.9104238541153283 0.9049088519343967 0.8939135986380079 0.887992875871963 0.8710367271036712 0.8530295770353244 0.8396780938104035 0.8272720539219278 0.8213346987540492 0.8171743398138133 0.8216951601252059 0.8158610228671138 0.8084318317991122 0.8021855146124479 0.7914938011014846 0.7847388068353067 0.777972188967676 0.7791757720239277 0.7828825021132718 0.7753343360026032 0.777769078702709 0.780746147912632 0.7819853739772674 0.7765810549571981 0.7774253855912443 0.7775885613302321 0.7783429218292109 0.7777677902621779
153 1.0 0.9917110716400236 0.9837681159420287 0.9762443438914025 0.9690778575372719 0.9629433562731601 0.9518304431599226 0.9474169741697415 0.9396226415094339 0.9338905775075987 0.9295093296475467 0.9268978444236177 0.9256965944272447 0.9244215938303344 0.9241573033707866 0.9174903308981521 0.9005132254243977 0.8983316977428849 0.8938775510204078 0.8918243484469828 0.8955493512892096 0.8900999091734781 0.8889389164040217 0.8938662991040657 0.8805331991951704 0.8860994886099484 0.8881840662294376 0.8931389194047737 0.8920533758215494 0.8909740840035745 0.8899009900990098 0.8895930926793424 0.8810056827966252 0.8780613118684709 0.8830719742661844 0.8876948690782507 0.8840394578099502 0.8882696568857859 0.8875485859804322 0.8868303123536893 0.8763117044396159 0.8792728128493273 0.8787878787878798 0.8635512073272275 0.8641430907199127 0.8652542372881352 0.8648242150780219 0.8562689785679698 0.8559255029429842 0.8555833223727466 0.855242429546647 0.8513329762248121 0.8390883713815893 0.828917215697505 0.8319725557461377 0.8358508572744895 0.8240805216180253 0.8150682884552126 0.8078912956961695 0.8022225270956188 0.8077361541928425 0.7964424851342987 0.7883600469116462 0.7921666075020676 0.796359629995177 0.7994398008180661 0.7907650654652357 0.7797016247558847 0.7826845085323573
29 1.0 0.9963350785340315 0.9927385892116184 0.9892280071813286 0.985819194732844 0.9825262106839744 0.9758919961427197 0.9699074074074077 0.9646174259177357 0.960284280936455 0.956786485955608 0.9536865505742868 0.951176983435048 0.9490717923443404 0.9474416447673519 0.9464621617710894 0.9456004351965183 0.9449423815620998 0.9445582740749668 0.9442167577413478 0.9439111206989537 0.9438087454025338 0.9437166424065988 0.9437476945776468 0.9438891811327373 0.9416569428238043 0.9420174741858621 0.9400697921407986 0.9404675475533619
416 1.0 0.9674267100977199 0.9575971731448764 0.9548192771084338 0.9477169745555944 0.9217935349322215 0.9103139013452916 0.8913793103448273 0.8826427122573162 0.8719356019026704 0.8846277107146667 0.8811096433289298 0.8692971639950683 0.864073638314071 0.8559742191373338 0.8507143660704256 0.8374690508940871 0.8402141051692532 0.8503769921892644 0.8404206865140158 0.8333269678799211 0.841213264842575 0.835766894947666 0.8427858913478464 0.8406310462866479 0.8330248363123991 0.8392453218178061 0.8345787695772326 0.8217722282240031 0.8147153865274677 0.8126616180273383 0.8099530861926246 0.8040181523796519 0.7995370790596382 0.794510686164233 0.7987524072678598 0.7996266334785365 0.7894616221997348 0.7840995296616664 0.7745074236623476 0.7654318713504237 0.7618313323787582 0.7538310875754978 0.7461419475520804 0.7443040243793237 0.7483523468602696 0.753910225297877 0.7573930561887088 0.7592939579090408 0.7583410188249452
33 1.0 0.9946277820414429 0.9857743291302943 0.9795013850415514 0.9752498810090433 0.9726474790773626 0.9708858512338007 0.9695686274509803 0.9688542825361511 0.9684040303520338
163 1.0 0.9958738579428235 0.9918675573627651 0.9848366013071896 0.9791567977261963 0.9746998284734135 0.9710993946494826 0.9682596291012839 0.9658736669401149 0.9597416253567672 0.9578664276109367 0.9560112943973843 0.9472749624368253 0.9435300075968597 0.9439340400471142 0.944468832309043 0.9421208712547297 0.9401586846381802
297 1.0 0.9741602067183462 0.9651770168311083 0.9464285714285714 0.9484004127966977 0.9387598877264609 0.9256351993389793 0.9152542372881353 0.9206128133704731 0.910735539157343 0.9000936621916953 0.8931604419687703 0.8839173967459332 0.8750350238161961 0.8699835422205355 0.876212471131641 0.8805087876708723 0.8759614919452375 0.8660027564131058 0.8614942528735621 0.8544671852579091 0.8490777806876405 0.8554174932999178 0.8507472300953337 0.8558035045679171 0.8500993924461712 0.847393340134451 0.8421143462932367 0.8416264389157075 0.8384872593105044 0.8316433983976395 0.8277271842350061 0.8188387207114789 0.8084967182322813 0.8034782608695703 0.7980870613044193 0.7922383818746093 0.794183604456633 0.7944326210947549 0.7915209938562922 0.7921254265662303 0.7892020961202627 0.7854114939744535 0.783654790134281 0.7780192753167373 0.7768405434737916 0.7760002101557888 0.774300021335085 0.7699036678035183 0.7686109551044858 0.764106720406567 0.7590573375295513 0.7576649447393399
41 1.0 0.9924642049736248 0.985447489691972 0.9794050343249429 0.974176888315042 0.9695369618196588 0.9657859722486218 0.9625868519508284 0.9599666388657213 0.9577596996245306 0.9558108705258505 0.950006943480072 0.9487718376461314 0.9477611940298505 0.9468524861225935 0.9461218992030531 0.9455477258167841 0.9450269775017817 0.9367209971236821 0.9369690326116749 0.9371946964410333 0.9375156210947269 0.9354581673306779 0.9358631747728493 0.9319130243795307 0.9324941987202032 0.925443310048362
430 1.0 0.9663299663299664 0.9566787003610108 0.9548192771084338 0.955123410620793 0.9493100535060549 0.9335989375830012 0.9403254972875225 0.9323002858432373 0.9148277197057681 0.9038248949812073 0.8954112880429668 0.8878048780487814 0.8806563898557943 0.8889864525840453 0.8896690070210637 0.8917184680168438 0.88382687927107 0.8774080560420303 0.8791853641698294 0.872553514123495 0.8748050935550915 0.8723459347488327 0.8645085081250174 0.8580987472365483 0.857705348353929 0.8577966573111817 0.8538808187105043 0.8530422152030062 0.8474630261660981 0.8440310850307005 0.8412512130718373 0.8412262640128135 0.8362367899603722 0.828896797153028 0.8241620759933042 0.8190620998719631 0.8196785282913733 0.8108434617074298 0.8109468010711486 0.8013296175670757 0.8010298596502323 0.7935443823712065 0.7930572003367334 0.7866467420419078 0.7855804847819142 0.7859494477485234 0.7837844993050603 0.7833544772174754 0.7811202362277491 0.7799068249414475 0.7789609296944948
47 1.0 0.990604447228312 0.9832869080779946 0.9777613046701261 0.9735333039258932 0.9703029103147892 0.9681020733652314 0.9663191659983962 0.9649225372698041 0.9641148325358851 0.9601497403695205 0.9602341765160719 0.9573820395738204 0.9549591817584687 0.9555206698063843
50 1.0 0.9938917975567191 0.9845830413454801 0.9785258270458504 0.9750778816199377 0.9731462925851703 0.9718309859154929 0.966562173458725 0.9625872744038991 0.9629847931156429 0.960233918128655 0.9581565753952952 0.9590792838874682 0.957419145132456 0.953844997369015
178 1.0 0.9723756906077348 0.9473067915690865 0.952755905511811 0.9507793273174734 0.9444901315789473 0.9430920012646221 0.9388379204892966 0.9320327249842667 0.9310412381232247 0.920142119956011 0.9242102176940561 0.9275306254029665 0.9169712197350386 0.9120542774065187 0.9156450137236953 0.9179370742782993 0.9145801582117702 0.9078583737035453 0.9037107178789112 0.9020859185723549 0.8971157985363744 0.8926722032242308 0.888454579973645 0.8867417032194012 0.8858442209118614 0.8833797252401935 0.8795176681704636 0.8762416698101391 0.8737360989443416 0.8694288913773854 0.8660034405963764 0.8642667378510026 0.8612043172265161 0.8574131764162993 0.8548244840359932 0.8512335255572987 0.8494905534790933 0.8463504797860718 0.8421052631579042 0.8384670290451974 0.8359308885754687 0.832278991568107
52 1.0 0.9956304619225969 0.9873052510098097 0.9805416776229294 0.9676328502415459 0.9569558464610605 0.9528339278636543 0.951032340581034 0.9496196111580726 0.9490049751243779 0.9445238776093792 0.9445696857180742 0.9447118351227938 0.9448355452971724 0.9451226099168196 0.9453751649913696 0.946064001519324 0.9442867281760116 0.940161680140012 0.9391773992521815 0.9381989893132303
56 1.0 0.9895760945100766 0.9806138933764137 0.9731903485254694 0.9668416689693288 0.961646637688571 0.9574769666902907 0.9540481400437637 0.9512393336042259 0.9490950226244343 0.9373477201531498 0.936667749269243 0.9359267734553773 0.9355485534230877 0.9244432661717918 0.9179716629381054 0.9090697132198642 0.9041850220264313 0.8848786558805228 0.8696156074946887 0.831460674157305 0.8214285714285734 0.7933383800151428 0.7897296524102446 0.7730860299921107 0.7790400099868955 0.7617677523305366 0.7430610626486958 0.7512261718157496
187 1.0 0.9681528662420382 0.9546858908341916 0.929724596391263 0.9197080291970802 0.9104477611940297 0.8932038834951455 0.8784696174043509 0.8711409395973153 0.8347978910369067 0.8352692713833156 0.7970123022847099 0.782267115600449 0.7794226498889714 0.7689577282994519 0.7458876914350546 0.7433481152993355 0.7690821256038655 0.7670107436275551 0.7668609492089934 0.7964961953636531 0.7889412175126467 0.7870239774330043 0.7806343439988822 0.8078736445073077 0.827845060554499 0.8465913987761786 0.8634001484780996 0.8722044728434507 0.872801397786838 0.8715553750652671 0.8740059254639014 0.8734723881282729 0.8757830975397244 0.8718304117407245 0.8726784515551563 0.8740211332626595 0.8729931103282706 0.8740896398860049 0.8743287649274651 0.8733245467883515
60 1.0 0.9924812030075187 0.9853018372703412 0.9785932721712537 0.9660217083529967 0.9611035730438716 0.9565217391304349 0.9529688418577308 0.9513319672131149 0.9500320307495198 0.9434615384615386 0.938562998958695 0.9364531169055431 0.9321496512365249 0.9331874544128372 0.9265612436344142 0.9283678274879166 0.9269586674892042 0.9257994764993741 0.9284290061916256 0.9273941164197789 0.9273286551956168 0.9296644295302016 0.9317839826116037 0.9291855557292485 0.9312320916905449 0.9303519061583582 0.9294754554100524 0.915945780260201 0.9074536948022827 0.9013665350744013 0.9022452504317799 0.897584119539729 0.8886446137328085 0.8925861062463514 0.8847585351284284 0.8745726033326108 0.87416274145456 0.8651309071600686 0.8479345284489452 0.8352975839717116 0.8388782934237448 0.8387483261681552 0.8343346199026647 0.8270587859628916 0.8301788398417091 0.8340217134765127 0.8374427665443752 0.8384214853384451
74 1.0 0.9889135254988914 0.9810306670882075 0.9755434782608697 0.9715572410523821 0.9688214508418207 0.9667774086378736 0.9656582174979557 0.960835509138381 0.9610945402671506 0.9543485894884702 0.940345368916798 0.9337621196121731 0.9262122276879841 0.9292049800634724 0.9250624479600345 0.9061718098415361
203 1.0 0.9943158749492489 0.9888268156424582 0.9783420463032115 0.9696027633851471 0.9620822622107972 0.9561351511558983 0.9510451045104513 0.94663930220626 0.9431980906921245 0.9406028368794328 0.9383533305750932 0.9365693289499131 0.9351801557124751 0.9342929720575783 0.9246888293682053 0.9248409528036691 0.9246604117070437 0.9246484478641548 0.9150617283950614 0.9063948100092675 0.9016860083205605 0.9036144578313252 0.8995064165844029 0.8795361017583246 0.8633812697299205 0.826410723150755 0.8295822474926974 0.8351168048229108 0.8084112149532737 0.7928236338278211 0.7897981385229091 0.767848255267382 0.7516460905349837 0.7490527123603092 0.7386504760590623 0.7456253045674067 0.7408746846089174 0.7257021976730529 0.7116905947846465 0.7108128995995213
76 1.0 0.9911727616645649 0.978774722624216 0.9722326454033772 0.9703872437357631 0.9632616487455198 0.9590942293644996 0.9577883472057074 0.9571339563862927 0.9569388190151354 0.9595300261096606 0.9501056395254351 0.9469192941857106 0.9463192182410429 0.9475588776176073
78 1.0 0.9943480016148567 0.9835759611795447 0.9791741472172354 0.9715394566623546 0.9582981121442663 0.955973287162998 0.9543859649122808 0.954983922829582 0.9505640345056403 0.9514433752775722 0.9483493077742279 0.9425066153476065 0.9442738043001317 0.9427707808564234 0.9444857036761978 0.9460202853704661 0.9402842088456016 0.9399167162403337 0.9417448731317352
79 1.0 0.9917830731306492 0.9842436974789918 0.977386934673367 0.9712023038156947 0.9662466246624662 0.9618724846430841 0.9584816132858837 0.9558823529411763 0.953624184129165 0.9516441005802706 0.9500075746099074 0.944388991872237 0.9436619718309857 0.9430163353172087 0.9425424946133586 0.9421178072863465 0.9419229941922994 0.941747572815534 0.941673957421989 0.9416071925108909 0.941623916504511 0.9416391778736364 0.9372485921158491 0.93527009324189 0.9356699201419704 0.9361067726820962 0.9345959940046334 0.935166994106091 0.9338040600176529 0.9325392001944824 0.9281584019625031 0.9289259927797842 0.9250407387289522 0.9259997900703268 0.9239967571949739
210 1.0 0.9916457811194654 0.9875838926174495 0.9827012641383898 0.9779023746701845 0.9732506931984992 0.9686995805098416 0.9642458100558656 0.9598862918509157 0.9556180653227063 0.9515506866224344 0.9475849459088826 0.9437170805116625 0.9399435112234275 0.9362608312527532 0.9328120474949314 0.9251749250321285 0.9219718309859148 0.918855078504932 0.9126068666033377 0.9100853788687293 0.9078292746792347 0.9056555269922871 0.9037419679979833 0.9020841040818837 0.9006750241080032 0.8993280679005062 0.8980392156862738
83 1.0 0.9919311457772997 0.9884937238493725 0.981822647998035 0.9764065335753176 0.9721123829344432 0.9683824946982841 0.9652578796561604 0.9627349858592579 0.9606384627305128 0.9588107324147931 0.9572905331882479 0.9561168516392394 0.9550804708143164 0.9508382419574081 0.9504273504273504 0.9501362672857575 0.9470818607316841 0.9470582902728676 0.9470370050892782 0.947017688194159 0.9448362325654289 0.9428528685765581 0.9409784399398329 0.9413179413179419 0.9360682638660984 0.9349153395858256 0.9339132535942981 0.9313662976059363
340 1.0 0.9844236760124611 0.9783464566929132 0.9683625480974776 0.9520743919885551 0.9511614055985708 0.9443478260869569 0.9396643297216913 0.9423747476601213 0.9445697711891718 0.9425821972734564 0.9406130268199233 0.9386620054028285 0.9367288832647895 0.9290973547859284 0.9310016654770401 0.9362458193979932 0.9404374127501164 0.9393377237733048 0.9360753221010903 0.9377844088026858
88 1.0 0.9903100775193799 0.9821322215604528 0.9760319573901466 0.9638728323699424 0.9541384581786416 0.9519134441995591 0.9501661129568105 0.9491955969517357 0.9486141388975395 0.9487836107554416 0.9493243243243241 0.9499582985821516 0.9509001636661211 0.9486766629767536 0.9469224322562624 0.945482866043614 0.9465932998867134
89 1.0 0.9886920467395403 0.9718045112781957 0.9699549323985981 0.9688214508418209 0.9684376643871647 0.9683018867924529
92 1.0 0.9909035779260158 0.9836289222373807 0.9776785714285715 0.9730881363534425 0.969487388120423 0.9670027497708523 0.9650988864882831 0.9589603283173733 0.9580771380659584 0.9578166943627763 0.9577464788732394 0.9545798637395913 0.9490967162391458 0.9497487437185933 0.9503786889527295
225 1.0 0.9921392476137001 0.9772961816305469 0.9651764705882353 0.9585161547666534 0.9536171685704398 0.9498624273922349 0.9468929646865591 0.9446913580246916 0.9447465738525127 0.9338970023059185 0.9351370100589664 0.9278719104616818 0.9307152875175314 0.9295523906408951 0.9321403671856844 0.9345764517847629 0.9333899024183284 0.9322641907575437 0.9319107662463628 0.9194488606253317 0.9059131002940224 0.9040728396065368 0.8857397239946593 0.8768707482993213 0.8641304347826108 0.869318838903668 0.8610216784717761 0.8538392231454603 0.8590350047303692 0.8639638430214348 0.8671984386270101 0.8597106532222704 0.8558925607363804 0.8575273640767976 0.8536518490591889 0.8428981580050947
353 1.0 0.9909267660401814 0.972670807453416 0.9619928094504364 0.9544658493870404 0.9488744753910723 0.9366634018935687 0.9349782293178522 0.9192179058399799 0.9205359205359208 0.9216097254244395 0.9231647014073794 0.9153384747215082 0.9091333437062392 0.8997008120814929 0.885876581461399 0.8687934756536333 0.8712053571428565 0.8460900228168431 0.8382661829291586 0.8206346512811822 0.8202461294164364 0.7999855793496308 0.8100399701917235 0.8120028002291118 0.8047404740474071 0.8123655305174974 0.8084843029143717 0.8146025681842324 0.8098054942851429 0.8087698506755165 0.8052747450240378 0.7996985429576283 0.7920857442429409 0.7783770179412484 0.7777166437414006 0.7641028926546398 0.754702506980879 0.7526769870892694 0.7582359504374847 0.7523567598080675 0.7596333758169
355 1.0 0.9893697798025816 0.9721342621912602 0.9613778705636743 0.953839325343986 0.9391465677179965 0.9272018199545015 0.9107701051435072 0.9131532441302707 0.9150579150579153 0.9173824130879348 0.8989419919737321 0.8937118336359133 0.88964065554052 0.8761181892111679 0.862735257214554 0.8656890130353811 0.8432175975846449 0.8425568425568423 0.8377313903111462 0.8408354339214983 0.8344028520499114 0.832566546171542 0.823866204610518 0.8233132237708911 0.8075382953028685 0.7989772727272749 0.799756188053217 0.8107261792335625 0.8193873739260386 0.8084163898117394 0.7962912356041377 0.7855263645458913 0.7800345569307785 0.764067887389948 0.7600634920634888 0.7537387836490488 0.7518056083511171 0.7586745509316035 0.7530537617676759 0.7470756685919474 0.751770250504952
103 1.0 0.9895506792058517 0.985008517887564 0.9768532999687208 0.9711831532280413 0.9675230247212796 0.9648445873526258 0.9628850200880045 0.9615054133012544 0.9603805958508811 0.9597448618001415 0.9594943240454075 0.9578839239856186 0.9579565472695241 0.958017745076823 0.9552626323147593 0.9530325443786983 0.9512362637362639
108 1.0 0.9927113702623906 0.9858088930936613 0.9793340987370837 0.973315543695797 0.9676654451390384 0.9624687239366136 0.9578567128236 0.953712632594021 0.9502945508100145 0.941582580987785 0.9341883226459665 0.9321266968325788 0.9302325581395344 0.9246898995865322 0.9235560588901467 0.9228269699431352 0.9220070193682564 0.9101684341859009 0.9066091954022982 0.903989027317407 0.9047201839886096 0.9053926206244083 0.9061553985872852 0.9040883549699669 0.9049748462828394 0.9029736771179588 0.891266827752848 0.8901373283395759 0.8870825658685038 0.8886224766029861 0.8900605788647078 0.8915244431588089 0.8931191058330429 0.884592022676656 0.8844572100006537 0.876257733891633 0.8717485549132961 0.872228704784132 0.8731107602075359 0.8722986247544218 0.8684697057735998 0.8706232672759019 0.8727544910179649 0.8721363878529574
109 1.0 0.9948224852071006 0.9846207619713389 0.9763048350944606 0.9709497206703913 0.9672931413229194 0.9641906605371401 0.9611417606140561 0.9596723377441714 0.9586438152011921 0.9588571428571427 0.9550561797752807 0.9559221549168705 0.9533696786915671 0.9543726235741445
111 1.0 0.9934395501405812 0.9810426540284362 0.9721595184349137 0.9659574468085108 0.9615163699023552 0.9587525150905435 0.9569653948535938 0.9558185404339251 0.9442471590909091 0.9447300771208226 0.9452495974235103 0.9459531772575249 0.9398734177215188 0.9414066867941404 0.9367010309278351 0.9385026737967915 0.9322334575128618 0.9199408186749966 0.9228463843848466 0.9256382596188428 0.9244217321140406 0.9251769464105164 0.9189108852030209 0.917270598728956 0.9202948144248492
112 1.0 0.9871299871299872 0.9771254288982083 0.9694397283531411 0.9632690541781452 0.9583795782463931 0.9544994944388273 0.9515905947441219 0.9494736842105265 0.9475422576258015 0.9463231347289318 0.9451462765957447 0.9133475220431739 0.9067796610169487 0.8975302154492901 0.8898947883533148 0.8717083051991891 0.8657861099275668 0.8707414829659317 0.8339898705683744 0.8091091761553934 0.8089021704938677 0.7890658631080523 0.794645882751612 0.7765640516385331 0.7653493295695162 0.7733124370312355 0.7572540328815166 0.7653136531365348 0.7587465914868073 0.7504815268779562 0.7580949981101185 0.7452852335863527 0.7349345760889037 0.7224993259638695 0.7277408421327053 0.7228679151216748
125 1.0 0.9939655172413794 0.9881154499151105 0.9762100082034456 0.9709794437726725 0.9606633243347477 0.9522603978300184 0.9448416751787542 0.9385403329065305 0.9329507701600729 0.928571428571429 0.9264047737444061 0.9188881294144453 0.907392026578073 0.9081612965464017 0.9039426523297489 0.9000335457900032 0.8931297709923661 0.88664913818288 0.8891791557816577 0.8846401441998193 0.8878119699539613 0.8878653474354595 0.8620901639344266 0.8487651377896451 0.8481541235645828 0.8452402375382411 0.8256642360238051 0.8229877758374362 0.8103448275862091 0.8178195274694015 0.8124455757251011 0.801010542074733 0.779520400045463 0.782962561041783 0.7904534109817003 0.7788494325101095 0.7707709580838336 0.7781577644782444 0.78294707713594 0.7768612084965976 0.7601461361289803 0.7532079185434711 0.7378698849442289 0.7448442224713732
119 1.0 0.9821428571428572 0.9622641509433963 0.9334612923864364 0.9262038774233898 0.9324509356458239 0.91354885579368 0.8971264367816099 0.8946175637393774 0.8992302309307214 0.8797406170170959 0.8675806721284066 0.8650042992261391 0.8599526066350706 0.8494623655913981 0.8437392204208354 0.8356164383561652 0.8464646464646473 0.8599655218140838 0.8560531066208594 0.8670168067226899 0.860008536064874 0.8661671168423802 0.8570634275693932 0.8638331058685895 0.8601453405528627 0.8553757730992672 0.8554963512104692 0.8549091014191139 0.8521756636277334 0.8560396092888068 0.8550615423260478 0.8471464249375643 0.8466605592636232 0.8482724499051721 0.8409157047240307 0.837616673059715 0.8347815571717357 0.8339944466481606 0.8299998433755754 0.8267159860394421 0.8246646202819534 0.8223187618789106 0.8153199049037365 0.8128007398982728 0.8098539360761251 0.8055191138388628 0.8024268755622951 0.799579537491251 0.7964790965537811 0.7940066768069964 0.7899083875255258 0.7868847954127133
249 1.0 0.9689440993788819 0.9780058651026394 0.9684873949579831 0.9613512739765242 0.9601027059055898 0.9601933924254636 0.9586225486892652 0.9555245080917454 0.9516145566376215 0.9488905056384135 0.9447750921089915 0.9394975093626138 0.9367546919116412 0.9313148474000348 0.9254403022390126 0.9204510507432089 0.9151153427123313 0.9104333938611672 0.9075965691592829 0.9052635596778534 0.9010814192510539 0.8970736291026287 0.8929035118274852 0.8885536290625289 0.8845755913658521 0.8812019192108784 0.8772017090746832 0.873833583135916 0.8703086626157418 0.8665975080838372 0.8639092587707813 0.8596302643721377 0.8562237816688334 0.8524985962942263
122 1.0 0.9940247545881349 0.982608695652174 0.9733525387108392 0.9657782165185919 0.9599521817095041 0.955105392827813 0.9515605493133587 0.942494906044827 0.9294214197784162 0.9300411522633745 0.9255957483284758 0.9127559055118107 0.9110554337613527 0.9143020922900542 0.9064495114006511 0.9002618424184714 0.8990096854935248 0.8981181051265411 0.8921268398696041 0.8980000000000002 0.8959934882879625 0.883711407747114 0.8804538186248392 0.8641718641718656 0.8516339451301419 0.8520426500539134
379 1.0 0.9783549783549783 0.9696663296258846 0.9445471349353051 0.9202834366696194 0.9276061776061779 0.9234693877551021 0.9137670196671708 0.9221422673115487 0.9146029035012812 0.9053329125907232 0.9138736813993864 0.9151123173759894 0.9164303079416534 0.910215219400554 0.9028551119535588 0.8972529432750608 0.8941245670217614 0.8936745359524217 0.8881500236498698 0.882512542234054 0.8799235181644367 0.8782874325807851 0.8758778011361116 0.8724881641241481 0.8700219597602267 0.86948939601343 0.8650127046866224 0.8617026607205545
124 1.0 0.9885974914481186 0.9774045801526718 0.9728954912692209 0.9702486678507993 0.9687321258341278 0.9631397070923152 0.9631563678561067 0.9633831872099019 0.9635646321652355 0.9606108478146393 0.9612172410482865
253 1.0 0.9768518518518519 0.9718045112781957 0.9612277867528274 0.962235649546828 0.9475626335210722 0.9387851200753413 0.943571140669085 0.93489434608795 0.9257205110428846 0.9134539732494108 0.9062688366485846 0.8969296752672081 0.8860391817563826 0.8891522745230855 0.8877935483870979 0.8866273540041856 0.8775809935205183 0.8727989064887025 0.8635001498351801 0.8713720547561519 0.8660559463438557 0.8653262635240733 0.8588026556776533 0.8588020707599031 0.8519677883523084 0.8541806020066892 0.8474414049458026 0.8428718986487936 0.838178859175025 0.8304980842911921 0.8246010347591687 0.8176433698000202 0.8162354743115973 0.8119572057898123 0.8074422341581073 0.8052190951193529 0.8010404770968242 0.7969030460524651 0.7933899223406279 0.7911075181891779 0.7901699520892537 0.7883891919088081 0.7844247128765022 0.7800700253684842
