0 1.0 0.9914337240757439 0.9835817671203285 0.9764511464573437 0.9705825430617381 0.9654105224831605 0.9611980939414568 0.9577576623789106 0.9551291512915128 0.9477447744774475 0.9411612903225803 0.9312009656004824 0.9264404463675695 0.9180946222653297 0.9070715304666795 0.8994043679682321 0.9021661931818173 0.8952380952380944 0.8980751025560104 0.8952309985096861 0.8979144574054427 0.8889774236387772 0.8917995444191333 0.8943678994440406 0.8914347751557044 0.8941272876263305 0.8853635701653999
257 1.0 0.998125 0.9962928637627434 0.9856610266704906 0.9772609819121448 0.9715189873417723 0.9671803081849111 0.9643424536628419 0.9623293046617484 0.9607178182845837 0.9557389347336831 0.9523651268416968 0.9536358232613429 0.9546635606128477 0.9556497635741067 0.9565347274085133
130 1.0 0.9924272618573138 0.9850892681969785 0.9782939832444781 0.9719867305565792 0.9661861541199499 0.9607708189951821 0.9558432934926956 0.9551006932981178 0.9543888433141915 0.9503456945317406 0.9470852017937215 0.9445779725717511 0.937550040032025 0.9362238467355678 0.9308131241084159 0.9222085615290033 0.9221220159151186 0.9183632332191083 0.9184615384615377 0.9185512042654892 0.9154285714285706 0.9096557514693525 0.9107586317391644 0.9120207728730707 0.9131703757752636 0.9142218496786804 0.9083665338645409 0.9097332739194083 0.91099156376085 0.9122673087086726 0.9135244976292608 0.9085875583541408 0.9099749058971133 0.9076969483686079 0.9007978467749678 0.8942329820039571
131 1.0 0.9926484813310118 0.985673892554194 0.9846153846153844 0.9781976744186043 0.9772234273318867 0.9714484679665732 0.9660846205507047 0.9612089865847739 0.9566843253349947 0.9560030983733533 0.9519761372110358 0.9513713862120081 0.94781864841745 0.9449591280653943 0.9423428124184704 0.9399399399399392 0.9381492537313425 0.9369256948383429 0.9319918218013549 0.9314297410705138 0.9309200897648542 0.9305788200260552 0.9268878413234892 0.9235093696763192 0.9235106643785231 0.9235118580179038 0.9237320069334529 0.9240396440714741 0.9243235723725385 0.9246822742474906 0.9251976094081348 0.9256740044521385 0.92611571232795 0.9265263884097955 0.9269213682807632 0.9273527202489528 0.9278270337533043 0.9246736357725193 0.9253384912959369 0.9243167484232645 0.9215774953642972 0.9192095829325861
128 1.0 0.9987280050879797 0.9910386965376783 0.9842821544949205 0.9784250269687162 0.973252073810733 0.9693941286695814 0.9659982563208368 0.9631386366716355 0.9609227278457075 0.9546202680460848 0.9532988214561071 0.9521342726895976 0.9511002444987772 0.9503506829088221 0.9464503750218034 0.9460978835978834 0.9458611220086306 0.9456473047633266 0.9454532507299007 0.9379981088747801 0.9358419931582 0.9362175525339921 0.9366338979035883 0.9326966803092309 0.9254516846617107 0.9243807040417203 0.9252974546914999 0.9243786867807751 0.9216839354055815 0.9208840775823177 0.9187472814267066
389 1.0 0.9851272015655578 0.9831611174894758 0.9726301735647531 0.9652677279305356 0.9604010025062658 0.9574005650945447 0.9559072922555116 0.9484450357558621 0.9484978540772531 0.9402251261482724 0.9384368920929164 0.9410319410319407 0.9432322485207096 0.9420265501596365 0.9381871300069188 0.9325287599689457 0.927995840914998 0.9162216684466586 0.9203559266175978 0.9114365059328443 0.9139026111503166 0.9114656381486667
6 1.0 0.9978865797816133 0.9958491871324803 0.9847281612706171 0.9768968233132057 0.9730019284336835 0.9709168292250399 0.9694587239189597 0.9638961038961037 0.9597955706984664 0.9568576301795922
260 1.0 0.9875857562887945 0.9857559080608612 0.9755807027992854 0.96742671009772 0.9609683794466405 0.9559550561797756 0.9517724649629022 0.9484164612175237 0.9460963310728572 0.9437893716685513 0.9421202579097318 0.9406744088428711 0.9395604395604396 0.9390095145157354 0.9347530584503849 0.9313395113732096 0.9211919231523227 0.9152511078286552 0.8925648021828094 0.8546003495947865 0.8592631658253583 0.8364689891980812 0.8439640123539665 0.8506197824437121 0.8252438324727462 0.822084556026517 0.8290757083139786 0.8107940150102757 0.8176175262437223 0.8191725881686192 0.8039915625507037 0.8095385928829193 0.8144107242599123 0.8203862660944187 0.8040868198387991 0.7940370668815447 0.7858694654386316 0.7890855457227114 0.7860091613413989 0.7793922307462904 0.7638881790770147 0.7507559081783188 0.7561090225563881
136 1.0 0.9881287097781943 0.9864406779661018 0.9800146234462589 0.9762658227848101 0.9678899082568805 0.9620694463812575
137 1.0 0.9839323467230444 0.9732676749912065 0.954491017964072 0.9512069851052903 0.9489590329079921 0.947617172115006 0.9474412171507607 0.9476102941176467 0.9372937293729369 0.928553522186011 0.9259344187113041 0.91330498807425 0.9028225042621698 0.8976631048562235 0.8846737481031854 0.8906273062730616 0.8782881286629399 0.880450512804378 0.8737026239067042 0.8770226537216814 0.8695182968703997 0.858856171126822 0.866169463434844 0.8661254499502166
5 1.0 0.9922669922669923 0.9848363926576218 0.9777734451160071 0.9710255432710636 0.9700417140690177 0.969085768143261 0.9637603157517042 0.9593220338983048 0.9553485383874074 0.9517704517704515 0.9492327549118024 0.9469840411144167 0.9449776071657066 0.9435668636199198 0.9385102294563122 0.9375871313672915 0.9367540548811581 0.9291300569663022 0.9292457153331493 0.9292329197973084 0.9292212670060922 0.923254886318308 0.9208117180347871 0.9213507784518667 0.9220542961097109 0.9227156849590761 0.9148693225069771 0.9097062734195566 0.901380218773265 0.8907992309804986 0.8926508769141088 0.8850996584594981 0.8853515721104155 0.8872917658257958 0.8823096388313766 0.8743716357489197 0.8767601085131106
11 1.0 0.992200328407225 0.9849385652001585 0.9838677946094824 0.9828225649033767 0.9766320474777446 0.9757531227038938 0.9708254676505916 0.9668102760491459 0.9634255129348791 0.9606811574138165 0.9583925571779295 0.9564902102973164 0.9550129987566401 0.9538086661722635 0.9528358208955218 0.9519744864459238 0.9513704686118473 0.9509100016697272 0.9505099217329427 0.9474354174466485 0.9446696536519444 0.944741653687275 0.9424218951717008 0.9427198817442712 0.9429917550058886 0.9410968178740684 0.9414121724063238
140 1.0 0.9985155863433944 0.9970602645761882 0.988801791713326 0.9824000000000003 0.9705724026556612 0.9673350582147476 0.9648763354309965 0.9631250829022415 0.961761858664085 0.9607015985790407 0.9598031173092697 0.9591797987469145 0.9553713176927144 0.9553256138621989 0.955350978135788
15 1.0 0.9879860891558647 0.9778554778554779 0.969664715274082 0.9632938903646463 0.9586956521739132 0.9552678045909361 0.946384479717813 0.9387590652699435 0.9379821958456971 0.937992929018221 0.9337071651090338 0.926171428571428 0.9279544975774168 0.9196848880776243 0.9155405405405398 0.906419307174519 0.9068841412052983 0.8882196386048457 0.8758737832364266 0.88081180811808 0.8834018410235617 0.8736095965103586 0.8787192422526499 0.8628875278925114 0.8681209717402066 0.8597785977859762 0.8449794005977848 0.8325164329951726 0.8259521061742622 0.8309888291270149
16 1.0 0.9900236282488842 0.9810094952523739 0.97365988909427 0.9673399226471854 0.9622791344054002 0.9512641993404178 0.948787061994609 0.9409295818436185 0.9345579793340983 0.9341596694655467 0.9347399411187435 0.9355130670890368 0.936301728653745 0.9298279716201764 0.9314883259713327 0.9240506329113918 0.9261619773045229 0.9281088554173027 0.9201518335253839 0.9102973076432299 0.8982021669246328 0.8951045011548634 0.8984174508126593
145 1.0 0.9917908835601642 0.9843007643048958 0.9776908023483366 0.9720382634289919 0.9670253384241582 0.9630110317975339 0.9594882729211085 0.9564906254472589 0.9539517974956238 0.9519291587602778 0.9503621897636856 0.9407242339832863 0.9398226351351345 0.9390109338950742 0.9052369077306723 0.9063545150501663 0.8960888299635389 0.8977928961316342 0.8993491751172988 0.8929500144466906 0.8948460740228285 0.8787049703602359 0.8603724232421982 0.8565350272667331 0.848919619706135 0.8525662343420891 0.8545067801116709 0.8581001585758847 0.8615596691610857 0.8648904901867815 0.8663804913690734
401 1.0 0.9818961410195332 0.9698412698412698 0.9619746497665109 0.9487041036717062 0.9391582799634035 0.905544933078394 0.8945478289258895 0.887573964497041 0.8659693505229863 0.8635197537198553 0.8518649774076358 0.8351026733824084 0.8251493716090911 0.8164360687022881 0.8026080839781374 0.7946540577052954 0.8071065989847693 0.7944178040083584 0.7876207132537423 0.7848282442748064 0.7791098549554277
19 1.0 0.9900731452455591 0.9814498413473274 0.9742256387067603 0.9679932617393137 0.9628398200664973 0.9586582048957388 0.9550447862092275 0.9520353423792993 0.9495426379462967 0.9476295479603085 0.9367477592829702 0.9361037713187601 0.9353961237674256 0.9242312939447995 0.9177084358696717 0.9087466518887959 0.9038142620232166 0.8812792896489343 0.8632360823952818 0.822519221096499 0.8287119246004628 0.835540339771331 0.8418507864618383 0.8475315461999171 0.8382184378581939 0.81132453984653 0.7947954005865627 0.7901394023070392 0.7972511524671313 0.8011203336468068
148 1.0 0.9987046632124352 0.9908808290155442 0.9837816455696204 0.9774647887323944 0.9721340388007054 0.9676193622996859 0.964170877354157 0.9612976664769491 0.9592158926457043 0.9574259848299483 0.9560614684120657 0.9550561797752806 0.9541803034811066 0.9534103615355943 0.9528070175438594 0.9522823295501613 0.9489708069186817 0.9487522281639926 0.9485548724471765 0.9435429797505696 0.9412291933418689 0.9392569054021017 0.9374561608604157 0.9380001119131549 0.9327246516098024
144 1.0 0.9980657640232109 0.9876439202471217 0.9799804687500001 0.9745060548119823 0.9637908738222797 0.9618768328445747 0.9604766056378959 0.9594506213211248 0.9589816124469589 0.9585970181272121 0.9583537962872014 0.9549387166546499 0.9553489916175611 0.9557637662237919 0.9510221465076656 0.9419333553282738 0.9410676858587097 0.9426328850926293 0.9421277516361073
22 1.0 0.9882679839456623 0.9865443425076453 0.9764503159103964 0.9678456591639871 0.960509872531867 0.9456824512534819 0.9413034095813553 0.9384432088959492 0.9290180213313718 0.9290138958647245 0.9178124045218451 0.9091415830546261 0.8987277994709655 0.8740479708991692 0.8721757322175722 0.8777173913043469 0.8835143139190514 0.886050754685685 0.8684565771711403 0.8572815533980568 0.8554383060900737 0.8580238982397519 0.8648469909216604 0.8709859472882203 0.8725031874203132
278 1.0 0.975452196382429 0.972027972027972 0.958077709611452 0.9499165275459098 0.9450243562978428 0.9317386231038507 0.9228855721393036 0.9239177962396153 0.9255544840887175 0.9273225917038054 0.9299681673487948 0.9076799571849073 0.9122257053291533 0.9134087237479801 0.9079884504331083 0.9073753462603872 0.9093210951099853 0.9108354615103971 0.9152485370283172 0.9175308641975303 0.9189390894999707 0.9053954175905388 0.9103292826342604 0.9047575771345473 0.8936728133987472 0.8877049502614702 0.8706316956039883 0.852510641243034 0.8391027850004682 0.8263942052882615 0.8203729338001771 0.8162279156389973 0.820799846919248 0.8149487231962143 0.8074942667993577 0.8012512613521693 0.7905180219229825 0.7833320584410645 0.7769247642026803 0.7781555014281508 0.7819041867954964 0.7743329999677456 0.7775541795665706 0.7797882981741165 0.7810147675688178 0.7756108250246613 0.7765064132139987 0.7761220552396527 0.7764407697229301 0.7767447390322308
153 1.0 0.9971000483325277 0.994277539341917 0.9915413533834585 0.9888837424733671 0.9740585774058576 0.9623918766453553 0.9608133086876155 0.952191235059761 0.945476333133613 0.944542772861357 0.9401007156109198 0.93733681462141 0.9348295209322401 0.9334898278560251 0.9255813953488372 0.9069767441860462 0.9035783799970051 0.906447187928669 0.8997354830583191 0.9039502476102724 0.8889121338912126 0.8940269749518297 0.8955316691836183 0.9001069694725574 0.8989653073645761 0.8893235649761709 0.8938182787103641 0.8979170576093066 0.8934004212497064 0.8972489227709636 0.8854337152209482 0.8879860708067313 0.8869859877278127 0.8705857294994661 0.8708188223860033 0.8715948822376749 0.8622818984705951 0.8620195065978182 0.8575327694847845 0.844392450475743 0.8335276967930008 0.8364488588806407 0.8402267197818336 0.8279299183065281 0.8184328448589051 0.8108804713029846 0.8049408474463384 0.8106955310256111 0.8022049683112207 0.790605032736452 0.7943989462230118 0.7985899072891807 0.7985720627404564 0.8016221151952457 0.7925903224708035 0.7812105314291315 0.7841864860608021 0.7853616787149877
29 1.0 0.998744769874477 0.9911182882519177 0.9899638699317544 0.9888290444843408 0.9820095693779906 0.9809849781327249 0.9799848942598187 0.9740353407861522 0.9690054495912805 0.9648281374900078 0.961132871346791 0.9580677149737921 0.9554607280970793 0.9533659270402405 0.9519399835892625 0.9506879471656574 0.9496790225719608 0.9489726360892001 0.9483455882352936 0.9477852232181703 0.9474464579901148 0.9471420752208924 0.9469539375928672 0.9469151489481853 0.9444668008048284 0.9446786763766444 0.9425539699963404 0.9428304748570756 0.9431443730801446 0.9434326119562882
416 1.0 0.9669277632724108 0.9568916619398754 0.9541800643086819 0.9471193988310606 0.9210307564422279 0.9095084197992854 0.8905049396267831 0.8817699930859637 0.8710615608337362 0.8838808250572947 0.8803777544596001 0.8685464395274446 0.8606463442585361 0.8559868892758358 0.8502994011976032 0.8369398907103807 0.8397165912221985 0.8499480230849179 0.8399447858809591 0.8328231550234865 0.8406082637289434 0.8351287575664288 0.842211317355331 0.8400245752498859 0.8324014997040039 0.8386767825093804 0.8339696206644458 0.8210889371797694 0.8139819308004912 0.8119504689331805 0.8059254146155426 0.803231818757582 0.7981019357385101 0.7936439921442657 0.7979472530392677 0.787597934617961 0.7886476906064044 0.7832470814779249 0.7736033540243954 0.7644772411777716 0.760842338275141 0.7527947629667062 0.745055509575059 0.7431907721628953 0.7473131120133896 0.7528922025473899 0.7522495128641258 0.7558303516276187 0.7555042985951087 0.7571325640667337
33 1.0 0.9981561155500922 0.9886157826649419 0.9818342933097033 0.9771776340813999 0.9742461287693561 0.9722104069190415 0.9707023913860021 0.9698314108251995 0.969255181989487
163 1.0 0.9985865724381626 0.9971956064501053 0.9894891738490647 0.9832508564902933 0.978305785123967 0.9742986992634384 0.9711098398169336 0.9684335130869393 0.9619689493320495 0.9525019330608635 0.9482511761096335 0.9482988025090283 0.9485138004246281 0.9458124022070324 0.9435428043996611
297 1.0 0.973847212663455 0.9647985178323298 0.945868945868946 0.9479023855223473 0.9382490351411741 0.9250616269515199 0.9146631439894315 0.9200973882248777 0.9101909623747392 0.8995124369886776 0.8925697716563961 0.8836660501307468 0.8790977785353091 0.8871075142140027 0.8925757716192404 0.8802365077368206 0.8756293477843098 0.8656120899685728 0.8610821382007804 0.854025538037286 0.8485847515518706 0.8549683692919675 0.8502862400327112 0.8552778636482516 0.8495588986911382 0.8456754730295927 0.843246362474753 0.8381970079658061 0.834449131225573 0.8250109797781153 0.8254985242243211 0.8181725681725732 0.8077715089317168 0.8027586206896629 0.7971312113009201 0.793734207629952 0.7882544138287757 0.7903754448648981 0.7907571393965602 0.7876518733841588 0.7884397911081298 0.7846305276804276 0.7792652022228168 0.7771629436444181 0.776625794093152 0.775136959193466 0.7734549904976226 0.7691658207553566 0.7678868325656303 0.7633854166666755 0.7583285046061927 0.7569504202018629
41 1.0 0.9924378109452737 0.9853818041931142 0.979295314202688 0.9740215347803794 0.9693350548741123 0.9655432975668731 0.9623069292900664 0.9596549435965493 0.9574203187250995 0.955446124985344 0.949585406301824 0.9483317644597843 0.9473058637083991 0.946383218888157 0.9456414841305316 0.9450586834495659 0.9445300462249612 0.9361539636474717 0.9364039874845371 0.9366314619232903 0.9369315541392812 0.9348571428571424 0.9352679929427505 0.9312839059674497 0.9318729340579298 0.9247645547945199
430 1.0 0.9657965796579658 0.9559420289855072 0.9541800643086817 0.9545726240286911 0.9487755560548192 0.9329805996472661 0.9398214799884823 0.9317773788150804 0.914212416623909 0.9031804603760313 0.8947683556620002 0.8871675703588936 0.8800248069008274 0.8884355095541389 0.8891540705383175 0.8912386706948628 0.8833345373112751 0.8769088385006927 0.8786680857533815 0.872233259646863 0.8744068495976878 0.8719161184210511 0.8640200775724373 0.8575941221892021 0.8572172554465745 0.8529462588560552 0.8533788777691214 0.852563047493646 0.8469479839728568 0.8434854503298187 0.8379920136908187 0.8352276763514986 0.8356581532416546 0.8282764739091915 0.8235077553503172 0.8183722701879191 0.8094226775145695 0.8101115112092081 0.8102503753601521 0.8029734314681587 0.8021670091537558 0.8017961831109005 0.7920615603987782 0.7855322866364276 0.7848266622006506 0.7825099628203275 0.7830425248402714 0.7825986759406838 0.7822941207266786 0.781324853822594 0.7800914806073798 0.7778495452604102 0.7769338022600205
47 1.0 0.9905496145237503 0.9831783975210271 0.9776075427224515 0.9733426867765698 0.9700834514249724 0.9678646934460887 0.9660671003954585 0.9646593815391769 0.9638477801268498 0.9598578699702293 0.9599472990777336 0.9570794675272284 0.9546437896307345 0.9551948952698013
50 1.0 0.997907949790795 0.9876888640179072 0.9810097267253359 0.9770686030957385 0.974768444586394 0.9731874145006838 0.9676767676767674 0.9635181884893591 0.9638000562693422 0.9609302325581391 0.9587549831340075 0.959615789104676 0.9578865779615032 0.9542386044566575
178 1.0 0.972017673048601 0.946728971962617 0.9523212045169387 0.9516026321375505 0.9441176470588234 0.9427567160431832 0.9341828529011501 0.9316341829085452 0.9179470143675768 0.9231680959352988 0.9271943479822768 0.9170133111480857 0.9171495834842439 0.9121323678142309 0.9157115914696057 0.9179737721779367 0.9156935711535983 0.9125366105783025 0.905914463012075 0.9019166783823034 0.8969283276450515 0.8924727019282913 0.8882220687945932 0.8845379570101999 0.8825036548055093 0.8789493612307063 0.8769599073976706 0.873385873385881 0.8710823380933542 0.867800712850188 0.8650296412513627 0.8633302217270475 0.8596092945171546 0.8579771167048085 0.8544132790016123 0.8514264542423124 0.8489511844591207 0.8448265102346464 0.8412232049168012 0.8381450922958651 0.8356053410805027 0.831946565142225
52 1.0 0.9984954864593781 0.9898006490496061 0.9826821541710666 0.9693560899922421 0.9583259127337488 0.9557723577235772 0.9537589498806681 0.9519999999999998 0.9511465603190428 0.9463917525773193 0.9462673887649992 0.9462609898251505 0.9462554252470217 0.9464270284282379 0.9465779004627748 0.9471726755218214 0.9452326901248578 0.9409766171474249
56 1.0 0.9895085588072888 0.9804677460806991 0.9729665639079915 0.9665419326436276 0.9612798043611169 0.9570540591448485 0.9535776614310647 0.9507293354943274 0.9485559566787002 0.9366842543737847 0.9359937807722204 0.9352404138770537 0.9348571428571424 0.9236463620981381 0.9171128296648814 0.9081272084805647 0.90319747013352 0.883705541770057 0.8683197289388561 0.8298179716844827 0.8197487974345252 0.7915109128180372 0.7879029502221188 0.7712041884816729 0.7772368224949056 0.7572270049841386 0.7411596518521604 0.749406892114678
187 1.0 0.9671848013816925 0.9394904458598724 0.9169701383831027 0.8979865771812082 0.8871063576945932 0.8852459016393445 0.8838412880966073 0.8824858757062148 0.8420794507111331 0.8414096916299562 0.7998544395924312 0.7836671802773502 0.7717797969000539 0.7470189385083008 0.7440000000000007 0.7703747769185015 0.7678263864967282 0.7983413356612838 0.7902739922536226 0.7872340425531918 0.7811251854387763 0.8089672351025097 0.8088502341584627 0.8290473879993526 0.8479377864185526 0.854597804570811 0.8686284813452438 0.8742344195614562 0.8729271473821495 0.8728667751685649 0.8751820262117738 0.8788575667655779 0.8756864884524451 0.877351962302698 0.8783670537531417 0.8778048121113805 0.8785806323718892 0.8744001285848766 0.874603343626877 0.8735561587383366 0.873813370119618
60 1.0 0.997384481255449 0.9823080016083635 0.9801429706115965 0.9780821917808219 0.9762178749520523 0.968553459119497 0.9637795275590553 0.9605292666517158 0.9585672797676671 0.9566563467492261 0.9553914782341177 0.9443832599118941 0.9359569787338057 0.937171604248183 0.9350806451612901 0.9331972536648725 0.9352800546448083 0.9345420296680005 0.9364986891931251 0.9381120783460278 0.9349923819197558 0.9367141409927889 0.9222462203023751 0.9131068213746805 0.9065254863334145 0.9075716553076267 0.9024778057506283 0.8929826737790998 0.8967767295597473 0.8885138894039968 0.8778657919530991 0.8684063128068252 0.8506721949993701 0.8376037959667834 0.8411299948843272 0.8364841108857316 0.8289328225827164 0.8320128347525586 0.8341787153353853 0.8369041914801357 0.8380324989020621 0.8259688140127912 0.8292914787322255
74 1.0 0.9888563049853373 0.9809189053477279 0.9753886010362696 0.9713369790684517 0.968579460889697 0.9665198237885458 0.965396123325094 0.9605172015700757 0.9607883603343303 0.95399944128876 0.9399084477736156 0.9332875353026479 0.9256983240223455 0.9286130724881769 0.9244532803180906 0.9054412740544115
203 1.0 0.9980436909031628 0.9961265332472564 0.9848942598187312 0.9754121262922606 0.9672557172557175 0.9607091518926691 0.9551111111111114 0.9502693742229592 0.9464354527938345 0.9434907010014306 0.9409409409409409 0.9388932190179267 0.9372720641867248 0.93617891722351 0.9262076835298589 0.9262168273235746 0.9259092444544529 0.9257837492002555 0.9159063863546206 0.9069940476190469 0.9021261641187834 0.903967989329776 0.8997307143988588 0.8793879387938784 0.8629463030643789 0.8254010340713227 0.8286003415343732 0.8341981416676707 0.8071679859278784 0.8050511375495701 0.7883705206220398 0.7662383538658518 0.7499178981937576 0.7400722021660621 0.7474747474747447 0.7442854619325178 0.7291557420031431 0.7242391134696393 0.7101516919486546 0.709282157444186
76 1.0 0.9969418960244648 0.9828993392926544 0.9752788664455833 0.9726277372262774 0.9648997134670486 0.960349854227405 0.9587677725118481 0.9579239853130889 0.9575911789652245 0.9601008602788487 0.950523188218576 0.9472535049413923 0.9466004346476244 0.9478072448066319
78 1.0 0.9980475105759844 0.9867589527535362 0.985211475894706 0.9766206163655688 0.962185842748444 0.9592001615835188 0.9571428571428573 0.9573292402148889 0.9523937600860677 0.9530595138306789 0.9496990541702491 0.943571844095404 0.9452490286117976 0.9435843397908726 0.9452402267979704 0.9467218771566596 0.940822338926604 0.9403910348116353 0.9421952441944642 0.938065993546372
79 1.0 0.9917516822227046 0.9841666666666667 0.9772545889864326 0.9710089643333969 0.965998568360773 0.9615708747682452 0.9581366068618191 0.955503512880562 0.9532147742818056 0.95120698510529 0.9495473747736872 0.9438700147710485 0.9431320149652589 0.9424765364819857 0.9419958023277997 0.9415649027589322 0.9413680781758954 0.9411908446688927 0.9411172232122101 0.9410504543104082 0.9410686592415054 0.9410852713178292 0.9366585459674314 0.934663801043905 0.9350695262785761 0.9355130670890368 0.9339919661274558 0.9345716372743396 0.9331993972877946 0.9319260191730412 0.9275112827432184 0.9282890007189069 0.9243748377606641 0.9253282046993891 0.9233128834355822
210 1.0 0.9916133303906423 0.9834458723589633 0.9754891421199744 0.9793193717277486 0.9746081098587899 0.9699923057194151 0.9654690872159449 0.9610356963298137 0.956689483509645 0.9525390384851835 0.9484874255861981 0.9445311562012242 0.9406669039990502 0.9368914956011725 0.9333487618606798 0.925562278798949 0.9222622803064436 0.9190481485599904 0.916265850459116 0.9100427350427343 0.9076987623243121 0.9054388133498137 0.9034440965559025 0.9017106694353793 0.900232018561484 0.8988179669030726 0.8974643716453815 0.8965237020316021 0.895627644569816 0.891854776414041 0.891453420304398 0.8912406382285893 0.8910388580491666 0.8908472479901044
83 1.0 0.9918907383696116 0.9847786901662329 0.9837655909720848 0.9780701754385966 0.9735299045066176 0.9695982627578718 0.9663018433179722 0.9636315015376384 0.961409187103199 0.9594736229183647 0.9578602620087333 0.9566062839013404 0.9554999036794448 0.9511442063203772 0.9506849315068487 0.9503517425406317 0.9472194599556331 0.9471659772116984 0.9471177079737654 0.9470739253505359 0.944841419079854 0.9428127056289998 0.9408968558501797 0.9412249382037895 0.9358967633635832 0.9347181008902069 0.9336936589132314 0.9311079216630389
340 1.0 0.9843104872006606 0.9822580645161291 0.9713587146349983 0.9540162980209548 0.9526798647996139 0.945392491467577 0.9404007535536907 0.9430090063487375 0.9451203727672792 0.9360142190624302 0.9370291674715082 0.9416243654822332 0.9452837279218336 0.941255006675567 0.9424685562977669
88 1.0 0.990266393442623 0.982033096926714 0.9758832240321558 0.9636294027565084 0.9538114255947212 0.9515537848605576 0.9497797356828191 0.9487939630777521 0.9482032218091695 0.9483754103928447 0.9489247311827954 0.9495686794956865 0.9505251280270807 0.9482910429840706 0.9465304006517066 0.9450867052023116 0.9462102689486548
89 1.0 0.9886125262211568 0.971556886227545 0.9697090474292548 0.9685794608896974 0.9682052712313484 0.9680787231489258
92 1.0 0.9908521906596053 0.9835248211575982 0.9775236593059938 0.9728910290708043 0.9692556634304206 0.9667201868340387 0.9648008468969166 0.9586106740893136 0.9577214063195368 0.9574641294392996 0.957399103139013 0.9542129271021598 0.9486935112381855 0.949355841848067 0.9499549455881328
225 1.0 0.9839323467230444 0.9707241910631742 0.968856817318648 0.9614271938283512 0.9559765951518531 0.9518072289156628 0.9485148514851487 0.9460531535105119 0.9458893349624717 0.9346888478126923 0.9358155043067516 0.9283314669652852 0.931119587166255 0.9298209926769727 0.9326362542796333 0.9347585384549867 0.9341621706153723 0.9212228937077849 0.9072699809548821 0.8882240306366673 0.878930645338007 0.8657264872380561 0.8708658491267174 0.8622857635001278 0.85487237116712 0.8600560988552787 0.8649704354058398 0.8681699324209583 0.8604992189741449 0.8565655347125867 0.8581629434200323 0.8475237403491764 0.8432614798217809
353 1.0 0.9808564231738035 0.9781094527363184 0.9662690250925545 0.9579242636746143 0.9517262450351359 0.938855500391952 0.9368176538908247 0.9205597859641904 0.9216700535747276 0.9225741578682755 0.9239890544238369 0.9159249623442418 0.9095315024232629 0.8998976225685354 0.8858438079538422 0.8685167464114822 0.8709045584045573 0.8454921422663344 0.8375704064545578 0.819791807489521 0.819320554184853 0.798839680624962 0.8089893703124137 0.8109765367658217 0.8036592939377996 0.7995158764060922 0.8073994445937451 0.8135822282287336 0.808760172331257 0.8077314727512708 0.8029401470073482 0.7986416300439451 0.7910171322734966 0.7772635067569472 0.7766120218579209 0.7629576855550722 0.7607691917398115 0.7514459295261211 0.7570542418730442 0.751154346169361 0.7584892659503428
355 1.0 0.996325780771586 0.9775395610005104 0.965546218487395 0.9571581578007856 0.9415797317436664 0.9290373075919648 0.9120127649874632 0.9141874114551711 0.9159235668789809 0.9181133311496887 0.8992700729927003 0.8938613861386133 0.8896501983411461 0.8758934372969452 0.8622970535177379 0.8652416356877314 0.8424857978998093 0.8375177640928455 0.8303390095297594 0.8340237108984415 0.832127351664253 0.8232883317261313 0.8227174455346731 0.8067529829906047 0.7981318581663168 0.7989261404472983 0.8100107002734492 0.8187569780424244 0.8077079658026847 0.7955061068465027 0.7846589401043943 0.7791307763530737 0.7630170186699307 0.7607264231095977 0.7548957366801747 0.7507033411611492 0.7576470588235263 0.7520269015740692 0.7460439984561915 0.7444211255944672 0.749226462354499 0.7492729615313801
103 1.0 0.9894998618402874 0.9879748565181745 0.9794228356336262 0.9733392579426796 0.9693203883495146 0.9663288094829067 0.9641489198713037 0.9625911153899048 0.9613225202744851 0.9605397437351171 0.9601897689768973 0.9600414664027892 0.9599167100468502 0.9569531124979993 0.9545454545454541 0.9525968672712278
108 1.0 0.9926866820631254 0.9857464366091522 0.9792236194641879 0.9731496202084435 0.9674378748928875 0.9621765096217648 0.9575011982744844 0.9532954370871097 0.9498239436619714 0.9410021171489057 0.9335127860026913 0.9314079422382666 0.9294729027468442 0.9238566713814232 0.9226943942133808 0.9219459459459453 0.9211045364891511 0.9091180866965612 0.9055087987758215 0.9028576645667844 0.9035954859592328 0.9042740784280787 0.9050459455102361 0.9029561987308456 0.9038547402887325 0.9018299246501605 0.8899917287014051 0.8888519577211981 0.8857691077710254 0.8873309037000421 0.8887893448008112 0.8902748902748892 0.8918949071233324 0.8832785471789609 0.8831500495126897 0.8748815165876765 0.8703383314109946 0.870832557273234 0.8717371737173706 0.8709284096847227 0.8670712690184166 0.8692553452936828 0.8714171974522281 0.8708032299192509
109 1.0 0.9892746260231443 0.9876991892647471 0.9789905201127339 0.9731903485254693 0.9691707317073173 0.9666041915147384 0.9647165259348612 0.964139749505603 0.9596006501044808 0.9599709633931347 0.9569391369186315 0.9576127500847743
111 1.0 0.9977460555972953 0.9847908745247149 0.9752564876282439 0.9685122015219104 0.9636447307869306 0.960483870967742 0.9584221748400853 0.9570571518787496 0.9451704545454543 0.9455292908530316 0.9459459459459456 0.9465297829109183 0.9402258566978188 0.9417180656118703 0.9369028006589779 0.938682123245881 0.9323042062030866 0.9198478289387371 0.9227609881689441 0.925560589550954 0.9243138936535155 0.9250604351329564 0.9187230616208014 0.9170588757659169 0.9201006078390268
112 1.0 0.9870528109028961 0.9769627159745378 0.9691975141853554 0.9629539361442849 0.9580017683465961 0.954069298952458 0.9511209114296215 0.9489761664988251 0.9470178156467853 0.9457839920102723 0.9445917285259807 0.9124848484848479 0.9058558558558552 0.896522832006702 0.8888238736102974 0.8704932735425996 0.8645161290322568 0.8695305014372393 0.8324615154685382 0.8074666666666647 0.8072877535687433 0.7873701039168642 0.7930216254112041 0.7748815165876752 0.7636108512628598 0.7716549452505982 0.755561928954805 0.7636982283233574 0.7571349862258924 0.7488520940587141 0.7565321854039414 0.7555985070647797 0.742852708365665 0.7298316889146803 0.7352249832102049 0.7305180090111673
125 1.0 0.9871186440677966 0.9753726506804926 0.9736673089274247 0.971992361553151 0.9703750393948947 0.9610044313146237 0.9527383931053659 0.9456635318704287 0.9393939393939397 0.9343807763401112 0.9247963233758099 0.9180759113115374 0.918007265179035 0.9123924816820644 0.9073416222616932 0.8990312457361166 0.8965126526501319 0.8895966029723987 0.8919338732941303 0.886984522696582 0.8900175815588975 0.8898157484645699 0.8632915567282311 0.84957448439776 0.8464555490993595 0.8263161451645588 0.8234842670759768 0.8105009052504508 0.8180464903240565 0.8125033654622781 0.8008115825860409 0.7789425706472175 0.7824082129806834 0.7899824985415431 0.79629703364523 0.7846142344497585 0.7764836981918809 0.7821089801287798 0.775936623205147 0.7589909772525072 0.7433982238428484 0.736497314926755 0.7435605135303828
119 1.0 0.9936974789915967 0.9692307692307695 0.9377270368448368 0.9408461250467992 0.9194551376961804 0.9012115563839704 0.9046711153479507 0.8836131095123899 0.8704431494782485 0.8672996757758213 0.8616676206830748 0.8505839065749468 0.84455815239939 0.844444444444443 0.8361370292174609 0.8470004186853266 0.8605463786531119 0.8564059668200181 0.8674093307647194 0.8602682788588688 0.8664307521509839 0.8663802065285175 0.8571768788487039 0.8639337653880725 0.860405803672635 0.8596431701868958 0.8603275114836618 0.8650046923502643 0.8640655620880084 0.8559766053369083 0.8501107011070138 0.849434684292924 0.8415157098367925 0.8433003075876835 0.8398184648057436 0.8375556490088382 0.8348032424870117 0.8310122150470793 0.8299327340321129 0.8266894052440944 0.8245412067447793 0.8222490409896238 0.8151941777768683 0.8126568218107628 0.8083257781807273 0.8053124575772722 0.8027518522082221 0.7987306584499999 0.795466841081048 0.7930201007375994 0.7897709728194964 0.7870064175709148
249 1.0 0.9684908789386402 0.9778554778554779 0.9683333333333332 0.9611451942740282 0.9608718036725584 0.9612745431075478 0.9569892473118276 0.9539237559414099 0.9520121232530724 0.9482688840649024 0.9430971060255862 0.9407803816636766 0.9353569719844763 0.9312966081308628 0.9253711617251866 0.9203575782202373 0.9149990613853979 0.9102997520847457 0.9074527613332296 0.9051132412083145 0.9009188860100017 0.8968844702004425 0.8927039703042384 0.8883433394757259 0.8843196030222489 0.8803981753847536 0.8770020513131491 0.8736259527366083 0.8699151302311996 0.8663648045034585 0.8636716889367998 0.8594301046762898 0.8560139391089127 0.8522784547422068
122 1.0 0.9979416809605489 0.9860139860139862 0.9762525340283812 0.9682455676104791 0.9620374819798175 0.9568756875687571 0.953059177532598 0.9436466097073258 0.930194270661837 0.9306930693069303 0.9260684347945578 0.9129447388342159 0.916032295271049 0.9078244474704088 0.9013572930605993 0.8999388806426255 0.8936136327440665 0.8994364341652629 0.8864553695493934 0.8828878648233475 0.8660116123269302 0.8530486236171838 0.8533320493066239
379 1.0 0.9781357882623706 0.9693795326349719 0.9440682955549016 0.919623971797885 0.9270353302611368 0.9229088639200997 0.9131585277844595 0.9216715075423964 0.9141501619097817 0.9048811013767201 0.9134992059290622 0.9147474932466454 0.9159967845659155 0.9097922848664679 0.902426804446531 0.8968267435940938 0.8937062937062927 0.8932736706812004 0.891060724524367 0.8847536935141467 0.8794966571734453 0.8778689454380488 0.8754650132860979 0.872051739369598 0.8695917887644028 0.8680865037294238 0.8652482269503613 0.8644376049244615 0.8599305069294977
124 1.0 0.9885369532428356 0.9800922554017966 0.9751295336787564 0.9721045197740114 0.9702353834472285 0.9643652561247212 0.9642114984991915 0.9643003693065241 0.9643714232970275 0.9613032917329756 0.9618349744294324
253 1.0 0.9766009852216749 0.971556886227545 0.9609354921613982 0.9619695756605285 0.9472303656843076 0.9384270223108557 0.9432533333333328 0.9345480917414553 0.9253438113948912 0.9130314168805039 0.9038746298124372 0.8928808313066536 0.8975690111316317 0.8969538099972871 0.8946497289692544 0.8862157663791785 0.8815715883668889 0.8722914669223378 0.8629435579899959 0.8708798086284093 0.8655440347184308 0.8648234234672751 0.8643097337089868 0.8582049807204789 0.8608699147772959 0.8535104364326397 0.8467629332437867 0.8421889381641753 0.8374878394973186 0.8299476949276315 0.8240328456601018 0.8170509205506811 0.815648360937221 0.8115015974441004 0.8069510827875259 0.8026180122831527 0.8004942910502137 0.7963021995537275 0.7928903260135626 0.7906033913017873 0.7896478061137793 0.7878691705733628 0.7839897906918268 0.7796246737919967 0.7761608393347027 0.7746672292126883
