0 1.0 0.9915730337078652 0.9839213934792318 0.9770310506167588 0.9713945172824792 0.966455460305628 0.9624478442280945 0.9591836734693877 0.9566917293233083 0.9496080627099663 0.9433070866141732 0.9337423312883435 0.9291994447015269 0.9212081418253446 0.9106330161357052 0.9032072210485883 0.9058441558441557 0.8991511035653649 0.9018601667735726 0.8990909090909089 0.9016534867002155 0.9040852575488453 0.9062866067942208 0.8981299212598423 0.8911501337364808 0.88677996027367 0.8897105429959854 0.8924556962025314 0.8949824970828468 0.8957204260885814
257 1.0 0.9839506172839506 0.9695371997656709 0.9618943930321178 0.9566502463054188 0.9539930555555556 0.9520680324700425 0.9512864493996569 0.9509352959214964 0.9506515109509287 0.9449689776099272 0.9425562470081378 0.940987812700449 0.9433962264150944 0.9453685869374892 0.9471661863592701 0.9402938418255705 0.9423797176606166
130 1.0 0.9926769731489016 0.9856402074192262 0.9759783029833399 0.9670164917541232 0.9614965492190339 0.9564453811029155 0.9518644067796612 0.947592531935801 0.9437598736176936 0.940677966101695 0.9383285302593661 0.9345343821365137 0.9332365747460089 0.9281933256616802 0.9277108433734941 0.920049968769519 0.9202539178734379 0.9171709531013617 0.9113992436520799 0.9119323087549646 0.9124232874440205 0.907265774378585 0.9027671609845588 0.9041617819460726 0.9012345679012344 0.8937784522003033 0.8956291390728475 0.8973379187364665 0.8989205103042196 0.9006020540668161 0.9021615472127418 0.9038019064314671 0.9053654414871145 0.8995312818422662 0.9011811023622048 0.8995537833475743 0.8978033374186857 0.8937722087151672 0.8867043720262145
131 1.0 0.9899768696993062 0.9803179409538231 0.9739000745712157 0.965330444203684 0.9574764726385504 0.9524617996604418 0.9480092135570916 0.9441447159631866 0.9405455102666261 0.9373522458628845 0.9343794579172613 0.9317744154057774 0.929517753047165 0.923339459175637 0.9220125786163524 0.920792079207921 0.919665660552589 0.9096891309280694 0.9095652173913047 0.9099585062240667 0.9055053410024654 0.902859381120251 0.9038173652694614 0.9046936581870302 0.9056441928289591 0.9035549703752472 0.9016289735884868 0.9025875190258755 0.9034766026111196 0.9003641660597236 0.9015427769985978 0.9027552674230148 0.9038812190674658 0.9050370556462758 0.9063180827886712 0.9075090505663905 0.9086191335740075 0.9096563011456631 0.9107124010554092 0.9117376647257127 0.9127423822714684 0.9104648938205475 0.9083333333333338
128 1.0 0.9888268156424581 0.9779847586790855 0.9716024340770791 0.9664378337147216 0.9621022524132999 0.9582772543741588 0.9558869214041628 0.9537170957477581 0.9519438444924405 0.9507290095525389 0.9455526871626379 0.9449823943661971 0.9444789724466541 0.9440313111545987 0.9438181482165956 0.9405698304492219 0.9406400265295969 0.9407874015748031 0.9409206777627831 0.941041785918718 0.9342480641217228 0.9324499870096131 0.9330429371499691 0.9336594678439328 0.9301019823536154 0.9233800350262698 0.9225263157894737 0.9235604217356043 0.9228289537950571 0.9203848693519479 0.9197446420428638
389 1.0 0.9855421686746988 0.9690794096978215 0.9616336633663366 0.9566395663956639 0.9535545023696682 0.9518871837411862 0.9419460343417824 0.9322853688029019 0.9228934817170111 0.9137593100744806 0.9178460476354849 0.9155103299414122 0.9190462988633212 0.9151752880607992 0.9098618851465956 0.9116309291747888 0.9167318217357311 0.9210526315789473 0.921951219512195 0.9201196709050111 0.9163791913895404 0.9134762633996936 0.9108522223629225 0.908268409148027 0.8991228070175437 0.9042507513954485 0.8972731779871094 0.9006947660954143 0.8993590853975406
6 1.0 0.9820565907522429 0.9675202998126171 0.9609810479375697 0.9572608062166099 0.9455587392550143 0.9342414279004226 0.9237482774460266 0.9290944123314065 0.9341375937398109 0.929738058551618 0.9340482573726542 0.9337406015037595 0.9336255479023169 0.9338688585839716
260 1.0 0.9827012641383899 0.9721342621912603 0.9639115250291036 0.9575371549893843 0.9526112185686654 0.9488986784140968 0.9457928802588997 0.9433469996272829 0.9418007531667237 0.9401464501751035 0.9390352175199763 0.9380702239424937 0.9373706004140786 0.9371677138714354 0.9334532374100719 0.9304857621440535 0.9211245607184694 0.9156848306332842 0.8943421949556918 0.8584155265669741 0.8359469240048248 0.8412971731955802 0.8483949285136226 0.8232421874999997 0.820406278855032 0.8274501205875902 0.8094079480940791 0.8165297245045912 0.8230840258541086 0.8245211404360486 0.8097432521395664 0.8147972866382721 0.8054159687325543 0.7901566288747665 0.7814651368049479 0.7718227949141973 0.7640578129261045 0.769793322734506 0.7637096362801685 0.7661450079239377 0.7619867929945529 0.75097765990921 0.7377583397650385 0.7426910368480585 0.7312344788913027 0.7360203482684511 0.7449584816132957
136 1.0 0.9824679703304113 0.9724137931034481 0.9692001987083952 0.9676898222940225 0.9611260053619302 0.9565838331905169
137 1.0 0.9844155844155844 0.9741564967695621 0.9560975609756097 0.9529780564263322 0.950842057350933 0.9495596477181744 0.9493670886075947 0.9495012468827927 0.9395296752519594 0.931087289433384 0.9285380663241473 0.9200338481066213 0.9065025009619081 0.901430842607313 0.8887985693383187 0.8944360902255637 0.8824020016680564 0.884363356032378 0.877711561382598 0.8791797151227394 0.8817295865266344 0.8735923177651689 0.8628479225494171 0.8676625924249304 0.8663662606491612 0.8675295516080065
5 1.0 0.9890434049726086 0.9786359901396877 0.9718082964156263 0.9653679653679655 0.9593558282208591 0.9536448598130843 0.94953802416489 0.9463087248322148 0.9434202161474889 0.9408212560386474 0.9392563156400796 0.937868237814676 0.9366286438529785 0.9359311498924218 0.935308753675639 0.9347499463404164 0.9310764240827083 0.9243326291530631 0.9248312351760627 0.9251653324051514 0.925469971718516 0.9201272871917263 0.9180876979293544 0.9188439643847612 0.9197427293064876 0.9207072060005357 0.9134956874682901 0.9087829663682554 0.9001158748551563 0.9017637865594997 0.8930128682335423 0.8859424593017301 0.8862849797290615 0.8882296650717701 0.8835724201758443 0.8760855940549734 0.8784357929419925
11 1.0 0.9925373134328358 0.9823929571828731 0.9730665640631012 0.967322688451541 0.9599297012302286 0.9557640750670242 0.9527856468366384 0.9505445981748603 0.9436865021770683 0.9422972237343495 0.941341494516705 0.9406272444338041 0.9351479289940828 0.9297917154224199 0.9299250771264875 0.9303049159925327 0.9254530477759474 0.9206706195052138 0.9216669882307545 0.9226841721371263 0.9235955056179777 0.9246395806028834 0.9256840796019901 0.9267680496087406 0.9252704031465093 0.9239115874079036 0.9249775956983741 0.9223842739378567 0.9167084796788759 0.9159361114446979
140 1.0 0.9872673849167483 0.9757236227824463 0.9700214132762313 0.9597146454049518 0.9569486404833836 0.9488229273285567 0.9480198019801979 0.947620388622923 0.9476520400307927 0.9477892756349952 0.948006932409012 0.9481927710843373 0.948526669153301 0.9458896982310093 0.9421232876712328 0.9430308849415906 0.9400784313725489 0.9411158545561606
15 1.0 0.9882583170254403 0.978468899521531 0.970620239390642 0.9645494830132939 0.9601769911504424 0.9569206222576784 0.9483870967741934 0.9410801963993453 0.9403614457831324 0.9405613648871766 0.9366037735849055 0.9293302540415703 0.9309757136770344 0.9229422066549912 0.9188896899783706 0.9100299900033322 0.9104059729351376 0.8922770019948703 0.8802713848609816 0.8849624060150374 0.8875397854532593 0.8779999999999998 0.8828469452026032 0.8873882820258192 0.8723404255319148 0.8641450507504129 0.8519302818048562 0.8374970814849436 0.8310171496156159 0.8358314479638047 0.844861850118601
16 1.0 0.9902120717781403 0.9814624098867147 0.9743833017077799 0.9683377308707124 0.9635184434535873 0.9529499626587005 0.9506172839506172 0.9430920012646221 0.9369894982497082 0.9366368805848903 0.9371884346959122 0.9379167624741319 0.9386581469648562 0.9323977070567305 0.924781976744186 0.926878808395396 0.9288650015807778 0.9306974677920924 0.9229600994063233 0.9121612944651342 0.9019132961976265 0.8988648090815272 0.9020034843205573
145 1.0 0.9919606967396158 0.9846873670778392 0.9783132530120482 0.9728915662650602 0.9681077250177179 0.9642857142857143 0.9609423434593924 0.9581029967995345 0.9557013945857259 0.9526567615210274 0.9510572582561179 0.9498320268756998 0.9413378349862839 0.9406337745687925 0.9399961781005158 0.9093965669792955 0.9104124408384041 0.9009900990099008 0.9025210084033611 0.9039250146455768 0.898010647240123 0.8997177039924719 0.8846984126984124 0.8802687843616369 0.8640253194232795 0.8568687210746131 0.8601565898216613 0.8618455428989442 0.8650961441659113 0.8682320978071023 0.8712574850299398
401 1.0 0.9825072886297376 0.9709677419354839 0.9634641407307171 0.950657894736842 0.941449814126394 0.9089494163424122 0.898203592814371 0.891316848763657 0.8702138239681748 0.8686868686868687 0.8535273647579878 0.8483345145287029 0.8373733487238679 0.8293960200162921 0.820103626943005 0.806741143893822 0.7982334603394525 0.807431340872375 0.7952069716775616 0.7881046119235123 0.7823827548598231
19 1.0 0.9902597402597403 0.9818822345244086 0.9749187180678124 0.9689521345407502 0.9640431482221334 0.9600739371534195 0.956656346749226 0.9538165490699165 0.9514679448771719 0.9496644295302012 0.9392207792207792 0.9386264003896735 0.9379738111647139 0.9272185571398168 0.9209423038530643 0.9123102866779088 0.9075615370993446 0.8858668446520939 0.8684087727484832 0.8291222433182412 0.835045820605387 0.8415451320457229 0.8475526217461697 0.8529655498993722 0.8438438438438435 0.8175862421946971 0.8068424803991442 0.7917432726057156 0.7866216433510207 0.7918439990714229 0.794218447325287 0.774959938688778 0.7598840274117062
148 1.0 0.9884547069271759 0.9813163481953291 0.9749596122778676 0.9694072657743786 0.9648745519713262 0.9611129735165941 0.9583980130394288 0.9561707035755479 0.9546787523327113 0.9533961328705999 0.952479815455594 0.9518693596905887 0.9513372209933643 0.9508692365835224 0.9505338078291815 0.9473684210526316 0.9473266698397589 0.947289156626506 0.9472854891849305 0.9426162632580908 0.9405194805194804 0.9387400793650793 0.9371143806359753 0.9377343483695034 0.9327475865061285
144 1.0 0.9833546734955185 0.9754327191513121 0.9698443579766537 0.9660585490029698 0.9570847206807249 0.9561805101373445 0.9555815312682641 0.9552042160737811 0.9552806850618457 0.9553435941903315 0.9554760484993042 0.9525200876552228 0.9531907728573834 0.9538293557947278 0.9494803695150116 0.9408999328408327 0.9402160261240894 0.9418618335883252 0.9414946462081907
22 1.0 0.9834605597964376 0.9730061349693252 0.9644087256027553 0.9572649572649571 0.951268025857782 0.938191881918819 0.9348757497857753 0.9329652996845423 0.924762600438276 0.9254079254079252 0.915398660986001 0.9076751946607339 0.8982111363063742 0.8750854798267605 0.8735294117647056 0.8790007806401247 0.8846918489065605 0.8826647817635623 0.885321100917431 0.8690476190476188 0.8586806513938723 0.8611361587015327 0.8676328502415457 0.8734953440835791 0.8749598544053097 0.8802383116227404
278 1.0 0.9651006711409396 0.9452054794520548 0.9377510040160641 0.9342105263157894 0.9325997248968362 0.9224537037037036 0.9158415841584155 0.9190004308487718 0.9206165703275528 0.9231297185998625 0.9263766352296925 0.905761981690899 0.9105493437044236 0.9120783460282914 0.907212475633528 0.9068868587491213 0.9089739466066257 0.9106161841128431 0.9150335754419622 0.9173803526448361 0.9188650486575212 0.905851867847117 0.9107142857142854 0.9053739405793049 0.8946546338077065 0.8888799160138915 0.8722854973424478 0.8546308820388737 0.8414563294816398 0.8355224233818543 0.8242919935458813 0.828755206411142 0.8244544918419575 0.8186748959648464 0.8113257946754603 0.8050727650727739 0.7945112990984622 0.7878108980444335 0.7886688027963933 0.7920022312868297 0.7842460011401396 0.7871052885698682 0.7891240921224186 0.7902026926176922 0.7845286564359546 0.7795899875410585 0.7803769036923416
153 1.0 0.9767649687220733 0.9554413024850043 0.9364820846905537 0.9193173002327385 0.9081272084805654 0.9004467134652201 0.8969194312796208 0.8839233894370284 0.8829215896885069 0.8605371900826445 0.8623984710941232 0.8645418326693226 0.8678629690048938 0.862150452934226 0.8666183399782529 0.8700336700336698 0.8740648379052367 0.8723157283807311 0.8616963803349538 0.8560342520738558 0.850477200424178 0.8450223272918307 0.8290248272331713 0.831980906921241 0.8272189349112427 0.8225352112676058 0.8303003727252796 0.830327868852459 0.8386727688787187 0.8317757009345795 0.8398945807939385 0.8369014544860273 0.8420409410326918 0.8395640986832148 0.8371325734853029 0.8347451330063902 0.8422889043963712 0.8373193166885675 0.8403164009393151 0.8468552723871872 0.8530810930412654 0.8518905368706913 0.8573131955484895 0.8612368024132728 0.8540378158685279 0.8548821548821551 0.8531263113722203 0.8409699259959077 0.8426002558122055 0.8446964260083271 0.8508663767927857 0.8498998902021594 0.8489425981873134 0.8427649993915084 0.8391256577806084 0.8295263414898856 0.8276401705250706 0.8196470468224065 0.821800668370361 0.821059336567206 0.824858223062387 0.815100717124201 0.8069672487186237 0.8018578454037313 0.794925493354819 0.7984859127448745 0.7917257859756601 0.795193388190094 0.7992879551623294 0.7892715050075488
29 1.0 0.9890756302521009 0.9785831960461285 0.9686621132985135 0.9594225516972297 0.9509433962264152 0.946064139941691 0.9418767507002802 0.9383791024782319 0.9359137055837564 0.9342301943198804 0.9327303561334087 0.9317151240330755 0.9309649785840262 0.92603550295858 0.9259431765253843 0.9264448336252189 0.9268897149938042 0.9274146341463414 0.9281238481385917 0.9287585123101099 0.9293297942932978 0.9300456908775798 0.9306930693069306 0.9314970743542171 0.9322725418196653 0.930802125178178 0.9294641752258384
416 1.0 0.9689119170984456 0.9596864501679732 0.956730769230769 0.9495232753785753 0.9241146711635748 0.9127725856697817 0.9065031242767877 0.8904 0.8811287477954144 0.8705281090289607 0.8807762110847409 0.8761688147586555 0.8650569784497346 0.8571428571428569 0.8519948519948518 0.8534083388484455 0.8625000000000009 0.8517039994085919 0.8418945511298122 0.8348888192922055 0.8307833889336292 0.8377406388830171 0.8445651641951791 0.8425081671461356 0.8349562933103908 0.8410087719298293 0.8364674278038996 0.8238905599736321 0.8212577027595994 0.8148681418611716 0.8122547539993977 0.8064564396064797 0.8020988389401613 0.8058460899078755 0.8012503435009614 0.8019928461931515 0.7919894614684921 0.7907588279489086 0.7855344543561347 0.7761385896180184 0.7672523093642417 0.7668053294748861 0.7663596412016096 0.7584966251375175 0.7566958995022471 0.7491993536065763 0.7529224521156851 0.7571538659131716 0.7615271517751632 0.7609935735432101 0.762237451050189 0.7596804615555239
33 1.0 0.9840881272949816 0.9772609819121447 0.9724933451641525 0.9694423223834987 0.9678160919540229 0.966847670763075 0.9661359615870608 0.9658886894075402 0.9658154031771565
163 1.0 0.9877068557919622 0.9762448606669712 0.9651318730442557 0.9544857768052516 0.9516448672215616 0.9494584837545126 0.9480946123521682 0.9470994890291553 0.9465270121278941 0.9460422499363705 0.9419883040935672 0.9348997628799309 0.9323187825390469 0.9335572974990667 0.9348432055749127 0.9333224914620262 0.9320846657530073
297 1.0 0.975103734439834 0.9663236669784845 0.9481268011527376 0.9499165275459097 0.9428763440860215 0.9326280623608018 0.9200770341839191 0.9096323680427192 0.911390134529148 0.9018521450055406 0.891631205673759 0.8845371312309258 0.8759124087591241 0.8710010319917441 0.8771202412363363 0.881348624644305 0.8718009292070257 0.8672096574794583 0.862768817204304 0.855834673926498 0.8617315219894118 0.8568087169832889 0.8521766694843664 0.8510784158624737 0.8463502037209812 0.8508201227893392 0.8481706794619184 0.8429898989899022 0.8425118934348264 0.8361948456933953 0.8327277908384992 0.823941431135828 0.8185831960461277 0.8084822445724686 0.8029715561897057 0.8044473318961671 0.804349053939562 0.7990911131059211 0.7961968680089448 0.7966038737065493 0.7952530891964078 0.7925832146436628 0.7887917071590489 0.7835887762320147 0.7822491106428233 0.7813488110191815 0.7782907937603762 0.7765540568411428 0.7718456151394657 0.7705270300836834 0.7660329759437701 0.7610212053571337
41 1.0 0.9925465838509316 0.9856516540454364 0.9797449362340584 0.9746568109820486 0.9701591511936339 0.9665323830182831 0.9634464751958224 0.9609226594301221 0.9587995930824008 0.9569274946159367 0.9512965050732807 0.9501172457898102 0.9491525423728812 0.9482857690097679 0.9475887170154683 0.9470404984423674 0.9465434746741459 0.9384519738887159 0.9386939138160814 0.938914027149321 0.936833580780132 0.9372579395817193 0.9376777544206749 0.933831376734258 0.9343888825606559 0.9275141488898561
430 1.0 0.9679144385026738 0.9588571428571427 0.9567307692307692 0.956782713085234 0.950931394820536 0.9354838709677418 0.9418672930123311 0.9339045287637697 0.9167192429022081 0.9058101768314686 0.8973963950084732 0.889776357827476 0.8826132525911262 0.8906957595718403 0.8912685337726524 0.8932102834541863 0.8853589090364167 0.8789625360230569 0.8807947019867575 0.8735465957077604 0.8788688946015456 0.8798606803759758 0.8746504505304302 0.8732487772527584 0.8665081382477158 0.8653478958221958 0.8629959637499054 0.8594828239933271 0.8577028067473923 0.8559294560072607 0.8512227172206003 0.844782910952409 0.8404311992729755 0.837662337662335 0.835428073668489 0.8299199950576065 0.8297872340425495 0.8292952432286712 0.8232114806038453 0.8220590805803132 0.8140383761653375 0.8089446841898724 0.7998307338894869 0.798534143725413 0.7978334776273761 0.7921209842503159 0.7900985149855168
47 1.0 0.990773962070733 0.9836214740673339 0.9782345828295043 0.9741193386053201 0.9709771041599485 0.9688311688311689 0.96709323583181 0.96573060447406 0.964935064935065 0.961046626008263 0.9611161116111613 0.9583126550868487 0.9590254706533778 0.9569613689395905
50 1.0 0.9817927170868347 0.9751972942502818 0.971000935453695 0.9690282617111884 0.9682024659312134 0.9676880222841224 0.963151515151515 0.959734418505033 0.9604834068674466 0.958095238095238 0.9563167818981771 0.9574284481518768 0.9559798461946432 0.9526322248128604
178 1.0 0.9734513274336283 0.9490566037735848 0.9540816326530611 0.954483695652174 0.9481093016836876 0.9403122130394858 0.9366653948874476 0.9344581440622972 0.923249299719888 0.9189676703205217 0.9232157901071127 0.9266793812248357 0.9164162283996998 0.9118115516807791 0.9154378573578106 0.9178228388473869 0.9146064731876291 0.9104268719384212 0.9041735577390829 0.899113475177307 0.8945715206185577 0.8922466535652047 0.8878951321089638 0.8858759576564823 0.8844836317059351 0.8828569028753794 0.8803013539855621 0.8771829869454255 0.8731857807277877 0.8702029602056153 0.8671440606571146 0.8654674232363431 0.8615098606665723 0.8573151125401878 0.8548990800013937 0.8511905766407286 0.8480388978930247 0.8443945908892564 0.8399179066187722 0.8373756761472623 0.8337279515810342
52 1.0 0.9871794871794872 0.9704516673701983 0.9652859960552267 0.961398397669337 0.95197835644234 0.9441305712492151 0.9369202226345082 0.9299207800121876 0.9300817592331547 0.9303847160429206 0.9314009661835748 0.9286669638876504 0.9299191374663072 0.9311278777326368 0.9321849501359927 0.9333219935363156 0.9343264456190933 0.9309798955200251 0.9325909428359316 0.9317548746518104
56 1.0 0.9897843359818388 0.9810625986322987 0.9738751814223512 0.967756381549485 0.9627637567232106 0.9587628865979381 0.9554770318021201 0.9527868852459016 0.9507299270072992 0.9393599101628297 0.9387113672079622 0.9380073800738006 0.9376443418013856 0.9268605645851153 0.9205776173285196 0.9119307489649978 0.9071834992887623 0.8884422110552761 0.8735560412113641 0.8789984078737875 0.8441381192848365 0.8343285478338199 0.8076078159324773 0.7988915281076797 0.7942511346444776 0.7791129174765856 0.7823474655157819 0.7666139240506334 0.7494657726033479 0.7549833297864821
187 1.0 0.9581993569131834 0.9326186830015314 0.9019607843137256 0.8761290322580646 0.8631452581032413 0.8533333333333333 0.8448810754912098 0.8429906542056074 0.8163771712158807 0.80064308681672 0.8051282051282049 0.7779164067373672 0.7686486486486483 0.7615641392465423 0.742591024555461 0.7411188240097996 0.7652142599927976 0.7644444444444439 0.7630922693266828 0.791140939597315 0.7848268569918051 0.7841945288753797 0.8096470153391238 0.8285895003162552 0.8242585909304876 0.848005066497783 0.8606695975650993 0.8709999999999997 0.8776170365711201 0.8755281117972055 0.8760171623021167 0.8766203549823854 0.8776821432900979 0.8777054470594807 0.8760403950726917 0.8768376683458445
60 1.0 0.9785831960461285 0.9592156862745098 0.9427312775330396 0.9344709897610921 0.9245516388373531 0.910411622276029 0.9090047393364927 0.9090558766859342 0.9008702232311765 0.9043062200956935 0.8984400929306338 0.8910761154855642 0.883879338306844 0.8891836133215443 0.8898101096549879 0.8896007885657958 0.8894219785241032 0.8935086974968178 0.8907017888735993 0.8948717948717949 0.8910675381263616 0.8926763415457307 0.8974921630094044 0.8996947230702137 0.9036865732553394 0.9014897329217554 0.9051941502773575 0.9045023696682464 0.9078196666293769 0.8968079539508109 0.890085993871701 0.8853706661655547 0.8858414959928763 0.8793852322084874 0.8750099514369889 0.8683616669174086 0.8728149054024912 0.8639483520217496 0.8628710528095237 0.8618044809257921 0.8540537092556014 0.8424702973282723 0.8271276595744742 0.8309076769247922 0.8271565664598972 0.8376591814912083 0.8303870487532629 0.8287645860344574
74 1.0 0.9890909090909091 0.9813760993274703 0.9760213143872113 0.9722329348245276 0.9695637470409197 0.9675675675675675 0.9664626031408038 0.9573322286661143 0.951063429324299 0.9521679284239505 0.9474683544303798 0.9436167104878761 0.9313856874832485 0.9229909328033784 0.9196563334494369 0.9026586620926244
203 1.0 0.98330122029544 0.9678615574783683 0.9595375722543352 0.9529159978598181 0.947211155378486 0.9429622815087396 0.9393162393162392 0.9361532322426176 0.9338289962825278 0.9322268326417703 0.9308338720103425 0.9298033282904689 0.9290780141843971 0.9287802285410576 0.920237800346792 0.9208013044491029 0.9209887442065766 0.9213059857681035 0.9125683060109288 0.904622157006603 0.9003818118708781 0.9025674786043448 0.8988412151581583 0.8799762329174092 0.8646763392857141 0.8602913709376164 0.8267250562196706 0.8296228986824168 0.8345864661654132 0.8400245800901266 0.8159741984443175 0.8009571074087198 0.7966995576726773 0.776148813746356 0.7604737231680269 0.7505336558986807 0.7567641807444074 0.742108969844426 0.7371575342465818 0.7234176852011326
76 1.0 0.974559686888454 0.9667422524565381 0.963248369887374 0.9637023593466424 0.9583333333333331 0.9552941176470586 0.9548076923076921 0.954720032342834 0.9549393414211439 0.9577764277035238 0.9488199416600371 0.9458884688090737 0.9454506712124441 0.9467909505777259
78 1.0 0.983575489576753 0.9704713231118685 0.9629825489159176 0.9577735124760077 0.9476130122517956 0.9470346885490489 0.9466666666666668 0.9387149917627678 0.9309446254071664 0.923349436392915 0.9159235668789812 0.9208737864077674 0.920700985761227 0.9241516966067866 0.9208173690932315 0.9179004037685063 0.9142189586114822 0.9095958037642705 0.9133677567412509 0.9143812709030101 0.9176676676676678 0.9206386475698521 0.9154711984109469 0.9166666666666667 0.9128139966767668
79 1.0 0.9918809201623816 0.9844827586206897 0.977796052631579 0.9717978848413631 0.9670087976539589 0.9627971064416121 0.9595375722543352 0.9570405727923628 0.954874651810585 0.9529780564263323 0.9514110429447852 0.9459709074116831 0.9452768729641693 0.9446607911457265 0.944207671445176 0.9438016528925617 0.9436129481378347 0.943443029601455 0.9433695139216609 0.9433028348582568 0.9433152018322356 0.9433264887063654 0.9390466267257097 0.9371179039301308 0.9374999999999999 0.9379167624741318 0.9364378724343411 0.9369828134945893 0.9356486210418793 0.9344100846956863 0.9301334848054528 0.9308705193855156 0.9270741588867362 0.9250764525993889
210 1.0 0.9824679703304113 0.9828729281767955 0.9737406216505894 0.9692470837751855 0.9648478488982161 0.9606319606319605 0.9565217391304347 0.9525132609244757 0.9486027944111776 0.9447867882671924 0.941190765492102 0.9376947040498441 0.934294493027653 0.9309862438796922 0.9277662755923625 0.9247847757136384 0.9178754742245033 0.9151275285839928 0.9124593716143011
83 1.0 0.9887201735357918 0.9819967266775778 0.976163014225298 0.9715504978662874 0.9679633867276889 0.964816499848347 0.9621896162528217 0.9600945129955369 0.9583639480773941 0.9568510442965343 0.9556034482758621 0.9546650475612224 0.9538344143456695 0.9499279538904898 0.9496598639455781 0.9494933247547047 0.9456174024312218 0.9417846349610305 0.9379943055994935 0.9342457133868174 0.9322691332239292 0.9330401475386576 0.9337390128465176 0.9343754036946128 0.9329553857530192 0.9316601861670788 0.9304033442548861 0.9311991318502438 0.9267102667912381 0.9260440546197545 0.9254932005362954 0.9234520195050142
340 1.0 0.9847715736040609 0.9676470588235294 0.9600772698003863 0.9466230936819171 0.9337252805986103 0.9213011542497376 0.9093250901597114 0.8977732793522266 0.9052540913006029 0.9062614426949835 0.9072721498888535 0.9139605883985567 0.9193310378750614 0.9139523578026252 0.9089820359281438 0.904154863078376 0.9014839241549877 0.9066133720930233 0.9143317230273753 0.9205776173285197 0.919534282018111 0.9227427497945284
88 1.0 0.9904458598726115 0.9824390243902439 0.9764910753156291 0.9646226415094339 0.9551441794232822 0.9530179445350734 0.9513513513513513 0.95042687964748 0.9498734177215189 0.950034698126301 0.9505494505494504 0.9511533242876525 0.9520511454448587 0.9498607242339832 0.9481268011527376 0.9467005076142131 0.9477710366657873
89 1.0 0.9889366933005531 0.9725609756097561 0.9707078925956061 0.9695637470409199 0.9691516709511567 0.9689884321929608
92 1.0 0.9910625620655412 0.9839500668747213 0.9781553398058251 0.9736938253562294 0.9701986754966887 0.9678667063373996 0.9660102508767197 0.9600296076980014 0.9591651542649727 0.9588955781606808 0.9588100686498855 0.9557039901564421 0.9503327381918518 0.9509536784741143
225 1.0 0.9771729587357331 0.9645732689210949 0.9545121056493028 0.9500312304809492 0.9467101685698747 0.9441502166586421 0.9421166306695462 0.9406713505074158 0.9321387723980171 0.9243604004449384 0.9268292682926825 0.9189903140592893 0.9216626698641084 0.9163863527150405 0.9058602024005646 0.9106073567151409 0.9115699259836383 0.9155332856120255 0.9193150008233161 0.9200729372435799 0.9094066972349588 0.8974094599819562 0.889424773556052 0.8726128472222219 0.8776046935059678 0.8661723818350322 0.8584970699758713 0.8518279916250622 0.8570557756781485 0.8620191960741881 0.8653332420028788 0.8582565556343045 0.8547008547008578 0.8564203917921325 0.852769598311021 0.8424166274017113
353 1.0 0.9729448491155047 0.9564356435643564 0.9492219492219491 0.9441340782122905 0.9403530127814972 0.9300991131977047 0.9294663573085846 0.9151914368052695 0.9171291157972622 0.9187101108498488 0.9206833435021353 0.9135700522983758 0.9079309482111583 0.89910570969961 0.8859758635039532 0.8696324951644099 0.8721181556195964 0.8479061976549411 0.8403828342080887 0.8232059389606816 0.8230680210878227 0.832472058646797 0.8132483796550585 0.8151399359702568 0.8080483289486502 0.8154553817847283 0.8212115952091649 0.8162729658792659 0.8150360772751973 0.81140125045973 0.8056241426611829 0.8029475982532784 0.7953753563509705 0.7818096412424459 0.781123595505624 0.7676392017180944 0.7583697234352337 0.7637195856420219 0.7578172047991932 0.7648682336182421
355 1.0 0.9691577698695136 0.956392467789891 0.9491803278688524 0.944095038434661 0.9319648093841642 0.9217704580545547 0.9070816418583669 0.8987341772151897 0.9025341130604287 0.9056005635787249 0.9089171974522292 0.8926940639269405 0.8885721689556879 0.8853895335069853 0.8731790916880889 0.8608903020667725 0.8640561507203545 0.842935528120713 0.8384858044164034 0.8416184971098263 0.8394666666666664 0.8339493136219638 0.8256124181421292 0.8251146147825111 0.8098367388848955 0.8117624666920438 0.8228611998580045 0.8128579495039134 0.8212985436893216 0.8105336105336134 0.7986133197633781 0.7880746692442511 0.7826862237561175 0.7671345093113502 0.7650451626945335 0.7611940298507542 0.7550279463048862 0.7504209873260752 0.7445681413731842 0.750099072679728 0.75465614687252
103 1.0 0.9897084048027445 0.9762033531638724 0.9692307692307692 0.9647732276530162 0.9542906425183268 0.9529946929492039 0.9524128686327077 0.9518796992481202 0.9517484413120086 0.9516407599309153 0.9462078992003877 0.947031560361951 0.9479628882613957 0.948917268184342 0.9497264021887825 0.9477848101265822 0.9462555066079295 0.9450669581852965 0.9462709479339899
108 1.0 0.9927884615384616 0.9860031104199066 0.9796763266842303 0.9738276990185387 0.968365553602812 0.9633649932157394 0.9589442815249266 0.954985933104095 0.9517282479141835 0.9433476394849785 0.9362397820163487 0.9343065693430656 0.9325337331334331 0.9272121788772596 0.9261622607110299 0.9254901960784312 0.9247334309011079 0.9133400200601804 0.9099307159353348 0.9074040051442218 0.9081147685266676 0.9087683730359857 0.9095037301329871 0.9075054500155713 0.9083557951482478 0.9064259927797832 0.8951165371809099 0.8940184664793254 0.8910495814552477 0.8925239457643983 0.8939011187297002 0.8953001395998136 0.8968191525233222 0.8885630498533722 0.888410213302511 0.8804227478610969 0.876018626309662 0.8764573147799921 0.8772727272727269 0.8764519535374867 0.8727102325977681 0.8747722378664904 0.8768115942028991 0.8761822871883068
109 1.0 0.9845605700712589 0.9753777280358142 0.9682539682539683 0.9560219890054972 0.9443631039531478 0.9433962264150944 0.94341757827235 0.944278606965174 0.9451003541912631 0.9470267462996623 0.9448275862068964 0.9467931532274695 0.9485650391352963 0.9470468431771893
111 1.0 0.9806259314456036 0.9699248120300754 0.9629629629629631 0.9583550234252994 0.9551692589204026 0.9536 0.9526166902404526 0.9521109010712036 0.9414772727272727 0.9423274974253346 0.9431524547803617 0.9442179789744689 0.9388152766952454 0.9404697866236328 0.936092715231788 0.937960687960688 0.9320194230219937 0.9202226345083487 0.9231055438422423 0.9258742883699314 0.9247498912570682 0.925531914893617 0.9194837715496483 0.9179171939974692 0.9208885091841098
112 1.0 0.9873684210526316 0.9776258545680546 0.9701822197680839 0.9642324888226527 0.9595323741007193 0.955810147299509 0.9530201342281879 0.9509870660313138 0.9491365777080062 0.9479618386816998 0.9468313641245971 0.9375309866137828 0.9298486932599723 0.9005947323704331 0.893153937475267 0.8754098360655735 0.8696551724137929 0.8744321868916285 0.8386508659981765 0.8141304347826083 0.8138406537282937 0.7942617214835545 0.7996252617656779 0.7817299919159253 0.789291882556131 0.7780584322640395 0.7674905402141531 0.7526962252846031 0.7600977432801511 0.7535010197144826 0.7453862591465427 0.7513722554890258 0.7393645034817771 0.7270425016516251 0.7321618743344048 0.7274347095657558
125 1.0 0.9824324324324324 0.9659685863874345 0.9509125235997482 0.941712204007286 0.9338363319791062 0.9280653950953679 0.9233128834355828 0.918762088974855 0.9150296939241663 0.9081102676787854 0.9061317183951552 0.8991163475699556 0.8947368421052629 0.8866043613707162 0.8842927393693951 0.8865979381443296 0.8843017329255859 0.8792488709294031 0.8743291592128798 0.8775596369009919 0.8744803009305084 0.8781763826606872 0.879149833128403 0.8560967844635463 0.8442099004013672 0.8418525840158143 0.8237699511937734 0.8215269086357943 0.8098057792515391 0.8171171171171167 0.812214551248008 0.8014873574615762 0.7810404205183972 0.7844394385721707 0.7917220744680846 0.7806381152976062 0.7756704696992166 0.767249375668929 0.7742912193779274 0.7677157626120563 0.7511038223792154 0.7360525082044137 0.7417710044756738
119 1.0 0.9511278195488723 0.910344827586207 0.9144254278728606 0.900469483568075 0.8841088674275679 0.9001996007984031 0.88967009194159 0.8796861377506537 0.8868335146898801 0.8706498306128732 0.8607227644420995 0.8594815825375168 0.8557910673732019 0.8467432950191569 0.8417545807884507 0.854500103928497 0.8529290429042902 0.8579460269865066 0.8659380070019641 0.859488742170307 0.8675732055937581 0.8613540197461231 0.8565422676411643 0.8608800482218232 0.8598282385442344 0.8645365285405255 0.8566586485895509 0.8500223624708089 0.8459689349112475 0.8461472085598462 0.8493217447810943 0.8482016858003771 0.8415379722232059 0.840827669334049 0.842658786896706 0.8403672629412703 0.8372072206474712 0.8341562508816966 0.8334503808546259 0.829710979699458 0.8263327161095386 0.8237899841462248 0.8216242705038502 0.8191902384913994 0.8184682191664147 0.8159026518008151 0.8091508412870166 0.8061833849875221 0.8022522278256724 0.799331918299169 0.7970425821178536 0.7938377888536404 0.7934190314495846 0.7894851251474989
249 1.0 0.9702970297029704 0.9755327545382795 0.9727777777777779 0.9647887323943662 0.9579967689822295 0.9588034636578328 0.957568429152468 0.9529747739171831 0.9510313600536655 0.9484505363528025 0.9444776515906242 0.9393686220683918 0.9367054073225323 0.9313715710723222 0.9263899049012457 0.9207419898819574 0.9154775828460044 0.9108500594573167 0.9080452015516943 0.9057328047322372 0.9015890798667396 0.8976643790126168 0.8935269839611278 0.8892109500805122 0.8853750321389302 0.8829737905451617 0.8795357412218177 0.8761149850010881 0.8725542241771527 0.8688375807739728 0.8646517053467222 0.8612599082186007 0.8568791434579452 0.8531863653204825
122 1.0 0.9824915824915825 0.9726027397260275 0.9648326715825299 0.9585277345775014 0.9538171536286523 0.9498920086393089 0.939906898011003 0.938056523422377 0.9309616061993656 0.9199231262011528 0.921499707088459 0.9181695827725435 0.9132035770647026 0.9024508614413974 0.8921102661596957 0.8967629046369202 0.8911782356471293 0.8868479059515062 0.8869198312236286 0.8823529411764705 0.8887776983559684 0.8780012978585332 0.875408249667352 0.8603931963772917 0.8487789925411258 0.8494726749760304
379 1.0 0.979020979020979 0.9705400981996726 0.9460107978404317 0.9223021582733811 0.9293563579277865 0.9251918158567773 0.9156388751850023 0.9235963727570904 0.9356066149568271 0.9254858274538926 0.9146211312700105 0.9189591078066918 0.9180691240456457 0.9118488838008031 0.9123022279625465 0.909434840812528 0.9026185270118959 0.8985371619957679 0.8921407731582823 0.8863187943411301 0.8843780703478109 0.8792249094001934 0.8757781255433841 0.8729008890352319 0.8700298210735578 0.8690286389134915
124 1.0 0.9752808988764045 0.96913887506222 0.9660297239915074 0.9645441389290883 0.9641421947449769 0.9593908629441624 0.95992456388496 0.9605704697986577 0.961088024178315 0.9584834448447417 0.9593177906430918 0.9603253888968174
253 1.0 0.9776119402985074 0.9725609756097561 0.95343235648334 0.9448051948051948 0.9479944674965421 0.9357967667436489 0.9274447949526812 0.9325646401118097 0.9216885897828081 0.9179165530406325 0.9062346588119783 0.8971910736094147 0.8865906568459285 0.8896882494004794 0.8883917264668642 0.8800944617962992 0.870405509874203 0.870065359477127 0.8652152641878703 0.8728905669012103 0.8676368305601665 0.8668806741234931 0.860423697037875 0.8594356838706707 0.8531103209096151 0.853016423207069 0.8554320265262377 0.8487847474894512 0.8442758620689673 0.8396474611944236 0.8315716839695136 0.8257677500223826 0.8189189960882832 0.8175216358622928 0.8128694215729264 0.8110487566287361 0.8063463458587986 0.8022949150973907 0.7983518294692841 0.7962578842653292 0.7922910456902476 0.7907627301003478 0.7866721529167456 0.7854444724250748 0.7811396178299974
