0 1.0 0.991421568627451 0.983551987468181 0.976400074920397 0.9705107951553449 0.9653179190751444 0.9610870907967881 0.9576307825335062 0.9549899531145344 0.947578632051922 0.9409697821503864 0.930974033088638 0.9261939218523877 0.9178162606398589 0.9067530064754854 0.8990644579864386 0.9018375241779493 0.8948885181252839 0.8977370380979658 0.8948863636363632 0.8975806969133026 0.8886210221793631 0.8914541695382491 0.8940324703817459 0.8910957838510601 0.8937868795557095 0.884974974029653
257 1.0 0.9888416578108395 0.9799283154121864 0.9795772975540251 0.9792354884379424 0.9731848184818481 0.9686074101113341 0.9655671761866451 0.9633919633919633 0.9616522970016728 0.956501935777727 0.953009982857719 0.9542094826032088 0.955178877027137 0.9561156412157152 0.956958587915818
130 1.0 0.9924050632911392 0.985040071237756 0.9782157676348547 0.9718781386006026 0.9660468876313661 0.9606003752345216 0.9556427278213638 0.9514661274014156 0.9480840543881335 0.945468709426123 0.9382731169626454 0.9368713146028441 0.9313351498637601 0.922572716099959 0.9224489795918366 0.9186121620374641 0.9186834462729913 0.9187484229119354 0.9155677066580894 0.9155833734553042 0.9156057330450799 0.9097721364122956 0.9108614778612592 0.9121123626755668 0.913251411491199 0.9142929806714142 0.9083877205704618 0.909749174535133 0.9110023361886751 0.9122628907293615 0.9135168447000822 0.9085432098765432 0.9099296176526536 0.9076318075815081
131 1.0 0.992609537216259 0.985594237695078 0.9790732436472347 0.9731328962098192 0.9676175790285273 0.9626001780943899 0.9579459304820482 0.9537508602890571 0.95 0.946956302096489 0.9441759304011599 0.941626129256428 0.9397018221976807 0.9396342806785635 0.9382974273164608 0.9331879460745438 0.933148734177215 0.9325061101710846 0.9319240415621639 0.9315173768252069 0.9277206722140641 0.9242483404919951 0.9242061114439782 0.9241672062738324 0.924170616113744 0.924179446753619 0.9243622361273465 0.9246353857321982 0.9248873945314977 0.9252165426375503 0.9257045760824983 0.9261555806087937 0.9265736164666267 0.9269621712249816 0.927327935222672 0.9277402952967634 0.9281968916812319 0.9250011391078506 0.9256518675123326 0.9246053695272943 0.9218318850129734 0.9194331661491925
128 1.0 0.992196209587514 0.9853121175030599 0.9793374877008855 0.9740620657711904 0.9738501768958622 0.9699205448354142 0.9664642196989701 0.9635512867873414 0.9612873668537395 0.9549241615039521 0.9535674972480735 0.9523719879518071 0.9513105286539315 0.9505365526492285 0.9466011725558546 0.9462300991288674 0.9459767657330195 0.9457479994574798 0.9455403919539485 0.9380444117286221 0.9358696289348729 0.9362370902559495 0.9366462299666557 0.9326863514350607 0.9254076957185788 0.9243263721172512 0.9252404613210555 0.9243129335323557 0.9216035257225187 0.9207961339995087 0.9186478161282683
389 1.0 0.9850905218317358 0.974058060531192 0.9663371627037135 0.9612188365650969 0.9580419580419579 0.9579281603492755 0.9563348805226061 0.9487490523123577 0.9487525286581253 0.9403794037940377 0.9385480679095926 0.9411326378539492 0.9433232425159769 0.9420932009167301 0.9382207002585783 0.9325251747803217 0.9279641001417097 0.9161366821170635 0.9202833482989122 0.9113291458438401 0.9137938399760773 0.911348082126373
6 1.0 0.9880478087649402 0.9875635952515546 0.9791616186091592 0.9788410675643183 0.9745347698334965 0.9721547676865792 0.9704827586206896 0.9647253787878787 0.9604841212371986 0.9574390355283586
260 1.0 0.9875259875259875 0.9770617149098852 0.9686567164179104 0.9619909502262443 0.9568078979843685 0.9524886877828054 0.9490202878446331 0.9466073414905449 0.9442231075697209 0.9441258638435522 0.9424048041490376 0.9409143002674135 0.9397619047619046 0.939178690344062 0.9348722176422092 0.9314176245210726 0.9211980745230876 0.9152115513767626 0.8924031007751934 0.8542539361548457 0.8589330959391901 0.8360314673948372 0.8435631482611343 0.8502298850574708 0.8247680600437813 0.8216013426794347 0.8286062538090099 0.8102722181218246 0.8171267512227468 0.8186928466806536 0.8034767236299359 0.80898678414097 0.8138842863422727 0.8198882826708247 0.8035524517990006 0.7957598596208647 0.7852956698052983 0.7885295062654002 0.785453985525848 0.7788274657416348 0.7632982423596043 0.7501481465224055 0.7555214462351916
136 1.0 0.9881053525913339 0.9876923076923076 0.9809776598097766 0.9770279971284996 0.9684898929845421 0.9625553447185325
137 1.0 0.9838895281933256 0.973188637089052 0.9543478260869565 0.9510489510489509 0.9487908961593171 0.9474436896675007 0.9472693032015065 0.9474416017797551 0.9370943584623064 0.9283276450511944 0.9257023933402703 0.9130025421335088 0.9024935511607907 0.8973267092500586 0.8843059079376581 0.8902880107166774 0.8779220779220774 0.8801027690550952 0.8733467357951535 0.8766881972988839 0.8691821660585561 0.858511242795681 0.8658550332544244 0.8658240155566362
5 1.0 0.9922537808926595 0.9848046309696091 0.9777188328912467 0.9709443099273608 0.9654434753990455 0.9608391608391608 0.9567201530987781 0.9530135645364284 0.9503546099290779 0.9480004952333786 0.9459016393442622 0.9458197104156935 0.9443344334433442 0.9391752577319586 0.9391259640102826 0.9381523753780118 0.9372738238841977 0.9295688065337665 0.9296490789364008 0.9296043222628317 0.9295635673624288 0.9235400797968807 0.9210599334073252 0.9215790523027846 0.922264631043257 0.9228986214468708 0.9149942329873126 0.9097901329524228 0.9014106501483525 0.8907693075732613 0.8926180960177204 0.8850233937091767 0.885267158506595 0.8872069890147911 0.8821955603862714 0.8742168869487894 0.8766088963655569
11 1.0 0.9921700223713646 0.98487576521426 0.9784578560437681 0.9732057416267942 0.9689073141841871 0.9652844744455159 0.9623366641045349 0.9622111579216136 0.9597666944411379 0.9596630679795942 0.9576402750055444 0.9560576225515597 0.95476167362392 0.9547082163940771 0.953661639105942 0.952735679424608 0.9520735839922541 0.9515613099771514 0.9511069445446021 0.9479685899624443 0.9451468585878232 0.945188568606876 0.9428235294117645 0.9430976430976429 0.9433476394849784 0.9414182939362793 0.9417159763313607
140 1.0 0.9913187267465895 0.990952087188978 0.9905949703537109 0.983941605839416 0.9718540337097038 0.9684551886792452 0.9658621149486597 0.963996617131811 0.9625385632437196 0.9613985448666127 0.9604329973870847 0.9597512523751942 0.9558658321296741 0.955777993575857 0.9557664131723992
15 1.0 0.9879621668099742 0.9778012684989429 0.9695799130854659 0.9631821170282708 0.9585635359116021 0.9551202137132679 0.946205571565802 0.938551572787125 0.937769396551724 0.9377624104717213 0.9334465195246179 0.9258874818351669 0.9276831834704418 0.9193928291023289 0.9152405553761701 0.9060962885675954 0.906569343065693 0.8878575969485056 0.8754817669730206 0.8804420629604819 0.8830329462455989 0.8732185273159141 0.8783518639633744 0.8624908456468354 0.86774628879892 0.8593912340785783 0.8445584463173341 0.8320752766001476 0.825503794818114 0.83056042031524
16 1.0 0.9900071377587437 0.980969642048029 0.9735959765297569 0.967251461988304 0.9621689785624211 0.9511140671765879 0.9486238532110091 0.9407365598984054 0.9343408025013026 0.9339382940108891 0.9345211581291758 0.9352983465132997 0.9360912981455063 0.9295985884428758 0.9312546034863735 0.923798004233444 0.9259206998730067 0.9175824175824173 0.9199015687480773 0.9099965249623535 0.8978709607694799 0.8947691363706087 0.8980978260869563
145 1.0 0.9917759937340904 0.984266716613598 0.9776357827476038 0.9719626168224299 0.9669291338582676 0.9628975265017667 0.9593585844622615 0.9563466285565804 0.9537953795379537 0.9517629493510967 0.9501886792452829 0.9405159332321699 0.9396088957055213 0.9387922397303943 0.9049056603773583 0.9060252517180756 0.8957267529340954 0.8974358974358972 0.8989968393568776 0.8925760755508917 0.8944789900131899 0.8782896682240224 0.8598970995646517 0.856047005059572 0.8484071768582933 0.8520680285800539 0.8540188269370018 0.8576271186440674 0.8611011798355378 0.8644461657629741 0.8659315147997674
401 1.0 0.9818417639429312 0.9697406340057636 0.9618413082980011 0.9485294117647057 0.9389534883720929 0.9052412356820546 0.8942222222222219 0.8872411148043976 0.8655925844184503 0.8631667132086006 0.8515066291683404 0.8347270044269549 0.8247711563609187 0.8160683391003457 0.8022269093049489 0.7942797166098134 0.8067640648962787 0.7940641135173284 0.7872648335745309 0.7819911105585454
19 1.0 0.9900568181818181 0.9814118167736224 0.9741644453557514 0.9679083094555874 0.9627329192546583 0.9585321704788546 0.9549010584445466 0.9518762532225722 0.9493704795070987 0.9474474474474474 0.9365263892118111 0.9358778625954197 0.9351651744365543 0.9239637922820388 0.917418893556171 0.9084276729559746 0.903478881052381 0.8808688512353509 0.8627737226277369 0.8219294240427886 0.8281463112213262 0.8350043975373787 0.8413421476584629 0.8470470259143924 0.8377173428444044 0.8107677604332584 0.7942133051742337 0.7895502485149708 0.796669248644461 0.800556483027267
148 1.0 0.9920694864048338 0.98486213732204 0.9784394250513346 0.9730033745781776 0.9683925346177001 0.968201589920504 0.9646878910051438 0.9617571059431523 0.959622506271652 0.9577871584092423 0.9563824289405682 0.955341674687199 0.9544349392165689 0.9536379018612519 0.953010512902198 0.9524561799443314 0.9491152014782174 0.948880496358241 0.9486685915944817 0.9436259588457322 0.9412927226226456 0.9393031513537503 0.9374867331776691 0.9380238760477518 0.9327226019097472
144 1.0 0.9891975308641975 0.9887611749680715 0.9809058614564831 0.9752752559397334 0.9643996641477749 0.962392656203731 0.9609189331925005 0.9598336304218656 0.9593147751605995 0.9588894301022892 0.9586120774239585 0.955155482815057 0.9555421595961117 0.9559366938576307 0.9511597938144328 0.942025513565311 0.9411435604789077 0.9427015136437435 0.9421840490797544
22 1.0 0.9882451721242653 0.9779237844940867 0.9691100759990193 0.9615912208504801 0.9465081723625557 0.942000394555139 0.939031028851388 0.9294473374769022 0.9294078287052524 0.9293436881376579 0.9180327868852457 0.9092752154080079 0.898774762395511 0.8739539208595926 0.8720532319391632 0.8776014109347439 0.8834080717488785 0.8859424438752442 0.8682740771012117 0.8570528967254403 0.8551832132790473 0.85777622214444 0.8646214313008347 0.8707793205923037 0.8722993827160489
278 1.0 0.9753521126760565 0.9604705882352943 0.9517056343426602 0.9464114832535886 0.9461684610512984 0.9325902335456475 0.9235294117647058 0.9244532803180914 0.9260038576187971 0.9277033343720785 0.9302934288469485 0.9078531485533672 0.9123767798466592 0.9135283184975055 0.9080580318126199 0.9074190506130146 0.9093521045826747 0.9108550235114906 0.9152676881753249 0.9175442527447903 0.918945668594051 0.905354919053549 0.9102951635846371 0.9047030213099218 0.8935860058309052 0.8876011838961615 0.8704857621440569 0.8523237204631796 0.8386018415342265 0.8260776667913104 0.820026097446889 0.8158867838393138 0.8204772234273395 0.8146200639241241 0.8071565896339398 0.8009149130832663 0.790166797659603 0.7829599833553055 0.7765477926554529 0.7777883683617005 0.7815522170184402 0.7739728030413915 0.7764197304870776 0.7794438053995645 0.7806656596697855 0.7752619295893654 0.7761474028845003 0.7757398628434781 0.7760651349542833 0.7763767647375911
153 1.0 0.9831189710610932 0.9698167445203018 0.9596153846153845 0.951696377228292 0.9461400359066426 0.9425051334702258 0.9393314073462649 0.9374534623976171 0.9373610081541881 0.9372693726937268 0.9286915573494784 0.9091188210009208 0.909160422082887 0.9092017062766603 0.9054899235580262 0.9056055363321797 0.9083312230944539 0.9013119702774871 0.9014459224985536 0.9055467511885891 0.8901457055214719 0.8952011291460827 0.8966105827846862 0.9011361071401696 0.8998887652947715 0.8900799064509838 0.8946920927972788 0.898612776160301 0.8940008539709646 0.8978337531486142 0.8858634837747106 0.8883991537376583 0.8873591989987479 0.8708150676960089 0.8710272103827162 0.8717868009652726 0.8623979091800088 0.8492598387290925 0.8445940189145478 0.8336428760944598 0.8365658001624745 0.840350237139735 0.8279745770632828 0.8184180965177044 0.8108209892041247 0.8048465527330033 0.8107039180158665 0.8021668673025361 0.7905093007419177 0.794967898663899 0.7985171236907229 0.7892871963482073 0.7776767584932064 0.781462610078648 0.7827520735485259 0.7852104853937675
29 1.0 0.992260917634052 0.9851563880544265 0.9787628518456093 0.9732951835956127 0.9687127532777116 0.9646712463199214 0.9612954186413901 0.9611497571859824 0.9582870541774651 0.9581641442106558 0.9580471050049066 0.9557501728508871 0.9556525735294117 0.955560645974115 0.9539663847553794 0.9525675811476232 0.9514269514269513 0.9505997334517992 0.9498658618376928 0.9492103801285612 0.9487834184439772 0.9483999714916969 0.9481310942578548 0.9480252154895149 0.945496761578883 0.9456534388455718 0.9434632900144395 0.9436948900456814 0.9439670514059083 0.9442168909693777
416 1.0 0.9667458432304038 0.9566339700567889 0.9539473684210527 0.9469026548672567 0.920754716981132 0.9092172301991662 0.8901892430278885 0.8814551536692452 0.8707465048799788 0.883611731198522 0.88011417697431 0.8682762293626841 0.860378142530646 0.8557237025345835 0.8421838924351487 0.8464011574167101 0.8571376877148544 0.8467908902691526 0.8397735736630444 0.8326419603857071 0.8403904697209887 0.8348990791554316 0.8420045988868157 0.8398063451939805 0.8321772831163721 0.8384723454599281 0.8337505522014484 0.8208431971375452 0.8137181275256655 0.8116947801832983 0.805653884781936 0.8029490396759084 0.7978046995690785 0.7933322544101068 0.7976577552986593 0.7872886986048659 0.7883551394170795 0.7829406631762745 0.7732783737697974 0.7641340767325854 0.7604867875716165 0.7524221836817304 0.7446648904524289 0.7427904758221617 0.7495372039908759 0.752525992092558 0.7521729340238802 0.7515237388390464 0.7551477265527772 0.7568007485453191
33 1.0 0.9994410285075461 0.9896494942366502 0.9826822392267418 0.9778776356723125 0.9748260032578113 0.9726909699858302 0.9711133856476742 0.9701853344077356 0.9695632597928859
163 1.0 0.9918777799265133 0.9853095487932844 0.9850278551532033 0.9847487001733102 0.9796238244514106 0.9754671230922835 0.9721499219156688 0.9693669977264568 0.9627805145046523 0.9531893520843796 0.9488562395387762 0.9488508726455848 0.9490189771630748 0.9462615073722025 0.9439435241490178 0.9394176785481132
297 1.0 0.973733583489681 0.9646613378207823 0.9456662354463129 0.9477221807318893 0.9380645161290321 0.9248546294915758 0.9144500359453629 0.9199116820553993 0.9099948568489626 0.8993032142054392 0.8923572320431095 0.8834479967624441 0.8788815078016373 0.8869133280720485 0.8923981520369592 0.8862092650538053 0.8758174481703094 0.8700602813127957 0.8609338061465756 0.8549316791994656 0.8484073346078292 0.8548068013923367 0.8501204595997086 0.8550887101989834 0.8508745669931199 0.8454679940826094 0.841166872288779 0.8390312860384721 0.8342277877161666 0.8247684984855114 0.8252642568184858 0.8179331120127954 0.8075108110158647 0.8038030170198703 0.7990460419232114 0.7934503154020243 0.7879684550189557 0.7901003225107497 0.7904826946998808 0.787367833254438 0.7881659393674327 0.7843499825965995 0.7789654710783062 0.778323767591803 0.7763110147798824 0.7748268116352494 0.7731514457538142 0.7689008088987577 0.7676267935494082 0.7631264353352123 0.7580668477475342 0.7566939402991728
41 1.0 0.9924283396430503 0.985358201150427 0.9792558445834705 0.9739655973965597 0.9692622950819672 0.9654557916381082 0.962205939066718 0.9595424443106562 0.957297785811116 0.95531439514842 0.9494331293267783 0.948172757475083 0.9471413160733548 0.946213608810723 0.9454678243934106 0.9448818897637794 0.9443503864556495 0.9359489810065159 0.9361997226074894 0.936427850655903 0.9367203037425419 0.9346397694524494 0.9350527420334676 0.9310563939634628 0.9316482734069061 0.9245191373615697
430 1.0 0.9656019656019657 0.9556728232189974 0.9539473684210527 0.9543726235741445 0.9485819220567231 0.9327569644572526 0.9396394042330809 0.9315886632641982 0.9139905054454064 0.9029482071713147 0.8945368171021377 0.886938202247191 0.8797976184392088 0.8882374165614288 0.888968997837059 0.8910662824207504 0.8831576880277562 0.8767295597484305 0.8784822683309942 0.8721180916630772 0.8742635368932985 0.8662853716473372 0.8638442621066951 0.8574125532952982 0.857041699449258 0.852756892230582 0.853198384964971 0.8477958236658993 0.8467628488239014 0.8432892957792432 0.8377819427389716 0.8350074045457543 0.8270001425561985 0.8280535048607635 0.823272547910237 0.8181242807825169 0.8091571721746603 0.8098484050952821 0.8089567149072739 0.8091692789968743 0.8018961472416474 0.8015372442636018 0.7917859490047221 0.7914180101541032 0.7848845515589218 0.7842127795036277 0.7816924524585968 0.7816366873082029 0.780394128292792 0.7810423755319561 0.779802797176339 0.7775533130056468 0.7766316543778043
47 1.0 0.9905298759864712 0.9831393014853472 0.977552111170497 0.9732739420935411 0.9700042851021282 0.9677790563866513 0.9659761601666473 0.9645644378823032 0.9637514384349827 0.9597525916891715 0.9598438371444505 0.9569703622392973 0.9545300764598416 0.9550773876934692
50 1.0 0.9993662864385298 0.9888154550076258 0.9819099705511148 0.9777893458268263 0.9753551754131632 0.9736776756890986 0.9680793702146014 0.9638542756587082 0.9640942738024333 0.961181434599156 0.9589707927677328 0.9598092209856914 0.9580550673696542 0.9543804518610823
178 1.0 0.9718875502008031 0.9465195246179965 0.9521640091116171 0.9514731369150778 0.9439834024896264 0.9327999999999999 0.9340289464826657 0.9314907113729043 0.9177896559512158 0.9230331753554502 0.9270754205100379 0.9168865435356199 0.9129533678756484 0.9121604281995832 0.9157355067700815 0.9131575495211874 0.9156976744186064 0.9125253681636074 0.9058598399103901 0.9018558627426033 0.896860986547089 0.8924010665169844 0.8881385836875498 0.884409393208174 0.8810023151300612 0.8787801746602825 0.8767943154180038 0.8732213317237353 0.8709622757408294 0.8676782821320465 0.8649032910619444 0.863204329437453 0.8594814174589528 0.8578466336026083 0.8542801323711251 0.8518869004464533 0.8478188845941548 0.8447164584157937 0.8411103264707563 0.8380295566502549 0.8354885239264201 0.8318272939427449
52 1.0 0.9910828025477707 0.9837618403247632 0.9701916252661462 0.9589643380556911 0.958826390014589 0.9562000591891091 0.9541259500542887 0.952868599629858 0.9519274376417233 0.9470723067305687 0.9468855625301785 0.9468247552321924 0.9467718915288388 0.9469012646296441 0.9470149804442475 0.9475753604193969 0.945569456984393 0.941272628201247
56 1.0 0.9894842263395093 0.9804150151550478 0.972885732730794 0.9664335664335664 0.9611470860314523 0.9569009748589019 0.9534072900158478 0.95054459817486 0.9483606557377048 0.9364438839848674 0.9357495881383854 0.9349917081260364 0.934606601619265 0.9233576642335765 0.9168017287952456 0.9077858469853063 0.9028398213146136 0.8832807570977915 0.8678506502587047 0.8292235047219303 0.8191411935953415 0.7908503885301515 0.7872428408973425 0.770524515393386 0.7765856737141049 0.7565567705335849 0.7404737384140057 0.7487506839321534
187 1.0 0.9668246445497631 0.9387755102040817 0.9159439626417613 0.896678966789668 0.885683179096353 0.8424015009380863 0.8415094339622642 0.7980075575403639 0.7989093387866392 0.7822464808962939 0.783228750713063 0.7841971112999147 0.7719470328592443 0.7467323762588381 0.743557510999371 0.7701942276275182 0.7675590551181098 0.7983260263053006 0.790121839381632 0.7869914485618031 0.7808304714330313 0.8088671670448593 0.8291909432849028 0.8481685329284493 0.8549251120585984 0.853310843897927 0.8675181090354556 0.8732460044936199 0.8755259068339466 0.8791297885278032 0.8759232883972058 0.8775167281783557 0.8785072187414895 0.8779144121987238 0.8786786245436959 0.8744651094829602 0.8741528778020236 0.873598185516538 0.8738480307301758
60 1.0 0.9844329132690882 0.9838294744579198 0.9832483612527312 0.982690227190768 0.9735605170387778 0.9732246798603026 0.9675544794188861 0.963673890608875 0.9612306597901475 0.9589775954559798 0.9574348132487668 0.9460685483870968 0.9464509513501196 0.9430217011210531 0.9364576539644087 0.9349483313569371 0.9368962293549392 0.9360103070646338 0.9378651088688263 0.9393901834407535 0.9361554476058292 0.9378086503500298 0.923166120494076 0.9139082256002272 0.914771709937332 0.9084034327470472 0.9032271028412977 0.8936242241865727 0.8973973973973988 0.8890500118031923 0.8783110744535765 0.8687748929416381 0.8509362868234805 0.8377883164475161 0.8413116447198612 0.836629406706799 0.8290330866042518 0.8321117163158789 0.8342731694718333 0.8369968302637371 0.8381180223285555 0.8260028082425792 0.8293278498907671 0.8313282941197421
74 1.0 0.988835725677831 0.9808786706123378 0.9753328112764291 0.97125748502994 0.9684921230307576 0.9664268585131893 0.9653015460875722 0.960402262727844 0.9606778391536372 0.953873447664104 0.9397508493771233 0.9331163885619329 0.9356568364611259 0.9283992710599023 0.9242333132892362 0.9051776038531003
203 1.0 0.9882615986584684 0.9783113865220758 0.9697696737044146 0.9628811312417145 0.9570024570024569 0.9519267455169782 0.9478908188585607 0.9447731755424063 0.9420778424762487 0.9399055658892544 0.9381774387796065 0.9369921240155018 0.9369234604836697 0.9267840593141796 0.9267391304347824 0.9267208672086719 0.9263665265101013 0.9261992619926197 0.9162152401589019 0.9072130037250251 0.902286902286902 0.9040971168437023 0.8998125991062416 0.879333879333879 0.8627877237851658 0.825033160496804 0.8282427379925218 0.8338637111818277 0.8067159704177488 0.8045911591728319 0.7878521899411913 0.7656544586626012 0.7492915734526466 0.7394155381325724 0.7468510405257387 0.731842163460021 0.7277254454910925 0.7137352358082301 0.712644599396227
76 1.0 0.9990697674418605 0.9844137442437123 0.9763930826242108 0.9734439834024896 0.9654947916666666 0.9608050847457624 0.9591222030981065 0.9582094929298386 0.9578266892411881 0.9603067814854681 0.9506736965436436 0.9473739057940808 0.9467016984141877
78 1.0 0.988394584139265 0.9792079207920792 0.9788489916379733 0.9638066851181605 0.9605287655929994 0.9604070305272895 0.9581699346405228 0.9581989058774021 0.953071253071253 0.953656137282763 0.9501960784313724 0.943963231394732 0.9456066945606693 0.9438824484973786 0.945516304347826 0.9469782636009547 0.941018766756032 0.9405639913232102 0.9423593172263586 0.9381921438712729
79 1.0 0.991740412979351 0.9841389728096677 0.9772069464544139 0.9709392838609237 0.9659090909090908 0.9614619972472854 0.9580119965724079 0.9553666312433581 0.9530667991060342 0.9510489510489509 0.9493809575983345 0.943682310469314 0.9429403202328965 0.9422812643151625 0.9417980252901437 0.9413648681941363 0.9411673151750971 0.9409894254233526 0.9409158050221564 0.940849037623231 0.9408677844617943 0.9408848907655589 0.9364451169828889 0.9344445063827413 0.9348523748395378 0.9352983465132996 0.9337735291219078 0.9343563512361465 0.9329807604632077 0.9317043157247076 0.9272773343468899 0.9280587275693315 0.9241341396371641 0.9250853889943083 0.9230656506447842
210 1.0 0.9916016796640672 0.9834155972359329 0.9754338077597973 0.9677790563866513 0.9603698811096433 0.9531946508172362 0.9462424574876577 0.9395030608570398 0.93321554770318 0.9271592091571278 0.9213215258855584 0.9156908665105385 0.9102564102564101 0.9053292545483818 0.8939728621016092 0.8895591647331785 0.8853155339805824 0.8819701227629048 0.8791540785498487 0.876487886850581 0.8743199129488572 0.8726265822784808 0.8710337768679629 0.8698723509728589 0.8687815428983415 0.8677551020408161 0.8972545056425802 0.8962938614512285 0.8953786906290114 0.8915709710178892 0.8911554270056324 0.8909306461173679 0.8907174823155766 0.8905150576977201
83 1.0 0.9918762088974855 0.9847466860359544 0.9788944723618093 0.9742212674543503 0.9701831605849781 0.9667984189723321 0.9640542853649591 0.9617703948116965 0.9597829556335781 0.9581256231306082 0.9568345323741007 0.9556962025316454 0.9512841756420877 0.9512557832121613 0.9507788161993769 0.9504302419651394 0.9472695652173913 0.9472051738929584 0.9471470717469085 0.9470943802741038 0.9448433048433048 0.9427981077701049 0.9408672114934151 0.9411911537117467 0.935834485388759 0.9346464969608335 0.9336139612382705 0.9310141757455939
340 1.0 0.9842696629213484 0.9728243286962148 0.9548629768941429 0.9547390841320553 0.953242170269078 0.9457776149477926 0.9406713505074159 0.9432414256893071 0.9453217063398537 0.9361229027693552 0.9371157561918144 0.9417102430021531 0.9453663866693983 0.9413048750909532 0.94251051970053
88 1.0 0.9902506963788301 0.9819974282040291 0.9758296566276616 0.9635416666666666 0.9536934950385887 0.9514240277576983 0.949640287769784 0.9486489790927985 0.9480548684506408 0.9482280431432972 0.9487804878048779 0.9494280553883202 0.9503897944720056 0.9481519134412896 0.9463889821968423 0.944943820224719 0.9460721372709232
89 1.0 0.9885838543082359 0.9714673913043478 0.9696202531645569 0.9684921230307576 0.9681214421252371 0.9679982584086209
92 1.0 0.9908336970755128 0.9834873206211913 0.9774678111587982 0.9728199320498301 0.969172049324721 0.9666180951119353 0.9646931668067731 0.958484349258649 0.9575928917609046 0.9573367808661926 0.9572736520854526 0.9540804373291681 0.9485479570512357 0.9492140266021765 0.9498018494055481
225 1.0 0.9838895281933258 0.9706293706293706 0.9627879503839338 0.9570552147239263 0.9526813880126181 0.9492344883158742 0.9466521502449646 0.9465511014806789 0.946306592533757 0.9349775784753364 0.9360626737427343 0.9284986989478446 0.9312665714868447 0.9299186390532543 0.9327109092438387 0.9348246768325721 0.934209591474245 0.9212039010527674 0.9071875932001191 0.8880678113453595 0.8787426638814282 0.8655007662489854 0.8706576728499152 0.8620554904259482 0.8546249089584866 0.8598252974757565 0.864755031047825 0.8679646344844602 0.8602781713558711 0.8563378740631357 0.8579416889906142 0.8472835500475756 0.8430136154510894
353 1.0 0.9807956104252402 0.9683018867924528 0.9595245743655637 0.9530201342281878 0.9527646568491246 0.9396531242575432 0.9374868004223863 0.9210477081384469 0.9220822837951299 0.9229246001523227 0.9242884774799665 0.9161378623864622 0.9096759625155241 0.8999689986566081 0.8858319296275496 0.8684164783591165 0.8707956015523928 0.8452756496920529 0.8373185901865924 0.8194870536262112 0.8189858151955429 0.7984253610720051 0.8086096282873787 0.8106057121832307 0.8032687388910558 0.799095412448847 0.8070075603609456 0.8132137656166162 0.8083828000579125 0.8073567151411472 0.8025655680447088 0.7982604493839117 0.7906319119746935 0.7768622878611269 0.776214073339946 0.7625452783609876 0.7603404646882975 0.7510026001498467 0.7566287478327134 0.7507214567329267 0.7580774261562266
355 1.0 0.980225988700565 0.9675299574797062 0.9586885245901638 0.942622950819672 0.9297658862876252 0.9124270225187654 0.912466293300145 0.9145645369176945 0.9162390332726367 0.9183795055108728 0.8993894345633128 0.893915756630265 0.8896536654648747 0.875811848061405 0.8621380440721177 0.8650793650793648 0.8422204847537134 0.8372293130646776 0.8299985809564349 0.8337008691140221 0.8318002628120889 0.8229371853797325 0.8223720625974936 0.8063683701211921 0.7977454126553111 0.7985501131525446 0.8096710408053207 0.8184457497805685 0.8073846153846169 0.7951695177972581 0.7843027142666172 0.7787671407128549 0.7626119925620095 0.7603043143297443 0.7544830639805253 0.7615863305558557 0.7572573177114864 0.7516415676737526 0.7456606942889228 0.7440248607692265 0.7488477723599049
103 1.0 0.9894815927873779 0.9806940933118823 0.9743850376092702 0.9741257327673337 0.9699752737548569 0.9668698234099077 0.9646091681761181 0.962986119794923 0.9616649654077349 0.9608287805380887 0.9604424446944131 0.9602637663783506 0.9601135109569604 0.9571158598633522 0.9546799354491662 0.9527077614175193
108 1.0 0.9926778242677824 0.9857239972807613 0.9791838757640839 0.9730898606439211 0.9673558215451578 0.9620710415412401 0.9573727707698999 0.9531446102356714 0.9496537027171017 0.9407920030757401 0.9332681495966755 0.9311475409836064 0.9291975724881995 0.9235546038543896 0.9223819301848047 0.9216263995285797 0.9207771385456944 0.9087369850611134 0.9051094890510947 0.9024471173786808 0.9031873459979332 0.9038681620508123 0.9046433279625016 0.902545352271129 0.9034482758620687 0.9014148790506615 0.8895290581162322 0.8883855770972999 0.8852925794642335 0.8868623379538692 0.8883281784144551 0.8898216159496324 0.8914508691025183 0.8828021735937726 0.8826760096586332 0.8743825621969453 0.869827134625458 0.8703265098968023 0.8712393721386524 0.8704318936877076 0.8665645933014358 0.8687597648984455 0.8709327548806947 0.8703203396372065
109 1.0 0.9892555640828856 0.9803140379657839 0.9799673887724202 0.9740048740861088 0.9698528107820535 0.9671775816689889 0.9652054794520547 0.964555143096635 0.9599409656335651 0.9602673947839185 0.9571875793214314 0.9578331794398275
111 1.0 0.9866835764109068 0.9767763339784351 0.9697406340057636 0.9694437813320601 0.9644202595228129 0.9611151870873074 0.9589528118939883 0.9575078954923915 0.9455061983471073 0.9458197104156935 0.9461988304093566 0.946739236077364 0.9403539823008846 0.9418311804370783 0.9369760479041913 0.9387472283813745 0.9323298597710019 0.9198141308233049 0.9227300562266879 0.9255324688850698 0.9242748686003501 0.9250182882223845 0.9186551442452382 0.9169823486741356 0.9200304356096635
112 1.0 0.9870250231696015 0.9769040417926863 0.9691100759990193 0.9628400796284007 0.9578651685393258 0.9539136795903437 0.9509509509509508 0.9487960987503808 0.9468279645519763 0.9455888068402641 0.9443909484833893 0.9121725731895222 0.9055214723926378 0.8961582350703686 0.8884363378785192 0.8700537371763553 0.8640567200986432 0.8690924905769785 0.8319088319088314 0.8068731848983538 0.806704545454545 0.7867578489275717 0.7924352889367319 0.7742744536008594 0.762983706720977 0.7710570944036172 0.7549518748374144 0.7631158880493768 0.7565541823511782 0.7482649842271311 0.7472828655136583 0.7550169245647987 0.7422660098522201 0.7292390274707974 0.7346493453770474 0.7299296540720921
125 1.0 0.987045033929673 0.975221238938053 0.9652125897294312 0.9564089257913855 0.9488677867056244 0.9422018348623852 0.9368421052631578 0.9267441860465114 0.9196381979474689 0.9194115765909816 0.9135421261579177 0.908284427460079 0.9083117943136986 0.9083389830508471 0.899825131151636 0.8998879342547625 0.8921113689095125 0.8944510804647624 0.8929474855813009 0.8878469262100972 0.8908281389136239 0.8905322971504969 0.8637319711538458 0.8498708190768797 0.8466931216931213 0.826391879421716 0.8235157159487771 0.8104338275672702 0.8180018751953324 0.8124112259391678 0.800646895357842 0.7786708650977787 0.7821445516368807 0.7897447549799282 0.7960114372579533 0.7842777551297742 0.7761081893313317 0.7817552689525028 0.7755585545059258 0.7592075043581772 0.7429090326371512 0.7359887654793886 0.743080373647506
119 1.0 0.9726740403383213 0.9395393474088289 0.9393077287814128 0.9419597132127003 0.9201510655516587 0.9016115351993211 0.9049765909484999 0.8837378288039527 0.8704593030414971 0.8672696676482959 0.8615970899012643 0.8504428633657614 0.8443970385242813 0.8360269985757629 0.8469315649290643 0.8605232781839166 0.8563288735069428 0.8673663396456004 0.8601955067741394 0.8663727959697747 0.8571207765309612 0.8638911579955515 0.8630360254032506 0.8596491228070203 0.8603050375993054 0.8605750466195446 0.8640462614743859 0.8559209556112712 0.855533671953289 0.8471468812877319 0.8493993287061702 0.8473855467272096 0.843966604771158 0.8402000159587265 0.8396174967342709 0.8330546166162676 0.830004958752205 0.8281106089489657 0.8258925837467164 0.8187789193004557 0.8141363446256886 0.8120363616957024 0.8090902128311487 0.8067112991333729 0.8026917921752537 0.7986576162058014 0.7953858206605801 0.7929332918587326 0.7896770933622954 0.7870063459219483 0.7863252928742276
249 1.0 0.9683257918552036 0.9778012684989429 0.9682779456193353 0.9610710607621009 0.9607659971975709 0.9611806026249304 0.9568921276814122 0.9538299182129977 0.9519230769230771 0.9481809996998907 0.9430038056465186 0.9406890304015363 0.9352632339482705 0.9293052944519764 0.9243515850144122 0.9189963631020203 0.9149573085689053 0.9102517787865025 0.9074011490368411 0.9050593036951863 0.9008605763681417 0.8968166056636537 0.8926323920303573 0.8885775401069577 0.8842277613367158 0.8803298316082251 0.8769304003149123 0.8735514537506139 0.869834642277238 0.8662813254681572 0.8635864752144071 0.8593582848784397 0.8559386545055913 0.8521994843699725
122 1.0 0.9877479579929989 0.9776892430278884 0.9694397283531409 0.9630281690140845 0.957703927492447 0.9537529821985684 0.944158218381253 0.9440675161343702 0.9304764758765357 0.9309309309309308 0.9262407800975122 0.9130135414275877 0.9160897839311936 0.90781830301876 0.9013032145960032 0.8998651114813929 0.8935031109824914 0.8993417990825074 0.8862912434641501 0.8827074382009928 0.8657745336577449 0.8527721986080616 0.8530594405594402
379 1.0 0.9780564263322885 0.9692757863935627 0.943895271172856 0.9193857965451054 0.9268292682926829 0.9227066817667043 0.9129391228452978 0.9215019964319088 0.913987302887569 0.9047186932849364 0.9133646742780388 0.9166632218593697 0.9158408627222394 0.9096402695605423 0.902272920745725 0.8966736712623681 0.8940177911452128 0.8911383537653278 0.8909090909090949 0.8846017976998908 0.8793434703848105 0.8777187874636121 0.8753169228794304 0.8718951485043923 0.8702824858757121 0.8679263991387798 0.8650651878316111 0.8642585551330864 0.8597402597402666
124 1.0 0.9885151763740772 0.9810597519729425 0.9759353261891333 0.972773862908392 0.9707787732598208 0.9648079895375103 0.9645924994762203 0.9646314221891288 0.9646625355886784 0.9615530734746598 0.9620577442359619
253 1.0 0.9765100671140939 0.9714673913043478 0.9608300303100955 0.9618736383442266 0.9471106758080312 0.9382981127811051 0.9431389614157237 0.9344235352124249 0.9252083481729466 0.9128795021685836 0.9037128159248489 0.8927068723702662 0.8974080607952232 0.8947498151343357 0.8944208907064876 0.8886708664670053 0.8792914935490947 0.8699389343906494 0.8627429805615588 0.8707024845503882 0.8653596927354598 0.8646424079263897 0.8641008735783796 0.8579899943984137 0.8606372120151702 0.8532690984170741 0.8465187084368305 0.8419431675086926 0.8372392256646837 0.8297496967692216 0.8238284935527915 0.8168378852418028 0.8154372860255302 0.8113378274442475 0.8067745489160175 0.8024295116600407 0.8002979719663209 0.7960862112136317 0.7927107484002703 0.7904222128854154 0.7894601586458675 0.7876823205554982 0.7838335365613928 0.7825783096578753 0.7792775159325547 0.7744926797454335 0.7716780289439182
