0 1.0 0.9913793103448276 0.983402489626556 0.9760956175298805 0.9700374531835206 0.9646643109540636 0.9602649006622517 0.9566563467492261 0.9538904899135446 0.946236559139785 0.9393939393939394 0.9290780141843972 0.9241071428571429 0.9154334038054969 0.904 0.8961038961038961 0.8989547038327527 0.8918032786885246 0.8947368421052632 0.8918128654970761 0.8945908460471568 0.8854166666666666 0.8883374689826302 0.8909952606635071 0.883538633818589 0.8789808917197452 0.8821138211382114
257 1.0 0.9883720930232558 0.9774011299435028 0.9682539682539683 0.9615384615384616 0.9532710280373832 0.9504132231404959 0.948339483394834 0.9475409836065574 0.9472140762463344 0.946949602122016 0.937984496124031 0.9329896907216495 0.9280205655526992 0.9232736572890026 0.9183673469387755 0.9183673469387755 0.9190283400809717 0.9234972677595629 0.9271523178807947 0.9304084720121029 0.933240611961057
130 1.0 0.9924812030075187 0.9851301115241635 0.978021978021978 0.9712230215827338 0.9649122807017544 0.9590443686006825 0.9536423841059603 0.9485530546623794 0.9439252336448598 0.9401197604790419 0.9371428571428572 0.9320113314447592 0.927170868347339 0.925531914893617 0.9193954659949622 0.918854415274463 0.9142212189616253 0.9063829787234042 0.9068825910931174 0.9036608863198459 0.9014084507042254 0.902027027027027 0.9025974025974026 0.8970358814352574 0.891640866873065 0.8870728083209509 0.8888888888888888 0.8810810810810811 0.8832684824902723 0.885286783042394 0.8871548619447779 0.8891454965357968 0.8909899888765295 0.8890122086570478 0.8910256410256411 0.8928939237899073 0.8910891089108911 0.8852772466539197 0.8872458410351202 0.8795394154118689
131 1.0 0.9928057553956835 0.9857142857142858 0.9787234042553191 0.9721254355400697 0.9652777777777778 0.9591836734693877 0.9533333333333334 0.948051948051948 0.9363057324840764 0.9320987654320988 0.9281437125748503 0.9226190476190477 0.9193083573487032 0.9162011173184358 0.9135135135135135 0.9086021505376344 0.903485254691689 0.9015544041450777 0.900497512437811 0.8995215311004785 0.8986175115207373 0.8944954128440367 0.8945054945054945 0.8951781970649895 0.8922155688622755 0.8933333333333333 0.8943533697632058 0.8954703832752613 0.8927335640138409 0.8905472636815921 0.8885350318471338 0.889739663093415 0.8908554572271387 0.8921985815602836 0.8935879945429741 0.8948751642575559 0.8962025316455696 0.8976857490864799 0.8990610328638498 0.9003397508493771 0.9015317286652079 0.9027484143763214 0.9038854805725971 0.9050445103857567 0.9025787965616046 0.9002770083102493 0.9016100178890877
128 1.0 0.9920318725099602 0.9841269841269841 0.9770114942528736 0.9710144927536232 0.9658703071672355 0.9612903225806452 0.9582089552238806 0.9554317548746518 0.953125 0.9514563106796117 0.9455782312925171 0.9446808510638298 0.9438877755511023 0.9431818181818182 0.9427549194991055 0.9390862944162437 0.9390048154093098 0.9390243902439024 0.9390420899854862 0.9390581717451524 0.9316688567674113 0.9296482412060302 0.9302045728038508 0.9307958477508651 0.9269102990033222 0.919661733615222 0.9186991869918699 0.9197651663405088 0.9189443920829407 0.916287534121929 0.9155672823218998
389 1.0 0.9849624060150376 0.9724137931034482 0.958904109589041 0.9455782312925171 0.9324324324324325 0.9194630872483222 0.9166666666666666 0.9162303664921466 0.9067357512953368 0.9090909090909091 0.9123505976095617 0.9163763066202091 0.913312693498452 0.9079754601226994 0.9027355623100304 0.9073569482288828 0.9040767386091128 0.906183368869936 0.9118773946360154 0.9166666666666666 0.9177215189873418 0.9158200290275762 0.9118825100133512 0.9098143236074271 0.9069767441860465 0.896976483762598 0.9023883696780893 0.8948374760994264 0.8983957219251337 0.8969243557772236 0.8953488372093024
6 1.0 0.9869281045751634 0.9754601226993865 0.9634146341463414 0.9515151515151515 0.9456521739130435 0.9354838709677419 0.9292929292929293 0.9195979899497487 0.91 0.900497512437811 0.8910891089108911 0.8951965065502183 0.8884120171673819 0.8818565400843882 0.8932384341637011 0.9033232628398792 0.8931750741839762 0.9020618556701031 0.9054054054054054 0.908183632734531 0.910873440285205
260 1.0 0.9874213836477987 0.9757575757575757 0.9662921348314607 0.9587628865979382 0.9528301886792453 0.9482758620689655 0.9444444444444444 0.9413919413919414 0.9393939393939394 0.9373040752351097 0.9358600583090378 0.9346049046321526 0.9336734693877551 0.9333333333333333 0.9292035398230089 0.9259259259259259 0.9157088122605364 0.9097472924187726 0.8866666666666667 0.8478260869565217 0.8527245949926362 0.8293706293706293 0.8268156424581006 0.8 0.8087367178276269 0.8167597765363128 0.798974358974359 0.7951219512195122 0.8029739776951673 0.8101153504880213 0.7990580847723705 0.7995478522984175 0.7853107344632768 0.7692814765985497 0.7736808645899556 0.7661241711874623 0.7727272727272727 0.762119503945885 0.7678474114441417 0.7617554858934169 0.7642893272635306 0.7633973710819009 0.7625063163213744 0.7596107055961071 0.7449355432780848 0.7324005247048535 0.7259829752736117 0.7312252964426877
136 1.0 0.9874213836477987 0.9763313609467456 0.971830985915493 0.9694656488549618 0.9620253164556962 0.9568733153638814
137 1.0 0.983739837398374 0.9727891156462585 0.9534883720930233 0.95 0.9475982532751092 0.9461538461538461 0.9459459459459459 0.9461077844311377 0.9354838709677419 0.9264705882352942 0.9237668161434978 0.9111111111111111 0.9003690036900369 0.8950930626057529 0.8818040435458787 0.8879310344827587 0.8753315649867374 0.8776009791921665 0.8707482993197279 0.8742138364779874 0.8666666666666667 0.8559027777777778 0.8570342205323194 0.8561354019746121 0.8610191925876902
5 1.0 0.9922178988326849 0.9846153846153847 0.9771863117870723 0.9700374531835206 0.9632352941176471 0.9566787003610109 0.9517241379310345 0.9477124183006536 0.9440993788819876 0.9408284023668639 0.9387186629526463 0.9349593495934959 0.9333333333333333 0.928388746803069 0.923469387755102 0.9225181598062954 0.9221967963386728 0.9182795698924732 0.918200408997955 0.9181286549707602 0.9155470249520153 0.9089253187613844 0.9054545454545454 0.9019963702359347 0.8985507246376812 0.9 0.9011532125205931 0.9022082018927445 0.8972809667673716 0.8958031837916064 0.8972222222222223 0.8988015978695073 0.9003831417624522 0.8979343863912516 0.8919540229885058 0.8818380743982495 0.8718487394957983 0.8742393509127789 0.8671875 0.8679245283018868 0.8703196347031964 0.8699186991869918 0.8653846153846154 0.8637554585152838 0.8621291448516579 0.8605056669572798 0.8588850174216028 0.851602023608769 0.8545751633986928
11 1.0 0.9923076923076923 0.9849056603773585 0.977859778597786 0.9713261648745519 0.9653979238754326 0.9587628865979382 0.952054794520548 0.9453924914675768 0.9389830508474576 0.9326599326599326 0.9290322580645162 0.9235668789808917 0.9219219219219219 0.9164179104477612 0.9159663865546218 0.9157894736842105 0.9160493827160494 0.9119804400977995 0.9033816425120773 0.9045454545454545 0.9057815845824411 0.907258064516129 0.908745247148289 0.9058380414312618 0.9074733096085409 0.9089376053962901 0.9057239057239057 0.9074960127591707 0.9092284417549168 0.9064856711915535 0.9083094555873925 0.9073569482288828 0.9064935064935065 0.9081885856079405 0.9058240396530359 0.9052132701421801
140 1.0 0.9908256880733946 0.9821428571428571 0.9734513274336283 0.9647577092511013 0.959349593495935 0.952755905511811 0.9457364341085271 0.9382239382239382 0.9307692307692308 0.9233716475095786 0.9236111111111112 0.917981072555205 0.9195402298850575 0.9212598425196851 0.9232613908872902 0.9251101321585903 0.926829268292683 0.9283018867924528 0.9298245614035088 0.9281045751633987 0.9297709923664123 0.9313304721030042
15 1.0 0.9878787878787879 0.9775280898876404 0.9690721649484536 0.9624413145539906 0.9576271186440678 0.9540229885057471 0.9448275862068966 0.9369085173501577 0.936046511627907 0.9361702127659575 0.9318734793187348 0.9241071428571429 0.9259259259259259 0.9174484052532833 0.9131944444444444 0.9038461538461539 0.9043348281016442 0.8852459016393442 0.8726114649681529 0.8776978417266187 0.8804960541149943 0.8704883227176221 0.875751503006012 0.8596491228070176 0.8650306748466258 0.8565539983511954 0.8414442700156985 0.8287822878228782 0.8221288515406162 0.8273092369477911
16 1.0 0.9899497487437185 0.9807692307692307 0.9732142857142857 0.9666666666666667 0.9613899613899614 0.95 0.9473684210526315 0.939209726443769 0.9325842696629213 0.9321148825065274 0.9326923076923077 0.9334811529933481 0.9342915811088296 0.9276190476190476 0.9195804195804196 0.9218241042345277 0.9240121580547113 0.9154929577464789 0.9178807947019868 0.906519065190652 0.8955916473317865 0.8924259055982436 0.8958333333333334
145 1.0 0.9917695473251029 0.9841897233201581 0.9774436090225563 0.9716312056737588 0.9664429530201343 0.9622641509433962 0.9585798816568047 0.9554317548746518 0.952755905511811 0.9506172839506173 0.9489559164733179 0.9389978213507625 0.9380165289256198 0.93713163064833 0.9023508137432188 0.903448275862069 0.8928571428571429 0.8945736434108527 0.8961424332344213 0.8805555555555555 0.8723404255319149 0.8527918781725888 0.8559218559218559 0.8536585365853658 0.8497652582159625 0.8529411764705882 0.8453159041394336 0.8488982161594963 0.8508064516129032 0.8543689320388349 0.8578110383536015 0.8611361587015329 0.8627280625543006
401 1.0 0.981651376146789 0.9692307692307692 0.961038961038961 0.9473684210526315 0.9375 0.9029850746268657 0.89171974522293 0.8846153846153846 0.8625592417061612 0.8458498023715415 0.8427350427350427 0.8315789473684211 0.8215712383488681 0.8229508196721311 0.8135922330097087 0.8118331716779825 0.7982142857142858 0.7898140662894099 0.7995478522984175 0.7871148459383753 0.7793199167244969 0.7727272727272727 0.7667258732978094
19 1.0 0.99 0.9812206572769953 0.9737991266375546 0.9673469387755103 0.9619771863117871 0.9575971731448764 0.9537953795379538 0.9506172839506173 0.9479768786127167 0.9459459459459459 0.9346733668341709 0.9339622641509434 0.933184855233853 0.9216494845360824 0.9148936170212766 0.9056261343012704 0.9005145797598628 0.877221324717286 0.8586466165413534 0.8558558558558559 0.8140845070422535 0.820615796519411 0.8278481012658228 0.8345323741007195 0.8405466970387244 0.8128898128898129 0.803921568627451 0.7872727272727272 0.782608695652174 0.7617905675459632 0.7680491551459293 0.7512580877066858 0.7562326869806094
148 1.0 0.9918032786885246 0.9841897233201581 0.9772727272727273 0.9711191335740073 0.9659863945578231 0.9616613418530351 0.9584569732937686 0.9558011049723757 0.9539641943734015 0.9523809523809523 0.9512195121951219 0.9504132231404959 0.9497098646034816 0.9490909090909091 0.9486301369863014 0.9451612903225807 0.9450381679389313 0.9449275362318841 0.9448275862068966 0.9397905759162304 0.9375 0.9355608591885441 0.9337899543378996 0.9344262295081968 0.9290928050052137
144 1.0 0.9879518072289156 0.9788359788359788 0.9722222222222222 0.9676113360323887 0.9575971731448764 0.95625 0.9553072625698324 0.9546599496221663 0.9545454545454546 0.9544513457556936 0.9544592030360531 0.9512195121951219 0.9518459069020867 0.9524517087667161 0.9478021978021978 0.9386973180076629 0.9379474940334129 0.9396648044692737 0.9392670157068063
22 1.0 0.9880952380952381 0.9767441860465116 0.967032967032967 0.9587628865979382 0.9516908212560387 0.9369369369369369 0.9327731092436975 0.9302325581395349 0.920863309352518 0.916083916083916 0.9094076655052264 0.9027777777777778 0.8961937716262975 0.8987341772151899 0.8898550724637682 0.883289124668435 0.875 0.8521739130434782 0.8488120950323974 0.848421052631579 0.8482490272373541 0.8446601941747572 0.8410852713178295 0.8375241779497099 0.833976833976834 0.841726618705036 0.8497495826377296 0.8544891640866873 0.8489984591679507 0.8349650349650349 0.8261997405966277 0.8305084745762712 0.8388195232690124 0.8463180362860192 0.8490945674044266
278 1.0 0.974025974025974 0.9506172839506173 0.94 0.9344262295081968 0.9315068493150684 0.9195402298850575 0.9117647058823529 0.9137931034482759 0.9163498098859315 0.918918918918919 0.9223880597014925 0.9 0.9052132701421801 0.9069767441860465 0.9018867924528302 0.9016949152542373 0.9040247678018576 0.905848787446505 0.9106438896189225 0.9132530120481928 0.9148936170212766 0.9012345679012346 0.9064885496183206 0.900972590627763 0.8898026315789473 0.8838808250572956 0.866571018651363 0.8482202820685023 0.8348512446873103 0.8227272727272728 0.8170412963930999 0.812984496124031 0.8176795580110497 0.8110451848471018 0.8055555555555556 0.8065068493150684 0.7986139421117 0.7921583555386372 0.7810909090909091 0.7746870653685675 0.7759253084361454 0.7801214445509748 0.7821297429620563 0.7741745283018868 0.7770212765957447 0.7786301369863013 0.780243000528262 0.7744702320887992 0.7694235588972431
153 1.0 0.9826086956521739 0.9658119658119658 0.95 0.9349593495934959 0.9193548387096774 0.90625 0.8823529411764706 0.8686131386861314 0.855072463768116 0.841726618705036 0.8333333333333334 0.8206896551724138 0.8193548387096774 0.8076923076923077 0.7961783439490446 0.7976190476190477 0.7701149425287356 0.7754010695187166 0.7821782178217822 0.7889908256880734 0.7974683544303798 0.806949806949807 0.8007662835249042 0.8085106382978723 0.8169934640522876 0.8122977346278317 0.8138138138138138 0.8050139275766016 0.8011049723756906 0.7972602739726027 0.7934782608695652 0.7891891891891892 0.7944862155388471 0.8046511627906977 0.8056155507559395 0.8163672654690619 0.8095238095238095 0.8197278911564626 0.8175675675675675 0.8154362416107382 0.8221528861154446 0.8311499272197962 0.8256130790190735 0.8292993630573249 0.8271918678526048 0.8349282296650717 0.831353919239905 0.8387458006718925 0.8378947368421052 0.844311377245509 0.8367346938775511 0.8415492957746479 0.8296478296478297 0.8298204527712725 0.828393135725429 0.8304832713754647 0.8330975954738331 0.8263750828363154 0.8239700374531835 0.813441483198146 0.8046663049376017 0.8086323452938118 0.8133732534930139 0.8022083533365338 0.7941976427923844 0.7878395860284605 0.7826810990840966 0.7869683964104565 0.779843808107103 0.7850703209520375 0.7888111888111888 0.7779286926994906 0.7815902342461234 0.7853252162768344 0.7871810827629122
29 1.0 0.9921875 0.9844961240310077 0.9770114942528736 0.969811320754717 0.9629629629629629 0.9568345323741008 0.9513888888888888 0.9453924914675768 0.940983606557377 0.9376947040498442 0.9352941176470588 0.9331476323119777 0.9315789473684211 0.9303482587064676 0.9295774647887324 0.9262672811059908 0.9227272727272727 0.9183673469387755 0.9140271493212669 0.909706546275395 0.910828025477707 0.9118236472945892 0.9128787878787878 0.9141323792486583 0.9152542372881356 0.9162640901771336 0.9174311926605505 0.9184861717612809 0.9196675900277008 0.9153005464480874 0.91268758526603 0.9100817438692098 0.9116883116883117 0.9108910891089109 0.9125295508274232 0.9117647058823529 0.913232104121475
416 1.0 0.9661016949152542 0.9560439560439561 0.953125 0.9459459459459459 0.9193548387096774 0.9075907590759076 0.8882978723404256 0.8794642857142857 0.8770764119601329 0.86608442503639 0.8768020969855832 0.8720379146919431 0.8606124604012672 0.8525519848771267 0.8473413379073756 0.8337531486146096 0.8367346938775511 0.8472126634549209 0.8437285812200137 0.8340666247642992 0.8329145728643216 0.8261877172653534 0.8214285714285714 0.8204833141542003 0.8195402298850575 0.8187033849684452 0.8145416227608009 0.8215324927255092 0.8206495395055744 0.8286995515695067 0.8155467720685112 0.8080849326255615 0.8025889967637541 0.8091286307053942 0.8040540540540541 0.802649930264993 0.7955094991364421 0.7927710843373494 0.7876408330488222 0.7865666553017389 0.7807848443843031 0.7693072588664236 0.758957654723127 0.7565725413826679 0.7468839884947267 0.7464068987543916 0.7386075949367089 0.7455621301775148 0.748205411374931 0.739699863574352 0.7392964275974911 0.7388934314527119 0.7353260869565217 0.7399239543726236 0.7460918995736617 0.7452651515151515 0.7492218763895064 0.748833074016448 0.7485003332592757 0.748974569319114 0.7486159524297724 0.7482574825748257 0.7475927064126203
33 1.0 0.9885057471264368 0.9804878048780488 0.9747899159663865 0.9710144927536232 0.9688473520249221 0.967479674796748 0.9664268585131894 0.9659574468085106 0.9657142857142857
163 1.0 0.9911894273127754 0.9826839826839827 0.9742489270386266 0.9659574468085106 0.9576271186440678 0.9538461538461539 0.9508771929824561 0.9488817891373802 0.9473684210526315 0.9463806970509383 0.9455445544554455 0.9409090909090909 0.9330543933054394 0.9300970873786408 0.9312839059674503 0.9325463743676222 0.9303482587064676 0.9271523178807947 0.9239669421487603 0.9228395061728395 0.9219653179190751
297 1.0 0.9733333333333334 0.963963963963964 0.9444444444444444 0.946524064171123 0.9367588932806324 0.9233226837060703 0.9178082191780822 0.9134396355353075 0.9031007751937985 0.9054054054054054 0.8958333333333334 0.8854860186418109 0.8784266984505363 0.8697972251867663 0.8649951783992286 0.8715919085312225 0.8762057877813505 0.8665689149560117 0.8619756427604871 0.8575890068707058 0.8514851485148515 0.8451025056947609 0.8516949152542372 0.8472075869336143 0.8422976501305482 0.8375241779497099 0.8243948742287612 0.8196411709159585 0.8169014084507042 0.822972416632359 0.8219653179190751 0.8173881411422336 0.8175582990397805 0.8082006099627245 0.8012144455097475 0.7998725302740599 0.7952849895553566 0.7921615201900237 0.7860780984719864 0.7882543103448276 0.7887142489049214 0.7833546734955186 0.7843089628370172 0.7802752293577981 0.774788457366023 0.7744034707158352 0.7732861012710981 0.7726005575467941 0.7681818181818182 0.7664551223934724 0.7621023513139695 0.7618800760324866 0.7605703863372575 0.7594433399602386 0.7544478281775926
41 1.0 0.9923954372623575 0.985239852398524 0.9790209790209791 0.9735973597359736 0.96875 0.9648093841642229 0.9614325068870524 0.958656330749354 0.9563106796116505 0.954233409610984 0.9481641468682506 0.9468302658486708 0.9457364341085271 0.9447513812154696 0.9439579684763573 0.9433333333333334 0.9427662957074722 0.9341317365269461 0.9343794579172611 0.9346049046321526 0.9323797139141743 0.9328358208955224 0.933253873659118 0.9291428571428572 0.9297475301866082 0.9224318658280922
430 1.0 0.9649122807017544 0.9550561797752809 0.953125 0.9534883720930233 0.9475982532751092 0.9315068493150684 0.9385474860335196 0.9303944315545244 0.9125248508946322 0.9013605442176871 0.8929088277858177 0.885286783042394 0.8781284004352558 0.8867562380038387 0.8875638841567292 0.889739663093415 0.8817802503477051 0.8804725503822098 0.8741258741258742 0.8761682242990654 0.8742724097788126 0.8664529914529915 0.8578199052132701 0.8612997090203686 0.8571428571428571 0.8502673796791443 0.8503513848697809 0.8468505557842734 0.8476770753998477 0.8437618505877892 0.8383458646616542 0.8331479421579533 0.8318518518518518 0.8267254038179148 0.8331644714623438 0.8320324695597877 0.824 0.8245714285714286 0.8196767791324071 0.819468024900962 0.818490245971162 0.8119944211994421 0.8115416782826875 0.8110894399554194 0.8106377053745475 0.8107124284971399 0.802000512952039 0.8021133525456292 0.7997604790419162 0.7970391595033429 0.7872440574252766 0.7869739007759229 0.7866136514247847 0.7804452204277608 0.7801047120418848 0.7777777777777778 0.7767479347169051 0.7754527162977867 0.7750955542144438 0.7747385358004827 0.7752424415288077 0.7743589743589744 0.7734345351043643 0.7728909952606635 0.7725980670835703 0.7723053608638
47 1.0 0.990521327014218 0.9830508474576272 0.9773584905660377 0.972972972972973 0.9696048632218845 0.9673024523160763 0.9654320987654321 0.963963963963964 0.9631147540983607 0.9590316573556797 0.959114139693356 0.9561815336463224 0.9536903039073806
50 1.0 0.9868421052631579 0.9787234042553191 0.9734513274336283 0.9706959706959707 0.9693251533742331 0.968421052631579 0.9633867276887872 0.9595959595959596 0.9602169981916817 0.9575856443719413 0.9556213017751479 0.951417004048583 0.9527363184079602 0.9515570934256056
178 1.0 0.9714285714285714 0.9454545454545454 0.9512195121951219 0.9493670886075949 0.9430379746835443 0.9399141630901288 0.9320594479830149 0.9294532627865961 0.9280359820089955 0.9172056921086675 0.9148387096774193 0.9195530726256983 0.9233791748526523 0.9113043478260869 0.9069045771916214 0.9109874826147427 0.9137931034482759 0.9107929515418502 0.9044805514524865 0.9005376344086021 0.8989266547406082 0.8941368078175895 0.8898743532889875 0.8858493752110773 0.8836045056320401 0.88173609088261 0.8806214227309894 0.8774783934926284 0.8751494857689548 0.8713160854893138 0.8685106382978723 0.8641752059473579 0.8638007231820009 0.8621217924166986 0.8614088820826953 0.858445822692448 0.8547350130321459 0.854412786657401 0.8516182572614108 0.8490386143333863 0.8454461821527139 0.8419658622719247 0.8400682982356289 0.8354465270121278 0.832979288369623 0.829389947563627
52 1.0 0.9907407407407407 0.981651376146789 0.9727272727272728 0.9661016949152542 0.955719557195572 0.952054794520548 0.9424920127795527 0.9345238095238095 0.9294117647058824 0.9291553133514986 0.9291139240506329 0.925 0.9201995012468828 0.9216589861751152 0.9191489361702128 0.9207920792079208 0.922365988909427 0.9237435008665511 0.9252032520325203 0.9264931087289433 0.9282639885222381 0.9274193548387096
56 1.0 0.9894736842105263 0.9802955665024631 0.9726027397260274 0.9659574468085106 0.9604743083003953 0.9560439560439561 0.9523809523809523 0.9493670886075949 0.9470588235294117 0.9347826086956522 0.934010152284264 0.9331742243436754 0.9208791208791208 0.921161825726141 0.9108527131782945 0.9051094890510949 0.9 0.8798701298701299 0.8768233387358185 0.861236802413273 0.8217821782178217 0.8117647058823529 0.7832744405182568 0.7797552836484983 0.763023493360572 0.7425925925925926 0.7262617621899059 0.7332242225859247 0.7427450980392157 0.7505634861006761
187 1.0 0.967741935483871 0.9365079365079365 0.9090909090909091 0.8840579710144928 0.8571428571428571 0.8378378378378378 0.8227848101265823 0.8095238095238095 0.8064516129032258 0.7735849056603774 0.7777777777777778 0.7704918032786885 0.7619047619047619 0.7333333333333333 0.7257142857142858 0.72 0.7004405286343612 0.7318007662835249 0.7333333333333333 0.7236842105263158 0.7207792207792207 0.7170418006430869 0.7540983606557377 0.7466307277628033 0.7478260869565218 0.7451403887688985 0.7781818181818182 0.802773497688752 0.8003072196620584 0.8229854689564069 0.8431818181818181 0.8544366899302094 0.8563829787234043 0.8547387068201948 0.8580246913580247 0.8599439775910365 0.8556701030927835 0.8616429894996912 0.8604938271604938 0.8626899268429938 0.8637770897832817 0.8628865979381444 0.8634192932187201 0.8615249780893953 0.8607705779334501 0.8617886178861789
60 1.0 0.9841269841269841 0.9689922480620154 0.9552238805970149 0.9407407407407408 0.9305555555555556 0.922077922077922 0.9096774193548387 0.8974358974358975 0.8860759493670886 0.8773006134969326 0.8666666666666667 0.8779342723004695 0.8863636363636364 0.8907849829351536 0.8862876254180602 0.8912386706948641 0.8910081743869209 0.89 0.8891454965357968 0.8931623931623932 0.8895463510848126 0.8937728937728938 0.8909090909090909 0.8880866425992779 0.8896321070234113 0.8947368421052632 0.8895705521472392 0.8921985815602836 0.8966887417218543 0.9007444168734491 0.8987654320987655 0.8981481481481481 0.9018538713195202 0.8901322482197355 0.8830297219558965 0.8780709736123748 0.8793103448275862 0.8776916451335056 0.8760757314974182 0.8745704467353952 0.8730703259005146 0.869812855980472 0.8624904507257448 0.8559077809798271 0.860977288368892 0.8520441271901362 0.8440761203192142 0.8320787492762015 0.8159645232815964 0.8150609080841639 0.8193411264612115 0.8156962025316455 0.809156626506024 0.8076923076923077
74 1.0 0.9887640449438202 0.9806763285024155 0.975 0.9709090909090909 0.9680511182108626 0.9659090909090909 0.964735516372796 0.9598214285714286 0.9600798403193613 0.9531531531531532 0.9388083735909822 0.9320531757754801 0.9291139240506329 0.9202813599062134 0.9167579408543264 0.898989898989899
203 1.0 0.9878787878787879 0.9761904761904762 0.9662921348314607 0.9581151832460733 0.9509803921568627 0.9454545454545454 0.940677966101695 0.9365079365079365 0.9333333333333333 0.9310344827586207 0.9290322580645162 0.9274924471299094 0.9263456090651558 0.9257294429708223 0.9160493827160494 0.9164733178654292 0.9164835164835164 0.9166666666666666 0.9069767441860465 0.8981818181818182 0.8934707903780069 0.8957654723127035 0.891640866873065 0.8757225433526011 0.8543956043956044 0.8518518518518519 0.8137128072445019 0.817283950617284 0.823321554770318 0.821656050955414 0.7953216374269005 0.779385171790235 0.7580778790389395 0.7533810660302307 0.736998514115899 0.7264957264957265 0.7260468417317246 0.7334244702665755 0.7401574803149606 0.7254423428920074 0.7206053550640279 0.7068119891008174 0.7058823529411765 0.7049537289058248
76 1.0 0.9811320754716981 0.9708029197080292 0.9657142857142857 0.9652173913043478 0.958904109589041 0.9553072625698324 0.9545454545454546 0.9542857142857143 0.9543973941368078 0.9572649572649573 0.9478908188585607 0.9448123620309051
78 1.0 0.9880239520958084 0.9776536312849162 0.9685863874345549 0.9583333333333334 0.9481865284974094 0.9381443298969072 0.9282051282051282 0.9252336448598131 0.9166666666666666 0.9102040816326531 0.9133574007220217 0.9161290322580645 0.9105431309904153 0.9050632911392406 0.901840490797546 0.8960244648318043 0.8902439024390244 0.8986666666666666 0.9052132701421801 0.9065817409766455 0.9076923076923077 0.9041533546325878 0.8997050147492626 0.9041095890410958 0.9054916985951469 0.9093078758949881 0.912751677852349 0.907563025210084 0.9090909090909091
79 1.0 0.991701244813278 0.984 0.9769230769230769 0.9704797047970479 0.9652777777777778 0.9606557377049181 0.9570552147239264 0.9542857142857143 0.9518716577540107 0.949748743718593 0.9479905437352246 0.9420935412026726 0.9412997903563941 0.9405940594059405 0.9400749063670412 0.9396092362344582 0.9393939393939394 0.9392 0.939117199391172 0.9390420899854862 0.9390581717451524 0.9390728476821192 0.9345088161209067 0.9324487334137516 0.9328703703703703 0.9333333333333333 0.9317697228144989 0.9323770491803278 0.9309664694280079 0.9296577946768061 0.9251141552511416 0.9259259259259259 0.9219015280135824 0.9198036006546645 0.9208860759493671
210 1.0 0.9874213836477987 0.9847715736040609 0.9797979797979798 0.9748743718592965 0.970074812967581 0.9653465346534653 0.9606879606879607 0.9560975609756097 0.9515738498789347 0.947242206235012 0.9391100702576113 0.9350348027842227 0.9310344827586207 0.9271070615034168 0.9232505643340858 0.9196428571428571 0.9116997792494481 0.9082969432314411 0.9049676025917927 0.902127659574468 0.899581589958159 0.897119341563786 0.8949494949494949 0.8930693069306931 0.8914728682170543 0.889943074003795 0.8884758364312267 0.8874773139745916 0.8865248226950354 0.8825561312607945 0.8821548821548821 0.8819672131147541 0.8817891373801917 0.881619937694704 0.8819969742813918 0.8823529411764706 0.8828571428571429 0.8805555555555555 0.8810810810810811
83 1.0 0.9918367346938776 0.983739837398374 0.9757085020242915 0.967741935483871 0.9598393574297188 0.9541984732824428 0.9494584837545126 0.9463087248322147 0.9442724458204335 0.9423631123919308 0.9369627507163324 0.9358288770053476 0.9351620947630923 0.9347319347319347 0.9343544857768052 0.934156378600823 0.9342359767891683 0.9343065693430657 0.9310344827586207 0.9315960912052117 0.9322033898305084 0.92992700729927 0.9306518723994452 0.9313077939233818 0.9319041614123581 0.9296482412060302 0.9274092615769712 0.9260143198090692 0.9247434435575826 0.9234972677595629 0.9244491080797481 0.9197592778335005 0.9191530317613089 0.9169741697416974 0.9165927240461402
340 1.0 0.9841269841269841 0.9710144927536232 0.9568345323741008 0.9428571428571428 0.9290780141843972 0.9154929577464789 0.9130434782608695 0.901840490797546 0.8958333333333334 0.9035087719298246 0.8961038961038961 0.8888888888888888 0.8916967509025271 0.8940809968847352 0.9024390243902439 0.9090909090909091 0.9054373522458629 0.901840490797546 0.9069767441860465 0.9149606299212598 0.9213483146067416 0.9198998748435544 0.9230769230769231
88 1.0 0.9901960784313726 0.9818181818181818 0.9755102040816327 0.9629629629629629 0.9528619528619529 0.9504643962848297 0.9485714285714286 0.94750656167979 0.9468599033816425 0.9470198675496688 0.9475806451612904 0.9482439926062847 0.949238578680203 0.9469578783151326 0.9451659451659452 0.9436997319034852 0.9448621553884712
89 1.0 0.9885714285714285 0.9714285714285714 0.9694656488549618 0.9682539682539683 0.967828418230563 0.9676674364896074
92 1.0 0.9908256880733946 0.983402489626556 0.9772727272727273 0.9725085910652921 0.96875 0.9661971830985916 0.9641943734015346 0.9578454332552693 0.9568965517241379 0.9566074950690335 0.9565217391304348 0.9532554257095158 0.9476117103235747 0.9482758620689655
225 1.0 0.9831932773109243 0.96875 0.9568345323741008 0.9436619718309859 0.9315068493150684 0.9294117647058824 0.9278350515463918 0.926605504587156 0.9256198347107438 0.9250936329588015 0.9117647058823529 0.9153094462540716 0.9075144508670521 0.9022988505747126 0.90625 0.9016393442622951 0.9067796610169492 0.9076923076923077 0.9119718309859155 0.9159935379644588 0.9130434782608695 0.914074074074074 0.902834008097166 0.8901373283395755 0.8724373576309795 0.8643006263048016 0.8625 0.8506616257088847 0.856637168141593 0.855251544571933 0.8476658476658476 0.841100076394194 0.8469314079422383 0.8450033990482665 0.8503225806451613 0.852760736196319 0.846242774566474 0.8420186505759737 0.8441422594142259 0.8336614173228346
353 1.0 0.9801980198019802 0.9615384615384616 0.952 0.9452054794520548 0.9401197604790419 0.9282051282051282 0.9269406392694064 0.9109311740890689 0.9127272727272727 0.9141914191419142 0.9161676646706587 0.9083557951482479 0.902200488997555 0.8926174496644296 0.8785425101214575 0.8609022556390977 0.8636363636363636 0.8376623376623377 0.8298507462686567 0.8121693121693122 0.8057742782152231 0.8061349693251534 0.7864293659621802 0.7972831765935214 0.7998037291462218 0.7927844588344126 0.8010471204188482 0.8075657894736842 0.8027950310559007 0.8019075568598679 0.7972789115646258 0.7930142302716688 0.7855002995805872 0.7717451523545706 0.7584789311408017 0.7560225525371604 0.7551622418879056 0.7457627118644068 0.7515808491418248 0.7456597222222222 0.7532305127136307
355 1.0 0.9770114942528736 0.9560439560439561 0.9439252336448598 0.9375 0.9328859060402684 0.9209039548022598 0.9104477611940298 0.8951965065502183 0.8988326848249028 0.9017543859649123 0.9050632911392406 0.8870056497175142 0.8823529411764706 0.8787878787878788 0.865546218487395 0.8521400778210116 0.855595667870036 0.8527827648114902 0.8302828618968386 0.8220757825370676 0.8184568835098336 0.8229598893499308 0.821656050955414 0.8133022170361727 0.8133047210300429 0.8123667377398721 0.8106382978723404 0.7953216374269005 0.7924345295829291 0.7850953206239168 0.7865804365400162 0.7983320697498104 0.8076923076923077 0.7974025974025974 0.784651992861392 0.7741389045736872 0.7740303541315345 0.7688603531300161 0.7680384820951363 0.7665245202558635 0.7655833777304208 0.7646432374866879 0.7637040979244278 0.7483577564426478 0.7474747474747475 0.7425650557620818 0.7388224878264719 0.734208367514356 0.7290470723306545 0.7336757153338225 0.7388557388557389
103 1.0 0.9894179894179894 0.9794871794871794 0.9695431472081218 0.9595959595959596 0.9532710280373832 0.944954128440367 0.9426229508196722 0.9422382671480144 0.9423076923076923 0.9425287356321839 0.9430051813471503 0.9433962264150944 0.944206008583691 0.9452054794520548 0.946236559139785 0.947107438016529 0.9414634146341463 0.9398496240601504 0.9369369369369369 0.9340329835082459 0.933240611961057
108 1.0 0.9926470588235294 0.9856115107913669 0.9789473684210527 0.9726962457337884 0.9667774086378738 0.9612903225806452 0.956386292834891 0.9519519519519519 0.9482758620689655 0.9390581717451524 0.9312169312169312 0.9289340101522843 0.926829268292683 0.9209302325581395 0.9196428571428571 0.9188034188034188 0.917864476386037 0.9053254437869822 0.9015151515151515 0.8987341772151899 0.8994800693240901 0.9001663893510815 0.89792663476874 0.8987730061349694 0.8997050147492626 0.8975817923186344 0.8852459016393442 0.8840579710144928 0.8808618504435995 0.8824969400244798 0.8840236686390532 0.88558352402746 0.887292817679558 0.8783351120597652 0.8782249742002064 0.8696939782823297 0.8650190114068441 0.8660550458715597 0.8665480427046264 0.8657487091222031 0.861781848459617 0.8640776699029126 0.8663522012578616 0.8657513348588863
109 1.0 0.9888888888888889 0.978021978021978 0.967391304347826 0.9567567567567568 0.9484536082474226 0.9428571428571428 0.9414225941422594 0.9411764705882353 0.9419354838709677 0.9426934097421203 0.9447236180904522 0.9423503325942351 0.9444444444444444 0.9428571428571428 0.9447154471544715
111 1.0 0.9859154929577465 0.9738562091503268 0.9655172413793104 0.9597989949748744 0.9557522123893806 0.9534883720930233 0.952054794520548 0.9512195121951219 0.9395604395604396 0.9402985074626866 0.9410430839002267 0.9420289855072463 0.9360902255639098 0.9378238341968912 0.9331210191082803 0.9351032448377581 0.9287671232876712 0.916243654822335 0.9193357058125742 0.9223085460599334 0.921161825726141 0.9220272904483431 0.9156736938588451 0.9140893470790378 0.9172749391727494
112 1.0 0.9869281045751634 0.9766081871345029 0.9685863874345549 0.9620853080568721 0.9568965517241379 0.952755905511811 0.9496402877697842 0.9473684210526315 0.9452887537993921 0.9439775910364145 0.9427083333333334 0.9095238095238095 0.9026548672566371 0.8984547461368654 0.8891170431211499 0.8814531548757171 0.8629173989455184 0.8569051580698835 0.8622848200312989 0.8243045387994143 0.7992177314211213 0.7804014167650531 0.7792642140468228 0.7852631578947369 0.7670837343599615 0.7556973564266181 0.764093668690373 0.7541984732824427 0.7391920623671155 0.7327989311957248 0.7405266538214516 0.7322738386308069 0.7386698057680989 0.7257709251101322 0.7141377524598653 0.7094861660079052 0.7148325358851675
125 1.0 0.9871794871794872 0.9746835443037974 0.9627329192546584 0.9515151515151515 0.9415204678362573 0.9314285714285714 0.9243243243243243 0.9179487179487179 0.912621359223301 0.9078341013824884 0.9043478260869565 0.9007633587786259 0.8939393939393939 0.8867924528301887 0.8819444444444444 0.873015873015873 0.8757396449704142 0.8732782369146006 0.8708010335917312 0.8653846153846154 0.8600451467268623 0.8638297872340426 0.8605577689243028 0.8649155722326454 0.8389261744966443 0.8415213946117274 0.8289085545722714 0.8265734265734266 0.8072916666666666 0.8051787916152897 0.7927823050058207 0.8011049723756906 0.7797619047619048 0.7746478873239436 0.7642919964819701 0.7682619647355163 0.7763475462590507 0.7650602409638554 0.7493150684931507 0.7412541254125412 0.7490445859872611 0.7431527693244065 0.7420924574209246 0.7356521739130435 0.7189249720044792 0.7249593936112615 0.724025974025974 0.7230935640886966
119 1.0 0.9615384615384616 0.9259259259259259 0.896551724137931 0.9024390243902439 0.8878504672897196 0.8738738738738738 0.8926174496644296 0.8810810810810811 0.8723404255319149 0.8638297872340426 0.8732394366197183 0.8571428571428571 0.8477157360406091 0.8474945533769063 0.8451612903225807 0.8431372549019608 0.8350824587706147 0.8254437869822485 0.8237885462555066 0.8212005108556832 0.820480404551201 0.8181818181818182 0.8158890290037831 0.8136020151133502 0.8097622027534418 0.8077403245942572 0.8213891951488423 0.8372549019607843 0.8426791277258567 0.8393234672304439 0.8356867779204108 0.8429506246281975 0.8481152993348116 0.8394320043691972 0.8386041439476554 0.844758064516129 0.8415245737211635 0.8406813627254509 0.835229858898498 0.8322033898305085 0.8330696202531646 0.8317535545023697 0.8356877323420074 0.8352530541012216 0.8279987067571937 0.8278713629402756 0.8302818947980238 0.827539009033671 0.8244887393217707 0.8240832507433102 0.820615167879784 0.8176128743853375 0.8156544054747648 0.8137254901960784 0.811497849041846 0.8090960134755755 0.8023486901535682 0.7982758620689655 0.7953904825070469 0.7925973197192087 0.7895868530179696 0.7873034707801839 0.7870699881376038 0.7863070539419087 0.7822064056939502 0.7816991603813861 0.7814456459874787 0.7809699900440905 0.7807167235494881 0.776954732510288
249 1.0 0.967741935483871 0.9779411764705882 0.9742268041237113 0.9655172413793104 0.9582089552238806 0.9587378640776699 0.9573604060913705 0.9543859649122807 0.9505409582689336 0.9478737997256516 0.9437996334758705 0.9385628085573231 0.9358395989974937 0.9304029304029304 0.9253355704697986 0.9195668986852281 0.9142244460328807 0.9095411026741499 0.9067037380290393 0.9043778801843319 0.9001888319395738 0.8962025316455696 0.8957226018729436 0.8915691425841892 0.8911434709954643 0.8868266183793572 0.8829560017086715 0.8796202787315693 0.8762886597938144 0.8727966563692532 0.8687044112539076 0.8650265957446809 0.8623649078194533 0.8620689655172413 0.858687376275316 0.8543589743589743 0.850662158354466
122 1.0 0.9872611464968153 0.9748427672955975 0.9647058823529412 0.9567567567567568 0.9502487562189055 0.941747572815534 0.9377777777777778 0.9344262295081968 0.9196787148594378 0.9188191881918819 0.9124579124579124 0.9066666666666666 0.8966565349544073 0.8997214484679665 0.8974358974358975 0.8865248226950354 0.8823529411764706 0.8876889848812095 0.8818897637795275 0.8774774774774775 0.8778877887788779 0.8733031674208145 0.8805555555555555 0.8693467336683417 0.8547105561861521 0.8512221041445271 0.8492569002123143 0.8374142997061704 0.8385321100917431 0.8371454711802379
379 1.0 0.9777777777777777 0.96875 0.9428571428571428 0.9178082191780822 0.9253731343283582 0.9212121212121213 0.9116279069767442 0.9071925754060325 0.9169675090252708 0.9101449275362319 0.901323706377858 0.8952380952380953 0.905241935483871 0.9018036072144289 0.9045967042497832 0.9072948328267477 0.9021810971579644 0.9011183048852266 0.8952431854623196 0.8922097011268986 0.8864864864864865 0.8857913669064749 0.8851913477537438 0.8789735733435465 0.8766583004661169 0.8717948717948718 0.8686131386861314 0.8659855769230769 0.8633786848072562 0.8626077586206896
124 1.0 0.9791666666666666 0.9720930232558139 0.9681274900398407 0.9659863945578231 0.9650145772594753 0.9596977329974811 0.96 0.9604743083003953 0.9608540925266904 0.9579967689822294 0.9587628865979382
253 1.0 0.9761904761904762 0.9710144927536232 0.9601990049751243 0.9612403100775194 0.9477806788511749 0.9347826086956522 0.9259259259259259 0.922365988909427 0.9279869067103109 0.9170243204577968 0.913375796178344 0.9014891179839634 0.8923395445134575 0.881578947368421 0.8849785407725322 0.8838304552590267 0.8832011535688536 0.8742632612966601 0.8652094717668488 0.8603066439522998 0.8683651804670913 0.8630952380952381 0.862453531598513 0.8559652928416486 0.8539325842696629 0.8476499189627229 0.8476190476190476 0.8501440922190202 0.8435716683450822 0.8391096979332273 0.8344953016065474 0.8265895953757225 0.8207806487080813 0.81335436382755 0.8120603015075377 0.8072174738841406 0.8024691358024691 0.7983802216538789 0.7979970168335819 0.7940105220558479 0.7903351519875292 0.7880894232575615 0.782381485628966 0.7782121912208992 0.7768679631525077 0.7752043596730245 0.7712887438825449 0.7699198491277699 0.7664576802507836 0.7662541124862917 0.7608221737776394 0.757726355024072
