0 1.0 0.991421568627451 0.983480825958702 0.9762039660056657 0.9701651571656899 0.9648064353946707 0.9604147031102733 0.9568091670339356 0.9540418547394337 0.9464012251148545 0.9395683453237409 0.9292691141798584 0.9243002544529261 0.9156372401325699 0.9042189281641959 0.8963237238825706 0.8991554893194236 0.8920056100981769 0.8949227373068436 0.8919933277731448 0.8947576656775476 0.8855869242199118 0.8884955752212399 0.8911426639621376 0.8881610480907505 0.891158536585367 0.8938930185104224 0.8945459617798869 0.8969348146165185
257 1.0 0.9761904761904763 0.955056179775281 0.9478505990133897 0.943298969072165 0.9281364190012181 0.9281828073993472 0.9284664380205783 0.9297937691970163 0.9312524693796919 0.9324469996406756 0.9154449369246505 0.905698778833107 0.8960512993587578 0.8870698296024053 0.8776595744680847 0.8823878823878821 0.8865703584804705 0.8937666747513945 0.8997338065661047 0.9050336254330549
130 1.0 0.992639327024185 0.9854394175767031 0.9707513867876953 0.9572400388726917 0.9515899383009015 0.9463707813222374 0.9415992812219225 0.9370904325032763 0.933022467147096 0.9297959183673468 0.9274004683840747 0.917146144994246 0.9123398516520564 0.9041639127561134 0.9037670148781257 0.8995765275257106 0.8999999999999997 0.8930540242557881 0.8873460833115009 0.8885821831869508 0.8865384615384615 0.8877079482439927 0.8887900355871887 0.8839648897452369 0.8731563421828913 0.8695035460992915 0.8719346049046328 0.8652849740932652 0.8679950186799512 0.8705035971223032 0.8728323699421976 0.8752783964365267 0.8775510204081644 0.8738189576348685 0.8652912621359234 0.8680707912827276 0.862405805191182 0.861809382981585 0.8554154206215074 0.8582399597129565 0.8609077598828714
131 1.0 0.9853085210577864 0.9785992217898831 0.9645254074784274 0.9518741323461358 0.9384191176470584 0.927625772285966 0.9228769497400342 0.9187817258883244 0.8973105134474322 0.8946117274167982 0.8920585967617575 0.8818597560975605 0.880044427989633 0.8783297336213098 0.8770090845562539 0.8679114799446744 0.8582731338149289 0.8579052701801195 0.8585209003215428 0.8590937306021099 0.8596280743851225 0.8519619500594524 0.8535887903917637 0.8559298822240476 0.8549358470803871 0.8575369952345118 0.8599277978339347 0.862355658198614 0.8574031890660591 0.856736035049288 0.8561181434599158 0.8583926754832149 0.8605108055009826 0.8628528130327717 0.8652054794520552 0.8673955210721217 0.8695948246510049 0.8719422098177644 0.8741280913126195 0.8761685823754795 0.8780777217442901 0.879988515647431 0.8818952341253307 0.8836990173643834 0.882046608514517 0.8804991806378427
128 1.0 0.9833795013850416 0.9670329670329673 0.9607010090281468 0.9557344064386321 0.951589938300902 0.9478885893980236 0.9458558933777594 0.9439470611132738 0.9424198250728865 0.9414965986394559 0.9363665287941458 0.9360430364614466 0.9357565511411666 0.9355010660980811 0.9355001259763167 0.9322680658239928 0.9325333937061359 0.932874354561102 0.9331830293092852 0.9334637964774957 0.9264350733791574 0.9246624022743435 0.925421420057893 0.926204081632654 0.9225341069468413 0.9155435759209357 0.9147465437788033 0.915950069348129 0.9152746224776174 0.9127629371531827 0.9121646912039942
389 1.0 0.9850905218317358 0.9606791778373548 0.9347442680776015 0.9094865100087033 0.8848797250859108 0.8608990670059374 0.8643292682926831 0.869653767820774 0.8522954091816368 0.8605200945626478 0.8690413829229963 0.8778343359555761 0.8789888106092001 0.8689991863303498 0.8593687574910106 0.8678223185265437 0.8691888425777491 0.8748205569910994 0.8832381940840683 0.8903591682419659 0.8935986159169551 0.8936890304598848 0.8916038949108953 0.8876404494382029 0.8865581473401586 0.8786011400400566 0.8851167454519421 0.8791325046284066 0.8789519006027818 0.8832621986388295
6 1.0 0.9733806566104704 0.9530148786217698 0.9303405572755419 0.9081866870696252 0.9069444444444446 0.88843537414966 0.8824242424242426 0.8654654654654657 0.848809523809524 0.8324483775811212 0.8163742690058483 0.8272775144813062 0.8172537008677899 0.8078256562654782 0.8272453803180062 0.844602166604408 0.8279725334297072 0.8435504469987228 0.8530079455164585 0.8608208004078512 0.8678332949574029
260 1.0 0.9743370402053038 0.9636663914120562 0.9554531490015361 0.9490806223479491 0.9441558441558442 0.9404761904761905 0.9373626373626374 0.9349262836807322 0.9334894613583138 0.9318479685452162 0.9308099308099308 0.9299047619047619 0.9292857142857143 0.9292389853137516 0.9254658385093167 0.9224985540775014 0.9126684636118596 0.9069649211997964 0.884398496240602 0.8461875547765135 0.822259136212627 0.8196143479162372 0.8255722178374136 0.7991513437058025 0.7812097812097852 0.771680683854961 0.7797414930097643 0.7764573991031435 0.7713052858683973 0.7780320366132768 0.795274119734757 0.8006146059291436 0.7997376475732441 0.7868634931166075 0.790871770103844 0.791806476785022 0.7778435142730414 0.7704616256018176 0.7595320027529304 0.7650210998727361 0.7589458726262812 0.7547146247033902 0.7561835308416953 0.7475607692741586 0.7345552560646964 0.7231723068974493
136 1.0 0.9734278122232064 0.963302752293578 0.9615129396151294 0.961081081081081 0.955116696588869 0.9510141599693839
137 1.0 0.9838895281933256 0.9729990356798457 0.9537953795379537 0.9502840909090908 0.9478584729981376 0.9463894967177242 0.946153846153846 0.9462915601023016 0.9356814701378252 0.9266759776536311 0.9239616613418529 0.9150043365134429 0.9009952854897849 0.8956981494832973 0.8824309392265199 0.8884803921568634 0.8913937798255727 0.8787598334104594 0.8804159445407292 0.8726114649681544 0.8754281364962595 0.8672121566335497 0.8562951774733006 0.8554554554554581 0.860351470726438
5 1.0 0.9836155106499181 0.9680170575692962 0.9609910384818132 0.9542857142857142 0.9479591836734692 0.9418546365914785 0.9376797698945348 0.9344858962693356 0.9316017316017314 0.9289843104872005 0.9275982872713117 0.9205590290547994 0.9197487787857639 0.9097535577924328 0.8998618784530383 0.9000985869208015 0.9009654313298034 0.8984443792192541 0.899300699300699 0.90008014961261 0.8954180688583999 0.890120719389012 0.8831615120274913 0.8762533626803617 0.8693957115009743 0.8720930232558137 0.874359545555803 0.8764429243266353 0.8727944193680757 0.8723655702186334 0.8746212121212125 0.8770238311806444 0.8757140384282505 0.8709466098919104 0.8618646710321184 0.8645801986157099 0.8556134259259275 0.8584615384615399 0.8522114347357084 0.8534167970787707 0.8561860230001282 0.855677746200422 0.851772030651343 0.848452252898293 0.8451443569553827 0.8418482791473167 0.8385639562529743 0.8322194053929504 0.8356440071556377
11 1.0 0.9925373134328358 0.9774474628395694 0.9637432631063203 0.9580352885073914 0.9474855362705827 0.9350021958717608 0.9223385689354272 0.9098396185522319 0.8981600342319208 0.8867765103506543 0.8852725793327904 0.8760921366163616 0.8770275367785736 0.8672137262215586 0.8694885361552023 0.8718291054739647 0.874487543361715 0.8675332714329923 0.8523895946763453 0.8560779816513755 0.8596682077780793 0.8634020618556696 0.8669926650366742 0.8621848739495792 0.8658146964856224 0.8691019786910192 0.8630255743389679 0.8666666666666663 0.8701554200275425 0.8650498728730683 0.8661696178937557 0.8671888908670109 0.8705060487306185 0.8735707285200915 0.8714309022679069 0.8722604884157799
140 1.0 0.9812265331664581 0.9644549763033177 0.9476135040745054 0.9307559145989615 0.9281886387995715 0.9148494288681207 0.9051808406647118 0.891314895681708 0.8776493256262042 0.8641798182687709 0.869298245614035 0.868707209021345 0.8740740740740739 0.879222108495394 0.8843857995601632 0.8890180127832654 0.8932038834951455 0.8968293910417713 0.9003291020216266 0.900790166812994 0.9040560016471074 0.9070667957405617
15 1.0 0.9879621668099742 0.9776714513556618 0.9692532942898975 0.962641761174116 0.9578313253012047 0.9542234332425067 0.9450441609421 0.9371351594072742 0.9362582781456952 0.9365558912386706 0.9324370906583935 0.9246835443037973 0.9264448336252188 0.91797603195739 0.9137080867850099 0.9043715846994541 0.9048226046314006 0.8857808857808871 0.8731654285196611 0.8781985670419669 0.8917297528924455 0.8934959349593512 0.8952650540401457 0.8864778717665828 0.8885904472731538 0.8744267307272353 0.8664872697164174 0.8533580995209729 0.8395270270270305 0.8330796095638973 0.8373032934904154
16 1.0 0.9900071377587437 0.9808743169398907 0.9733502538071066 0.966824644549763 0.9615595826468973 0.9502032520325204 0.9475655430711611 0.9394201644309823 0.9328000000000001 0.9323168464113053 0.9328767123287671 0.933649289099526 0.9344454199590284 0.927776269345642 0.9197407776669991 0.9221140472879 0.9242752055387281 0.9156795824131707 0.9057062675397578 0.9084805653710257 0.8961424332344228 0.892963020752069 0.8963270142180111
145 1.0 0.9918462434478742 0.9843312814773363 0.9776357827476038 0.971859296482412 0.9612961296129612 0.9571550985432733 0.9539207760711398 0.9510328997704666 0.9485693589279245 0.9464837049742709 0.9448589036652609 0.9436447166921896 0.9347009534816524 0.9339933993399336 0.9333508265547096 0.900946831755281 0.9020427112349124 0.8921052631578957 0.8937644341801396 0.8952879581151842 0.8804841149773086 0.8726415094339641 0.8539208882720357 0.8568801203812095 0.8547094188376777 0.8509336767546709 0.8434108527131811 0.8470500373413022 0.8490241102181428 0.852640309648883 0.8561342746769709 0.8595094388082728
401 1.0 0.9818417639429312 0.9694989106753811 0.9613259668508286 0.9476831091180866 0.9378172588832486 0.903397027600849 0.8921124206708974 0.884976525821596 0.8800639658848611 0.8725776479957522 0.8547807332854062 0.840369670237346 0.8359051561911944 0.8253319713993891 0.8177887584928993 0.8090921576706528 0.7957995951417041 0.7876877221139557 0.7974981289425891 0.7905548496399871 0.7775588611959459 0.7711176687569211 0.7652898124001061 0.7549321568301062
19 1.0 0.9900568181818181 0.981320880587058 0.9739292364990688 0.9674985490423679 0.9621416982152514 0.9577677224736048 0.9539689995302958 0.9507908611599296 0.9481481481481481 0.9461123941493456 0.9348604151753757 0.9341397849462363 0.9333544906378924 0.9218336761680866 0.9150813344361728 0.9058214747736087 0.9007092198581559 0.8774475927205719 0.8588891271713502 0.8561027837259114 0.8143832864604286 0.8208898224174171 0.8086574654956117 0.8151864609854755 0.8060144006776824 0.8122040319307298 0.8178984283673235 0.7936527090623908 0.7782299084435446 0.7617740232312615 0.7560081466395163 0.7593955450888089 0.741603964030103 0.7462487791884989
148 1.0 0.9826789838337183 0.9754874651810586 0.9690170940170941 0.9633214467651555 0.9586935638808839 0.9548532731376976 0.9521611414183803 0.9499609069585614 0.9485693589279247 0.9473684210526316 0.9465576862621817 0.9460726846424384 0.9456491902278343 0.9452762003097577 0.9450389105058369 0.9417965169569208 0.941852896506835 0.9419035846724357 0.9368051492100652 0.9345603271983649 0.9350142045454555 0.9331976941336056 0.9315379623621036 0.9322665838123361 0.9270570793180146
144 1.0 0.975206611570248 0.9679066374908826 0.9628205128205128 0.9594822734946539 0.9507146377525874 0.950174825174825 0.9498825371965542 0.9497700742836929 0.9501278772378515 0.9504228638086905 0.9507626438319506 0.9478603049680276 0.9487412111589931 0.9495692372347134 0.9451788491446349 0.9363356845722561 0.9357456881974983 0.9375891018533193 0.9373236298826684
22 1.0 0.9751655629139073 0.964401294498382 0.9555895865237366 0.9482014388489208 0.9419311276164753 0.9281210592686002 0.9246171967020023 0.9227421109902066 0.9140546006066732 0.9046711153479502 0.891150023663038 0.87781954887218 0.864675688287447 0.8696397941680956 0.8635108481262322 0.859369336716201 0.8535620052770444 0.833532934131736 0.8304076167807195 0.8305563400169438 0.8316727844782376 0.824497257769652 0.8173777315296559 0.810313552733868 0.8033040784718627 0.8125603864734289 0.8221121369061013 0.8285115303983221 0.8176531671858769 0.8070873602425622 0.8006703122243789 0.8064089857945169 0.8158099083708659 0.8243302591128687 0.8282157676348557
278 1.0 0.945945945945946 0.9245283018867925 0.9189944134078212 0.9172413793103448 0.9171483622350673 0.9076175040518637 0.9016620498614958 0.9048780487804877 0.9084544964997306 0.9118773946360152 0.9161372299872934 0.8946188340807173 0.9003367003367002 0.9026149684400359 0.8980139559849704 0.8982151471297638 0.9008373732921996 0.9029047328864518 0.9079169006176311 0.91074493649159 0.9125578426679439 0.8991202346041067 0.9045157780195877 0.8991554266986023 0.8881332082551614 0.8708758083963632 0.8651524452629452 0.8469202030845899 0.8336942399307096 0.8281645569620292 0.8240490618383629 0.8284093267833708 0.8178730075777416 0.8112816527427026 0.8058156727451995 0.8067574137092901 0.7989001447178053 0.7924620126534395 0.781440529089595 0.7750543585688868 0.7789956063684028 0.7800072634828386 0.7724493361285787 0.775854826514321 0.7774551320830776 0.7791105226263687 0.7806984603830223 0.7749318410101823
153 1.0 0.9661016949152543 0.9344262295081968 0.90625 0.8805970149253731 0.8529411764705882 0.8333333333333335 0.8000000000000002 0.777777777777778 0.75609756097561 0.7349397590361448 0.7272727272727276 0.7078651685393262 0.7171717171717175 0.7000000000000004 0.6831683168316836 0.6896984924623119 0.6527942925089183 0.6627185561195716 0.6741214057507989 0.6854271356783921 0.6985398021667453 0.6888063167673015 0.7035110533159948 0.7155664221678892 0.7284515636918383 0.7217847769028871 0.728395061728395 0.7262180974477956 0.7204441541476158 0.7148374637914384 0.7093908629441621 0.7027027027027024 0.7122599704579021 0.719026548672566 0.7312809809548654 0.7453037326177113 0.7444494789306748 0.757434154630416 0.7541946308724828 0.7510356255178123 0.7608399766673145 0.7723696248856358 0.7707973765964794 0.7668269230769234 0.7734994337485848 0.7832618025751078 0.7771394012700338 0.7894590846047163 0.7977557755775583 0.8142365097588983 0.8201454705752705 0.8203314683838284 0.8114819229241171 0.8161160970021016 0.8180649899027 0.8202029113365695 0.8130526315789491 0.8107653490328024 0.8040849018822608 0.8059839605182008 0.8039707727507588 0.7983678063880707 0.7949545913218999 0.786690395982969 0.7803286611889838 0.7834268349696156 0.7872051586628239 0.7797195253505954 0.7861758370863532 0.7796314623686317 0.7697960683446613 0.7723068674321951 0.7658943386493542 0.768866540959561
29 1.0 0.9838362068965516 0.9681866383881229 0.9533920248575866 0.9397287795077848 0.9273959341723134 0.9227144203581523 0.9187956204379558 0.9082487869430962 0.9055720969800081 0.9041818920016237 0.9036979969183355 0.9032612678636859 0.9033379694019468 0.9036303630363033 0.9043151969981235 0.8987341772151894 0.8926056338028164 0.884312007011393 0.8760907504362996 0.8679409209383139 0.8711975883803775 0.8741222366710006 0.8769762845849797 0.8799531066822972 0.8826416778224002 0.8850819323260265 0.8876267748478699 0.8899438093392751 0.8817548484277913 0.8764551257979721 0.8711851713162329 0.8744859645986054 0.8775230927129662 0.8782722513089007 0.8789589212919414
416 1.0 0.9667458432304038 0.9571209800918835 0.9539473684210524 0.9371933267909716 0.9302421009437833 0.9117442668519805 0.9007048728164265 0.8844727080021197 0.8751753155680231 0.8645598194130938 0.8753006475485673 0.8707300736771616 0.8595547587031247 0.8516733601070975 0.846584001945055 0.8435077519379872 0.8404537774559524 0.8272071859118338 0.8231212513230656 0.8205428170332273 0.8247466216216248 0.8360624157195176 0.8271714134088128 0.8260408379740156 0.8221909865589072 0.8152747341936569 0.8134261883553363 0.8098497247433458 0.7960932394161689 0.8038351038952404 0.8119732275656957 0.8069583358900453 0.8020502806931945 0.8004023654209638 0.7978510289564785 0.7894439101657568 0.7967247754886462 0.7892149170981775 0.7837921916316712 0.7810369758314417 0.7756722151088361 0.7755929938433636 0.765709998124178 0.7542181968645092 0.7446461719563505 0.7441744717433562 0.7507719639609107 0.7434994128501875 0.7462604745868838 0.7378381516312479 0.7342954159592454 0.7338989587350483 0.733502929386363 0.7381920212957218 0.7433119090083029 0.742961891628258 0.744344171096541 0.7440222428174138 0.7436451802205171 0.743268280632401 0.7473482316700952 0.7465868820077746
33 1.0 0.9763033175355451 0.9703304113283884 0.9661610268378062 0.9636363636363637 0.9625272331154685 0.9619916381603953 0.9616806722689076 0.9617453676031082 0.9619404985258644
163 1.0 0.9817629179331308 0.9648093841642229 0.9481268011527378 0.9320113314447593 0.9157303370786519 0.9158110882956879 0.916156382477626 0.9172056921086675 0.9183187946074544 0.9196787148594378 0.9208389715832205 0.9183291770573565 0.9124928036845135 0.9110634878114117 0.9134783695923981 0.9158681935031551 0.9119440054188306 0.9054905490549057 0.8990805113254096 0.8995798319327735 0.9001578531965277
297 1.0 0.973733583489681 0.9643312101910827 0.9448818897637794 0.9468488990129079 0.9370567375886527 0.9242624394539851 0.9165751920965972 0.9054868379321281 0.8965330444203684 0.8996212121212125 0.8908862876254189 0.8812066704140916 0.874685032756595 0.8665461665913561 0.8621065540264364 0.8688891653190718 0.8736913973600386 0.8643539675945185 0.8600728387962459 0.8558654271801711 0.8498245614035119 0.8436187399030728 0.8502705953096845 0.8485279796239451 0.8441016469185516 0.8392672477470857 0.8262254724495006 0.8217981454105671 0.8171000735343313 0.8145538442352105 0.804446628178361 0.8035361238208258 0.799904158458019 0.8050200803212874 0.8035330030525968 0.8017498226531103 0.8020973379940843 0.7953310696095061 0.7907468763721978 0.7850684774730055 0.7866637532320868 0.7830154470955059 0.7832389029858473 0.7782078308048458 0.7789027316656191 0.7750326716037013 0.7698817562586531 0.7654435021132381 0.7647025907895377 0.7632807230540841 0.7617669852751148 0.7576429433646141 0.7564607141163603 0.7550927402816368 0.7540128867739787 0.749909403877513 0.7443994601889339
41 1.0 0.9924283396430503 0.9853018372703412 0.9791044776119403 0.973696571160169 0.9688612099644128 0.9649269311064718 0.9615535504119262 0.9587780640412219 0.9564315352697095 0.954352787740463 0.9482917820867959 0.9469542407461381 0.9458563535911602 0.9448674192701495 0.9440699126092386 0.9434410646387834 0.9428700974835641 0.9342442356959869 0.9344862665310281 0.9347065682083178 0.9324800593581903 0.9329311568488298 0.9286684782608705 0.929315960912053 0.9299233536680754 0.9226172691962964 0.9235632183908058 0.9225020758372556 0.9233849439402042
430 1.0 0.9656019656019657 0.9561815336463222 0.9539473684210524 0.9540983606557376 0.9481161210623841 0.9320388349514561 0.9389373513084852 0.9307616221562809 0.9129205541419281 0.9017424975798651 0.8932618998557605 0.8856127886323285 0.8784307644596082 0.8963564746430347 0.9000556483027284 0.8980724593803631 0.8977199298439972 0.8890873522157036 0.8879632777966701 0.8808061722563401 0.8822584179387944 0.8805796257190734 0.8715929739551815 0.8639021796916564 0.8660422700104782 0.8623228418921438 0.8557961492315618 0.8555104656129864 0.8549758790470976 0.8520097140308264 0.848425002468647 0.843448444771 0.8386379026796921 0.837088698140197 0.8347387676794685 0.8272799226101446 0.8224356176342164 0.8231143552311383 0.8228985389938835 0.8180576753152806 0.8096481855237576 0.8086990905496176 0.808251659816623 0.8078047239118346 0.8010446713962659 0.8006077606358035 0.8013297968971324 0.8011185377165373 0.79878235434168 0.7889902105404217 0.786356495872178 0.7860887568036762 0.7857837753020447 0.7854386900467284 0.779320605008667 0.7770644042534773 0.7767079321412071 0.776351603014055 0.7750629434653111 0.7755471983982997 0.774581632377181 0.7737031136075058 0.7727836831597568 0.7722433357591316
47 1.0 0.9906229068988613 0.9832134292565947 0.977552111170497 0.9731800766283525 0.9698145752479517 0.9675048355899419 0.9656260961066292 0.9641485275288092 0.9616047255722372 0.9543894065718489 0.9544003647970817 0.9517868471135549 0.9484890109890114 0.9491415613864598 0.9476904252064857 0.9463923500434662
50 1.0 0.9726277372262774 0.9673590504451038 0.9640644361833953 0.9629439011837366 0.9628349178910978 0.962852897473997 0.958589453251375 0.9553903345724907 0.9564437612093262 0.9541984732824429 0.9525608732157854 0.9486491665069942 0.9501766784452302 0.9491886575971159
178 1.0 0.9718875502008031 0.9460154241645242 0.9531590413943355 0.948509485094851 0.9427522935779816 0.9353264185478949 0.927558104437066 0.9257214554579677 0.92486659551761 0.9145015662428607 0.912148502113583 0.9172106352491651 0.921310557266873 0.9094966526159202 0.9054665930425196 0.9096850861556761 0.9126928471248265 0.9098746081504722 0.9059786828545231 0.9001272264631065 0.8985267970535963 0.8937991670522915 0.8895892425674962 0.8875404921916537 0.8834726916918674 0.8817004015066819 0.8805009499437754 0.8790219728163792 0.8765939942410486 0.8735939665452618 0.8707712919825771 0.8694607658687619 0.865466421494632 0.8624275040493223 0.8585185000870891 0.8582195358555338 0.8537058962822658 0.8513850478306237 0.848337935082727 0.8446218487395012 0.8440407434631997 0.8404699897038403 0.8399128118188488 0.8350406631216841
52 1.0 0.9811557788944724 0.9598915989159893 0.9445333333333334 0.9296587926509187 0.9266236985622213 0.9251386321626618 0.9177845088706188 0.9118122977346278 0.9020537124802527 0.9037118706357956 0.9053822420294823 0.8977272727272726 0.8882607249750579 0.8919085855466335 0.8916905444126072 0.8950468540829984 0.8981690494105842 0.9009200283085633 0.9036625971143175 0.9060993502410397 0.9090372120496163 0.9093934911242607
56 1.0 0.9895988112927192 0.9805149617258176 0.972885732730794 0.9662853702588802 0.9608282036933408 0.9564089257913855 0.952907256126862 0.9497307001795331 0.9474123539232052 0.935185185185185 0.9343907714491707 0.9335367921329263 0.9320913461538459 0.9212290502793294 0.9214645794640486 0.915351865765089 0.9068778066650914 0.9021324354657695 0.883577650308053 0.880780653372933 0.8661636219221622 0.8293413173652723 0.8194782608695684 0.7920479646576248 0.78413802327137 0.769565758367555 0.7641588172171269 0.7455465141851827 0.7301636307502377 0.7345360824742329 0.7404580152671816
187 1.0 0.9367088607594938 0.9085239085239086 0.8593155893536124 0.8178633975481614 0.7713310580204781 0.7589576547231273 0.7503852080123268 0.7426900584795323 0.7456492637215529 0.7231503579952266 0.7311475409836065 0.7212121212121211 0.7151277013752453 0.6964586846542997 0.6943423952975748 0.6927083333333328 0.6776811594202892 0.7096281202241461 0.7137745974955271 0.7049469964664303 0.6996557659208255 0.6963752665245196 0.7340659340659336 0.8038716250636777 0.7970058360822122 0.7858565737051788 0.7835026009412924 0.7793991416309016 0.7969254127918016 0.8111372022811145 0.8070761014686256 0.824175824175825 0.8385780118499022 0.8483916745506161 0.8537142857142871 0.849398818015082 0.8519277332836672 0.8492763552282283 0.8469038658912095 0.8506741485464909 0.853693487139072 0.8497175949095608 0.8517391879381055
60 1.0 0.968553459119497 0.9399399399399401 0.9162011173184359 0.8898071625344355 0.8836805555555558 0.8740399385560678 0.8526955201214885 0.8318318318318321 0.8135095447870782 0.8023660403618653 0.8158338012352614 0.8266542404473441 0.8152573529411766 0.825136612021858 0.8193600648035642 0.8291867805421462 0.8342954159592528 0.8375314861460956 0.8403287349574404 0.8472070098576122 0.8471337579617834 0.8537398761314912 0.8487552841709721 0.843909217230199 0.8482490272373541 0.8557033454252317 0.8463974663499605 0.8517425779089067 0.8583059068075527 0.8642740619902124 0.85215174688859 0.8579545454545464 0.8576435696953368 0.8482233502538086 0.8452611218568682 0.8382420616659016 0.8552460816611778 0.8496738205540342 0.8477014195731898 0.8431665421956701 0.8408117668962966 0.8384701076865965 0.8348345670204246 0.829508754037058 0.8311656441717812 0.8229109882407937 0.8279181708784621 0.8269563256408353 0.8248986334284452 0.8185732740060311 0.8088919288645722 0.8128299894403411 0.8120796518528318
74 1.0 0.988835725677831 0.9807824296499656 0.9751184834123222 0.9711488923235447 0.9682827367467152 0.9581972566949708 0.9574212893553224 0.9534246575342468 0.9471980074719806 0.9484724122207028 0.9437447523089848 0.9326444699579041 0.9273762904948394 0.918798481597625 0.9154190461490989 0.8979766315189536
203 1.0 0.9752270850536747 0.9522292993630574 0.9441930618401208 0.9378969654199013 0.9323607427055703 0.928395061728395 0.9249422632794457 0.9219088937093275 0.9197969543147207 0.9184834123222748 0.9173333333333332 0.9165623696287024 0.9161113288906311 0.9161456417800661 0.9073756432246997 0.9082983532450758 0.9087289433384378 0.9093023255813952 0.9003250270855903 0.8924385198804873 0.8827631292220532 0.8847068145800322 0.8816388467374817 0.8791437772305369 0.8738194182092944 0.8713301920985874 0.8740869565217402 0.8600131752305681 0.8434535104364347 0.8414152582530428 0.8087061304413345 0.8118295158016847 0.817040859015482 0.8083674277418538 0.7844458052663851 0.7819512195121994 0.7671232876712377 0.7512522647340989 0.7326065411298375 0.7268199233716537 0.7337770382695568 0.7196937107459412 0.7066388040508026 0.70188534051559 0.7185557650673996
76 1.0 0.9620253164556962 0.9563058589870904 0.9544383346425765 0.9565741857659831 0.9521988527724664 0.9498825371965542 0.9501278772378515 0.9505774912704806 0.951219512195122 0.9544538492543331 0.9455184534270655 0.9427230046948364
78 1.0 0.975825946817083 0.9667924528301887 0.9508305647840533 0.9315789473684212 0.9127035830618894 0.894193548387097 0.8760383386581472 0.877502944640754 0.8622685185185187 0.8622475401346453 0.8791495710555763 0.8839285714285715 0.8880407124681934 0.8802132329883976 0.8726035868893012 0.869385342789598 0.8611356281259193 0.8529584065612184 0.858402351055303 0.8664047151277012 0.8677499435793276 0.868454126518643 0.8668742701440255 0.873137041075973 0.8765516068695807 0.8819023300351109 0.8867527786121966 0.8833522083805219
79 1.0 0.991740412979351 0.9840728100113766 0.9770240700218817 0.9706036745406822 0.9654150197628456 0.9608026131591225 0.9572052401746722 0.954434499593165 0.9520182787509518 0.9498926270579812 0.948130683731896 0.9422405585528402 0.941440095608007 0.9407281964436915 0.9402028830752802 0.9397315776145859 0.9395103216514643 0.9393109742185719 0.9392229216409813 0.9391430345684126 0.9391544843935207 0.9391649348195734 0.9346029464606546 0.9325417311994499 0.9329590488771473 0.9334178820545347 0.9318527532704602 0.932456140350878 0.9310441880101332 0.9297341291372773 0.9251922325035853 0.9260005033979374 0.9219772231645278 0.9198785330530266
210 1.0 0.9734278122232064 0.9790915645277578 0.9741750358680058 0.9693076374018559 0.9603064066852368 0.955755271344625 0.9512697323266988 0.9468483816013629 0.942489851150203 0.938192811555257 0.9341098169717138 0.9301022090339598 0.9261679189807253 0.9223049530592425 0.91851138915624 0.9149746192893401 0.9071226859115156 0.903786468032278 0.9005219527172243 0.8977616454930429 0.8953004164187983 0.892919836161498 0.8908359666762424 0.8890453393410307 0.8875413450937156 0.8860998650472337 0.8847170809095719 0.883810999225407 0.8829465186680123
83 1.0 0.9835796387520526 0.9674267100977201 0.9515347334410342 0.9358974358974363 0.9205087440381564 0.9170879676440854 0.9145463274123864 0.9139013452914801 0.9143451143451147 0.9144966964632727 0.9039569727237805 0.9049676025917929 0.9063026626221774 0.9076825798292761 0.9089014587674904 0.9101628298708592 0.9116168298491665 0.912912912912913 0.9109004739336495 0.9125168236877527 0.9140973846480973 0.9128153380423819 0.9143460725945848 0.9157354826891377 0.9170022763088782 0.9124391938846428 0.9079469057059134 0.9074744813961153 0.9070426973373256 0.9065477090579172 0.9081261811309793 0.9042716015027144 0.9042908702045194 0.9027706516162147 0.9029270100037065
340 1.0 0.9842696629213483 0.9588785046728973 0.9317972350230416 0.9054545454545456 0.8798206278026908 0.8548672566371683 0.859065716547902 0.8391337973704565 0.842245989304813 0.856979405034325 0.8438371444506414 0.8313384113166487 0.841982234689107 0.8504290968532897 0.8634567014013654 0.873960332693538 0.8675413933145891 0.8689598689598689 0.8776787864194557 0.888580576307364 0.8973966309341501 0.8985084861992118 0.9035469819539519
88 1.0 0.9902506963788301 0.9819121447028424 0.975623911781776 0.9631190727081137 0.9530426449448969 0.9506390480387837 0.9487388120423109 0.9476635514018692 0.9470061940812113 0.9471531928279333 0.9477011494252874 0.9483530961791832 0.9493365500603136 0.9470522803114574 0.9452562255608153 0.9437858508604211 0.9449410082230967
89 1.0 0.9887187751813054 0.9718875502008032 0.9698600645855758 0.96859578286227 0.9681214421252371 0.9679214402618658
92 1.0 0.9909208819714657 0.9835584263065179 0.9774678111587982 0.9727228446176327 0.9689716312056738 0.9665071770334928 0.9594202898550723 0.9581812147361433 0.9572127139364303 0.9568989644556394 0.95679012345679 0.9535214607540907 0.9478870155463108 0.9485294117647063
225 1.0 0.9659477866061295 0.9533898305084746 0.9431929480901078 0.9174484052532833 0.8952042628774424 0.8979907264296755 0.9001367989056087 0.9018404907975459 0.9032258064516129 0.9047136340598073 0.8789062499999999 0.8857392062799824 0.8815276695245516 0.8713405238828965 0.8778089887640447 0.8761511590981261 0.8833718244803693 0.8865546218487392 0.8923745173745172 0.8979818141494788 0.8920467063229787 0.8946512100874519 0.8854805725971376 0.874461113985171 0.8586304828021475 0.8518411133661952 0.8501157407407428 0.8396946564885522 0.8462108121451518 0.844884894743324 0.8381965899988586 0.8323890967397146 0.8385759077576648 0.8371627419201101 0.8427821046911823 0.8455438717462539 0.8395382864574901 0.8357137342700569 0.838096641131412 0.8281076581576066
353 1.0 0.9585062240663901 0.9408602150537635 0.9349046015712682 0.9306358381502889 0.9274261603375527 0.9174511223750904 0.9173660426081341 0.9025787965616044 0.9052035033487892 0.9073467477772578 0.9099405267629566 0.9027937236892459 0.8971865230982978 0.8880763116057232 0.8744962579159468 0.857219251336898 0.860199004975124 0.8345656192236605 0.8270293242668944 0.8097211755840261 0.8033644859813106 0.8041543026706255 0.8148329258353731 0.7958698558906582 0.7984647592463395 0.7915515199368374 0.7998510057114512 0.8064138576779061 0.801724137931038 0.8008983599707546 0.7963572950978531 0.7921503593145425 0.7847204438753779 0.7710586563511536 0.7578731507250676 0.7554240631163762 0.7545900490539649 0.7452348993288649 0.751062459755318 0.7451732673267386 0.75274888558693
355 1.0 0.953198127925117 0.9144079885877319 0.9089790897908979 0.9083333333333332 0.9078590785907857 0.9002302379125093 0.8925900747790616 0.8800239952009595 0.8851315083199139 0.8892666342884893 0.8936731107205622 0.8772619984264356 0.8736165655123167 0.8708835996087378 0.8586572438162541 0.8459858001092294 0.8498224251648905 0.8439929771758209 0.8225844004656576 0.8146183998155406 0.8116648992576887 0.8166634297921934 0.815869604155473 0.8334886610748691 0.8254105445116696 0.8218588640275403 0.8212618380685627 0.8154738368261519 0.8122620454247097 0.7987589731110866 0.7962200145384082 0.7893582007679679 0.7904290429042935 0.8007789678675784 0.8078232857800306 0.7972412625878007 0.7942531624361263 0.7828845558650611 0.7808176829739585 0.7787555967268834 0.776698280515078 0.7664534156923344 0.7620352800618498 0.7606561974200828 0.7467272241517547 0.7449789817842176 0.7397319498486864 0.7363636363636417 0.7314351673720716 0.726748377793805 0.7321366931308296
103 1.0 0.9894815927873779 0.9690358902181563 0.949000689179876 0.9290586630286495 0.9252217997465146 0.9096459096459097 0.9109890109890112 0.9141882008776208 0.9174989144594008 0.9201877934272299 0.9227498228206944 0.9248704663212434 0.9274336283185839 0.9298245614035087 0.932077342588002 0.9339903735961496 0.9228894305340131 0.922681472342176 0.9167691676916774 0.9108931126098513 0.9117367319764129 0.9126885536823431
108 1.0 0.9926778242677824 0.9856704196519959 0.9790314528207689 0.9728023312287518 0.966903073286052 0.9614325068870523 0.956541019955654 0.9521162890123984 0.9484451718494271 0.9392504930966469 0.9314242652599848 0.9291395516992045 0.927032661570535 0.9211398277004638 0.9198473282442746 0.9190012180267965 0.9180567749487853 0.9055383750351418 0.901727861771058 0.898943026553235 0.8996787744007904 0.9003558718861208 0.898112349329088 0.8989501312335958 0.8998737904922172 0.8977480219111384 0.8854247856586133 0.8842322871640677 0.88103417103598 0.8826610790990057 0.8841803140300534 0.8857329415605626 0.8874349676809091 0.8784833257195079 0.8783684288028287 0.8698408226510793 0.8651654910472076 0.8661953390940058 0.8666835957338772 0.8658806190125299 0.8619132501485467 0.8642032332563534 0.8664721723518874 0.8658682634730563 0.8646534868564004 0.8541362783913343
109 1.0 0.976923076923077 0.9548872180451129 0.9338235294117648 0.9127272727272729 0.9068150208623089 0.9045161290322582 0.9075869937250428 0.9112903225806452 0.9155555555555556 0.9191438763376932 0.9239357990230286 0.9240037071362373 0.9279379157427937 0.9280000000000002 0.9311288483466365
111 1.0 0.9709864603481625 0.9603960396039605 0.9538950715421304 0.9497557571528262 0.9469790382244143 0.9460625674217905 0.9455066921606117 0.9453924914675766 0.9345146379044682 0.93570929419986 0.9368421052631577 0.9383183008437589 0.9330874604847206 0.9350303030303029 0.9306177260519248 0.932752179327522 0.9266692396758013 0.9144595561918405 0.9176293319939738 0.9206772221351318 0.9196480938416433 0.9205955334987603 0.9143857828512142 0.9128953771289552 0.9161208778582112
112 1.0 0.9870250231696015 0.9767634854771784 0.9687732342007435 0.9622895622895622 0.9571078431372548 0.9529675251959686 0.9498464687819855 0.9475655430711611 0.9454781479878841 0.9441563621858796 0.9428783382789317 0.9328767123287671 0.9029003783102143 0.8932551319648092 0.8893766461808602 0.8817116380485144 0.8631921824104231 0.8571767497034402 0.8625306851149297 0.8245980371685124 0.8130904183535782 0.7912829957028881 0.7741661955907327 0.7716132507406448 0.7545036650515636 0.7586698337292205 0.7646391284611935 0.7537426773703669 0.7388413098236827 0.7324973876698069 0.7402027952863851 0.7320000000000055 0.738380370153259 0.7255485893416987 0.7139697751566595 0.7193983032722668 0.7148304507694467 0.7094739579946746
125 1.0 0.9740484429065744 0.9494097807757168 0.9268887083671813 0.9173947577442416 0.9093005380476558 0.8912564290962529 0.8867924528301888 0.8827448367754831 0.8795944233206592 0.870718232044199 0.868574456809751 0.8675429726996967 0.8545816733067728 0.8408304498269897 0.8417721518987341 0.8348082595870205 0.8397790055248617 0.8397932816537466 0.8394160583941604 0.8363636363636362 0.8329764453961453 0.8380566801619431 0.8368563685636855 0.8423342718198105 0.8196872125115 0.8235166268202571 0.8125760649087233 0.811138947774139 0.7935251798561173 0.792185633850881 0.7808617072777178 0.7771376591873893 0.7854871350101215 0.7654143212462403 0.7558639322117198 0.7601220514024218 0.7683736634777757 0.7578059071730003 0.7429834678969679 0.7383417315620759 0.7372276139901172 0.7288405412576338 0.7365720150530333 0.7304837262419505 0.714173104209371
119 1.0 0.9257425742574258 0.8617511520737328 0.8178137651821862 0.8429003021148036 0.8422939068100357 0.8193979933110367 0.8486672398968185 0.8459363957597171 0.8301369863013697 0.8300726662940188 0.8442776735459661 0.8333333333333331 0.8277050310130942 0.8302055406613046 0.825935596170583 0.8271425103180382 0.8508406858664896 0.8425336687879248 0.8337243401759544 0.8290416777276365 0.8228413720594051 0.8217104411954992 0.8157355202460294 0.8122522061644729 0.8087822312994657 0.8053255191744191 0.8139913863345382 0.8251971861010465 0.8357902958117759 0.8321415802645714 0.8296789028496371 0.83555760085903 0.8273229001285277 0.8265398550724665 0.8232467337438083 0.8304117974401809 0.8271871820956287 0.825612387358805 0.8240435774005606 0.8197150334399569 0.8167174575533325 0.8179403351042103 0.8167720873291174 0.8204732013520042 0.820287212217916 0.8197639983598336 0.8136118541162463 0.8115444882056474 0.8116613611637157 0.8141195439364243 0.8119347691860636 0.8085069743413075 0.8083052304436898 0.8071726228059041 0.8032530591383237 0.7994484977307909 0.7979314518347308 0.7960929250263954 0.7940885950915563 0.7904591417098068 0.7879175881736714 0.7854485139194002 0.7828235954328677 0.7808042045549398 0.7755470788998255
249 1.0 0.9683257918552036 0.9701646090534982 0.9687953555878086 0.9615592853275584 0.9553308048883277 0.9544295187893223 0.9557585271870994 0.9512677798392094 0.9482291779486636 0.9469300794111962 0.9430002590897327 0.9407024955018398 0.9352870219257804 0.9299429164504426 0.9249524262607045 0.9193247835141942 0.9140395337050161 0.9094017894786128 0.9065912379949976 0.9042866492146562 0.9001264707009501 0.8962243797195205 0.8920643540832204 0.8911015367913913 0.8906785120884284 0.8864089534958454 0.8827239100115173 0.8795415472779344 0.8771177237185045 0.8736923672994965 0.8702976132010624 0.8667418210855145 0.8630414705021102 0.8587619500800328 0.858159095331796 0.8537132880214565 0.8500659709727791
122 1.0 0.9740259740259741 0.949367088607595 0.9413629160063393 0.9356254572055597 0.9310344827586207 0.9150579150579151 0.9134558387670421 0.9120879120879122 0.8839050131926124 0.8857979502196194 0.8825638727028239 0.8717047451669595 0.8652682533279548 0.8705838601710673 0.8706125258086717 0.8622888109658908 0.8541206188822227 0.8613457617244391 0.8580576307363925 0.8557763061074317 0.857916102841678 0.8551624249948275 0.8635321100917435 0.8510382701218476 0.8416836814826465 0.8391041697362623 0.8283378746594028 0.8462781304096961 0.8452120682116331 0.8421914220233568 0.8397046046915745
379 1.0 0.9780564263322884 0.9690265486725663 0.9432278994322788 0.9182349123945488 0.9256900212314223 0.9214840379637617 0.9410127991096269 0.9311947931194797 0.9244845957841098 0.9262263422170729 0.9171288743882556 0.9069832794716891 0.9019498607242358 0.9078117418728788 0.9048998310403107 0.9055336389807034 0.9007250418293383 0.8998341625207319 0.9003096442866875 0.8940809968847376 0.887882219705552 0.887200100489891 0.8835904628331012 0.8778110536346314 0.8733027054619696 0.8708005375311944 0.8677857497405327 0.8678834918333375 0.8648736228126989 0.8619288561790819
124 1.0 0.9676470588235294 0.9618671926364234 0.9593908629441624 0.9585342333654774 0.9535073409461664 0.9544646033440057 0.9553739786297926 0.9563514269725797 0.957135653050933 0.9546391752577321 0.9556948798328111
253 1.0 0.9765100671140939 0.9530944625407166 0.9341935483870968 0.9325726141078838 0.9273955255382017 0.9328034682080925 0.9225884487450862 0.9156969226790793 0.9219646545788387 0.911924391715263 0.908878923766817 0.8975932805685686 0.8889213680210482 0.8785866099893751 0.8822100789313925 0.8813069571015804 0.8715186013417388 0.863745609169905 0.8587405368203748 0.8594438656943697 0.8674662668665697 0.8623107122826729 0.860647145153403 0.8601664373239007 0.8539064413421538 0.8476737507179799 0.8420689288938454 0.8403726050598073 0.8403634003893568 0.836578087253089 0.8325326628653499 0.8294862564059089 0.8302574065080096 0.821924699144831 0.8161615415851392 0.8144656300569834 0.8075571177504318 0.8023062139653985 0.8003204733144249 0.7956042026398101 0.7914853252985055 0.7882824013569395 0.7858766143783495 0.7851344987117934 0.7794335991201427 0.7736446811415967 0.7691586350612045 0.7645507909660662 0.7632219297809936 0.758521716440919 0.7576822976119786 0.7569143435499119
