0 1.0 0.9920634920634921 0.9846743295019157 0.977859778597786 0.9105545617173526 0.9060869565217393 0.9018612521150594 0.898360655737705 0.8960629921259843 0.8963414634146342 0.8941176470588236 0.8920454545454546 0.8878248974008207 0.8809523809523808 0.879641485275288 0.8737623762376235 0.8677685950413221 0.8684807256235825 0.8652173913043475 0.8663883089770351 0.860696517412935 0.8559077809798267 0.8588672237697303 0.8617594254937159 0.8645833333333329 0.8661087866108781 0.8660209846650518 0.864906832298136 0.8597014925373128 0.8626174981923349
257 1.0 0.8653846153846156 0.7985611510791369 0.7995337995337998 0.8428053204353086 0.8439716312056741 0.820987654320988 0.7987191216834404 0.801962533452275 0.8052173913043481 0.8074324324324327 0.7460545193687234 0.7201413427561839 0.6949860724233985 0.6994434137291281 0.7047791893526921 0.7098875074008291 0.7124600638977642 0.7117021276595751 0.7178021978021991 0.7020905923344961 0.6894781864841759 0.6744383213225958 0.6782752902155904 0.6822051074179182 0.6859635210150692
130 1.0 0.994535519125683 0.9891598915989159 0.8984547461368656 0.8339483394833951 0.7959814528593512 0.795107033639144 0.7945619335347434 0.7943368107302535 0.7941176470588236 0.7942028985507247 0.7556440903054449 0.7777777777777779 0.7786333012512031 0.7483811285846439 0.7502278942570648 0.7275862068965518 0.6784565916398716 0.6817102137767224 0.7290788681517163 0.6738391845979622 0.6756152125279651 0.6771697070204543 0.6781232951445729 0.6812062466343577 0.6833156216790661 0.6846516500785766 0.6875323331608914 0.6903423607562611 0.6912209889001026 0.6862003780718356 0.6728452270620965 0.660000000000002 0.6604110813226117 0.6613896218117878 0.6392914653784243 0.6255489021956112 0.6120348376880469 0.6137877007442251 0.6173508907823417 0.6203597397627274 0.6240544629349496 0.6276635514018718 0.6289493019838381
131 1.0 0.9189189189189191 0.9153846153846156 0.8469750889679719 0.8080959520239883 0.7529069767441865 0.73955773955774 0.7390243902439028 0.7391304347826091 0.685534591194969 0.7047210300429189 0.716981132075472 0.6912080057183705 0.6919801277501777 0.6927413671599723 0.6728268309377143 0.6739130434782614 0.6749831422791644 0.6943483275663214 0.6953035509736548 0.6789709172259516 0.6978208232445531 0.6807286673058496 0.6969185310257505 0.7105163965322289 0.6970830216903529 0.6978042426497967 0.6846381093057622 0.7003621995390203 0.7012774320340665 0.7021831215379619 0.7030794165316062 0.6936360729133372 0.6948506039415147 0.6953642384105978 0.6964006259780926 0.6978551445446086
128 1.0 0.886792452830189 0.7857142857142863 0.7758318739054297 0.7758620689655178 0.7948717948717955 0.7938144329896913 0.7932584269662928 0.7927232635060645 0.8319088319088325 0.8319327731092443 0.8053830227743277 0.8059701492537319 0.7865972674040346 0.7874519846350841 0.7886792452830199 0.7899938233477466 0.7912621359223313 0.7924865831842589 0.7948417350527563 0.7936962750716349 0.7952755905511828 0.7967973495306478 0.797509474824041 0.7987220447284366 0.7992681651855746 0.7988712160082118 0.8001009591115623 0.8012916045702957 0.8017578125000027 0.8015340364333682 0.8013182674199654 0.8025034770514634 0.8023679417122073 0.8008039303260419 0.8014931927975443
389 1.0 0.9869281045751633 0.891358024691358 0.7981220657276995 0.7136465324384788 0.6367521367521368 0.5664621676891616 0.5787401574803149 0.5932203389830508 0.5497382198952879 0.5666666666666667 0.5847860538827258 0.6041979010494751 0.6187766714082502 0.5953002610966056 0.5753920386007237 0.5916955017301038 0.6074154852780805 0.6243550051599586 0.6418786692759293 0.6579925650557618 0.6713780918727912 0.6820857863751048 0.6909527622097675 0.6838995568685373 0.692307692307692 0.6972538513060946 0.7095329494561736 0.7144592952612391 0.7220613781123336 0.7185821697099894
6 1.0 0.8566552901023894 0.8330019880715708 0.7595419847328247 0.6917431192660554 0.7439613526570052 0.789043336058872 0.7588424437299038 0.7608867775138562 0.7363984674329507 0.7824639289678141 0.7619308831596276 0.728369166229681 0.7406206577119044 0.7238532110091752 0.7074057246706053 0.6912691269126924 0.6754346856888108 0.6510528577567697 0.6542056074766368 0.6209677419354853 0.6106264869151481 0.615744349181607
260 1.0 0.8595317725752512 0.8557377049180331 0.8093220338983054 0.7928902627511596 0.7876312718786467 0.7845868152274841 0.7816513761467893 0.7779783393501807 0.7758007117437724 0.7727272727272729 0.7699570815450645 0.7674810446503791 0.7663628831814416 0.7644191714053615 0.7627388535031847 0.7616822429906542 0.7598784194528875 0.7585185185185184 0.7521489971346702 0.7472067039106142 0.7573270808909732 0.7595375722543355 0.7616875712656788 0.7581187010078395 0.7442622950819692 0.7341907824222965 0.7332619175147324 0.7277922077922113 0.7255696202531686 0.713867187500004 0.7113702623906748 0.715241280458676 0.7050987597611444 0.6969428444838344 0.699092088197153 0.6999154691462449 0.692871690427706 0.6846635367762212 0.6805450416351337 0.6772009029345464
136 1.0 0.7889447236180909 0.7894736842105267 0.8181818181818183 0.8410596026490066 0.8539325842696627 0.8637469586374693
137 1.0 0.8868894601542419 0.8866995073891627 0.8883720930232559 0.8857142857142858 0.884297520661157 0.88671875 0.8895027624309392 0.8929188255613125 0.8962722852512155 0.8931297709923662 0.8900144717800287 0.8902606310013715 0.8840206185567007 0.8465116279069765 0.8459845984598456 0.8397502601456812 0.8461538461538456 0.8395522388059695 0.8431718061674003 0.8399999999999994 0.8339798293250575 0.838354151359294 0.8339052848318466 0.8268120590121887 0.8329297820823259 0.8336182336182356 0.8362950996230502 0.8395503321410347 0.8426420592520667
5 1.0 0.875370919881306 0.870588235294118 0.7866004962779162 0.7837837837837843 0.7815533980582529 0.7793764988009596 0.7813953488372096 0.7847533632286998 0.7878787878787881 0.7907949790794981 0.7955911823647296 0.7968970380818055 0.8000000000000002 0.7496671105193078 0.702072538860104 0.7074401008827242 0.7135862913096699 0.7183431952662725 0.7238204833141545 0.7290033594624863 0.7323279924599436 0.7337006427915521 0.7009009009009011 0.6693191865605661 0.6388888888888891 0.6457627118644069 0.6520298260149131 0.6580226904376014 0.6608557844690969 0.6653756777691714 0.6712121212121215 0.677276091783864 0.6822429906542058 0.6856745479833104 0.6855600539811068 0.6842105263157896 0.6898326898326899 0.6896984924623116 0.6941031941031941 0.6993385447985568 0.7169712793733681 0.7172131147540987 0.6989356310187536 0.6810431293881649 0.6635235732009931 0.6463654223968572 0.6460945033751215 0.6515151515151525
11 1.0 0.995 0.912871287128713 0.8637083993660858 0.862284820031299 0.8448883666274972 0.8360037700282753 0.8041704442429739 0.7704626334519575 0.7379912663755461 0.7479970866715225 0.725795053003534 0.7048730267673307 0.7061224489795923 0.7340720221606655 0.7236633139227112 0.7461162893919228 0.7455985915492968 0.7038283550694164 0.6916081025217045 0.6683979224930098 0.6697029702970313 0.6718995290423878 0.6664133738601841 0.6687993978170887 0.6483035388544346 0.650885435489702 0.6521428571428592 0.6547576936682016 0.6268201828648853
140 1.0 0.8944723618090454 0.8396946564885499 0.8202247191011239 0.8176100628930821 0.7831325301204823 0.7463126843657822 0.7658760520275445 0.7912023460410564 0.7923433874709984 0.7885835095137428 0.7763157894736851 0.757636454682024 0.7393458870168493 0.7214320745463474 0.724104549854793 0.7260143198090704 0.7097674418604665 0.7108874656907609 0.7140279657194423 0.7164444444444461 0.7184083952776581
15 1.0 0.9891891891891892 0.895927601809955 0.8945054945054947 0.8938428874734609 0.8938775510204083 0.8947368421052633 0.8270270270270272 0.8310344827586209 0.832512315270936 0.8333333333333334 0.8371040723981901 0.8400000000000001 0.8455284552845528 0.8445859872611464 0.8454106280193235 0.8424657534246572 0.8458197611292071 0.8373983739837395 0.830279652844744 0.8360957642725594 0.8383128295254828 0.8425460636515908 0.8462770216172933 0.8500382555470538 0.8443465491923636 0.8350658350658356 0.8246073298429336 0.8187500000000024 0.8073449729078903 0.8027681660899695 0.8077777777777819 0.8081023454157826 0.7978777160181963
16 1.0 0.9908675799086758 0.9824561403508771 0.9754098360655737 0.9692307692307691 0.9641577060931898 0.9172821270310195 0.9140401146131808 0.914127423822715 0.9116465863453818 0.909560723514212 0.9101123595505619 0.9088729016786572 0.9036697247706422 0.9051819184123484 0.9066808059384942 0.9047619047619048 0.9012096774193548 0.9034749034749034 0.9056429232192413 0.9061946902654866 0.8989898989898988 0.8981406628940986 0.8929402637703644 0.894345238095238
145 1.0 0.8723404255319153 0.8686567164179109 0.8666666666666671 0.8659217877094976 0.8663101604278078 0.8666666666666669 0.8682926829268295 0.8697674418604653 0.8713968957871399 0.8731501057082454 0.8927835051546392 0.8526740665993947 0.8541871921182268 0.8559077809798272 0.8555347091932459 0.8537477148080439 0.8552278820375335 0.8551483420593369 0.8420168067226891 0.8384991843393148 0.8406374501992032 0.8426791277258568 0.8433460076045628 0.8368846436443791 0.8334529791816223 0.8301754385964915 0.8206707734428484 0.8194254445964444 0.8155080213903759 0.8171129980404982 0.8178343949044605 0.8196517412935344 0.8214936247723155 0.8233550681683484 0.8242774566474013 0.8261851015801379 0.824368825466523
401 1.0 0.8891687657430734 0.794258373205742 0.7926267281105994 0.7934065934065936 0.7954070981210858 0.7980582524271845 0.7996357012750455 0.7908937605396288 0.790297339593114 0.7492877492877492 0.752659574468085 0.7481481481481478 0.7424058323207772 0.7406962785114041 0.7408993576017124 0.7367387033398815 0.7387466902030001 0.7391999999999991 0.7341299477221798 0.7258658806190115 0.7242339832869069 0.717678100263851 0.7128589263420712 0.7053020961775572 0.6979293544457964 0.6982613572630386 0.6973094170403575 0.677562326869805 0.6886543535620044 0.676851372345935 0.669218989280246 0.6683673469387765 0.666192508297774 0.6621176470588265 0.660071942446047
19 1.0 0.9909090909090909 0.9035639412997907 0.8979591836734697 0.8932806324110675 0.8927203065134102 0.8892988929889301 0.8857142857142858 0.8827586206896553 0.8803986710963456 0.8780096308186198 0.876352395672334 0.8696296296296296 0.8716119828815977 0.8223418573351279 0.8229166666666666 0.8184079601990049 0.8157894736842104 0.811494252873563 0.803493449781659 0.7995780590717295 0.7845528455284547 0.7827411167512685 0.7780020181634707 0.7507246376811587 0.7574626865671634 0.7522123893805301 0.7331136738056003 0.7406523468575964 0.7478862413528045 0.7546468401486979 0.743157894736841 0.7160804020100499 0.704937537180251 0.7081891580161491 0.6959128065395126 0.7006874669487076 0.6960329726944913 0.6911692155895459 0.6866096866096921 0.6743139901034708 0.6638152266894864
148 1.0 0.8618421052631583 0.8594249201277959 0.8580246913580251 0.8575667655786353 0.8587570621468928 0.8605898123324398 0.8896551724137933 0.8451178451178454 0.8449781659388649 0.8468085106382981 0.8493292053663573 0.8517034068136274 0.8522837706511177 0.8531073446327685 0.8557077625570777 0.8581560283687943 0.8589853826311264 0.8613199665831244 0.8621248986212489 0.864353312302839 0.8637059724349158 0.8631970260223046 0.8638667632150616 0.8647887323943665 0.8655692729766808 0.8628495339547279
144 1.0 0.8531468531468535 0.8576051779935278 0.7953488372093026 0.803063457330416 0.807377049180328 0.8129770992366413 0.7952314165497898 0.8026666666666669 0.8045685279187819 0.8113663845223701 0.8183908045977012 0.8247535596933188 0.8307210031347962 0.8227848101265823 0.8262987012987014 0.8313817330210773 0.8362133734034561 0.836940836940837 0.834836918806385 0.8355614973262041 0.8390212491951072 0.842529448233107 0.8427635497319848
22 1.0 0.830645161290323 0.8253968253968258 0.8244274809160308 0.8248175182481754 0.8257839721254356 0.8211920529801323 0.8238993710691823 0.8284023668639052 0.8268156424581004 0.8022813688212926 0.73308957952468 0.6690140845070423 0.6095076400679118 0.6233766233766234 0.6310077519379844 0.639586410635155 0.64804469273743 0.6473684210526313 0.693675889328063 0.6926108374384233 0.6982922201138516 0.6651162790697671 0.6332116788321164 0.6025067144136075 0.572934973637961 0.5850340136054417 0.5980311730926985 0.6097946287519743 0.5650865312264857 0.5713261648745515 0.5768435561681593 0.5883134130146076 0.6015374759769373 0.6141001855287564 0.623655913978494 0.6355247981545554
278 1.0 0.6410256410256407 0.6363636363636361 0.6714285714285713 0.7037037037037036 0.7311827956989246 0.747663551401869 0.762295081967213 0.7794117647058821 0.795379537953795 0.8095238095238093 0.8239999999999996 0.8142857142857137 0.8268398268398263 0.8362573099415199 0.8385964912280695 0.8466453674121399 0.8531571218795883 0.8569500674763826 0.865168539325842 0.8703703703703698 0.8756698821007497 0.8830525272547071 0.8731617647058817 0.8701964133219463 0.8614649681528654 0.8491660623640317 0.8346994535519139 0.8304431599229307 0.8227245687091048 0.8074324324324369 0.8033648790746635 0.7932038834951519 0.7979704797048034 0.7947391116860785 0.7977067977068046 0.7917808219178157 0.7928102048705138 0.7862426035503038
153 1.0 0.8666666666666668 0.7647058823529413 0.7000000000000003 0.6521739130434785 0.5833333333333336 0.5714285714285716 0.5555555555555557 0.5135135135135137 0.47368421052631604 0.4358974358974362 0.4940000000000005 0.5040723981900457 0.4760213143872118 0.5269461077844315 0.5033161385408993 0.48040638606676367 0.48308135349172093 0.44290429042904317 0.4463350785340317 0.45465686274509826 0.4584092289010324 0.4624173180998198 0.5352738036507158 0.5386119257087003 0.547325102880659 0.5370121130551823 0.5363228699551577 0.5219902265659714 0.5255281690140852 0.5292066259808202 0.5332182916307169 0.5279294414111725 0.5305359368508525 0.5327025915261219 0.5276663993584612 0.5228783730934697 0.5183206106870237 0.5101427498121721 0.4945375091041524 0.4983783783783793 0.5032074126871 0.5068686157097579 0.5112964893986803 0.5109412990621754 0.5143638850889206 0.5186805789296547 0.5238726790450944 0.5284499672988897 0.5144582141722291 0.5140823274528027
29 1.0 0.8990384615384618 0.8165938864628826 0.7581573896353172 0.7223140495867774 0.7042253521126765 0.7047353760445686 0.7174392935982343 0.7183406113537121 0.7061704211557299 0.7279874213836482 0.7289719626168227 0.730769230769231 0.7331311599696743 0.7354260089686102 0.7380426784400297 0.7164461247637057 0.7190801740211318 0.7007874015748039 0.6952595936794591 0.6982182628062369 0.6961498439125919 0.7004784688995224 0.683562292752251 0.6669793621013144 0.6507199256850916 0.6284384257300054 0.6140939597315449 0.6000000000000013 0.6037813399095779 0.6074766355140201
416 1.0 0.865030674846626 0.8640226628895187 0.7721518987341776 0.6979405034324947 0.7130801687763716 0.6685288640595906 0.6910016977928696 0.6897133220910626 0.7076923076923078 0.7166900420757363 0.7134909596662029 0.7209302325581394 0.7260920897284531 0.7323177366702934 0.7370517928286847 0.7357001972386583 0.7522935779816509 0.7574722459436374 0.7561388653683314 0.7479270315091204 0.7509491268033401 0.7499999999999993 0.7494407158836682 0.7499999999999993 0.7415807560137448 0.7440818937939851 0.7316332726168784 0.72814371257485 0.7380688124306329 0.7426726279185301 0.7342657342657363 0.730627306273065 0.7140246687985405 0.7257438551099638 0.7168216398985663 0.7160963244613469 0.7122542869092466 0.706368899917291 0.7021943573667762 0.693666026871407 0.6834208552138102 0.691731881592385 0.7031551835157825 0.6976076555023993 0.6902293433867497 0.6838189708617565 0.6798116539140762 0.6792611251049635 0.6862846772102763 0.6927651139742412 0.6840029578506378 0.6918400748188076 0.6933720151751939 0.6968028795257352 0.7016840417000904 0.6958250497017994 0.7013574660633587 0.6946478873239539
33 1.0 0.8571428571428574 0.7927710843373498 0.7982062780269061 0.8079331941544887 0.7878787878787882 0.7908309455587395 0.7904967602591796 0.7981462409886717 0.8056918547595684 0.8134328358208956 0.8172138420585626 0.8189438390611902 0.8245614035087717 0.8310502283105021
163 1.0 0.8855585831062673 0.8137472283813751 0.7444219066937124 0.6859813084112155 0.6223021582733819 0.6852540272614628 0.6513545347467615 0.6586483390607107 0.6659242761692655 0.6738660907127435 0.6816753926701575 0.6669527896995712 0.63743676222597 0.6089478044739026 0.6171243941841683 0.6249014972419231 0.643686006825939 0.6495669553630916 0.6543209876543213 0.6598984771573607 0.6666666666666671 0.6735187424425638
297 1.0 0.8753541076487255 0.7700534759358292 0.7805486284289279 0.7894736842105264 0.7914893617021277 0.8050682261208576 0.7534722222222222 0.7125193199381762 0.7279102384291724 0.7360931435963775 0.7435294117647056 0.7580993520518355 0.7614314115308147 0.7461746174617457 0.7137809187279148 0.7192402972749787 0.7244033872209386 0.7279885468861841 0.7268847795163579 0.7330677290836647 0.7459526774595264 0.7571511967308815 0.756683033278779 0.76073619631902 0.75646879756469 0.7574609189957394 0.7488372093023291 0.7495621716287257 0.7506969334926366 0.7439120188531078 0.7437591776798881 0.7410387710314615 0.748778785764137 0.7522756827048168 0.7463942307692366 0.735443415945064 0.7246290801187001 0.7157092614302518 0.715007012622727 0.7109505280711571 0.7105543710021391 0.7082115333510568 0.711043872919826 0.7077579713783658 0.7140110550348553 0.7171903881700635 0.7172428980400878 0.7055531640120616 0.7037500000000086 0.7039871123640847 0.7066925315228025 0.7030314732573951 0.706035767511187 0.7014042867701505 0.6970240229473036
41 1.0 0.9929328621908127 0.986254295532646 0.9803921568627451 0.9181102362204726 0.9141104294478529 0.9103139013452916 0.910144927536232 0.9101123595505619 0.907608695652174 0.9080157687253614 0.9083969465648855 0.9064039408866995 0.9069212410501193 0.907514450867052 0.9080717488789237 0.9066232356134636 0.9072708113804003 0.9059304703476482 0.8686274509803921 0.8309317963496639 0.8324022346368715 0.8324324324324324 0.8337707786526684 0.833052276559865 0.8269387755102039 0.8289786223277908 0.8274268104776578 0.8289572393098273 0.8307804522246535 0.8336886993603411 0.8354080221300137 0.8335570469798661 0.8337696335078539 0.8366305041480543 0.8384089496581736 0.8390804597701159
430 1.0 0.8723404255319153 0.8757062146892658 0.8829516539440205 0.8901601830663617 0.8977505112474438 0.901098901098901 0.8981937602627257 0.905185185185185 0.9037433155080211 0.8951219512195119 0.8895027624309388 0.8880351262349063 0.8836291913214985 0.8773333333333329 0.8711755233494357 0.8769230769230766 0.8770875083500338 0.878453038674034 0.8716638273708138 0.8706015891032935 0.8649789029535891 0.8646379853095515 0.8629707112970739 0.8453796889295551 0.8446866485013659 0.8416175231676536 0.8422910945468856 0.8423106947697157 0.8467712513681184 0.8429661941112371 0.8365730741540728 0.8377483443708665 0.8383587193037049 0.838477069512553 0.8355376653249057 0.8357183743560452 0.8359872611465035
47 1.0 0.9000000000000004 0.8758620689655177 0.823056300268097 0.8259740259740264 0.8289308176100633 0.8325242718446605 0.8362573099415208 0.8400900900900904 0.8423326133909289 0.8464730290456434 0.8504486540378865 0.8233670653173875 0.796521739130435 0.7717569786535304 0.7501939487975174 0.7569392348087022 0.7626628075253256 0.7684797768479775 0.7749326145552559
50 1.0 0.8189655172413796 0.8339920948616604 0.8703888334995018 0.8320312500000003 0.7992495309568484 0.7689530685920581 0.7396551724137935 0.7441471571906358 0.7487844408427881 0.7286044718581346 0.735119047619048 0.7340267459138192 0.7118155619596548 0.7196391394864683 0.7190311418685126
178 1.0 0.8103448275862072 0.8230769230769233 0.8333333333333333 0.8474576271186439 0.8594847775175641 0.8656126482213435 0.8590998043052834 0.8682042833607903 0.875530410183875 0.8720787207872073 0.8699386503067479 0.8669482576557545 0.8744142455482656 0.8806722689075624 0.8879761015683345 0.8896103896103903 0.8875000000000016 0.8867077958496933 0.8903971845148336 0.8902214022140248 0.889075630252104
52 1.0 0.8724637681159423 0.8174097664543527 0.8228882833787469 0.7783505154639179 0.73838630806846 0.7745013009540332 0.7758768177929857 0.7781512605042019 0.7786952931461603 0.7795786061588331 0.7617602427921093 0.7650557620817845 0.7683903860160234 0.756427604871448 0.7318212141427618 0.7362924281984334 0.7385204081632654 0.7429819089207735 0.7474069554606468 0.7516417910447762 0.7559836544074724 0.7601370645345519
56 1.0 0.8566552901023893 0.8547854785478549 0.8428571428571431 0.8394415357766145 0.840407470288625 0.83801652892562 0.8362760834670948 0.8351477449455678 0.8345864661654135 0.8338192419825073 0.8338028169014083 0.8292682926829267 0.8324607329842931 0.7890818858560793 0.7906137184115523 0.7877739331026526 0.7919463087248321 0.790496760259179 0.7874999999999996 0.7862903225806448 0.7803468208092481 0.7690875232774669 0.7674418604651156 0.7631822386678995 0.7404444444444437 0.7362637362637354 0.7205998421468025 0.6959553695955359 0.6882430647291932 0.6924058710912561 0.6822541966426847 0.6733067729083667 0.6690647482014399 0.6747181964573281
187 1.0 0.7407407407407407 0.7300613496932515 0.6194690265486725 0.5570934256055364 0.4516129032258066 0.45222929936305745 0.4545454545454547 0.45679012345679026 0.46546546546546563 0.4682080924855491 0.4789915966386554 0.6411856474258973 0.5891238670694867 0.5906127770534553 0.5901426718547343 0.5899371069182392 0.5926829268292684 0.5952662721893491 0.5940366972477064 0.607064017660044 0.6126984126984125 0.6634146341463415 0.6354916067146282 0.6719160104986877 0.6584751102709514 0.6568196103079823 0.6562107904642408 0.6483909415971394 0.6525183927560836 0.6619099890230514 0.6589147286821704 0.6686449060336302 0.6753363228699556 0.6539614561027842 0.6424063946150615 0.6312525837122783
60 1.0 0.8627450980392158 0.772357723577236 0.7070938215102978 0.6614173228346459 0.6508972267536707 0.5962145110410098 0.5987558320373253 0.6483001172332944 0.6178770949720671 0.5807860262008735 0.545357524012807 0.5962199312714781 0.6341807909604525 0.6318211702827092 0.6365824308062579 0.6355983162958512 0.61520190023753 0.6002317497103131 0.606129398410897 0.6102735901730879 0.6139801773604594 0.618265777321704 0.6226034308779017 0.6258064516129039 0.6302439024390252 0.6333173767352811 0.6380684481950316 0.6424988600091214 0.6460573476702525 0.6474664356864465 0.6512907321201885
74 1.0 0.9030837004405289 0.9023354564755841 0.8284600389863551 0.7657657657657662 0.7739726027397263 0.7828200972447328 0.7893129770992368 0.7493036211699167 0.715749039692702 0.6708229426433919 0.6837098692033298 0.6952595936794586 0.7103301384451546 0.7220543806646527 0.7291666666666666 0.7407740774077407 0.7451146983857263 0.7502027575020274 0.7556071152358854 0.7532846715328465 0.7625698324022343 0.7658017298735857
203 1.0 0.8622950819672133 0.7717391304347829 0.7338877338877343 0.7266881028938909 0.7239165329052972 0.6677018633540376 0.6948356807511742 0.6960556844547569 0.6982857142857147 0.6981981981981986 0.6991150442477879 0.7021739130434785 0.7051282051282054 0.7085953878406711 0.7125256673511297 0.715430861723447 0.7190569744597252 0.6965772432932472 0.6765734265734268 0.6463519313304723 0.6492411467116359 0.6539735099337749 0.6521022258862326 0.6652298850574715 0.7257808364213876 0.7068062827225138 0.7079463364293094 0.7033299697275495 0.7051792828685275 0.7076771653543323 0.706963249516443 0.7085523172479714 0.7066290550070546 0.7062412013139396 0.705098759761142 0.7048438207333666 0.703703703703707 0.7086785870039284 0.7072129748186123 0.7069846678023888 0.7021812080536955 0.7014675052410944 0.6987310683585803 0.7016129032258112 0.6926677067082742 0.6885130373502522 0.6920403197775515
76 1.0 0.8141592920353984 0.8287937743190662 0.7945205479452055 0.7799043062200959 0.7834586466165414 0.7849944008958568 0.7911392405063292 0.8 0.8029739776951672 0.815091774303196 0.789544235924934 0.7928843710292263 0.7986738999397244 0.8003403289846873 0.8056155507559418 0.8113402061855693 0.8155958803334994 0.8176718092566648 0.8204555605180914 0.8223740392826676 0.8248772504091686 0.8216660148611692
78 1.0 0.878962536023055 0.8181818181818185 0.8181818181818186 0.8221302998965876 0.8222676200204292 0.7840000000000003 0.7473065621939278 0.7120921305182345 0.6782690498588902 0.7117516629711756 0.7142857142857147 0.6930693069306937 0.6950796950796957 0.6755674232309752 0.6812540822991515 0.6675031367628613 0.6547978273989142 0.6607981220657282 0.6760710553814008 0.6578811369509051 0.6400817995910028 0.6468827930174572
79 1.0 0.9923371647509578 0.9851851851851852 0.9785714285714285 0.972508591065292 0.9097222222222223 0.8425460636515915 0.8436482084690554 0.8446909667194928 0.8466257668711656 0.849112426035503 0.8514285714285713 0.8535911602209943 0.8558077436582108 0.8554838709677418 0.813238770685579 0.8169336384439357 0.8203991130820397 0.823845327604726 0.8249999999999998 0.8284561049445003 0.8317025440313109 0.8349146110056923 0.8360957642725596 0.8391420911528148 0.8385416666666664 0.8371116708648192 0.8368678629690045 0.8398096748612209 0.8427139552814183 0.8441947565543069 0.8470502549162416 0.848334514528703 0.8495514147688061 0.8508064516129035 0.8497713912475512 0.8293601003764122 0.8278388278388288 0.8077373974208685 0.8093607305936085 0.8095768374164825 0.8119565217391319 0.8151885289431773 0.8173326414115221 0.8161616161616181 0.8167487684729086 0.8190567853705508 0.821950070654736
210 1.0 0.7889447236180909 0.7894736842105267 0.8873873873873876 0.8934426229508198 0.899441340782123 0.9018612521150592 0.9040247678018577 0.9012345679012346 0.8984615384615385
83 1.0 0.9200000000000002 0.8461538461538464 0.7777777777777781 0.7142857142857147 0.655172413793104 0.7123442808607026 0.7142857142857147 0.7167947310647644 0.7210300429184553 0.7262277951933127 0.7308868501529054 0.7008797653958947 0.7061068702290079 0.6788990825688076 0.6537102473498236 0.660051768766178 0.6663858466722833 0.6724279835390949 0.6784565916398717 0.6574074074074077 0.6639035418236626 0.6701030927835053 0.6748201438848922 0.6811797752808989 0.6874571624400274 0.6923076923076923 0.6982364467668191 0.7038927887683472 0.7092950717404866 0.6950780312124849 0.681897050318103 0.6866515837104074 0.69120088544549 0.6953929539295396 0.7004779607010094 0.6885919835560127 0.6914572864321614 0.6958661417322842
340 1.0 0.9863013698630138 0.8894472361809045 0.7947494033412889 0.7090909090909091 0.6312364425162691 0.5601659751037346 0.5728542914171657 0.5285451197053408 0.5454545454545454 0.5690789473684209 0.5469448584202682 0.5286103542234333 0.5495495495495495 0.568818514007308 0.5903337169159952 0.6100217864923745 0.608993157380254 0.6253443526170795 0.6445211389128556 0.6647773279352224 0.6829268292682924 0.6969263759828446 0.6955958549222795 0.7090239410681396
88 1.0 0.9105691056910571 0.832358674463938 0.8336483931947073 0.8348623853211011 0.8385964912280703 0.838655462184874 0.8392282958199356 0.8425925925925924 0.8459259259259257 0.8498583569405097 0.8538565629228686 0.8586118251928019 0.8192627824019023 0.8257918552036198 0.8320775026910655 0.8365679264555667 0.8406219630709424 0.8445883441258092 0.8499558693733448 0.8288854003139714 0.8327053504144682 0.8376811594202894 0.8363504706734246 0.8088445078459338 0.8133150308853804 0.8175809649702573
89 1.0 0.9158699808795413 0.9019607843137257 0.8594249201277958 0.7844311377245513 0.7881438289601559 0.7572362278244636 0.7631344612644706 0.7704081632653066 0.7757920389926892 0.7827773467804503 0.7894736842105267
92 1.0 0.912871287128713 0.8928571428571431 0.8925233644859815 0.8930602957906714 0.8935698447893571 0.8945102260495157 0.895615866388309 0.8973843058350102 0.8951456310679612 0.8950328022492972 0.8954954954954955 0.8950086058519793 0.8972659486329743 0.89792663476874 0.8709187547456342 0.867346938775511 0.8663853727144877 0.8692988427501712
225 1.0 0.8242677824267785 0.8225806451612905 0.8223938223938225 0.7267080745341616 0.6798029556650246 0.6930232558139534 0.7048458149779735 0.7154811715481171 0.7250996015936254 0.7343453510436432 0.6455696202531644 0.6611694152923536 0.6713881019830026 0.6336898395721923 0.6479591836734692 0.6590084643288994 0.6743119266055043 0.6891304347826084 0.6590436590436587 0.6751968503937005 0.683918669131238 0.6882661996497368 0.6991735537190077 0.7000777000776994 0.733494851605088 0.7409988385598145 0.7425083240843516 0.7416851441241695 0.7413249211356484 0.7477203647416432 0.7470915528578674 0.74624697336562 0.7524521251751545 0.7523553162853328 0.7537796976241935 0.7593984962406051 0.7639450282942639 0.7639267627580874 0.7615298087739079 0.7648766328011658 0.760083449235054
353 1.0 0.7021276595744682 0.6944444444444446 0.7212121212121215 0.741935483870968 0.7584541062801933 0.7702127659574468 0.7837837837837837 0.7839721254355398 0.7968253968253965 0.8075801749271134 0.8181818181818179 0.819951338199513 0.8218262806236075 0.8193018480492807 0.8095238095238089 0.8006993006993 0.8071895424836594 0.7865853658536576 0.7830985915492947 0.7713567839195968 0.765586034912717 0.7790697674418593 0.7852494577006496 0.7825203252032508 0.7683823529411751 0.7779705117085849 0.7857726901062946 0.7885802469135789 0.7850877192982442 0.7851697851697836 0.7819354838709673 0.7785977859778602 0.7724413950829063 0.7602122015915154 0.7587301587301623 0.7459379615952784 0.7455061494796649 0.7368421052631643 0.7428073234524911 0.7374161073825573 0.745058491327155
355 1.0 0.748502994011976 0.6653386454183265 0.6779026217228462 0.6944444444444442 0.7087378640776697 0.7237237237237234 0.7285318559556783 0.7326478149100253 0.7458033573141483 0.7573033707865164 0.7689075630252096 0.7665369649805441 0.7713248638838469 0.775891341256366 0.7958236658932711 0.7931793179317927 0.7888067581837376 0.7933130699088141 0.7657142857142852 0.7568555758683724 0.7527272727272721 0.7538994800693234 0.7598684210526309 0.7621283255086063 0.7535612535612529 0.7026279391424614 0.6827956989247307 0.684615384615384 0.6666666666666662 0.6677489177489185 0.6723868954758203 0.6543209876543223 0.6366412213740472 0.6193353474320257 0.6023916292974605 0.5900439238653017 0.5906323185011734 0.5897196261682268 0.5961113566062782 0.6027280477408392 0.6153212520593117 0.625945085555117 0.626978146194428 0.6279569892473172 0.6250000000000061 0.6255892255892321 0.6248739495798386 0.6268656716417981 0.6287645974185696 0.6231534519143882 0.6252860411899397 0.6155814614728545
103 1.0 0.9904306220095693 0.8686567164179106 0.7718832891246687 0.6783919597989954 0.6859903381642516 0.6546184738955826 0.6679389312977101 0.6840215439856375 0.6998313659359191 0.7147385103011094 0.7279521674140508 0.7422969187675069 0.7555847568988173 0.7673267326732672 0.7328094302554027 0.7415730337078651 0.7079889807162533 0.6756756756756755 0.6867469879518071 0.6987654320987652 0.710007880220646 0.7179487179487176 0.7277335264301228
108 1.0 0.9931506849315068 0.9865771812080537 0.9803278688524589 0.97444089456869 0.968847352024922 0.9636363636363635 0.9589442815249266 0.9015280135823432 0.9001663893510817 0.8993506493506496 0.8950715421303659 0.8914728682170544 0.8880484114977308 0.8849557522123894 0.8823529411764706 0.8800557880055787 0.8802721088435373 0.8807947019867549 0.8735483870967741 0.8718592964824119 0.8708891595615101 0.8699763593380613 0.866819747416762 0.8681564245810053 0.8694232861806308 0.8687830687830685 0.8702368692070028 0.8619999999999997 0.8617332035053551 0.8599810785241245 0.8617511520737323 0.8634321653189574 0.8651488616462343 0.8670076726342707 0.8662262592898426 0.8600160901045852 0.8603921568627446 0.8610687022900758 0.855243722304283 0.8521177315147163 0.8505586592178772 0.8512960436562076 0.852393617021277 0.8496435515230079 0.8518049398353397 0.843425076452601 0.8424908424908442 0.841288782816231 0.8312284730195206 0.8318385650224245
109 1.0 0.8500000000000004 0.7391304347826092 0.6538461538461544 0.5636363636363643 0.5685279187817265 0.5804878048780494 0.6036446469248297 0.627118644067797 0.6509803921568631 0.6721311475409839 0.7307692307692311 0.7434733257661751 0.7537473233404711 0.7649442755825735 0.7735124760076775 0.7814207650273224 0.7889273356401383
111 1.0 0.8264462809917359 0.8260869565217394 0.8487972508591071 0.850746268656717 0.8535031847133763 0.8564885496183211 0.8048780487804882 0.7520891364902512 0.7606382978723409 0.7690355329949243 0.7854477611940303 0.7851985559566791 0.7519929140832599 0.7583547557840621 0.7645107794361528 0.7783783783783786 0.7838899803536349 0.7880710659898482 0.7921279212792134 0.7938021454112046 0.7976878612716773 0.800560224089637 0.8003255561584388 0.8018867924528319 0.8046795523906428 0.806801379990145 0.8106169296987108 0.8151416627961006
112 1.0 0.9884393063583814 0.888372093023256 0.8844444444444446 0.8803418803418804 0.8773006134969326 0.8742632612966601 0.8719397363465159 0.8702702702702702 0.8090452261306533 0.8138041733547351 0.8148148148148148 0.816568047337278 0.8135593220338981 0.8176870748299317 0.815344603381014 0.8136645962732916 0.7954815695600471 0.7933491686460803 0.7837837837837831 0.7804347826086949 0.7870563674321497 0.7624750499001988 0.7476979742173102 0.7358490566037725 0.7319762510602194 0.7208201892744467 0.7177541729893765 0.7248908296943218 0.7295024526979664 0.7172774869109934 0.7137546468401472 0.7045454545454537 0.6854410201912869 0.680775114737381 0.6862939139040102 0.6779026217228501 0.663837011884555 0.6546704407602164 0.6516329704510179 0.6509966152689056 0.6561351947097798 0.6597569692637676 0.6634078212290582 0.6699624957381598
125 1.0 0.8670886075949369 0.7653631284916205 0.6878048780487809 0.6405919661733618 0.6394129979035642 0.6397515527950313 0.6190476190476192 0.6221837088388216 0.6252129471890973 0.6716791979949877 0.6288156288156291 0.6313253012048196 0.6337693222354343 0.6822262118491925 0.6841171251109144 0.6595380667236959 0.6302521008403366 0.635168447000822 0.6370967741935487 0.6673346693386776 0.6710526315789476 0.673575129533679 0.6762268961121736 0.6819221967963393 0.683736634777716 0.6851441241685153 0.6886947023484444 0.6842661034846903 0.6883116883116901 0.6855409504550075 0.6839506172839535 0.687048627828602 0.6838166510757756 0.6806953339432797 0.6798930004458362 0.6806649168853943 0.680478428022218 0.6767509324492393 0.6767346938775571 0.6898317483540659 0.6769509981851239 0.6703988803359061 0.6690549300580079
119 1.0 0.7236842105263157 0.5670103092783504 0.5467625899280575 0.7352024922118386 0.7387387387387393 0.7120000000000005 0.7135483870967746 0.7117117117117121 0.7202453987730065 0.7226792009400708 0.6958424507658646 0.7003121748178982 0.708910891089109 0.7077986179664364 0.7089201877934272 0.7114870881567229 0.7067137809187277 0.7109440267335002 0.6971116315378608 0.6943852167732764 0.701929474384564 0.6691542288557212 0.6687268232385659 0.640162507254788 0.649315068493151 0.6586365966171206 0.665880132137802 0.6495327102803751 0.6335030078667296 0.6177818515123753 0.6296935692706105 0.640940982253407 0.6367346938775535 0.6496293406164676 0.6626954579300101 0.6628295581136306 0.674715909090912
249 1.0 0.8724637681159423 0.8763440860215055 0.8232931726907632 0.8501628664495114 0.8663101604278074 0.8837719298245614 0.8911819887429645 0.8750940556809635 0.8819628647214862 0.8580645161290331 0.8354271356783929 0.8443316412859574 0.8501529051987786 0.838475499092561 0.8387387387387408 0.8413621262458497 0.8465116279069795 0.8497277676951028 0.8510998307952656 0.8488918737407691 0.81768789616662 0.8204035237283358 0.8204234789600686 0.8207070707070754 0.8205678835600146 0.82177767674472 0.8213206732844252 0.8201232032854269 0.8201762977473128
122 1.0 0.8585858585858589 0.7522123893805315 0.7738515901060077 0.7746967071057198 0.7770270270270276 0.7796052631578952 0.7531556802244044 0.7568306010928966 0.760319573901465 0.6915887850467293 0.6970387243735766 0.7730909090909093 0.7464183381088827 0.748241912798875 0.7306397306397308 0.7318361955085867 0.7357512953367876 0.7371428571428572 0.7375621890547266 0.7399756986634269 0.7215639810426545 0.7241777264858634 0.7269662921348324 0.7261503928170605 0.7094298245614046 0.7141333333333345 0.716356107660457 0.7198795180722909
379 1.0 0.8566552901023893 0.8666666666666668 0.8750000000000001 0.8737864077669902 0.8692810457516338 0.8779527559055116 0.8807017543859647 0.879310344827586 0.8828571428571427 0.828016643550624 0.8282208588957056 0.8383287920072662 0.8399353274050122 0.8438608942512431 0.8424753867791854 0.8472135253600521 0.8490990990991018 0.845592070944187 0.8485864877815082 0.8478364241559715 0.8314310798946485 0.835227272727277 0.8340080971659962 0.8327709036370502 0.8340949033391968 0.8345011678345067 0.8342785129174602
124 1.0 0.8103448275862072 0.8196078431372551 0.8350515463917527 0.8492753623188406 0.8608247422680413 0.8730158730158729 0.8793774319066145 0.8877192982456138 0.8945686900958464 0.8975109809663248 0.8976377952755902 0.9026763990267637 0.9076576576576573
253 1.0 0.8764044943820225 0.7718832891246685 0.7804878048780488 0.7196652719665272 0.6746765249537893 0.6974789915966386 0.7173252279635257 0.737062937062937 0.7474747474747473 0.7568807339449539 0.7400204708290683 0.7034068136272542 0.7209737827715353 0.7283737024221449 0.7347266881028935 0.7428571428571425 0.7470133520730847 0.7475345167652857 0.7473209249859003 0.7452300785634127 0.7535847052575688 0.7590361445783148 0.75757575757576 0.7575488454706959 0.7684210526315821 0.769445552453135 0.7687991021324398 0.7662068965517286 0.7653263019116728 0.764632627646332 0.7637655417406811 0.7658862876254239 0.7654550278588548 0.7669654289372664 0.7588041550544781 0.7494959677419418 0.7402857859112623 0.7378078223080705 0.735567970204849 0.7354967770615769 0.7377540106951951 0.7331353415358589 0.7279427247841737 0.7254741994697214 0.7144568690095933 0.7101506740682088
