0 1.0 0.9913437757625722 0.9833366395556439 0.9760045705579891 0.969930195095758 0.9645449940908324 0.9601391964568174 0.956528167972793 0.9537635888262004 0.9460985626283364 0.9392478302796523 0.9289179735981038 0.9239454622922872 0.9152627862402897 0.9038167938931287 0.8959199929197263 0.8987867708160203 0.8916340891321338 0.8945814262512912 0.891662018962632 0.8821994651359988 0.8852743978147503 0.8882053708742458 0.8908721192950745 0.887898361180804 0.8906863995917327 0.8816556548775751
257 1.0 0.9994239631336405 0.9988495829738279 0.9876642531509787 0.9786821705426357 0.9782293178519594 0.9720457433290979 0.967360720315138 0.9642679900744417 0.9620644022937801 0.9603017070265975 0.9598255583454469 0.9595665961945027 0.9593077024706033 0.959054286091665 0.9539719626168218 0.9537437215278582 0.9503824684721928 0.9517961030566066 0.9529372496662211 0.9540247325696073 0.9549968747829707
130 1.0 0.992344148742253 0.9848621373220399 0.9845128759229244 0.9841669665347246 0.9772129710780015 0.9707134343606331 0.9646981194325301 0.9590465525515913 0.9538771088066859 0.949509949509949 0.9459688826025454 0.9457090343560012 0.9454571145965799 0.9427501337613691 0.935329038777314 0.9338823248597677 0.9281774175391191 0.9191534391534384 0.9190275266224625 0.9150682317014973 0.9151415824455967 0.9152084965613293 0.9119214119214112 0.9116251976366808 0.9055944055944053 0.9067687409990144 0.9081190407396704 0.9093480510520867 0.9104714115938201 0.9044154540893127 0.90587245296628 0.9072129255626084 0.9085619285120533 0.9084612400953069 0.9098072622723886 0.9071475945104844 0.902343174338066 0.9038507080945394 0.8967420814479644
131 1.0 0.9996427295462664 0.9921985815602836 0.9918468628146047 0.9914999114574108 0.9911473087818694 0.9908029713477181 0.9837370242214529 0.9771351714862134 0.976486395700369 0.9704737183646978 0.9648572325070593 0.9645545796737761 0.9594369607991518 0.9546651067563608 0.9503526093088851 0.9500846023688656 0.9498096715071189 0.9459679609014382 0.9428719813035565 0.9400348345359534 0.937425364222593 0.9372015281757394 0.9352706552706544 0.9339612428277572 0.9287547479724866 0.9281600780868707 0.9276211740627027 0.9272662763881491 0.9233833375709801 0.9232398542743366 0.9196950032446461 0.9197074612930831 0.9197189415458213 0.9199713158838293 0.9203192733778297 0.9206401693009721 0.9210425937698665 0.9216165069287591 0.9221465476749648 0.9226375614997456 0.9230937056834299 0.9235225955967558 0.9240004069589991 0.9245245933860746 0.9212583503103239 0.9219851661935724 0.921907900759865 0.9208769836007609 0.9180461097566198 0.9156128605669897
128 1.0 0.9996117258784701 0.999223602484472 0.9913873806403295 0.9844413012729845 0.9783801762847164 0.9729984301412872 0.9689630166787526 0.965400729828355 0.9623927309439675 0.9600563909774433 0.9535138690933008 0.9521068859198352 0.950865654318599 0.9497625137011322 0.9489611173377012 0.9449107652188083 0.9445259986092867 0.9442651804048107 0.9440295903412659 0.9438157369191852 0.9361151442459442 0.9338803088803092 0.9342614522557914 0.9346875518901868 0.9306167985974609 0.9231471154821054 0.9220424868446703 0.9229903386173911 0.9220450747482053 0.9192641353154025 0.9184395669208415 0.9162435517283406
389 1.0 0.9848539487919221 0.9842010771992817 0.983488872936109 0.9827771797631859 0.9820659971305592 0.9813553244890637 0.9705144291091587 0.9629528738763277 0.9624285325347124 0.9575471698113206 0.9546105090983439 0.9532495130157603 0.9456504763392154 0.9453637215110827 0.9450772351380864 0.945330928264187 0.9370231318880942 0.9353941598031867 0.9382527241445222 0.9406691962745767 0.9395552771688062 0.9357147970506117 0.9300019699257992 0.9298936589208349 0.925348795071571 0.9134027433482071 0.9177495795749888 0.9087335018253304 0.9113416441461081 0.9112583358758667 0.90886219769518
6 1.0 0.9993491701919948 0.9987025624391824 0.998054474708171 0.99740680713128 0.9856486796785302 0.9850831899024667 0.9845626072041163 0.9839954272649324 0.9834285714285709 0.9828620394173088 0.9822958309537401 0.9744408945686894 0.9739749570341264 0.9735099337748336 0.9700059988002393 0.9682697074863652 0.9676407462440144 0.9665166010129425 0.9611298889425391 0.9571775129205773 0.9543804115073077
260 1.0 0.9993748046264457 0.9867669172932331 0.9760978321289605 0.9674631418403661 0.9605751391465678 0.9551986475063399 0.9506987577639752 0.9470767030216343 0.9445628997867803 0.9420643390760784 0.9402520175562791 0.9386811153693669 0.9374691052891744 0.9368663594470045 0.9324208725406329 0.9288694615537451 0.9183145444464975 0.9121280668174695 0.8886035313001603 0.8492229527794387 0.8540973156739152 0.8304537815126061 0.827873254564985 0.8007202881152478 0.809486031620107 0.8173329755835809 0.8142748285496587 0.7954598642639852 0.8031763026409727 0.8103631796312872 0.8121138211382133 0.796818920246328 0.8026020961329982 0.8077376412674222 0.8064225586309648 0.8063599833725946 0.7897963793604207 0.7963089542036934 0.7885973170157708 0.7780176086339134 0.7814578600169736 0.7784888142883396 0.7718910224188226 0.7563261924488136 0.7431706224809707 0.7487332274971218
136 1.0 0.987955262403212 0.9874608150470219 0.9806000451161742 0.9765653606737459 0.9678593086719222 0.9618113791768801
137 1.0 0.9836129535700351 0.9726116726442778 0.9532293986636972 0.9497607655502392 0.9473794111505535 0.9459558823529415 0.9457714654615882 0.9459536745782099 0.9353182751540039 0.9262985493682728 0.9236036807190237 0.9105950653120457 0.8998410174880753 0.8945834345397127 0.8812765007810753 0.8874690849134375 0.8748573602130089 0.8771714335848396 0.8703282417939555 0.8738359867828182 0.8663028649386091 0.8555445052212837 0.8562464346834008 0.8632115548003407
5 1.0 0.9996238480346059 0.9918215613382899 0.991454579230912 0.9839034205231386 0.9766690595836321 0.9697023075568079 0.9640336134453777 0.959274578428253 0.9549984898822107 0.9511353837309572 0.9483714015407487 0.948171143204211 0.945732484076433 0.945484651636734 0.9452368823229749 0.9430845291209451 0.9415709901102647 0.9362812999467232 0.9352816260491451 0.9343789088809773 0.9342370925872509 0.9262899262899258 0.9261146496815282 0.9259394049677003 0.9257641921397375 0.9259067357512949 0.9259076315139537 0.9259084473808398 0.9197113216057734 0.917187836963554 0.9177685950413224 0.9185287719992091 0.9192314984516211 0.915741463121887 0.9085552407932015 0.8972757618175952 0.886330786702458 0.8882803943044916 0.8804826661559099 0.8807763401109068 0.8828156424581016 0.8827891186849521 0.8776549818684176 0.8775739261817408 0.8774928774928785 0.8774118358009247 0.8773308011049733 0.8691479596094478 0.8716685511225982 0.8710684461094211
11 1.0 0.9921052631578948 0.991737089201878 0.9913712249108985 0.9839970903800691 0.9836630967507715 0.9833061150426419 0.9829462989840347 0.9825866134590965 0.9822302810516771 0.9818742069965558 0.9754749568221068 0.9751467034863649 0.9699660907476179 0.969652945924132 0.9654499023584193 0.9619047619047615 0.9590345727332024 0.9587951493023857 0.9583007557988006 0.9559610705596101 0.9540229885057465 0.9525329927628772 0.9513265509674839 0.9511514305652471 0.9501965923984266 0.9493514515132794 0.9491794600317625 0.9486156148665499 0.9481987285142451 0.9478299643281806 0.9476891068509435 0.9445616997326579 0.941750167000668 0.9418796896858707 0.9392900234965391 0.937061244250787 0.9375360812839166 0.9379690949227376 0.9361454699228251 0.9365997159667279
140 1.0 0.9995452478399272 0.9990917347865576 0.9986382206082614 0.9981847061493077 0.9895963379109445 0.9891981719983379 0.98879202988792 0.9883793318115789 0.9879668049792527 0.9875544492843804 0.9810690423162581 0.9689844922461226 0.9657039711191331 0.9632202697180215 0.9614672100778061 0.9601081812035154 0.9590570719602972 0.9581661891117473 0.9575596816976123 0.9536641472231348 0.9536520076481834 0.9537109793556681
15 1.0 0.9878084179970973 0.977407208176439 0.9689195855944747 0.9622726251964967 0.957455429497569 0.9538546053836293 0.9446457990115319 0.9367183968660535 0.9358689616879506 0.9358452138492867 0.9313965698284908 0.9236200256739403 0.9254878769958598 0.9170035030988943 0.9127617148554331 0.9034038638454459 0.9039245121166629 0.8847962382445144 0.8721461187214617 0.8772774149192167 0.8799805898528069 0.8699624403613854 0.8752754095219856 0.8591536866257787 0.864578535237219 0.8561020753751046 0.840968733598262 0.8282995594713674 0.821653069412868 0.826867770179589
16 1.0 0.989901418610243 0.9806807727690894 0.9730999146029036 0.9665338645418328 0.961247462631482 0.949829351535836 0.9472030169704588 0.9390332413993321 0.9324034334763946 0.9319456562383145 0.9325378614043136 0.933340387260607 0.9341628294307824 0.9274875056792362 0.92921547147552 0.9215808308697679 0.9237915517491652 0.9152656355077338 0.9176730951628203 0.9075220185670082 0.8951281766729559 0.8919741745840121 0.8954183266932277
145 1.0 0.9917045230100732 0.984069789493647 0.9772809231878832 0.9714382862971778 0.9662270826632359 0.9620367580596564 0.9583451402663641 0.9551940258701156 0.9525185278231374 0.9503839338452448 0.9487293308178889 0.9387436191269919 0.9377716317660998 0.9368954831439567 0.9020133068348738 0.9031301482701808 0.8925248138957815 0.8942613846723435 0.8958480940909734 0.8802387267904512 0.8720162519045206 0.852435182941605 0.8555859898595498 0.8533178114086156 0.8494286354470099 0.841646019605732 0.8455002331485426 0.8476143141153093 0.8514198298116465 0.8550857984082451 0.8586171767728228 0.860232945091515
401 1.0 0.9814896430145439 0.9690036900369006 0.9607965152457998 0.9471032745591942 0.9372331340734417 0.9026390870185452 0.8913903255247945 0.8843126967471139 0.8622483600995241 0.8600133320636119 0.8482883178720945 0.8313373969164567 0.8213446765284741 0.8127270725531215 0.7987521836785632 0.7908589720789625 0.8036256254614069 0.7908161340225648 0.7839899237282221 0.7788149222667231 0.7715107553776908
19 1.0 0.9899521531100479 0.9811363125982484 0.9736897055752768 0.967219512195122 0.9618389969107761 0.9574539929089988 0.9536496925744915 0.9504716981132074 0.947833287330941 0.9458064516129031 0.9345166706644275 0.9338135974786128 0.9330428313317032 0.921495327102803 0.9147365507059141 0.905462730499523 0.9003517957948124 0.8770321288234839 0.8584438866977414 0.8556494343405416 0.8138347884486243 0.8203868002808462 0.827640313820158 0.8343432033840185 0.8403735476164632 0.8127043900505416 0.8037383177570111 0.7870883882149068 0.7824285122254477 0.7898415471982866 0.7939453867802562 0.7723737462607803 0.755910711927093
148 1.0 0.9996050552922591 0.9916238339996193 0.9843180160466811 0.9777661976723986 0.9721949623814194 0.9674497159527097 0.9638021946700865 0.9607531158843804 0.9585326953748002 0.9566210045662096 0.955158856657103 0.9540775930324619 0.9531351301287391 0.9523063533507394 0.9516551950180266 0.9510798049384626 0.9476416819012796 0.9473976405274115 0.9471772862330803 0.9419944875970936 0.939593301435407 0.9375499486242724 0.9356846473029049 0.9362424875881895 0.9308041278229229
144 1.0 0.9994058229352346 0.9885684593400883 0.9805253623188407 0.9747385040457867 0.9635926498368538 0.9615151515151513 0.9599891862665584 0.9588657660946815 0.958333333333333 0.9578968372742689 0.9576139581620531 0.9540807776101892 0.9544858443261589 0.954899022336402 0.950026371308017 0.9406971757642594 0.9398100469161236 0.941419009370817 0.9409079508402312
22 1.0 0.9994199535962877 0.9875424688561721 0.9770176376269375 0.9679519278918378 0.9601593625498008 0.9445656918376256 0.939812932086214 0.9366804046459349 0.9267106634248005 0.9264654873395769 0.9261314374891625 0.9257975034674064 0.9254636852140752 0.9255050505050504 0.913894888408927 0.9049494551660754 0.8942626837363672 0.8688034188034176 0.8652233895786892 0.865182829888711 0.8636629607957856 0.8634812286689406 0.8632995319812778 0.863117870722432 0.8629362448820418 0.8690303907380593 0.8754076427794951 0.8784180441835303 0.8781373079002228 0.8606208580397624 0.8495261427374121 0.8523940957638306 0.859603838168453 0.8660841185450335 0.8677825096563337
278 1.0 0.9987317691819911 0.9735099337748343 0.9582524271844659 0.9492466296590008 0.9438202247191013 0.9297177642501385 0.9203581526861453 0.9213576158940399 0.9230348349443737 0.9248704663212435 0.9276626161543958 0.9045340050377828 0.9093176150532754 0.9106438896189218 0.9051397655545529 0.904615384615384 0.9066982108531711 0.9083168721476735 0.9129289254124582 0.915353651523864 0.9168492491850584 0.9030041233064993 0.9081391114348146 0.9024925140230278 0.8911986193912778 0.8851688586105149 0.8677567216255057 0.8493067341253338 0.8354165420728442 0.8228509249183915 0.81685165234385 0.8127843282889262 0.8175163168107273 0.8108456645756401 0.8053362147784915 0.8062955979998386 0.7983727781788411 0.7919026717904829 0.7807966602887446 0.7743780763602471 0.7756341778408421 0.7794297227988726 0.7825005850690337 0.7750944034266977 0.7773488997920485 0.7792600940935891 0.7798600762761024 0.7740822922193734 0.773690505219392 0.7688162737835532 0.7688743344694595 0.7693732101715982
153 1.0 0.999097065462754 0.9981957600360848 0.9972972972972973 0.9964012595591544 0.9955035971223023 0.9946140035906644 0.9928443649373884 0.9919535091640592 0.9910634495084899 0.9901741849039752 0.9893048128342249 0.9884187082405348 0.9875831485587586 0.9867021276595748 0.985821887461232 0.9702572347266885 0.9679230152365681 0.9559089266353453 0.9467878001297861 0.9397308367466357 0.9350275085145403 0.9322271558775416 0.9317916374678814 0.9292672596357476 0.9280520474550326 0.927710843373494 0.9194139194139195 0.8996655518394645 0.8993950971028332 0.899124900556881 0.8988549618320606 0.8985691573926863 0.8953471517611242 0.8988079470198669 0.8920296008734676 0.8969140581794042 0.8814340076106539 0.8871917556128073 0.8870493009565847 0.8869069510849567 0.8888418915489373 0.893954797841557 0.8930581613508436 0.883192994274166 0.8830740216878827 0.888007054673721 0.8877975066112579 0.8922813441209472 0.8878102592388307 0.8919987514306524 0.8799884604288878 0.8828125000000004 0.8827269836944183 0.8668179144609703 0.8651344665230236 0.8655296570020853 0.866494215707409 0.8571189111267569 0.8526839091309558 0.8394113883557276 0.828461308796788 0.83158113334891 0.8355708035003994 0.8230308239619912 0.813475464399768 0.8058882555135699 0.7998847309703205 0.8059452370544075 0.7974024012685961 0.7855981883594787 0.7762389915385919 0.7802701843078802 0.7846708805225586 0.7879866448280176 0.7765139042715548 0.7796052631578895 0.7808683374514592
29 1.0 0.9996165644171778 0.9992334227673437 0.9988507948668836 0.998468899521531 0.9980879541108985 0.9903668025194514 0.9832382310984304 0.9828968466060927 0.9764705882352938 0.9709724238026118 0.9663636363636358 0.9622803257608223 0.9588709677419348 0.9559605163249804 0.9536045681655955 0.9533999048977645 0.9532066508313533 0.9529747060919124 0.9527428164331506 0.9525109818354498 0.9509488403062916 0.9495780810501085 0.9484717868338549 0.9476931577493315 0.9470026064291913 0.9463859879944078 0.946009024428193 0.9456706281833612 0.9454494460804933 0.9452073991031388 0.9450711132908287 0.9449348465741907 0.9449101796407186 0.9423805913570887 0.9426199927823891 0.9404269972451792 0.9407309845242017 0.9410745233968806 0.941389728096677
416 1.0 0.9655455291222312 0.9551042223409941 0.9524169184290031 0.9453836150845254 0.9187306501547989 0.9070061679582475 0.8877291242362519 0.878949615713065 0.8681968976956862 0.8814024629382688 0.8779238754325255 0.866008547523024 0.8581081081081084 0.8534791627380733 0.8396282835717909 0.8440572850789514 0.8550607584713104 0.8446569591149923 0.8433670751198733 0.8364810233512353 0.8294215795328157 0.826525522363245 0.8347627505709226 0.8347161959858939 0.8295268020447422 0.8244819861863002 0.8323231887496513 0.8189651531151023 0.8111926533495567 0.8180223314632421 0.8120063763495404 0.8089291514779661 0.8071627190190613 0.8024378449583948 0.7971393137660165 0.7900789620261426 0.7788938273189626 0.7725694997293198 0.7620738747477208 0.7615734588264655 0.7678365728117045 0.7677884054589919 0.7695544756061059 0.7602913999517812 0.752746303946432 0.7507217204756631 0.742125443291403 0.7417177833871635 0.7413105711036344 0.7404974864529493 0.747414275632122 0.750509988945479 0.750492883109767 0.7504757780537994 0.7504558300665392 0.7496184249493011 0.7533458759139569 0.7530077999786178 0.7531365495490923 0.7527737816053311 0.7524111637620916 0.7496707228370776 0.7490005009773832
33 1.0 0.9994340690435766 0.9894862604540023 0.9823698236982369 0.9774489076814658 0.974324120223531 0.9721382573268496 0.9705233840083551 0.9695786228160325 0.9689480937069358
163 1.0 0.9995677544845472 0.9991362556683221 0.9987049428016402 0.9982740021574971 0.9978429680759273 0.9898832684824901 0.983406884377758 0.9782504397889011 0.97406004080443 0.9707174231332354 0.9679078882900536 0.9612107623318382 0.9514303354599707 0.9470223916150542 0.947046843177189 0.9472512981125852 0.9471300337643085 0.9469696969696968 0.946809386578839 0.9440527283874923 0.9417406241053538 0.9371699752690331
297 1.0 0.9729903536977492 0.9636520986585894 0.9440745672436751 0.9462503199385718 0.9365199319856414 0.9230886616816723 0.9126070991432063 0.91828793774319 0.9082648960335479 0.8974437237695532 0.8904567645288569 0.8814884486508731 0.8769295170320761 0.8851539295648487 0.8907835280075033 0.8845617838340051 0.8740829571106105 0.8683045094553107 0.8615680000000012 0.8529437935636971 0.8528888361608746 0.8463553033609794 0.8528964187886797 0.8478823677265318 0.8434304288036022 0.8385484169598242 0.8442409223144076 0.8396088858392676 0.8348506115901363 0.8234330919923475 0.8223904014766965 0.8177637652632854 0.8179131919364353 0.810901104340022 0.8061249584098785 0.7967421488076436 0.7935886298580095 0.7879655382945453 0.7862343356700062 0.7884119950535782 0.7888148248542934 0.7834323149451939 0.7843863580942111 0.7802368940557035 0.774543491575734 0.7745250700716171 0.7740334611155565 0.7725739120489381 0.7709385837952846 0.766708602663645 0.7654740444761817 0.7609896213539699 0.7598566592406276 0.7548237676002173 0.7535391212405852
41 1.0 0.9923677993821551 0.9851877975665666 0.9789508853992648 0.9735141100425664 0.9686567164179102 0.9647108248144515 0.9613310535315004 0.9585543357592202 0.9562094531974047 0.9541334498198096 0.948057301865402 0.9467265099034048 0.9456360946745557 0.9446543090573658 0.9438643388188117 0.9432432432432429 0.9426795056486463 0.9340376927470017 0.9342901843412013 0.9345199428348708 0.9348190452542058 0.9326763239135599 0.9331019967006089 0.9289882737932919 0.9296003352364992 0.922276683004902
430 1.0 0.9643160577740016 0.9540732640787316 0.9524169184290031 0.9529675251959685 0.947158733487104 0.9310571240971761 0.9382187750735486 0.9300854511153028 0.9121923405872839 0.9010399740006493 0.8926128118305574 0.8850136888465661 0.8778752790902958 0.886548850837836 0.8873811651905427 0.8895786168115103 0.8816234498308916 0.8803141257165589 0.8739732670566496 0.875892060660126 0.8695942133073423 0.8667928001636339 0.8693059974078015 0.8612622668713098 0.8570767379431655 0.8501623099265351 0.8502544604843666 0.8467333215011144 0.8475732049739262 0.8436370898923313 0.8381929445644329 0.8329694516924908 0.8329073482428088 0.8277390753641511 0.8276329813002572 0.8189881264603446 0.8133270321360998 0.8153644696638955 0.8151487434121627 0.8140992167101758 0.8071710413449914 0.80668666952421 0.8062028786840223 0.8070527028282395 0.8066030853307427 0.7973386316697507 0.7977749887287116 0.7952805657488535 0.7923968463504029 0.7820445546915876 0.7817622950819554 0.7821830750362236 0.7757058726401983 0.7753474094204762 0.7746314759648547 0.772615988507361 0.7712565534936671 0.7708808855313247 0.7705053768869449 0.7716776760388957 0.7716629863701978 0.7716482972607548 0.7707240094303602 0.7697560234384498 0.7691884404470356 0.7666713887708212
47 1.0 0.9904349806422228 0.9829129373474369 0.9771945701357464 0.9727979274611396 0.9694278643179499 0.9671318638320069 0.9652687536916712 0.9638087031451956 0.9629702194357362 0.9588858236184034 0.9589810368682345 0.9560505269452126 0.9535622970078088 0.9541249036237472
50 1.0 0.999357326478149 0.9886246122026887 0.9815687955422203 0.9773571554926587 0.9748743718592963 0.9731645569620251 0.967461800593602 0.963160445952496 0.9634093470909562 0.9604471195184866 0.9582034570699915 0.959064706263359 0.9572843336117409 0.9535499531086227
178 1.0 0.9710344827586207 0.9449781659388646 0.9509345794392525 0.9504229785559711 0.9428657799274486 0.9312602291325693 0.9327000114455758 0.9302389960321115 0.9164051136798589 0.9134681419305607 0.91936 0.9238796133567663 0.9119161105815066 0.908462215516158 0.9081107117714632 0.9120791553223992 0.9147159157746155 0.9115635521885531 0.9048831671028755 0.9008835134671485 0.8992636355852399 0.8944210690353748 0.8901141625136946 0.8859792248913563 0.8823668849447356 0.8790545913191259 0.8769144158552606 0.8749999999999943 0.8714865761621371 0.8692751955331007 0.8692552772065103 0.8684190906282884 0.868399190542117 0.8651960536301471 0.8625063565623633 0.8608832432531218 0.8572297532151459 0.8556515358703174 0.8521256042520006 0.8497878771605358 0.8454376577336572 0.8423909182615009 0.8388342888342772 0.8357891679209788 0.8332951828678853 0.829674400945492
52 1.0 0.9995387453874538 0.9990779160903641 0.9986175115207372 0.9897348160821213 0.9824115692788742 0.9686937747391143 0.9572918390994863 0.9569892473118274 0.9543254688445245 0.9522222222222217 0.9519777931991668 0.9517069109075765 0.9505112990783988 0.9496169027165076 0.9447171824973313 0.9445818901533888 0.944572322990516 0.9445640010329683 0.9447442609746269 0.944902747294331 0.945532998514536 0.9435334567574714 0.9391795444672003
56 1.0 0.989367088607595 0.9801089273028654 0.9723623601667033 0.9656792645556692 0.9601744737341174 0.9557351132970314 0.952070427127486 0.9490600363856881 0.9467605633802815 0.9344432882414146 0.9336895797911094 0.9328690489781932 0.9205465055176029 0.9208490378893067 0.910522415709521 0.9047785141262634 0.8996705107084013 0.8794975186104216 0.8764418982735928 0.8608369948858318 0.8213007361383139 0.811294851794073 0.7827871156332584 0.7792876479643314 0.76256152833959 0.7421378091872819 0.7258150067322239 0.7328077433455654 0.7413986118367071
187 1.0 0.9656301145662848 0.9640228945216681 0.9624796084828712 0.9609438567941417 0.9593495934959351 0.9299847792998478 0.9055673009161381 0.884514435695538 0.8727378867483947 0.8267875125881169 0.8258908434821832 0.8253825382538255 0.8135299219427582 0.7722419928825625 0.7577211394302853 0.7471502590673579 0.7226112491529256 0.7529663489593468 0.7516778523489936 0.7412309728656523 0.7410714285714288 0.7368679430535103 0.7729149463253512 0.7725209737312614 0.768490153172866 0.7993981945837506 0.7967361740707156 0.8193607445266606 0.819235756235222 0.8399947838560342 0.8478822604201776 0.8630365464802552 0.8629451584420683 0.8692150289520663 0.8652277362338551 0.8682530028888558 0.8725639722081011 0.8725048293625249 0.87431409214923 0.8755488855538891 0.8755002223210326 0.8751252756063351 0.8780281815353171 0.8777983158759503 0.8739391152748235 0.8733529990167143 0.8717035401929775 0.870454475237121
60 1.0 0.9991889699918897 0.9983799108950993 0.9975747776879548 0.9967676767676769 0.9812312312312313 0.9805534779356769 0.9798130841121496 0.9790732436472348 0.9783420463032114 0.9776369735370855 0.9769087523277467 0.9684274438372801 0.967878787878788 0.9627391742195368 0.9592711682743837 0.9567002612915266 0.9551848217206409 0.9538618776463714 0.9423578508085546 0.9429716036290793 0.9427629254504765 0.9425544437904645 0.9392716848922384 0.9327375804746799 0.9314016407750039 0.9335793357933575 0.9332905708787682 0.9325726904674272 0.934540485138367 0.9363300649433338 0.9362189688096756 0.9330325338399432 0.9348443503926048 0.9199710489582801 0.9105955443382039 0.9115758576408005 0.9051348999129685 0.9033955045432813 0.9033127554125734 0.9032342201356293 0.9031556985134319 0.8980640388014312 0.8885001345688041 0.8925257543654572 0.8842007370922754 0.873449693986595 0.8639127379388325 0.84586269143423 0.844829591718043 0.8316962080886812 0.8354450344356258 0.8353615265329745 0.8308000000000021 0.8232779097387196 0.8265548057632705 0.8313416800052644 0.8334106337226483 0.8346145264994037 0.8223954614746349 0.824391881808685
74 1.0 0.9887036040882196 0.980587011786457 0.9749003984063743 0.9707061900610287 0.9678555028317769 0.9657236126224155 0.964565505604435 0.9595635430038507 0.9598508746773727 0.9529107373868043 0.9385255373237811 0.9317652044924776 0.9343664539653604 0.9269827947964756 0.9245599329421632 0.9244447105310429 0.9203919167176983 0.9012257405515843
203 1.0 0.9993984962406014 0.9987980769230768 0.9869983041266251 0.9769089477827341 0.9681684622918707 0.9610859728506788 0.9550042052144659 0.9497250589159466 0.9455210237659964 0.9422750424448216 0.9394611727416795 0.9371944897052285 0.9353944267295157 0.934171310094596 0.9236604455147495 0.9236244492147773 0.9232495991448416 0.9230769230769224 0.9127491538172237 0.9034361233480167 0.8983530194643148 0.9002682657408864 0.8958489435036712 0.8746277123812226 0.8575789753119197 0.8549937040227985 0.8161493786298645 0.8196545562835033 0.8256573343176796 0.7981727146027995 0.7823588087208494 0.7793964620187327 0.7615551476722868 0.7406967385888965 0.7307312072058908 0.7385129196695407 0.7235904082955313 0.709937869556086 0.7056838975297383 0.7047468008312406
76 1.0 0.9990503323836657 0.9840406238665217 0.9758087201125177 0.9728237791932062 0.9647371922821023 0.9599891862665583 0.958333333333333 0.9574507106831724 0.957100360106466 0.9596498427027764 0.9498988456503631 0.9465778059875174
78 1.0 0.9993988578298767 0.9877060631461302 0.9871901977165134 0.9866369710467704 0.986084052323963 0.9855314412910403 0.9849791376912375 0.9759639459188778 0.975475475475475 0.9604777415852329 0.957390146471371 0.9552941176470584 0.9549806820090706 0.9546675621222293 0.9544083137780752 0.9540807776101888 0.9537533512064337 0.9542774982027312 0.9493957703927486 0.9502855223379234 0.9469879518072282 0.940825190010857 0.9426877470355723 0.9410742615396231 0.9428849360755971 0.9445015416238434 0.9385201954009292 0.9381580405630056 0.9400838205619082 0.9399958617835713 0.9358361115137461
79 1.0 0.9916683197778219 0.9839388145315489 0.9768382352941177 0.9703755951331337 0.9651625746516258 0.9605324980422867 0.9569293876355113 0.9541609822646655 0.9517487873372478 0.949628208203406 0.9478731806386098 0.9419704538208097 0.9411823547064117 0.9404818138875763 0.9399678399142394 0.939506905024146 0.9392966115304318 0.9391072109881723 0.9390288161428466 0.938957713336563 0.9389776779817725 0.9389958951689296 0.9344301669268645 0.9323710391626893 0.9327962922092256 0.933262711864407 0.9317003760544773 0.9323109982418444 0.9309015699915393 0.9295940558173255 0.9250489662676828 0.9258636631083472 0.9218383364349874 0.9228303362001571 0.9207666767280418
210 1.0 0.9915271333467823 0.9831966393278657 0.9750049593334658 0.9670846394984328 0.9593574608089803 0.9518164435946466 0.9444549404874366 0.9372666168782678 0.9305147058823535 0.9239681390296892 0.9176176890156924 0.9114546732255804 0.9054709141274244 0.9000170039109001 0.8877380554627471 0.8827778689870308 0.877985797288574 0.874192022702192 0.8709875595146679 0.8679443030393775 0.8654630168899246 0.8635207685786948 0.8616904500548849 0.8603537704481979 0.8590967741935485 0.8579125422879338 0.8916326168058268 0.890555892810684 0.8895289732294135 0.8854690981104051 0.8849927617822101 0.8847298355520753 0.8844803906607662 0.8842434161583099 0.8845459143125499 0.8848314606741575 0.8852660300136429 0.8828912466843505 0.8833548387096778 0.879471519381778 0.8801479953903082 0.8809369284323566 0.8816839928780663 0.8826681551772265 0.8834655940863145 0.8821288752512969 0.8767996709173189 0.8716266960396546 0.8729957600272928 0.8741684090477106 0.875283972367751 0.871255461957747 0.8708912976697252 0.868866472901352 0.8704436575713407 0.8704574951330319 0.8673714939445358 0.8643403404942177 0.866182145131684 0.8663986844509425 0.8653085936108851 0.8566703417861098 0.8587040586435337 0.8561132309297869 0.858238645405648 0.8550427350427368 0.8538327742576736 0.853642283810391 0.8558542572383421 0.8579642310248203
83 1.0 0.9995889003083247 0.9991779695848746 0.9987672077254981 0.9983566146261297 0.9979461901827889 0.9898872034227925 0.982774418178486 0.976941336046117 0.9722870932586015 0.968240219431211 0.9679607446962041 0.9645827743493423 0.9618501433736438 0.9595771866651175 0.9575948678917032 0.9559453395880068 0.9546715119058997 0.9535469931580837 0.949066213921901 0.9486153353609731 0.9482954115957365 0.9450840185913478 0.9450512176921512 0.9450216170871782 0.9449947701962715 0.9448818897637796 0.9447690509871458 0.9424991216770117 0.9404369447393421 0.9384862262637073 0.9388498435335766 0.9333888426311412 0.932203389830509 0.9294191692141709 0.9285436557653268
340 1.0 0.984006092916984 0.9833206974981047 0.9825691549829482 0.9818181818181819 0.9810677773570617 0.980317940953823 0.9690891154225584 0.968452185343411 0.9507119386637458 0.9496370235934664 0.9492178644298344 0.9487992750339826 0.9416964453639268 0.9368690914917476 0.9398537729341973 0.9422565837158728 0.9420499818906187 0.9329816940738435 0.9342849447885799 0.9392226148409887 0.9431438127090295 0.9391804190617463 0.9405477621910485
88 1.0 0.9901500938086304 0.9817391304347827 0.9754146341463416 0.9628318584070795 0.9527103104391182 0.9503179062546204 0.9484311050477485 0.9473750156621973 0.9467373760664048 0.9469082481828711 0.9474797999230469 0.9481527202186751 0.9491566459527073 0.9468789524588942 0.9450904837266909 0.9436277642848012
89 1.0 0.988445667125172 0.9710344827586207 0.9691289966923925 0.9679633867276888 0.9675800849093014 0.9674526735303884
92 1.0 0.9907448215072719 0.9832702648874728 0.9771075581395351 0.972327458408829 0.968562874251497 0.9659229208924949 0.9639308060360691 0.9575614685079148 0.9566294919454768 0.9563615755171433 0.9562955254942765 0.9530313922837286 0.9473800574839709 0.948062654575433 0.9486651656481185
225 1.0 0.9991593106347205 0.9828660436137072 0.969274740978921 0.9685938615274802 0.967925873129009 0.96012084592145 0.9543786051389616 0.9499768411301527 0.9464952301949398 0.9438937722087151 0.9431988041853511 0.9431575488746508 0.9316536345207063 0.9313839027214819 0.9326722338204587 0.9250612816621914 0.9280908326324635 0.926857142857142 0.929876201194701 0.9321602038378846 0.9316439056452197 0.9315078495801383 0.9183078045222463 0.9040450400832263 0.8846196681144899 0.8752418779916495 0.8733739837398381 0.8602447327261028 0.8657204301075279 0.8571997768746524 0.8558880807599073 0.8486430449109569 0.8541513721377394 0.8593708696801492 0.8628224392687215 0.8552461520385397 0.8514320637830944 0.8532192468177271 0.8426187292626174 0.838405384907093
353 1.0 0.9990389235944258 0.9794776119402986 0.9667311411992263 0.9576999339061468 0.9509662532448804 0.9373612823674478 0.9350734810265411 0.9180104915484749 0.9190932868352224 0.919974695555907 0.9214224261542873 0.9130434782608693 0.9064218037197329 0.8964373595806134 0.8819431004451317 0.8639956881063589 0.866521884396925 0.8402605459057066 0.8322166785459728 0.8142207628188941 0.8138106208281652 0.8077982996188807 0.7876482791637864 0.798471299395515 0.8009287490032377 0.793819901861104 0.8020511965313112 0.8085323695788824 0.8036932660931488 0.8027537399712729 0.7980513153621321 0.7937380349533767 0.7861534501987494 0.772319894249837 0.7589859265434243 0.7565234403658533 0.7556410376694683 0.7462042943131822 0.7520144783901438 0.7460665783372008 0.7536332730272999
355 1.0 0.9988551803091014 0.9977155910908053 0.9779587925251558 0.9651898734177216 0.9562142135399125 0.9398369412426203 0.926619059344989 0.9087975908797592 0.911017758258545 0.9127896995708156 0.9150710315009266 0.8955182843002472 0.8899515588125694 0.8856367951180918 0.8714924766165099 0.8574384051156656 0.8605542966707326 0.8604164851442001 0.8369486331747426 0.8285303743913132 0.8243173998975173 0.828376662434003 0.8266215800799256 0.8177420262136467 0.8173832162050435 0.8173365017047216 0.8172520661157026 0.801096097514883 0.7981289079027791 0.7900561750649797 0.7912255342422952 0.8028478348402223 0.8120533260032996 0.8012515644555709 0.7880358523524544 0.787990722446527 0.7879820216999245 0.7771923630536942 0.7717961302988836 0.7717503616449702 0.7717045953555676 0.7716588314304925 0.7701125737396659 0.7540771167999244 0.7540342298288535 0.748517253774266 0.7558052434456957 0.751572327044028 0.74538696402496 0.7396376272027826 0.7446303548119162
103 1.0 0.9893643960496329 0.9888748419721871 0.988375031589588 0.9878726629610913 0.9790405216581275 0.9785946952070729 0.97233691164327 0.9682138342062488 0.9651311580294304 0.9628995433789954 0.9613118114271072 0.9600185960018595 0.9592224804563699 0.9588896359619631 0.9587646955606244 0.9586596689543802 0.9583703106091166 0.955373744886575 0.9552283206901682 0.9550829181230016 0.9526790013068301
108 1.0 0.9926212227687983 0.9855620488140253 0.9788767812238054 0.972607206913419 0.9666719568322486 0.9611710323574727 0.9562565094479984 0.9518141402552699 0.9481339187705813 0.938896971300092 0.9310431927254351 0.9287618124545667 0.9266589057043066 0.9207547169811312 0.9194716659565394 0.9186378466557904 0.9177035367884777 0.9051472663969126 0.9013371882905664 0.8985594755455869 0.899313879474249 0.9000079358781042 0.8977713546816757 0.8986249268578109 0.8995639330426214 0.8974428542359081 0.8850964043772797 0.8839123060493749 0.8807178681491329 0.8823598062671414 0.8838928067700988 0.8854587105923423 0.8871740848037927 0.8782113242102053 0.8781051699542529 0.8695713546322879 0.8648967017035165 0.8659379099256677 0.8664348710990512 0.8656385858420157 0.861672155866832 0.8639728562615682 0.8662520605424859 0.8656537385045995
109 1.0 0.9994565217391304 0.9989136338946224 0.9983713355048858 0.9978290366350065 0.9870934434692822 0.9781472684085509 0.9721934011205643 0.9680696661828734 0.9654516640253562 0.9635292467386727 0.9629811228242212 0.9583647934419152 0.9587827426810472 0.9557093425605532 0.9564294140778604
111 1.0 0.9993060374739763 0.9858657243816253 0.9758019133370851 0.9686197597450356 0.9634093844167027 0.95998489996225 0.9577511643379905 0.9562647754137111 0.9439128123338643 0.9442441720740199 0.9446450060168464 0.9452164350694784 0.9386826783114984 0.9402287336171627 0.9352706027060267 0.9371176554275142 0.9305610561056104 0.9177663734115348 0.920789819094904 0.923696707753055 0.9224481658692187 0.9232425348684831 0.9167656504333294 0.9151005605011545 0.9182514681289625
112 1.0 0.9868462261196367 0.9764771772612714 0.9684289651716362 0.961913398322376 0.9567188788128608 0.9525780955965375 0.9494671708490893 0.9472030169704589 0.9451299172593991 0.9438277383977529 0.9425658876181001 0.909318181818181 0.9024493243243235 0.8982408090171696 0.8888997746644449 0.881236887713216 0.8626875681113239 0.8566780414252825 0.8620792596462412 0.8240592054737133 0.7989681108969979 0.7801542184949635 0.7790296008928107 0.7850476668339198 0.7668700399100892 0.7554850762479924 0.7638986483693647 0.7478148514098979 0.7562921592804837 0.7498298162014999 0.7415509520280962 0.7495210431988159 0.7358338837990779 0.723639684159642 0.7292076644225819 0.7245086676694726
125 1.0 0.9993581514762515 0.9987171263630531 0.9980775392502401 0.9850234009360372 0.9729810867607324 0.972413793103448 0.9622002820874469 0.9531291611185085 0.9453085800301052 0.9383447948778751 0.932739420935412 0.9323241317898485 0.9318940574226573 0.9216237942122186 0.9144867400324734 0.9143710587454363 0.908410929629064 0.9030474840538621 0.8943110647181622 0.8862835621431168 0.8888383723573532 0.8874074074074068 0.8822015442486628 0.8854273226076436 0.8852459016393432 0.8577124540692672 0.843518652924953 0.8403297835795263 0.8195047230022985 0.8166676724398054 0.8032880141077434 0.8112698840657872 0.7883909600154546 0.7826980141520219 0.7716189093393707 0.7753248340189828 0.783254689388919 0.789822679183432 0.7779873554787123 0.7696749932849873 0.7755583567665427 0.7591290676633764 0.7580339143839702 0.7579817982391155 0.7568880725247403 0.7507864085924021 0.7342485232990622 0.7274033813269257 0.7348127600554815
119 1.0 0.997983870967742 0.9959758551307848 0.9939879759519039 0.9680426098535287 0.9348791317217564 0.9340226489414083 0.9377872039589964 0.9157601115760114 0.9152731326644372 0.8968306010928964 0.9007851534618132 0.8793309438470724 0.8660601465756879 0.8631318029960116 0.8630048465266549 0.8577117069285891 0.8467461316354478 0.836594626168224 0.8321757797701731 0.8321025058385408 0.8320610687022902 0.8319560966378606 0.8299824076401109 0.8298674373311558 0.8297524814675215 0.8296375400464858 0.8412785891430151 0.8411019283746562 0.855381766798227 0.8516366122553636 0.8631518183567451 0.8562109646079121 0.8626882781899827 0.8532999687206767 0.8532465907669221 0.8603498376160913 0.8570722186076786 0.8578760174730875 0.8555922380827984 0.8561754554589556 0.8599071207430357 0.8512550126243869 0.8499295618002514 0.8498610145934662 0.8410838283614671 0.8436397513630703 0.8403809578286501 0.8367582358622113 0.8362857325573898 0.8298197993518921 0.8268654003453524 0.825072319848012 0.8229413095801271 0.8158523816109111 0.8112903678873288 0.8092609848756247 0.8063786202226655 0.8040422592307505 0.8000632561081548 0.7960397553516682 0.7928065403129948 0.7896862644707877 0.7871720317021549 0.786656221438815 0.7866439438710146 0.7866316664719514 0.7866208555230907 0.7865977681270805 0.7839608503640281
249 1.0 0.9672386895475819 0.977407208176439 0.9678505817513774 0.9606249999999995 0.9603586597451625 0.9608087091757386 0.9564992232004144 0.9534244144783538 0.9515160843466219 0.9477594379265142 0.9425564178039433 0.9402335884011285 0.9347794438782947 0.9287916152897666 0.9238148984198644 0.9184360435007756 0.9143806294736101 0.9096586507296529 0.9067985861543659 0.9044547359135475 0.900241330803872 0.8961841308297946 0.8961611609792679 0.8919629286799853 0.8915102423196822 0.891082664352348 0.8870719776380087 0.8827486097481116 0.878880812119675 0.8755152362726252 0.8721701608333607 0.8721538407894188 0.8684582979502712 0.8649257234701004 0.8622551815934487 0.8580360211476059 0.854631702302332 0.8509039395574629 0.8508924596268149 0.8508809800059246
122 1.0 0.9993664871713651 0.9987337765115541 0.9864306784660766 0.9762483130904183 0.9678297451125958 0.9673751853682648 0.9608548931383577 0.9554087530966145 0.9546298205815633 0.9506684240256074 0.9409253884241078 0.9406143344709896 0.9267274694697786 0.9273137061557961 0.9225806451612898 0.9090370721307585 0.9088217880402597 0.9121497349345443 0.9038084020416167 0.8972706935123032 0.8959660297239905 0.8896079744104732 0.8957650273224038 0.8825851011346816 0.8662296539081165 0.861897097762318 0.8618004360917875 0.8486688016825208 0.8490835940992411 0.8490144370446531
379 1.0 0.9775401069518717 0.9685157421289355 0.9425444596443229 0.917449224721555 0.9251069900142654 0.9209840810419682 0.9112347052280307 0.911022133244355 0.9199930879557626 0.9125433125433128 0.9032833074578812 0.8971558589306037 0.9068938956287318 0.90343573547708 0.9080137071136626 0.9081439393939403 0.9028898806697697 0.8961511148984532 0.8910789446668734 0.8902376562179896 0.8876061757942668 0.8867029079299351 0.8806776719326274 0.8756114605171197 0.8741716154574384 0.8719375493943617 0.8686559009227743 0.8663394589658671 0.8635124793577006 0.8592774252269048 0.8582379173195066
124 1.0 0.9883753113755882 0.9807736324101626 0.9755304913018543 0.9722856211281382 0.9702372595816369 0.9641516289209154 0.9639274279615793 0.9639673809975342 0.9639993175226069 0.960832881801997 0.9613512941674307
253 1.0 0.9759174311926606 0.970813064628214 0.9600095215424899 0.9610967024824009 0.9461154668567352 0.937205290396779 0.9421544515494337 0.933338902347339 0.9240176568492654 0.9115337971532523 0.9022701475595919 0.8911474743368237 0.8959585302078086 0.893303348325838 0.8930078704231789 0.8872188317349619 0.8777795350308412 0.8683462721546814 0.8610928961748651 0.8610420480314762 0.8691302572478579 0.8637620364191074 0.8630723913237542 0.8625674352725548 0.8564288782163916 0.8591346950803969 0.851721800198166 0.8449587311862728 0.840370120718177 0.8356444314698531 0.8281086947447446 0.8221640280918863 0.8209451436713293 0.8134554260632575 0.8121475054229842 0.8076782949266681 0.8027880940847084 0.7985730640281181 0.7985546799137189 0.7950096751196538 0.7923427400123675 0.7876677981792801 0.784555941522844 0.7825156478057114 0.7818415858577046 0.7777048750081865 0.7760891670542084 0.7748066072257523 0.7692006760140049 0.7641787242332567 0.7627012147686982
