0 1.0 0.9914163200659293 0.9835391217490117 0.9763779992605576 0.9704797701620269 0.9652778621803032 0.961039062246323 0.9575758732894929 0.9549297044360651 0.9475067132503682 0.940886874243461 0.9308757831116795 0.9260871814962927 0.9176957273019666 0.9066150767136578 0.8989172777216847 0.9016952151971338 0.8947371611154635 0.8975906699384697 0.8947371565776366 0.8974362019742537 0.8884667383424046 0.8913046629165444 0.8938872725586503 0.8909490551372009 0.8936395180804315 0.8848067101637664
257 1.0 0.9888268468555045 0.9798995580978458 0.9736842913282385 0.9689923442194013 0.965870412012632 0.9636364738398875 0.9618529753839882 0.9566266523584567 0.9530918344760877 0.9542858536189506 0.9552497006594096 0.9561816570906184 0.9570201743120855
130 1.0 0.9923954575046089 0.9850187714838257 0.9781818895936845 0.9718310851117327 0.9659865218318634 0.9605264716216162 0.9555557389946591 0.951367988120443 0.9479771041680577 0.9453554301640869 0.9381446009399352 0.9367399364464777 0.9311929604276371 0.9224141275587575 0.9222907223022568 0.9184469503585486 0.9185188656025026 0.9185844166671528 0.9153979890459895 0.9095318824565906 0.9106321129698408 0.911894635418051 0.9130438319749048 0.9140943056951104 0.908163628470949 0.9095358062522881 0.9107984675991745 0.9120634811821838 0.91332644859804 0.9106960856256795 0.9060003572343666 0.9074256133811148
131 1.0 0.9925926282612826 0.9855596397780727 0.9790210890612361 0.9730641181876128 0.9675326467533132 0.9625002109574089 0.957831566650711 0.9536234572822074 0.949861017555413 0.9468088218944015 0.9440206838811795 0.9414637573195915 0.9395352352954174 0.9381902002683256 0.9330547714857614 0.9324059429071333 0.9318185563370476 0.9314083137105384 0.9275865939724294 0.9240928101110567 0.9240510295200448 0.9240125507342947 0.9241986375091867 0.9244759047747335 0.924731557152004 0.9250649674180909 0.9255586728910808 0.9260146729963074 0.9264371283194691 0.9268296090314603 0.9271952038256328 0.9276115054610177 0.9280722586420589 0.9248558316116698 0.9255124372216571 0.9244607645497055 0.9216713591665561 0.9192602286072462
128 1.0 0.9921875183123352 0.9852941554967672 0.9793104019080476 0.9740260499314707 0.9700599698892947 0.9665739185859799 0.9636364769885497 0.9613527783729775 0.9549550970026374 0.9535866447826907 0.9523811035671705 0.9513110164411047 0.9505301926758987 0.9465777988519758 0.9462027019072102 0.9459461164031654 0.9457144563430575 0.9455042579737631 0.9379846884388027 0.9358026672955347 0.9361704089521685 0.9365800353918801 0.9326089007760323 0.9253114280275118 0.9242275447059828 0.9251441766566803 0.9242146419014793 0.921498893023695 0.9206898876563373 0.9185372278871305
389 1.0 0.9850746602839532 0.9740260414975486 0.9662922295256787 0.9611651616661814 0.95798331686815 0.9563637633181112 0.9487180966613102 0.9487180948348541 0.94029867084087 0.9384617007765808 0.9410610542795522 0.9432625521992392 0.9420291255475172 0.9381444756682429 0.9324325876703903 0.9278608580391073 0.9160047214608293 0.9201682349574568 0.9111970912208109 0.9136692433278774 0.9112229590336748
6 1.0 0.9880240022996216 0.9794872636504117 0.9750000937590244 0.9725086855466113 0.9707603365236998 0.9649123950337049 0.9606128121391195 0.9575290805265451
260 1.0 0.9875000546927301 0.9770115999572374 0.9685865354709193 0.9619049433279362 0.9567101628726548 0.9523811791599203 0.9489053519331588 0.9464885448947478 0.9440996393134378 0.9423633781781491 0.9408604853420152 0.9396987652087385 0.9391103412222994 0.9347828922766526 0.9313134227398744 0.9210529580843275 0.9150445936583648 0.892157285699999 0.8538818345996156 0.8585863891950363 0.8356170464087175 0.8431882250859675 0.8498794799111408 0.8243694231715051 0.821206416004876 0.8282335479411113 0.8098726375798195 0.8167545023994497 0.8183338935265168 0.8031013552633188 0.808605951837327 0.813523715713673 0.8195494272787355 0.8031954667037652 0.7954000978908659 0.7849217022086938 0.7881695989142367 0.7850977724722441 0.7784684937493115 0.7629274306832409 0.7497697720927211 0.7551575436239835
136 1.0 0.9880952593558296 0.9812206925468274 0.9771863551633585 0.9685535184584149 0.9625669149887167
137 1.0 0.9838710067675959 0.9731544344919473 0.9542858449106486 0.950980536346175 0.948718102140678 0.9473685793584493 0.9471948763345357 0.9473685749610783 0.9370080559004418 0.9282298711310235 0.9256019622037674 0.9128715632068131 0.9023511139596888 0.8971810698052795 0.8841466770477563 0.8901411545629085 0.8777636628374262 0.8799522978767809 0.8731927604959069 0.8765435147378582 0.8690367889997876 0.8583620889892494 0.8657190857778275 0.8656937051790046
5 1.0 0.9922480740351958 0.984790903442239 0.9776952170416663 0.9709091649658949 0.9653980196690407 0.9607844290769402 0.9566564809531083 0.9529413287344575 0.9502764079399947 0.9479168430074888 0.9458129947522029 0.9443157390597332 0.9391306465232733 0.9381445467315198 0.9372551234354374 0.9294993208992333 0.9295777127793315 0.9295304496658657 0.9294874281140586 0.9234305913127916 0.920937320306601 0.9214589009430367 0.9221479227324092 0.9227802010772987 0.9148421496137044 0.9096179271996947 0.9012078005339714 0.8905266845785743 0.8923861473718082 0.8847660076511319 0.8850145169551755 0.8869648194779839 0.8819387108990825 0.8739356721399978 0.8763400513784289 0.8756976172834584
11 1.0 0.9921568904294298 0.9848485422461103 0.9784173515945599 0.9731544705297224 0.9688474782004008 0.9652175324647092 0.9622643035288563 0.9597991566024681 0.9577466475067677 0.9561405240240182 0.9548256382748896 0.9537574036501775 0.9528132470092406 0.9521369321526159 0.9516130827436128 0.9511452246551961 0.9479770740941256 0.9451305187413114 0.9451699132370722 0.9427862760402905 0.943060700871864 0.9433108568638545 0.9413682819112514 0.9416668672068653
140 1.0 0.9913043780747534 0.9844961781195163 0.9722223186821506 0.9687501074322489 0.9661018098358654 0.9641944924598848 0.9627040844277475 0.9615385848245566 0.9605523927465163 0.9598541391510744 0.9559323453168094 0.9558361014773354 0.9558175151583173
15 1.0 0.9879518290048963 0.9777778271653229 0.9695432245173135 0.9631337424975426 0.9585063445994343 0.9550563144514771 0.946128109392426 0.9384617278290049 0.9376772480506609 0.9376625481734857 0.9333335714515326 0.9257644515038347 0.9275656401423071 0.9192663217158791 0.9151106304005647 0.9059564076896477 0.9064330358337366 0.8877008650839646 0.8753120783178326 0.8802820274082984 0.8828732647071477 0.8730492641012156 0.8781928694440827 0.8623192022773972 0.8675841765152201 0.8592236540860181 0.8443763467222611 0.8318844600266408 0.8253098995912929 0.8303751438174681
16 1.0 0.9900000150014777 0.9809524172371196 0.9735683401636638 0.9672131953854517 0.9621213125671706 0.9510490879882731 0.9485532035586737 0.9406529951125822 0.9342467735226923 0.9338424412137664 0.9344264291666684 0.9352053795281657 0.9360001920186256 0.929499281655715 0.931153397480685 0.9236886248109912 0.9258162438907278 0.9174692893147538 0.9197932425258915 0.9098662915430055 0.8977275749260223 0.894623961875009 0.8979594752469844
145 1.0 0.9917695608745059 0.9842519995070385 0.9776119904259297 0.9719298935124198 0.9668875049425343 0.9628484007423633 0.9593024439000764 0.9562842844046349 0.9537276491834812 0.951690972966222 0.9501135370703693 0.9404257220645826 0.9395163241604023 0.9386975176717285 0.9047622071343416 0.9058826535140209 0.8955699507610551 0.8972812926448017 0.8988442522614187 0.8924141344444668 0.8756480550188034 0.8781098317859415 0.8596912780489445 0.8558356856780074 0.8481852861647006 0.851852306530455 0.8538075518997038 0.8574223066748581 0.8609026740187601 0.8642537991015979 0.8657371141823009
401 1.0 0.9818182314097825 0.9696970615332396 0.9617835612110218 0.9484537676847037 0.9388648157157597 0.9051097661305811 0.8940812938827701 0.8870970777263809 0.8654295778242888 0.8630140203514975 0.8513516778076767 0.8345645962078709 0.8246076742340323 0.8159094256527016 0.8020622026060926 0.7941179877065134 0.8066160877575759 0.7939113288201143 0.7871111130422699 0.7818422468942232
19 1.0 0.9900497660963617 0.9813953834539112 0.9741379867771547 0.9678715633694375 0.9626866646341306 0.9584776236028486 0.9548388408035748 0.9518073740886916 0.9492959317747972 0.9473685872737148 0.9364305199232001 0.9357800227453205 0.9350651459134679 0.9238479395901442 0.9172934973968341 0.9082895327960322 0.9033336394740888 0.8806911124672518 0.8625735213808013 0.8216740635888847 0.8279014287696242 0.8347723755683829 0.8411219593864794 0.8468372899698932 0.8375004570756739 0.8105268235195736 0.7939614543264146 0.7892953544410857 0.7964174686720331 0.800312526548026
148 1.0 0.9920635046623637 0.984848513547352 0.9784173127730483 0.9729730368944806 0.9683545105029225 0.9648094770517248 0.9618529649886924 0.9596978446770895 0.9578455517339507 0.9564271386718621 0.9553753802854272 0.9544593326714094 0.9536543211417153 0.9530202682441803 0.9524565615555742 0.9491019488118014 0.9488637889158854 0.9486488013296431 0.9435899099438247 0.9412486426161076 0.9392525138830657 0.9374303493825273 0.9379680935859875 0.9326532536630098
144 1.0 0.9891892067219586 0.9812206925468274 0.9755102540657045 0.9645390825485048 0.9625000820392745 0.9610028724256884 0.9598998398339686 0.9593680375531061 0.9589323309629441 0.9586467098287801 0.9551725142785511 0.9555556543306458 0.9559472336061061 0.9511534303423717 0.9419925581620603 0.9411073097967546 0.9426682568260273 0.9421488798696408
22 1.0 0.9882353148809325 0.9779006013295224 0.9690722446671353 0.961538572495983 0.9464287388555055 0.9419089065457369 0.9389315075081681 0.9293288716544036 0.9292607003891051 0.917888852032938 0.9090912251155792 0.8985510677360128 0.8736387572131153 0.8717438982570851 0.8773238077516421 0.8831618734186606 0.8857146304189181 0.8680061176673834 0.856764324701593 0.8548816877206026 0.8574942601916239 0.8643681902860907 0.8705505109558673 0.8720815559606269
278 1.0 0.9753087334335898 0.9603961964663932 0.9516130983537935 0.9463089410594441 0.9325845348064338 0.923445269138324 0.9243700339234324 0.92592620030077 0.9276318408320277 0.9302328015378228 0.9076926154143615 0.9122404685349457 0.9134023297103014 0.907919240044107 0.9072850291907507 0.909228688963238 0.9107394276318672 0.9151673132163778 0.9174530346296746 0.9188598448752129 0.9052421552064921 0.9101966469126315 0.9045969111288601 0.893462693320984 0.8874720959157727 0.8703314750586172 0.8521454975715741 0.8383717546260033 0.8258430782471432 0.819782897468168 0.8156508935272104 0.8202558434897745 0.8143975949073878 0.8069310674565676 0.8006929421968229 0.7899379468993731 0.7827200461204573 0.7763070177520216 0.7775554966022378 0.7813302938188459 0.7737476857930188 0.7761993053313314 0.7792322214799987 0.7804547816597482 0.7750525501870277 0.77593606042735 0.7755204629811633 0.7758503198215998 0.776167112402247
153 1.0 0.9830509911076606 0.9696972222453725 0.9594597881967534 0.951515533552182 0.9459463550414662 0.9423081083965966 0.9391308582624647 0.9372553203004832 0.9285718877980728 0.9087953527887956 0.9050450739728334 0.9078596030194714 0.9007449587665728 0.9049778700741085 0.8893448065553767 0.8945391029729004 0.8960143334311467 0.9006414556007998 0.8994087007156896 0.8895032050728627 0.8941939716535369 0.8981822131509127 0.8935451317510749 0.8974362700337152 0.8853759018656353 0.8879555691931424 0.8869261746674115 0.8702795615437653 0.8705152246418879 0.8713021654688554 0.8618788537063741 0.8486971714349819 0.8440316054766437 0.8330536422037749 0.8360132660313033 0.8398361154237866 0.8274165820923308 0.8178442809722488 0.8102387241400083 0.8042557439980993 0.8101894026691717 0.8016404026743217 0.7899513242853217 0.7944408014801129 0.7980159997958669 0.7887659901299439 0.7771396493845351 0.7809498542208927 0.7822560582558201 0.7847327871824588
29 1.0 0.9922480890597581 0.9851301668078821 0.9787234872571087 0.973244254548848 0.9686521653801275 0.9646019161129019 0.9612189977211114 0.9583335069610839 0.9559904029921695 0.9543380872138425 0.9528909839744798 0.9517104559129719 0.9508508567552422 0.9500893223074374 0.9494099770129676 0.9489635127588827 0.9485629782230183 0.948276062742238 0.9481584518019813 0.9455960593098538 0.9457461933140545 0.9435296177361095 0.9437572328401068 0.9440260330813398 0.9442726413745811
416 1.0 0.9666668333491683 0.9565219754476783 0.9538463668842257 0.9468087087107854 0.9206351726119515 0.9090911747601471 0.8900526438700309 0.8813189682685512 0.8706102685456665 0.8834953907299979 0.880000240023522 0.8681594499758747 0.860262252841437 0.8556099955976167 0.8420554560690896 0.846284030481041 0.8570344379921834 0.8466853052438247 0.8395453904203684 0.8325636752851606 0.8402963379009398 0.834799818085761 0.8419152739711308 0.8397120401602673 0.8320804045610637 0.8383840244114122 0.8336559053505359 0.820737025756159 0.8136041483822687 0.8115843219744594 0.8055365792558782 0.8028268688402918 0.7976762786963051 0.7931975626175529 0.7975326898660423 0.7871551060763735 0.7882287716329421 0.7828083016998524 0.7739477376071789 0.7639858396302547 0.7558430552141319 0.752261232394789 0.7444961423222494 0.7426175411620785 0.7422153730364264 0.7489902607359563 0.7520116978838156 0.7556101828631377 0.7549936667098092 0.7566574096446923 0.7559880252699696
33 1.0 0.9900497660963617 0.9829787523794893 0.978102229744453 0.9750000468796 0.9728261460360251 0.9712230836973976 0.9702760716070085 0.9696395320680352
163 1.0 0.9918699352253616 0.9852941500896778 0.9800664915443567 0.9758308741306174 0.9724518589416156 0.9696203300828052 0.9629630572794243 0.9532909895040723 0.9489195803756117 0.9489052400361637 0.9490663436470718 0.9462876555266129 0.9439529429049057 0.9393941063690218
297 1.0 0.9736843144144108 0.9646018952270616 0.9455784164184569 0.9476441435426992 0.9379846643995212 0.924765078977919 0.914357876789973 0.9198313927776892 0.9099100884843482 0.8992127889082661 0.8922653868356413 0.8833537828931186 0.8787880755801636 0.8868294449668274 0.8923214325435772 0.8861268776107226 0.8757311758497835 0.869973373380176 0.8608697002562968 0.854858702314278 0.848330665178497 0.8547369891557214 0.8500488363509917 0.8550069687404258 0.850786701939639 0.8453783401075248 0.8410708839161584 0.83893686815037 0.8341321586656575 0.8246637346698727 0.8251630516955221 0.8178296752212574 0.807398196372203 0.8036851275897512 0.7989294543552502 0.793709513402615 0.7955773688048324 0.7957185771576509 0.7925548040537357 0.79308689861311 0.7894255318513098 0.7842288265864743 0.7788360224644609 0.7781911096236179 0.7761750596240835 0.7746928644096911 0.7730203594348506 0.7687863681784184 0.7675145073562557 0.7630146132754991 0.7579538749973888 0.7565832092996093
41 1.0 0.992424251033909 0.9853480068182542 0.9792387902478996 0.9739414190120919 0.9692308355094434 0.9654179471712075 0.9621622542091266 0.9594937734437404 0.9572447673051292 0.9552573908199117 0.9493672274877363 0.9481039374486099 0.9470700933890359 0.9461401906361098 0.9453926499006469 0.9448053561043747 0.9442726097409142 0.9358602453241087 0.9361112974717962 0.9363397083112048 0.936628836636252 0.9345456529117977 0.9349595460186908 0.9309578913500411 0.931551007140479 0.9244128899127091
430 1.0 0.9655174197553217 0.9555558024924576 0.953846366884226 0.9542858971604133 0.9484980309257335 0.9326601367405324 0.9395606056193376 0.9315070213466013 0.913894527078084 0.9028477827646794 0.8944367301046485 0.8868390771935557 0.8796994548873505 0.8881518390150624 0.8888890572556394 0.8909918297776209 0.8830813162728698 0.8766521454099423 0.8784020219249168 0.8720683350787944 0.8742016046587747 0.8662144005894883 0.8637682760081411 0.8573340930453371 0.856965848068898 0.8526750694677292 0.8531204077722239 0.8477121043187357 0.846682877269182 0.8432045605310353 0.8376911928379244 0.8349122437349397 0.8268976858409361 0.827957192098334 0.8231709457007249 0.8180171542882252 0.8090424783331637 0.8080810565793093 0.8088400247792399 0.8015810713886348 0.8017791536467548 0.8013718546782032 0.801044875054052 0.7912964656226852 0.7906055431869697 0.7840833176435998 0.7840205397160789 0.7815013179287501 0.7802664847542433 0.7789498635881256 0.7796781309113114 0.7774253834870433 0.7765011664316367
47 1.0 0.9905213449850294 0.9831223984795137 0.9775281403912519 0.973244209802429 0.9699700421212282 0.9677420135351917 0.9659368225464333 0.9645233681334764 0.9637097652270906 0.9597070556521362 0.9597990892577954 0.9569231763410735 0.9544809001960791 0.9550265621167784
50 1.0 0.9892473407358459 0.9822222696342443 0.9780220343813719 0.9755352280543576 0.9738220512107595 0.9681818905029353 0.9639279352369529 0.9641577831809348 0.9612278681887112 0.9590044764267541 0.9598394380814829 0.9580765315465576 0.9543900542128421
178 1.0 0.9718311049508966 0.946428762773553 0.9520959518228715 0.9514171220754739 0.9439253559382442 0.9327218771494831 0.9339624043391035 0.9314287020536296 0.9177216622076315 0.9229748903577366 0.9270240534529288 0.9168317984625025 0.9128921150681308 0.9121725476647502 0.9157458346030252 0.9131633234701966 0.9156994464817719 0.9125205132315936 0.9058362439108139 0.9018295957049207 0.8968319052748169 0.8923701351722082 0.8881025363103775 0.8843538584627528 0.8809388857438266 0.8787070735592779 0.8752807709493841 0.8731502554080486 0.8709104141480624 0.8676254021304464 0.8648487213047029 0.8631499615950349 0.8594261969324762 0.8577902894496219 0.8542226411792839 0.8518282185109348 0.8477723751712761 0.8446689447255856 0.8410615949865538 0.8379796799678257 0.8354380963520064 0.8317758093474337
52 1.0 0.9910714524895727 0.9837398836716251 0.9701493428466942 0.9589042362667339 0.9562501367319958 0.9541548723056844 0.9530027582306273 0.9476192097662794 0.9472524815586559 0.9470466083786107 0.9469694889031871 0.946902470026744 0.9470197030672671 0.9471227150002247 0.9476742876089876 0.9456520646160512 0.9413264626001423
56 1.0 0.9894737063733609 0.9803922049258728 0.9728507524487678 0.96638665349452 0.9610896152973578 0.956834672131944 0.9533334889039276 0.9504645649982291 0.9482760404452844 0.9363397420865037 0.9356437873953177 0.9348839481019677 0.9344980454445602 0.9232325869043512 0.9166669507850186 0.9076379671499336 0.9026848903518188 0.8830967543781483 0.8676474870656605 0.8289660598860757 0.8188781055306398 0.7905644690922824 0.7869571238770401 0.7702303900499439 0.776303911290704 0.7562668166784142 0.7401770485539806 0.7484668556984165
187 1.0 0.9666670000300027 0.9384622012425725 0.9154939100230022 0.8961051105811944 0.8850587925598014 0.8415858838906437 0.8407096563498152 0.7971033608116674 0.7804896789340485 0.7684228810548339 0.743121151592946 0.739912296831008 0.7674434831147084 0.7651021689614568 0.7966113186950409 0.7883020741228562 0.7851252693434838 0.7792505690385617 0.8077642539961761 0.8283938050832963 0.8475941126937652 0.8457452347467008 0.852874172075806 0.8672037136774638 0.8729879093865959 0.8753001489832587 0.8789177670402707 0.8756987233540893 0.8772932640169134 0.878301187950864 0.8777205684261467 0.8785005717926703 0.8742860403457299 0.873984047224118 0.8734372004965089 0.8736990919999811
60 1.0 0.9843751220815669 0.9746837205740029 0.9685865848160641 0.9644446498959014 0.961390170112617 0.9594596649208927 0.9578315285430781 0.9462368048563772 0.9466021750623722 0.9431074575637661 0.9366335308176067 0.9352513469366753 0.9371896706113426 0.936266706083711 0.9381149942012695 0.9396322348677988 0.9363522376885601 0.9380020433663049 0.9291843480989258 0.9139137806346007 0.9148532701219302 0.9084380060801218 0.9032257790652071 0.8935663344660878 0.897358498541179 0.8889680108446107 0.8781794589407202 0.8686040208586285 0.8506925087168302 0.8375001882285654 0.8410453626698138 0.836354411792426 0.8287403652010076 0.8318377062057793 0.8340138004417171 0.8367526986488382 0.8378834284126282 0.8257396177587452 0.8290798619570917 0.8310913785688772
74 1.0 0.9888268343703068 0.98086128065193 0.9753086927855487 0.9712230940498158 0.9684543382935435 0.9663866393698881 0.9652606321162336 0.9603525277130504 0.960630022019862 0.9538189425576313 0.9396826833095616 0.9330423684758736 0.9355706514297503 0.9283067462805105 0.9241381316089059 0.9050635315087687
203 1.0 0.9882353494862453 0.9782609759080348 0.9696971227571104 0.9627908880656585 0.9568967746941522 0.9518074805483574 0.9477614669450017 0.9446369655808199 0.9419357835872176 0.9397593446366146 0.9380284832672847 0.9368424210826343 0.9266507254601963 0.926605858126404 0.926247640501991 0.9260783778988385 0.9160309189808183 0.9069771602510861 0.9020274573548752 0.9038465853469335 0.899543822453653 0.878963059289823 0.8623487540641555 0.8244281957836685 0.8276705931358234 0.8333339892605441 0.8061124116695773 0.8040007056680288 0.787234770869641 0.7650049814627062 0.7486260647732897 0.7387395233832031 0.7462156024658236 0.7312050093492145 0.7271011835642901 0.7131106775069154 0.7120367243893903
76 1.0 0.9849624399377384 0.9767442401350829 0.9736842682420255 0.9656358096927017 0.9608939312206306 0.9591837475198809 0.9582543407492421 0.9578606841872449 0.9603400051421492 0.9506782480789416 0.947368496083112 0.9466930647948405
78 1.0 0.9883721403506732 0.9791667534805419 0.9639641100700204 0.9606300917764969 0.9583335069610838 0.9583334945591495 0.9531251953312191 0.9537038859057061 0.9502076548447815 0.9439254328080987 0.9455784164184569 0.9438379462852967 0.9454808112003946 0.9469497709990492 0.940959591163326 0.9405036095035313 0.9423078587439747 0.9381239254194975
79 1.0 0.9917355474362964 0.9841270093247273 0.9771863551633584 0.9709091543863745 0.9658703887137106 0.9614148902610125 0.9579580715961552 0.9553073874220174 0.9530027459586151 0.9509805363461745 0.9493089076152316 0.943601038972759 0.9428573178012151 0.9421967100086961 0.9417123845152204 0.941278248203323 0.9410803796374375 0.9409022056102789 0.9408285862017693 0.9407618199393931 0.9407808024465358 0.9407981236791674 0.9363527039585724 0.9343495553437599 0.9347583533971463 0.9352053795281661 0.9336789558033818 0.9342631446516826 0.9328861055358395 0.9316083353745053 0.9271760571430249 0.9279590437081885 0.9240299470865212 0.9249802694339687 0.9229586231020882
210 1.0 0.9915966492489805 0.9834025171770006 0.9754098864601903 0.967742013535192 0.9603175705574553 0.9531251464985674 0.9461540325623747 0.9393941689844406 0.9330857755130424 0.9270076189767058 0.9211473208556811 0.9154933743700995 0.910035069068833 0.9050852606060039 0.8936883081327283 0.8892514637371407 0.8849847238047286 0.8816206753343543 0.8787886502099747 0.876106998796053 0.8739263323737407 0.8722230741535879 0.8706208180062078 0.8694525834392398 0.8683553303193817 0.8673227801802674 0.8669842892734907 0.8666675862925172 0.8625286612057 0.8629559712735555 0.8636372934750739 0.8642723782835646 0.8648657780252484 0.8661718993110512 0.8673843919835529
83 1.0 0.9918699319201321 0.9847328535661705 0.9788732840749905 0.9741936066654256 0.9701493250236665 0.9667590856504567 0.9640103753039176 0.9617225887783809 0.9597316517379206 0.9580713931082602 0.9567781149640286 0.9556378309610137 0.9512196481818265 0.9507390537799404 0.9503877353659029 0.9472142233181906 0.9471489648298215 0.9470900940766066 0.9470367169367916 0.9447780636532483 0.9427263888549987 0.940789636009555 0.9411147771996753 0.9357431460952379 0.9345526306746503 0.9335181835794549 0.9309124953793111
340 1.0 0.9842520057076438 0.9727891896966849 0.954802387576646 0.9532711590659281 0.9457365813495812 0.9405942162685808 0.943181963469736 0.9452737679893165 0.9360342651798406 0.9370371769684146 0.9416532834008385 0.9453238511572142 0.9412517089798849 0.942462706638523
88 1.0 0.9902439167176473 0.9819820144500677 0.9758065003949985 0.9635037295618695 0.9536424915678847 0.9513678994211895 0.949579959054832 0.948586250434168 0.9479906789975758 0.9481642812291216 0.9487180802232009 0.9493672168046756 0.9503312491896974 0.948091729864944 0.9463278125026047 0.9448820199767539 0.9460123958119103
89 1.0 0.9885714546964304 0.9714286530691554 0.9695818300184352 0.9684543382935435 0.9680851827824684 0.9679634600451805
92 1.0 0.9908257049086471 0.9834711085341828 0.9774436599066073 0.9727891804404035 0.9691358786844642 0.9665739092741884 0.964646562860278 0.9584296764188849 0.9575372722018402 0.9572816695371722 0.9572193657350607 0.9540231093109723 0.9484849811883189 0.9491526716586788 0.9497355893727766
225 1.0 0.9838710067675958 0.9705883218077047 0.9627330350021492 0.9569893860696197 0.9526067923154656 0.9491527147537984 0.9465650690696469 0.9463089050216934 0.9349114544513625 0.9360002048198264 0.9284011768204744 0.9311830029106045 0.9298247802954785 0.9326243285254209 0.9347473474591175 0.9341319337564483 0.9210886608576674 0.90703543284234 0.8878721486497153 0.8785343366981655 0.8652754619023072 0.8704528277341044 0.8618424120582194 0.854406442684085 0.8596240283147837 0.8645693613765726 0.8677902850882081 0.8600975959443218 0.8561567748734832 0.8577683170875727 0.8471013520773646 0.8428293545534901
353 1.0 0.9807692862479913 0.9682540690447805 0.9594595964339799 0.9529413425765781 0.9396987045986349 0.9375002232358123 0.920948897838369 0.9219860922755674 0.9228298549699331 0.9241985159500817 0.9160107852936977 0.9095241111402673 0.8997824626172987 0.8856019389648974 0.8681322787500835 0.870528506085172 0.8449371750772664 0.8369728181760884 0.8191219378319377 0.8186220280665752 0.798024703610035 0.8082479367064197 0.8102618706139264 0.8029202115680638 0.7987312635881342 0.8066728657308891 0.8129036935939986 0.8080735828072806 0.807055894009524 0.8022716582121554 0.7979674124426774 0.7903420228764427 0.776567208056678 0.7632781485245282 0.762251784236179 0.7527885636359807 0.7583597819099274 0.7523569152549124 0.7596712072087036 0.7578001091075892
355 1.0 0.9801980786254507 0.9674797805641359 0.9586208323562276 0.942528933828094 0.9296484886984074 0.9122810095710994 0.9143971869659022 0.9160842095251154 0.9182392765590894 0.8991600028574189 0.8936712360537143 0.8894012784647359 0.8755190596267309 0.861804647091512 0.8647690923763952 0.8418456090714562 0.8368584743200886 0.8295969220332435 0.833333811521857 0.8314470073631064 0.8225811153274724 0.8220343508053762 0.8060140494795145 0.7974030535106007 0.7982248142433326 0.8093801314591631 0.8181821927019717 0.8071201156618276 0.7949025701633776 0.784027385366413 0.778491562895101 0.7623163189314757 0.760000437511305 0.7683810871645076 0.7613137081041441 0.7569860890260794 0.7513773381227834 0.7454014892043613 0.7437596480653003 0.7485959558598456
103 1.0 0.989473700832661 0.9806763658465059 0.9743590291528531 0.9701493205679066 0.9669967868158782 0.9647059757876428 0.9630607834905298 0.961722588778381 0.9608696758141496 0.9604744176706509 0.9602889161959981 0.9601329963348592 0.9571210917326712 0.9546743365359119
108 1.0 0.9926740007253464 0.9857143061244608 0.9791667028392025 0.9730640274855211 0.9673203362027856 0.9620254126035066 0.9573171902999099 0.9530793164967036 0.9495799873040913 0.9407010004472128 0.9331621771153198 0.9310347205937121 0.9290782657050606 0.9234236994016537 0.9222465058189186 0.9214878953221525 0.9206352198574659 0.908571776904254 0.9049363796226101 0.9022691361769684 0.9030104065190208 0.9036921848505172 0.9044687809737018 0.9023672394534974 0.9032720642838483 0.9012349472836824 0.8893284861389832 0.8881833995976489 0.885086010108797 0.8866592239985316 0.8881282753580058 0.8896251383135335 0.8912584015284205 0.8825956979379587 0.8824705526916793 0.8741663281370599 0.8696056093562753 0.8701072238639398 0.8710236705553206 0.8702167596872922 0.866345068255785 0.8685450535677709 0.8707228758975208 0.8701111421022154
109 1.0 0.989247329172709 0.9802956053327396 0.9742489823038479 0.9700375205216692 0.9673203362027859 0.9653179992727613 0.9646465450032616 0.960000088897581 0.9603175469346504 0.9572193428554773 0.9578607046783835
111 1.0 0.9866667022256833 0.9767442536571865 0.9696970615332398 0.9646018795626657 0.9612404452987906 0.959044508394497 0.9575758990035704 0.945504265398969 0.9458129814043575 0.9461885097390598 0.9467214861765316 0.940298719111526 0.9417810213178122 0.9369087263484625 0.9386863283263769 0.9322495336607817 0.9196991125990017 0.922626252583487 0.9254388090772859 0.9241805376362934 0.9249280175385697 0.9185522499747495 0.9168789222970081 0.9199361474962094
112 1.0 0.987013012314844 0.9768786661818409 0.9690722446671353 0.9627908015244274 0.9578060318089943 0.953846295871754 0.9508773481221341 0.948718113099409 0.9467457354602058 0.945504265398969 0.9443039807900409 0.9120373221297796 0.9053766493531626 0.8960003328322175 0.8882685101723063 0.8698634148446568 0.8638577936727085 0.8689028387508294 0.8316695485439389 0.8066163174130422 0.8064521448083494 0.7864929329719056 0.7921816045246401 0.7740118527570132 0.762712435986173 0.7707985074943674 0.7546880558404605 0.7628640652341209 0.7617280258503317 0.7552453030023515 0.7470204204742422 0.7547654598988729 0.7420123686668721 0.7289828405748602 0.7344005241687143 0.7296753325059127
125 1.0 0.9870130544843863 0.9751554183997496 0.9651164819012025 0.9562844158030156 0.948718264329422 0.9420293496105435 0.9366519850501838 0.9265310620997078 0.9194143917577594 0.9191923817733663 0.9133131766312301 0.9080464791067893 0.8994714314212827 0.8916261763738678 0.8940097539213397 0.8927039860862337 0.8875503863016733 0.8905662178882255 0.8902656960023105 0.8632753739187567 0.8493356973206019 0.8461542550148506 0.8257482120525464 0.8228787235578924 0.8097453201136603 0.8173822414407916 0.8117895516321654 0.8000005385134247 0.777972610116627 0.7814851327163348 0.7891379110231856 0.7954204130841355 0.7836682069062421 0.7754826981892748 0.7811676872450731 0.7749689792968574 0.7586011843947995 0.7422628814558511 0.7353422285134289 0.7424720616666348
119 1.0 0.9726028898621923 0.9393942455142206 0.9420292375792467 0.920000320030723 0.9013456454321831 0.9047622187640126 0.8834359404163101 0.8701302412234326 0.8669626600017157 0.8613141976452072 0.8501532489183575 0.8441218618625684 0.8357239625778277 0.8466822379857805 0.8603241552739339 0.856128167450877 0.8672002443759885 0.8600291024269482 0.866225387066211 0.8569573289649792 0.8637443018685476 0.8628843957890177 0.859535543843738 0.8601885698061992 0.8604652796054237 0.8639457303819242 0.8558141162950784 0.8554305979473245 0.8470390823597196 0.8492977309322388 0.8457400672867567 0.8418397663146027 0.841176637952966 0.8379748749427494 0.8318291432731382 0.8298982996312538 0.8280055723633359 0.8257886257704032 0.8186690437674988 0.8140263568089394 0.8119276414687701 0.8089789005118182 0.8066299565533895 0.8026078192123043 0.7985956772091407 0.7953217243718095 0.7928678468414398 0.7896097390773296 0.7869806174530954 0.7862975898442276
249 1.0 0.9682541194399467 0.9777778271653229 0.968254018649454 0.9610390285105933 0.9607202273740612 0.9611399819541937 0.9568501423871941 0.9537893645383682 0.9518846038912887 0.9481430372086386 0.9429635070683645 0.9406495791662315 0.9352227573065143 0.9292605444028177 0.9243062351152243 0.9189503092547935 0.9149392802820645 0.9102310667189024 0.907378867544152 0.9050360202522499 0.9008354073505932 0.8967873118742623 0.8926014970359644 0.8885394061435341 0.8841881176666015 0.880300325879232 0.8768994688665293 0.8735192949825947 0.8697998990953368 0.8662452929755085 0.86354969576586 0.8593272824088061 0.8559061579370695 0.8521653983369251
122 1.0 0.9877300989911906 0.9776537061961855 0.9693878644420305 0.962963100150385 0.9576272802511091 0.9536681325733635 0.9440561592460814 0.9303800112415876 0.9308359940121036 0.9261216449605302 0.9128332464000158 0.9159295011642712 0.907630837436306 0.901099227178012 0.8996658706587137 0.8932930082855591 0.8991599604835594 0.88607628107691 0.8824915182709302 0.8655286405677918 0.8525077517386419 0.852806253415698
379 1.0 0.9780220504840028 0.9692308639145024 0.9438203825427979 0.9192827284089979 0.9267401146045735 0.9226192318773976 0.9128442366157792 0.9214287257804377 0.9139169344476467 0.9046485386999965 0.9133065739747332 0.9165944107974469 0.9157734956484234 0.9095746063824494 0.902206460779943 0.8966075705476149 0.8939476570774849 0.8910698204813023 0.8908436200579274 0.8845362205684311 0.8792773403322566 0.8776539688055522 0.8745364002087371 0.871827553505214 0.8702122403553879 0.8678572883859943 0.8649861608180162 0.8641812546592527 0.8596581206599603
124 1.0 0.988505766946062 0.9810426899700587 0.9762838506368015 0.9730633630893253 0.971013997011304 0.9649995962107314 0.9647573618400733 0.964774649271103 0.9647884670441448 0.9616611142077927 0.9621540910327634
253 1.0 0.9764706712882889 0.9714286530691553 0.9607844098517454 0.9618321484847375 0.9470589325366278 0.9382423976508858 0.9430895350092294 0.9343697161258162 0.9251498238674077 0.9128138766628956 0.9036429204191916 0.8926317371901077 0.8973385494368613 0.8946461596498322 0.8943219749380801 0.8885675115034796 0.8791860396013915 0.8698299133400256 0.8626562553566514 0.8706258242787596 0.8652800093679291 0.8645641722274677 0.864010584319691 0.857897069485293 0.8605366104052171 0.8531647767285692 0.8464131559960747 0.8418369584182093 0.8371317972379391 0.8296641431278572 0.823740202493062 0.8167458494600792 0.815346103998971 0.8112670850550655 0.8066982950153028 0.802348090375441 0.8002131711499607 0.7959929105346556 0.7926331783827271 0.7903439559151125 0.7893791085955509 0.787601620487805 0.7837660538432766 0.7825083980637355 0.7792038405891064 0.7744172980130607 0.7715992861627522
