0 1.0 0.992063492063492 0.9850931677018633 0.9789964994165693 0.9741100323624594 0.9699097291875626 0.9665427509293679 0.9638242894056845 0.9618441971383146 0.9556213017751477 0.9502074688796678 0.941897998708844 0.9343863912515185 0.931153184165232 0.9219934994582878 0.9188988095238093 0.9122744959320832 0.9119837508463098 0.9080906148867309 0.9043478260869561 0.9062686567164174 0.9064830751577734 0.9082619508151417 0.9099866844207718 0.9030117406840218 0.9036618333742928 0.9029126213592227 0.9048925468678549 0.903147699757869
257 1.0 0.9434523809523812 0.9036755386565276 0.9031877213695398 0.9049676025917929 0.88135593220339 0.8869863013698632 0.8919342208300707 0.897216274089936 0.9159809441316591 0.9179991799918001 0.9198131568703778 0.8849334771664873 0.881486226777707 0.882531032394793 0.885386819484241 0.8879521348925757 0.8904392764857884 0.8927693064436795
130 1.0 0.961693548387097 0.9314697926059516 0.9083969465648859 0.9058295964125564 0.9035792549306066 0.9022662889518418 0.9012345679012349 0.9004644990046453 0.89974293059126 0.8992537313432838 0.8993409227082088 0.9017608897126972 0.9021543985637345 0.8890333766796709 0.8901927912824814 0.879227053140097 0.8785519657454265 0.8803161460293567 0.8778625954198475 0.8797891036906855 0.8796736913664175 0.8814229249011859 0.8830670926517572 0.8812248685431489 0.8792792792792793 0.8613286916158981 0.8602816901408452 0.8572978838849704 0.8542976939203356 0.856815286624204 0.8594059405940596 0.8618531889290014 0.8641686182669791 0.8578983674407911 0.8611375309111665 0.8631461509854971 0.8639752682305881
131 1.0 0.9644859813084112 0.9327433628318585 0.9085805934242183 0.8900939985538685 0.8880226789510985 0.88697450034459 0.8646112600536193 0.8292383292383293 0.8303464755077659 0.831981460023175 0.8335208098987626 0.8352427714129841 0.8368644067796609 0.8386433710174717 0.8245264207377865 0.8268021286889211 0.8138222849083215 0.8170232134729175 0.820026466696074 0.8228498074454428 0.8398601398601399 0.8501032753024491 0.8569979716024343 0.8583146905294557 0.8661774228361755 0.8674009743698372 0.8674974039460025 0.8688123854145452 0.8700779532280637 0.8713725490196085 0.8714643063305761 0.871552701171138 0.8727508810981275 0.8739067055393597 0.8774988005757248 0.87759597230963 0.8798151001540847 0.8807453416149084 0.8816487552713932
128 1.0 0.9574468085106385 0.9186295503211995 0.9165818921668365 0.9133425034387899 0.9132149901380674 0.9134253450439148 0.9136172765446912 0.9148211243611585 0.9160387513455329 0.9171355498721229 0.9156976744186046 0.9170506912442395 0.9183852566915313 0.9195979899497486 0.9207048458149779 0.9141734663040193 0.9153037383177569 0.9101880437833285 0.9098805646036915 0.9095926412614979 0.9092531226102472 0.9104182133135362 0.9115809706871696 0.910002331545815 0.9098731884057975 0.9071711394632651 0.9060230670653576 0.9049398090493992 0.9039160274525649 0.8997061704211574 0.8999044890162387 0.899144026795685
389 1.0 0.9426847662141781 0.9379407616361073 0.9365482233502538 0.8938480096501811 0.8551724137931036 0.8199780461031836 0.7878151260504205 0.8005752636625123 0.8132635253054105 0.8255352894528154 0.8046934140802423 0.8180565127498277 0.825426944971537 0.8357600465928945 0.8411858125992588 0.8282520325203251 0.8163165608207131 0.8256179775280896 0.8362427265170406 0.8455598455598452 0.8517985611510788 0.8553649512277157 0.8570078740157476 0.8588304784406374 0.8553355335533548 0.8624612202688723 0.8598695337037925 0.8547932330827062 0.8566688785666886 0.8621265928556507
6 1.0 0.9382113821138214 0.908101571946796 0.8686635944700465 0.8327832783278333 0.8400809716599195 0.8830341632889409 0.8863387978142081 0.8698412698412703 0.8938687701685196 0.890095426127016 0.8693018807778138 0.8497681607418863 0.8728893058161357 0.8746038931643286 0.8533157663592456 0.8573846804909024 0.8581012400894503 0.8598551575650827 0.8626415094339638
260 1.0 0.9399684044233809 0.9346210995542349 0.9318801089918257 0.9175597691673538 0.9173811379579112 0.9131714495952907 0.912996777658432 0.9104938271604939 0.908193484698914 0.9062055897678825 0.90450204638472 0.9031836022677712 0.8891582958087978 0.8769670958512158 0.8736080178173716 0.8707409410492155 0.872362869198312 0.8739063304168807 0.8701298701298698 0.8667635658914724 0.8609675904180363 0.8564899451553928 0.8456790123456795 0.8277185501066119 0.8149377593361028 0.818475843945829 0.8102274936807351 0.8062088428974645 0.7910180712113138 0.7788412237224476 0.7785145888594237 0.7833736884584414 0.7841816758026697 0.7737488762361484 0.7786538180756395 0.7721980642446432 0.7770482834085709 0.7661079099004809 0.7695157787147149 0.7642839475637002 0.7659394962034569 0.7735721527543183 0.7699134436288034
136 1.0 0.9312839059674505 0.9272727272727275 0.9341238471673253 0.9396551724137929 0.9388489208633093 0.9384141647421093 0.9394338380513494
137 1.0 0.986013986013986 0.9509803921568631 0.9497307001795335 0.9438480594549961 0.9393939393939396 0.9396914446002806 0.9402985074626866 0.9413524835427888 0.9424460431654677 0.9372104992279978 0.9324650265315965 0.9311905839746487 0.9232715008431698 0.9129420909444222 0.9073668854850467 0.8965753424657528 0.9006772009029338 0.8902032150439786 0.8916761687571257 0.8851006711409387 0.8874589957103196 0.8801778609875957 0.8704629428385137 0.8747450020399843 0.8734951270781589 0.874483006653481 0.8762536121026704 0.877958460795365 0.8811638591117937 0.8792902850494497
5 1.0 0.9567690557451651 0.9206680584551151 0.9170879676440852 0.9139784946236561 0.9113207547169812 0.9088422971741112 0.9084628670120898 0.9087947882736156 0.9090909090909091 0.9093567251461987 0.9105299380591878 0.9115734720416123 0.9125077017868144 0.9138031450203842 0.9149641082274984 0.9160104986876638 0.9114868224763796 0.9102503542749171 0.9117117117117114 0.9130434782608693 0.9143680526965826 0.9133175728920406 0.9099848714069588 0.9033613445378149 0.9048903878583471 0.9064935064935062 0.899815611555009 0.8949852507374628 0.8905275099262616 0.8864008738394314 0.8784067085953872 0.8807106598984765 0.8829604130808943 0.8812069375148485 0.8746569075937782 0.8756108396268325 0.8727076591154265 0.8750262109456913
11 1.0 0.9629268292682928 0.9345391903531439 0.9310344827586208 0.9143468950749465 0.9129232895646164 0.8911745189117452 0.8915816326530612 0.8722358722358722 0.8542654028436019 0.8357432041642567 0.8180790960451977 0.8226068144943213 0.8464713165497318 0.8373661245537487 0.8513556618819779 0.8535525907539562 0.8557634278817141 0.858106127235415 0.8604386214753632 0.8439911797133409 0.8583466180824416 0.8602581219403653 0.8537549407114629 0.8558867681749951 0.858010471204189 0.8530679253026889 0.8552526062550126 0.857338820301784 0.8589294647323672 0.8598268256820792 0.858699134892664
140 1.0 0.9548693586698339 0.9222903885480577 0.9186991869918704 0.8971354166666672 0.8984520123839014 0.9059340659340664 0.9097291875626885 0.9107950872656759 0.9100842959725262 0.901242047864284 0.9028103044496492 0.8969359331476328 0.8986796011856646 0.8974225462119244 0.9014529374605188 0.9004506349856626 0.9007572738142697 0.9022118742724109 0.903700906344412 0.903065907839179
15 1.0 0.9891891891891892 0.9805194805194805 0.9737609329446063 0.9507545671167594 0.9491778774289986 0.9482155353393982 0.9475753604193972 0.9437308868501528 0.9401611047180667 0.9402498642042367 0.94126582278481 0.9364326375711574 0.9376114081996433 0.9363217427733554 0.9353821907013394 0.928174750092558 0.9218695500523192 0.9219576719576716 0.9132605304212165 0.8992974238875873 0.9023709902370984 0.9041059602649001 0.8965169106511857 0.8985088985088979 0.9003444316877148 0.8881692573402425 0.881314168377825 0.8699123661149003 0.8580524344569324 0.8523562085647775 0.8558869160489612
16 1.0 0.9908675799086758 0.9830028328611897 0.9768041237113401 0.9716312056737587 0.9675675675675675 0.9584158415841582 0.9565217391304346 0.9500416319733552 0.9447852760736193 0.9445628997867801 0.9450261780104708 0.9425287356321838 0.9430355052672648 0.9435573709617525 0.9377872039589961 0.9331550802139037 0.9345200254291163 0.9358159249167423 0.9371214306316699 0.9367436743674366 0.9290187891440499 0.9275181204698822 0.9195621132793912 0.9132420091324212
145 1.0 0.9577308120133483 0.9531416400425986 0.9495459132189707 0.9467680608365019 0.9447415329768271 0.9429530201342281 0.9419152276295132 0.9410029498525072 0.9403192227619707 0.9398299542184433 0.9396179913739986 0.9396401625072547 0.9395604395604394 0.933541017653167 0.9337617399901135 0.9341486359360299 0.9096491228070172 0.9112599413980742 0.9127301841473175 0.9056316590563162 0.9074006562158217 0.9028311779098213 0.9006377979187642 0.8949403802771506 0.8817039534171002 0.8667845564397282 0.869886363636363 0.8715496037168619 0.8745718050065869 0.8774783934926277 0.8802747791952888 0.8852105778648386
401 1.0 0.9844961240310078 0.9745762711864409 0.9371534195933459 0.9319727891156464 0.9249617151607964 0.918881118881119 0.9002525252525252 0.8922018348623851 0.8862212943632565 0.8691875319366373 0.8560148629818853 0.8450762257931598 0.8421444527177954 0.8368172623061355 0.8277571251548939 0.8163207278930897 0.8089598352214201 0.8017383133662193 0.8105078039129469 0.7997537956503905 0.7935682649720796 0.7884139879901126 0.7931604163224882
19 1.0 0.9909090909090909 0.9833564493758667 0.9772439949431099 0.9721254355400696 0.9442119944211995 0.9390728476821192 0.9346733668341708 0.9307048984468338 0.9273552780930759 0.9242014076881427 0.921689850592478 0.9140205178309719 0.9152305542617605 0.9135472370766488 0.9056444818871101 0.9004815409309789 0.8937308868501526 0.8895391367959031 0.8769868693849339 0.8604497354497349 0.8644282546721566 0.8363032316520681 0.8417099942229918 0.8337889557135038 0.8389296956977956 0.8436712052445781 0.8226415094339612 0.8258312598959501 0.8112321161648515 0.806797116374872 0.8105054509415272 0.7960254968129008
148 1.0 0.9538834951456313 0.9495990836197022 0.9461206896551725 0.9433771486349848 0.9416195856873825 0.9404031551270816 0.9402261712439419 0.93993993993994 0.9403192227619709 0.9406451612903225 0.9411411411411411 0.9417693169092944 0.9423177766124803 0.942800788954635 0.9433085501858735 0.9438350153576128 0.9418845994188458 0.9424290220820187 0.9386915887850465 0.9372549019607841 0.9360761645698737 0.9350016249593756 0.9359452736318404 0.9317507418397621 0.9281654921573088
144 1.0 0.9404388714733545 0.9396433470507546 0.9399038461538463 0.9408658922914467 0.9368616527390898 0.9388429752066114 0.940564635958395 0.9420875420875419 0.9437652811735939 0.9451594851706768 0.946419371458011 0.9448669201520911 0.9296523517382411 0.9319051262433051 0.9339554917444363 0.9320551631348803 0.9265822784810124 0.925306244397968 0.9276836158192088 0.9283805451630142
22 1.0 0.9379084967320264 0.9318885448916411 0.9283667621776505 0.9259259259259259 0.9241126070991432 0.9162895927601808 0.9161425576519915 0.9169884169884169 0.9123434704830052 0.9148239148239147 0.908270676691729 0.8936170212765955 0.8902589395807642 0.8852924474730263 0.8694516971279368 0.8695228821811094 0.8748858447488578 0.880392994446817 0.8833865814696479 0.8707782672540374 0.868863483523873 0.8615676359039184 0.8639212175470001 0.869417750141322 0.874463519313304 0.8760520275439931 0.8806694154741685
278 1.0 0.8762214983713353 0.8709677419354838 0.8809523809523809 0.8897637795275591 0.8970099667774085 0.8954802259887004 0.8951219512195119 0.9006479481641465 0.9058597502401534 0.9104991394148018 0.915449654112221 0.8998628257887512 0.9053549190535487 0.9079169006176301 0.9047619047619042 0.9075785582255078 0.9078613693998304 0.9099099099099094 0.9143375680580756 0.9168900804289539 0.9186228482003125 0.9073537927041105 0.9119870410367165 0.9074213836477981 0.8979303857008467 0.8829763744756031 0.8778467908902713 0.8617870352345761 0.8494585478430724 0.8418817379941251 0.8457019171304941 0.8415670459455629 0.8362541073384514 0.8293604272502352 0.8190381755081886 0.8141212050715453 0.8081172738212542 0.8016979352269252 0.8022553362867598 0.7946930079411301 0.7977109891132513 0.8001252572246682 0.8020536715851342 0.8033661056490689 0.7977384933906781
153 1.0 0.9307832422586523 0.8752052545155996 0.8343023255813956 0.8018252933507176 0.7648514851485154 0.767820773930754 0.7772194304857625 0.7352941176470591 0.7303051809794182 0.7363387978142077 0.7182724252491695 0.7011642949547219 0.6849401386263391 0.6929611650485437 0.7014577259475219 0.6618044300378173 0.6710046850598645 0.7231777231777233 0.729472431574772 0.7189695550351289 0.7087975412985018 0.7157738095238096 0.7226224783861672 0.729616724738676 0.7341430499325236 0.7349869451697127 0.7279129321382842 0.7333745746984225 0.742832812943514 0.7493128092358438 0.7417776569720033 0.7452631578947367 0.7406548079401907 0.7362304194037391 0.7319791924696555 0.7692151693368485 0.7718571146635093 0.7614714424007748 0.7658573310747229 0.7659963436928711 0.7693264617025068 0.7746673578710916 0.7747899159663881 0.7790488641934973 0.7823323800444886 0.7790679428840438 0.7804878048780506 0.7780415430267081 0.7820179242555672 0.7845591337364667 0.7877293892084382 0.7908775673512959 0.7875241157556297 0.7891437883916289 0.7916463116756258 0.7888007576654469 0.7856077126133405 0.7803141597920711 0.776462853385935 0.7780865847140616 0.7768543527945201 0.7743134420813598
29 1.0 0.9595744680851066 0.9240000000000005 0.8943466172381841 0.8708581138487685 0.8531684698608969 0.8537313432835825 0.8548850574712648 0.8565517241379313 0.8430121250797705 0.8595641646489107 0.8613583138173305 0.871375464684015 0.8728782954135068 0.8742977528089889 0.8758949880668259 0.8775239986759353 0.8792937399678974 0.8814032909034463 0.8833784189960927 0.8853317811408615 0.8790593505039195 0.8812042310821807 0.8832193582325093 0.8851161603267806 0.8807137619164019 0.882716049382716 0.8846065081929377
416 1.0 0.9383753501400561 0.9314565483476133 0.9284963196635119 0.9261992619926197 0.9232576350822237 0.9099462365591393 0.9020895522388055 0.8893528183716067 0.8820798514391821 0.8733031674208136 0.8828795225662057 0.8715797154323232 0.8607640128525519 0.859099804305283 0.8505564387917322 0.8440736478711154 0.8397285304098138 0.8372037347378493 0.8402611534276386 0.8498102656281208 0.8425806451612917 0.8365532569670053 0.8281197443659634 0.836450765187822 0.8336201950659822 0.828761651131829 0.8354195067542495 0.8332716734492589 0.8316367379618036 0.8327809259061321 0.8292397660818773 0.8183528428093713 0.8128425188708581 0.8158987733024318 0.8164129357715597 0.8131159290449819 0.8093461265103138 0.8045298316735786 0.8003147403392289 0.7909473503392691 0.7893116716545627 0.780902660828572 0.7845911949685637 0.7766568368772419 0.7752878448342586 0.7725453985841908 0.7666539488744869 0.7663444706598791 0.7595184349134808 0.7619621464521281
33 1.0 0.9425981873111785 0.9433719433719435 0.9443207126948776 0.9458413926499032 0.9479429051217463 0.9229765013054828 0.9269729093050646 0.930851063829787 0.9340126152353224 0.9341637010676154 0.934773746432939 0.9352165725047078
163 1.0 0.9545997610513741 0.9187165775401073 0.8854271356783925 0.8559241706161144 0.878260869565218 0.8814553990610334 0.8845086063298173 0.8877818563188258 0.8908730158730161 0.8745746232377252 0.8784530386740335 0.8819414079580239 0.8833264377327268 0.8824911868390131 0.8838421444527179 0.8873139617292702 0.8906882591093119 0.8740554156171287 0.8761647129546141
297 1.0 0.9377652050919378 0.9382716049382716 0.9340425531914893 0.9245994344957587 0.9290429042904289 0.9010375099760572 0.8995247793618462 0.8937313432835816 0.8890041493775929 0.8934802571166204 0.8877049180327864 0.8806965542793621 0.8760469011725286 0.8697364435019683 0.8664090532707693 0.8589951377633704 0.865805168986083 0.8708495534692001 0.8635502210991792 0.8610894941634254 0.8576086956521759 0.8520630660852092 0.8579937304075265 0.8539571491036329 0.8509601605044462 0.8420979216069227 0.8379720371096349 0.8395303326810225 0.8360395140229419 0.831019265956308 0.8265461561897093 0.8236712645895703 0.8200943054044328 0.821477900552494 0.8162590879048333 0.8184112960479693 0.8110174781523186 0.8106429159494141 0.8101148441401049 0.8033366322635472 0.8004643636107889 0.799081205242545 0.7957009945460486 0.7918138628334865 0.7902471609886552 0.788647202512516 0.7830723092302684 0.7795593310326642 0.7779365970697951
41 1.0 0.9929328621908127 0.9865921787709496 0.9812889812889812 0.9768115942028984 0.9729241877256316 0.9698239731768649 0.9672131147540982 0.9650909090909089 0.9633152173913042 0.961759082217973 0.9568603954463748 0.9559072922555113 0.9551282051282048 0.9544303797468352 0.9538683325324361 0.9534246575342463 0.9530230535015222 0.9399744572158364 0.9333537144604095 0.9321933962264148 0.9311130088243664 0.9269832555586053 0.9246684350132622 0.9240441365152677 0.9236300520704186 0.9245736247898148 0.9188687992582293 0.9173033707865174 0.9171391190580033 0.9170370370370378
430 1.0 0.974025974025974 0.9671232876712328 0.9557522123893805 0.9558707643814026 0.9564300773014757 0.9542079207920791 0.9463601532567048 0.949193942354665 0.9440559440559437 0.9326999208234358 0.9243667499108094 0.9170389278876829 0.9082831756950409 0.9000517866390465 0.9035974606160354 0.9019481909655324 0.9017488701120072 0.8939531505356837 0.8873714382060387 0.8890971571383971 0.8838616714697441 0.8819286763723828 0.8730630965662621 0.8754908754908802 0.8740157480315012 0.8714442559137694 0.86928104575164 0.8666093682853523 0.8649944080524111 0.8608668092861174 0.8590564072034601 0.8570526758785233
47 1.0 0.96140350877193 0.9436788496105455 0.9432785025524676 0.9430107526881722 0.9431183341797869 0.9433781190019195 0.943764172335601 0.9419051687313115 0.942672587807832 0.9434250764525994 0.9444043321299639 0.9316969050160085 0.9315436241610738 0.9333756345177665 0.9333333333333333 0.9332953249714937
50 1.0 0.9326241134751775 0.9335664335664337 0.9356357927786499 0.9375886524822694 0.93849938499385 0.9377401998462721 0.9374775422206252 0.9393326592517696 0.9392405063291139 0.9374255065554231 0.9375 0.9376664890783164 0.9364438839848674 0.9339080459770117 0.931709537901207
178 1.0 0.932515337423313 0.9340369393139843 0.9311111111111111 0.9317343173431734 0.9305660377358489 0.9267676767676765 0.926082365364308 0.9259927797833931 0.9170579029733955 0.9217154526889036 0.913587604290822 0.9161996263677604 0.9127548601232817 0.9163644122039691 0.9124604209349988 0.9141659681475292 0.9112327101383214 0.9072737368128848 0.9049665108050079 0.900287852619463 0.895639288738362 0.8930712530712581 0.8902450215655738 0.8889175479322556 0.8872259525928381 0.8846564071308913 0.8819209446324493 0.8778895838999251 0.8764713491139636 0.8734566005282951 0.87264035302771
52 1.0 0.9487776484284053 0.9175879396984928 0.8862559241706164 0.8582959641255609 0.8616033755274263 0.8828828828828831 0.8850080601826976 0.8838643371017472 0.8831615120274914 0.8859813084112148 0.8987254564243886 0.9002991026919243 0.8912133891213391 0.8934324659231724 0.8921977367480644 0.8944045911047346 0.8965421853388659 0.8985313751668892 0.8917659243915071 0.8939469734867436 0.8959845186260281
56 1.0 0.951959544879899 0.9478054567022539 0.9446902654867257 0.9425051334702259 0.9406130268199232 0.927025355596784 0.9232132309509744 0.9199999999999998 0.9173376274825548 0.9147843942505129 0.9128305582761995 0.9059590316573554 0.9074733096085406 0.9061833688699357 0.8989898989898986 0.9006982156710625 0.8961424332344209 0.8900709219858151 0.8863172226004079 0.8735332464146017 0.8630731102850054 0.8373743347131866 0.8295136948015641 0.8089304257528546 0.805168986083498 0.7918805412972457 0.79669347631814 0.7994417006656633 0.7856854023453301
187 1.0 0.8774193548387096 0.8046272493573263 0.7564102564102563 0.7565922920892494 0.7041198501872659 0.7112676056338026 0.7190082644628099 0.7258566978193146 0.736613603473227 0.734042553191489 0.7447335811648076 0.7359307359307357 0.7308447937131625 0.7327354260089679 0.8017391304347823 0.7991218441273322 0.7911688311688306 0.8008784773060023 0.7998171846435093 0.8130526315789467 0.8275862068965512 0.817069024141448 0.8148606811145505 0.8229433532593219 0.8320839580209889 0.8375376070354078 0.8455267110062216 0.8453674121405749 0.8509681204772152 0.857194767441861 0.8595419847328254 0.855038500167393
60 1.0 0.932862190812721 0.8821705426356593 0.8503937007874021 0.8326271186440681 0.8220264317180619 0.8218262806236081 0.7997118155619597 0.802366040361865 0.7849031396125584 0.76592977893368 0.7479417352754907 0.7429245283018866 0.7922977066205107 0.7991735537190083 0.8029007065823727 0.8270522933099621 0.8191214470284238 0.8223083310268475 0.8247118734923613 0.8271028037383178 0.8278379058645858 0.8302439024390242 0.830148619957537 0.826742857142857 0.8280903854674345 0.8299057412167954 0.8252387726071947 0.8222135771250746 0.8255134727718125 0.8288008760722777 0.828822495606329 0.8279679781979244 0.8299702282500853 0.8264973958333359 0.8231336110221108 0.8262494161606752 0.8265476010292142 0.8235551026350302 0.8223544411389752 0.8182068585594311 0.8131707963429224 0.809377401998468 0.8027579413937513 0.7968031000242249 0.7923689138576844
74 1.0 0.9564356435643566 0.9538319482917822 0.953020134228188 0.9527798933739529 0.9489302967563837 0.9496221662468514 0.950317735413056 0.9480932203389829 0.944203944203944 0.9460176991150441 0.9427168576104744 0.9400151860288533 0.9299229152067271 0.9267015706806279 0.9123602296766391 0.9158373613875458 0.9093347639484974
203 1.0 0.9416282642089095 0.8958904109589045 0.8858858858858862 0.8799392097264441 0.8801169590643279 0.8810356892932123 0.8778523489932888 0.8794871794871797 0.8773006134969327 0.8788235294117648 0.8806306306306307 0.8826695371367062 0.8845360824742268 0.8922108575924469 0.8915022761760243 0.890481440646821 0.8917764328942686 0.8895368782161236 0.8912106135986734 0.8802356020942409 0.881904761904762 0.8835848475515862 0.8791827065442701 0.8748928877463581 0.8739983420834484 0.873160289001873 0.8645111624326404 0.8539855972187732 0.8572458543619321 0.8588728458313925 0.8381294964028773 0.8417266187050355 0.8575498575498576 0.8509979353062637 0.8350312191915894 0.8299776286353495 0.818404907975464 0.804964018211196 0.7894589290720556 0.7931128723695061 0.7901852102203658 0.787319422150889
76 1.0 0.9170305676855895 0.9232111692844676 0.9294781382228489 0.9374999999999998 0.938405797101449 0.9395770392749243 0.9197831978319781 0.907112970711297 0.9074492099322798 0.9028465346534653 0.9036762610430321 0.9062664560294891 0.9098922624877569 0.904481665912178 0.9003975727139583 0.9009203054630914 0.9012163656468872 0.8994432846207399 0.8978583196046154 0.8965786595844428
78 1.0 0.9448476052249639 0.9190628328008522 0.9073359073359076 0.9068736141906876 0.9078212290502795 0.8845892735913105 0.8626155878467637 0.8418006430868169 0.8220551378446117 0.8546099290780146 0.8707940780619116 0.8695228821811103 0.8725796377264212 0.8632740649908035 0.8669022379269732 0.8679404327058164 0.8721117678667385 0.8733333333333335 0.8662980648404123 0.8595367175948744 0.8623136976579134 0.8604336043360433 0.8598615916955022 0.8581472291149715 0.8571998404467499 0.8600269179004048
79 1.0 0.9923371647509578 0.985576923076923 0.9796380090497737 0.97444089456869 0.9703557312252963 0.9668202764976956 0.9503105590062111 0.9492625368731562 0.9485746226942424 0.9479553903345723 0.9473950429944359 0.9469623915139825 0.9438822447102114 0.9438596491228068 0.9438390611902765 0.943887775551102 0.9416282642089092 0.9418904008826773 0.9421312632321804 0.942411924119241 0.9407166123778499 0.9392040112817296 0.939613526570048 0.9350912778904662 0.9323644494130796 0.9330634278002695 0.9337679269882656 0.9330143540669853 0.9337716094472848 0.9330662267263726 0.9324046585978534 0.9280829472755353 0.9252775405636215 0.9249429815467559 0.9236487844082791 0.9156346749226016 0.9136636636636651
210 1.0 0.9312839059674505 0.9609375 0.9534534534534534
83 1.0 0.9621136590229312 0.9586466165413534 0.9557913351016799 0.9450613676212742 0.9443207126948776 0.9248775176918891 0.9062832800851971 0.8884835852006255 0.8714285714285717 0.8745746232377251 0.877266387726639 0.8798932384341638 0.8826031475967674 0.8852258852258853 0.887631681623098 0.8899700598802396 0.8923573735199138 0.8945554789800138 0.8947019867549668 0.8969465648854961 0.8991134209721797 0.8895226658661063 0.8902051430222478 0.8925090504037871 0.8946519752754635 0.8966502207218905 0.8972431077694235 0.8977960765318479 0.8982415005861665 0.9000227221086117 0.898133918770582 0.8987880076546889
340 1.0 0.9399684044233808 0.936046511627907 0.9348109517601043 0.8910891089108911 0.8515901060070673 0.8157303370786518 0.7830290010741141 0.7942307692307693 0.7709090909090911 0.7902439024390244 0.8044895003620565 0.81628664495114 0.8306878306878306 0.8168539325842695 0.8041958041958039 0.8175542406311636 0.824733096085409 0.8362903225806447 0.8290335001925295 0.8419388830347732 0.8529032258064514 0.8581140999113211 0.8655737704918031 0.8709514170040483 0.8755890669180018
88 1.0 0.9910714285714285 0.9838274932614555 0.9585798816568049 0.9572118702553486 0.9521345407503234 0.947847180109157 0.9473985134362493 0.9470842332613391 0.9471276054905947 0.9473180076628351 0.9479119892231701 0.9486963835155592 0.9495069033530571 0.9482822312523087 0.9472038902396663 0.9463526333006214 0.9474497681607417 0.9467213114754096 0.9477342229635806 0.9378779549202857
89 1.0 0.990016638935108 0.963343108504399 0.9558108705258509 0.9509559434746468 0.9473684210526316 0.9464737793851719 0.9459642012833502 0.9456212456528612
92 1.0 0.9917808219178081 0.9621498864496595 0.9603399433427763 0.9587491683300068 0.9576587795765878 0.9501899535669062 0.9499596448748994 0.9501533742331291 0.9459459459459462 0.9442702890978755 0.944923689449237 0.9437598736176936 0.9446116797110176 0.9437589670014348 0.9446271929824562 0.9424083769633508 0.9389694847423713 0.9330943847072886
225 1.0 0.9235412474849095 0.9194139194139195 0.9168053244592346 0.8705882352941179 0.8380462724935736 0.8486238532110093 0.8571428571428572 0.8641509433962264 0.8700173310225303 0.8752997601918465 0.8304093567251462 0.8408026755852841 0.8433292533659729 0.8514739229024941 0.8537859007832895 0.8619691119691116 0.8695263628239496 0.8769611890999172 0.8809523809523807 0.8847942754919497 0.8792703150912102 0.8719303699098535 0.8677780971543542 0.8558413719185417 0.8614609571788406 0.8534764349043391 0.8589065255731919 0.8640250260688215 0.8675103816491991 0.8631715932329438 0.8576944291230014 0.8567944250871093 0.8544850498338888 0.8487155090390129 0.8507960576194114 0.8447900014532805 0.8364312267658035
353 1.0 0.899736147757256 0.8926829268292683 0.898989898989899 0.903448275862069 0.906766917293233 0.9040207522697794 0.9075144508670518 0.8990731204943354 0.9034354688950786 0.9070160608622144 0.9106317411402154 0.9063591893780569 0.9029993618379064 0.896652965355255 0.886387995712754 0.8731268731268723 0.8543599257884962 0.8555265448215831 0.8493150684931499 0.834178131788558 0.8431372549019599 0.8434231378763858 0.8459708593517683 0.8398207784934182 0.8223258223258212 0.8288376655223136 0.8338747099767969 0.8293755496921711 0.8281543274243998 0.8247770069375621 0.8192279138827036 0.8117321335871283 0.8112396694214905 0.7978395061728438 0.7857039711191393 0.7769156159068931 0.781595418830743 0.7766952954749462 0.782930439072528 0.7899478425794284
355 1.0 0.8970189701897018 0.8372591006423981 0.8472998137802606 0.8585209003215434 0.8670438472418669 0.8696186961869616 0.8650707290533185 0.8657453109575515 0.8731009830205537 0.8791836734693873 0.8850746268656713 0.8753387533875333 0.8744561839651952 0.8739255014326641 0.8658280922431859 0.8571428571428563 0.8609332113449215 0.8444444444444436 0.8415213946117265 0.852638566213076 0.8547035082272579 0.8530183727034113 0.8461958003817827 0.8451711803781289 0.832618025751072 0.8333706606942879 0.8415381364884843 0.8325526932084315 0.8378078133678957 0.8332116788321177 0.8230118443316435 0.812963560141893 0.8093624884508817 0.7999711774030891 0.7870001374192724 0.7832020997375396 0.7761706300563942 0.7705632671790841 0.7653281519861925 0.7692387364060167
103 1.0 0.9480874316939892 0.942332896461337 0.900364520048603 0.9014557670772678 0.9053373615307152 0.8790100824931258 0.8861386138613861 0.8926974664679582 0.8985115020297699 0.9033457249070631 0.9077973819009675 0.8887652947719688 0.8946291560102301 0.8999055712936732 0.904427882507672 0.9083844580777095 0.9098204050439433 0.9112701252236134 0.9127223900637794 0.9158227848101262
108 1.0 0.9931506849315068 0.9868995633187773 0.981230448383733 0.9761194029850745 0.9714557564224547 0.9672727272727272 0.9636363636363635 0.9604286892003296 0.9578124999999998 0.9507829977628633 0.9448373408769446 0.9433962264150941 0.9420849420849419 0.9376528117359411 0.936915887850467 0.9363484087102174 0.9359316604378 0.926342710997442 0.9235294117647055 0.9213851193261577 0.9221128021486119 0.9226804123711336 0.923203963666391 0.9213973799126634 0.9198167239404348 0.920559029054799 0.9157221737866896 0.9081690140845067 0.9074733096085406 0.9054448871181935 0.9064841126323943 0.9074679406587874 0.9084679393049431 0.9095453463461075 0.9036814077332717 0.9035384268649991 0.8976257895883257 0.8978380669775338 0.8945851348569088 0.8948002409154803 0.8940785616572227 0.893394250904247 0.8916913946587557 0.8889893328512046 0.8884771484030376 0.8899430740037976
109 1.0 0.9427710843373496 0.938288920056101 0.8939197930142304 0.8559423769507806 0.86046511627907 0.8695652173913043 0.8385565052231719 0.8500851788756387 0.8610687022900761 0.8702553485162179 0.880098887515451 0.8854919399666479 0.8929292929292926 0.8994000922934928 0.902418328383538
111 1.0 0.9309090909090911 0.9272727272727274 0.927536231884058 0.928843710292249 0.9303370786516854 0.9384793964016253 0.9393611261505145 0.9403136064744563 0.9326056003796867 0.933958054439982 0.9352124526714343 0.9364069952305243 0.9380365808137361 0.9395005276116775 0.9389110225763608 0.9403266331658288 0.9381320642474714 0.9332023575638503 0.9255121042830535 0.9260010136847435 0.9266055045871557 0.9260280266482885 0.926770445077834 0.9213059857681045 0.9225084881166375 0.9214939024390255
112 1.0 0.9884393063583814 0.9487179487179489 0.9417808219178083 0.936 0.9309309309309309 0.9266055045871558 0.922923588039867 0.9199499687304563 0.9211300765155972 0.9187082405345209 0.9169295478443741 0.9182044887780545 0.9114460668864809 0.905651980418335 0.9007151872107693 0.8795372955723966 0.8665166854143224 0.8614003590664264 0.8657993837726798 0.8393495934959341 0.820244849208718 0.8188014768531656 0.8028020089875748 0.805751765893036 0.8103033220991801 0.7956335809137955 0.7861608105195069 0.7723609991941985 0.7789392179636085 0.771797235023043 0.7651183172655591 0.7704530087897254 0.7747718383311631 0.7627899831003269 0.7518906340895924 0.7508031848023528 0.7453864669697848 0.7489648033126362 0.7554354656277559 0.7510273144790984
125 1.0 0.9406250000000002 0.8914285714285718 0.8536585365853663 0.8269441401971527 0.8268215417106656 0.827760891590679 0.8082949308755761 0.8117854001759016 0.8149705634987385 0.8183279742765274 0.821401077752117 0.825 0.8291182501708817 0.8549848942598186 0.8526721232546941 0.8537258509659612 0.8569536423841057 0.8575667655786346 0.8565640194489461 0.8553092182030334 0.8730445246690733 0.8751094251531951 0.8774703557312252 0.8770402611534275 0.862104450733213 0.860696517412935 0.8546497728902696 0.8566805362921862 0.8459501213860079 0.8420829805249798 0.8408205128205141 0.8287183544303821 0.8205515678126214 0.8247158049138278 0.8197315923104855 0.8112676056338067 0.7967060389286361 0.7884860050890646 0.7843467606065314 0.7866825562341792 0.781885927199778 0.7856344326439423 0.7815756565235586 0.7854821235102996 0.7788931448950017 0.7861001964636617
119 1.0 0.8642857142857142 0.776470588235294 0.7397260273972601 0.7744360902255639 0.7901430842607312 0.8765594221930404 0.8794454490657025 0.87479038569033 0.8698770491803279 0.8717586044318718 0.8634188777729447 0.8573146292585169 0.8480524489008868 0.8469750889679712 0.8448717948717945 0.8368240075023442 0.832911392405063 0.8300283286118977 0.8366090457021073 0.8455497382198953 0.8540703517587943 0.8500555349870431 0.8560331434489917 0.852490421455941 0.8488832567717435 0.8544331715924157 0.851112609575189 0.8453659755183651 0.8405746726914657 0.8340192043895794 0.8322827555155382 0.8335800380630203 0.8273336123901263 0.8304814962196628 0.8301726577979108 0.8326307292133879 0.8326345512107527 0.8279898218829578 0.8259961439588754 0.8209567198177747 0.8210196192837941
249 1.0 0.9487776484284053 0.9480249480249482 0.9534534534534536 0.9510250569476082 0.9485359361135758 0.9466764061358655 0.9458794587945878 0.9438112907500661 0.9413665743305638 0.9412616339193391 0.9404429555183337 0.9352566252935276 0.9310765477279682 0.9316335107873379 0.9270618556701061 0.9220717510097445 0.917162370566208 0.9127948534667664 0.9101446498706819 0.9063227655382461 0.9039771294038562 0.9000237661411764 0.8964642697299775 0.8927089924769801 0.8889633002946756 0.8855436991869986 0.8841309823677649 0.8809025076306252 0.877378917378922 0.8741981080787239 0.8710078805474911 0.8662505572893433 0.8636687740647401 0.8570972886762314 0.853951287892056
122 1.0 0.9393939393939396 0.8893740902474531 0.8894878706199464 0.8912237330037085 0.8930602957906714 0.895615866388309 0.8977820636451301 0.9092009685230026 0.8937252685132845 0.89553042541734 0.8947368421052633 0.8640308582449373 0.8625744388456251 0.8666666666666665 0.8680497925311201 0.8648755432635319 0.8672665916760401 0.8874458874458873 0.8858032701790811 0.8844621513944221 0.884991648771176 0.8818430656934308 0.8855145291675772 0.8847274240532674 0.8833865814696495 0.8754509208277975 0.8665223665223692
379 1.0 0.951959544879899 0.9523809523809524 0.9528301886792454 0.943986820428336 0.933188090050835 0.9366106080206984 0.9338654503990876 0.927342256214149 0.9291180024164316 0.9210435976656366 0.9118522930315661 0.9165797705943688 0.9165706383959441 0.9111470113085636 0.9096167751265385 0.902800658978586 0.8997273553468679 0.8945479641131854 0.8890312660174315 0.8840857382349472 0.8848179271708736 0.8827127940090763 0.879754358161654 0.8791054552259815 0.876204792643034 0.872871353903227
124 1.0 0.932515337423313 0.9327052489905788 0.9358533791523483 0.939453125 0.9387417218543046 0.9424046076313894 0.9455351488283723 0.9479932165065007 0.946992864424057 0.9491447064262597 0.950951374207188 0.948580199539524 0.9504600141542815 0.9468395461912477
253 1.0 0.9385474860335196 0.9330943847072879 0.8929384965831435 0.9001883239171373 0.9025923016496463 0.9113233287858116 0.9069226294357181 0.9040888440181724 0.9114324446452774 0.9047619047619042 0.9035624325296864 0.8949429037520384 0.8882947118241229 0.8799565453557842 0.8723743685190102 0.8766519823788538 0.8768883878241263 0.8692132032385314 0.8630918425556211 0.8595495655258052 0.8676616915422912 0.8632133995037254 0.8639139284675814 0.8552407932011371 0.8493568492242455 0.851805728518062 0.8492696698171153 0.8438187927239076 0.8389116821420919 0.8337334933973654 0.8299618320610755 0.8295454545454617 0.8252929014472854 0.8204537980927408 0.8115884903429333 0.8109939759036233 0.8050724637681254 0.8022681416545007 0.8011123768679318 0.8016539604600177 0.7979214070475473 0.7946669799130848
