0 1.0 0.5060752741282241
257 1.0 0.7781894008296547 0.7336316956704162 0.7395973037843376 0.6806416070516098 0.6305185568343463 0.5873489625956769 0.5498051522127764 0.5398782884731871 0.5663451469603051 0.5448194007040857 0.5263921682712146 0.5170708621871949 0.50089030267355 0.5144595358221294 0.5074926097713017 0.52469104264271 0.495470617136641 0.4849207302941614 0.46496777279952345 0.45559493711718985 0.44659254962683004 0.4403121222522359
130 1.0 0.7785136048018253 0.7149007448590473 0.7004543412052526 0.7148367042853988 0.7301952615944161 0.7077744333070322 0.6749825881041928 0.6451733084957753 0.6178853677330608 0.6088056858319673 0.5798782078098933 0.5493105551773143 0.5393638827259535 0.5370870775301896 0.5008886855495014 0.4947574824367239 0.4891359119819615 0.5007678274336331 0.5008054343157659 0.5007737697061675 0.5007445369421857 0.48697075714810534 0.478210334460256 0.46975956648264716 0.4507175998169073 0.4652997614363518
131 1.0 0.8574158312775388 0.765077649601766 0.7007456916976326 0.653274041712175 0.6308104655756099 0.6141420377086704 0.6124199669487366 0.6201466105798897 0.6260352767904801 0.6010666305006852 0.5780385177457023 0.5941638372989564 0.606954991777111 0.5891467750052449 0.5724876500200192 0.5566275342120356 0.5478061980970873 0.5376539387517505 0.5248848572086872 0.5127417238823374 0.5011974751579167 0.4901707445989246 0.4851258556694849 0.4804527775007492 0.4612867286595017 0.45757016115833454 0.454063439630713 0.46062174349553076 0.4572804156211528 0.4588027013956773 0.4571654782598994
128 1.0 0.7162999843964989 0.6019901487636198 0.5406874378014236 0.46890704977129216 0.6308309091714526 0.6140002122998826 0.5768919245647961 0.5566479530478436 0.539772596526305 0.5253209920493643 0.5116723838356703 0.510904792089487 0.5102466972371158 0.5014425114030048
389 1.0 0.8667785838479525 0.7648815472341427 0.6844231467210916 0.6192815123650696 0.5654630237237461 0.5204699864119576 0.500438943965056 0.48465277486978475 0.4864058166212007 0.4877996931674697 0.5116242929073165 0.5299820403494786 0.5101516339081151 0.5009010647001886 0.48374395765323747
6 1.0 0.7781426463572927 0.6931633373224095 0.7150956566332853 0.7504639926135496 0.7731568226257931 0.7147775844576009 0.6867963753604376 0.679059541788732 0.655680127816649 0.6338571079055506 0.6005297874857679 0.5826279840077753 0.5719581521180779 0.5622407547252409 0.5590124065294793 0.5243763370152409 0.517797089867812 0.5116559650592981 0.506024562172193 0.5007483667506741 0.5418864501587392 0.5321976018114614 0.539083838632143 0.5378372556900106 0.5366697660151654
260 1.0 0.7509091814875709 0.6017721140922901 0.5025905017698317 0.4688875463881944 0.4468798221307811 0.40252317557677647 0.48334317343173483 0.45017352163007307
136 1.0 0.5019798281658573
137 1.0 0.7508005532227718 0.637861572586121 0.6260665249827049 0.620219033196774 0.5664929818021035 0.6672840293450597 0.6286504037115002 0.6178809324678303 0.5927207270313363 0.5695295563225408 0.5480849797868915 0.5281968462501587 0.5097819864391467 0.49262843169419207
5 1.0 0.6680774784643729 0.6010214871416316 0.7146349816396811 0.7335624925056957 0.7675818658534318 0.7334873338293926 0.7022929985070626 0.6736439058123712 0.6472407548234849 0.6228294018796288 0.5791430495538468 0.5595206427575407 0.5411844524635939 0.5240120278322129 0.5078959834144356 0.492825036512575 0.47863970801228156
11 1.0 0.8008642491586517 0.7154826595351224 0.7008838881106334 0.6932891180586177 0.6977321295252378 0.7007595214466318 0.7260328120352543 0.6791568335270256 0.6400569343782214 0.6257087962472011 0.6006947861094122 0.5897372782618692 0.5647975588277465 0.556239537905141 0.5482918479423727 0.5409545974083212 0.5341314682088115 0.5225417507142472 0.511444350042482 0.4957422175966835 0.4724761913733183 0.48286398266738684 0.4834544612433742 0.4727018668524447 0.42938464772659113 0.4272694831847448 0.4333861694125855 0.42733914034527914 0.4214918264340509 0.4048162559217899 0.41480860980774276
140 1.0 0.8006916001474885 0.6935769274962661 0.6481805068546168 0.6375711231109344 0.6560408340155057 0.6765126070806672 0.6419216654092554 0.6009912050500035 0.5859498051406729 0.564820438257918 0.545184099562246 0.5174298263530928 0.5089578183949414 0.501163111291531 0.48770614995787664 0.47490529930145897 0.45130642514799846 0.4470538463572403 0.47933355458522864 0.485540450730539 0.46390797883942136 0.45549000872042117 0.44918356703838025 0.4435946525289222
15 1.0 0.7509339975093405 0.60177211409229 0.5025905017698317 0.4688875463881944 0.4468798221307811 0.40252317557677647 0.48334317343173483
16 1.0 0.8008642491586517 0.7154826595351224 0.7008838881106334 0.6932891180586177 0.6977321295252378 0.7007595214466318 0.7260328120352543 0.6791568335270256 0.6400569343782214 0.625717515886321 0.6126523783915047 0.5897372782618692 0.5647975588277465 0.5563045964545589 0.548355966085339 0.5409545974083212 0.5341314682088115
145 1.0 0.6021327815689477 0.7654323883695556 0.6850884697953457 0.6372400970455518 0.601218724327428 0.587485690909903 0.5770799224276985 0.580331875988428 0.5920703767658769 0.6010912941767722 0.5780385177457023 0.5941638372989564 0.606954991777111 0.5891467750052449
401 1.0 0.7783761621399997 0.6371800221331254 0.5399914128868035 0.5306087721871792 0.5464581500195032 0.5010167292506146 0.6119002472749847 0.5906484814527697 0.5822347654944476 0.5752504454605493 0.551815181518151
19 1.0 0.7510425094915049 0.6018909235668797 0.5025905017698316 0.46888754638819435 0.44687982213078103 0.40252317557677636 0.4833431734317348
148 1.0 0.6019347903977073 0.7653979928794724 0.685047141087289 0.6371989659394977 0.6011694180430189 0.5874417261438173 0.5770403153935617 0.5802977526911044 0.5920417177524803 0.6010666305006852 0.5780385177457023 0.5941638372989564 0.606954991777111 0.5891467750052449
144 1.0 0.7505052773411183 0.6010293956290584 0.5017438963627304 0.5017872488821913 0.5847157455890841 0.5185802853321138 0.4852164289069488 0.4720526041025101 0.4608367478973475
22 1.0 0.6675864361702127 0.7336299216793649 0.7858427928892696 0.733483485984827 0.6876659440616234 0.6472362606831952 0.5791378829570624 0.5501945603086972 0.5240067407386247 0.5001988044468576 0.4784604350944295 0.4586615525890015 0.4404655791960282 0.44487316859222376 0.4390079265587931 0.43393662898150115
278 1.0 0.5009607466373868
153 1.0 0.8186039762008416 0.7148174027122219 0.6476047271104008 0.6195273223653858 0.6004251816212847 0.6135458937198068 0.5764223189782723 0.5436318568319447 0.5914593041334807 0.6367536503542737 0.6003956314034091 0.6064152211628421 0.5885963326882697 0.5717948132329934 0.5559259511124126 0.547055939546707 0.5253837160501229 0.5297968012508156 0.5003796276282018 0.48974206868104425 0.4795474253021695 0.46202303625486524 0.44492717957068273 0.4368453514788668 0.4341001436940426 0.4363517105200231 0.438454531415042 0.4404228750321781 0.4507777712511094
29 1.0 0.8004988028731043 0.6929006895069024 0.6259181204873362 0.6007865095643753 0.60063105341987 0.6133969133614716 0.6221650639252274 0.5617096814253674 0.5357265560435679 0.5209301861370325 0.5010649852053402 0.48268338687717116 0.5010410845906169 0.4930729580829211 0.48663601829776015 0.4874882839630205 0.4832336067739676 0.441867304041153 0.4714538366752108 0.4675971477162433
416 1.0 0.7782016590515901 0.6671548639427476 0.6004741356347556 0.5565558185557409 0.5462943637304101 0.5394393929507675 0.5009873885177766 0.4850083528340089 0.5009496241706386 0.5247424052317404
33 1.0 0.7505301763928046 0.6010612301892061 0.5017438963627303 0.5017872488821912 0.5847157455890841 0.5185802853321138 0.4852164289069487 0.47205260410251004 0.4608367478973474
163 1.0 0.778324631704965 0.7147401379369371 0.7005440479161469 0.6372367633454865 0.600849426397682 0.5722444032511055 0.5491662319092616 0.5719748494677868 0.5839271336763333 0.5932891489420705 0.5721376182445082 0.5944787141954756 0.576498062478636 0.5595732529989593 0.5436680132961244 0.5861070806025964
297 1.0 0.8184376560301394 0.6926871244833045 0.6005539170322831 0.5306190702504798 0.5015352713641983 0.5012821418626592 0.5342905045773899 0.6103390664348098 0.5819943009356777 0.5751491256394133 0.5606639746616021
41 1.0 0.7162999843964989 0.6019901487636198 0.5406874378014236 0.46890704977129216 0.6308309091714526 0.6140002122998826 0.5768919245647961
430 1.0 0.6021327815689477 0.7654323883695556 0.6850884697953457 0.6372400970455518 0.601218724327428 0.587485690909903 0.5770799224276985
47 1.0 0.7156263330015638 0.7506715948117353 0.6674758088650949 0.6009656630953094 0.5465531235688084 0.5015679319496769 0.5184946983584345 0.5162597201562483 0.6008833487431566 0.569472765486119 0.5563803594797816 0.5341156973638886 0.5169163185710738 0.5007437668228596 0.5448852883058165 0.5314495266232786
50 1.0 0.6674980047885076 0.6930138311100194 0.7605262212571987 0.7043289931293442 0.667304346090248 0.6369994585061417 0.6119690905664134 0.5798316679578241 0.572244719481358 0.5563477450697656 0.5426414121570061 0.530561629849274 0.5284516574811065 0.5184852736852231 0.49344792927973796 0.5084709011535448 0.5211704421076143 0.5076691885169441 0.4948620493718032 0.5126806381853108 0.5064306680856905
178 1.0 0.5023390066686574
52 1.0 0.7152416886167867 0.6932233027579225 0.7005818885927878 0.7043442910730456 0.6010279836293941 0.5636844122697401 0.5439930461547232 0.5274034283493882 0.5133798996172999 0.5121944730213911 0.5105634067928049 0.518256764568251 0.5247314894021479 0.5370507265770228 0.5533471965152005 0.5392781778232211
56 1.0 0.6018476118422363 0.6376139308170408 0.5402968150231007 0.46901879579483974 0.41466697881306397 0.40252317557677625
187 1.0 0.7145263518529092 0.6365618951557943 0.6001626167975155 0.6367269457488262 0.5837166992093991 0.5388553244477242 0.5005547884846605 0.4675395127016406 0.5006824461533341 0.5006155344412122 0.5515702014374998 0.586705724928574 0.5672480745959856
60 1.0 0.8183783194681586 0.6926871244833045 0.6005539170322832 0.5306190702504799 0.5015352713641984 0.5012821418626593 0.53429050457739 0.6103390664348098 0.5819943009356777 0.5751491256394133 0.5606639746616021 0.5642770903875307 0.5445081763298142 0.5260776617190791 0.5390388267761542 0.5299756457976513
74 1.0 0.8186039762008416 0.7148174027122219 0.6476047271104008 0.6195273223653858 0.6004251816212847 0.6135458937198068 0.5764223189782723 0.5436318568319447 0.5914593041334807 0.6367536503542737 0.6003956314034091 0.5824610433478039 0.5620027705229499 0.5470290334915735 0.5328325628839811 0.5193543694539845 0.512579972946295
203 1.0 0.7781721777905958 0.6371800221331253 0.5399914128868035 0.5306087721871791 0.546458150019503 0.5010167292506145 0.6119002472749847 0.5906484814527697 0.5822347654944476 0.5752504454605493 0.551815181518151 0.572197603573605 0.5419072283854367 0.5321509385706771 0.5234126712277758 0.5154343727421318 0.5011528144190475 0.4749198340370959 0.4762494950149875
76 1.0 0.7503183759083077 0.6010293956290584 0.5017438963627304 0.5017872488821913 0.5847157455890841 0.5185802853321138 0.4852164289069487 0.4718499131496174 0.4608367478973474
78 1.0 0.7508005532227718 0.637861572586121 0.6260665249827049 0.620219033196774 0.5664929818021035 0.6672840293450597 0.6286504037115002 0.6178809324678303 0.5927207270313363 0.5695295563225408 0.5480849797868915 0.5281968462501587 0.5097819864391467 0.49262843169419207 0.5088277724914819 0.5287579652260195 0.5209587371535924 0.5138788515235975 0.5072695810676836 0.5069288754398777 0.506618726168494 0.4856071336363635 0.48617637179157935 0.5008973684914058
79 1.0 0.8187585531860903 0.6931363071398979 0.6010426433135845 0.5306190702504798 0.5015352713641984 0.5012821418626593 0.53429050457739 0.6103390664348098 0.5819943009356777 0.5751491256394133 0.5606639746616021
210 1.0 0.5019798281658573
83 1.0 0.8007392573552121 0.8263666711524186 0.7603808474014433 0.7146943331894844 0.6778388130869725 0.6368104992977867 0.6004657760222384 0.5680459633567505 0.5389478483840143 0.5128113931019695 0.48912839019360554 0.49005341957527787 0.4909693221264819 0.48222584266130586 0.4834508242732719 0.4845179468095899 0.469396800624268 0.4862867376863191 0.500603234599118 0.49434220822645814 0.4822459676822864 0.48908257392079807
340 1.0 0.8667697083963465 0.7648677248677249 0.684406546062841 0.619263391369742 0.5654441387762554 0.5204699864119577 0.5004389439650561 0.4846527748697848 0.48640581662120075 0.4877996931674698 0.5116242929073166 0.5299820403494787 0.5101516339081152 0.5009010647001887 0.4837439576532375
88 1.0 0.778609223139764 0.6374924096178073 0.5399914128868035 0.5306087721871791 0.546458150019503 0.5010167292506145 0.6119002472749847 0.5906484814527697 0.5822347654944476 0.5752504454605493 0.551815181518151
89 1.0 0.8006916001474885 0.7784902651338961 0.637337080943854 0.5843613872909257 0.556839080884254 0.5345501695591466 0.5441247699312217 0.5510925786452127 0.5328851821339698 0.5480020415581384 0.5601412939767352 0.582910306366854 0.5221148143255093 0.5078511701913898 0.4947075912593164 0.48261574313572014 0.4710922392232148 0.46011663791788593 0.4496101725420715 0.4421283186600099 0.4329308111127233
92 1.0 0.7786410775752343 0.7508501812474312 0.6678586057633766 0.5668023910595174 0.5401756294922692 0.5348387546885234 0.5441214597275766 0.51482090397003 0.5464781961979398 0.5779023458182742 0.6314444703772406 0.6117573656845756 0.6007041875704161 0.5861575440411362 0.5723067237621243
225 1.0 0.7503588949779669 0.6669886098714447 0.6473015873015873 0.5654403615897781 0.5867387178877834 0.5630113595569805 0.5561978840147132 0.5390789055857738 0.5244508806597278 0.5325315030068636 0.5280029918269387
353 1.0 0.5012594458438288
355 1.0 0.6671382679472029 0.636647740177152 0.700277761125432 0.6369280763941524 0.6158922589963431 0.5866990899884957 0.5629737390891723 0.5613478392263523 0.5419999583602257 0.5387723017372436
103 1.0 0.7782385947792144 0.6671881240846758 0.6474508144700656 0.5793680424460093 0.6159678001643794 0.6220258988454604 0.6739017445308882 0.6608883889965915 0.6434460935062617 0.6278135007435001 0.6072699068271147 0.5880282861765018 0.5699686693697015
108 1.0 0.5060752741282241
109 1.0 0.7150064129970073 0.6007108058461784 0.5390962309666119 0.5305048038830167 0.4747822798373798 0.500827862782784 0.5491691356434368 0.5683549119006315
111 1.0 0.7148519933839047 0.6677161822003271 0.5733454692844291 0.5311527483926927 0.5846730819548216 0.6140434386869974 0.5769370240541518 0.5440600252479915 0.5148324842996143 0.4887319911246532 0.4649949176365304 0.5107633198552715 0.4751288429847477 0.4680597848490077 0.4616621966935911 0.45600746995924957
112 1.0 0.7509091814875709 0.6017721140922901 0.5025905017698317 0.4688875463881944 0.4468798221307811 0.40252317557677647 0.48334317343173483
125 1.0 0.7782016590515901 0.6671548639427476 0.6004741356347556 0.5565558185557409 0.5462943637304101 0.5394393929507675 0.5009873885177766 0.4850083528340089 0.5009496241706386 0.5247424052317404 0.551897476006583 0.5304396821235586 0.5105882795810236 0.49221281526357086 0.4751096867193347 0.5438530478210301 0.5352221253283833 0.5538609809724263 0.5343516866014123
119 1.0 0.7144855943576711 0.693022042119482 0.6257127528166995 0.6196015026867661 0.6158379628562428 0.6253602305475505 0.5679288748693546 0.6004892113797139 0.6300752102223751 0.5866727521679599 0.5672143918951537 0.5157116003402339 0.5006931879596775 0.4939712826905099 0.46219253583026854 0.4507498161817486
249 1.0 0.7152416886167867 0.6932233027579225 0.7005818885927878 0.7043442910730456 0.6010279836293941 0.5636844122697401 0.5439930461547232 0.5274034283493882 0.5133798996172999 0.5114224124770237 0.5105634067928049 0.518256764568251
122 1.0 0.7156263330015638 0.6675863903063343 0.7506037467630436 0.7043451265619275 0.6558720894217723 0.6577203606666793 0.6823196772275695 0.6405027592639561 0.6231403401328491 0.6077859470715334 0.59400284531597 0.5881240376877893 0.5660123798075183 0.5500993974294446 0.5350784595778662 0.5208582596578833 0.5074875811775625 0.48247922642457963 0.4894210006625296 0.489890735225305 0.4793146759396855 0.4908191536698448 0.4810248099487285 0.4716297763098173 0.46768733022470776 0.483069546929028 0.49669706241528877
379 1.0 0.6018476118422363 0.6376139308170408 0.540309667731581 0.46901879579483974 0.41466697881306397 0.40252317557677625
124 1.0 0.5023390066686574
253 1.0 0.8184426006281887 0.6926942077644692 0.6005539170322831 0.5306190702504798 0.5015352713641983 0.5012821418626592 0.5342905045773899 0.6103390664348098 0.5819943009356777 0.5751491256394133 0.5606639746616021
