8 0 1 2 3 4 5 6 8 9 10 12 13 14 15 16 17 19 20 21 23 24 25 26 27 28 30 31 32 34 35 36 37 38 39 41 42 43 46 47 48 49 51 52 53 56 57 58 60 61 62 65 68 69 72 74 75 76 77 80 106 109 111 112 122 125 127 129 134 135 139 142 144 149 150 171 173 175 177 178 180 183
9 1 5 6 8 9 10 13 15 16 17 18 20 21 23 26 27 28 30 31 32 34 35 36 38 39 41 43 44 45 46 47 49 50 51 52 53 55 56 58 61 62 64 65 68 72 74 77 80 95 101 103 104 105 106 107 108 109 110 111 112 117 118 120 122 123 124 125 126 127 128 129 131 132 133 134 135 137 138 139 140 142 143 146 149 150 151 153 154 161 165 176 177 179 180
10 0 1 2 4 5 6 7 8 9 10 12 13 14 16 19 20 21 23 24 26 27 30 31 32 33 35 41 42 43 44 46 47 48 49 50 52 53 55 57 60 62 67 68 69 70 73 74 75 76 85 86 95 97 98 99 104 107 109 111 112 116 117 118 120 122 123 124 126 128 129 130 132 133 134 135 136 137 138 139 140 141 142 143 146 150 154 163 165 168 174 175 178
16 0 1 2 4 5 6 7 8 9 10 11 12 14 16 17 20 22 23 24 26 27 29 30 32 33 35 36 41 42 43 44 45 46 47 48 49 50 51 52 53 55 56 57 58 59 60 62 63 65 66 67 68 69 70 71 72 73 74 75 76 77 79 81 82 87 88 89 90 91 92 93 94 95 96 97 98 99 100 107 108 117 120 123 124 125 126 136 137 138 145 149 151 153 157 161 175 180 181 194
18 0 1 2 4 8 9 10 12 14 16 18 20 22 24 27 28 31 33 34 35 41 42 43 44 45 46 48 49 50 52 54 55 57 59 60 61 62 63 64 66 67 69 71 73 74 75 76 77 83 86 95 97 101 103 104 105 106 107 109 111 112 113 117 118 119 120 121 122 125 126 127 128 129 130 131 132 134 135 137 138 142 143 145 175 177 179 183 188 193
20 0 1 2 3 4 5 6 7 8 9 11 12 13 14 15 16 17 20 21 22 23 24 25 26 27 28 29 30 31 32 33 34 35 36 37 38 39 40 41 42 44 46 47 48 50 51 53 54 56 57 58 59 60 61 62 63 65 66 67 68 69 70 71 72 73 74 75 76 77 78 79 80 81 82 87 88 89 90 91 92 93 94 96 98 100 104 117 151 153 157 194
21 1 2 3 5 6 8 9 10 13 15 17 19 20 21 23 26 27 28 30 31 32 34 35 36 39 40 41 47 49 51 52 53 54 55 56 58 61 62 65 68 70 72 73 74 80 84 85 86 95 99 104 107 109 111 118 120 122 124 128 132 133 134 135 137 138 139 146 150 154 156 173 176 177
27 1 2 3 5 6 7 8 9 10 15 16 17 19 20 21 25 26 27 31 32 33 34 35 36 37 40 41 46 47 49 51 52 53 55 56 58 61 65 67 72 73 74 78 85 95 97 99 104 107 109 111 118 120 122 124 125 128 129 132 133 134 135 136 137 138 139 140 143 149 153 156 180 181
28 0 1 2 3 4 5 6 7 8 9 11 12 13 14 15 16 17 19 20 21 22 23 24 25 26 27 28 29 30 31 32 33 34 35 36 37 38 39 40 41 42 43 44 45 46 47 48 49 50 51 53 54 55 56 57 58 59 60 61 62 63 65 66 67 68 69 70 71 72 73 74 75 76 77 78 80 102 104 117
31 1 5 6 8 9 10 13 15 17 18 20 21 23 26 27 28 30 31 32 34 35 36 38 39 41 43 44 45 47 49 51 52 53 54 55 56 58 60 62 64 65 67 68 72 74 77 80 83 95 99 103 104 105 106 107 109 110 111 112 113 115 116 117 118 120 122 123 124 125 126 127 128 129 130 131 132 133 134 135 136 137 138 139 142 144 150 154 161 163 164 165 171 173 175 177 178 183 187 191
33 0 1 2 4 5 6 7 8 10 11 12 14 15 16 17 20 21 22 24 25 26 27 29 32 33 35 36 37 41 42 44 46 47 48 50 51 52 53 55 56 57 58 59 60 61 62 63 65 66 67 69 70 71 72 73 74 75 76 77 78 79 81 82 87 88 89 90 91 92 93 94 95 96 97 98 99 100 109 116 117 124 129 136 168 181 184 185 186
34 0 1 2 3 4 5 6 7 8 9 10 11 12 13 14 15 16 17 19 20 21 23 24 25 26 27 28 29 30 31 32 33 34 35 36 37 38 39 40 41 42 46 47 48 51 52 53 54 56 57 58 60 61 62 64 65 68 69 70 72 73 74 75 76 77 78 80 84 85 86 109 111 175 177 183
35 0 1 2 4 5 6 8 9 10 12 13 14 15 16 17 20 21 23 24 26 27 28 30 31 32 34 35 36 39 41 43 46 47 48 51 52 53 55 56 58 60 61 62 65 67 68 72 73 74 80 85 86 95 97 99 104 107 111 112 117 118 120 122 123 124 126 128 131 132 133 135 136 137 138 140 143
41 0 1 2 3 4 5 6 8 9 10 12 13 14 15 16 17 19 20 21 23 24 25 26 27 28 30 31 32 34 35 36 37 38 39 41 42 43 46 47 48 49 51 52 53 56 57 58 60 61 62 65 67 68 69 72 73 74 75 76 80 98 104 106 108 109 112 113 114 115 116 117 124 127 144 149 151 153 157 161 175 182 187 191
43 0 1 4 5 6 7 8 9 10 11 12 14 16 18 20 21 22 24 26 27 28 29 31 32 33 34 35 41 42 43 44 45 46 47 48 49 50 52 53 55 57 58 59 60 63 64 66 67 69 70 71 73 74 75 76 77 95 99 104 107 108 109 111 112 113 115 116 117 118 119 120 121 123 124 125 126 127 129 130 131 132 133 134 135 137 138 139 140 141 142 144 145 147 149 150 151 153 154 157 160 161 163 164 165 167 171 173 175 177 180 182 183 187 189 194 195 197
44 0 1 4 5 6 7 8 9 10 11 12 13 14 15 16 17 18 20 21 22 23 24 25 26 27 28 29 30 31 32 33 34 35 36 37 38 39 40 41 42 43 44 45 46 47 48 49 50 51 52 53 54 55 56 57 58 59 60 61 62 63 64 65 66 67 68 69 70 71 72 73 74 75 76 77 83 86 101 103 105 107 108 117 118 119 121 123 125 126 130 131 135 137 138 139 140 141 142 144 145 168 188 193
46 0 1 2 4 5 6 7 8 9 10 11 12 13 14 15 16 17 20 21 22 23 24 25 26 27 29 30 32 33 35 36 37 39 41 42 43 44 45 46 47 48 49 50 51 53 55 56 57 58 59 60 62 63 65 66 67 68 69 70 71 72 73 74 75 76 77 78 79 81 82 87 88 89 90 91 92 93 94 96 97 98 99 100 106 108 109 110 112 113 114 115 118 132 137 141 145 146 151 153 157 161 163 165 177 178 180 182 194
48 0 1 2 3 4 5 6 7 8 10 11 12 13 14 15 16 17 20 21 22 23 24 25 26 28 29 30 32 33 34 35 36 37 38 39 40 41 42 43 44 45 46 47 48 50 51 53 54 55 56 57 58 59 60 61 62 63 64 65 66 67 68 69 70 71 72 73 74 75 76 77 78 79 81 82 85 87 88 89 90 91 92 93 94 96 97 98 99 100 101 117
49 1 8 9 10 16 18 20 21 22 27 28 31 33 34 35 41 43 44 45 46 48 49 50 52 55 59 60 63 64 66 67 71 73 74 77 85 86 95 98 99 104 106 107 108 109 110 111 112 113 114 115 116 117 118 120 122 123 124 125 126 127 128 129 130 131 132 133 134 135 136 137 138 139 140 141 142 143 144 145 146 147 149 150 151 153 154 157 161 163 164 165 171 173 175 176 177 178 179 180 182 183 187 189 191 194 195 197
50 0 1 2 3 4 5 6 7 8 9 10 11 12 13 14 15 16 17 18 20 22 23 24 25 26 27 28 29 30 31 32 33 34 35 36 37 38 39 41 42 43 44 45 46 47 48 49 50 51 52 53 54 55 56 57 58 59 60 61 62 63 64 65 66 67 68 69 70 71 72 73 74 75 76 77 117 168
52 1 5 6 8 9 10 16 18 20 21 22 26 27 28 31 32 33 34 35 41 43 44 45 46 47 48 49 50 51 52 53 55 58 59 60 63 66 67 71 73 74 77 80 85 86 95 97 98 99 104 106 107 108 109 110 111 112 113 115 116 117 118 119 120 122 123 124 125 126 127 128 129 130 131 132 133 134 135 136 137 138 139 140 142 143 144 146 147 149 150 151 153 154 155 157 160 161 162 163 164 165 167 171 173 174 175 177 178 179 180 182 183 184 187 190 191 194
55 0 1 4 9 10 12 14 16 18 20 21 22 24 27 28 31 33 35 41 42 43 44 45 46 48 49 50 51 52 55 57 59 60 63 66 67 69 71 73 74 75 76 77 85 95 98 99 104 106 107 109 111 112 116 117 118 119 120 122 123 124 125 126 128 129 130 131 132 133 134 135 136 137 138 139 140 142 143 144 146 149 150 153 154 156 161 165 168 173 174 176 177 180 181 184 185 186 189 191 197
60 0 1 2 4 5 6 7 8 10 11 12 13 14 15 16 17 20 21 22 23 24 25 26 28 29 30 32 33 34 35 36 37 38 39 41 42 43 44 45 46 47 48 50 51 52 53 54 55 56 57 58 59 60 61 62 63 65 66 67 68 69 70 71 72 73 74 75 76 77 78 79 81 82 85 87 88 89 90 91 92 93 94 95 96 97 98 99 100 112 117 130 161 196
64 0 1 2 4 5 6 7 8 9 10 11 12 14 16 18 19 20 21 22 24 26 29 31 32 34 35 38 40 41 42 43 44 45 46 47 48 49 50 53 54 56 57 58 59 60 61 62 63 64 65 66 68 69 70 71 72 73 74 75 76 77 78 83 95 101 103 105 107 109 111 112 117 118 126 131 150 161 175 183 188 193
67 0 1 4 5 6 7 8 9 10 11 12 13 14 15 16 17 18 20 21 22 23 24 25 26 27 28 29 30 31 32 33 34 35 36 37 38 39 41 42 43 44 45 46 47 48 49 50 51 52 53 54 55 56 57 59 60 61 62 63 64 65 66 67 68 69 70 71 72 73 74 75 76 77 85 86 97 99 104 106 109 111 112 113 115 117 118 122 124 126 128 129 130 132 133 134 136 137 143 146 155 162 165 174 175 178 182 191
73 0 1 2 4 5 6 7 8 10 11 12 13 14 15 16 17 19 20 22 23 24 26 27 29 30 32 33 34 35 36 39 41 42 43 44 45 46 47 48 50 51 53 55 56 57 58 59 60 62 63 65 66 67 68 69 70 71 72 73 74 75 76 77 79 81 82 85 86 87 88 89 90 91 92 93 94 95 96 97 98 99 100 107 117 120 122 124 128 129 133 136 143 155 162
74 0 1 2 3 4 5 6 8 9 10 12 13 14 15 16 17 20 21 23 24 25 26 27 28 30 31 32 34 35 36 37 38 39 41 42 46 47 48 51 53 54 55 56 57 58 60 61 62 65 67 68 69 70 72 73 74 75 76 80 85 95 97 98 99 104 112 117 118 120 122 124 130 133 135 136 154 155 162
77 0 1 3 4 5 6 7 8 9 10 11 12 13 14 15 16 17 18 20 21 22 23 24 25 26 27 28 29 30 31 32 33 34 35 36 37 38 39 40 41 42 43 44 45 46 47 48 49 50 51 52 53 54 55 56 57 59 60 61 62 63 64 65 66 67 68 69 70 71 72 73 74 75 76 77 101 108 109 111 112 113 115 116 117 124 125 126 135 137 142 144 146 147 149 150 151 153 157 160 161 163 165 167 168 171 173 175 177 178 182 184 190
80 0 2 3 4 5 6 7 8 9 11 13 15 17 19 20 21 23 25 26 27 28 30 31 32 34 35 36 37 38 39 40 41 47 48 51 52 53 54 55 56 58 61 62 65 68 70 72 73 74 77 78 79 80 81 82 85 86 87 88 89 90 91 92 93 94 96 97 98 100 102 104 108 109 112 113 116 117 126 127 129 134 135 136 139 142 144 146 149 151 153 160 161 163 165 167 175 177 178 180 184 190
85 0 2 3 4 5 6 7 8 9 10 11 12 13 14 15 17 19 20 21 23 24 26 27 29 30 32 33 35 36 38 39 40 41 42 46 47 48 51 53 54 55 56 57 60 61 62 65 68 69 70 72 73 74 75 76 79 81 82 84 85 86 87 88 89 90 91 92 93 94 95 96 97 98 99 100 104 107 111 112 117 118 119 120 122 124 125 126 128 129 130 133 134 136 137 138 139 140 142 143 145 146 149 150 154 161 174 179 183 191
86 1 2 3 9 10 11 13 15 17 19 21 23 27 30 31 34 35 36 38 40 49 52 54 55 56 58 61 62 65 67 68 70 72 73 74 78 84 85 86 95 97 99 104 107 108 111 112 117 118 119 120 121 122 123 124 125 126 128 129 130 131 132 133 134 135 136 137 138 139 140 141 142 143 144 145 154 174 179 183
95 2 4 5 6 9 10 12 13 14 16 18 19 20 21 23 24 26 27 30 31 32 33 35 41 42 43 45 46 47 48 49 52 53 55 57 60 64 67 68 69 70 73 74 75 76 79 81 82 83 85 86 87 88 89 90 91 92 93 94 95 96 97 98 99 100 104 106 107 109 111 112 113 116 117 118 119 120 122 123 124 125 126 128 129 130 131 132 133 134 135 136 137 138 139 140 142 143 145 146 149 150 153 154 155 162 165 171 173 174 175 177 179 181 183 189 191 197
97 0 1 2 4 5 6 7 10 11 12 13 14 15 16 19 20 23 24 26 27 29 30 32 33 35 41 42 46 47 48 51 53 55 56 57 58 60 62 65 67 68 69 70 72 73 74 75 76 79 81 82 85 86 87 88 89 90 91 92 93 94 95 96 97 98 99 100 104 107 112 116 117 120 122 123 124 125 126 129 130 133 134 136 138 143 145 146 153 154 155 162 174 176 179 181 182 183 187
98 0 1 2 4 5 6 7 8 10 11 12 13 14 15 16 17 20 21 23 24 25 26 27 29 30 32 33 34 35 36 37 38 39 41 42 46 47 48 51 53 54 55 56 57 60 61 62 65 68 69 70 72 73 74 75 76 78 79 81 82 85 87 88 89 90 91 92 93 94 95 96 97 98 99 100 104 112 116 117 118 120 123 124 128 133 135 136 137 138 139 143 146 153 174 176 181 182 187
99 0 1 2 4 5 6 7 10 11 12 14 16 20 21 23 24 26 27 29 30 31 32 33 35 41 42 43 46 47 48 53 55 57 58 60 62 65 67 68 69 70 72 73 74 75 76 79 81 82 85 86 87 88 89 90 91 92 93 94 95 96 97 98 99 100 104 107 109 111 117 118 120 122 123 124 128 129 132 133 134 135 136 137 138 139 140 141 143 154 155 162 163 174 176 177 181 187
104 3 5 6 8 9 10 13 15 16 17 19 20 21 23 25 26 27 28 30 31 32 33 34 35 36 37 38 39 41 47 49 51 52 53 55 56 58 61 62 65 67 68 72 73 74 80 85 86 95 97 98 99 104 106 107 108 109 110 111 112 113 114 115 116 117 118 119 120 122 123 124 125 126 127 128 129 130 131 132 133 134 135 136 137 138 139 140 142 143 144 145 146 147 149 150 151 153 154 155 157 161 162 165 168 173 174 175 176 177 179 180 181 183 189 194 197
