33 0 1 2 4 5 6 7 8 9 10 11 12 13 14 15 16 17 19 20 21 22 23 24 25 26 27 28 29 30 32 33 34 36 37 38 39 41 42 44 45 46 47 48 49 50 51 52 53 55 56 57 58 59 60 61 62 63 65 66 67 68 69 70 71 72 73 74 75 76 77 78 79 80 81 82 85 87 88 89 90 91 92 93 94 95 96 97 98 100 101 102 104 109 116 117 124 129 136 143 148 152 156 158 159 160 166 167 168 169 170 172 174 176 181 184 185 186 187 190 213 231 252 277 301
97 0 1 2 4 5 6 7 8 9 10 11 12 13 14 16 17 20 22 23 24 26 27 28 29 30 32 36 39 41 42 44 46 47 48 49 50 51 53 55 56 57 58 59 60 62 63 65 66 67 68 69 70 71 72 73 74 75 76 77 78 79 80 81 82 85 87 88 89 90 91 92 93 94 95 96 97 98 99 100 101 102 104 117 118 120 122 123 124 125 128 129 130 133 136 138 143 145 148 152 154 155 158 159 162 166 169 170 172 174 176 179 181 182 183 187 191 215 282 283 292 301
35 0 1 2 3 4 5 6 7 8 9 10 11 12 13 14 15 16 17 19 20 21 22 23 24 25 26 28 29 30 32 34 35 36 37 38 39 41 42 44 45 46 47 48 49 50 51 53 54 55 56 57 58 59 60 61 62 63 65 66 67 68 69 70 71 72 73 74 75 76 77 79 80 81 82 84 85 86 87 88 89 90 91 92 93 94 95 96 97 98 99 100 102 104 112 120 122 123 124 126 128 132 133 136 137 138 141 143 145 163 174 176 191 194 196 213 243 282 283 292
98 0 1 2 4 5 6 7 8 9 10 11 12 13 14 16 17 20 22 23 24 26 28 29 30 32 33 36 39 41 42 44 46 47 48 49 50 51 53 55 56 57 59 60 62 63 65 66 68 69 70 71 72 74 75 76 77 78 79 81 82 85 87 88 89 90 91 92 93 94 95 96 97 98 99 100 101 102 106 114 116 117 120 121 123 124 128 134 136 138 139 143 146 148 152 153 155 157 158 159 160 162 166 167 168 169 170 172 174 176 179 181 182 187 189 197 213 217 238 246 252 282 292 301
99 0 1 2 4 5 6 7 8 9 10 11 12 13 14 16 17 20 21 22 23 24 26 27 28 29 30 32 35 36 39 41 42 44 46 47 48 49 50 51 53 55 56 57 58 59 60 62 63 65 66 67 68 69 70 71 72 73 74 75 76 77 78 79 80 81 82 85 87 88 89 90 91 92 93 94 95 96 97 98 99 100 101 102 104 107 117 118 120 122 123 124 128 129 132 133 134 136 138 140 141 143 145 148 152 154 155 158 159 162 163 166 169 170 172 174 176 181 187 189 191 197 243 282 283 292 301
67 0 1 2 4 5 6 7 8 9 10 11 12 13 14 16 17 20 22 23 24 26 27 28 29 30 32 35 41 42 43 44 45 46 47 48 49 50 51 52 53 55 56 57 58 59 60 62 63 65 66 67 68 69 70 71 72 73 74 75 76 77 79 80 81 82 87 88 89 90 91 92 93 94 95 96 97 98 99 100 101 104 106 112 113 115 118 122 126 128 130 132 133 136 137 143 146 151 153 155 162 165 174 175 178 182 190 191 194 196 213 217 238 243 274 277 282 283
73 0 1 2 4 5 6 7 8 9 10 11 12 13 14 15 16 17 20 22 23 24 25 26 27 28 29 30 32 34 35 36 37 38 39 41 42 44 45 46 47 48 49 50 51 53 55 56 57 58 59 60 61 62 63 65 66 67 68 69 70 71 72 73 74 75 76 77 78 79 80 81 82 85 87 88 89 90 91 92 93 94 95 96 97 98 99 100 101 102 104 107 117 120 122 124 128 133 136 143 145 148 152 155 156 158 159 162 166 169 170 172 174 176 181 191 282 283 292 301
10 0 1 2 4 5 6 7 8 9 10 11 12 13 14 16 17 20 22 23 24 26 27 28 29 30 32 33 35 36 39 41 42 44 45 46 47 48 49 50 51 53 55 56 57 58 59 60 62 63 65 66 67 68 69 70 71 72 73 74 75 76 77 78 79 80 81 82 85 87 88 89 90 91 92 93 94 95 96 97 98 99 100 101 102 104 107 111 112 118 120 122 128 130 132 134 141 143 154 168 174 181 189 191 192 196 197 213 252 282 283 292 301
43 0 1 4 5 6 7 8 9 10 11 12 14 16 20 22 23 24 26 28 29 30 31 32 35 41 42 43 44 45 46 47 48 49 50 52 53 55 56 57 58 59 60 62 63 65 66 67 68 69 70 71 72 75 76 77 80 99 101 104 107 108 109 111 115 117 121 125 126 127 131 132 134 137 140 141 144 145 147 148 149 151 152 153 158 159 160 161 163 164 165 166 167 169 170 171 172 173 179 180 182 184 187 189 190 192 194 195 197 206 213 217 243 246 277 292
74 0 1 2 3 4 5 6 7 8 9 10 11 12 13 14 15 16 17 19 20 22 23 24 25 26 27 28 29 30 32 34 35 36 37 38 39 41 42 44 45 46 47 48 49 50 51 53 54 55 56 57 58 59 60 61 62 63 65 66 67 68 69 70 71 72 73 74 75 76 77 78 79 80 81 82 84 85 86 87 88 89 90 91 92 93 94 95 96 97 98 99 100 102 104 112 118 120 122 124 130 133 135 136 143 154 155 162 174 176 181 187 191 196 252 282 292 301
28 0 1 2 3 4 5 6 8 9 12 13 14 15 16 17 20 22 23 24 25 26 28 30 32 34 36 37 38 39 40 41 42 44 45 46 47 48 49 50 51 53 54 55 56 57 58 59 60 61 62 63 65 66 68 69 70 71 72 73 74 75 76 77 78 79 80 81 82 87 88 89 90 91 92 93 94 95 96 97 98 100 102 104 110 114 117 119 121 147 148 151 152 155 156 157 158 159 160 162 163 164 165 166 167 168 169 170 171 172 215 217 241 274
48 0 1 2 3 4 5 6 7 8 9 11 12 13 14 15 16 17 20 22 23 24 25 26 28 29 30 32 33 34 36 37 38 39 41 42 43 44 45 46 47 48 49 50 51 53 54 55 56 57 58 59 60 61 62 63 64 65 66 68 69 70 71 72 73 74 75 76 77 78 79 80 81 82 85 87 88 89 90 91 92 93 94 95 96 97 98 99 100 101 102 103 104 105 110 114 115 117 119 121 123 147 148 151 152 154 155 156 157 158 159 160 162 163 164 165 166 167 168 169 170 171 172 215 217 241 274 283
50 0 1 2 4 5 6 7 8 9 11 12 13 14 15 16 17 18 20 22 23 24 25 26 28 29 30 32 33 34 36 37 38 39 41 42 43 44 45 46 47 48 49 50 51 53 55 56 57 58 59 60 61 62 63 64 65 66 67 68 69 70 71 72 73 74 75 76 77 78 79 80 81 82 83 87 88 89 90 91 92 93 94 95 96 97 98 99 100 101 102 103 104 105 110 114 115 117 119 121 123 125 130 136 140 144 147 148 150 151 152 154 155 156 157 158 159 160 161 162 163 164 165 166 167 168 169 170 171 172 213 215 217 241 252 274 283
52 0 1 2 4 5 6 7 8 9 11 12 13 14 16 17 18 20 22 23 24 26 28 29 30 32 33 35 36 39 41 42 43 44 45 46 47 48 49 50 51 52 53 55 56 57 58 59 60 62 63 65 66 67 68 69 70 71 72 73 75 76 77 79 80 81 82 83 87 88 89 90 91 92 93 94 95 96 100 101 102 104 108 113 115 116 118 126 129 135 136 137 142 144 146 149 151 153 160 161 163 165 167 171 173 175 177 178 179 180 182 183 184 185 186 190 191 194 205 206 213 231 238 246 274 277 301
21 0 1 2 3 4 5 6 7 8 9 11 12 13 14 15 16 17 19 20 21 22 23 24 25 26 27 28 29 30 31 32 34 35 36 37 38 39 40 41 42 44 46 47 48 49 50 51 53 54 55 56 57 58 59 61 62 63 65 66 68 69 70 71 72 73 74 75 76 77 78 79 80 81 82 84 85 86 87 88 89 90 91 92 93 94 95 96 98 99 100 102 104 110 118 120 122 124 128 132 133 135 138 139 141 156 157 164 168 173 176 177 179 181 206 246 252
27 0 1 2 3 4 5 6 7 8 9 10 12 13 14 15 16 17 19 20 21 22 23 24 25 26 27 28 30 32 33 34 35 36 37 38 39 40 41 42 44 46 47 48 49 50 51 53 54 55 56 57 58 59 61 62 63 65 66 67 68 69 71 72 73 74 75 76 77 78 79 80 81 82 84 85 86 87 88 89 90 91 92 93 94 95 96 97 99 100 102 104 109 118 129 132 133 136 138 139 143 153 156 168 180 181 184 185 186 213 231 252 283 292
60 0 1 2 4 5 6 7 8 9 11 12 13 14 15 16 17 20 22 23 24 25 26 28 29 30 32 33 34 35 36 37 38 39 41 42 43 44 45 46 47 48 49 50 51 52 53 55 56 57 58 59 60 61 62 63 65 66 67 68 69 70 71 72 73 74 75 76 77 78 79 80 81 82 85 87 88 89 90 91 92 93 94 95 96 97 98 99 100 101 102 104 110 112 113 114 115 116 117 119 121 126 130 142 147 148 150 151 152 154 155 157 158 159 160 161 162 163 164 165 166 167 168 169 170 171 172 175 178 183 184 188 190 193 196 205 217 238 241 261 274 277
31 0 1 2 3 4 5 6 8 9 12 13 14 15 16 17 20 21 22 23 24 25 26 28 30 31 32 34 36 37 38 39 41 42 44 45 46 47 48 49 50 51 53 54 55 56 57 58 59 61 62 63 65 66 67 68 69 71 72 74 75 76 77 78 79 80 81 82 87 88 89 90 91 92 93 94 95 96 98 100 102 104 106 109 110 112 113 115 127 128 129 131 132 135 141 142 164 171 173 175 177 183 188 191 193 195 196 205 206 215 231 241 246 261 301
