8 8 67 77 113 115 146 165 173 178
9 8 9 10 16 18 20 21 27 31 33 34 35 41 43 44 45 46 49 51 55 60 64 73 74 77 85 86 95 97 98 99 104 106 108 109 112 113 116 118 119 120 122 123 125 126 127 128 129 130 131 132 133 134 135 136 137 138 139 140 141 142 143 144 145 146 147 149 150 151 153 154 156 157 161 163 165 168 171 174 175 176 177 178 180 181 183 184
10 8 9 10 16 18 20 21 27 31 33 34 35 41 43 44 45 46 49 51 55 60 64 73 74 77 85 86 95 97 98 99 104 106 108 109 112 113 116 118 119 120 122 123 125 126 127 128 129 130 131 132 133 134 135 136 137 138 139 140 141 142 143 144 145 146 147 149 150 151 153 154 155 156 157 161 163 165 168 171 174 175 176 177 178 180 181 183 184
16 16 20 43 67 108 125 149 150 151 153 157 180 194
18 18 45
20 16 20 43 67 108 125 149 150 151 153 157 180 194
21 8 9 10 16 18 20 21 27 31 33 34 35 41 43 44 45 46 49 51 55 60 64 73 74 77 85 86 95 97 98 99 104 106 108 109 112 113 116 118 119 120 122 123 125 126 127 128 129 130 131 132 133 134 135 136 137 138 139 140 141 142 143 144 145 146 147 149 150 151 153 154 155 156 157 161 163 165 168 171 174 175 176 177 178 180 181 183 184
27 8 9 10 16 18 20 21 27 31 33 34 35 41 43 44 45 46 49 51 55 60 64 73 74 77 85 86 95 97 98 99 104 106 108 109 112 113 116 118 119 120 122 123 125 126 127 128 129 130 131 132 133 134 135 136 137 138 139 140 141 142 143 144 145 146 147 149 150 151 153 154 155 156 157 161 163 165 168 171 174 175 176 177 178 180 181 183 184
28 1 2 3 11 18 19 20 25 28 29 34 37 39 40 44 45 46 48 50 51 54 58 60 61 62 64 67 74 78 80
31 8 9 10 16 18 20 21 27 31 33 34 35 41 43 44 45 46 49 51 55 64 73 74 77 85 86 95 97 98 99 104 106 108 109 111 113 116 118 119 120 122 123 125 126 127 128 129 130 131 132 133 134 135 136 137 138 139 140 141 142 143 144 145 146 147 149 150 151 153 154 155 156 157 161 162 163 164 165 168 171 174 175 176 177 178 180 181 183 184
33 33 51 184
34 0 1 3 4 5 6 7 11 12 13 14 15 17 19 20 23 24 25 26 28 29 30 32 34 36 37 38 39 40 42 47 48 50 51 53 54 56 57 58 61 62 65 68 69 70 72 75 76 78
35 8 9 10 16 18 20 21 27 31 33 34 35 41 43 44 45 46 49 51 55 60 64 73 74 77 85 86 95 97 98 99 104 106 108 109 112 113 116 118 119 120 122 123 125 126 127 128 129 130 131 132 133 134 135 136 137 138 139 140 141 142 143 144 145 146 147 149 150 151 153 154 156 157 161 163 165 168 171 174 175 176 177 178 180 181 183 184
41 8 9 10 16 18 20 21 27 31 33 34 35 41 43 44 45 46 49 51 52 55 60 64 67 73 74 77 80 85 86 95 97 98 99 101 104 106 108 109 110 112 113 114 116 118 119 120 122 123 125 126 127 128 129 130 131 132 133 134 135 136 137 138 139 140 141 142 143 144 145 146 147 149 150 151 153 154 155 156 157 160 161 162 163 164 165 167 168 171 174 175 176 177 178 179 180 181 182 183 184 187
43 16 20 43 67 108 125 149 150 151 153 157 180 194
44 18 44 45 64 101
46 8 9 10 16 18 20 21 27 31 33 34 35 41 43 44 45 46 49 51 55 60 64 67 73 74 77 85 86 95 97 98 99 104 106 108 109 112 113 116 118 119 120 122 123 125 126 127 128 129 130 131 132 133 134 135 136 137 138 139 140 141 142 143 144 145 146 147 149 150 151 153 154 155 156 157 161 162 163 164 165 168 171 174 175 176 177 178 179 180 181 182 183 184
48 1 2 3 19 20 25 28 29 34 37 39 40 46 48 51 54 58 61 74 78
49 8 9 10 16 18 20 21 27 31 33 34 35 41 43 44 45 46 49 51 55 60 64 73 74 77 85 86 95 97 98 99 104 106 108 109 112 113 116 118 119 120 122 123 125 126 127 128 129 130 131 132 133 134 135 136 137 138 139 140 141 142 143 144 145 146 147 149 150 151 153 154 155 156 157 161 162 163 164 165 168 171 174 175 176 177 178 179 180 181 183 184
50 50
52 8 9 16 18 33 35 41 43 44 45 46 50 51 52 55 60 64 67 73 74 77 80 85 86 95 97 98 99 104 106 107 108 109 112 113 117 118 119 122 123 124 125 126 127 128 129 130 131 132 134 135 136 138 139 140 142 143 144 145 146 147 149 150 151 154 156 161 165 174 175 176 177 178 180 181
55 33 51 55 116 144 168 184
60 8 9 10 16 18 20 21 27 31 33 34 35 41 43 44 45 46 49 51 55 60 64 73 74 77 85 86 95 97 98 99 104 106 108 109 112 113 116 118 119 120 122 123 125 126 127 128 129 130 131 132 133 134 135 136 137 138 139 140 141 142 143 144 145 146 147 149 150 151 153 154 155 156 157 161 162 163 165 168 171 174 175 176 177 178 180 181 183 184
64 18 44 45 64 101 131
67 67
73 73 86
74 8 9 10 16 18 20 21 27 31 33 35 41 43 44 45 46 49 51 55 60 64 73 74 77 85 86 95 97 98 99 104 106 108 109 112 113 116 118 119 120 122 123 125 126 127 128 129 130 131 132 133 134 135 136 137 138 139 140 141 142 143 144 145 146 147 149 150 151 153 154 155 156 157 161 162 163 165 168 171 174 175 176 177 178 180 181 183 184
77 67 77 115 165 178
80 80
85 8 9 10 16 18 20 21 27 31 33 35 41 43 44 45 46 49 51 55 60 64 73 74 77 85 86 95 97 98 99 104 106 108 109 112 113 116 118 119 120 122 123 125 126 127 128 129 130 131 132 133 134 135 136 137 138 139 140 141 142 143 144 145 146 147 149 150 151 153 154 156 157 161 163 165 168 171 174 175 176 177 178 180 181 183 184
86 73 86
95 8 9 10 16 18 20 21 27 31 33 34 35 41 43 44 45 46 49 51 55 60 64 73 74 77 85 86 95 97 98 99 104 106 108 109 112 113 116 118 119 120 122 123 125 126 127 128 129 130 131 132 133 134 135 136 137 138 139 140 141 142 143 144 145 146 147 149 150 151 153 154 155 156 157 161 162 163 165 168 171 174 175 176 177 178 180 181 183 184
97 8 9 10 16 18 20 21 27 31 33 35 41 43 44 45 46 49 51 55 60 64 73 74 77 85 86 95 97 98 99 104 106 108 109 112 113 116 118 119 120 122 123 125 126 127 128 129 130 131 132 133 134 135 136 137 138 139 140 141 142 143 144 145 146 147 149 150 151 153 154 156 157 161 163 165 168 171 174 175 176 177 178 180 181 183 184
98 8 9 10 16 18 20 21 27 31 33 34 35 41 43 44 45 46 49 51 55 60 64 73 74 77 85 86 95 97 98 99 104 106 108 109 112 113 116 118 119 120 122 123 125 126 127 128 129 130 131 132 133 134 135 136 137 138 139 140 141 142 143 144 145 146 147 149 150 151 153 154 156 157 161 163 165 168 171 174 175 176 177 178 180 181 183 184
99 8 9 10 16 18 20 21 27 31 33 35 41 43 44 45 46 49 51 55 60 64 73 74 77 85 86 95 97 98 99 104 106 108 109 112 113 116 118 119 120 122 123 125 126 127 128 129 130 131 132 133 134 135 136 137 138 139 140 141 142 143 144 145 146 147 149 150 151 153 154 155 156 157 161 163 165 168 171 174 175 176 177 178 180 181 183 184
104 8 9 10 16 18 20 21 27 31 33 34 35 41 43 44 45 46 49 51 55 60 64 73 74 77 85 86 95 97 98 99 104 106 108 109 112 113 116 118 119 120 122 123 125 126 127 128 129 130 131 132 133 134 135 136 137 138 139 140 141 142 143 144 145 146 147 149 150 151 153 154 155 156 157 161 163 165 168 171 174 175 176 177 178 180 181 183 184
