8 0 1 2 3 4 5 6 7 8 11 12 13 14 15 17 20 22 23 24 25 26 28 29 30 31 32 34 36 37 38 39 40 41 42 43 44 45 46 47 48 49 50 51 52 53 54 56 57 58 59 60 61 62 63 65 66 68 69 70 71 72 74 75 76 77 78 79 80 81 82 87 88 89 90 91 92 93 94 96 100 101 102 103 105 109 111 112 113 115 125 127 134 135 142 149 150 164 171 173 175 177 178 179 180 182 183 189 192 195 196 197
9 0 1 2 3 4 5 6 7 9 11 12 13 14 15 17 19 20 21 22 23 24 25 26 28 29 30 31 32 34 35 36 37 38 39 40 41 42 43 44 45 46 47 48 49 50 51 53 54 56 57 58 59 60 61 62 63 64 65 66 68 69 70 71 72 74 75 76 77 78 79 80 81 82 87 88 89 90 91 92 93 94 96 100 102 110 111 112 120 122 124 126 131 134 137 149 150 161 176 188 189 192 193 194 196 197
10 0 1 2 3 4 5 6 7 10 11 12 13 14 15 16 17 20 22 23 24 25 26 27 28 29 30 32 33 34 35 36 37 38 39 40 41 42 43 44 45 46 47 48 50 51 53 54 55 56 57 59 60 61 62 63 65 66 67 68 69 70 71 72 73 74 75 76 77 78 79 81 82 85 86 87 88 89 90 91 92 93 94 95 96 97 98 99 100 101 102 103 104 105 112 118 122 124 128 130 132 134 138 141 143 168 174 176 181 189 191 196 197
16 0 1 2 3 4 5 6 7 10 11 12 13 14 15 16 17 20 22 23 24 25 26 27 28 29 30 32 33 34 35 36 37 38 39 40 41 42 43 44 45 46 47 48 50 51 52 53 54 56 57 58 59 60 62 63 65 66 67 68 69 70 71 72 73 74 75 76 77 78 79 80 81 82 87 88 89 90 91 92 93 94 96 97 98 99 100 101 102 103 105 107 108 121 124 136 137 145 151 153 155 156 157 160 161 162 167 174 175 176 178 180 181 187 190 194
18 0 1 4 5 6 7 8 11 12 14 18 20 22 24 26 27 28 29 31 32 34 42 44 45 47 48 49 50 53 54 57 59 60 62 63 64 66 69 70 71 73 74 75 76 77 83 86 95 97 98 101 103 105 106 107 109 110 112 113 114 115 116 117 119 121 122 123 125 126 129 130 131 132 134 137 138 141 142 143 145 148 152 154 155 156 158 159 160 162 163 164 166 167 168 169 170 171 172 173 175 177 179 183 188 189 191 193 197
20 0 1 2 3 4 5 6 7 11 12 13 14 15 16 17 20 22 23 24 25 26 28 29 30 32 36 37 38 39 40 41 42 44 45 46 47 48 50 51 53 54 56 57 58 59 60 61 62 63 65 66 68 69 70 71 72 74 75 76 78 79 80 81 82 87 88 89 90 91 92 93 94 96 98 100 101 102 108 114 117 121 125 147 148 149 151 152 153 155 156 157 158 159 160 161 162 166 167 168 169 170 172 180 194
21 0 1 2 3 4 5 6 7 9 11 12 13 14 15 17 19 20 21 22 23 24 25 26 27 28 29 30 31 32 35 36 37 38 39 40 42 45 47 48 49 50 51 53 54 55 56 57 58 59 61 62 63 65 66 68 69 70 71 72 74 75 76 78 79 80 81 82 84 85 86 87 88 89 90 91 92 93 94 96 98 99 100 102 118 120 122 123 124 128 132 133 135 138 139 141 156 164 173 174 176 177 181
27 0 1 2 3 4 5 6 7 12 13 14 15 16 17 19 20 22 23 24 25 26 27 28 30 32 33 34 36 37 38 39 40 42 47 51 53 54 56 57 58 59 61 62 63 65 66 68 69 71 72 73 75 76 78 79 80 81 82 84 87 88 89 90 91 92 93 94 96 100 102 138 139 156 180 181 185 186
28 0 1 2 3 4 5 6 7 8 9 11 12 13 14 15 16 17 18 19 20 22 23 24 25 26 28 29 30 32 34 36 37 38 39 40 41 42 43 44 45 47 48 50 51 53 54 56 57 58 59 60 61 62 63 65 66 68 69 70 71 72 73 74 75 76 77 78 79 80 81 82 83 84 86 87 88 89 90 91 92 93 94 96 97 98 99 100 101 102 110 114 115 117 119 121 123 130 140 144 147 148 150 151 152 154 155 156 157 158 159 160 161 162 163 164 165 166 167 168 169 170 171 172
31 0 1 2 3 4 5 6 7 8 9 11 12 13 14 15 17 18 20 21 22 23 24 25 26 27 28 29 30 31 32 34 36 37 38 39 40 41 42 44 45 47 48 50 51 53 54 56 57 58 59 60 61 62 63 64 65 66 68 69 70 71 72 74 75 76 77 78 79 80 81 82 87 88 89 90 91 92 93 94 96 100 102 104 106 109 111 112 113 128 129 132 135 142 164 171 173 175 177 183 188 191 192 193 196
33 0 1 2 3 4 5 6 7 8 10 11 12 13 14 15 16 17 20 22 23 24 25 26 27 28 29 30 32 33 34 36 37 38 39 40 41 42 44 45 46 47 48 50 51 52 53 54 55 56 57 58 59 60 61 62 63 65 66 67 68 69 70 71 72 73 74 75 76 77 78 79 80 81 82 87 88 89 90 91 92 93 94 96 97 98 99 100 101 102 103 105 116 117 124 129 148 152 155 156 158 159 160 162 166 167 168 169 170 172 174 176 181 184 185 186 187 190
34 0 1 2 3 4 5 6 7 8 11 12 13 14 15 17 18 19 20 22 23 24 25 26 27 28 29 30 31 32 34 36 37 38 39 40 41 42 45 46 47 48 50 51 52 53 54 55 56 57 58 59 60 61 62 63 64 65 66 68 69 70 71 72 73 75 76 77 78 79 80 81 82 84 87 88 89 90 91 92 93 94 96 100 101 102 103 105 106 109 111 113 123 129 139 142 156 165 173 175 177 179 180 181 183 184 190 191 192
35 0 1 2 3 4 5 6 7 10 11 12 13 14 15 16 17 19 20 21 22 23 24 25 26 28 29 30 32 34 35 36 37 38 39 40 41 42 43 44 45 46 47 48 50 51 53 54 56 57 58 59 60 61 62 63 65 66 67 68 69 70 71 72 73 74 75 76 78 79 80 81 82 86 87 88 89 90 91 92 93 94 95 96 98 99 100 101 102 112 120 122 123 124 126 128 132 133 136 137 141 143 145 163 174 176 191 194 196
41 0 1 2 3 4 5 6 7 8 11 12 13 14 15 16 17 20 22 23 24 25 26 28 29 30 31 32 34 35 36 37 38 39 40 41 42 44 45 46 47 48 50 51 52 53 54 56 57 58 59 60 61 62 63 65 66 67 68 69 70 71 72 74 75 76 77 78 79 80 81 82 87 88 89 90 91 92 93 94 96 98 100 101 102 106 108 110 112 113 114 115 116 124 127 144 147 149 151 153 157 160 161 164 167 171 174 175 176 178 182 183 187 190 191 194 195 196
43 0 1 2 3 4 5 6 7 8 9 11 12 13 14 15 16 17 18 20 22 23 24 25 26 28 29 30 32 35 36 37 38 39 41 42 43 44 45 46 47 48 50 51 52 53 54 56 57 58 59 60 61 62 63 65 66 67 68 69 70 71 72 73 74 75 76 77 78 79 80 81 82 83 87 88 89 90 91 92 93 94 96 100 101 102 103 105 107 121 125 127 131 132 134 137 141 145 147 149 151 160 163 164 167 171 173 182 187 189 190 194 195 197
44 0 1 3 4 5 6 7 8 9 10 11 12 13 14 15 16 17 18 20 22 23 24 25 26 28 29 30 31 32 33 34 35 36 37 38 39 40 41 42 43 44 45 46 47 48 49 50 51 53 54 55 56 57 58 59 60 61 62 63 64 65 66 67 68 69 70 71 72 73 74 75 76 77 78 80 83 86 101 102 103 105 107 108 114 117 118 119 121 123 125 130 131 138 139 140 141 144 145 148 152 155 156 157 158 159 160 162 163 166 167 168 169 170 172 188 193
46 0 1 2 3 4 5 6 7 8 9 11 12 13 14 15 16 17 20 22 23 24 25 26 28 29 30 32 34 35 36 37 38 39 40 41 42 43 44 45 46 47 48 49 50 51 53 54 56 57 58 59 60 61 62 63 65 66 67 68 69 70 71 72 73 74 75 76 77 78 79 80 81 82 87 88 89 90 91 92 93 94 96 98 99 100 101 102 103 105 106 108 109 110 113 114 115 116 132 137 141 145 146 151 153 157 161 163 165 175 177 178 180 182 194
48 0 1 2 3 4 5 6 7 11 12 13 14 15 16 17 18 20 22 23 24 25 26 28 29 30 32 33 36 37 38 39 40 41 42 43 44 45 46 47 48 50 51 53 54 56 57 58 59 60 61 62 63 64 65 66 68 69 70 71 72 73 74 75 76 77 78 79 81 82 83 86 87 88 89 90 91 92 93 94 96 97 98 99 100 101 102 103 105 110 114 115 117 119 121 123 130 138 140 144 147 148 150 151 152 154 155 156 157 158 159 160 161 162 163 164 165 166 167 168 169 170 171 172
49 0 1 3 4 5 6 7 8 9 11 12 13 14 15 16 17 18 20 21 22 23 24 25 26 28 29 30 31 32 34 36 37 38 39 40 41 42 43 44 45 46 47 48 49 50 51 52 53 54 55 56 57 59 60 61 62 63 64 65 66 67 68 69 70 71 72 73 75 76 77 78 83 101 102 103 104 105 106 108 110 113 114 115 116 118 127 129 131 132 134 139 142 144 146 147 153 157 164 171 173 175 177 179 189 191 195 197
50 0 1 2 3 4 5 6 7 11 12 13 14 15 16 17 18 20 22 23 24 25 26 28 29 30 32 33 36 37 38 39 41 42 43 44 45 46 47 48 50 51 53 54 56 57 58 59 60 61 62 63 64 65 66 67 68 69 70 71 72 73 74 75 76 77 78 79 81 82 83 86 87 88 89 90 91 92 93 94 96 97 98 99 100 101 102 103 105 110 114 115 117 119 121 123 130 140 147 148 150 151 152 154 155 156 157 158 159 160 161 162 163 164 165 166 167 168 169 170 171 172
52 0 1 3 4 5 6 7 8 9 11 12 13 14 15 16 17 18 20 21 22 23 24 25 26 28 29 30 32 33 34 35 36 37 38 39 40 41 42 43 44 45 46 47 48 49 50 51 52 53 54 55 56 57 58 59 60 61 62 63 64 65 66 67 68 69 70 71 72 73 74 75 76 77 78 80 83 101 102 103 105 106 108 109 113 116 126 129 135 142 144 146 149 151 153 160 161 163 165 167 175 177 178 180 184 185 186 190 194
55 0 1 3 4 5 6 7 9 10 11 12 13 14 15 16 17 18 20 21 22 23 24 25 26 27 28 29 30 31 32 33 34 35 36 37 38 39 40 41 42 43 44 45 46 47 48 50 51 53 54 55 56 57 59 60 61 62 63 64 65 66 67 68 69 70 71 72 73 74 75 76 77 78 83 98 101 102 103 104 105 109 116 117 119 120 122 124 129 134 135 138 144 146 148 152 156 158 159 166 168 169 170 172 174 176 181 184 185 186 189 191 197
60 0 1 2 3 4 5 6 7 8 11 12 13 14 15 16 17 20 22 23 24 25 26 28 29 30 32 33 34 35 36 37 38 39 40 41 42 44 45 46 47 48 50 51 52 53 54 56 57 58 59 60 61 62 63 64 65 66 67 68 69 70 71 72 73 74 75 76 77 78 79 80 81 82 87 88 89 90 91 92 93 94 96 97 98 99 100 101 102 103 105 112 113 114 115 116 117 121 126 130 147 148 150 151 152 154 155 158 159 160 161 162 163 164 165 166 167 168 169 170 171 172 175 183 184 190 196
64 0 1 2 4 5 6 7 9 11 12 13 14 17 18 19 20 21 22 23 24 26 28 29 30 31 32 34 36 38 39 40 41 42 43 44 45 47 48 49 50 51 53 54 56 57 59 60 61 62 63 64 65 66 68 69 70 71 72 74 75 76 77 78 79 81 82 83 84 87 88 89 90 91 92 93 94 96 98 100 101 103 105 107 110 111 112 114 117 118 119 121 126 131 141 145 147 148 150 152 154 158 159 160 161 165 166 167 169 170 172 175 183 188 191 192 193 196
67 0 1 3 4 5 6 7 8 10 11 12 13 14 15 16 17 18 19 20 21 22 23 24 25 26 27 28 29 30 31 32 33 34 35 36 37 38 39 40 41 42 43 44 45 46 47 48 49 50 51 52 53 54 55 56 57 58 59 60 61 62 63 64 65 66 67 68 69 70 71 72 73 74 75 76 77 78 80 83 86 97 99 101 102 103 105 112 113 115 118 126 130 133 136 143 146 155 162 165 174 175 178 182 191 196
73 0 1 2 3 4 5 6 7 10 11 12 13 14 15 16 17 19 20 22 23 24 25 26 27 28 29 30 32 34 35 36 37 38 39 40 42 44 45 46 47 48 50 51 53 54 56 57 58 59 60 62 63 65 66 67 68 69 70 71 72 73 74 75 76 78 79 80 81 82 84 85 86 87 88 89 90 91 92 93 94 95 96 97 98 99 100 101 102 103 105 122 124 128 136 143 155 156 162 174 181 191
74 0 1 2 3 4 5 6 7 9 10 11 12 13 14 15 17 20 21 22 23 24 25 26 28 29 30 32 34 35 36 37 38 39 40 41 42 44 45 46 47 48 50 51 53 54 55 56 57 58 59 60 61 62 63 65 66 67 68 69 70 71 72 73 74 75 76 78 79 80 81 82 85 87 88 89 90 91 92 93 94 95 96 97 98 99 100 101 102 104 112 118 120 122 124 130 133 136 143 154 155 162 174 176 181 187 191 196
77 0 1 2 3 4 5 6 7 8 11 12 13 14 15 16 17 18 19 20 22 23 24 25 26 28 29 30 31 32 33 34 36 37 38 39 40 41 42 43 44 45 46 47 48 49 50 51 52 53 54 55 56 57 59 60 61 62 63 64 65 66 67 68 69 70 71 72 73 74 75 76 77 78 79 80 81 82 83 84 87 88 89 90 91 92 93 94 96 100 101 102 103 105 109 112 113 114 115 117 121 127 135 146 147 148 149 150 151 152 155 157 158 159 160 162 163 165 166 167 168 169 170 171 172 173 178 182 183 184 187 190 195 196
80 1 3 5 6 7 8 9 11 13 15 16 17 19 20 21 22 23 25 26 27 28 30 31 32 33 34 35 36 37 38 39 40 41 43 46 47 50 51 52 53 54 56 58 59 60 61 62 63 65 66 67 68 70 71 72 74 77 78 80 84 102 104 108 113 115 116 126 129 135 136 137 142 144 146 149 151 153 160 161 163 164 165 167 171 173 175 177 178 180 184 185 186 190 191 194
85 0 2 3 4 5 6 7 10 11 12 13 14 15 17 19 20 21 23 24 25 26 27 29 30 32 34 35 36 37 38 39 40 41 42 46 47 48 51 53 54 56 57 60 61 62 65 67 68 69 70 72 73 74 75 76 78 79 81 82 84 85 86 87 88 89 90 91 92 93 94 95 96 97 98 99 100 101 102 103 104 105 107 112 118 119 120 122 124 128 130 133 136 140 143 145 154 155 162 174 176 179 181 183 191 196
86 2 3 5 6 7 10 11 13 15 17 19 20 21 23 25 26 27 28 30 32 34 35 36 37 38 39 40 44 47 48 50 51 53 54 56 58 61 62 65 67 68 70 72 73 78 79 80 81 82 84 85 86 87 88 89 90 91 92 93 94 95 96 97 99 100 102 104 107 117 119 121 122 123 124 126 128 130 136 138 139 141 143 145 148 152 158 159 166 169 170 172 174 176 179 181 191
95 0 1 2 3 4 5 6 7 10 11 12 13 14 15 16 17 18 20 22 23 24 25 26 27 28 29 30 32 34 35 36 37 38 39 40 41 42 46 47 48 50 51 53 54 56 57 58 59 60 61 62 63 65 66 68 69 70 71 72 73 74 75 76 78 79 81 82 85 86 87 88 89 90 91 92 93 94 95 96 97 98 99 100 101 102 103 104 105 112 124 125 126 129 130 133 134 136 138 142 143 145 154 155 162 179 181 183 189 196 197
97 0 1 2 3 4 5 6 7 11 12 13 14 15 17 20 22 23 24 25 26 28 29 30 32 36 37 38 39 42 45 46 47 48 50 51 53 54 56 57 58 59 60 61 62 63 65 66 67 68 69 70 71 72 73 74 75 76 78 79 81 82 85 87 88 89 90 91 92 93 94 95 96 97 98 99 100 101 102 104 124 133 136 143 145 154 155 162 174 176 179 181 187
98 0 1 2 3 4 5 6 7 10 11 12 13 14 15 16 17 20 21 22 23 24 25 26 28 29 30 32 33 34 35 36 37 38 39 40 41 42 44 45 46 47 48 50 51 53 54 55 56 57 59 60 61 62 63 65 66 68 69 70 71 72 73 74 75 76 78 79 81 82 85 87 88 89 90 91 92 93 94 95 96 97 98 99 100 101 102 103 104 105 114 116 117 119 121 123 124 128 138 139 143 146 148 152 155 157 158 159 160 162 163 166 167 168 169 170 172 174 176 181 182 187
99 0 1 2 3 4 5 6 7 11 12 13 14 15 16 17 20 21 22 23 24 25 26 27 28 29 30 32 35 36 37 38 39 40 42 45 46 47 48 50 51 53 54 56 57 58 59 60 61 62 63 65 66 67 68 69 70 71 72 73 74 75 76 78 79 81 82 85 87 88 89 90 91 92 93 94 96 97 98 99 100 101 102 103 105 107 118 120 122 123 124 128 132 133 134 136 138 140 141 154 155 162 163 174 176 181 187 189 197
104 3 5 6 7 8 9 10 11 13 15 17 19 20 21 23 25 26 27 28 30 31 32 34 35 36 37 38 39 40 41 47 49 51 53 54 55 56 58 61 62 65 68 72 74 78 80 84 85 86 95 97 98 99 102 104 106 107 108 114 116 118 119 120 123 124 128 133 134 135 136 138 139 140 145 153 154 155 157 162 168 174 176 181 187 189 194 197
