33 0 1 2 4 5 6 7 8 10 11 12 14 16 20 21 22 24 26 27 29 31 32 33 41 42 44 46 47 48 49 50 51 52 53 55 57 58 59 60 61 62 63 66 69 70 71 73 74 75 76 77 79 81 82 87 88 89 90 97 98 99 107 109 111 112 116 117 120 122 124 128 129 132 133 134 135 136 137 138 139 143 146 153 156 160 167 168 174 176 181 184 185 186 213 231 252 292 301
97 0 1 2 4 5 6 7 8 10 11 12 14 16 20 24 26 27 29 32 33 35 41 42 46 47 48 52 53 56 57 60 62 65 67 69 70 72 73 74 75 76 79 81 82 85 87 88 89 90 91 92 93 94 95 96 97 98 99 100 107 111 112 116 117 120 122 123 124 125 126 128 129 130 133 134 135 136 137 138 139 142 143 145 146 148 152 153 154 155 156 158 159 162 166 169 170 172 174 176 179 181 182 183 187 206 213 215 217 238 246 252 282 283 292 301
35 1 2 5 6 8 9 10 13 17 20 21 23 26 27 28 30 31 32 35 36 39 41 43 47 52 53 56 58 60 62 65 67 68 72 73 74 80 99 104 107 109 111 112 117 118 120 122 123 124 126 128 130 131 132 133 134 135 136 137 138 139 140 141 143 145 146 151 154 156 161 163 174 175 176 177 178 191 194 206 213 238 243 252 282 283 292 301
98 0 1 2 4 5 6 7 8 10 11 12 13 14 16 17 20 23 24 26 29 30 31 32 33 35 36 39 41 42 46 47 48 51 53 56 57 60 62 65 68 69 70 72 73 74 75 76 78 79 81 82 85 87 88 89 90 91 92 93 94 95 96 97 98 99 100 106 108 110 111 112 114 116 117 118 119 120 121 122 123 124 128 129 130 133 134 135 136 137 138 139 140 143 144 146 147 148 151 152 153 155 156 157 158 159 160 162 163 166 167 168 169 170 172 174 176 181 182 187 206 213 215 217 238 241 246 252 282 283 292 301
99 0 2 4 10 12 14 16 21 24 27 31 33 35 42 43 46 48 52 57 60 67 69 70 73 74 75 76 79 81 82 85 87 88 89 90 91 92 93 94 95 96 97 98 99 100 106 107 109 111 112 116 117 118 120 122 123 124 128 129 132 133 134 135 136 137 138 139 140 141 143 145 146 153 154 155 156 162 163 174 175 176 177 180 181 182 183 187 206 213 231 238 243 246 252 282 283 292 301
67 0 1 2 4 5 9 10 12 14 16 22 24 27 28 31 35 42 44 45 46 48 49 50 52 55 57 58 59 63 66 67 69 70 71 73 74 75 76 77 97 99 106 107 108 109 111 112 113 115 116 117 118 122 124 126 127 128 129 130 132 133 134 135 136 137 142 143 146 151 153 154 155 161 162 165 174 175 177 178 182 183 191 205 213 231 238 243 246 252 274 282 283 292 301
73 0 1 2 4 5 6 7 8 10 11 12 13 14 16 17 20 22 23 24 26 27 28 29 30 32 33 35 36 39 41 42 44 45 46 47 48 49 50 51 53 55 56 57 58 59 60 61 62 63 65 66 67 68 69 70 71 72 73 74 75 76 77 79 81 82 87 88 89 90 91 92 93 94 95 96 97 98 99 100 107 112 117 120 122 124 128 129 130 132 133 135 136 137 140 143 145 146 150 155 156 162 180 181 191 206 213 231 252 282 283 292 301
10 0 1 2 4 10 12 14 16 21 24 27 31 33 35 42 43 46 48 52 57 60 67 69 73 74 75 76 97 98 99 106 107 109 111 112 116 117 118 119 120 122 123 124 125 126 128 129 130 131 132 133 134 135 136 137 138 139 140 141 142 143 145 146 150 153 154 156 163 165 168 173 174 175 176 177 178 181 183 189 191 196 197 206 213 215 231 238 241 243 246 252 261 282 283 292 301
43 0 1 4 9 10 12 14 16 21 22 24 27 28 31 35 42 43 44 45 46 48 49 50 52 55 57 59 60 63 66 67 69 71 75 76 77 99 107 108 109 110 111 112 113 115 116 117 118 119 120 121 122 123 124 125 126 127 128 129 130 131 132 133 134 135 136 137 138 139 140 141 142 143 144 145 146 147 149 150 151 153 154 157 160 161 163 164 165 167 168 171 173 175 177 179 180 182 183 184 187 189 190 194 195 197 205 206 213 215 217 231 238 241 243 246 252 261 274 277 282 283 292 301
74 0 1 2 3 4 5 6 8 9 10 12 13 14 15 16 17 19 20 21 23 24 25 26 27 28 30 32 34 35 36 37 38 39 41 42 46 47 48 51 53 56 57 58 60 61 62 65 67 68 69 72 73 74 75 76 80 97 98 99 104 107 112 117 118 120 122 124 128 130 132 133 135 136 137 140 143 146 150 154 155 162 174 175 181 191 196 206 213 238 252 261 282 292 301
28 0 1 2 3 4 5 6 7 8 9 11 12 13 14 15 16 17 19 20 22 23 24 25 26 28 29 30 31 32 34 35 36 37 38 39 40 41 42 43 44 45 46 47 48 49 50 51 53 54 55 56 57 58 59 60 61 62 63 65 66 67 68 69 70 71 72 73 74 75 76 77 78 80 104 117
48 0 1 2 3 4 5 6 7 8 9 10 11 12 13 14 15 16 17 18 19 20 22 23 24 25 26 28 29 30 32 33 34 35 36 37 38 39 40 41 42 43 44 45 46 47 48 49 50 51 53 54 55 56 57 58 59 60 61 62 63 64 65 66 67 68 69 70 71 72 73 74 75 76 77 78 79 81 82 85 87 88 89 90 91 92 93 94 95 96 97 98 99 100 101 114 117 121 148 152 155 156 157 158 159 160 162 163 166 167 168 169 170 172 217 241 283
50 0 1 2 3 4 5 6 7 8 9 11 12 13 14 15 16 17 18 20 22 23 24 25 26 28 29 30 32 33 34 35 36 37 38 39 41 42 43 44 45 46 47 48 49 50 51 53 54 55 56 57 58 59 60 61 62 63 64 65 66 67 68 69 70 71 72 73 74 75 76 77 110 114 117 119 121 147 148 151 152 155 156 157 158 159 160 162 163 164 166 167 168 169 170 171 172 217 241 274 283
52 10 21 27 31 33 35 43 52 60 67 73 74 97 98 99 106 107 108 109 110 111 112 113 115 116 117 118 120 122 124 125 126 127 128 129 130 131 132 133 134 135 136 137 138 139 140 142 143 144 145 146 147 149 150 151 153 154 155 156 157 160 161 162 163 164 165 167 171 173 174 175 176 177 178 179 180 182 183 184 185 186 187 190 191 194 195 205 206 213 215 217 231 238 243 246 252 261 274 277 282 283 292 301
21 1 2 3 5 6 8 10 13 15 19 20 21 23 26 27 30 31 32 35 40 41 47 52 54 58 61 68 70 74 84 85 86 99 107 109 110 111 113 116 117 118 120 122 123 124 128 129 132 133 134 135 136 137 138 139 140 141 143 146 150 154 156 161 163 164 168 173 175 176 177 206 246 252 261 282 283 292 301
27 3 7 10 15 17 21 25 27 31 33 34 35 36 37 43 51 52 58 61 65 67 72 73 74 97 99 107 109 111 112 116 117 118 120 122 124 125 126 128 129 130 132 133 134 135 136 137 138 139 140 141 142 143 144 146 149 150 153 154 155 156 161 162 163 168 174 175 177 179 180 181 183 184 185 186 194 206 213 215 231 238 243 246 252 282 283 292 301
60 0 1 2 3 4 5 6 7 8 9 10 11 12 13 14 15 16 17 20 22 23 24 25 26 28 29 30 32 33 34 35 36 37 38 39 41 42 43 44 45 46 47 48 49 50 51 52 53 54 55 56 57 58 59 60 61 62 63 64 65 66 67 68 69 70 71 72 73 74 75 76 77 78 79 81 82 85 87 88 89 90 91 92 93 94 95 96 97 98 100 112 113 116 117 126 129 130 137 142 144 150 151 154 160 161 163 165 167 175 178 183 184 190 196 205 213 238 261 274 277 283 292
31 1 9 10 21 27 28 31 33 35 43 52 58 60 67 74 80 98 99 104 106 107 108 109 110 111 112 113 114 115 116 117 118 120 122 123 124 125 126 127 128 129 130 131 132 133 134 135 136 137 138 139 140 141 142 143 144 145 146 147 149 150 153 154 156 161 163 164 165 171 173 174 175 176 177 178 179 180 181 182 183 187 188 189 191 193 195 196 197 205 206 213 215 231 238 241 243 246 252 261 274 282 283 292 301
