8 1 2 8 18 31 34 41 46 49 52 58 60 64 74 77 80 95 106 107 109 111 112 113 115 116 117 118 122 123 125 127 129 130 131 134 135 137 138 139 142 144 147 149 150 153 154 157 164 165 171 173 175 177 178 179 180 182 183 187 191 192 195 196
9 9 21 31 35 43 44 46 49 52 55 58 64 74 95 106 107 108 109 110 111 112 117 118 119 120 122 123 124 125 126 130 131 133 134 137 138 139 140 143 145 146 149 150 151 154 156 161 165 173 176 177 179 180 188 189 191 192 193 194 197
10 10 16 21 27 31 33 35 46 52 55 67 73 74 85 86 95 97 98 99 104 107 109 111 112 116 118 119 120 122 123 124 126 128 130 132 133 134 135 136 137 138 139 140 141 143 145 150 154 163 165 168 174 175 176 178 181 189 191 196 197
16 1 2 10 16 20 27 31 33 34 35 41 43 44 46 49 52 67 73 74 77 80 95 97 98 99 107 108 109 116 117 118 119 120 121 123 124 125 126 129 134 136 137 138 139 141 145 149 151 153 155 156 157 160 161 162 163 165 167 174 175 176 178 180 181 182 184 187 190 194
18 1 8 10 18 27 28 31 34 44 45 48 49 50 52 55 60 64 73 83 85 86 95 97 98 99 104 106 107 109 112 113 114 116 117 119 121 123 125 126 127 129 130 132 134 135 137 138 139 140 141 142 143 145 148 152 155 158 159 160 162 163 164 166 167 168 169 170 171 172 173 175 177 179 183 188 193
20 0 1 2 3 4 5 6 7 9 11 12 13 14 15 16 17 18 19 20 23 24 25 26 27 28 29 30 32 36 37 38 39 40 41 42 44 46 47 48 49 50 51 52 53 54 56 57 58 60 61 62 65 68 69 70 72 73 74 75 76 77 78 86 97 98 99 104 106 107 108 110 111 114 115 117 119 121 123 124 125 127 130 136 137 139 144 147 148 149 150 151 152 153 154 155 156 157 158 159 160 161 162 163 164 165 166 167 168 169 170 171 172 178 180 194
21 9 10 19 21 27 31 35 49 52 55 58 67 73 74 86 95 98 99 104 107 109 110 111 116 117 118 120 122 123 124 128 132 133 134 135 137 138 139 140 141 143 146 150 154 156 161 163 164 168 173 174 176 177 181 191
27 10 16 18 20 21 27 31 33 34 35 46 49 55 61 67 73 74 85 86 95 97 99 104 107 109 111 116 118 120 122 124 125 128 129 130 132 133 134 135 136 137 138 139 140 141 143 144 149 153 154 155 156 161 162 163 168 174 176 177 180 181 183 184 185 186 189 194 197
28 0 1 2 3 4 5 6 7 11 12 13 14 15 16 17 18 19 20 22 23 24 25 26 28 29 30 32 33 35 36 37 38 39 40 41 42 43 44 45 47 48 50 51 52 53 54 55 56 57 58 59 60 61 62 63 64 65 66 68 69 70 71 72 73 74 75 76 77 80 86 97 98 99 106 108 110 113 114 115 116 117 119 121 123 125 126 127 128 129 130 131 132 135 136 137 138 139 140 142 144 146 147 148 149 150 151 152 153 154 155 156 157 158 159 160 161 162 163 164 165 166 167 168 169 170 171 172 178
31 8 9 10 18 21 27 31 34 41 43 44 49 52 55 64 67 95 98 99 104 106 107 109 110 111 112 113 115 116 118 122 123 124 125 126 127 128 129 131 132 134 135 138 139 141 142 144 156 164 171 173 175 176 177 179 183 187 188 191 193
33 1 2 10 16 21 27 31 33 34 41 51 52 55 60 73 77 80 95 97 98 104 107 109 111 112 116 117 120 122 123 124 128 129 133 134 135 136 137 138 139 143 146 153 156 160 163 167 168 174 176 181 182 184 185 186 187 190
34 1 2 3 7 8 9 10 11 15 16 17 18 19 25 27 31 33 34 36 37 38 40 46 51 52 54 55 58 61 62 64 65 72 73 77 78 80 95 106 107 109 111 113 115 116 118 120 122 123 125 127 129 131 132 133 134 135 137 138 139 142 144 150 154 156 160 163 164 165 167 171 173 175 177 179 180 181 183 184 190 191 192
35 9 10 16 21 27 35 43 46 52 55 58 60 67 73 74 85 86 95 99 107 109 111 112 117 118 120 122 123 124 126 128 130 131 132 133 135 136 137 138 139 140 141 143 145 151 154 156 161 163 174 175 176 178 181 191 194 196
41 1 2 8 9 16 20 31 41 43 46 49 52 58 60 67 74 80 98 104 106 108 109 110 111 112 113 114 115 116 117 118 122 123 124 125 127 129 131 135 137 142 144 146 147 149 150 151 153 154 157 160 161 164 167 171 174 175 176 177 178 180 181 182 183 184 187 190 191 194 195 196
43 1 9 10 16 31 35 41 43 44 46 49 52 60 80 95 99 107 108 109 111 112 113 115 116 117 118 119 120 121 125 126 127 131 132 134 135 137 139 140 141 144 145 147 149 150 151 153 157 160 161 163 164 165 167 171 173 177 179 180 182 183 184 187 189 190 194 195 197
44 1 8 9 10 16 18 20 28 31 34 35 43 44 48 49 50 54 55 60 64 73 74 77 86 95 97 98 99 101 103 105 107 108 110 111 112 114 116 117 118 119 121 123 125 126 128 129 130 131 132 134 135 137 138 139 140 141 142 143 144 145 147 148 150 151 152 154 155 156 157 158 159 160 161 162 163 164 165 166 167 168 169 170 171 172 175 183 188 193
46 1 2 8 9 10 16 20 27 35 41 43 46 49 52 55 67 77 99 104 106 108 109 110 111 112 113 114 115 116 117 118 120 124 125 126 127 129 131 132 134 137 141 142 144 145 146 149 150 151 153 157 161 163 164 165 173 175 177 178 180 182 183 194
48 0 1 2 3 4 5 6 7 9 11 12 13 14 15 16 17 18 19 20 22 23 24 25 26 28 29 30 32 33 35 36 37 38 39 40 41 42 43 44 45 47 48 50 51 52 53 54 55 56 57 58 59 60 61 62 63 64 65 66 68 69 70 71 72 73 74 75 76 77 78 79 81 82 86 87 88 89 90 91 92 93 94 96 97 98 99 100 106 108 110 113 114 115 116 117 118 119 121 123 125 126 127 129 130 131 135 136 137 138 139 140 142 144 146 147 148 149 150 151 152 153 154 155 156 157 158 159 160 161 162 163 164 165 166 167 168 169 170 171 172 178
49 8 9 20 21 31 34 41 43 46 49 52 55 64 67 77 95 104 106 107 108 109 110 111 112 113 114 115 116 118 122 125 126 127 128 129 131 132 134 135 138 139 141 142 144 146 147 149 150 151 153 157 161 163 164 165 171 173 175 176 177 178 179 180 182 183 187 191 194 195
50 0 1 2 4 5 6 7 8 9 11 12 13 14 15 16 17 18 20 22 23 24 25 26 28 29 30 32 33 35 36 37 38 39 41 42 43 44 45 47 48 50 51 53 55 56 57 59 60 62 63 64 65 66 68 69 70 71 72 73 74 75 76 77 85 86 97 98 99 106 108 110 113 114 115 116 117 119 121 122 123 124 125 126 127 128 129 130 131 132 135 136 137 138 139 140 142 144 146 147 148 149 150 151 152 153 154 155 156 157 158 159 160 161 162 163 164 165 166 167 168 169 170 171 172 178
52 8 9 10 16 21 33 34 35 41 43 49 52 55 60 67 77 80 95 104 106 108 109 111 112 113 115 116 118 120 122 124 125 126 127 129 132 134 135 136 137 142 144 146 149 150 151 153 160 161 163 164 165 167 171 173 175 177 178 180 182 183 184 190 191 194
55 9 10 21 27 31 33 35 52 55 73 74 85 95 97 98 104 107 109 111 112 116 117 118 119 120 122 124 128 129 130 133 134 135 136 137 138 139 140 142 143 144 146 156 168 174 176 180 181 184 185 186 189 191 197
60 1 2 8 10 16 18 20 28 33 34 35 41 43 44 48 50 52 55 60 64 67 74 77 80 85 86 95 97 98 99 106 108 110 112 113 114 115 116 117 119 121 123 125 126 127 129 130 131 134 135 137 138 142 144 146 147 148 149 150 151 152 153 154 155 156 157 158 159 160 161 162 163 164 165 166 167 168 169 170 171 172 175 178 180 183 184 190 196
64 1 2 8 9 10 11 18 21 29 31 34 41 43 44 49 54 55 60 64 74 85 95 101 103 105 107 109 110 111 112 113 115 117 118 120 121 122 123 126 127 129 130 131 132 133 134 135 137 139 142 145 150 154 161 164 165 171 175 177 179 183 188 192 193 196
67 1 8 10 16 21 27 31 34 35 41 46 52 55 60 67 73 74 77 85 86 97 99 104 106 109 111 112 113 115 118 122 124 126 127 128 129 130 132 133 134 136 137 138 139 140 142 143 146 153 154 155 161 162 163 165 174 175 177 178 181 182 183 191 196
73 1 2 9 10 16 19 21 27 28 33 34 35 48 50 55 67 73 74 85 86 95 97 99 104 107 109 112 117 118 120 122 124 128 129 130 132 133 134 135 136 137 138 140 141 143 145 146 148 149 150 152 155 156 158 159 162 166 168 169 170 172 174 175 176 179 180 181 183 191
74 1 2 9 10 21 27 28 35 41 44 52 55 58 60 64 67 73 74 85 86 95 97 98 99 104 107 109 112 117 118 120 122 123 124 128 130 132 133 135 136 137 140 142 143 146 149 150 154 155 162 174 175 176 181 182 183 187 191 196
77 1 8 16 18 20 28 31 33 34 41 43 44 46 48 49 50 52 58 60 64 67 74 77 80 98 108 109 110 111 112 113 114 115 116 117 119 121 124 125 126 129 130 131 135 137 138 139 142 144 146 147 148 149 150 151 152 153 154 155 156 157 158 159 160 161 162 163 164 165 166 167 168 169 170 171 172 173 175 177 178 180 182 183 184 190 196
80 3 5 6 8 9 13 15 16 17 19 21 23 25 26 28 30 31 32 33 34 35 36 37 38 39 40 41 43 46 47 51 52 53 54 55 56 58 60 61 62 65 67 68 72 77 80 95 104 106 108 109 112 113 115 116 117 118 125 126 127 129 132 134 135 136 137 142 144 146 149 151 153 160 161 163 164 165 167 173 175 177 178 180 183 184 190
85 2 9 10 18 19 21 27 35 41 55 60 67 73 74 85 86 95 97 98 99 104 107 111 112 117 118 119 120 122 124 125 126 128 130 132 133 134 136 137 138 139 140 143 145 146 149 150 154 155 156 161 162 174 175 176 179 181 183 191 196
86 9 10 18 19 21 27 31 35 44 52 55 67 73 74 85 86 95 97 99 104 107 111 112 117 119 120 121 122 123 124 125 126 128 130 132 133 134 135 136 137 138 139 140 141 143 145 154 155 156 162 174 176 179 181 183 191
95 10 18 21 27 31 35 43 49 52 55 67 73 74 85 86 95 97 98 99 104 107 109 111 112 113 116 120 122 123 124 125 126 128 129 130 131 132 133 134 135 136 137 138 140 141 142 143 145 149 154 155 162 171 174 177 179 181 183 189 197
97 2 10 16 18 19 20 27 28 33 41 48 49 50 52 67 73 74 85 86 95 97 98 99 104 107 109 112 114 116 117 120 121 122 123 124 125 126 128 129 130 133 134 136 138 142 143 145 146 148 152 153 154 155 158 159 160 162 166 167 168 169 170 172 174 176 179 180 181 182 183 187 191
98 2 9 10 16 18 20 21 27 28 31 33 35 41 44 48 50 55 60 73 74 85 86 95 97 98 99 104 108 110 111 112 114 116 117 118 119 120 121 122 123 124 125 128 130 133 135 136 137 138 139 143 144 146 147 148 151 152 153 155 156 157 158 159 160 161 162 163 166 167 168 169 170 172 174 176 181 182 187
99 2 10 21 27 31 35 43 46 52 55 67 73 74 85 86 95 97 98 99 104 107 111 117 118 120 122 123 124 128 129 132 133 134 135 136 137 138 139 140 141 142 143 145 154 155 162 163 174 176 177 181 182 187 191
104 10 18 20 21 27 31 33 41 46 49 52 55 58 67 73 74 85 86 95 97 98 99 104 106 107 108 114 116 118 119 120 122 123 124 125 128 129 130 132 133 134 135 136 137 138 139 142 143 145 146 151 153 154 155 157 161 162 168 174 175 176 179 180 183 189 194 197
