33 0 1 2 4 10 12 14 16 22 24 33 42 43 44 46 48 49 50 51 52 55 57 59 60 61 63 66 67 69 71 73 75 76 77 79 81 82 87 88 89 90 91 92 93 94 95 96 97 98 99 100 116 124 129 136 160 167 168 174 176 181 184 185 186 187 190 252 277
97 0 1 2 4 5 6 7 8 10 11 12 14 16 20 21 22 23 24 26 29 30 32 33 35 41 42 43 44 46 47 48 49 50 51 52 53 55 56 57 59 60 62 63 65 66 67 68 69 70 71 72 73 74 75 76 77 79 81 82 85 87 88 89 90 91 92 93 94 95 96 97 98 99 100 106 107 110 112 114 116 117 119 120 121 122 123 124 125 126 127 128 129 130 133 134 135 136 137 138 139 140 141 142 143 145 146 147 148 150 152 153 154 155 156 157 158 159 160 161 162 163 164 165 166 167 168 169 170 171 172 174 176 179 181 182 183 185 186 187 189 191 194 195 196 197 206 213 215 217 238 241 243 252 282 283 292 301
35 0 1 2 3 4 5 6 7 8 9 10 11 12 13 14 15 16 17 19 20 21 22 23 24 25 26 27 28 29 30 31 32 33 34 35 36 37 38 39 40 41 42 43 44 45 46 47 48 49 50 51 52 53 54 55 56 57 58 59 60 61 62 63 65 66 67 68 69 70 71 72 73 74 75 76 77 78 79 80 81 82 84 85 86 87 88 89 90 91 92 93 94 95 96 97 98 99 100 101 102 104 107 108 109 111 112 113 114 115 116 117 118 120 121 122 123 124 125 126 128 129 130 131 132 133 134 135 136 137 138 139 140 141 142 143 145 146 148 149 150 151 152 153 154 155 156 158 159 160 161 162 163 165 166 167 168 169 170 171 172 173 174 175 176 177 178 179 180 181 182 183 184 185 186 187 188 189 190 191 192 193 194 196 197 205 206 213 215 217 231 238 241 243 246 252 261 274 277 282 283 292 301
98 0 1 2 4 5 6 7 8 10 11 12 14 16 20 21 22 23 24 26 29 30 32 33 35 41 42 43 44 46 47 48 49 50 51 52 53 55 56 57 59 60 62 63 65 66 67 68 69 70 71 72 73 74 75 76 77 79 81 82 85 87 88 89 90 91 92 93 94 95 96 97 98 99 100 106 108 110 114 116 117 118 119 120 121 122 123 124 125 126 127 128 129 130 133 135 136 137 138 139 140 143 144 145 146 147 148 150 151 152 153 154 155 156 157 158 159 160 161 162 163 164 165 166 167 168 169 170 171 172 174 176 178 179 181 182 185 186 187 194 195 206 213 215 217 238 241 246 252 282 283 292 301
99 0 1 2 4 5 6 7 8 10 11 12 14 16 20 21 22 23 24 26 29 30 32 33 35 41 42 43 44 46 47 48 49 50 51 52 53 55 56 57 59 60 62 63 65 66 67 68 69 70 71 72 73 74 75 76 77 79 81 82 85 87 88 89 90 91 92 93 94 95 96 97 98 99 100 106 107 109 110 111 114 116 117 118 119 120 121 122 123 124 127 128 129 130 132 133 134 135 136 137 138 139 140 141 143 144 145 146 147 148 150 152 153 154 155 156 157 158 159 160 161 162 163 164 165 166 167 168 169 170 171 172 173 174 176 177 178 179 180 181 182 183 185 186 187 189 191 192 194 195 197 206 213 217 238 241 243 246 252 282 283 292 301
67 0 1 4 5 6 7 8 9 10 11 12 14 16 20 22 23 24 26 28 29 31 32 33 35 41 42 43 44 45 46 47 48 49 50 52 53 55 56 57 58 59 60 62 63 65 66 67 69 70 71 72 73 74 75 76 77 80 104 106 107 108 109 110 111 112 113 114 115 116 117 118 119 121 122 123 124 125 126 127 129 130 131 132 133 134 135 136 137 140 141 142 143 144 145 146 147 149 150 151 153 154 155 157 160 161 162 163 164 165 167 171 173 174 175 176 177 178 179 180 181 182 183 184 185 186 187 189 190 191 192 194 195 196 197 205 206 213 215 217 231 238 241 243 246 274 277 283 292 301
73 0 1 2 4 5 6 7 8 10 11 12 14 16 20 22 24 35 42 43 44 46 48 49 50 52 55 57 59 60 63 66 67 69 70 71 73 74 75 76 77 79 81 82 87 88 89 90 91 92 93 94 95 96 97 98 99 100 107 117 120 122 124 128 130 133 136 140 141 143 145 146 148 152 155 158 159 160 162 166 167 169 170 172 174 176 179 181 184 190 191 277 282 283 292 301
10 0 1 2 4 5 6 7 8 10 11 12 14 16 22 24 33 35 42 43 44 46 48 49 50 52 55 57 59 60 63 66 67 69 70 71 73 74 75 76 77 79 81 82 87 88 89 90 91 92 93 94 95 96 97 98 99 100 107 108 109 110 111 112 113 114 115 116 117 118 119 120 121 122 123 124 125 126 128 129 130 131 132 133 134 135 136 137 138 139 140 141 142 143 144 145 146 147 148 149 150 151 152 153 154 155 156 157 158 159 160 161 162 163 164 165 166 167 168 169 170 171 172 173 174 175 176 177 179 181 182 183 184 187 188 189 190 191 192 193 194 196 197 206 213 215 217 231 238 241 243 246 252 261 274 277 282 283 292 301
43 0 1 4 5 6 7 8 9 10 11 12 14 16 20 21 22 24 26 28 29 31 32 33 35 41 42 43 44 45 46 47 48 49 50 52 53 55 56 57 58 59 60 62 63 65 66 67 69 70 71 72 73 74 75 76 77 80 104 107 108 109 110 111 112 113 114 115 116 117 118 119 120 121 122 123 125 126 127 128 129 130 131 132 133 134 135 136 137 138 139 140 141 142 143 144 145 146 147 148 149 150 151 152 153 154 155 156 157 158 159 160 161 162 163 164 165 166 167 168 169 170 171 172 173 174 175 177 178 179 180 182 183 184 185 186 187 188 189 190 191 192 193 194 195 196 197 205 206 213 215 217 231 238 241 243 246 252 261 274 277 282 283 292 301
74 0 1 2 3 4 5 6 7 8 9 10 11 12 13 14 15 16 17 19 20 21 22 23 24 25 26 27 28 29 30 31 32 33 34 35 36 37 38 39 40 41 42 43 44 45 46 47 48 49 50 51 52 53 54 55 56 57 58 59 60 61 62 63 65 66 67 68 69 70 71 72 73 74 75 76 77 78 79 80 81 82 84 85 86 87 88 89 90 91 92 93 94 95 96 97 98 99 100 101 102 104 107 108 109 111 112 113 114 115 116 117 118 120 121 122 123 124 125 126 128 129 130 132 133 135 136 137 138 140 141 142 143 145 146 148 149 150 151 152 153 154 155 156 158 159 160 161 162 163 165 166 167 168 169 170 171 172 173 174 175 176 177 178 179 180 181 182 183 184 185 186 187 188 190 191 192 193 194 196 205 206 213 215 217 231 238 241 243 246 252 261 274 277 282 283 292 301
28 0 1 2 3 4 5 6 7 8 9 10 11 12 13 14 15 16 17 18 19 20 21 22 23 24 25 26 27 28 29 30 31 32 33 34 35 36 37 38 39 40 41 42 43 44 45 46 47 48 49 50 51 52 53 54 55 56 57 58 59 60 61 62 63 64 65 66 67 68 69 70 71 72 73 74 75 76 77 78 79 80 81 82 83 84 85 86 87 88 89 90 91 92 93 94 95 96 97 98 99 100 101 102 103 104 105 106 107 108 109 110 111 112 113 114 115 116 117 118 119 120 121 122 123 124 125 126 127 128 129 130 131 132 133 134 135 136 137 138 139 140 141 142 143 144 145 146 147 148 149 150 151 152 153 154 155 156 157 158 159 160 161 162 163 164 165 166 167 168 169 170 171 172 173 174 175 176 177 178 179 180 181 182 183 184 185 186 187 188 189 190 191 192 193 194 195 196 197 205 206 213 215 217 231 238 241 243 246 252 261 274 277 282 283 292 301
48 0 1 2 4 5 6 7 8 10 11 12 14 16 20 22 24 26 29 32 42 43 44 46 48 49 50 52 55 57 59 60 63 66 67 69 70 71 73 75 76 77 79 81 82 87 88 89 90 91 92 93 94 95 96 97 98 99 100 117 148 152 158 159 160 166 167 169 170 172 184 190 277
50 0 1 4 5 6 7 8 9 10 11 12 14 16 20 22 23 24 26 28 29 30 31 32 33 35 41 42 43 44 45 46 47 48 49 50 52 53 55 56 57 58 59 60 62 63 65 66 67 69 70 71 72 73 74 75 76 77 80 104 110 114 117 119 121 136 144 146 147 148 151 152 155 156 157 158 159 160 161 162 163 164 165 166 167 168 169 170 171 172 175 177 178 180 182 184 185 186 190 205 213 215 217 231 241 274 277 283
52 0 1 4 5 6 7 8 9 10 11 12 14 16 20 21 22 24 26 28 29 31 32 33 35 41 42 43 44 45 46 47 48 49 50 52 53 55 56 57 58 59 60 62 63 65 66 67 69 70 71 72 73 74 75 76 77 80 104 106 107 108 109 110 111 112 113 114 115 116 117 118 119 120 121 122 123 124 125 126 127 128 129 130 131 132 133 134 135 136 137 138 139 140 141 142 143 144 145 146 147 148 149 150 151 152 153 154 155 156 157 158 159 160 161 162 163 164 165 166 167 168 169 170 171 172 173 174 175 176 177 178 179 180 181 182 183 184 185 186 187 188 189 190 191 192 193 194 195 196 197 205 206 213 215 217 231 238 241 243 246 252 261 274 277 282 283 292 301
21 0 1 2 3 4 5 6 7 8 9 10 11 12 13 14 15 16 17 19 20 21 22 23 24 25 26 27 28 29 30 31 32 33 34 35 36 37 38 39 40 41 42 43 44 46 47 48 49 50 51 52 53 54 55 56 57 58 59 60 61 62 63 65 66 67 68 69 70 71 72 73 74 75 76 77 78 79 80 81 82 84 85 86 87 88 89 90 91 92 93 94 95 96 97 98 99 100 102 104 107 108 109 110 111 112 113 114 115 116 117 118 119 120 121 122 123 124 126 127 128 129 130 131 132 133 134 135 136 137 138 139 140 141 142 143 144 146 147 148 149 150 151 152 153 154 155 156 157 158 159 160 161 162 163 164 165 166 167 168 169 170 171 172 173 174 175 176 177 178 179 180 181 182 183 184 185 186 187 188 189 190 191 192 193 194 196 197 205 206 213 215 217 231 238 243 246 252 261 274 277 282 283 292 301
27 0 1 2 3 4 5 6 7 8 9 10 11 12 13 14 15 16 17 19 20 21 22 23 24 25 26 27 28 29 30 31 32 33 34 35 36 37 38 39 40 41 42 43 44 46 47 48 49 50 51 52 53 54 55 56 57 58 59 60 61 62 63 65 66 67 68 69 70 71 72 73 74 75 76 77 78 79 80 81 82 84 85 86 87 88 89 90 91 92 93 94 95 96 97 98 99 100 102 104 106 107 108 109 110 111 112 113 114 115 116 117 118 119 120 121 122 123 124 125 126 127 128 129 130 131 132 133 134 135 136 137 138 139 140 141 142 143 144 145 146 148 149 150 151 152 153 154 155 156 157 158 159 160 161 162 163 164 165 166 167 168 169 170 171 172 173 174 175 176 177 178 179 180 181 182 183 184 185 186 187 188 189 190 191 192 193 194 195 196 197 205 206 213 215 217 231 238 241 243 246 252 261 274 277 282 283 292 301
60 0 1 2 4 5 6 7 8 10 11 12 14 16 20 22 24 26 29 32 42 43 44 46 48 49 50 52 55 57 59 60 63 66 67 69 70 71 73 75 76 77 79 81 82 87 88 89 90 91 92 93 94 95 96 97 98 99 100 112 117 130 148 152 158 159 160 161 166 167 169 170 172 184 190 196 238 274 277
31 1 5 6 8 9 13 17 20 21 22 23 26 27 28 30 31 32 35 36 39 41 43 44 45 47 49 50 51 52 53 55 56 58 59 62 63 65 66 67 68 71 72 74 77 80 102 104 106 107 108 109 110 111 112 113 114 115 116 117 118 119 120 121 122 123 124 125 126 127 128 129 130 131 132 133 134 135 136 137 138 139 140 141 142 143 144 145 146 147 148 149 150 152 153 154 156 157 158 159 160 161 163 164 165 166 167 169 170 171 172 173 174 175 176 177 178 179 180 181 182 183 184 187 188 189 190 191 192 193 194 195 196 197 205 206 213 215 231 238 241 243 246 252 261 274 277 282 283 292 301
