33 0 1 2 4 5 6 7 8 10 11 12 13 14 16 17 20 21 22 23 24 26 27 29 30 32 33 35 36 39 41 42 43 44 45 46 47 48 49 50 51 52 53 55 56 57 58 59 60 61 62 63 65 66 67 68 69 70 71 72 73 74 75 76 77 79 80 81 82 85 87 88 89 90 91 92 93 94 95 96 97 98 99 100 117 124 129 184 185 186 252
97 0 1 2 4 5 6 7 8 10 11 12 13 14 15 16 17 20 21 23 24 25 26 27 29 30 32 33 34 35 36 37 38 39 41 42 46 47 48 51 53 56 57 58 60 61 62 65 68 69 70 72 73 74 75 76 78 79 81 82 85 87 88 89 90 91 92 93 94 95 96 97 98 99 100 117 124 133 136 282 292 301
35 0 1 2 3 4 5 6 7 8 9 10 11 12 13 14 15 16 17 19 20 21 23 24 25 26 27 28 30 31 32 34 35 36 37 38 39 41 42 43 46 47 48 50 51 52 53 54 56 57 58 60 61 62 65 67 68 69 72 73 74 75 76 80 85 98 99 104 112 117 122 124 126 128 132 133 137 143 283
98 0 1 2 4 5 6 7 8 10 11 12 13 14 15 16 17 20 21 23 24 25 26 27 29 30 32 33 34 35 36 37 38 39 41 42 46 47 48 51 53 54 56 57 58 60 61 62 65 68 69 70 72 73 74 75 76 78 79 81 82 85 87 88 89 90 91 92 93 94 95 96 97 98 99 100 117 124 301
99 0 1 2 4 5 6 7 8 10 11 12 13 14 15 16 17 20 21 23 24 25 26 27 29 30 32 33 34 35 36 37 38 39 41 42 46 47 48 51 53 56 57 58 60 61 62 65 68 69 70 72 73 74 75 76 78 79 81 82 85 87 88 89 90 91 92 93 94 95 96 97 98 99 100 107 117 118 120 122 124 128 132 133 136 140 292 301
67 0 1 2 4 5 6 7 8 9 10 11 12 13 14 15 16 17 18 20 21 22 23 24 25 26 27 28 29 30 31 32 33 34 35 36 37 38 39 41 42 43 44 45 46 47 48 49 50 51 52 53 54 55 56 57 58 59 60 61 62 63 64 65 66 67 68 69 70 71 72 73 74 75 76 77 112 115 136 175 178 213
73 0 1 2 4 5 6 7 8 10 11 12 13 14 15 16 17 20 21 22 23 24 26 27 28 29 30 32 33 35 36 39 41 42 43 44 45 46 47 48 49 50 51 53 55 56 57 58 59 60 61 62 63 65 66 67 68 69 70 71 72 73 74 75 76 77 78 79 81 82 85 87 88 89 90 91 92 93 94 95 96 97 98 99 100 117 122 136 143 283
10 0 1 2 4 5 6 7 8 10 11 12 13 14 16 17 20 21 22 23 24 26 27 29 30 31 32 33 35 36 39 41 42 43 44 46 47 48 49 50 51 52 53 55 56 57 58 59 60 62 63 65 66 67 68 69 70 71 72 73 74 75 76 77 79 81 82 87 88 89 90 91 92 93 94 95 96 97 98 99 100 107 111 112 117 118 120 122 124 128 130 132 134 143 174 252 282 283 292 301
43 0 1 2 4 5 6 7 8 9 10 11 12 13 14 15 16 17 18 20 21 22 23 24 26 27 28 29 30 31 32 33 35 36 39 41 42 43 44 45 46 47 48 49 50 51 52 53 55 56 57 58 59 60 62 63 64 65 66 67 68 69 70 71 72 73 74 75 76 77 107 109 111 112 117 118 120 125 126 127 131 132 134 135 137 149 206 213 246 292
74 0 1 2 3 4 5 6 7 8 9 10 11 12 13 14 15 16 17 19 20 21 23 24 25 26 27 28 30 31 32 34 35 36 37 38 39 41 42 46 47 48 50 51 53 54 56 57 58 60 61 62 65 67 68 69 72 73 74 75 76 80 85 97 98 99 104 112 117 118 122 124 136 282
28 0 1 2 3 4 5 6 7 8 9 10 11 12 13 14 15 16 17 19 20 21 22 23 24 25 26 27 28 29 30 31 32 33 34 35 36 37 38 39 40 41 42 43 44 45 46 47 48 49 50 51 52 53 54 55 56 57 58 59 60 61 62 63 65 66 67 68 69 70 71 72 73 74 75 76 77 78 80 102 104 117
48 0 1 2 4 5 6 7 8 9 10 11 12 13 14 15 16 17 20 21 22 23 24 25 26 27 28 29 30 32 33 34 35 36 37 38 39 41 42 43 44 45 46 47 48 49 50 51 53 55 56 57 58 59 60 61 62 63 65 66 67 68 69 70 71 72 73 74 75 76 77 78 79 81 82 85 87 88 89 90 91 92 93 94 95 96 97 98 99 100 117
50 0 1 2 3 4 5 6 7 8 9 10 11 12 13 14 15 16 17 18 20 21 22 23 24 25 26 27 28 29 30 31 32 33 34 35 36 37 38 39 40 41 42 43 44 45 46 47 48 49 50 51 52 53 54 55 56 57 58 59 60 61 62 63 64 65 66 67 68 69 70 71 72 73 74 75 76 77 78 101 117
52 0 1 2 4 5 6 7 8 9 10 11 12 14 16 20 21 22 24 26 27 28 29 31 32 33 35 41 42 43 44 45 46 47 48 49 50 51 52 53 55 57 58 59 60 63 66 67 69 70 71 73 74 75 76 77 97 106 107 108 109 111 112 113 115 116 117 118 120 122 124 125 126 127 128 129 130 131 132 133 134 135 136 137 138 139 142 143 144 146 149 150 151 153 160 161 163 165 167 171 173 175 177 178 179 180 183 184 190 205 206 213 215 231 238 243 246 252 261 274 277 282 292 301
21 0 1 2 3 4 5 6 7 8 9 10 11 12 13 14 15 16 17 19 20 21 23 24 25 26 27 28 30 31 32 33 34 35 36 37 38 39 40 41 42 43 46 47 48 51 52 53 54 56 57 58 60 61 62 65 68 69 70 72 73 74 75 76 78 80 84 85 86 99 104 107 118 120 122 124 128 132 133 138 139 156 176 177 206 246 252
27 1 2 3 5 6 7 8 9 10 13 15 17 19 20 21 23 25 26 27 28 30 31 32 33 34 35 36 37 38 39 40 41 47 51 52 53 54 56 58 61 62 65 68 72 73 74 78 80 104 107 109 111 117 118 120 122 124 129 132 133 134 136 138 139 153 156 180 181 213 231 252 292
60 0 1 2 3 4 5 6 7 8 9 10 11 12 13 14 15 16 17 18 19 20 21 22 23 24 25 26 27 28 29 30 31 32 33 34 35 36 37 38 39 40 41 42 43 44 45 46 47 48 49 50 51 52 53 54 55 56 57 58 59 60 61 62 63 64 65 66 67 68 69 70 71 72 73 74 75 76 77 78 79 80 81 82 85 87 88 89 90 91 92 93 94 95 96 97 98 99 100 101 102 104 112 117
31 1 2 3 5 6 8 9 10 13 15 17 19 20 21 22 23 25 26 27 28 30 31 32 34 35 36 37 38 39 41 43 44 45 47 49 50 51 52 53 55 56 58 59 61 62 63 65 66 67 68 71 72 74 77 80 104 106 107 109 111 112 113 117 118 122 124 127 128 129 132 134 135 137 139 142 175 177 183 205 206 215 231 246 261 292 301
