8 0 1 2 3 4 5 6 7 8 9 10 11 12 13 14 15 16 17 19 20 21 22 23 24 25 26 27 28 29 30 31 32 33 34 35 36 37 38 39 40 41 42 46 47 48 49 51 52 53 54 56 57 58 59 60 61 62 63 64 65 66 68 69 70 71 72 73 74 75 76 77 78 79 80 81 82 87 88 89 90 91 92 93 94 96 100 104 109 111 112 127 129 134 135 142 149 171 173 175 177
9 0 1 2 3 4 5 6 8 9 10 12 13 14 15 16 17 18 19 20 21 22 23 24 25 26 27 28 30 31 32 34 35 36 37 38 39 40 41 42 43 44 45 46 47 49 50 51 52 53 54 55 56 58 59 60 61 62 63 64 65 66 67 68 71 72 73 74 77 80 101 103 104 105 106 107 109 110 111 112 117 118 120 122 124 126 128 129 131 132 133 134 135 137 139 146 150 153 161
10 0 1 2 4 5 6 7 8 9 10 11 12 13 14 16 17 19 20 21 22 23 24 26 27 29 30 31 32 33 34 35 36 39 41 42 43 44 46 47 48 49 50 51 52 53 55 56 57 58 59 60 61 62 63 65 66 67 68 69 70 71 72 73 74 75 76 77 79 81 82 85 86 87 88 89 90 91 92 93 94 95 96 97 98 99 100 104 107 109 111 112 117 118 120 122 124 128 130 132 133 134 135 137 139 143 174
16 0 1 2 3 4 5 6 7 8 9 10 11 12 13 14 15 16 17 20 21 22 23 24 25 26 27 28 29 30 31 32 33 34 35 36 37 38 39 41 42 43 44 45 46 47 48 49 50 51 52 53 54 55 56 57 58 59 60 61 62 63 64 65 66 67 68 69 70 71 72 73 74 75 76 77 78 79 81 82 85 87 88 89 90 91 92 93 94 95 96 97 98 99 100 107 108 117 124 136 137 153
18 0 1 2 4 5 6 7 8 9 10 11 12 13 14 15 16 17 18 19 20 21 22 23 24 25 26 27 28 29 30 31 32 33 34 35 36 39 41 42 43 44 45 46 47 48 49 50 51 52 53 54 55 56 57 58 59 60 61 62 63 64 65 66 67 68 69 70 71 72 73 74 75 76 77 83 85 95 97 101 103 105 106 107 109 111 112 117 118 122 125 126 127 129 130 131 132 134 137 142 175 183 188 193
20 0 1 2 3 4 5 6 7 8 9 10 11 12 13 14 15 16 17 19 20 21 22 23 24 25 26 27 28 29 30 31 32 33 34 35 36 37 38 39 40 41 42 43 44 45 46 47 48 50 51 53 54 55 56 57 58 59 60 61 62 63 64 65 66 67 68 69 70 71 72 73 74 75 76 77 78 79 80 81 82 85 87 88 89 90 91 92 93 94 96 97 98 99 100 104 117 153
21 0 1 2 3 4 5 6 7 8 9 10 11 12 13 14 15 16 17 19 20 21 23 24 25 26 27 28 29 30 31 32 33 34 35 36 37 38 39 40 41 42 43 46 47 48 49 51 52 53 54 55 56 57 58 60 61 62 65 67 68 69 70 72 73 74 75 76 78 80 84 85 86 95 97 98 99 104 107 109 111 117 118 120 122 124 128 132 133 134 135 137 138 139 156 176 177
27 0 1 2 3 4 5 6 7 8 9 10 11 12 13 14 15 16 17 19 20 21 23 24 25 26 27 28 30 31 32 33 34 35 36 37 38 39 40 41 42 43 46 47 48 49 51 52 53 54 55 56 57 58 60 61 62 65 67 68 69 72 73 74 75 76 78 80 85 86 95 97 99 104 107 109 111 112 117 118 120 122 124 128 129 132 133 134 135 136 137 138 139 153 156 180 181
28 0 1 2 3 4 5 6 7 8 9 10 11 12 13 14 15 16 17 18 19 20 21 22 23 24 25 26 27 28 29 30 31 32 33 34 35 36 37 38 39 40 41 42 43 44 45 46 47 48 49 50 51 52 53 54 55 56 57 58 59 60 61 62 63 64 65 66 67 68 69 70 71 72 73 74 75 76 77 78 80 85 98 102 104 117
31 1 2 3 5 6 8 9 10 13 15 16 17 18 19 20 21 22 23 25 26 27 28 30 31 32 33 34 35 36 37 38 39 40 41 43 44 45 46 47 49 50 51 52 53 54 55 56 58 59 60 61 62 63 64 65 66 67 68 71 72 74 77 80 83 95 101 103 104 105 106 107 109 111 112 113 116 117 118 120 122 124 127 128 129 131 132 134 135 136 137 138 139 142 175 177 183
33 0 1 2 3 4 5 6 7 8 10 11 12 13 14 15 16 17 19 20 21 22 23 24 25 26 27 28 29 30 31 32 33 34 35 36 37 38 39 41 42 43 44 45 46 47 48 49 50 51 52 53 54 55 56 57 58 59 60 61 62 63 64 65 66 67 68 69 70 71 72 73 74 75 76 77 78 79 81 82 85 87 88 89 90 91 92 93 94 95 96 97 98 99 100 104 117 124 129 184 185 186
34 0 1 2 3 4 5 6 7 8 9 10 11 12 13 14 15 16 17 19 20 21 23 24 25 26 27 28 29 30 31 32 33 34 35 36 37 38 39 40 41 42 46 47 48 51 52 53 54 55 56 57 58 60 61 62 64 65 68 69 70 72 73 74 75 76 77 78 80 84 85 86 104 109 111
35 0 1 2 3 4 5 6 7 8 9 10 11 12 13 14 15 16 17 19 20 21 23 24 25 26 27 28 29 30 31 32 33 34 35 36 37 38 39 40 41 42 43 46 47 48 50 51 52 53 54 55 56 57 58 60 61 62 65 67 68 69 70 72 73 74 75 76 77 80 85 86 95 97 98 99 104 107 112 117 118 120 122 124 126 128 132 133 137 143
41 0 1 2 3 4 5 6 7 8 9 10 11 12 13 14 15 16 17 19 20 21 22 23 24 25 26 27 28 29 30 31 32 33 34 35 36 37 38 39 40 41 42 43 44 46 47 48 49 50 51 52 53 54 56 57 58 59 60 61 62 63 65 66 67 68 69 70 71 72 73 74 75 76 77 78 79 80 81 82 87 88 89 90 91 92 93 94 96 97 98 99 100 104 106 112 117 124 127 153 175
43 0 1 2 4 5 6 7 8 9 10 11 12 13 14 15 16 17 18 20 21 22 23 24 25 26 27 28 29 30 31 32 33 34 35 36 37 38 39 41 42 43 44 45 46 47 48 49 50 51 52 53 55 56 57 58 59 60 61 62 63 64 65 66 67 68 69 70 71 72 73 74 75 76 77 95 107 108 109 111 112 117 118 120 125 126 127 129 131 132 134 135 137 139 144 149 151 153 161 163 165 177 180
44 0 1 2 3 4 5 6 7 8 9 10 11 12 13 14 15 16 17 18 20 21 22 23 24 25 26 27 28 29 30 31 32 33 34 35 36 37 38 39 40 41 42 43 44 45 46 47 48 49 50 51 52 53 54 55 56 57 58 59 60 61 62 63 64 65 66 67 68 69 70 71 72 73 74 75 76 77 101 103 105 107 117 131
46 0 1 2 3 4 5 6 7 8 9 10 11 12 13 14 15 16 17 20 21 22 23 24 25 26 27 28 29 30 31 32 33 34 35 36 37 38 39 40 41 42 43 44 45 46 47 48 49 50 51 52 53 54 55 56 57 58 59 60 61 62 63 64 65 66 67 68 69 70 71 72 73 74 75 76 77 78 79 81 82 85 87 88 89 90 91 92 93 94 96 97 98 99 100 106 108 132 137 153 178
48 0 1 2 3 4 5 6 7 8 9 10 11 12 13 14 15 16 17 18 19 20 21 22 23 24 25 26 27 28 29 30 31 32 33 34 35 36 37 38 39 40 41 42 43 44 45 46 47 48 49 50 51 52 53 54 55 56 57 58 59 60 61 62 63 64 65 66 67 68 69 70 71 72 73 74 75 76 77 78 79 81 82 85 87 88 89 90 91 92 93 94 95 96 97 98 99 100 101 117
49 0 1 2 4 5 6 7 8 9 10 11 12 13 14 16 17 19 20 21 22 23 24 26 27 28 29 30 31 32 33 35 36 41 42 43 44 45 46 47 48 49 50 51 52 53 55 56 57 58 59 60 61 62 63 64 66 67 69 70 71 73 74 75 76 77 95 104 106 107 108 109 110 111 112 113 115 116 117 118 120 122 124 125 126 127 128 129 131 132 133 134 135 136 137 139 142 144 146 147 149 151 153 157 161 164 165 171 173 175 177 178 179 180
50 0 1 2 3 4 5 6 7 8 9 10 11 12 13 14 15 16 17 18 19 20 21 22 23 24 25 26 27 28 29 30 31 32 33 34 35 36 37 38 39 40 41 42 43 44 45 46 47 48 49 50 51 52 53 54 55 56 57 58 59 60 61 62 63 64 65 66 67 68 69 70 71 72 73 74 75 76 77 78 101 117
52 0 1 2 4 5 6 7 8 9 10 12 14 16 18 19 20 21 22 24 27 28 31 33 34 35 41 42 43 44 45 46 48 49 50 51 52 54 55 57 58 59 60 61 63 64 66 67 69 71 73 74 75 76 77 80 85 95 97 98 99 104 106 107 108 109 111 112 113 115 116 117 118 120 122 123 124 125 126 127 128 129 130 131 132 133 134 135 136 137 138 139 140 142 143 144 146 149 150 151 153 154 157 160 161 163 164 165 167 171 173 175 177 178 179 180 182 183 184 190 191
55 0 1 2 4 5 6 7 8 9 10 11 12 13 14 15 16 17 18 20 21 22 23 24 25 26 27 28 29 30 31 32 33 34 35 36 39 41 42 43 44 45 46 47 48 49 50 51 52 53 55 56 57 58 59 60 61 62 63 64 65 66 67 68 69 70 71 72 73 74 75 76 77 85 86 95 104 106 107 109 111 112 116 117 118 119 120 122 124 126 128 129 130 131 132 133 134 135 136 137 138 139 140 142 143 144 146 150 153 168
60 0 1 2 3 4 5 6 7 8 9 10 11 12 13 14 15 16 17 18 19 20 21 22 23 24 25 26 27 28 29 30 31 32 33 34 35 36 37 38 39 40 41 42 43 44 45 46 47 48 49 50 51 52 53 54 55 56 57 58 59 60 61 62 63 64 65 66 67 68 69 70 71 72 73 74 75 76 77 78 79 81 82 85 87 88 89 90 91 92 93 94 95 96 97 98 99 100 101 112 117
64 0 1 2 4 5 6 7 8 9 10 11 12 13 14 15 16 17 18 19 20 21 22 23 24 25 26 27 29 30 31 32 33 34 35 36 37 38 39 40 41 42 44 45 46 47 48 49 50 51 53 54 56 57 58 59 60 61 62 63 64 65 66 67 68 69 70 71 72 73 74 75 76 77 78 79 81 82 83 85 87 88 89 90 91 92 93 94 95 96 97 98 99 100 101 103 105 107 109 111 112 117 118 131 188 193
67 0 1 2 3 4 5 6 7 8 9 10 11 12 13 14 15 16 17 18 20 21 22 23 24 25 26 27 28 29 30 31 32 33 34 35 36 37 38 39 40 41 42 43 44 45 46 47 48 49 50 51 52 53 54 55 56 57 58 59 60 61 62 63 64 65 66 67 68 69 70 71 72 73 74 75 76 77 112 115 118 122 124 132 133 136 143 146 165 175 178
73 0 1 2 3 4 5 6 7 8 10 11 12 13 14 15 16 17 19 20 21 22 23 24 25 26 27 28 29 30 32 33 34 35 36 37 38 39 40 41 42 43 44 45 46 47 48 50 51 52 53 54 55 56 57 58 59 60 61 62 63 64 65 66 67 68 69 70 71 72 73 74 75 76 77 78 79 81 82 85 86 87 88 89 90 91 92 93 94 95 96 97 98 99 100 117 122 136 143
74 0 1 2 3 4 5 6 7 8 9 10 11 12 13 14 15 16 17 19 20 21 23 24 25 26 27 28 29 30 31 32 33 34 35 36 37 38 39 40 41 42 46 47 48 50 51 53 54 55 56 57 58 60 61 62 65 67 68 69 70 72 73 74 75 76 77 80 85 95 97 98 99 104 112 117 118 122 124 136
77 0 1 2 3 4 5 6 7 8 9 10 11 12 13 14 15 16 17 18 20 21 22 23 24 25 26 27 28 29 30 31 32 33 34 35 36 37 38 39 40 41 42 43 44 45 46 47 48 49 50 51 52 53 54 55 56 57 58 59 60 61 62 63 64 65 66 67 68 69 70 71 72 73 74 75 76 77 112 113 115 117 146 165 178
80 0 1 2 3 4 5 6 7 8 9 10 11 12 13 14 15 16 17 19 20 21 23 24 25 26 27 28 30 31 32 33 34 35 36 37 38 39 40 41 42 43 46 47 48 49 51 52 53 54 56 57 58 60 61 62 65 68 69 70 72 73 74 75 76 77 78 80 85 102 104
85 0 1 2 3 4 5 6 7 8 9 10 11 12 13 14 15 16 17 19 20 21 23 24 26 27 28 29 30 31 32 33 35 36 38 39 40 41 42 46 47 48 51 52 53 54 55 56 57 58 60 61 62 65 68 69 70 72 73 74 75 76 78 79 81 82 84 85 86 87 88 89 90 91 92 93 94 95 96 97 98 99 100 104 107 112 117 118 120 122 124 126 128 130 133 134 136 138 140 143 154
86 1 2 3 5 6 7 8 9 10 11 13 15 16 17 18 19 20 21 23 25 26 27 28 30 31 32 34 35 36 37 38 39 40 41 43 44 47 48 51 52 53 54 55 56 58 60 61 62 64 65 67 68 70 72 73 74 78 80 84 85 86 95 97 99 104 107 111 112 117 118 119 120 121 122 123 124 125 126 128 129 130 132 133 134 135 136 137 138 139 140 142 143 145 154
95 0 1 2 4 5 6 7 8 9 10 11 12 13 14 16 17 18 19 20 21 23 24 26 27 29 30 31 32 33 35 41 42 43 45 46 47 48 49 51 52 53 55 56 57 58 60 61 62 64 69 70 73 74 75 76 78 79 81 82 83 85 86 87 88 89 90 91 92 93 94 95 96 97 98 99 100 104 107 109 111 112 113 116 117 118 120 122 124 125 126 128 129 130 131 132 133 134 135 136 137 138 139 140 142 143 145 146 149 153 154 179 183
97 0 1 2 3 4 5 6 7 8 10 11 12 13 14 15 16 17 19 20 21 23 24 25 26 27 29 30 32 33 34 35 36 37 38 39 40 41 42 46 47 48 51 53 54 56 57 58 60 61 62 65 68 69 70 72 73 74 75 76 78 79 81 82 85 86 87 88 89 90 91 92 93 94 95 96 97 98 99 100 104 117 120 124 129 133 136 138 143
98 0 1 2 3 4 5 6 7 8 9 10 11 12 13 14 15 16 17 20 21 23 24 25 26 27 28 29 30 31 32 33 34 35 36 37 38 39 40 41 42 46 47 48 51 53 54 55 56 57 58 60 61 62 64 65 68 69 70 72 73 74 75 76 78 79 81 82 85 87 88 89 90 91 92 93 94 95 96 97 98 99 100 104 117 120 124 128 136 138 153
99 0 1 2 3 4 5 6 7 8 10 11 12 13 14 15 16 17 20 21 23 24 25 26 27 29 30 31 32 33 34 35 36 37 38 39 40 41 42 46 47 48 51 53 54 56 57 58 60 61 62 64 65 68 69 70 72 73 74 75 76 78 79 81 82 85 86 87 88 89 90 91 92 93 94 95 96 97 98 99 100 104 107 111 117 118 120 122 123 124 128 129 132 133 134 135 136 137 138 139 140 154 155 162
104 1 2 3 5 6 8 9 10 13 15 16 17 19 20 21 23 25 26 27 28 30 31 32 33 34 35 36 37 38 39 40 41 43 46 47 49 51 52 53 54 55 56 58 60 61 62 65 67 68 72 73 74 80 85 86 95 97 98 99 104 106 107 108 109 111 112 116 117 118 120 122 123 124 125 126 128 129 130 131 132 133 134 135 136 137 138 139 142 143 144 146 153 154 157 161 175 177 180
