8 0 1 2 3 4 5 6 7 8 9 10 11 12 13 14 15 16 17 18 19 20 21 23 24 25 26 27 28 30 31 32 33 34 35 36 37 38 39 40 41 42 47 48 49 51 52 53 54 55 56 57 58 60 61 62 64 65 68 69 72 74 75 76 77 80 95 104 106 107 108 109 111 112 113 115 116 117 118 120 122 123 124 125 126 127 128 129 130 131 132 133 134 135 137 138 139 142 144 146 147 149 150 153 154 157 161 163 164 165 171 173 175 177 178 179 180 183 192 196
9 1 2 5 6 8 9 10 13 16 17 18 19 21 23 26 27 28 30 31 32 33 34 35 36 39 41 43 44 46 47 49 52 53 54 55 56 58 61 62 64 65 68 72 73 74 80 85 86 95 97 98 99 101 103 104 105 106 107 108 109 110 111 112 113 116 117 118 119 120 122 123 124 125 126 127 128 129 130 131 132 133 134 135 136 137 138 139 140 142 143 144 145 146 147 149 150 151 153 154 156 157 161 165 173 175 176 177 179 180 183 188 189 191 193 194 197
10 1 2 8 9 10 16 18 19 20 21 27 31 33 34 35 41 43 46 48 49 52 55 58 60 61 64 67 73 74 77 85 86 95 97 98 99 104 106 107 108 109 111 112 113 116 117 118 119 120 122 123 124 125 126 127 128 129 130 131 132 133 134 135 136 137 138 139 140 141 142 143 144 145 146 149 150 153 154 156 161 163 165 168 173 174 175 176 177 178 180 181 182 183 189 191 197
16 0 1 2 4 5 6 7 9 10 11 12 13 14 16 17 18 20 21 23 24 26 27 28 29 30 31 32 33 34 35 36 39 41 42 43 44 46 47 48 49 50 51 52 53 55 56 57 58 60 61 62 65 67 68 69 70 72 73 74 75 76 77 85 86 95 97 98 99 104 107 108 109 111 112 113 116 117 118 119 120 121 122 123 124 125 126 127 128 129 130 132 133 134 135 136 137 138 139 140 141 142 143 144 145 146 149 150 151 153 156 157 160 161 163 165 167 174 175 176 178 180 181 182 187 194
18 1 2 8 9 10 16 18 19 20 21 22 27 28 31 34 35 41 43 44 45 48 49 50 52 54 55 58 59 60 61 62 63 64 66 71 73 74 77 83 85 86 95 97 98 99 101 103 104 105 106 107 108 109 110 111 112 113 114 115 116 117 118 119 120 121 122 123 124 125 126 127 128 129 130 131 132 133 134 135 136 137 138 139 140 141 142 143 144 145 146 147 149 150 151 153 154 155 156 160 161 162 163 164 165 167 168 171 175 177 179 180 183 188 193
20 0 1 2 3 4 5 6 7 8 9 10 11 12 13 14 15 16 17 18 19 20 21 22 23 24 25 26 27 28 29 30 31 32 33 34 35 36 37 38 39 40 41 42 43 44 45 46 47 48 49 50 51 52 53 54 55 56 57 58 59 60 61 62 63 64 65 66 67 68 69 70 71 72 73 74 75 76 77 78 79 80 81 82 86 87 88 89 90 91 92 93 94 95 96 97 98 99 100 104 106 107 108 110 111 112 117 118 120 124 125 128 129 132 134 137 139 147 148 149 151 152 153 156 157 158 159 161 166 168 169 170 171 172 180 194
21 1 2 3 5 6 8 9 10 13 15 16 17 18 19 20 21 23 25 26 27 28 30 31 32 33 34 35 36 37 38 39 40 41 43 46 47 49 51 52 53 54 55 56 58 60 61 62 64 65 67 68 70 72 73 74 80 84 85 86 95 97 99 104 106 107 108 109 110 111 112 113 116 117 118 119 120 122 123 124 126 127 128 129 130 131 132 133 134 135 136 137 138 139 140 141 142 143 144 146 149 150 153 154 156 161 163 164 168 173 174 175 176 177 179 180 181 191
27 1 2 3 5 6 7 8 9 10 15 16 17 18 19 20 21 25 26 27 28 31 32 33 34 35 36 37 38 40 41 43 46 47 49 51 52 53 54 55 56 58 61 64 65 67 72 73 74 78 85 86 95 97 98 99 104 106 107 108 109 111 112 116 117 118 119 120 122 123 124 125 126 127 128 129 130 131 132 133 134 135 136 137 138 139 140 141 142 143 144 145 146 149 150 151 153 154 155 156 157 161 162 163 165 168 173 174 175 176 177 179 180 181 183 184 185 186 194
28 0 1 2 3 4 5 6 7 8 9 10 11 12 13 14 15 16 17 18 19 20 21 22 23 24 25 26 27 28 29 30 31 32 33 34 35 36 37 38 39 40 41 42 43 44 45 46 47 48 49 50 51 52 53 54 55 56 57 58 59 60 61 62 63 64 65 66 67 68 69 70 71 72 73 74 75 76 77 78 80 86 95 98 104 107 108 109 110 111 112 114 115 116 117 118 119 120 121 123 125 130 131 132 134 137 138 139 140 144 146 147 148 149 150 151 152 153 154 155 156 157 158 159 160 161 162 163 164 165 166 167 168 169 170 171 172
31 1 8 9 10 16 18 21 27 31 33 34 35 41 43 44 45 46 49 52 54 55 58 60 61 64 67 74 77 83 85 86 95 98 99 103 104 105 106 107 109 110 111 112 113 115 116 117 118 120 122 123 124 125 126 127 128 129 130 131 132 133 134 135 136 137 138 139 140 142 143 144 146 147 149 150 153 154 156 161 163 164 165 171 173 175 176 177 178 179 180 182 183 187 191
33 0 1 2 3 4 5 6 7 8 9 10 11 12 13 14 15 16 17 20 21 23 24 25 26 27 28 29 30 31 32 33 34 35 36 37 38 39 41 42 43 44 46 47 48 49 50 51 52 53 54 55 56 57 58 60 61 62 65 68 69 70 72 73 74 75 76 77 80 85 86 95 97 98 99 104 106 107 109 111 112 113 116 117 118 120 122 123 124 125 127 128 129 131 132 133 134 135 136 137 138 139 142 143 144 146 150 151 153 156 160 161 163 165 167 168 174 176 180 181 182 184 185 186 187
34 0 1 2 3 4 5 6 7 8 9 10 11 12 13 14 15 16 17 18 19 20 21 23 24 25 26 27 28 29 30 31 32 33 34 35 36 37 38 39 40 41 42 43 45 46 47 48 49 51 52 53 54 55 56 57 58 60 61 62 64 65 68 69 70 72 73 74 75 76 77 78 80 86 95 104 106 107 109 111 112 113 116 117 118 120 122 123 124 125 127 128 129 131 132 133 134 135 136 137 138 139 142 144 149 150 153 154 156 163 165 175 177 179 180 181 183 184 190 192
35 1 2 3 5 6 8 9 10 13 15 16 17 18 19 20 21 23 25 26 27 28 30 31 32 33 34 35 36 37 38 39 40 41 43 46 47 48 49 51 52 53 54 55 56 58 60 61 62 64 65 67 68 72 73 74 77 80 85 86 95 97 98 99 104 106 107 108 109 111 112 116 117 118 120 122 123 124 125 126 128 129 130 131 132 133 134 135 136 137 138 139 140 141 142 143 145 146 149 150 151 153 154 156 161 163 174 175 176 177 178 180 181 182 183 191 194 196
41 1 2 3 5 6 8 9 10 13 15 16 17 19 20 21 23 25 26 27 28 30 31 32 33 34 35 36 37 38 39 40 41 43 46 47 48 49 51 52 53 54 55 56 58 60 61 62 64 65 67 68 72 74 77 80 95 97 98 99 104 106 107 108 109 110 111 112 113 114 115 116 117 118 122 123 124 125 126 127 128 129 130 131 132 134 135 136 137 138 139 142 143 144 146 147 149 150 151 153 154 157 161 164 171 175 177 178 180 182 183 187 191 194 195 196
43 1 2 8 9 10 16 18 20 21 22 27 28 31 33 34 35 41 43 44 45 46 48 49 50 52 55 58 59 60 63 64 66 71 73 74 77 80 86 95 97 98 99 104 106 107 108 109 110 111 112 113 115 116 117 118 119 120 121 122 123 124 125 126 127 128 129 130 131 132 133 134 135 136 137 138 139 140 141 142 143 144 145 146 147 149 150 151 153 154 156 157 160 161 163 164 165 167 168 171 173 175 177 178 179 180 182 183 184 187 189 190 194 195 197
44 0 1 2 4 5 6 7 9 11 12 13 14 16 17 18 20 21 22 23 24 26 27 28 29 30 31 32 33 35 36 39 41 42 43 44 45 47 48 49 50 51 52 53 54 55 56 57 58 59 60 62 63 64 65 66 67 68 69 70 71 72 73 74 75 76 77 85 86 95 99 101 103 104 105 107 108 109 110 111 112 114 116 117 118 119 120 121 123 124 125 126 128 129 130 131 132 133 134 135 136 137 138 139 140 141 142 143 144 145 147 148 150 151 152 153 154 155 156 157 158 159 160 161 162 163 164 165 166 167 168 169 170 171 172 188 193
46 0 1 2 3 4 5 6 7 9 10 11 12 13 14 15 16 17 19 20 21 23 24 25 26 27 29 30 31 32 34 35 36 37 38 39 40 41 42 43 46 47 48 49 51 52 53 54 56 57 58 60 61 62 65 67 68 69 70 72 73 74 75 76 77 95 99 104 106 107 108 109 110 111 112 113 114 115 116 117 118 120 122 124 125 126 127 129 132 134 137 141 142 145 146 149 151 153 157 161 163 165 175 177 178 180 182 183 194
48 0 1 2 3 4 5 6 7 8 10 11 12 13 14 15 16 17 18 19 20 21 22 23 24 25 26 27 28 29 30 31 32 33 34 35 36 37 38 39 40 41 42 43 44 45 46 47 48 49 50 51 52 53 54 55 56 57 58 59 60 61 62 63 64 65 66 67 68 69 70 71 72 73 74 75 76 77 78 79 81 82 85 86 87 88 89 90 91 92 93 94 95 96 97 98 99 100 104 107 108 110 112 114 115 116 117 118 119 120 121 123 125 130 131 132 134 138 139 140 144 147 148 150 151 152 153 154 155 156 157 158 159 160 162 163 164 165 166 167 168 169 170 171 172
49 1 8 9 10 16 18 20 21 27 31 33 34 35 41 43 46 49 52 55 58 60 64 67 74 77 85 86 95 98 99 104 106 107 108 109 110 111 112 113 114 115 116 117 118 120 122 123 124 125 126 127 128 129 130 131 132 133 134 135 136 137 138 139 140 141 142 143 144 146 147 149 150 151 153 154 156 157 161 163 164 165 171 173 175 176 177 178 179 180 182 183 187 191 194 195
50 0 1 2 3 4 5 6 7 8 10 11 12 13 14 15 16 17 18 19 20 22 23 24 25 26 27 28 29 30 31 32 33 34 35 36 37 38 39 40 41 42 43 44 45 46 47 48 49 50 51 52 53 54 55 56 57 58 59 60 61 62 63 64 65 66 67 68 69 70 71 72 73 74 75 76 77 86 95 97 98 99 107 108 110 111 112 113 114 115 116 117 118 119 120 121 123 125 126 129 130 131 132 134 135 137 138 139 140 142 144 146 147 148 149 150 151 152 153 154 155 156 157 158 159 160 161 162 163 164 165 166 167 168 169 170 171 172
52 1 8 9 10 16 18 20 21 27 31 33 34 35 41 43 46 49 52 55 58 60 64 67 73 74 77 80 85 86 95 97 98 99 104 106 107 108 109 110 111 112 113 115 116 117 118 120 122 123 124 125 126 127 128 129 130 131 132 133 134 135 136 137 138 139 140 142 143 144 145 146 147 149 150 151 153 154 157 160 161 163 164 165 167 171 173 175 177 178 179 180 182 183 184 187 190 191 194
55 1 2 8 9 10 16 18 19 20 21 27 28 31 33 34 35 40 41 43 44 48 49 50 51 52 54 55 58 60 61 64 67 73 74 77 85 86 95 97 98 99 104 106 107 108 109 110 111 112 113 114 115 116 117 118 119 120 121 122 123 124 125 126 127 128 129 130 131 132 133 134 135 136 137 138 139 140 141 142 143 144 145 146 147 149 150 151 153 154 155 156 157 160 161 162 163 164 165 167 168 171 173 174 175 176 177 178 179 180 181 182 183 184 185 186 187 189 191 197
60 0 1 2 3 4 5 6 7 8 10 11 12 13 14 15 16 17 20 21 23 24 25 26 27 28 29 30 31 32 33 34 35 36 37 38 39 40 41 42 43 44 46 47 48 49 50 51 52 53 54 56 57 58 60 61 62 64 65 68 69 70 72 73 74 75 76 77 80 86 95 97 98 99 104 106 107 108 111 112 113 115 116 117 118 120 122 124 125 126 127 128 129 130 131 132 134 135 137 142 144 146 149 150 151 153 154 160 161 163 165 167 171 175 178 183 184 190 196
64 0 1 2 4 5 6 7 8 9 10 11 12 13 14 16 17 18 19 20 21 23 24 26 27 28 29 30 31 32 34 35 36 38 39 40 41 42 43 44 45 47 48 49 50 52 53 54 55 56 57 58 60 61 62 64 65 69 70 73 74 75 76 83 85 86 95 99 101 103 104 105 106 107 108 109 110 111 112 113 115 116 117 118 120 122 123 124 125 126 127 128 129 130 131 132 133 134 135 136 137 138 139 140 142 144 146 149 150 153 154 161 165 171 175 177 179 183 188 192 193 196
67 0 1 2 4 5 6 7 10 11 12 13 14 15 16 17 19 20 21 22 23 24 25 26 27 28 29 30 31 32 35 36 37 38 39 41 42 44 45 46 47 48 49 50 51 52 53 55 56 57 58 59 60 61 62 63 64 65 66 67 68 69 70 71 72 73 74 75 76 77 85 86 95 97 99 104 106 107 108 109 111 112 113 115 117 118 120 122 123 124 126 127 128 129 130 131 132 133 134 135 136 137 138 139 140 142 143 146 149 150 153 154 155 161 162 165 174 175 177 178 180 182 183 191
73 0 1 2 3 4 5 6 7 9 10 11 12 13 14 15 16 17 19 20 21 23 24 25 26 27 28 29 30 31 32 33 34 35 36 37 38 39 40 41 42 44 46 47 48 50 51 52 53 54 55 56 57 58 60 61 62 64 65 67 68 69 70 72 73 74 75 76 77 85 86 95 97 98 99 104 107 109 111 112 117 118 120 122 124 126 128 129 130 132 133 134 135 136 137 138 139 140 142 143 146 149 150 153 155 156 162 180 181 191
74 0 1 2 3 4 5 6 7 8 9 10 11 12 13 14 15 16 17 19 20 21 23 24 25 26 27 28 29 30 31 32 33 34 35 36 37 38 39 40 41 42 44 47 48 49 50 51 52 53 54 55 56 57 58 60 61 62 64 65 67 68 69 70 72 73 74 75 76 77 80 85 86 95 97 98 99 104 107 109 111 112 116 117 118 120 122 123 124 126 128 129 130 131 132 133 134 135 136 137 138 139 140 142 143 146 149 150 153 154 155 161 162 174 175 176 180 181 182 183 187 191 196
77 0 1 2 4 5 6 7 8 9 10 11 12 14 16 18 20 21 22 24 26 27 28 29 31 32 33 34 35 41 42 43 44 45 46 47 48 49 50 51 52 53 55 56 57 58 59 60 61 62 63 64 66 67 69 70 71 73 74 75 76 77 80 95 104 108 109 111 112 113 115 116 117 118 120 122 124 125 126 128 129 130 131 132 134 135 137 138 139 142 144 146 147 149 150 151 153 154 156 157 160 161 163 164 165 167 171 173 175 177 178 180 182 183 184 190
80 1 2 3 5 6 8 9 10 13 15 16 17 19 20 21 23 25 26 27 28 30 31 32 33 34 35 36 37 38 39 40 41 43 46 47 49 51 52 53 54 55 56 58 60 61 62 65 67 68 72 74 77 78 80 85 95 104 106 107 108 109 111 112 113 116 117 118 120 122 124 126 127 128 129 132 133 134 135 136 137 138 139 142 144 146 149 151 153 160 161 163 165 167 175 177 178 180 184 190
85 1 2 3 8 9 10 13 15 16 18 19 21 23 27 30 31 33 35 40 41 49 52 54 55 58 61 64 67 68 70 73 74 84 85 86 95 97 98 99 104 106 107 109 111 112 116 117 118 119 120 121 122 124 125 126 127 128 129 130 132 133 134 135 136 137 138 139 140 141 142 143 145 146 149 150 153 154 161 174 175 179 180 183 191
86 1 2 3 8 9 10 13 15 16 18 19 21 23 27 30 31 33 34 35 40 41 43 44 49 52 54 55 58 61 64 67 68 70 73 74 84 85 86 95 97 98 99 104 107 108 109 111 112 116 117 118 119 120 121 122 123 124 125 126 128 129 130 131 132 133 134 135 136 137 138 139 140 141 142 143 144 145 150 153 154 155 156 161 162 163 165 168 174 175 177 179 180 183
95 1 2 8 9 10 13 15 16 18 19 20 21 23 27 30 31 33 34 35 41 43 44 45 46 48 49 51 52 55 58 60 64 67 68 70 73 74 77 83 85 86 95 97 98 99 104 106 107 108 109 111 112 113 116 117 118 119 120 121 122 123 124 125 126 127 128 129 130 131 132 133 134 135 136 137 138 139 140 141 142 143 144 145 146 149 150 151 153 154 155 156 157 160 161 162 163 165 167 171 173 174 175 176 177 178 179 180 181 182 183 184 187 189 191 196 197
97 0 1 2 4 5 6 7 9 10 11 12 13 14 16 17 18 19 20 21 23 24 26 27 29 30 31 32 33 35 36 38 39 41 42 47 48 49 51 52 53 55 56 57 58 60 61 62 65 67 68 69 70 72 73 74 75 76 78 79 81 82 85 86 87 88 89 90 91 92 93 94 95 96 97 98 99 100 104 106 107 109 111 112 116 117 118 120 122 123 124 125 126 128 129 130 132 133 134 135 136 137 138 140 142 143 145 146 148 152 153 154 155 156 158 159 162 166 169 170 172 174 176 179 181 182 183 187
98 0 1 2 4 5 6 7 9 10 11 12 14 16 20 21 23 24 26 27 28 29 30 31 32 33 35 41 42 47 48 49 51 52 53 55 56 57 58 60 62 65 68 69 70 72 73 74 75 76 79 81 82 85 86 87 88 89 90 91 92 93 94 95 96 97 98 99 100 104 106 107 108 109 110 111 112 114 116 117 118 119 120 121 122 123 124 125 126 128 129 130 132 133 134 135 136 137 138 139 140 142 143 144 146 147 148 151 152 153 154 155 156 157 158 159 160 161 162 163 166 167 168 169 170 172 174 176 181 182 187
99 0 1 2 4 5 6 7 9 10 11 12 13 14 16 17 19 20 21 23 24 26 27 29 30 31 32 33 35 36 39 41 42 43 46 47 48 49 51 52 53 55 56 57 58 60 61 62 65 67 68 69 70 73 74 75 76 78 79 81 82 85 86 87 88 89 90 91 92 93 94 95 96 97 98 99 100 104 106 107 109 111 112 116 117 118 120 122 123 124 126 127 128 129 132 133 134 135 136 137 138 139 140 141 142 143 145 146 148 152 153 154 155 156 158 159 162 163 166 169 170 172 174 175 176 177 180 181 182 183 187
104 1 2 8 9 10 16 18 19 20 21 27 31 33 34 35 41 43 46 49 52 55 58 64 67 73 74 80 85 86 95 97 98 99 104 106 107 108 109 110 111 112 113 114 115 116 117 118 119 120 122 123 124 125 126 127 128 129 130 131 132 133 134 135 136 137 138 139 140 142 143 144 145 146 147 149 150 151 153 154 155 157 161 162 165 168 173 174 175 177 179 180 183 194
