8 0 1 2 3 4 5 6 7 8 9 10 11 12 13 14 15 16 17 19 20 21 23 24 25 26 27 28 29 30 31 32 33 34 35 36 37 38 39 40 41 42 46 47 48 51 53 54 56 57 58 60 61 62 64 65 68 69 70 72 73 74 75 76 78 80 104
9 1 2 3 5 6 8 9 13 15 17 19 20 21 23 25 26 27 28 30 31 32 34 35 36 37 38 39 40 41 47 51 53 54 56 58 61 62 65 68 72 74 80 104
10 0 1 2 3 4 5 6 7 8 10 11 12 13 14 15 16 17 19 20 21 23 24 25 26 27 29 30 32 33 34 35 36 37 38 39 40 41 42 46 47 48 51 53 54 56 57 58 60 61 62 64 65 68 69 70 72 73 74 75 76
16 0 1 2 3 4 5 6 7 8 10 11 12 13 14 15 16 17 19 20 21 23 24 25 26 27 29 30 32 33 34 35 36 37 38 39 40 41 42 46 47 48 51 53 54 56 57 58 60 61 62 64 65 68 69 70 72 73 74 75 76
18 0 1 2 3 4 5 6 7 8 9 10 11 12 13 14 15 16 17 18 19 20 21 22 23 24 25 26 27 28 29 30 31 32 33 34 35 36 37 38 39 40 41 42 43 44 45 46 47 48 49 50 51 52 53 54 55 56 57 58 59 60 61 62 63 64 65 66 67 68 69 70 71 72 73 74 75 76 77 83 101 103 105
20 0 1 2 3 4 5 6 7 8 9 10 11 12 13 14 15 16 17 19 20 21 23 24 25 26 27 28 29 30 31 32 33 34 35 36 37 38 39 40 41 42 46 47 48 51 53 54 56 57 58 60 61 62 64 65 68 69 70 72 73 74 75 76 78 80 104
21 0 1 2 3 4 5 6 7 8 9 10 11 12 13 14 15 16 17 19 20 21 23 24 25 26 27 28 29 30 31 32 33 34 35 36 37 38 39 40 41 42 46 47 48 51 53 54 56 57 58 60 61 62 64 65 68 69 70 72 73 74 75 76 78 80 84 85 86 104
27 1 2 3 5 6 7 8 13 15 17 19 20 21 23 25 26 27 30 32 34 35 36 37 38 39 40 41 47 51 53 54 56 58 61 62 65 68 72 74 78
28 1 2 3 5 6 8 9 13 15 17 19 20 21 23 25 26 27 28 30 31 32 34 35 36 37 38 39 40 41 47 51 53 54 56 58 61 62 65 68 72 74 80 104
31 1 2 3 5 6 8 9 13 15 17 19 20 21 23 25 26 27 28 30 31 32 34 35 36 37 38 39 40 41 47 51 53 54 56 58 61 62 65 68 72 74 80 104
33 0 1 2 3 4 5 6 7 8 10 11 12 13 14 15 16 17 19 20 21 23 24 25 26 27 29 30 32 33 34 35 36 37 38 39 40 41 42 46 47 48 51 53 54 56 57 58 60 61 62 64 65 68 69 70 72 73 74 75 76
34 1 2 3 5 6 7 8 11 13 15 17 19 20 21 23 25 26 27 30 32 34 35 36 37 38 39 40 41 47 51 53 54 56 58 61 62 64 65 68 72 74 78
35 0 1 2 3 4 5 6 7 8 9 10 11 12 13 14 15 16 17 19 20 21 23 24 25 26 27 28 29 30 31 32 33 34 35 36 37 38 39 40 41 42 46 47 48 51 53 54 56 57 58 60 61 62 64 65 68 69 70 72 73 74 75 76 78 80 104
41 0 1 2 3 4 5 6 7 8 9 10 11 12 13 14 15 16 17 19 20 21 23 24 25 26 27 28 29 30 31 32 33 34 35 36 37 38 39 40 41 42 46 47 48 51 53 54 56 57 58 60 61 62 64 65 68 69 70 72 73 74 75 76 78 80 104
43 0 1 2 3 4 5 6 7 8 9 10 11 12 13 14 15 16 17 18 19 20 21 22 23 24 25 26 27 28 29 30 31 32 33 34 35 36 37 38 39 40 41 42 43 44 45 46 47 48 49 50 51 52 53 54 55 56 57 58 59 60 61 62 63 64 65 66 67 68 69 70 71 72 73 74 75 76 77
44 0 1 2 3 4 5 6 7 8 9 10 11 12 13 14 15 16 17 18 19 20 21 22 23 24 25 26 27 28 29 30 31 32 33 34 35 36 37 38 39 40 41 42 43 44 45 46 47 48 49 50 51 52 53 54 55 56 57 58 59 60 61 62 63 64 65 66 67 68 69 70 71 72 73 74 75 76 77
46 0 1 2 3 4 5 6 7 8 10 11 12 13 14 15 16 17 19 20 21 23 24 25 26 27 29 30 32 33 34 35 36 37 38 39 40 41 42 46 47 48 51 53 54 56 57 58 60 61 62 64 65 68 69 70 72 73 74 75 76
48 0 1 2 3 4 5 6 7 8 10 11 12 13 14 15 16 17 19 20 21 23 24 25 26 27 29 30 32 33 34 35 36 37 38 39 40 41 42 46 47 48 51 53 54 56 57 58 60 61 62 64 65 68 69 70 72 73 74 75 76
49 0 1 2 3 4 5 6 7 8 9 10 11 12 13 14 15 16 17 18 19 20 21 22 23 24 25 26 27 28 29 30 31 32 33 34 35 36 37 38 39 40 41 42 43 44 45 46 47 48 49 50 51 52 53 54 55 56 57 58 59 60 61 62 63 64 65 66 67 68 69 70 71 72 73 74 75 76 77
50 0 1 2 3 4 5 6 7 8 9 10 11 12 13 14 15 16 17 18 19 20 21 22 23 24 25 26 27 28 29 30 31 32 33 34 35 36 37 38 39 40 41 42 43 44 45 46 47 48 49 50 51 52 53 54 55 56 57 58 59 60 61 62 63 64 65 66 67 68 69 70 71 72 73 74 75 76 77
52 0 1 2 3 4 5 6 7 8 9 10 11 12 13 14 15 16 17 18 19 20 21 22 23 24 25 26 27 28 29 30 31 32 33 34 35 36 37 38 39 40 41 42 43 44 45 46 47 48 49 50 51 52 53 54 55 56 57 58 59 60 61 62 63 64 65 66 67 68 69 70 71 72 73 74 75 76 77
55 0 1 2 3 4 5 6 7 8 9 10 11 12 13 14 15 16 17 18 19 20 21 22 23 24 25 26 27 28 29 30 31 32 33 34 35 36 37 38 39 40 41 42 43 44 45 46 47 48 49 50 51 52 53 54 55 56 57 58 59 60 61 62 63 64 65 66 67 68 69 70 71 72 73 74 75 76 77
60 0 1 2 3 4 5 6 7 8 10 11 12 13 14 15 16 17 19 20 21 23 24 25 26 27 29 30 32 33 34 35 36 37 38 39 40 41 42 46 47 48 51 53 54 56 57 58 60 61 62 64 65 68 69 70 72 73 74 75 76
64 0 1 2 3 4 5 6 7 8 10 11 12 13 14 15 16 17 18 19 20 21 23 24 25 26 27 29 30 32 33 34 35 36 37 38 39 40 41 42 45 46 47 48 51 53 54 56 57 58 60 61 62 64 65 68 69 70 72 73 74 75 76 78 83 101 103 105
67 0 1 2 3 4 5 6 7 8 9 10 11 12 13 14 15 16 17 18 19 20 21 22 23 24 25 26 27 28 29 30 31 32 33 34 35 36 37 38 39 40 41 42 43 44 45 46 47 48 49 50 51 52 53 54 55 56 57 58 59 60 61 62 63 64 65 66 67 68 69 70 71 72 73 74 75 76 77
73 0 1 2 3 4 5 6 7 8 10 11 12 13 14 15 16 17 19 20 21 23 24 25 26 27 29 30 32 33 34 35 36 37 38 39 40 41 42 46 47 48 51 53 54 56 57 58 60 61 62 64 65 68 69 70 72 73 74 75 76
74 0 1 2 3 4 5 6 7 8 9 10 11 12 13 14 15 16 17 19 20 21 23 24 25 26 27 28 29 30 31 32 33 34 35 36 37 38 39 40 41 42 46 47 48 51 53 54 56 57 58 60 61 62 64 65 68 69 70 72 73 74 75 76 78 80 85 104
77 0 1 2 3 4 5 6 7 8 9 10 11 12 13 14 15 16 17 18 19 20 21 22 23 24 25 26 27 28 29 30 31 32 33 34 35 36 37 38 39 40 41 42 43 44 45 46 47 48 49 50 51 52 53 54 55 56 57 58 59 60 61 62 63 64 65 66 67 68 69 70 71 72 73 74 75 76 77
80 1 2 3 5 6 8 9 13 15 17 19 20 21 23 25 26 27 28 30 31 32 34 35 36 37 38 39 40 41 47 51 53 54 56 58 61 62 65 68 72 74 80 104
85 0 1 2 3 4 5 6 7 8 10 11 12 13 14 15 16 17 19 20 21 23 24 25 26 27 29 30 32 33 34 35 36 37 38 39 40 41 42 46 47 48 51 53 54 56 57 58 60 61 62 64 65 68 69 70 72 73 74 75 76 78 79 81 82 84 85 86 87 88 89 90 91 92 93 94 95 96 97 98 99 100
86 1 2 3 13 15 19 21 23 30 34 38 40 54 58 61 68 70 78 84 85 86
95 0 1 2 3 4 5 6 7 8 10 11 12 13 14 15 16 17 19 20 21 23 24 25 26 27 29 30 32 33 34 35 36 37 38 39 40 41 42 46 47 48 51 53 54 56 57 58 60 61 62 64 65 68 69 70 72 73 74 75 76 78 79 81 82 85 87 88 89 90 91 92 93 94 95 96 97 98 99 100
97 0 1 2 3 4 5 6 7 8 10 11 12 13 14 15 16 17 19 20 21 23 24 25 26 27 29 30 32 33 34 35 36 37 38 39 40 41 42 46 47 48 51 53 54 56 57 58 60 61 62 64 65 68 69 70 72 73 74 75 76 78 79 81 82 85 87 88 89 90 91 92 93 94 95 96 97 98 99 100
98 0 1 2 3 4 5 6 7 8 10 11 12 13 14 15 16 17 19 20 21 23 24 25 26 27 29 30 32 33 34 35 36 37 38 39 40 41 42 46 47 48 51 53 54 56 57 58 60 61 62 64 65 68 69 70 72 73 74 75 76 78 79 81 82 85 87 88 89 90 91 92 93 94 95 96 97 98 99 100
99 0 1 2 3 4 5 6 7 8 10 11 12 13 14 15 16 17 19 20 21 23 24 25 26 27 29 30 32 33 34 35 36 37 38 39 40 41 42 46 47 48 51 53 54 56 57 58 60 61 62 64 65 68 69 70 72 73 74 75 76 78 79 81 82 85 87 88 89 90 91 92 93 94 95 96 97 98 99 100
104 1 2 3 5 6 8 9 13 15 17 19 20 21 23 25 26 27 28 30 31 32 34 35 36 37 38 39 40 41 47 51 53 54 56 58 61 62 65 68 72 74 80 104
