8 0 1 2 3 4 5 6 7 8 9 10 11 12 13 14 15 16 17 18 19 20 21 22 23 24 25 26 27 28 29 30 31 32 33 34 35 36 37 38 39 40 41 42 43 44 45 46 47 48 49 50 51 52 53 54 55 56 57 58 59 60 61 62 63 64 65 66 67 68 69 70 71 72 73 74 75 76 77 78 79 80 81 82 83 84 85 86 87 88 89 90 91 92 93 94 95 96 97 98 99 100 101 102 103 104 105 106 107 108 109 110 111 112 113 114 115 116 117 118 119 120 121 122 123 124 125 126 127 128 129 130 131 132 133 134 135 136 137 138 139 140 141 142 143 144 145 146 147 148 149 150 151 152 153 154 155 156 157 158 159 160 161 162 163 164 165 166 167 168 169 170 171 172 173 174 175 176 177 178 179 180 181 182 183 184 185 186 187 188 189 190 191 192 193 194 195 196 197
9 1 5 6 8 9 20 21 22 26 28 31 32 35 41 43 44 45 47 49 50 52 53 55 56 58 59 62 63 64 66 67 71 74 77 80 95 101 103 104 105 106 107 108 109 110 111 112 113 114 115 116 117 118 119 120 121 122 123 124 125 126 127 128 129 130 131 132 133 134 135 136 137 138 139 140 141 142 143 144 145 146 147 148 149 150 151 152 153 154 155 156 157 158 159 161 162 163 164 165 166 168 169 170 171 172 173 174 175 176 177 179 180 181 182 183 184 187 188 189 190 191 192 193 194 195 196 197
10 10 16 27 35 43 52 55 60 67 73 85 86 95 97 98 99 104 107 109 111 112 115 116 117 118 119 120 121 122 123 124 125 126 128 129 130 131 132 133 134 135 136 137 138 139 140 141 142 143 145 146 150 154 155 156 160 162 163 165 167 168 173 174 175 176 177 178 179 181 182 183 184 187 189 190 191 192 194 196 197
16 0 1 2 4 10 12 14 16 20 22 24 27 35 41 42 43 44 46 48 50 52 55 57 59 60 63 66 67 69 71 73 75 76 77 79 81 82 87 88 89 90 91 92 93 94 96 97 98 99 100 107 108 109 112 115 116 117 118 119 121 123 124 125 126 129 130 132 135 136 137 138 139 140 141 143 144 145 146 148 149 150 151 152 153 155 156 157 158 159 160 161 162 163 165 166 167 168 169 170 172 174 175 176 178 180 181 182 184 187 190 191 194 196
18 0 1 2 3 4 5 6 7 8 9 10 11 12 13 14 15 16 17 18 19 20 21 22 23 24 25 26 27 28 29 30 31 32 33 34 35 36 37 38 39 40 41 42 43 44 45 46 47 48 49 50 51 52 53 54 55 56 57 58 59 60 61 62 63 64 65 66 67 68 69 70 71 72 73 74 75 76 77 78 79 80 81 82 83 84 85 86 87 88 89 90 91 92 93 94 95 96 97 98 99 100 101 102 103 104 105 106 107 108 109 110 111 112 113 114 115 116 117 118 119 120 121 122 123 124 125 126 127 128 129 130 131 132 133 134 135 136 137 138 139 140 141 142 143 144 145 146 147 148 149 150 151 152 153 154 155 156 157 158 159 160 161 162 163 164 165 166 167 168 169 170 171 172 173 174 175 176 177 178 179 180 181 182 183 184 185 186 187 188 189 190 191 192 193 194 195 196 197
20 0 1 2 3 4 5 6 7 8 9 10 11 12 13 14 15 16 17 18 19 20 21 22 23 24 25 26 27 28 29 30 31 32 33 34 35 36 37 38 39 40 41 42 43 44 45 46 47 48 49 50 51 52 53 54 55 56 57 58 59 60 61 62 63 64 65 66 67 68 69 70 71 72 73 74 75 76 77 78 79 80 81 82 83 84 85 86 87 88 89 90 91 92 93 94 95 96 97 98 99 100 101 102 103 104 105 106 107 108 109 110 111 112 113 114 115 116 117 118 119 120 121 122 123 124 125 126 127 128 129 130 131 132 133 134 135 136 137 138 139 140 141 142 143 144 145 146 147 148 149 150 151 152 153 154 155 156 157 158 159 160 161 162 163 164 165 166 167 168 169 170 171 172 173 174 175 176 177 178 179 180 181 182 183 184 185 186 187 188 189 190 191 192 193 194 195 196 197
21 3 5 6 8 9 10 13 15 19 20 21 23 26 27 28 30 31 32 35 40 41 47 49 52 53 54 55 58 61 68 70 74 80 84 85 86 95 97 99 104 107 109 110 111 113 114 116 117 118 119 120 122 123 124 128 129 130 132 133 134 135 136 137 138 139 140 141 143 146 147 148 150 152 154 155 156 157 158 159 161 162 163 164 165 166 168 169 170 171 172 173 174 175 176 177 179 180 181 182 184 187 189 190 191 192 194 197
27 3 5 6 7 9 10 15 16 17 20 21 25 26 27 28 31 32 33 34 35 36 37 40 41 43 47 49 51 52 53 54 55 58 61 65 67 72 73 74 78 80 86 95 97 99 104 106 107 108 109 111 112 113 116 118 119 120 121 122 123 124 125 126 128 129 130 131 132 133 134 135 136 137 138 139 140 141 142 143 144 145 146 149 150 151 153 154 155 156 157 161 162 163 164 165 168 173 174 175 176 177 178 179 180 181 183 184 185 186 187 189 190 191 192 194 196 197
28 0 1 2 3 4 5 6 7 8 9 10 11 12 13 14 15 16 17 18 19 20 21 22 23 24 25 26 27 28 29 30 31 32 33 34 35 36 37 38 39 40 41 42 43 44 45 46 47 48 49 50 51 52 53 54 55 56 57 58 59 60 61 62 63 64 65 66 67 68 69 70 71 72 73 74 75 76 77 78 79 80 81 82 83 84 85 86 87 88 89 90 91 92 93 94 95 96 97 98 99 100 101 102 103 104 105 106 107 108 109 110 111 112 113 114 115 116 117 118 119 120 121 122 123 124 125 126 127 128 129 130 131 132 133 134 135 136 137 138 139 140 141 142 143 144 145 146 147 148 149 150 151 152 153 154 155 156 157 158 159 160 161 162 163 164 165 166 167 168 169 170 171 172 173 174 175 176 177 178 179 180 181 182 183 184 185 186 187 188 189 190 191 192 193 194 195 196 197
31 1 5 6 8 9 10 18 20 21 22 26 27 28 31 32 34 35 41 43 44 45 47 49 50 52 53 55 58 59 63 64 66 67 71 74 77 80 83 86 95 98 99 103 104 105 106 107 108 109 110 111 112 113 114 115 116 117 118 120 121 122 123 124 125 126 127 128 129 130 131 132 133 134 135 136 137 138 139 140 141 142 143 144 145 146 147 148 149 150 152 153 154 156 157 158 159 160 161 163 164 165 166 167 168 169 170 171 172 173 174 175 176 177 178 179 180 181 182 183 184 187 188 189 190 191 192 193 194 195 196 197
33 0 1 2 3 4 5 6 7 8 9 10 11 12 13 14 15 16 17 18 19 20 21 22 23 24 25 26 27 28 29 30 31 32 33 34 35 36 37 38 39 40 41 42 43 44 45 46 47 48 49 50 51 52 53 54 55 56 57 58 59 60 61 62 63 64 65 66 67 68 69 70 71 72 73 74 75 76 77 78 79 80 81 82 83 84 85 86 87 88 89 90 91 92 93 94 95 96 97 98 99 100 101 102 103 104 105 106 107 108 109 110 111 112 113 114 115 116 117 118 119 120 121 122 123 124 125 126 127 128 129 130 131 132 133 134 135 136 137 138 139 140 141 142 143 144 145 146 147 148 149 150 151 152 153 154 155 156 157 158 159 160 161 162 163 164 165 166 167 168 169 170 171 172 173 174 175 176 177 178 179 180 181 182 183 184 185 186 187 188 189 190 191 192 193 194 195 196 197
34 0 1 2 3 4 5 6 7 8 9 10 11 12 13 14 15 16 17 18 19 20 21 22 23 24 25 26 27 28 29 30 31 32 33 34 35 36 37 38 39 40 41 42 43 44 45 46 47 48 49 50 51 52 53 54 55 56 57 58 59 60 61 62 63 64 65 66 67 68 69 70 71 72 73 74 75 76 77 78 79 80 81 82 83 84 85 86 87 88 89 90 91 92 93 94 95 96 97 98 99 100 101 102 103 104 105 106 107 108 109 110 111 112 113 114 115 116 117 118 119 120 121 122 123 124 125 126 127 128 129 130 131 132 133 134 135 136 137 138 139 140 141 142 143 144 145 146 147 148 149 150 151 152 153 154 155 156 157 158 159 160 161 162 163 164 165 166 167 168 169 170 171 172 173 174 175 176 177 178 179 180 181 182 183 184 185 186 187 188 189 190 191 192 193 194 195 196 197
35 0 1 2 3 4 5 6 7 8 9 10 11 12 13 14 15 16 17 18 19 20 21 22 23 24 25 26 27 28 29 30 31 32 33 34 35 36 37 38 39 40 41 42 43 44 45 46 47 48 49 50 51 52 53 54 55 56 57 58 59 60 61 62 63 64 65 66 67 68 69 70 71 72 73 74 75 76 77 78 79 80 81 82 83 84 85 86 87 88 89 90 91 92 93 94 95 96 97 98 99 100 101 102 103 104 105 106 107 108 109 110 111 112 113 114 115 116 117 118 119 120 121 122 123 124 125 126 127 128 129 130 131 132 133 134 135 136 137 138 139 140 141 142 143 144 145 146 147 148 149 150 151 152 153 154 155 156 157 158 159 160 161 162 163 164 165 166 167 168 169 170 171 172 173 174 175 176 177 178 179 180 181 182 183 184 185 186 187 188 189 190 191 192 193 194 195 196 197
41 0 1 2 4 5 6 8 12 13 14 16 17 20 22 23 24 26 28 30 31 32 35 36 39 41 42 46 47 48 49 50 52 53 56 57 58 59 60 62 63 65 66 67 68 69 71 72 74 75 76 79 80 81 82 87 88 89 90 91 92 93 94 96 98 100 104 106 108 109 110 112 113 114 115 116 118 124 125 127 131 135 142 144 147 149 150 151 153 157 160 161 164 167 171 174 175 176 178 180 181 182 183 184 187 190 191 194 195 196
43 0 1 4 5 6 7 9 10 11 12 14 16 20 21 22 24 26 27 28 29 31 32 33 35 41 42 43 44 45 46 47 48 49 50 52 53 55 57 59 60 63 66 67 69 70 71 73 75 76 77 86 95 99 104 106 107 108 109 110 111 112 113 114 115 116 117 118 119 120 121 122 123 124 125 126 127 128 129 130 131 132 133 134 135 136 137 138 139 140 141 142 143 144 145 146 147 148 149 150 151 152 153 154 155 156 157 158 159 160 161 162 163 164 165 166 167 168 169 170 171 172 173 174 175 176 177 178 179 180 181 182 183 184 185 186 187 189 190 191 192 194 195 196 197
44 0 1 4 5 6 7 9 10 11 12 14 16 18 20 22 24 26 28 29 31 32 33 41 42 43 44 45 46 47 48 49 50 53 54 55 56 57 59 60 62 63 64 65 66 67 69 70 71 72 73 74 75 76 77 83 86 95 101 103 105 107 108 109 110 112 114 116 117 118 119 121 123 125 126 128 129 130 131 132 134 135 136 137 138 139 140 141 142 143 144 145 146 147 148 150 151 152 153 154 155 156 157 158 159 160 161 162 163 164 165 166 167 168 169 170 171 172 175 178 179 185 186 188 189 193 194 197
46 0 1 2 4 5 6 7 10 11 12 14 16 20 22 24 26 29 32 35 41 42 43 44 46 47 48 49 50 53 57 59 60 63 66 67 69 70 71 73 75 76 77 79 81 82 87 88 89 90 91 92 93 94 96 97 98 99 100 106 108 109 110 112 113 114 115 116 118 124 125 126 127 129 132 137 141 142 144 145 146 147 149 151 153 157 161 163 164 165 173 174 175 177 178 180 182 183 187 191 194 195 196
48 0 1 2 4 5 6 7 10 11 12 14 16 20 22 23 24 26 29 30 32 33 41 42 43 44 45 46 47 48 50 53 56 57 59 60 62 63 65 66 67 68 69 70 71 72 73 74 75 76 77 79 81 82 87 88 89 90 91 92 93 94 96 97 98 99 100 117 148 152 158 159 160 166 167 168 169 170 172 185 186
49 0 1 2 3 4 5 6 7 8 9 10 11 12 13 14 15 16 17 18 19 20 21 22 23 24 25 26 27 28 29 30 31 32 33 34 35 36 37 38 39 40 41 42 43 44 45 46 47 48 49 50 51 52 53 54 55 56 57 58 59 60 61 62 63 64 65 66 67 68 69 70 71 72 73 74 75 76 77 78 79 80 81 82 83 84 85 86 87 88 89 90 91 92 93 94 95 96 97 98 99 100 101 102 103 104 105 106 107 108 109 110 111 112 113 114 115 116 117 118 119 120 121 122 123 124 125 126 127 128 129 130 131 132 133 134 135 136 137 138 139 140 141 142 143 144 145 146 147 148 149 150 151 152 153 154 155 156 157 158 159 160 161 162 163 164 165 166 167 168 169 170 171 172 173 174 175 176 177 178 179 180 181 182 183 184 185 186 187 188 189 190 191 192 193 194 195 196 197
50 0 1 4 5 6 7 9 10 11 12 13 14 16 17 20 22 23 24 26 28 29 30 31 32 33 35 36 39 41 42 43 44 45 46 47 48 49 50 51 53 55 56 57 58 59 60 62 63 65 66 67 68 69 70 71 72 73 74 75 76 77 80 101 110 114 117 119 121 147 148 151 152 155 156 157 158 159 160 161 162 163 164 165 166 167 168 169 170 171 172 178 184 185 186
52 8 9 10 16 21 27 31 33 34 35 41 43 46 49 52 55 60 67 77 80 95 97 99 104 106 107 108 109 110 111 112 113 114 115 116 117 118 119 120 121 122 123 124 125 126 127 128 129 130 131 132 133 134 135 136 137 138 139 140 142 143 144 145 146 147 148 149 150 151 152 153 154 155 156 157 158 159 160 161 162 163 164 165 166 167 168 169 170 171 172 173 174 175 176 177 178 179 180 181 182 183 184 185 186 187 189 190 191 192 194 195 196 197
55 0 1 4 9 10 12 14 16 21 22 24 27 28 31 33 35 42 43 44 45 48 49 50 51 52 55 57 59 60 63 66 67 69 71 73 74 75 76 77 80 85 86 95 97 98 99 104 106 107 108 109 110 111 112 113 114 115 116 117 118 119 120 121 122 123 124 125 126 127 128 129 130 131 132 133 134 135 136 137 138 139 140 141 142 143 144 145 146 147 148 149 150 151 152 153 154 155 156 157 158 159 160 161 162 163 164 165 166 167 168 169 170 171 172 173 174 175 176 177 178 179 180 181 182 183 184 185 186 187 189 190 191 192 194 195 196 197
60 0 1 2 4 5 6 7 8 10 11 12 14 16 20 22 24 26 29 32 41 42 43 44 45 46 47 48 50 52 53 57 59 60 63 65 66 67 69 70 71 72 73 74 75 76 77 79 81 82 87 88 89 90 91 92 93 94 96 97 98 99 100 112 114 116 117 121 126 130 148 150 152 154 155 158 159 160 161 162 163 165 166 167 168 169 170 171 172 175 178 183 184 190 196
64 18 29 45 64 83 101 103 105 188 193
67 0 1 2 4 5 6 7 10 11 12 14 16 22 24 26 28 29 31 32 35 41 42 43 44 45 46 47 48 49 50 52 53 55 57 59 60 63 66 67 69 70 71 73 74 75 76 77 79 80 81 82 86 87 88 89 90 91 92 93 94 95 96 97 98 99 100 104 106 108 109 111 112 113 114 115 116 118 122 123 124 126 127 128 129 130 131 132 133 134 135 136 140 141 142 143 144 146 147 149 150 151 153 154 155 157 160 161 162 163 164 165 167 168 174 175 177 178 179 181 182 183 184 187 189 190 191 192 194 195 196 197
73 0 1 2 3 4 5 6 7 8 9 10 11 12 13 14 15 16 17 18 19 20 21 22 23 24 25 26 27 28 29 30 31 32 33 34 35 36 37 38 39 40 41 42 43 44 45 46 47 48 49 50 51 52 53 54 55 56 57 58 59 60 61 62 63 64 65 66 67 68 69 70 71 72 73 74 75 76 77 78 79 80 81 82 83 84 85 86 87 88 89 90 91 92 93 94 95 96 97 98 99 100 101 102 103 104 105 106 107 108 109 110 111 112 113 114 115 116 117 118 119 120 121 122 123 124 125 126 127 128 129 130 131 132 133 134 135 136 137 138 139 140 141 142 143 144 145 146 147 148 149 150 151 152 153 154 155 156 157 158 159 160 161 162 163 164 165 166 167 168 169 170 171 172 173 174 175 176 177 178 179 180 181 182 183 184 185 186 187 188 189 190 191 192 193 194 195 196 197
74 0 1 2 4 5 6 8 9 12 13 14 17 20 22 23 24 26 28 30 32 35 36 39 41 42 47 48 50 53 56 57 58 59 60 62 63 65 66 67 68 69 71 72 73 74 75 76 79 80 81 82 85 87 88 89 90 91 92 93 94 96 97 98 99 100 104 112 118 120 122 124 128 130 133 135 136 143 146 150 154 155 162 174 175 176 181 182 187 191 196
77 0 1 4 5 6 7 8 9 10 11 12 14 16 20 22 24 26 28 29 31 32 33 35 41 42 43 44 45 46 47 48 49 50 52 53 55 57 58 59 60 62 63 65 66 67 69 70 71 72 73 74 75 76 77 108 109 110 112 113 114 115 116 117 119 121 123 125 129 130 131 132 135 137 138 139 142 144 146 147 148 149 150 151 152 153 154 155 156 157 158 159 160 161 162 163 164 165 166 167 168 169 170 171 172 173 175 177 178 180 182 183 184 185 186 190 191 194 196
80 0 1 2 3 4 5 6 7 8 9 10 11 12 13 14 15 16 17 18 19 20 21 22 23 24 25 26 27 28 29 30 31 32 33 34 35 36 37 38 39 40 41 42 43 44 45 46 47 48 49 50 51 52 53 54 55 56 57 58 59 60 61 62 63 64 65 66 67 68 69 70 71 72 73 74 75 76 77 78 79 80 81 82 83 84 85 86 87 88 89 90 91 92 93 94 95 96 97 98 99 100 101 102 103 104 105 106 107 108 109 110 111 112 113 114 115 116 117 118 119 120 121 122 123 124 125 126 127 128 129 130 131 132 133 134 135 136 137 138 139 140 141 142 143 144 145 146 147 148 149 150 151 152 153 154 155 156 157 158 159 160 161 162 163 164 165 166 167 168 169 170 171 172 173 174 175 176 177 178 179 180 181 182 183 184 185 186 187 188 189 190 191 192 193 194 195 196 197
85 2 3 9 10 13 15 19 21 23 30 40 54 55 58 61 68 70 74 79 81 82 84 85 86 87 88 89 90 91 92 93 94 95 96 97 98 99 100 104 107 111 112 117 118 119 120 121 122 124 126 128 130 133 134 136 138 139 140 141 143 145 146 148 149 150 152 154 155 156 158 159 161 162 165 166 168 169 170 172 174 175 176 179 181 183 189 191 192 196 197
86 3 9 10 11 13 15 17 19 21 23 27 28 30 31 34 35 36 38 40 44 49 52 54 55 56 58 61 62 67 68 70 73 74 78 80 84 85 86 95 97 98 99 104 107 108 110 111 112 114 116 117 118 119 120 121 122 123 124 125 126 128 129 130 131 132 133 134 135 136 137 138 139 140 141 142 143 144 145 146 147 148 149 150 151 152 154 155 156 157 158 159 160 161 162 163 164 165 166 167 168 169 170 171 172 173 174 175 176 177 178 179 180 181 183 189 190 191 192 194 196 197
95 0 2 4 9 10 12 14 16 18 19 21 24 27 31 33 35 42 43 44 45 48 49 52 55 57 60 67 69 73 74 75 76 79 81 82 83 84 85 86 87 88 89 90 91 92 93 94 95 96 97 98 99 100 104 106 107 109 110 111 112 113 114 115 116 117 118 119 120 121 122 123 124 125 126 127 128 129 130 131 132 133 134 135 136 137 138 139 140 141 142 143 144 145 146 147 148 149 150 151 152 153 154 155 156 157 158 159 160 161 162 163 164 165 166 167 168 169 170 171 172 173 174 175 176 178 179 180 181 182 183 184 185 186 187 189 190 191 192 194 195 196 197
97 0 2 4 5 6 7 10 11 12 14 16 20 23 24 26 27 29 30 32 33 35 41 42 46 47 48 49 52 53 56 57 60 62 65 67 68 69 70 72 73 74 75 76 79 81 82 85 86 87 88 89 90 91 92 93 94 95 96 97 98 99 100 104 106 107 110 111 112 114 116 117 119 120 121 122 123 124 125 126 127 128 129 130 133 134 135 136 138 140 141 142 143 145 146 147 148 152 153 154 155 156 157 158 159 160 162 163 164 166 167 168 169 170 171 172 174 176 178 179 180 181 182 183 184 185 186 187 189 190 191 192 194 195 196 197
98 0 2 4 5 6 7 10 11 12 14 16 20 24 26 29 32 33 35 41 42 46 47 48 53 55 56 57 58 60 62 65 69 70 72 73 74 75 76 79 80 81 82 85 87 88 89 90 91 92 93 94 95 96 97 98 99 100 104 108 110 114 116 117 118 119 121 122 123 124 125 127 128 130 133 135 136 137 138 139 140 143 144 145 146 147 148 151 152 153 154 155 156 157 158 159 160 161 162 163 164 165 166 167 168 169 170 171 172 174 176 178 181 182 185 186 187 194 195
99 0 2 4 5 6 7 10 11 12 14 16 20 21 24 26 27 29 31 32 33 35 41 42 46 47 48 49 52 53 55 57 60 67 69 70 73 74 75 76 79 81 82 85 86 87 88 89 90 91 92 93 94 95 96 97 98 99 100 104 106 107 109 111 112 114 116 117 118 120 121 122 123 124 127 128 129 130 132 133 134 135 136 137 138 139 140 141 143 145 146 148 152 153 154 155 156 157 158 159 160 162 163 166 167 168 169 170 171 172 173 174 175 176 177 178 179 180 181 182 183 184 185 186 187 189 190 191 192 194 195 196 197
104 5 6 8 9 10 20 21 26 27 28 31 32 35 41 47 49 52 53 55 58 67 73 74 80 85 86 95 97 98 99 104 106 107 108 109 110 111 112 113 114 115 116 117 118 119 120 121 122 123 124 125 126 127 128 129 130 131 132 133 134 135 136 137 138 139 140 141 142 143 144 145 146 147 148 149 150 151 152 153 154 155 156 157 158 159 160 161 162 163 164 165 166 167 168 169 170 171 172 173 174 175 176 177 178 179 180 181 182 183 184 187 189 190 191 192 194 195 196 197
