8 5 6 8 26 31 32 34 47 49 52 53 56 58 60 77 80 106 109 110 111 112 113 114 115 116 117 118 121 122 123 125 127 129 130 131 134 135 137 138 139 142 144 147 148 149 150 152 154 157 158 159 164 165 166 168 169 170 171 172 173 175 177 178 179 180 182 183 187 189 190 191 192 195 196 197
9 9 10 18 21 31 43 44 49 52 55 58 64 80 85 95 97 98 99 101 103 104 105 106 107 108 109 110 111 112 114 115 116 117 118 119 120 121 122 123 124 125 126 128 129 130 131 132 133 134 135 137 138 139 140 141 143 145 146 147 148 149 150 151 152 153 154 155 156 157 158 159 161 162 164 165 166 168 169 170 172 173 174 176 177 179 180 181 182 187 188 189 190 191 192 193 194 196 197
10 10 16 18 19 21 27 31 33 35 43 49 52 55 60 67 73 74 83 84 85 86 95 97 98 99 104 107 109 111 112 115 116 117 118 119 120 121 122 123 124 125 126 128 129 130 131 132 133 134 135 136 137 138 139 140 141 142 143 145 146 148 149 150 152 153 154 155 156 157 158 159 160 162 163 165 166 167 168 169 170 172 173 174 175 176 178 181 182 183 184 185 186 187 189 190 191 192 194 196 197
16 0 1 2 3 4 5 6 7 8 9 10 11 12 13 14 15 16 17 18 19 20 21 22 23 24 25 26 27 28 29 30 31 32 33 34 35 36 37 38 39 40 41 42 43 44 45 46 47 48 49 50 51 52 53 54 55 56 57 58 59 60 61 62 63 64 65 66 67 68 69 70 71 72 73 74 75 76 77 78 79 80 81 82 83 84 85 86 87 88 89 90 91 92 93 94 95 96 97 98 99 100 101 102 103 104 105 106 107 108 109 110 111 112 113 114 115 116 117 118 119 120 121 122 123 124 125 126 127 128 129 130 131 132 133 134 135 136 137 138 139 140 141 142 143 144 145 146 147 148 149 150 151 152 153 154 155 156 157 158 159 160 161 162 163 164 165 166 167 168 169 170 171 172 173 174 175 176 177 178 179 180 181 182 183 184 185 186 187 188 189 190 191 192 193 194 195 196 197
18 0 1 2 3 4 5 6 7 8 9 10 11 12 13 14 15 16 17 18 19 20 21 22 23 24 25 26 27 28 29 30 31 32 33 34 35 36 37 38 39 40 41 42 43 44 45 46 47 48 49 50 51 52 53 54 55 56 57 58 59 60 61 62 63 64 65 66 67 68 69 70 71 72 73 74 75 76 77 78 79 80 81 82 83 84 85 86 87 88 89 90 91 92 93 94 95 96 97 98 99 100 101 102 103 104 105 106 107 108 109 110 111 112 113 114 115 116 117 118 119 120 121 122 123 124 125 126 127 128 129 130 131 132 133 134 135 136 137 138 139 140 141 142 143 144 145 146 147 148 149 150 151 152 153 154 155 156 157 158 159 160 161 162 163 164 165 166 167 168 169 170 171 172 173 174 175 176 177 178 179 180 181 182 183 184 185 186 187 188 189 190 191 192 193 194 195 196 197
20 0 1 2 3 4 5 6 7 11 12 13 14 15 16 17 19 20 22 23 24 25 26 27 28 29 30 32 34 36 37 38 39 40 41 42 44 45 46 47 48 50 51 53 54 56 57 58 59 60 61 62 63 65 66 68 69 70 71 72 73 74 75 76 77 78 79 80 81 82 87 88 89 90 91 92 93 94 96 97 98 100 101 102 104 106 108 110 114 117 121 125 137 147 148 149 151 152 153 155 156 157 158 159 160 161 162 163 166 167 168 169 170 172 180 194
21 0 1 2 3 4 5 6 7 8 9 10 11 12 13 14 15 16 17 18 19 20 21 22 23 24 25 26 27 28 29 30 31 32 33 34 35 36 37 38 39 40 41 42 43 44 45 46 47 48 49 50 51 52 53 54 55 56 57 58 59 60 61 62 63 64 65 66 67 68 69 70 71 72 73 74 75 76 77 78 79 80 81 82 83 84 85 86 87 88 89 90 91 92 93 94 95 96 97 98 99 100 101 102 103 104 105 106 107 108 109 110 111 112 113 114 115 116 117 118 119 120 121 122 123 124 125 126 127 128 129 130 131 132 133 134 135 136 137 138 139 140 141 142 143 144 145 146 147 148 149 150 151 152 153 154 155 156 157 158 159 160 161 162 163 164 165 166 167 168 169 170 171 172 173 174 175 176 177 178 179 180 181 182 183 184 185 186 187 188 189 190 191 192 193 194 195 196 197
27 7 10 16 17 21 27 31 33 34 36 49 51 55 61 65 67 72 73 74 85 86 95 97 99 104 109 111 112 116 118 119 120 122 124 125 128 129 130 132 133 134 135 136 137 138 139 140 141 143 144 145 149 153 154 155 156 157 161 162 163 168 173 174 176 177 179 180 181 183 184 185 186 189 191 192 194 196 197
28 0 1 2 3 4 5 6 7 11 12 13 14 15 17 19 20 22 23 24 25 26 28 29 30 32 34 36 37 38 39 40 41 42 44 45 47 48 50 51 53 54 56 57 58 59 60 61 62 63 65 66 68 69 70 71 72 73 74 75 76 77 78 79 80 81 82 84 87 88 89 90 91 92 93 94 96 98 100 101 102 110 114 117 119 121 147 148 152 155 156 157 158 159 160 162 163 164 166 167 168 169 170 171 172
31 0 1 2 3 4 5 6 7 8 9 10 11 12 13 14 15 16 17 18 19 20 21 22 23 24 25 26 27 28 29 30 31 32 33 34 35 36 37 38 39 40 41 42 43 44 45 46 47 48 49 50 51 52 53 54 55 56 57 58 59 60 61 62 63 64 65 66 67 68 69 70 71 72 73 74 75 76 77 78 79 80 81 82 83 84 85 86 87 88 89 90 91 92 93 94 95 96 97 98 99 100 101 102 103 104 105 106 107 108 109 110 111 112 113 114 115 116 117 118 119 120 121 122 123 124 125 126 127 128 129 130 131 132 133 134 135 136 137 138 139 140 141 142 143 144 145 146 147 148 149 150 151 152 153 154 155 156 157 158 159 160 161 162 163 164 165 166 167 168 169 170 171 172 173 174 175 176 177 178 179 180 181 182 183 184 185 186 187 188 189 190 191 192 193 194 195 196 197
33 0 1 2 3 4 5 6 7 8 9 10 11 12 13 14 15 16 17 18 19 20 21 22 23 24 25 26 27 28 29 30 31 32 33 34 35 36 37 38 39 40 41 42 43 44 45 46 47 48 49 50 51 52 53 54 55 56 57 58 59 60 61 62 63 64 65 66 67 68 69 70 71 72 73 74 75 76 77 78 79 80 81 82 83 84 85 86 87 88 89 90 91 92 93 94 95 96 97 98 99 100 101 102 103 104 105 106 107 108 109 110 111 112 113 114 115 116 117 118 119 120 121 122 123 124 125 126 127 128 129 130 131 132 133 134 135 136 137 138 139 140 141 142 143 144 145 146 147 148 149 150 151 152 153 154 155 156 157 158 159 160 161 162 163 164 165 166 167 168 169 170 171 172 173 174 175 176 177 178 179 180 181 182 183 184 185 186 187 188 189 190 191 192 193 194 195 196 197
34 0 1 2 3 4 5 6 7 8 11 12 13 14 15 17 18 19 20 22 23 24 25 26 27 28 30 31 32 34 36 37 38 39 40 42 45 47 51 52 53 54 56 57 58 59 61 62 63 64 65 66 68 69 71 72 75 76 78 79 80 81 82 83 84 87 88 89 90 91 92 93 94 96 100 102 103 105 109 111 113 123 129 139 142 156 165 173 175 177 179 180 181 183 184 188 190 192 193
35 5 6 10 16 19 21 26 28 32 35 43 46 47 52 53 55 58 60 67 73 74 80 84 85 86 95 98 99 107 109 111 112 115 118 120 122 123 124 125 126 128 130 131 132 133 134 135 136 137 138 139 140 141 143 145 146 150 151 154 156 160 161 163 167 174 175 176 177 178 179 181 182 183 187 189 190 191 192 194 196 197
41 0 1 2 4 5 6 12 13 14 16 17 20 22 23 24 26 28 30 31 32 36 39 41 42 46 47 48 49 50 52 53 56 57 58 59 60 62 63 65 66 67 68 69 71 72 74 75 76 79 80 81 82 87 88 89 90 91 92 93 94 96 98 100 102 104 106 108 109 110 112 113 114 115 116 118 124 127 131 135 142 144 147 149 151 153 157 160 161 164 167 171 174 175 176 178 180 181 182 183 184 187 190 191 194 195 196
43 0 1 2 3 4 5 6 7 8 9 10 11 12 13 14 15 16 17 18 19 20 21 22 23 24 25 26 27 28 29 30 31 32 33 34 35 36 37 38 39 40 41 42 43 44 45 46 47 48 49 50 51 52 53 54 55 56 57 58 59 60 61 62 63 64 65 66 67 68 69 70 71 72 73 74 75 76 77 78 79 80 81 82 83 84 85 86 87 88 89 90 91 92 93 94 95 96 97 98 99 100 101 102 103 104 105 106 107 108 109 110 111 112 113 114 115 116 117 118 119 120 121 122 123 124 125 126 127 128 129 130 131 132 133 134 135 136 137 138 139 140 141 142 143 144 145 146 147 148 149 150 151 152 153 154 155 156 157 158 159 160 161 162 163 164 165 166 167 168 169 170 171 172 173 174 175 176 177 178 179 180 181 182 183 184 185 186 187 188 189 190 191 192 193 194 195 196 197
44 0 1 2 4 5 6 7 9 11 12 14 16 18 20 22 24 26 28 29 31 32 42 43 44 45 47 48 50 53 54 57 59 60 62 63 64 65 66 69 70 71 72 75 76 77 79 81 82 83 86 87 88 89 90 91 92 93 94 95 96 98 99 100 101 103 105 107 108 110 111 112 114 116 117 118 119 121 123 125 126 130 131 135 137 138 139 140 141 142 143 144 145 147 148 150 151 152 154 155 156 157 158 159 160 161 162 163 164 165 166 167 168 169 170 171 172 188 193 196
46 0 1 2 3 4 5 6 7 8 9 10 11 12 13 14 15 16 17 18 19 20 21 22 23 24 25 26 27 28 29 30 31 32 33 34 35 36 37 38 39 40 41 42 43 44 45 46 47 48 49 50 51 52 53 54 55 56 57 58 59 60 61 62 63 64 65 66 67 68 69 70 71 72 73 74 75 76 77 78 79 80 81 82 83 84 85 86 87 88 89 90 91 92 93 94 95 96 97 98 99 100 101 102 103 104 105 106 107 108 109 110 111 112 113 114 115 116 117 118 119 120 121 122 123 124 125 126 127 128 129 130 131 132 133 134 135 136 137 138 139 140 141 142 143 144 145 146 147 148 149 150 151 152 153 154 155 156 157 158 159 160 161 162 163 164 165 166 167 168 169 170 171 172 173 174 175 176 177 178 179 180 181 182 183 184 185 186 187 188 189 190 191 192 193 194 195 196 197
48 0 1 2 3 4 5 6 7 11 12 13 14 15 16 17 18 19 20 22 23 24 25 26 28 29 30 32 33 34 35 36 37 38 39 40 41 42 43 44 45 46 47 48 50 51 53 54 56 57 58 59 60 61 62 63 64 65 66 67 68 69 70 71 72 73 74 75 76 77 78 79 80 81 82 83 84 86 87 88 89 90 91 92 93 94 96 97 98 99 100 101 102 103 105 110 114 117 119 121 123 130 136 140 147 148 150 151 152 153 154 155 156 157 158 159 160 161 162 163 164 165 166 167 168 169 170 171 172 178 185 186 188 193
49 8 9 10 16 18 20 21 27 31 33 34 35 41 43 46 49 52 55 64 67 77 80 83 85 86 95 97 98 99 103 104 105 106 107 108 109 110 111 112 113 114 115 116 117 118 120 121 122 124 125 126 127 128 129 130 131 132 133 134 135 136 137 138 139 140 141 142 143 144 145 146 147 148 149 150 151 152 153 154 156 157 158 159 160 161 163 164 165 166 167 169 170 171 172 173 174 175 176 177 178 179 180 181 182 183 184 185 186 187 188 189 190 191 192 193 194 195 196 197
50 0 1 2 3 4 5 6 7 11 12 13 14 15 16 17 18 20 22 23 24 25 26 28 29 30 32 33 36 37 38 39 41 42 43 44 45 46 47 48 50 51 53 54 56 57 58 59 60 61 62 63 64 65 66 67 68 69 70 71 72 73 74 75 76 77 78 79 81 82 83 86 87 88 89 90 91 92 93 94 96 98 100 101 102 103 105 110 114 115 117 119 121 123 130 131 140 144 147 148 150 151 152 154 155 156 157 158 159 160 161 162 163 164 165 166 167 168 169 170 171 172 178 185 186 188 193
52 0 1 2 3 4 5 6 7 8 9 10 11 12 13 14 15 16 17 18 19 20 21 22 23 24 25 26 27 28 29 30 31 32 33 34 35 36 37 38 39 40 41 42 43 44 45 46 47 48 49 50 51 52 53 54 55 56 57 58 59 60 61 62 63 64 65 66 67 68 69 70 71 72 73 74 75 76 77 78 79 80 81 82 83 84 85 86 87 88 89 90 91 92 93 94 95 96 97 98 99 100 101 102 103 104 105 106 107 108 109 110 111 112 113 114 115 116 117 118 119 120 121 122 123 124 125 126 127 128 129 130 131 132 133 134 135 136 137 138 139 140 141 142 143 144 145 146 147 148 149 150 151 152 153 154 155 156 157 158 159 160 161 162 163 164 165 166 167 168 169 170 171 172 173 174 175 176 177 178 179 180 181 182 183 184 185 186 187 188 189 190 191 192 193 194 195 196 197
55 9 10 21 27 31 33 35 49 51 52 55 74 85 95 97 98 99 104 106 107 109 111 112 114 116 117 118 119 120 121 122 123 124 128 129 130 132 133 134 135 136 137 138 139 140 142 143 144 146 148 150 151 152 155 156 158 159 160 161 162 163 165 166 167 168 169 170 172 173 174 176 179 180 181 184 185 186 187 189 190 191 192 196 197
60 0 1 2 4 5 6 7 8 11 12 13 14 16 17 20 22 23 24 26 28 29 30 32 35 36 39 41 42 44 45 47 48 50 51 52 53 56 57 58 59 60 62 63 64 65 66 68 69 70 71 72 74 75 76 77 78 79 80 81 82 87 88 89 90 91 92 93 94 96 97 98 100 101 102 103 105 108 110 112 113 114 115 116 117 119 121 126 129 130 137 142 144 147 148 150 151 152 154 155 156 157 158 159 160 161 162 163 164 165 166 167 168 169 170 171 172 175 178 183 184 188 190 191 193 196
64 0 1 2 4 9 11 12 14 18 22 24 29 31 34 38 40 42 43 44 45 48 49 50 54 57 59 60 61 62 63 64 66 69 71 74 75 76 79 81 82 83 87 88 89 90 91 92 93 94 96 100 101 103 105 107 110 111 112 117 118 121 122 123 126 127 130 131 134 137 141 148 150 152 154 158 159 161 164 165 166 169 170 172 175 179 183 188 189 191 192 193 196 197
67 0 1 2 3 4 5 6 7 8 9 10 11 12 13 14 15 16 17 18 19 20 21 22 23 24 25 26 27 28 29 30 31 32 33 34 35 36 37 38 39 40 41 42 43 44 45 46 47 48 49 50 51 52 53 54 55 56 57 58 59 60 61 62 63 64 65 66 67 68 69 70 71 72 73 74 75 76 77 78 79 80 81 82 83 84 85 86 87 88 89 90 91 92 93 94 95 96 97 98 99 100 101 102 103 104 105 106 107 108 109 110 111 112 113 114 115 116 117 118 119 120 121 122 123 124 125 126 127 128 129 130 131 132 133 134 135 136 137 138 139 140 141 142 143 144 145 146 147 148 149 150 151 152 153 154 155 156 157 158 159 160 161 162 163 164 165 166 167 168 169 170 171 172 173 174 175 176 177 178 179 180 181 182 183 184 185 186 187 188 189 190 191 192 193 194 195 196 197
73 0 1 2 3 4 5 6 7 8 9 10 11 12 13 14 15 16 17 18 19 20 21 22 23 24 25 26 27 28 29 30 31 32 33 34 35 36 37 38 39 40 41 42 43 44 45 46 47 48 49 50 51 52 53 54 55 56 57 58 59 60 61 62 63 64 65 66 67 68 69 70 71 72 73 74 75 76 77 78 79 80 81 82 83 84 85 86 87 88 89 90 91 92 93 94 95 96 97 98 99 100 101 102 103 104 105 106 107 108 109 110 111 112 113 114 115 116 117 118 119 120 121 122 123 124 125 126 127 128 129 130 131 132 133 134 135 136 137 138 139 140 141 142 143 144 145 146 147 148 149 150 151 152 153 154 155 156 157 158 159 160 161 162 163 164 165 166 167 168 169 170 171 172 173 174 175 176 177 178 179 180 181 182 183 184 185 186 187 188 189 190 191 192 193 194 195 196 197
74 0 1 2 4 5 6 10 12 13 14 17 19 20 22 23 24 26 28 30 32 36 39 41 42 47 48 50 53 56 57 58 59 60 62 63 65 66 67 68 69 71 72 73 74 75 76 79 80 81 82 84 85 86 87 88 89 90 91 92 93 94 95 96 97 98 99 100 102 104 112 117 118 120 122 124 128 130 133 135 136 140 143 146 148 150 152 154 155 158 159 162 166 168 169 170 172 174 175 176 181 182 187 191 196
77 0 1 4 5 6 7 8 11 12 14 16 20 22 24 26 28 29 31 32 42 43 44 45 46 47 48 49 50 52 53 57 58 59 60 63 66 67 69 70 71 75 76 77 80 108 109 110 112 113 114 115 116 117 119 121 124 125 130 132 135 137 139 142 144 146 147 148 149 150 151 152 153 154 155 156 157 158 159 160 161 162 163 164 165 166 167 168 169 170 171 172 173 175 177 178 180 182 183 184 190 194 196
80 0 1 2 3 4 5 6 7 8 9 10 11 12 13 14 15 16 17 18 19 20 21 22 23 24 25 26 27 28 29 30 31 32 33 34 35 36 37 38 39 40 41 42 43 44 45 46 47 48 49 50 51 52 53 54 55 56 57 58 59 60 61 62 63 64 65 66 67 68 69 70 71 72 73 74 75 76 77 78 79 80 81 82 83 84 85 86 87 88 89 90 91 92 93 94 95 96 97 98 99 100 101 102 103 104 105 106 107 108 109 110 111 112 113 114 115 116 117 118 119 120 121 122 123 124 125 126 127 128 129 130 131 132 133 134 135 136 137 138 139 140 141 142 143 144 145 146 147 148 149 150 151 152 153 154 155 156 157 158 159 160 161 162 163 164 165 166 167 168 169 170 171 172 173 174 175 176 177 178 179 180 181 182 183 184 185 186 187 188 189 190 191 192 193 194 195 196 197
85 2 3 10 13 15 19 21 23 27 30 35 55 67 68 70 74 79 81 82 84 85 86 87 88 89 90 91 92 93 94 95 96 97 98 99 100 104 107 111 112 117 118 119 120 121 122 124 126 128 130 132 133 134 136 138 139 140 141 143 145 146 148 149 150 152 154 155 156 158 159 161 162 166 168 169 170 172 174 176 179 181 183 187 189 191 192 196 197
86 3 10 13 15 18 19 21 23 27 30 35 40 44 52 67 68 70 73 74 83 84 85 86 95 97 99 104 107 111 112 117 119 121 122 123 124 125 126 128 130 132 133 135 136 138 139 140 141 143 145 148 150 152 154 155 156 158 159 162 166 168 169 170 172 174 175 176 179 181 183 190 191 196
95 9 10 18 21 27 31 35 43 45 46 49 52 55 67 73 74 83 85 86 95 97 98 99 104 107 109 111 112 113 116 118 119 120 121 122 123 124 125 126 128 129 130 131 132 133 134 135 136 137 138 139 140 141 142 143 145 149 150 153 154 155 157 162 168 171 173 174 176 177 179 180 181 183 187 189 190 191 192 194 196 197
97 0 1 2 3 4 5 6 7 8 9 10 11 12 13 14 15 16 17 18 19 20 21 22 23 24 25 26 27 28 29 30 31 32 33 34 35 36 37 38 39 40 41 42 43 44 45 46 47 48 49 50 51 52 53 54 55 56 57 58 59 60 61 62 63 64 65 66 67 68 69 70 71 72 73 74 75 76 77 78 79 80 81 82 83 84 85 86 87 88 89 90 91 92 93 94 95 96 97 98 99 100 101 102 103 104 105 106 107 108 109 110 111 112 113 114 115 116 117 118 119 120 121 122 123 124 125 126 127 128 129 130 131 132 133 134 135 136 137 138 139 140 141 142 143 144 145 146 147 148 149 150 151 152 153 154 155 156 157 158 159 160 161 162 163 164 165 166 167 168 169 170 171 172 173 174 175 176 177 178 179 180 181 182 183 184 185 186 187 188 189 190 191 192 193 194 195 196 197
98 0 2 4 5 6 7 9 10 11 12 14 16 20 24 26 28 29 31 32 33 41 42 44 47 48 50 53 55 57 58 60 69 70 74 75 76 79 81 82 85 86 87 88 89 90 91 92 93 94 95 96 97 98 99 100 104 108 110 114 116 117 118 119 120 121 122 123 124 127 128 130 133 135 136 138 139 140 143 144 146 147 148 151 152 153 154 155 156 157 158 159 160 161 162 163 164 166 167 168 169 170 171 172 174 176 178 181 182 185 186 187 194 195
99 0 1 2 3 4 5 6 7 8 9 10 11 12 13 14 15 16 17 18 19 20 21 22 23 24 25 26 27 28 29 30 31 32 33 34 35 36 37 38 39 40 41 42 43 44 45 46 47 48 49 50 51 52 53 54 55 56 57 58 59 60 61 62 63 64 65 66 67 68 69 70 71 72 73 74 75 76 77 78 79 80 81 82 83 84 85 86 87 88 89 90 91 92 93 94 95 96 97 98 99 100 101 102 103 104 105 106 107 108 109 110 111 112 113 114 115 116 117 118 119 120 121 122 123 124 125 126 127 128 129 130 131 132 133 134 135 136 137 138 139 140 141 142 143 144 145 146 147 148 149 150 151 152 153 154 155 156 157 158 159 160 161 162 163 164 165 166 167 168 169 170 171 172 173 174 175 176 177 178 179 180 181 182 183 184 185 186 187 188 189 190 191 192 193 194 195 196 197
104 8 9 10 16 18 19 20 21 27 28 31 33 35 41 46 49 52 55 58 64 67 73 74 80 83 84 85 86 95 97 98 99 103 104 105 106 107 108 109 110 111 112 113 114 115 116 117 118 119 120 121 122 123 124 125 126 127 128 129 130 131 132 133 134 135 136 137 138 139 140 141 142 143 144 145 146 147 148 149 150 151 152 153 154 155 156 157 158 159 160 161 162 163 164 165 166 167 168 169 170 171 172 173 174 175 176 177 179 180 181 182 183 185 186 187 188 189 190 191 192 193 194 195 196 197
