33 0 1 2 4 5 6 7 8 10 11 12 14 16 20 22 24 26 27 28 29 32 33 41 42 44 46 47 48 49 50 51 52 53 55 57 58 59 60 61 63 66 69 70 71 73 75 76 77 79 80 81 82 85 87 88 89 90 91 92 93 94 95 96 97 98 100 104 109 116 117 120 122 124 128 129 134 135 136 137 138 139 143 145 146 148 152 156 158 159 160 163 166 167 168 169 170 172 174 176 179 181 182 184 185 186 187 189 190 194 197 213 217 231 252 274 277 292 301
97 0 2 4 10 12 14 16 24 27 28 42 46 48 50 57 67 69 73 74 75 76 79 81 82 85 87 88 89 90 91 92 93 94 95 96 97 98 99 100 107 109 112 114 116 117 120 121 122 123 124 125 126 129 130 133 134 136 138 141 142 143 145 146 148 152 153 154 155 158 159 160 162 166 167 168 169 170 172 174 176 179 181 182 183 187 189 191 196 197 215 217 282 283 292 301
35 9 10 21 27 35 52 58 60 67 73 80 99 104 107 112 118 120 122 123 124 126 128 130 131 132 133 136 137 138 139 140 141 143 145 151 154 156 163 174 175 176 178 179 181 182 190 191 194 196 206 213 243 252 277 282 283 292 301
98 0 2 4 5 6 7 8 10 11 12 14 16 20 21 24 26 28 29 32 33 41 42 46 47 48 50 53 57 60 67 69 70 74 75 76 79 81 82 85 87 88 89 90 91 92 93 94 95 96 97 98 99 100 108 110 114 116 117 118 119 121 122 123 124 127 128 130 133 135 136 138 139 143 144 146 147 148 151 152 153 155 156 157 158 159 160 162 163 164 166 167 168 169 170 172 174 176 178 179 181 182 185 186 187 194 195 206 213 215 217 238 241 252 282 283 292 301
99 2 10 21 27 35 43 48 50 67 73 74 79 81 82 87 88 89 90 91 92 93 94 95 96 97 98 99 100 107 117 118 120 122 123 124 128 129 132 133 134 135 136 138 139 140 141 142 143 145 148 152 154 155 158 159 162 163 166 169 170 172 173 174 176 177 179 181 182 187 189 191 197 243 252 282 283 292 301
67 1 10 21 22 27 35 44 45 49 52 55 59 63 66 67 71 73 74 77 97 99 106 108 109 112 113 114 115 116 118 122 124 126 127 128 130 132 133 136 137 140 141 143 146 151 153 154 155 156 160 162 163 165 167 174 175 176 178 181 182 183 184 190 191 194 195 196 205 213 231 238 243 252 274 277 282 283
73 0 1 2 4 5 6 7 8 10 11 12 14 16 20 21 22 24 26 27 28 29 32 35 41 42 44 45 46 47 48 49 50 53 55 57 58 59 62 63 66 67 69 70 71 73 74 75 76 77 79 81 82 85 87 88 89 90 91 92 93 94 95 96 97 99 100 107 117 120 122 124 128 129 130 132 133 135 136 140 141 143 145 148 150 152 155 156 158 159 162 166 169 170 172 174 176 179 180 181 191 231 252 282 283 292 301
10 10 21 27 31 35 67 73 74 97 98 99 107 109 111 112 118 119 120 121 122 123 124 128 130 132 133 134 135 136 138 139 140 141 143 145 154 163 165 168 174 175 176 178 181 182 189 191 192 196 197 213 215 243 252 282 283 292 301
43 1 22 31 35 43 44 49 50 52 55 59 63 66 71 77 99 107 108 109 111 113 115 117 119 121 125 126 127 131 132 134 137 140 141 144 145 147 148 149 150 151 152 153 157 158 159 160 161 163 164 165 166 167 169 170 171 172 173 179 180 182 183 184 187 189 190 192 194 195 197 206 213 217 238 241 243 246 277 292
74 0 1 2 4 5 6 8 9 10 12 13 14 16 17 20 21 22 23 24 26 27 28 30 32 36 39 41 42 44 46 47 48 49 50 53 55 56 57 58 59 60 62 63 65 66 67 68 69 71 72 73 74 75 76 77 79 80 81 82 85 87 88 89 90 91 92 93 94 95 96 97 98 99 100 102 104 112 117 118 120 121 122 124 128 130 133 135 136 140 143 146 148 150 152 154 155 158 159 162 166 169 170 172 174 176 181 182 187 188 191 193 196 206 238 241 252 261 282 283 292 301
28 0 1 2 3 4 5 6 7 8 9 11 12 13 14 15 16 17 18 19 20 22 23 24 25 26 28 29 30 32 34 36 37 38 39 40 41 42 44 45 46 47 48 49 50 51 53 54 55 56 57 58 59 60 61 62 63 64 65 66 68 69 70 71 72 74 75 76 77 78 79 80 81 82 83 84 85 86 87 88 89 90 91 92 93 94 95 96 98 100 101 102 104 110 114 117 119 121 147 148 152 155 156 157 158 159 160 162 163 164 166 167 168 169 170 171 172 217 241
48 0 1 2 3 4 5 6 7 8 9 11 12 13 14 15 16 17 18 20 22 23 24 25 26 28 29 30 32 34 36 37 38 39 40 41 42 44 45 46 47 48 49 50 51 53 54 55 56 57 58 59 60 61 62 63 64 65 66 68 69 70 71 72 75 76 77 78 79 80 81 82 85 87 88 89 90 91 92 93 94 95 96 98 100 101 102 103 104 105 110 114 117 119 121 147 148 152 155 156 157 158 159 160 162 163 164 166 167 168 169 170 171 172 217 241
50 0 1 2 4 5 6 7 8 9 11 12 13 14 15 16 17 18 20 22 23 24 25 26 28 29 30 32 34 36 37 38 39 41 42 44 45 46 47 48 49 50 51 53 54 55 56 57 58 59 60 61 62 63 64 65 66 68 69 70 71 72 73 75 76 77 78 79 80 81 82 83 87 88 89 90 91 92 93 94 95 96 98 100 101 102 103 104 105 110 114 115 117 119 121 123 147 148 151 152 155 156 157 158 159 160 161 162 163 164 165 166 167 168 169 170 171 172 215 217 241 274 283
52 10 21 27 31 33 35 43 50 51 52 60 67 73 74 97 98 99 106 107 108 109 110 111 112 113 114 115 116 117 118 119 120 121 122 123 124 125 126 127 128 129 130 131 132 133 134 135 136 137 138 139 140 142 143 144 145 146 147 148 149 150 151 152 153 154 155 156 157 158 159 160 161 162 163 164 165 166 167 169 170 171 172 173 174 175 176 177 178 179 180 181 182 183 184 185 186 187 188 189 190 191 192 193 194 195 196 197 205 206 213 215 217 231 238 243 246 252 261 274 277 282 283 292 301
21 10 13 19 21 23 27 30 31 35 58 68 70 73 74 80 84 85 86 97 98 99 104 107 109 110 111 113 118 120 122 123 124 128 131 132 133 134 135 137 138 139 140 141 143 146 150 154 156 163 164 168 173 174 176 177 181 189 191 192 197 206 246 252 282 283 292 301
27 10 21 27 31 33 35 51 61 67 73 97 99 109 111 118 120 122 124 128 129 130 132 133 134 135 136 137 138 139 140 141 143 149 153 155 156 162 163 168 174 176 180 181 184 185 186 189 192 194 197 213 215 217 231 243 246 252 282 283 292 301
60 0 1 2 3 4 5 6 7 8 9 11 12 13 14 15 16 17 20 22 23 24 25 26 28 29 30 32 34 35 36 37 38 39 41 42 43 44 45 46 47 48 49 50 51 52 53 54 55 56 57 58 59 60 61 62 63 64 65 66 68 69 70 71 72 74 75 76 77 78 79 80 81 82 85 87 88 89 90 91 92 93 94 95 96 98 100 101 102 103 104 105 108 110 112 113 114 115 116 117 119 121 125 126 129 130 131 137 142 144 146 147 148 150 151 152 154 155 156 157 158 159 160 161 162 163 164 165 166 167 168 169 170 171 172 175 178 183 184 188 190 191 193 196 205 213 215 217 231 238 241 261 274 277 283 292
31 21 27 31 67 98 106 109 110 111 112 113 114 115 116 118 123 124 125 127 128 129 130 131 132 134 135 137 138 139 141 142 144 145 150 156 161 163 164 171 173 175 176 177 178 179 181 183 187 188 189 191 192 193 195 196 197 205 206 215 231 238 241 246 261 274 283 292 301
