8 1 2 8 9 10 16 18 21 27 31 33 34 35 41 43 46 49 52 55 58 60 64 67 74 77 80 85 95 104 106 107 108 109 111 112 113 115 116 117 118 120 122 123 124 125 126 127 128 129 130 131 132 133 134 135 136 137 138 139 142 144 146 147 149 150 151 153 154 157 160 161 163 164 165 167 171 173 175 177 178 179 180 183 192 196
9 1 8 9 10 16 18 21 27 31 34 35 41 43 44 46 49 52 55 58 64 73 74 85 95 99 104 106 107 108 109 110 111 112 116 117 118 120 122 123 124 125 126 127 128 129 130 131 132 133 134 135 136 137 138 139 140 142 143 144 145 146 149 150 151 153 154 156 161 165 173 175 176 177 179 180 183 188 193
10 1 2 8 9 10 16 18 19 21 27 31 33 34 35 41 43 46 49 52 55 60 64 67 73 74 85 86 95 97 98 99 104 106 107 108 109 111 112 113 116 117 118 120 122 123 124 125 126 127 128 129 130 131 132 133 134 135 136 137 138 139 140 141 142 143 144 146 149 150 153 154 156 161 163 165 168 173 174 175 177 178 180 181 183 191
16 1 2 8 9 10 16 18 20 21 27 28 31 33 34 35 41 43 44 46 48 49 50 52 55 58 60 61 64 67 73 74 77 80 85 86 95 97 98 99 104 106 107 108 109 111 112 113 115 116 117 118 119 120 121 122 123 124 125 126 127 128 129 130 131 132 133 134 135 136 137 138 139 140 141 142 143 144 145 146 147 149 150 151 153 154 155 156 157 160 161 162 163 165 167 174 175 176 177 178 180 181 182 183 184 187 190 194
18 1 8 9 10 16 18 21 27 31 33 34 35 41 43 44 45 49 52 55 60 64 73 74 77 83 85 86 95 97 99 104 106 107 108 109 111 112 113 116 117 118 119 120 121 122 123 124 125 126 127 128 129 130 131 132 133 134 135 136 137 138 139 140 141 142 143 144 145 149 150 153 154 161 171 175 177 179 183 188 193
20 0 1 2 3 4 5 6 7 8 9 10 11 12 13 14 15 16 17 18 19 20 21 23 24 25 26 27 28 29 30 31 32 33 34 35 36 37 38 39 40 41 42 43 44 46 47 48 49 50 51 52 53 54 55 56 57 58 60 61 62 64 65 67 68 69 70 72 73 74 75 76 77 80 85 86 95 97 98 99 104 106 107 108 109 110 111 112 113 114 115 116 117 118 119 120 121 122 123 124 125 126 127 128 129 130 131 132 134 135 136 137 138 139 140 142 144 146 147 148 149 150 151 152 153 154 155 156 157 158 159 160 161 162 163 164 165 166 167 168 169 170 171 172 180 194
21 1 2 8 9 10 16 18 19 21 27 31 33 34 35 41 43 46 49 52 55 58 64 67 73 74 85 86 95 97 98 99 104 106 107 108 109 110 111 112 113 116 117 118 119 120 122 123 124 125 126 127 128 129 130 131 132 133 134 135 136 137 138 139 140 141 142 143 144 146 149 150 153 154 156 161 163 164 168 173 175 176 177 180
27 1 2 8 9 10 16 18 21 27 31 33 34 35 41 43 46 49 52 55 58 61 64 67 73 74 85 86 95 97 99 104 106 107 108 109 111 112 116 117 118 120 122 123 124 125 126 128 129 130 131 132 133 134 135 136 137 138 139 140 142 143 144 146 149 150 151 153 154 156 161 163 165 174 175 177 180 181 183 184
28 1 2 3 5 6 8 9 10 13 15 16 17 18 19 20 21 23 25 26 27 28 30 31 32 33 34 35 36 37 38 39 40 41 43 44 47 48 49 50 51 52 53 54 55 56 58 60 61 62 64 65 68 72 73 74 77 80 86 95 97 98 99 104 107 108 109 110 111 112 113 114 115 116 117 118 119 120 121 123 125 126 128 129 130 131 132 134 135 137 138 139 140 142 144 146 147 148 149 150 151 152 153 154 155 156 157 158 159 160 161 162 163 164 165 166 167 168 169 170 171 172
31 1 8 9 10 16 18 21 27 31 33 34 35 41 43 44 46 49 52 55 58 60 64 67 74 77 85 86 95 98 99 104 106 107 109 110 111 112 113 115 116 117 118 120 122 123 124 125 126 127 128 129 130 131 132 133 134 135 136 137 138 139 140 142 143 144 146 147 149 150 153 154 156 161 163 164 165 171 173 175 176 177 178 180 183 187 191
33 1 2 8 9 10 16 18 20 21 27 28 31 33 34 35 41 43 44 46 48 49 50 51 52 55 58 60 61 64 67 73 74 77 80 85 86 95 97 98 99 104 106 107 108 109 111 112 113 116 117 118 120 122 123 124 125 126 127 128 129 130 131 132 133 134 135 136 137 138 139 140 142 143 144 146 149 150 151 153 154 156 157 160 161 163 165 167 168 174 176 177 180 181 182 183 184 185 186 187 190
34 1 2 3 5 6 7 8 9 10 11 13 15 16 17 18 19 20 21 23 25 26 27 28 30 31 32 33 34 35 36 37 38 39 40 41 43 44 46 47 49 51 52 53 54 55 56 58 60 61 62 64 65 67 68 72 73 74 77 78 80 85 86 95 97 99 104 106 107 108 109 111 112 113 115 116 117 118 120 122 123 124 125 126 127 128 129 130 131 132 133 134 135 136 137 138 139 140 142 143 144 146 149 150 151 153 154 156 160 161 163 165 167 171 173 175 177 178 179 180 181 183 184 190 192
35 1 2 8 9 10 16 18 19 20 21 27 31 33 34 35 41 43 44 46 49 52 55 58 60 64 67 73 74 77 80 85 86 95 97 98 99 104 106 107 108 109 111 112 113 116 117 118 119 120 122 123 124 125 126 127 128 129 130 131 132 133 134 135 136 137 138 139 140 141 142 143 144 145 146 149 150 151 153 154 156 160 161 163 167 174 175 176 177 178 180 181 182 183 187 191 194 196
41 1 2 8 9 10 16 18 20 21 27 28 31 33 34 35 41 43 46 48 49 52 55 58 60 64 67 74 77 80 85 86 95 97 98 99 104 106 107 108 109 110 111 112 113 114 115 116 117 118 120 122 123 124 125 126 127 128 129 130 131 132 133 134 135 136 137 138 139 142 143 144 146 147 149 150 151 153 154 157 160 161 163 164 165 167 171 174 175 176 177 178 180 181 182 183 184 187 191 194 195 196
43 1 8 9 10 16 18 20 21 27 28 31 33 34 35 41 43 44 46 48 49 50 52 55 60 64 67 73 74 77 80 86 95 97 98 99 104 106 107 108 109 110 111 112 113 115 116 117 118 119 120 121 122 123 124 125 126 127 128 129 130 131 132 133 134 135 136 137 138 139 140 141 142 143 144 145 146 147 149 150 151 153 154 156 157 160 161 163 164 165 167 171 173 175 177 180 182 183 184 187 189 190 194 195 197
44 1 2 8 9 10 16 18 20 21 27 28 31 33 34 35 41 43 44 45 46 48 49 50 52 54 55 60 64 67 73 74 77 85 86 95 97 98 99 101 103 104 105 106 107 108 109 110 111 112 113 114 115 116 117 118 119 120 121 122 123 124 125 126 127 128 129 130 131 132 133 134 135 136 137 138 139 140 141 142 143 144 145 146 147 148 149 150 151 152 153 154 155 156 157 158 159 160 161 162 163 164 165 166 167 168 169 170 171 172 175 177 183 188 193
46 1 2 8 9 10 16 20 21 27 31 33 34 35 41 43 46 49 52 55 58 64 67 73 74 77 85 95 99 104 106 107 108 109 110 111 112 113 114 115 116 117 118 120 122 124 125 126 127 128 129 131 132 133 134 135 136 137 139 141 142 144 145 146 149 150 151 153 157 161 163 165 175 177 178 180 182 183 194
48 0 1 2 3 4 5 6 7 8 9 10 11 12 13 14 15 16 17 18 19 20 21 23 24 25 26 27 28 29 30 31 32 33 34 35 36 37 38 39 40 41 42 43 44 46 47 48 49 50 51 52 53 54 55 56 57 58 60 61 62 64 65 68 69 70 72 73 74 75 76 77 85 86 95 97 98 99 104 107 108 109 110 111 112 113 114 115 116 117 118 119 120 121 123 125 126 128 129 130 131 132 134 135 137 138 139 140 142 144 146 147 148 149 150 151 152 153 154 155 156 157 158 159 160 161 162 163 164 165 166 167 168 169 170 171 172
49 1 8 9 10 16 21 27 31 33 34 35 41 43 46 49 52 55 64 67 77 85 95 99 104 106 107 108 109 110 111 112 113 115 116 117 118 120 122 124 125 126 127 128 129 131 132 133 134 135 136 137 138 139 140 142 144 146 147 149 150 151 153 157 161 163 164 165 171 173 175 177 178 179 180 183 191
50 1 8 9 10 16 18 20 27 28 31 33 35 41 43 44 45 48 49 50 52 55 60 64 73 74 77 86 95 97 98 99 104 107 108 109 110 111 112 113 114 115 116 117 118 119 120 121 123 125 126 128 129 130 131 132 134 135 137 138 139 140 142 144 146 147 148 149 150 151 152 153 154 155 156 157 158 159 160 161 162 163 164 165 166 167 168 169 170 171 172
52 1 8 9 10 16 18 21 27 31 33 34 35 41 43 46 49 52 55 60 64 67 73 74 77 80 85 86 95 97 99 104 106 107 108 109 111 112 113 115 116 117 118 120 122 124 125 126 127 128 129 130 131 132 133 134 135 136 137 138 139 142 143 144 146 149 150 151 153 154 160 161 163 164 165 167 171 173 175 177 178 180 182 183 184 190
55 1 2 8 9 10 16 18 21 27 31 33 34 35 41 43 44 46 49 51 52 55 58 60 64 67 73 74 77 85 86 95 97 98 99 104 106 107 108 109 111 112 113 116 117 118 119 120 121 122 123 124 125 126 127 128 129 130 131 132 133 134 135 136 137 138 139 140 142 143 144 146 149 150 151 153 154 156 161 163 165 168 173 174 175 176 177 178 180 181 182 183 184 185 186 187 189 191 197
60 1 2 8 9 10 16 18 20 21 27 28 31 33 34 35 41 43 44 48 49 50 52 55 58 60 64 67 73 74 77 80 85 86 95 97 98 99 104 106 107 108 109 110 111 112 113 114 115 116 117 118 119 120 121 122 123 124 125 126 127 128 129 130 131 132 133 134 135 136 137 138 139 140 142 144 146 147 148 149 150 151 152 153 154 155 156 157 158 159 160 161 162 163 164 165 166 167 168 169 170 171 172 175 177 178 180 183 184 190 196
64 1 2 8 9 10 11 16 18 20 21 27 29 31 33 34 35 38 40 41 43 44 45 48 49 52 54 55 58 60 62 64 73 74 77 85 86 95 98 99 101 103 104 105 106 107 108 109 110 111 112 113 115 116 117 118 120 122 123 124 125 126 127 128 129 130 131 132 133 134 135 136 137 138 139 140 142 144 146 149 150 153 154 161 165 171 175 177 178 179 180 183 188 192 193 196
67 1 2 8 9 10 16 18 20 21 27 31 33 34 35 41 43 46 49 52 55 58 60 64 67 73 74 77 85 86 95 97 99 104 106 107 108 109 111 112 113 115 116 117 118 120 122 123 124 125 126 127 128 129 130 131 132 133 134 135 136 137 138 139 140 142 143 144 146 149 150 151 153 154 155 161 162 163 165 174 175 177 178 180 182 183 191
73 1 2 8 9 10 16 18 19 20 21 27 28 31 33 34 35 41 43 44 46 48 49 50 52 55 58 60 61 64 67 73 74 77 85 86 95 97 98 99 104 106 107 109 111 112 113 114 117 118 120 121 122 124 125 126 127 128 129 130 131 132 133 134 135 136 137 138 139 140 142 143 144 145 146 148 149 150 152 153 155 156 158 159 160 162 166 167 168 169 170 172 175 180 181 183 191
74 1 2 3 5 6 8 9 10 13 15 16 17 18 19 20 21 23 25 26 27 28 30 31 32 33 34 35 36 37 38 39 40 41 43 44 46 47 48 49 50 51 52 53 54 55 56 58 60 61 62 64 65 67 68 72 73 74 77 85 86 95 97 98 99 104 106 107 108 109 111 112 113 115 116 117 118 119 120 121 122 123 124 125 126 127 128 129 130 131 132 133 134 135 136 137 138 139 140 142 143 144 146 149 150 151 153 154 155 156 160 161 162 163 165 167 171 174 175 176 177 178 180 181 182 183 187 191 196
77 1 2 8 9 10 16 18 20 21 27 28 31 33 34 35 41 43 44 46 48 49 50 52 55 58 60 64 67 73 74 77 80 86 95 97 98 99 104 106 107 108 109 110 111 112 113 114 115 116 117 118 119 120 121 122 123 124 125 126 127 128 129 130 131 132 133 134 135 136 137 138 139 140 142 144 146 147 148 149 150 151 152 153 154 155 156 157 158 159 160 161 162 163 164 165 166 167 168 169 170 171 172 173 175 177 178 180 182 183 184 190
80 1 3 5 6 8 9 10 13 15 16 17 19 20 21 23 25 26 27 28 30 31 32 33 34 35 36 37 38 39 40 41 43 47 49 51 52 53 54 56 58 60 61 62 65 68 72 74 77 80 95 104 106 107 108 109 111 112 113 116 117 118 120 122 124 126 127 129 134 135 136 142 144 146 149 151 153 160 161 163 165 167 175 177 178 180 184 190
85 1 2 3 8 9 10 13 15 16 18 19 21 23 27 30 31 33 34 35 40 41 43 44 46 49 52 54 55 58 60 61 64 67 68 70 73 74 84 85 86 95 97 98 99 104 106 107 108 109 111 112 113 116 117 118 119 120 121 122 123 124 125 126 127 128 129 130 131 132 133 134 135 136 137 138 139 140 141 142 143 144 145 146 149 150 153 154 155 156 161 162 165 174 175 177 178 179 180 181 183 191
86 1 2 8 9 10 16 18 19 21 27 31 33 34 35 41 43 44 49 52 55 58 60 64 67 73 74 84 85 86 95 97 98 99 104 107 108 109 111 112 113 116 117 118 119 120 121 122 123 124 125 126 127 128 129 130 131 132 133 134 135 136 137 138 139 140 141 142 143 144 145 149 150 153 154 155 156 161 162 163 165 168 174 175 177 179 180 183
95 2 8 9 10 16 18 19 21 27 31 33 34 35 41 43 49 52 55 60 64 67 73 74 85 86 95 97 98 99 104 106 107 108 109 111 112 113 116 117 118 119 120 122 123 124 125 126 127 128 129 130 131 132 133 134 135 136 137 138 139 140 142 143 144 145 146 149 150 153 154 155 156 161 162 165 171 174 175 177 179 180 181 183 189 197
97 1 2 8 9 10 16 18 19 20 21 27 28 31 33 34 35 41 43 44 46 48 49 50 52 55 60 64 67 73 74 77 85 86 95 97 98 99 104 106 107 108 109 110 111 112 113 114 115 116 117 118 119 120 121 122 123 124 125 126 127 128 129 130 131 132 133 134 135 136 137 138 139 140 142 143 144 145 146 147 148 149 150 151 152 153 154 155 156 157 158 159 160 161 162 163 164 165 166 167 168 169 170 171 172 174 175 176 178 179 180 181 182 183 187
98 2 8 9 10 16 18 20 21 27 28 31 33 34 35 41 43 44 46 48 49 50 52 55 58 60 64 67 73 74 77 85 86 95 97 98 99 104 106 107 108 109 110 111 112 113 114 115 116 117 118 119 120 121 122 123 124 125 126 127 128 129 130 131 132 133 134 135 136 137 138 139 140 142 143 144 146 147 148 149 150 151 152 153 154 155 156 157 158 159 160 161 162 163 164 165 166 167 168 169 170 171 172 174 175 176 177 180 181 182 187
99 2 8 9 10 16 18 20 21 27 31 33 34 35 41 43 46 48 49 52 55 60 67 73 74 85 86 95 97 98 99 104 106 107 108 109 111 112 113 116 117 118 120 122 123 124 125 126 127 128 129 131 132 133 134 135 136 137 138 139 140 141 142 143 144 146 149 150 153 154 155 161 162 163 174 175 176 177 180 181 182 187
104 8 9 10 16 18 21 27 31 33 34 35 41 43 46 49 52 55 58 64 67 73 74 85 86 95 97 98 99 104 106 107 108 109 111 112 116 117 118 119 120 122 123 124 125 126 127 128 129 130 131 132 133 134 135 136 137 138 139 142 143 144 146 149 150 151 153 154 157 161 165 168 174 175 177 179 180 183
