8 0 1 2 3 4 5 6 7 8 9 10 11 12 13 14 15 16 17 19 20 21 22 23 24 25 26 27 28 29 30 31 32 33 34 35 36 37 38 39 40 41 42 43 44 45 46 47 48 49 50 51 52 53 54 55 56 57 58 59 60 61 62 63 65 66 67 68 69 70 71 72 73 74 75 76 77 78 79 80 81 82 84 85 86 87 88 89 90 91 92 93 94 95 96 97 98 99 100 101 102 104
9 1 5 6 8 9 13 17 20 21 22 23 26 27 28 30 31 32 35 36 39 41 43 44 45 47 49 50 51 52 53 55 56 58 59 62 63 65 66 67 68 71 72 74 77 80 102 104
10 0 1 2 3 4 5 6 7 8 9 10 11 12 13 14 15 16 17 18 19 20 21 22 23 24 25 26 27 28 29 30 31 32 33 34 35 36 37 38 39 40 41 42 43 44 45 46 47 48 49 50 51 52 53 54 55 56 57 58 59 60 61 62 63 64 65 66 67 68 69 70 71 72 73 74 75 76 77 78 79 80 81 82 83 84 85 86 87 88 89 90 91 92 93 94 95 96 97 98 99 100 101 102 103 104 105
16 0 1 2 3 4 5 6 7 8 9 10 11 12 13 14 15 16 17 18 19 20 21 22 23 24 25 26 27 28 29 30 31 32 33 34 35 36 37 38 39 40 41 42 43 44 45 46 47 48 49 50 51 52 53 54 55 56 57 58 59 60 61 62 63 64 65 66 67 68 69 70 71 72 73 74 75 76 77 78 79 80 81 82 83 84 85 86 87 88 89 90 91 92 93 94 95 96 97 98 99 100 101 102 103 104 105
18 0 1 2 3 4 5 6 7 8 9 10 11 12 13 14 15 16 17 18 19 20 21 22 23 24 25 26 27 28 29 30 31 32 33 34 35 36 37 38 39 40 41 42 43 44 45 46 47 48 49 50 51 52 53 54 55 56 57 58 59 60 61 62 63 64 65 66 67 68 69 70 71 72 73 74 75 76 77 78 79 80 81 82 83 84 85 86 87 88 89 90 91 92 93 94 95 96 97 98 99 100 101 102 103 104 105
20 0 1 2 3 4 5 6 7 8 9 10 11 12 13 14 15 16 17 19 20 21 22 23 24 25 26 27 28 29 30 31 32 33 34 35 36 37 38 39 40 41 42 43 44 45 46 47 48 49 50 51 52 53 54 55 56 57 58 59 60 61 62 63 65 66 67 68 69 70 71 72 73 74 75 76 77 78 79 80 81 82 84 85 86 87 88 89 90 91 92 93 94 95 96 97 98 99 100 101 102 104
21 0 1 2 3 4 5 6 7 8 9 10 11 12 13 14 15 16 17 18 19 20 21 22 23 24 25 26 27 28 29 30 31 32 33 34 35 36 37 38 39 40 41 42 43 44 45 46 47 48 49 50 51 52 53 54 55 56 57 58 59 60 61 62 63 64 65 66 67 68 69 70 71 72 73 74 75 76 77 78 79 80 81 82 83 84 85 86 87 88 89 90 91 92 93 94 95 96 97 98 99 100 101 102 103 104 105
27 0 1 2 3 4 5 6 7 8 9 10 11 12 13 14 15 16 17 18 19 20 21 22 23 24 25 26 27 28 29 30 31 32 33 34 35 36 37 38 39 40 41 42 43 44 45 46 47 48 49 50 51 52 53 54 55 56 57 58 59 60 61 62 63 64 65 66 67 68 69 70 71 72 73 74 75 76 77 78 79 80 81 82 83 84 85 86 87 88 89 90 91 92 93 94 95 96 97 98 99 100 101 102 103 104 105
28 1 5 6 8 9 13 17 20 21 22 23 26 27 28 30 31 32 35 36 39 41 43 44 45 47 49 50 51 52 53 55 56 58 59 62 63 65 66 67 68 71 72 74 77 80 102 104
31 1 5 6 8 9 13 17 20 21 22 23 26 27 28 30 31 32 35 36 39 41 43 44 45 47 49 50 51 52 53 55 56 58 59 62 63 65 66 67 68 71 72 74 77 80 102 104
33 0 1 2 3 4 5 6 7 8 9 10 11 12 13 14 15 16 17 18 19 20 21 22 23 24 25 26 27 28 29 30 31 32 33 34 35 36 37 38 39 40 41 42 43 44 45 46 47 48 49 50 51 52 53 54 55 56 57 58 59 60 61 62 63 64 65 66 67 68 69 70 71 72 73 74 75 76 77 78 79 80 81 82 83 84 85 86 87 88 89 90 91 92 93 94 95 96 97 98 99 100 101 102 103 104 105
34 3 5 6 7 8 9 11 15 17 19 20 25 26 27 28 31 32 34 35 36 37 38 40 41 47 51 53 54 58 61 62 64 65 72 74 78 80 84 86 103 104 105
35 0 1 2 3 4 5 6 7 8 9 10 11 12 13 14 15 16 17 19 20 21 22 23 24 25 26 27 28 29 30 31 32 33 34 35 36 37 38 39 40 41 42 43 44 45 46 47 48 49 50 51 52 53 54 55 56 57 58 59 60 61 62 63 65 66 67 68 69 70 71 72 73 74 75 76 77 78 79 80 81 82 84 85 86 87 88 89 90 91 92 93 94 95 96 97 98 99 100 101 102 104
41 0 1 2 3 4 5 6 7 8 9 10 11 12 13 14 15 16 17 19 20 21 22 23 24 25 26 27 28 29 30 31 32 33 34 35 36 37 38 39 40 41 42 43 44 45 46 47 48 49 50 51 52 53 54 55 56 57 58 59 60 61 62 63 65 66 67 68 69 70 71 72 73 74 75 76 77 78 79 80 81 82 84 85 86 87 88 89 90 91 92 93 94 95 96 97 98 99 100 101 102 104
43 0 1 4 5 6 7 8 9 10 11 12 14 16 20 21 22 24 26 28 29 31 32 33 35 41 42 43 44 45 46 47 48 49 50 52 53 55 56 57 58 59 60 62 63 65 66 67 69 70 71 72 73 74 75 76 77 80 104
44 0 1 4 5 6 7 8 9 10 11 12 14 16 20 21 22 24 26 28 29 31 32 33 35 41 42 43 44 45 46 47 48 49 50 52 53 55 56 57 58 59 60 62 63 65 66 67 69 70 71 72 73 74 75 76 77 80 104
46 0 1 2 3 4 5 6 7 8 9 10 11 12 13 14 15 16 17 18 19 20 21 22 23 24 25 26 27 28 29 30 31 32 33 34 35 36 37 38 39 40 41 42 43 44 45 46 47 48 49 50 51 52 53 54 55 56 57 58 59 60 61 62 63 64 65 66 67 68 69 70 71 72 73 74 75 76 77 78 79 80 81 82 83 84 85 86 87 88 89 90 91 92 93 94 95 96 97 98 99 100 101 102 103 104 105
48 0 1 2 3 4 5 6 7 8 9 10 11 12 13 14 15 16 17 18 19 20 21 22 23 24 25 26 27 28 29 30 31 32 33 34 35 36 37 38 39 40 41 42 43 44 45 46 47 48 49 50 51 52 53 54 55 56 57 58 59 60 61 62 63 64 65 66 67 68 69 70 71 72 73 74 75 76 77 78 79 80 81 82 83 84 85 86 87 88 89 90 91 92 93 94 95 96 97 98 99 100 101 102 103 104 105
49 0 1 4 5 6 7 8 9 10 11 12 14 16 20 21 22 24 26 28 29 31 32 33 35 41 42 43 44 45 46 47 48 49 50 52 53 55 56 57 58 59 60 62 63 65 66 67 69 70 71 72 73 74 75 76 77 80 104
50 0 1 4 5 6 7 8 9 10 11 12 14 16 20 21 22 24 26 28 29 31 32 33 35 41 42 43 44 45 46 47 48 49 50 52 53 55 56 57 58 59 60 62 63 65 66 67 69 70 71 72 73 74 75 76 77 80 104
52 0 1 4 5 6 7 8 9 10 11 12 14 16 20 21 22 24 26 28 29 31 32 33 35 41 42 43 44 45 46 47 48 49 50 52 53 55 56 57 58 59 60 62 63 65 66 67 69 70 71 72 73 74 75 76 77 80 104
55 0 1 4 5 6 7 8 9 10 11 12 14 16 20 21 22 24 26 28 29 31 32 33 35 41 42 43 44 45 46 47 48 49 50 52 53 55 56 57 58 59 60 62 63 65 66 67 69 70 71 72 73 74 75 76 77 80 104
60 0 1 2 3 4 5 6 7 8 9 10 11 12 13 14 15 16 17 18 19 20 21 22 23 24 25 26 27 28 29 30 31 32 33 34 35 36 37 38 39 40 41 42 43 44 45 46 47 48 49 50 51 52 53 54 55 56 57 58 59 60 61 62 63 64 65 66 67 68 69 70 71 72 73 74 75 76 77 78 79 80 81 82 83 84 85 86 87 88 89 90 91 92 93 94 95 96 97 98 99 100 101 102 103 104 105
64 18 29 45 64 83 101 103 105
67 0 1 4 5 6 7 8 9 10 11 12 14 16 20 21 22 24 26 28 29 31 32 33 35 41 42 43 44 45 46 47 48 49 50 52 53 55 56 57 58 59 60 62 63 65 66 67 69 70 71 72 73 74 75 76 77 80 104
73 0 1 2 3 4 5 6 7 8 9 10 11 12 13 14 15 16 17 18 19 20 21 22 23 24 25 26 27 28 29 30 31 32 33 34 35 36 37 38 39 40 41 42 43 44 45 46 47 48 49 50 51 52 53 54 55 56 57 58 59 60 61 62 63 64 65 66 67 68 69 70 71 72 73 74 75 76 77 78 79 80 81 82 83 84 85 86 87 88 89 90 91 92 93 94 95 96 97 98 99 100 101 102 103 104 105
74 0 1 2 3 4 5 6 7 8 9 10 11 12 13 14 15 16 17 19 20 21 22 23 24 25 26 27 28 29 30 31 32 33 34 35 36 37 38 39 40 41 42 43 44 45 46 47 48 49 50 51 52 53 54 55 56 57 58 59 60 61 62 63 65 66 67 68 69 70 71 72 73 74 75 76 77 78 79 80 81 82 84 85 86 87 88 89 90 91 92 93 94 95 96 97 98 99 100 101 102 104
77 0 1 4 5 6 7 8 9 10 11 12 14 16 20 21 22 24 26 28 29 31 32 33 35 41 42 43 44 45 46 47 48 49 50 52 53 55 56 57 58 59 60 62 63 65 66 67 69 70 71 72 73 74 75 76 77 80 104
80 0 1 2 3 4 5 6 7 8 9 10 11 12 13 14 15 16 17 19 20 21 22 23 24 25 26 27 28 30 31 32 33 34 35 36 37 38 39 40 41 42 43 44 45 46 47 48 49 50 51 52 53 54 55 56 57 58 59 60 61 62 63 65 66 67 68 69 70 71 72 73 74 75 76 77 78 79 80 81 82 84 85 86 87 88 89 90 91 92 93 94 95 96 97 98 99 100 102 104
85 0 2 3 4 10 12 13 14 15 16 19 21 23 30 40 54 58 61 68 70 79 80 81 82 84 85 86 87 88 89 90 91 92 93 94 95 96 97 98 99 100 104
86 3 5 6 7 8 9 11 13 15 17 19 20 21 23 25 26 27 28 30 31 32 34 35 36 37 38 40 41 47 51 53 54 56 58 61 62 65 68 70 72 74 78 80 84 85 86 104
95 0 1 2 4 5 6 7 8 10 11 12 14 16 20 21 22 23 24 26 29 30 32 33 35 41 42 43 44 46 47 48 49 50 51 52 53 55 56 57 59 60 62 63 65 66 67 68 69 70 71 72 73 74 75 76 77 79 81 82 85 87 88 89 90 91 92 93 94 95 96 97 98 99 100
97 0 1 2 4 5 6 7 8 10 11 12 14 16 20 21 22 23 24 26 29 30 32 33 35 41 42 43 44 46 47 48 49 50 51 52 53 55 56 57 59 60 62 63 65 66 67 68 69 70 71 72 73 74 75 76 77 79 81 82 85 87 88 89 90 91 92 93 94 95 96 97 98 99 100
98 0 1 2 4 5 6 7 8 10 11 12 14 16 20 21 22 23 24 26 29 30 32 33 35 41 42 43 44 46 47 48 49 50 51 52 53 55 56 57 59 60 62 63 65 66 67 68 69 70 71 72 73 74 75 76 77 79 81 82 85 87 88 89 90 91 92 93 94 95 96 97 98 99 100
99 0 1 2 4 5 6 7 8 10 11 12 14 16 20 21 22 23 24 26 29 30 32 33 35 41 42 43 44 46 47 48 49 50 51 52 53 55 56 57 59 60 62 63 65 66 67 68 69 70 71 72 73 74 75 76 77 79 81 82 85 87 88 89 90 91 92 93 94 95 96 97 98 99 100
104 0 1 2 3 4 5 6 7 8 9 10 11 12 13 14 15 16 17 19 20 21 22 23 24 25 26 27 28 30 31 32 33 34 35 36 37 38 39 40 41 42 43 44 45 46 47 48 49 50 51 52 53 54 55 56 57 58 59 60 61 62 63 65 66 67 68 69 70 71 72 73 74 75 76 77 78 79 80 81 82 84 85 86 87 88 89 90 91 92 93 94 95 96 97 98 99 100 102 104
