8 1 2 8 9 10 16 18 21 27 31 33 34 35 41 43 49 52 55 58 60 64 67 74 77 80 95 104 106 107 108 109 111 112 113 115 116 117 118 120 122 123 124 125 126 127 128 129 130 131 132 133 134 135 137 138 139 142 144 146 147 149 150 153 154 157 161 163 164 165 171 173 175 177 178 179 180 182 183 192 196
9 1 8 9 10 16 18 21 27 31 33 34 35 41 43 44 46 49 52 54 55 58 64 73 74 85 86 95 97 98 99 101 103 104 105 106 107 108 109 110 111 112 113 116 117 118 119 120 122 123 124 125 126 127 128 129 130 131 132 133 134 135 136 137 138 139 140 142 143 144 145 146 147 149 150 151 153 154 156 157 161 165 173 174 175 176 177 179 180 181 183 187 188 189 191 193 194 197
10 1 2 8 9 10 16 18 19 21 27 31 33 34 35 41 43 44 46 49 52 55 58 60 64 67 73 74 77 85 86 95 97 98 99 104 106 107 109 111 112 113 115 116 117 118 119 120 122 123 124 125 126 127 128 129 130 131 132 133 134 135 136 137 138 139 140 141 142 143 144 145 146 149 150 153 154 156 161 163 165 168 173 174 175 176 177 178 180 181 182 183 187 189 191 192 196 197
16 1 2 8 9 10 16 18 20 21 27 28 31 33 34 35 41 43 44 46 48 49 50 52 55 58 60 61 64 67 73 74 77 80 85 86 95 97 98 99 104 106 107 108 109 110 111 112 113 115 116 117 118 119 120 121 122 123 124 125 126 128 129 130 131 132 133 134 135 136 137 138 139 140 141 142 143 144 145 146 149 150 151 153 154 155 156 157 160 161 162 163 165 167 174 175 176 177 178 180 181 182 183 184 187 190 194
18 1 2 8 9 10 16 18 20 21 27 28 31 33 34 35 41 43 44 45 48 49 50 52 54 55 60 64 67 73 74 77 83 85 86 95 97 98 99 101 103 104 105 106 107 108 109 110 111 112 113 114 115 116 117 118 119 120 121 122 123 124 125 126 127 128 129 130 131 132 133 134 135 136 137 138 139 140 141 142 143 144 145 146 147 149 150 151 153 154 155 156 160 161 162 163 164 165 167 168 171 175 177 179 180 183 188 193
20 0 1 2 3 4 5 6 7 8 11 12 13 14 15 16 17 18 19 20 23 24 25 26 27 28 29 30 31 32 33 34 35 36 37 38 39 40 41 42 43 44 46 47 48 49 50 51 52 53 54 55 56 57 58 60 61 62 64 65 68 69 70 72 73 74 75 76 77 78 80 86 95 97 98 99 104 106 107 108 110 111 112 114 117 118 119 120 121 122 124 125 127 131 132 134 136 137 138 139 140 144 146 147 148 149 150 151 152 153 155 156 157 158 159 160 161 162 163 164 166 167 168 169 170 171 172 180 194
21 1 2 3 8 9 10 13 15 16 18 19 21 23 27 30 31 33 34 35 40 41 43 46 49 52 54 55 58 61 64 67 68 70 73 74 80 85 86 95 97 98 99 104 106 107 108 109 110 111 112 113 116 117 118 119 120 122 123 124 126 127 128 129 130 131 132 133 134 135 136 137 138 139 140 141 142 143 144 146 147 149 150 153 154 156 157 161 163 164 165 168 173 174 175 176 177 178 179 180 181 182 183 187 191
27 1 2 8 9 10 16 18 20 21 27 31 33 34 35 41 43 46 49 51 52 54 55 58 61 64 67 73 74 85 86 95 97 98 99 104 106 107 108 109 111 112 113 116 117 118 119 120 122 123 124 125 126 127 128 129 130 131 132 133 134 135 136 137 138 139 140 141 142 143 144 145 146 149 150 151 153 154 155 156 157 161 162 163 165 168 173 174 175 176 177 178 179 180 181 183 184 185 186 189 191 194 197
28 0 1 2 3 4 5 6 7 8 9 10 11 12 13 14 15 16 17 18 19 20 22 23 24 25 26 27 28 29 30 31 32 33 34 35 36 37 38 39 40 41 42 43 44 45 47 48 50 51 52 53 54 55 56 57 58 59 60 61 62 63 64 65 66 68 69 70 71 72 73 74 75 76 77 80 86 97 98 99 104 107 108 110 111 112 113 114 115 116 117 118 119 120 121 123 125 126 128 129 130 131 132 134 135 137 138 139 140 142 144 146 147 148 149 150 151 152 153 154 155 156 157 158 159 160 161 162 163 164 165 166 167 168 169 170 171 172
31 1 8 9 10 16 18 21 27 31 33 34 35 41 43 44 45 46 49 52 54 55 58 60 64 67 74 77 83 85 86 95 97 98 99 104 106 107 108 109 110 111 112 113 114 115 116 117 118 120 122 123 124 125 126 127 128 129 130 131 132 133 134 135 136 137 138 139 140 141 142 143 144 146 147 149 150 153 154 156 161 163 164 165 171 173 175 176 177 178 179 180 181 182 183 187 188 191 193
33 0 1 2 4 8 9 10 12 14 16 18 20 21 24 27 28 31 33 34 35 41 42 43 44 48 49 50 51 52 55 57 58 60 61 64 67 69 73 74 75 76 77 80 85 86 95 97 98 99 104 106 107 108 109 111 112 113 116 117 118 120 122 123 124 126 127 128 129 130 131 132 133 134 135 136 137 138 139 143 144 146 149 150 151 153 154 156 157 160 161 163 165 167 168 174 176 180 181 182 183 184 185 186 187 190
34 1 2 3 5 6 7 8 9 10 11 13 15 16 17 18 19 20 21 23 25 26 27 28 30 31 32 33 34 35 36 37 38 39 40 41 43 47 49 51 52 53 54 55 56 58 60 61 62 64 65 67 68 72 73 77 78 80 85 95 99 104 106 107 109 111 112 113 116 117 118 120 122 123 124 125 127 128 129 131 132 133 134 135 136 137 138 139 142 144 149 150 153 154 156 160 161 163 165 167 171 173 175 177 179 180 181 183 184 190 192
35 1 2 8 9 10 16 18 19 20 21 27 28 31 33 35 41 43 44 46 49 52 55 58 60 64 67 73 74 77 80 85 86 95 97 98 99 104 106 107 108 109 111 112 116 117 118 120 122 123 124 125 126 128 129 130 131 132 133 134 135 136 137 138 139 140 141 142 143 145 146 149 150 151 153 154 156 161 163 174 175 176 177 178 180 181 182 183 191 194 196
41 1 2 5 6 8 10 16 20 26 27 28 31 32 33 34 35 41 43 46 47 48 49 52 53 55 58 60 64 67 74 77 80 85 95 97 98 99 104 106 107 108 109 110 111 112 113 114 115 116 117 118 120 122 123 124 125 126 127 128 129 130 131 132 133 134 135 136 137 138 139 142 143 144 146 147 149 150 151 153 154 157 160 161 163 164 165 167 171 174 175 176 177 178 180 181 182 183 187 191 194 195 196
43 1 8 9 10 16 18 20 21 27 28 31 33 34 35 41 43 44 46 48 49 50 52 55 60 64 67 73 74 77 80 86 95 97 98 99 104 106 107 108 109 110 111 112 113 115 116 117 118 119 120 121 122 123 124 125 126 127 128 129 130 131 132 133 134 135 136 137 138 139 140 141 142 144 145 146 147 149 150 151 153 154 155 156 157 160 161 162 163 164 165 167 168 171 173 175 177 179 180 182 183 184 187 189 190 194 195 197
44 1 2 8 9 10 16 18 19 20 21 22 27 28 31 33 35 41 43 44 45 48 49 50 52 54 55 58 59 60 62 63 64 66 71 73 74 77 85 86 95 97 98 99 101 103 104 105 106 107 108 109 110 111 112 113 114 115 116 117 118 119 120 121 123 125 126 127 128 129 130 131 132 133 134 135 136 137 138 139 140 141 142 143 144 145 146 147 148 149 150 151 152 153 154 155 156 157 158 159 160 161 162 163 164 165 166 167 168 169 170 171 172 175 177 183 188 193
46 0 1 2 4 5 6 7 9 10 11 12 13 14 15 16 17 18 20 21 23 24 25 26 27 29 30 31 32 35 36 37 38 39 41 42 43 46 47 48 49 51 52 53 54 55 56 57 58 61 62 65 67 68 69 70 72 75 76 77 95 97 99 104 106 107 108 109 110 111 112 113 114 115 116 117 118 120 122 124 125 126 127 128 129 131 132 133 134 135 136 137 138 139 141 142 143 144 145 146 149 150 151 153 157 161 163 165 175 177 178 180 182 183 194
48 0 1 2 3 4 5 6 7 8 9 10 11 12 13 14 15 16 17 18 19 20 22 23 24 25 26 27 28 29 30 32 33 34 35 36 37 38 39 40 41 42 43 44 45 46 47 48 50 51 52 53 54 55 56 57 58 59 60 61 62 63 64 65 66 68 69 70 71 72 73 74 75 76 77 78 79 81 82 85 86 87 88 89 90 91 92 93 94 95 96 97 98 99 100 107 108 110 111 112 113 114 115 116 117 118 119 120 121 123 125 126 130 131 132 134 138 139 140 142 144 146 147 148 149 150 151 152 153 154 155 156 157 158 159 160 161 162 163 164 165 166 167 168 169 170 171 172
49 1 8 9 10 16 18 20 21 27 31 33 34 35 41 43 46 49 52 55 60 64 67 74 77 85 86 95 98 99 104 106 107 108 109 110 111 112 113 114 115 116 117 118 120 122 123 124 125 126 127 128 129 130 131 132 133 134 135 136 137 138 139 140 141 142 143 144 146 147 149 150 151 153 154 156 157 161 163 164 165 171 173 175 176 177 178 179 180 182 183 187 191 194 195
50 0 1 2 3 4 5 6 7 8 9 10 11 12 13 14 15 16 17 18 20 21 22 23 24 25 26 27 28 29 30 31 32 33 35 36 37 38 39 40 41 42 43 44 45 47 48 49 50 51 52 53 54 55 56 57 58 59 60 61 62 63 64 65 66 68 69 70 71 72 73 74 75 76 77 86 97 98 99 107 108 110 111 112 113 114 115 116 117 118 119 120 121 123 125 126 128 129 130 131 132 134 135 137 138 139 140 142 144 146 147 148 149 150 151 152 153 154 155 156 157 158 159 160 161 162 163 164 165 166 167 168 169 170 171 172
52 8 9 10 16 18 21 27 31 33 34 35 41 43 46 49 52 55 60 64 67 73 74 77 80 85 86 95 97 99 104 106 107 108 109 111 112 113 115 116 117 118 120 122 124 125 126 127 128 129 130 131 132 133 134 135 136 137 138 139 142 143 144 146 149 150 151 153 154 157 160 161 163 164 165 167 171 173 175 177 178 179 180 182 183 184 190 191
55 1 2 8 9 10 16 18 21 27 31 33 34 35 41 43 44 46 49 51 52 55 58 60 64 67 73 74 77 85 86 95 97 98 99 104 106 107 109 111 112 113 116 117 118 119 120 121 122 123 124 125 126 127 128 129 130 131 132 133 134 135 136 137 138 139 140 142 143 144 146 149 150 151 153 154 156 157 161 163 165 168 171 173 174 175 176 177 178 179 180 181 182 183 184 185 186 187 189 191 197
60 0 1 2 4 5 6 7 8 10 11 12 14 16 20 24 26 27 28 29 31 32 33 34 35 41 42 43 44 47 48 50 52 53 55 56 57 58 60 62 64 69 70 73 74 75 76 77 80 85 86 95 98 104 106 107 108 109 110 111 112 113 114 115 116 117 118 121 122 123 124 125 126 127 128 129 130 131 132 134 135 137 138 139 142 144 146 147 148 149 150 151 152 153 154 157 158 159 160 161 163 164 165 166 167 168 169 170 171 172 175 177 178 180 183 184 190 196
64 1 2 8 9 10 11 16 18 19 20 21 27 28 29 31 33 34 35 38 40 41 43 44 45 48 49 50 52 54 55 58 60 61 62 64 67 74 77 83 85 86 95 97 98 99 101 103 104 105 106 107 108 109 110 111 112 113 115 116 117 118 120 121 122 123 124 125 126 127 128 129 130 131 132 133 134 135 136 137 138 139 140 142 143 144 149 150 151 153 154 156 161 163 164 165 171 175 177 178 179 180 183 188 192 193 196
67 1 2 8 9 10 16 18 19 21 27 31 33 34 35 41 43 46 49 52 55 58 64 67 73 74 77 85 86 95 97 98 99 104 106 107 108 109 111 112 113 115 116 117 118 120 122 123 124 125 126 127 128 129 130 131 132 133 134 135 136 137 138 139 140 142 143 146 149 150 151 153 154 155 161 162 163 165 174 175 177 178 180 182 183 191
73 0 1 2 4 9 10 12 14 16 19 20 21 24 27 28 31 33 34 35 42 44 48 49 50 52 55 57 58 60 61 67 69 73 74 75 76 85 86 95 97 98 99 104 107 109 111 112 117 118 120 122 124 128 129 130 132 133 134 135 136 137 138 139 140 142 143 145 146 149 150 153 155 156 162 168 175 180 181 183 191
74 1 2 3 5 6 8 9 10 13 15 16 17 18 19 20 21 23 25 26 27 28 30 31 32 33 35 36 37 38 39 40 41 43 44 47 48 49 50 51 52 53 54 55 56 58 60 61 62 64 65 67 68 72 73 74 77 85 86 95 97 98 99 104 107 109 111 112 113 116 117 118 120 121 122 123 124 125 126 128 129 130 131 132 133 135 136 137 138 139 140 142 143 145 146 149 150 151 153 154 155 156 161 162 168 174 175 176 180 181 182 183 187 191 196
77 1 2 8 9 10 16 18 20 21 27 28 31 33 34 35 41 43 44 46 48 49 50 52 55 58 60 64 67 73 74 77 80 86 95 97 98 99 104 106 107 108 109 110 111 112 113 114 115 116 117 118 119 120 121 122 123 124 125 126 127 128 129 130 131 132 134 135 136 137 138 139 140 142 144 146 147 148 149 150 151 152 153 154 155 156 157 158 159 160 161 162 163 164 165 166 167 168 169 170 171 172 173 175 177 178 180 182 183 184 190
80 1 2 3 5 6 8 9 10 13 15 16 17 19 20 21 23 25 26 27 28 30 31 32 33 34 35 36 37 38 39 40 41 43 46 47 49 51 52 53 54 55 56 58 60 61 62 64 65 67 68 72 73 74 77 80 85 95 104 106 107 108 109 111 112 113 115 116 117 118 120 122 124 125 126 127 128 129 131 132 133 134 135 136 137 138 139 142 144 146 149 150 151 153 160 161 163 165 167 171 173 175 177 178 180 183 184 190
85 1 2 3 8 9 10 13 15 16 18 19 20 21 23 27 30 31 33 34 35 40 41 44 46 48 49 52 54 55 58 60 61 64 67 68 70 73 74 84 85 86 95 97 98 99 104 106 107 108 109 111 112 113 116 117 118 119 120 121 122 123 124 125 126 127 128 129 130 131 132 133 134 135 136 137 138 139 140 141 142 143 144 145 146 149 150 151 153 154 155 156 161 162 165 168 174 175 176 177 178 179 180 181 183 191
86 1 2 3 8 9 10 13 15 16 18 19 21 23 27 30 31 34 35 40 43 44 49 52 54 55 58 60 64 67 68 70 73 74 84 85 86 95 97 98 99 104 107 108 109 111 112 116 117 118 119 120 121 122 123 124 125 126 128 129 130 131 132 133 134 135 136 137 138 139 140 141 142 143 144 145 149 150 153 154 155 156 161 162 163 165 168 174 175 177 179 180 183
95 2 8 9 10 16 18 19 21 27 31 33 34 35 41 43 44 45 46 49 52 55 60 64 67 73 74 83 85 86 95 97 98 99 104 106 107 108 109 111 112 113 116 117 118 119 120 121 122 123 124 125 126 127 128 129 130 131 132 133 134 135 136 137 138 139 140 141 142 143 144 145 146 149 150 153 154 155 156 157 160 161 162 165 167 171 173 174 175 176 177 178 179 180 181 182 183 187 189 191 196 197
97 1 2 8 9 10 16 18 19 20 21 27 28 31 33 34 35 41 44 46 48 49 50 52 55 58 60 64 67 73 74 77 85 86 95 97 98 99 104 106 107 109 110 111 112 114 115 116 117 118 119 120 121 122 123 124 125 126 127 128 129 130 131 132 133 134 135 136 137 138 142 143 144 145 146 147 148 151 152 153 154 155 156 157 158 159 160 162 163 164 165 166 167 168 169 170 171 172 174 175 176 178 179 180 181 182 183 187
98 1 2 8 9 10 16 18 20 21 27 28 31 33 35 41 43 44 48 49 50 52 55 58 60 64 67 73 74 77 85 86 95 97 98 99 104 106 107 108 110 111 112 113 114 115 116 117 118 119 120 121 122 123 124 125 126 127 128 129 130 131 132 133 134 135 136 137 138 139 140 142 143 144 146 147 148 149 150 151 152 153 154 155 156 157 158 159 160 161 162 163 164 165 166 167 168 169 170 171 172 174 175 176 180 181 182 187
99 1 2 8 9 10 16 19 20 21 27 28 31 33 34 35 41 43 44 46 48 49 50 52 55 58 60 67 73 74 77 85 86 95 97 98 99 104 106 107 109 110 111 112 114 115 116 117 118 119 120 121 122 123 124 125 126 127 128 129 130 132 133 134 135 136 137 138 139 140 141 142 143 144 145 146 147 148 151 152 153 154 155 156 157 158 159 160 162 163 164 165 166 167 168 169 170 171 172 173 174 175 176 177 178 179 180 181 182 183 187 191
104 8 9 10 16 18 20 21 27 31 33 34 35 41 43 46 49 52 55 58 64 67 73 74 85 86 95 97 98 99 104 106 107 108 109 110 111 112 113 114 115 116 117 118 119 120 122 123 124 125 126 127 128 129 130 131 132 133 134 135 136 137 138 139 140 142 143 144 145 146 147 149 150 151 153 154 155 157 161 162 165 168 173 174 175 177 179 180 183 194
