0 1
1 1
2 1
3 1
4 1
5 1
6 2
7 2
8 2
9 3
10 3
11 4
12 4
13 2
14 4
15 4
16 5
17 4
18 6
19 6
20 6
21 6
22 6
23 6
24 6
25 6
26 6
27 6
28 6
29 6
30 7
31 6
32 6
33 6
34 6
35 6
36 8
37 6
38 9
39 9
40 6
41 6
42 6
43 9
44 9
45 9
46 6
47 6
48 6
49 9
50 6
51 9
52 6
53 6
54 6
55 6
56 9
57 6
58 9
59 6
60 6
61 6
62 6
63 6
64 6
65 6
66 10
67 9
68 9
69 6
70 6
71 6
72 6
73 6
74 6
75 6
76 6
77 6
78 6
79 6
80 6
81 6
82 6
83 6
84 6
85 6
86 6
87 6
88 6
89 6
90 6
91 6
92 6
93 6
94 6
95 3
96 6
97 6
98 6
99 6
100 6
101 6
102 6
103 6
104 6
105 6
106 6
107 6
108 6
109 6
110 6
111 6
112 6
113 6
114 6
115 6
116 6
117 6
118 6
119 6
120 6
121 6
122 6
123 6
124 6
125 6
126 6
127 6
128 6
129 6
130 6
131 6
132 6
133 6
134 6
135 6
136 6
137 6
138 6
139 6
140 6
141 6
142 6
143 6
144 6
145 6
146 6
147 6
148 6
149 6
150 6
151 6
152 6
153 6
154 11
155 12
156 12
157 12
158 13
159 12
160 12
161 12
162 14
163 12
164 12
165 13
166 12
167 12
168 12
169 12
170 12
171 12
172 15
173 12
174 12
175 12
176 12
177 12
178 12
179 12
180 16
181 17
182 17
183 18
184 18
185 18
186 18
187 19
188 20
189 20
190 20
191 20
192 20
193 20
194 20
195 20
196 20
197 20
198 20
199 20
200 20
201 21
202 22
203 22
204 22
205 22
206 22
207 22
208 22
209 23
210 24
211 24
212 24
213 24
214 24
215 25
216 25
217 25
218 25
219 25
220 25
221 25
222 25
223 25
224 25
225 25
226 25
227 25
228 25
229 25
230 25
231 25
232 25
233 25
234 25
235 25
236 25
237 25
238 25
239 25
240 25
241 25
242 26
243 26
244 26
245 27
246 27
247 27
248 27
249 27
250 27
251 27
252 2
253 27
254 27
255 27
256 13
257 27
258 27
259 27
260 27
261 27
262 27
263 27
264 27
265 27
266 28
267 28
268 28
269 28
270 28
271 28
272 28
273 28
274 28
275 28
276 28
277 28
278 28
279 29
280 29
281 30
282 28
283 9
284 28
285 28
286 28
287 28
288 28
289 28
290 28
291 31
292 28
293 28
294 28
295 28
296 28
297 28
298 28
299 28
300 28
301 28
302 28
303 28
304 28
305 28
306 28
307 28
308 28
309 28
310 15
311 28
312 32
313 33
314 34
315 34
316 33
317 33
318 33
319 35
320 33
321 36
322 36
323 36
324 36
325 36
326 36
327 37
328 37
329 37
330 37
331 37
332 11
333 37
334 37
335 38
336 37
337 39
338 40
339 40
340 40
341 40
342 40
343 40
344 40
345 40
346 40
347 40
348 40
349 40
350 40
351 40
352 40
353 40
354 40
355 40
356 40
357 13
358 40
359 40
360 40
361 40
362 40
363 40
364 40
365 40
366 40
367 40
368 40
369 40
370 14
371 14
372 14
373 14
374 14
375 14
376 14
377 14
378 13
379 41
380 41
381 41
382 41
383 41
384 41
385 41
386 42
387 41
388 41
389 41
390 41
391 41
392 41
393 41
394 41
395 41
396 41
397 41
398 43
399 41
400 41
401 41
402 13
403 41
404 41
405 41
406 41
407 41
408 41
409 41
410 41
411 41
412 41
413 41
414 15
415 44
416 45
417 25
418 46
419 46
420 46
421 46
422 46
423 46
424 46
425 46
426 46
427 46
428 13
429 15
430 46
431 46
432 46
433 46
434 46
435 10
436 10
437 46
438 46
439 47
440 47
441 47
442 47
443 48
444 48
445 49
446 50
447 51
448 51
449 52
450 52
451 53
452 35
453 53
454 53
455 53
456 54
457 54
458 54
459 54
460 55
461 13
462 56
463 56
464 57
465 58
466 57
467 57
468 57
469 57
470 57
471 57
472 57
473 57
474 57
475 57
476 57
477 57
478 59
479 59
480 59
481 59
482 59
483 59
484 59
485 59
486 59
487 59
488 59
489 60
490 60
491 61
492 62
493 62
494 62
495 62
496 62
497 62
498 62
499 62
500 62
501 63
502 63
503 64
504 65
505 65
506 65
507 66
508 66
509 67
510 68
511 68
512 68
513 68
514 68
515 68
516 68
517 68
518 44
519 68
520 68
521 68
522 68
523 68
524 69
525 70
526 71
527 71
528 71
529 71
530 71
531 71
532 71
533 71
534 72
535 73
536 73
537 74
538 74
539 74
540 74
541 74
542 74
543 74
544 74
545 74
546 74
547 74
548 10
549 75
550 75
551 75
552 76
553 76
554 77
555 77
556 77
557 77
558 77
559 78
560 78
561 78
562 78
563 78
564 78
565 78
566 78
567 78
568 78
569 13
570 78
571 79
572 79
573 13
574 80
575 8
576 8
577 8
578 8
579 81
580 8
581 82
582 82
583 82
584 82
585 82
586 82
587 82
588 82
589 83
590 83
591 83
592 83
593 83
594 84
595 84
596 85
597 86
598 85
599 87
600 87
601 87
602 87
603 87
604 87
605 88
606 89
607 90
608 90
609 90
610 13
611 90
612 91
613 91
614 92
615 92
616 92
617 92
618 92
619 92
620 92
621 71
622 71
623 71
624 71
625 71
626 71
627 71
628 71
629 71
630 71
631 71
632 71
633 71
634 71
635 71
636 71
637 71
638 71
639 71
640 71
641 71
642 71
643 71
644 71
645 71
646 71
647 93
648 93
649 93
650 93
651 93
652 93
653 93
654 93
655 93
656 93
657 93
658 93
659 93
660 93
661 93
662 93
663 93
664 93
665 93
666 93
667 93
668 93
669 93
670 93
671 93
672 3
673 93
674 93
675 93
676 93
677 93
678 93
679 93
680 93
681 93
682 93
683 93
684 93
685 93
686 93
687 93
688 93
689 93
690 93
691 93
692 93
693 93
694 93
695 93
696 93
697 93
698 93
699 93
700 93
701 94
702 95
703 95
704 95
705 95
706 95
707 95
708 95
709 95
710 95
711 95
712 95
713 95
714 95
715 95
716 95
717 95
718 95
719 95
720 95
721 95
722 95
723 95
724 95
725 95
726 95
727 95
728 95
729 95
730 95
731 95
732 96
733 96
734 81
735 81
736 81
737 81
738 81
739 81
740 81
741 81
742 81
743 81
744 81
745 81
746 81
747 81
748 81
749 81
750 81
751 81
752 81
753 81
754 81
755 81
756 81
757 81
758 81
759 3
760 81
761 81
762 3
763 81
764 81
765 81
766 81
767 81
768 81
769 81
770 97
771 98
772 99
773 9
774 99
775 100
776 99
777 99
778 99
779 101
780 101
781 101
782 101
783 101
784 102
785 103
786 103
787 103
788 103
789 103
790 104
791 104
792 104
793 104
794 104
795 104
796 76
797 104
798 20
799 104
800 104
801 54
802 104
803 87
804 104
805 104
806 105
807 105
808 106
809 106
810 106
811 106
812 13
813 13
814 106
815 13
816 106
817 106
818 13
819 106
820 106
821 106
822 106
823 106
824 107
825 107
826 107
827 107
828 107
829 10
830 10
831 10
832 10
833 10
834 10
835 10
836 10
837 11
838 10
839 11
840 11
841 10
842 10
843 10
844 11
845 35
846 35
847 10
848 10
849 10
850 10
851 10
852 10
853 10
854 10
855 108
856 109
857 110
858 111
859 112
860 111
861 112
862 113
863 113
864 114
865 114
866 115
867 115
868 115
869 115
870 115
871 116
872 117
873 117
874 117
875 117
876 117
877 118
878 118
879 119
880 119
881 119
882 119
883 119
884 119
885 119
886 119
887 119
888 119
889 119
890 119
891 119
892 119
893 119
894 119
895 119
896 119
897 119
898 119
899 119
900 119
901 119
902 119
903 119
904 119
905 119
906 119
907 119
908 119
909 119
910 119
911 119
912 119
913 119
914 119
915 119
916 119
917 119
918 119
919 119
920 119
921 119
922 119
923 119
924 119
925 119
926 119
927 119
928 119
929 119
930 119
931 119
932 119
933 119
934 120
935 121
936 121
937 121
938 121
939 121
940 122
941 122
942 122
943 122
944 122
945 122
946 123
947 124
948 124
949 125
950 125
951 125
952 125
953 125
954 125
955 125
956 125
957 125
958 126
959 126
960 127
961 127
962 127
963 127
964 127
965 127
966 127
967 127
968 127
969 127
970 127
971 127
972 127
973 127
974 127
975 7
976 128
977 128
978 129
979 129
980 130
981 131
982 132
983 133
984 13
985 134
986 135
987 135
988 135
989 135
990 135
991 135
992 135
993 135
994 135
995 135
996 135
997 135
998 135
999 135
1000 135
1001 135
1002 135
1003 135
1004 135
1005 135
1006 136
1007 137
1008 138
1009 138
1010 138
1011 138
1012 138
1013 138
1014 138
1015 138
1016 138
1017 138
1018 138
1019 138
1020 138
1021 138
1022 138
1023 138
1024 138
1025 138
1026 138
1027 138
1028 138
1029 138
1030 138
1031 138
1032 139
1033 139
1034 139
1035 139
1036 140
1037 141
1038 141
1039 141
1040 141
1041 141
1042 141
1043 141
1044 141
1045 141
1046 141
1047 141
1048 141
1049 141
1050 141
1051 141
1052 141
1053 141
1054 141
1055 141
1056 141
1057 141
1058 141
1059 142
1060 142
1061 142
1062 142
1063 142
1064 142
1065 142
1066 142
1067 142
1068 142
1069 142
1070 142
1071 142
1072 142
1073 142
1074 142
1075 142
1076 142
1077 142
1078 142
1079 142
1080 143
1081 143
1082 144
1083 145
1084 45
1085 45
1086 45
1087 45
1088 45
1089 146
1090 146
1091 146
1092 147
1093 147
1094 147
1095 147
1096 147
1097 147
1098 147
1099 147
1100 147
1101 147
1102 147
1103 147
1104 147
1105 147
1106 148
1107 149
1108 149
1109 150
1110 151
1111 151
1112 131
1113 152
1114 152
1115 153
1116 152
1117 152
1118 154
1119 154
1120 154
1121 154
1122 154
1123 154
1124 154
1125 154
1126 154
1127 155
1128 155
1129 155
1130 155
1131 155
1132 155
1133 155
1134 155
1135 155
1136 155
1137 155
1138 155
1139 155
1140 155
1141 155
1142 155
1143 155
1144 155
1145 155
1146 155
1147 155
1148 155
1149 155
1150 155
1151 155
1152 155
1153 155
1154 155
1155 155
1156 155
1157 155
1158 155
1159 155
1160 155
1161 155
1162 155
1163 155
1164 155
1165 155
1166 155
1167 155
1168 155
1169 155
1170 155
1171 155
1172 156
1173 156
1174 156
1175 156
1176 156
1177 156
1178 156
1179 156
1180 155
1181 155
1182 155
1183 155
1184 157
1185 157
1186 157
1187 157
1188 157
1189 157
1190 157
1191 157
1192 157
1193 157
1194 157
1195 157
1196 157
1197 157
1198 43
1199 43
1200 43
1201 43
1202 43
1203 43
1204 43
1205 43
1206 43
1207 43
1208 43
1209 43
1210 43
1211 43
1212 43
1213 43
1214 43
1215 43
1216 43
1217 43
1218 43
1219 43
1220 43
1221 43
1222 43
1223 43
1224 43
1225 43
1226 43
1227 43
1228 43
1229 43
1230 43
1231 9
1232 9
1233 9
1234 9
1235 9
1236 9
1237 9
1238 9
1239 9
1240 9
1241 9
1242 9
1243 9
1244 9
1245 9
1246 9
1247 9
1248 9
1249 9
1250 9
1251 9
1252 9
1253 9
1254 9
1255 9
1256 9
1257 9
1258 9
1259 9
1260 9
1261 9
1262 9
1263 9
1264 9
1265 9
1266 9
1267 9
1268 9
1269 9
1270 9
1271 9
1272 9
1273 9
1274 9
1275 9
1276 9
1277 9
1278 9
1279 9
1280 9
1281 9
1282 9
1283 9
1284 9
1285 9
1286 9
1287 9
1288 9
1289 9
1290 9
1291 9
1292 9
1293 9
1294 9
1295 9
1296 9
1297 9
1298 9
1299 9
1300 9
1301 9
1302 9
1303 9
1304 9
1305 100
1306 100
1307 100
1308 100
1309 100
1310 100
1311 100
1312 100
1313 100
1314 100
1315 100
1316 100
1317 100
1318 100
1319 158
1320 158
1321 158
1322 158
1323 158
1324 158
1325 158
1326 158
1327 158
1328 158
1329 159
1330 160
1331 160
1332 160
1333 160
1334 160
1335 160
1336 160
1337 160
1338 160
1339 160
1340 160
1341 160
1342 160
1343 160
1344 160
1345 160
1346 160
1347 160
1348 160
1349 160
1350 160
1351 160
1352 160
1353 160
1354 160
1355 160
1356 160
1357 160
1358 160
1359 160
1360 160
1361 160
1362 160
1363 160
1364 160
1365 160
1366 160
1367 160
1368 13
1369 160
1370 160
1371 161
1372 161
1373 161
1374 161
1375 161
1376 161
1377 161
1378 161
1379 161
1380 162
1381 163
1382 98
1383 98
1384 98
1385 98
1386 98
1387 98
1388 98
1389 98
1390 98
1391 98
1392 98
1393 98
1394 98
1395 98
1396 98
1397 98
1398 164
1399 165
1400 165
1401 165
1402 165
1403 165
1404 165
1405 165
1406 165
1407 165
1408 165
1409 165
1410 165
1411 165
1412 165
1413 165
1414 165
1415 165
1416 165
1417 165
1418 165
1419 165
1420 165
1421 166
1422 167
1423 168
1424 169
1425 170
1426 170
1427 171
1428 172
1429 172
1430 173
1431 173
1432 173
1433 173
1434 174
1435 175
1436 175
1437 176
1438 177
1439 177
1440 177
1441 177
1442 178
1443 179
1444 179
1445 180
1446 181
1447 182
1448 182
1449 182
1450 183
1451 183
1452 182
1453 182
1454 182
1455 182
1456 182
1457 34
1458 15
1459 15
1460 15
1461 15
1462 15
1463 15
1464 15
1465 15
1466 15
1467 15
1468 15
1469 15
1470 15
1471 5
1472 5
1473 5
1474 5
1475 5
1476 5
1477 5
1478 15
1479 15
1480 15
1481 184
1482 15
1483 15
1484 15
1485 15
1486 15
1487 15
1488 15
1489 15
1490 15
1491 15
1492 15
1493 15
1494 15
1495 15
1496 15
1497 15
1498 15
1499 15
1500 185
1501 186
1502 187
1503 187
1504 187
1505 15
1506 15
1507 15
1508 15
1509 15
1510 15
1511 15
1512 15
1513 188
1514 188
1515 188
1516 188
1517 188
1518 188
1519 188
1520 188
1521 188
1522 188
1523 188
1524 188
1525 188
1526 188
1527 188
1528 188
1529 188
1530 188
1531 188
1532 188
1533 44
1534 44
1535 189
1536 189
1537 68
1538 188
1539 188
1540 188
1541 68
1542 188
1543 188
1544 188
1545 188
1546 188
1547 188
1548 188
1549 42
1550 188
1551 11
1552 190
1553 190
1554 190
1555 190
1556 190
1557 190
1558 190
1559 191
1560 188
1561 188
1562 188
1563 188
1564 188
1565 188
1566 188
1567 188
1568 188
1569 188
1570 188
1571 68
1572 188
1573 188
1574 188
1575 188
1576 188
1577 188
1578 192
1579 192
1580 192
1581 192
1582 193
1583 194
1584 194
1585 194
1586 194
1587 188
1588 188
1589 188
1590 188
1591 188
1592 188
1593 188
1594 188
1595 188
1596 188
1597 188
1598 188
1599 195
1600 42
1601 196
1602 196
1603 196
1604 196
1605 196
1606 196
1607 196
1608 196
1609 196
1610 196
1611 196
1612 196
1613 196
1614 196
1615 196
1616 197
1617 197
1618 197
1619 197
1620 197
1621 198
1622 198
1623 198
1624 198
1625 198
1626 198
1627 198
1628 198
1629 198
1630 198
1631 198
1632 198
1633 11
1634 11
1635 11
1636 11
1637 11
1638 11
1639 11
1640 11
1641 15
1642 11
1643 11
1644 11
1645 11
1646 11
1647 11
1648 11
1649 11
1650 11
1651 11
1652 11
1653 199
1654 199
1655 199
1656 199
1657 199
1658 199
1659 199
1660 199
1661 199
1662 199
1663 200
1664 11
1665 11
1666 11
1667 11
1668 11
1669 11
1670 11
1671 11
1672 199
1673 199
1674 199
1675 199
1676 199
1677 199
1678 199
1679 199
1680 13
1681 199
1682 199
1683 201
1684 202
1685 35
1686 35
1687 35
1688 35
1689 35
1690 35
1691 35
1692 35
1693 35
1694 35
1695 35
1696 35
1697 35
1698 35
1699 35
1700 35
1701 35
1702 35
1703 35
1704 35
1705 35
1706 35
1707 35
1708 35
1709 35
1710 35
1711 203
1712 35
1713 35
1714 35
1715 204
1716 35
1717 35
1718 35
1719 13
1720 13
1721 13
1722 13
1723 13
1724 13
1725 13
1726 13
1727 13
1728 13
1729 13
1730 205
1731 13
1732 13
1733 206
1734 13
1735 13
1736 13
1737 13
1738 13
1739 13
1740 13
1741 13
1742 13
1743 13
1744 13
1745 13
1746 13
1747 13
1748 13
1749 13
1750 13
1751 13
1752 13
1753 13
1754 13
1755 13
1756 13
1757 199
1758 155
1759 8
1760 3
1761 3
1762 3
1763 3
1764 3
1765 3
1766 3
1767 3
1768 3
1769 3
1770 3
1771 3
1772 3
1773 3
1774 3
1775 3
1776 3
1777 3
1778 3
1779 3
1780 3
1781 3
1782 3
1783 3
1784 3
1785 3
1786 3
1787 3
1788 3
1789 3
1790 3
1791 3
1792 3
1793 3
1794 3
1795 3
1796 3
1797 3
1798 3
1799 3
1800 3
1801 3
1802 3
1803 3
1804 3
1805 3
1806 3
1807 3
1808 3
1809 3
1810 3
1811 3
1812 3
1813 3
1814 3
1815 3
1816 3
1817 3
1818 3
1819 3
1820 3
1821 3
1822 3
1823 3
1824 3
1825 3
1826 3
1827 3
1828 3
1829 3
1830 3
1831 3
1832 3
1833 3
1834 3
1835 3
1836 3
1837 3
1838 3
1839 3
1840 3
1841 3
1842 3
1843 3
1844 3
1845 3
1846 3
1847 3
1848 3
1849 3
1850 3
1851 3
1852 3
1853 3
1854 3
1855 3
1856 3
1857 3
1858 3
1859 3
1860 3
1861 3
1862 3
1863 3
1864 3
1865 3
1866 3
1867 3
1868 3
1869 3
1870 3
1871 3
1872 3
1873 3
1874 3
1875 3
1876 3
1877 3
1878 3
1879 3
1880 3
1881 3
1882 3
1883 3
1884 3
1885 3
1886 3
1887 3
1888 3
1889 3
1890 3
1891 3
1892 3
1893 3
1894 3
1895 3
1896 3
1897 3
1898 3
1899 3
1900 3
1901 3
1902 3
1903 3
1904 3
1905 3
1906 3
1907 3
1908 3
1909 3
1910 3
1911 3
1912 3
1913 3
1914 3
1915 3
1916 155
1917 3
1918 3
1919 3
1920 3
1921 3
1922 3
1923 3
1924 3
1925 3
1926 3
1927 3
1928 3
1929 3
1930 3
1931 3
1932 3
1933 3
1934 3
1935 3
1936 3
1937 3
1938 3
1939 3
1940 3
1941 3
1942 3
1943 3
1944 3
1945 3
1946 3
1947 3
1948 3
1949 3
1950 3
1951 3
1952 3
1953 3
1954 3
1955 3
1956 3
1957 3
1958 3
1959 3
1960 3
1961 3
1962 3
1963 3
1964 3
1965 3
1966 3
1967 3
1968 3
1969 3
1970 3
1971 3
1972 3
1973 3
1974 3
1975 3
1976 3
1977 3
1978 3
1979 3
1980 3
1981 3
1982 3
1983 3
1984 3
1985 3
1986 3
1987 3
1988 3
1989 3
1990 3
1991 3
1992 3
1993 3
1994 3
1995 196
1996 11
1997 11
1998 11
1999 11
2000 11
2001 11
2002 11
2003 11
2004 11
2005 11
2006 11
2007 11
2008 11
2009 11
2010 11
2011 11
2012 11
2013 11
2014 11
2015 11
2016 11
2017 11
2018 11
2019 156
2020 196
2021 196
2022 196
2023 196
2024 196
2025 196
2026 196
2027 11
2028 95
2029 155
2030 155
2031 3
2032 3
2033 3
2034 3
2035 3
2036 3
2037 3
2038 207
2039 208
2040 208
2041 208
2042 209
2043 209
2044 210
2045 210
2046 211
2047 211
2048 211
2049 212
2050 212
2051 212
2052 212
2053 212
2054 212
2055 212
2056 212
2057 25
2058 10
2059 43
2060 148
2061 35
2062 155
2063 157
2064 2
2065 2
2066 71
2067 35
2068 196
2069 3
2070 3
2071 3
2072 3
2073 35
2074 3
2075 3
2076 199
2077 3
2078 3
2079 3
2080 3
2081 3
2082 3
2083 3
2084 3
2085 3
2086 3
2087 116
2088 3
2089 3
2090 3
2091 3
2092 15
2093 13
2094 13
2095 3
2096 3
2097 3
2098 3
2099 3
2100 3
2101 3
2102 3
2103 3
2104 3
2105 3
2106 3
2107 3
2108 3
2109 3
2110 35
2111 35
2112 13
2113 199
2114 8
2115 3
2116 82
2117 43
2118 35
2119 3
2120 3
2121 3
2122 213
2123 3
2124 214
2125 135
2126 215
2127 216
2128 15
2129 192
2130 3
2131 13
2132 196
2133 3
2134 3
2135 3
2136 157
2137 104
2138 9
2139 189
2140 138
2141 13
2142 3
2143 3
2144 3
2145 3
2146 3
2147 217
2148 13
2149 13
2150 13
2151 15
2152 3
2153 3
2154 3
2155 3
2156 3
2157 3
2158 218
2159 13
2160 3
2161 117
2162 3
2163 3
2164 3
2165 148
2166 196
2167 196
2168 196
2169 196
2170 157
2171 199
2172 192
2173 192
2174 13
2175 3
2176 13
2177 13
2178 197
2179 197
2180 197
2181 197
2182 197
2183 196
2184 92
2185 53
2186 219
2187 25
2188 3
2189 3
2190 194
2191 194
2192 156
2193 95
2194 95
2195 95
2196 95
2197 95
2198 95
2199 95
2200 8
2201 25
2202 157
2203 157
2204 157
2205 157
2206 157
2207 157
2208 157
2209 9
2210 9
2211 9
2212 3
2213 35
2214 35
2215 3
2216 42
2217 6
2218 6
2219 6
2220 136
2221 6
2222 161
2223 177
2224 3
2225 40
2226 3
2227 3
2228 3
2229 3
2230 3
2231 3
2232 3
2233 15
2234 3
2235 3
2236 3
2237 3
2238 3
2239 3
2240 35
2241 3
2242 3
2243 15
2244 196
2245 13
2246 13
2247 220
2248 159
2249 220
2250 13
2251 81
2252 100
2253 126
2254 10
2255 10
2256 3
2257 35
2258 35
2259 103
2260 40
2261 40
2262 40
2263 40
2264 142
2265 142
2266 3
2267 3
2268 3
2269 3
2270 3
2271 3
2272 40
2273 28
2274 3
2275 40
2276 40
2277 15
2278 15
2279 3
2280 3
2281 3
2282 182
2283 182
2284 3
2285 15
2286 15
2287 15
2288 15
2289 182
2290 15
2291 15
2292 15
2293 15
2294 15
2295 182
2296 15
2297 13
2298 155
2299 3
2300 3
2301 3
2302 214
2303 214
2304 214
2305 214
2306 214
2307 214
2308 214
2309 214
2310 214
2311 214
2312 214
2313 1
2314 1
2315 1
2316 1
2317 1
2318 1
2319 1
2320 1
2321 1
2322 1
2323 1
2324 1
2325 1
2326 1
2327 1
2328 1
2329 1
2330 2
2331 2
2332 2
2333 2
2334 2
2335 2
2336 2
2337 2
2338 2
2339 2
2340 6
2341 6
2342 6
2343 6
2344 6
2345 6
2346 6
2347 6
2348 6
2349 6
2350 6
2351 6
2352 6
2353 6
2354 6
2355 6
2356 6
2357 6
2358 6
2359 6
2360 6
2361 6
2362 6
2363 6
2364 6
2365 6
2366 6
2367 6
2368 6
2369 6
2370 6
2371 6
2372 6
2373 6
2374 6
2375 6
2376 6
2377 6
2378 6
2379 6
2380 6
2381 6
2382 6
2383 6
2384 6
2385 6
2386 6
2387 6
2388 6
2389 6
2390 6
2391 6
2392 6
2393 6
2394 6
2395 6
2396 6
2397 6
2398 6
2399 6
2400 6
2401 6
2402 6
2403 6
2404 6
2405 6
2406 6
2407 12
2408 12
2409 12
2410 12
2411 18
2412 25
2413 28
2414 28
2415 28
2416 28
2417 28
2418 28
2419 28
2420 28
2421 28
2422 28
2423 28
2424 36
2425 40
2426 40
2427 40
2428 40
2429 40
2430 40
2431 40
2432 40
2433 40
2434 40
2435 14
2436 41
2437 41
2438 41
2439 41
2440 41
2441 41
2442 46
2443 54
2444 3
2445 59
2446 59
2447 59
2448 62
2449 217
2450 217
2451 68
2452 68
2453 71
2454 221
2455 222
2456 74
2457 222
2458 74
2459 77
2460 77
2461 78
2462 79
2463 79
2464 79
2465 8
2466 82
2467 82
2468 82
2469 82
2470 83
2471 83
2472 83
2473 85
2474 85
2475 87
2476 88
2477 188
2478 3
2479 3
2480 3
2481 3
2482 3
2483 3
2484 3
2485 3
2486 3
2487 3
2488 3
2489 3
2490 3
2491 3
2492 3
2493 3
2494 3
2495 3
2496 3
2497 3
2498 3
2499 3
2500 3
2501 3
2502 3
2503 3
2504 3
2505 3
2506 3
2507 3
2508 3
2509 3
2510 3
2511 3
2512 3
2513 3
2514 3
2515 3
2516 3
2517 3
2518 3
2519 3
2520 3
2521 3
2522 3
2523 3
2524 3
2525 3
2526 3
2527 3
2528 3
2529 3
2530 3
2531 3
2532 3
2533 3
2534 3
2535 3
2536 91
2537 71
2538 95
2539 104
2540 105
2541 10
2542 10
2543 10
2544 10
2545 10
2546 10
2547 114
2548 114
2549 115
2550 115
2551 117
2552 119
2553 121
2554 122
2555 122
2556 122
2557 122
2558 127
2559 127
2560 128
2561 128
2562 128
2563 128
2564 129
2565 129
2566 129
2567 129
2568 129
2569 129
2570 129
2571 129
2572 223
2573 132
2574 135
2575 135
2576 135
2577 135
2578 136
2579 136
2580 136
2581 136
2582 136
2583 136
2584 136
2585 136
2586 136
2587 136
2588 136
2589 136
2590 136
2591 136
2592 136
2593 136
2594 136
2595 136
2596 136
2597 136
2598 136
2599 136
2600 136
2601 136
2602 141
2603 141
2604 142
2605 142
2606 142
2607 142
2608 142
2609 142
2610 142
2611 142
2612 142
2613 45
2614 147
2615 147
2616 147
2617 147
2618 147
2619 147
2620 147
2621 148
2622 212
2623 3
2624 3
2625 3
2626 3
2627 3
2628 3
2629 3
2630 3
2631 3
2632 3
2633 3
2634 155
2635 155
2636 155
2637 155
2638 155
2639 155
2640 155
2641 156
2642 156
2643 156
2644 156
2645 156
2646 157
2647 157
2648 157
2649 157
2650 157
2651 157
2652 157
2653 157
2654 157
2655 157
2656 157
2657 9
2658 9
2659 9
2660 9
2661 9
2662 9
2663 158
2664 158
2665 158
2666 160
2667 160
2668 160
2669 160
2670 160
2671 161
2672 161
2673 98
2674 98
2675 9
2676 165
2677 9
2678 174
2679 180
2680 182
2681 182
2682 182
2683 182
2684 182
2685 34
2686 34
2687 15
2688 15
2689 15
2690 15
2691 15
2692 5
2693 5
2694 5
2695 5
2696 15
2697 15
2698 15
2699 15
2700 15
2701 15
2702 15
2703 15
2704 15
2705 3
2706 3
2707 15
2708 15
2709 15
2710 15
2711 15
2712 15
2713 15
2714 15
2715 186
2716 187
2717 187
2718 187
2719 187
2720 187
2721 187
2722 187
2723 15
2724 15
2725 15
2726 15
2727 15
2728 15
2729 15
2730 15
2731 188
2732 44
2733 188
2734 188
2735 188
2736 190
2737 194
2738 194
2739 194
2740 42
2741 42
2742 42
2743 196
2744 197
2745 197
2746 197
2747 197
2748 197
2749 197
2750 197
2751 197
2752 197
2753 198
2754 198
2755 11
2756 11
2757 11
2758 199
2759 199
2760 199
2761 199
2762 199
2763 199
2764 199
2765 11
2766 11
2767 35
2768 35
2769 35
2770 35
2771 35
2772 35
2773 35
2774 35
2775 35
2776 35
2777 35
2778 35
2779 35
2780 35
2781 35
2782 35
2783 35
2784 35
2785 35
2786 35
2787 35
2788 35
2789 35
2790 35
2791 35
2792 35
2793 35
2794 35
2795 35
2796 35
2797 35
2798 35
2799 35
2800 35
2801 35
2802 35
2803 35
2804 35
2805 35
2806 35
2807 35
2808 35
2809 35
2810 35
2811 35
2812 35
2813 35
2814 35
2815 224
2816 35
2817 35
2818 35
2819 35
2820 35
2821 35
2822 35
2823 35
2824 35
2825 35
2826 35
2827 35
2828 35
2829 35
2830 13
2831 13
2832 13
2833 13
2834 13
2835 13
2836 13
2837 13
2838 13
2839 13
2840 13
2841 13
2842 13
2843 13
2844 13
2845 13
2846 13
2847 13
2848 13
2849 13
2850 13
2851 13
2852 13
2853 13
2854 13
2855 13
2856 206
2857 206
2858 206
2859 206
2860 206
2861 13
2862 13
2863 13
2864 13
2865 13
2866 13
2867 13
2868 13
2869 13
2870 13
2871 13
2872 13
2873 13
2874 13
2875 13
2876 13
2877 13
2878 13
2879 13
2880 13
2881 13
2882 13
2883 13
2884 13
2885 13
2886 13
2887 13
2888 13
2889 13
2890 13
2891 13
2892 13
2893 13
2894 13
2895 13
2896 13
2897 13
2898 13
2899 3
2900 13
2901 13
2902 13
2903 13
2904 13
2905 3
2906 93
2907 15
2908 9
2909 187
2910 12
2911 93
2912 3
2913 3
2914 3
2915 3
2916 3
2917 3
2918 3
2919 3
2920 3
2921 3
2922 3
2923 3
2924 3
2925 3
2926 6
2927 6
2928 3
2929 20
2930 122
2931 122
2932 157
2933 15
2934 9
2935 41
2936 6
2937 3
2938 160
2939 188
2940 3
2941 13
2942 13
2943 142
2944 142
2945 142
2946 13
2947 10
2948 3
2949 71
2950 71
2951 214
2952 188
2953 3
2954 3
2955 3
2956 3
2957 85
2958 199
2959 136
2960 13
2961 82
2962 6
2963 147
2964 164
2965 217
2966 10
2967 10
2968 10
2969 10
2970 10
2971 173
2972 6
2973 142
2974 35
2975 35
2976 35
2977 206
2978 3
2979 3
2980 173
2981 3
2982 3
2983 3
2984 3
2985 3
2986 3
2987 3
2988 15
2989 135
2990 15
2991 15
2992 13
2993 13
2994 122
2995 198
2996 13
2997 13
2998 3
2999 3
3000 3
3001 3
3002 13
3003 15
3004 157
3005 3
3006 3
3007 3
3008 15
3009 3
3010 3
3011 3
3012 3
3013 3
3014 3
3015 3
3016 3
3017 3
3018 3
3019 3
3020 3
3021 3
3022 3
3023 3
3024 3
3025 3
3026 3
3027 3
3028 3
3029 3
3030 3
3031 3
3032 3
3033 3
3034 3
3035 3
3036 3
3037 3
3038 3
3039 3
3040 3
3041 3
3042 3
3043 3
3044 3
3045 3
3046 3
3047 35
3048 3
3049 3
3050 3
3051 3
3052 3
3053 3
3054 3
3055 3
3056 3
3057 3
3058 3
3059 3
3060 3
3061 3
3062 3
3063 3
3064 3
3065 3
3066 3
3067 3
3068 3
3069 3
3070 3
3071 3
3072 3
3073 3
3074 3
3075 3
3076 3
3077 3
3078 3
3079 3
3080 3
3081 3
3082 3
3083 3
3084 3
3085 3
3086 3
3087 3
3088 3
3089 3
3090 3
3091 3
3092 6
3093 6
3094 6
3095 6
3096 6
3097 6
3098 161
3099 160
3100 160
3101 9
3102 9
3103 9
3104 9
3105 9
3106 9
3107 9
3108 9
3109 9
3110 9
3111 9
3112 9
3113 9
3114 9
3115 9
3116 9
3117 9
3118 9
3119 9
3120 78
3121 82
3122 88
3123 10
3124 135
3125 71
3126 206
3127 148
3128 13
3129 13
3130 13
3131 13
3132 13
3133 9
3134 142
3135 142
3136 206
3137 186
3138 35
3139 3
3140 3
3141 214
3142 214
3143 214
3144 3
3145 3
3146 188
3147 10
3148 13
3149 5
3150 13
3151 13
3152 121
3153 82
3154 6
3155 13
3156 45
3157 9
