32 18 23 25 27 28 29 30 31 32 33 34 35 78 83 85 90 93 112
38 2 6 20 37 38 43 50 56 63 64 66 72 96 105 110
7 4 7 11 12 39 40 41 44 63 64
11 4 7 11 12 19 36 39 40 44 63 64
43 2 6 20 37 38 43 50 56 63 64 66 72 96 105 110
46 16 22 46 47 48 49 51 105 109 110 112
14 5 9 10 13 14 15
16 16 22 46 47 48 49 51 105 109 110 112
15 5 9 10 13 14 15
20 0 2 6 20 50 56
22 16 22 46 47 48 49 51 105 109 110 112
55 8 17 24 42 55 57 68
57 8 17 24 42 55 57 68
27 18 23 25 27 28 29 30 31 32 33 34 35 78 83 85 90 93 112
28 18 23 25 27 28 29 30 31 32 33 34 35 78 83 85 90 93 112
29 18 23 25 27 28 29 30 31 32 33 34 35 78 83 85 90 93 112
