32 18 23 26 27 28 29 30 31 32 33 34 35 78 83 85 86 90 93 109 112
38 5 7 9 10 13 14 15 20 22 26 28 29 35 37 38 43 46 63 64 66 68 72 78 83 85 86 90 93 96 105 109 110
7 4 7 11 12 19 36 39 40 41 44 63 64 72 96
11 4 7 11 12 19 36 39 40 41 44 63 64 72
43 0 1 2 6 17 20 21 22 25 26 28 29 32 33 37 38 43 50 52 53 54 56 58 60 63 66 68 72 83 85 86 90 93 96 105 110
46 8 16 17 20 21 22 24 25 38 42 45 46 47 48 49 50 51 55 56 57 63 64 66 68 72 78 85 86 93 105 109 110 112
14 3 5 9 10 13 14 15
16 7 8 11 16 17 20 21 22 24 25 37 38 42 43 45 46 47 48 49 50 51 55 56 57 63 64 66 68 72 85 86 96 105 109 110 112
15 3 5 9 10 13 14 15
20 0 1 2 6 7 8 11 16 17 20 22 36 38 40 42 43 46 48 49 50 55 56 57 63 64 66 68 72 78 85 86 93 96 105 109 110
22 7 8 11 16 17 20 22 24 37 38 42 43 45 46 47 48 49 50 51 55 57 63 64 66 68 72 78 85 86 90 93 96 105 109 110 112
55 6 8 16 17 18 20 22 24 34 42 45 46 47 48 49 50 51 55 56 57 63 64 66 68 72 78 83 85 86 105 109 110 112
57 3 6 8 16 17 18 20 22 23 24 27 28 29 30 31 32 33 34 35 42 46 47 48 49 50 51 55 56 57 63 64 68 78 83 85 86 90 93 105 109 110 112
27 18 21 23 25 26 27 28 29 30 31 32 33 34 35 37 38 78 83 85 86 90 93 96 112
28 18 23 26 27 28 29 30 31 32 33 34 35 78 83 85 86 90 93 112
29 0 1 2 3 5 6 8 9 10 11 13 14 15 16 17 18 20 21 22 23 24 25 26 27 28 29 30 31 32 33 34 35 37 38 42 43 45 46 47 48 49 50 51 52 53 54 55 56 57 58 60 63 64 66 68 72 78 83 85 86 90 93 96 105 109 110 112
