3 3 4 5 6 7 8 9 10 11 12 13 14 15 16 17 19 20 22 37 38 39 40 41 42 44 45 46 47 48 49 50 51 55 57
4 4 7 11 12 19 20 39 40 41 44
6 0 1 2 3 4 6 7 9 10 11 12 13 14 15 16 20 21 22 25 29 33 37 38 43 45 46 48 49 50 56
7 4 7 11 12 19 36 39 40 41 44
8 2 3 5 6 8 9 10 13 14 15 16 17 18 20 22 23 24 34 35 37 42 45 46 47 48 49 50 51 55 56 57
11 2 3 4 6 7 9 10 11 12 13 14 15 16 19 20 21 22 25 36 37 38 39 40 41 43 44 45 46 48 49 50 51 56
12 2 3 4 6 7 11 12 16 19 20 21 22 25 33 36 37 38 39 40 41 43 44 45 46 48 49 50 51 56
14 5 9 10 13 14 15
15 5 9 10 13 14 15
16 3 6 8 11 12 13 14 15 16 20 22 24 37 38 42 43 45 46 47 48 49 50 51 52 55 56 57
18 4 8 18 21 23 24 25 26 27 28 29 30 31 32 33 34 35 42 47 55 57
20 0 1 2 4 6 7 8 11 12 16 17 19 20 21 22 25 33 37 38 42 43 44 45 46 49 50 55 56 57
22 4 6 7 8 11 12 16 17 18 20 21 22 24 36 37 38 40 42 43 45 46 47 48 49 50 51 52 55 56 57
23 18 21 23 25 26 27 28 29 30 31 32 33 34 35
25 4 6 12 18 20 21 23 25 26 27 28 29 30 31 32 33 34 35 37 38 43 45 50 56
26 18 21 23 25 26 27 28 29 30 31 32 33 34 35 37 38 43 53 54 58 60
27 18 21 23 25 26 27 28 29 30 31 32 33 34 35
28 18 21 23 25 26 27 28 29 30 31 32 33 34 35 37 38
29 6 14 15 18 21 23 25 26 27 28 29 30 31 32 33 34 35 37 38 43 56
30 18 21 23 25 26 27 28 29 30 31 32 33 34 35 36 37 38
32 18 21 23 25 26 27 28 29 30 31 32 33 34 35 37 38 43 49 52 53 54 58 60
33 6 7 14 18 20 21 23 25 26 27 28 29 30 31 32 33 34 35 37 38 45 49 56
36 2 3 4 6 7 11 12 16 19 20 21 22 25 30 33 36 37 38 39 40 41 43 44 45 48 49 50 56
38 2 6 14 18 20 21 22 25 26 29 30 32 33 36 37 38 43 45 50 54 56 58
43 0 1 2 6 12 17 20 21 22 25 26 29 30 32 33 36 37 38 43 45 49 50 52 53 54 56 58 60
45 2 6 8 12 16 20 21 22 24 25 33 37 38 42 43 45 46 47 48 49 50 51 52 55 56 57
46 2 6 8 12 16 17 20 21 22 24 25 37 38 42 43 45 46 47 48 49 50 51 52 55 56 57
49 2 8 16 17 20 22 24 33 37 38 42 43 45 46 47 48 49 50 51 52 53 54 55 57 58 60
50 0 1 2 6 8 12 16 17 20 21 22 24 25 37 38 42 43 45 46 47 48 49 50 51 52 55 56 57
52 6 16 18 20 21 22 23 24 25 26 27 28 29 30 31 32 33 34 35 36 37 38 43 45 46 47 48 49 50 51 52 53 54 56 58 60
55 8 16 17 18 22 24 42 45 46 47 48 49 50 51 55 57
57 3 8 16 17 18 20 22 23 24 27 29 30 31 32 34 35 42 45 46 47 48 49 50 51 55 57
