3 3 4 5 6 7 8 9 10 11 12 13 14 15 16 17 19 20 22 33 36 37 38 39 40 41 42 44 50 55 56 57
4 2 3 4 6 7 9 10 11 12 13 14 15 16 17 18 19 20 21 22 25 29 35 36 37 39 40 41 44 45 48 49 56
6 0 1 2 3 4 5 6 7 9 10 12 13 14 15 16 20 21 22 25 29 33 37 38 43 45 50 56
7 2 3 4 5 6 7 9 10 11 12 13 14 15 17 19 20 21 22 25 33 36 37 38 39 40 41 43 44 56
8 3 5 6 8 9 10 13 14 15 16 17 18 20 22 24 34 35 37 42 45 46 47 48 49 50 51 55 57
11 2 3 4 5 6 7 9 10 11 12 13 14 15 16 19 20 21 22 25 33 36 37 38 39 40 41 43 44 45 46 48 49 50 51 56
12 2 3 4 6 7 11 12 15 16 19 20 21 22 25 33 36 38 39 40 41 43 44 45 46 48 49 50 56
14 5 9 10 13 14 15 37
15 5 9 10 13 14 15
16 3 5 6 8 9 10 11 12 13 14 15 16 17 20 22 24 33 37 38 42 45 46 47 48 49 50 51 52 54 55 57
18 4 8 17 18 21 22 23 24 25 26 27 28 29 30 31 32 33 34 35 42 46 47 55 57
20 0 1 2 3 4 6 7 8 11 12 15 16 17 19 20 21 22 25 33 36 38 39 41 42 43 44 45 46 50 55 56 57
22 4 6 7 8 11 12 16 18 20 21 22 24 36 37 38 39 40 42 43 45 46 47 48 49 50 51 52 55 57
23 18 21 23 25 26 27 28 29 30 31 32 33 34 35
25 4 6 12 18 20 21 23 25 26 27 28 29 30 31 32 33 35 37 38 43 45 48 50 56
26 18 21 23 25 26 27 28 29 30 31 32 33 34 35 37 43 45 53 54 58 60
27 18 21 23 25 26 27 28 29 30 31 32 33 34 35 37 38
28 18 21 23 25 26 27 28 29 30 31 32 33 34 35 37 38
29 6 14 15 18 20 21 23 25 26 27 28 29 30 31 32 33 34 35 37 38 43 56
30 18 21 23 25 26 27 28 29 30 31 32 33 34 35 36 37 38
32 18 21 23 25 26 27 28 29 30 31 32 33 34 35 38 43 52 53 54 58 60
33 6 7 14 18 20 21 23 25 26 27 28 29 30 31 32 33 34 35 37 38 45 48 49 56
36 2 3 4 5 6 7 8 9 10 11 12 13 14 15 16 17 18 19 20 21 22 23 24 25 26 27 28 29 30 31 32 33 34 35 36 37 38 39 40 41 42 43 44 45 46 47 48 49 50 51 52 53 54 55 56 57 58 60
38 6 12 14 16 18 20 21 22 25 26 29 30 32 33 36 37 38 40 43 45 50 56
43 0 1 2 6 7 12 17 20 21 25 26 29 30 32 33 36 37 38 40 43 45 49 50 52 53 54 56 58 60
45 2 6 8 11 12 16 20 21 22 24 25 33 37 38 43 45 46 47 48 49 50 51 52 55 56 57
46 8 16 17 22 24 37 38 42 45 46 47 48 49 50 51 52 55 57
49 2 8 12 16 17 20 21 22 24 33 36 37 38 42 43 45 46 47 48 49 50 51 52 53 54 55 57 58 60
50 0 1 2 6 8 12 16 17 20 21 22 24 25 37 38 42 43 45 46 47 48 49 50 51 52 55 56 57
52 6 12 16 18 20 21 22 23 25 26 27 28 29 30 31 32 33 34 35 36 37 38 43 45 46 47 48 49 50 51 52 53 54 56 58 60
55 8 16 17 18 22 24 42 45 46 47 48 49 50 51 55 57
57 3 8 16 17 18 20 21 22 23 24 27 29 30 32 34 35 37 42 45 46 47 48 49 50 51 55 57
