32 18 23 26 27 28 29 30 31 32 33 34 35 78 83 85 86 90 93 109 112
38 2 3 4 5 6 7 8 9 10 11 12 13 14 15 16 17 18 19 20 21 22 23 24 25 26 27 28 29 30 31 32 33 34 35 36 37 38 39 40 41 42 43 44 45 46 47 48 49 50 51 52 53 54 55 56 57 58 60 63 64 66 68 72 78 83 85 86 90 93 96 105 109 110 112
7 4 7 11 12 19 36 39 40 41 44 63 96
11 4 7 11 12 19 36 39 40 41 44 63 64 72
43 0 1 2 6 16 17 20 21 22 25 26 29 32 33 35 37 38 42 43 49 50 52 53 54 56 58 60 64 66 72 85 86 90 96 105 110
46 2 6 8 16 17 18 20 21 22 24 25 37 38 42 43 45 46 47 48 49 50 51 55 56 57 63 64 68 72 78 93 96 105 109 110 112
14 3 5 9 10 13 14 15 37
16 2 6 8 11 16 17 20 21 22 24 25 37 38 42 43 45 46 47 48 49 50 51 55 56 57 63 64 66 68 72 96 105 109 110 112
15 3 5 9 10 13 14 15 66
20 0 1 2 6 7 8 11 16 17 20 22 33 36 38 40 41 42 43 44 45 46 47 48 49 50 51 55 56 57 63 64 66 68 72 85 93 105 110
22 6 8 11 16 20 21 22 24 25 37 38 42 43 45 46 47 48 49 50 51 55 56 57 63 64 66 68 72 78 93 96 105 109 110 112
55 2 3 6 8 11 16 17 18 20 22 24 30 34 37 42 43 45 46 47 48 49 50 51 55 56 57 63 64 68 72 78 86 105 109 110 112
57 3 6 8 16 17 18 20 22 23 24 27 28 30 31 34 37 42 45 46 47 48 49 50 51 55 56 57 63 64 68 72 78 85 86 110
27 18 21 23 25 26 27 28 29 30 31 32 33 34 35 37 78 83 85 86 90 93 112
28 18 21 23 25 26 27 28 29 30 31 32 33 34 35 37 78 83 85 86 90 93 112
29 6 14 15 18 21 23 24 25 26 27 28 29 30 31 32 33 34 35 37 38 43 56 58 66 78 83 85 86 90 93 96 112
