3 3 5 9 10 13 14 15
4 2 3 4 5 6 7 9 10 11 12 13 14 15 17 18 19 20 21 22 25 33 36 38 39 40 41 43 44 45 50 56
6 0 1 2 3 4 5 6 9 10 11 12 13 14 15 16 17 20 21 22 25 29 33 37 38 43 45 48 50 56
7 4 7 11 12 19 36 39 40 41 44
8 0 1 2 3 4 5 6 7 8 9 10 11 12 13 14 15 16 17 18 19 20 21 22 23 24 25 26 27 28 29 30 31 32 33 34 35 36 37 38 39 40 41 42 43 44 45 46 47 48 49 50 51 52 53 54 55 56 57 58 60
11 4 7 11 12 19 39 40 41 44
12 4 7 11 12 19 39 40 41 44
14 3 5 9 10 13 14 15
15 3 5 9 10 13 14 15
16 3 4 6 8 11 12 16 17 20 22 24 36 38 42 45 46 47 48 49 50 51 52 55 56 57
18 4 8 17 18 21 22 23 24 25 26 27 28 29 30 31 32 33 34 35 37 38 42 55 57
20 0 1 2 3 4 6 7 8 11 12 16 17 19 20 21 22 24 25 33 36 37 38 39 40 42 43 44 45 46 47 48 49 50 51 54 55 56 57 58 60
22 0 1 2 3 4 6 7 8 11 12 16 17 18 19 20 21 22 23 24 25 26 27 28 29 30 31 32 33 34 35 36 37 38 39 40 41 42 43 44 45 46 47 48 49 50 51 52 53 54 55 56 57 58 60
23 18 23 26 27 28 29 30 31 32 33 34 35
25 6 12 18 20 21 23 25 26 27 28 29 30 31 32 33 34 35 37 38 43 45 58
26 18 21 23 25 26 27 28 29 30 31 32 33 34 35 37 38 43 52 53 54 58 60
27 0 1 2 3 4 5 6 7 8 9 10 11 12 13 14 15 16 17 18 19 20 21 22 23 24 25 26 27 28 29 30 31 32 33 34 35 36 37 38 39 40 41 42 43 44 45 46 47 48 49 50 51 52 53 54 55 56 57 58 60
28 18 21 23 25 26 27 28 29 30 31 32 33 34 35
29 14 18 21 23 25 26 27 28 29 30 31 32 33 34 35 37 38
30 18 21 23 24 25 26 27 28 29 30 31 32 33 34 35 36 37 38
32 6 18 21 23 24 25 26 27 28 29 30 31 32 33 34 35 37 38 43 52 53 54 56 57 58 60
33 0 1 2 3 4 5 6 7 8 9 10 11 12 13 14 15 16 17 18 19 20 21 22 23 24 25 26 27 28 29 30 31 32 33 34 35 36 37 38 39 40 41 42 43 44 45 46 47 48 49 50 51 52 53 54 55 56 57 58 60
36 7 36 39 40 41 44
38 2 6 13 14 16 20 21 22 25 26 29 30 31 33 35 36 37 38 40 43 45 48 50 51 54 56 58
43 0 1 2 6 12 16 17 20 21 22 25 26 29 32 33 36 37 38 43 45 48 49 50 52 53 54 56 58 60
45 2 4 6 8 12 16 20 21 22 24 25 33 36 37 38 42 43 45 46 47 48 49 50 51 52 55 56 57
46 8 16 17 22 24 42 45 46 47 48 49 50 51 55 57
49 6 16 17 20 22 24 33 36 38 43 45 46 47 48 49 50 51 52 53 54 55 56 58 60
50 0 1 2 6 8 16 17 20 22 24 37 38 42 43 45 46 47 48 49 50 51 55 56 57
52 0 1 2 3 4 5 6 7 8 9 10 11 12 13 14 15 16 17 18 19 20 21 22 23 24 25 26 27 28 29 30 31 32 33 34 35 36 37 38 39 40 41 42 43 44 45 46 47 48 49 50 51 52 53 54 55 56 57 58 60
55 8 16 17 18 22 24 42 45 46 47 48 49 50 51 55 57
57 2 3 6 8 16 17 18 20 22 23 24 27 28 29 30 31 32 33 34 35 42 46 47 48 49 50 51 55 56 57
