3 2 3 4 5 6 7 8 9 10 11 12 13 14 15 16 17 19 20 22 36 39 40 41 42 44 45 46 47 48 49 50 51 55 56 57
4 2 3 4 6 7 9 10 11 12 13 14 15 16 17 18 19 20 21 22 25 36 38 39 40 41 44 45 50 56
6 0 1 2 3 4 5 6 7 9 10 11 12 13 14 15 16 17 20 21 22 25 29 36 37 38 43 45 48 50 56
7 4 7 11 12 19 36 39 40 41 44
8 2 3 4 5 6 8 9 10 11 12 13 14 15 16 17 18 20 22 24 34 42 45 46 47 48 49 50 51 55 56 57
11 3 4 5 6 7 9 10 11 12 13 14 15 16 17 19 20 21 22 25 36 38 39 40 41 44 45 46 48 49 50 56
12 2 3 4 6 7 11 12 13 14 15 16 17 19 20 21 22 25 36 37 38 39 40 41 43 44 45 46 48 49 50 51 56
14 5 9 10 13 14 15
15 5 9 10 13 14 15
16 3 4 6 8 11 12 15 16 17 20 22 24 36 38 42 45 46 47 48 49 50 51 52 55 57
18 4 18 21 23 24 25 26 27 28 29 30 31 32 33 34 35 42 55 57
20 0 1 2 3 4 6 7 8 11 12 16 17 19 20 21 22 24 25 33 36 37 38 39 40 42 43 44 45 46 47 48 49 50 51 55 56 57 58
22 3 4 6 7 8 11 12 16 17 18 19 20 21 22 24 25 33 36 37 38 39 40 41 42 43 44 45 46 47 48 49 50 51 52 55 56 57
23 18 21 23 24 25 26 27 28 29 30 31 32 33 34 35
25 6 12 18 20 21 23 25 26 27 28 29 30 31 32 33 34 35 37 38 43 45 50 56 58
26 18 21 23 25 26 27 28 29 30 31 32 33 34 35 37 38 43 52 53 54 58 60
27 18 21 23 25 26 27 28 29 30 31 32 33 34 35
28 18 21 23 25 26 27 28 29 30 31 32 33 34 35
29 6 14 15 18 21 23 25 26 27 28 29 30 31 32 33 34 35 36 37 38 43 52 56 58
30 18 21 23 25 26 27 28 29 30 31 32 33 34 35 36 37 38
32 18 21 23 24 25 26 27 28 29 30 31 32 33 34 35 37 38 43 49 52 53 54 58 60
33 18 23 27 28 29 30 31 32 33 34 35 56
36 2 3 4 6 7 11 12 16 19 20 22 28 30 31 34 36 37 38 39 40 41 43 44 45 46 48 49 50 56 58
38 6 10 13 14 15 16 20 21 22 25 26 29 30 33 35 36 37 38 40 43 45 48 50 51 56 58
43 0 1 2 6 12 16 17 20 21 22 25 26 29 30 32 36 37 38 43 45 48 50 52 53 54 56 58 60
45 2 4 6 12 16 20 21 22 24 25 33 37 38 43 45 46 47 48 49 50 51 52 55 56 57
46 8 16 17 22 24 42 45 46 47 48 49 50 51 55 57
49 2 3 4 5 6 7 8 9 10 11 12 13 14 15 16 17 18 19 20 21 22 23 24 25 26 27 28 29 30 31 32 33 34 35 36 37 38 39 40 41 42 43 44 45 46 47 48 49 50 51 52 53 54 55 56 57 58 60
50 0 1 2 6 8 12 16 17 20 21 22 24 25 37 38 42 43 45 46 47 48 49 50 51 55 56 57
52 2 6 16 18 20 21 22 23 24 25 26 27 28 29 30 31 32 33 34 35 36 37 38 43 45 46 47 48 49 50 51 52 53 54 55 56 57 58 60
55 8 16 17 18 22 24 42 45 46 47 48 49 50 51 55 57
57 8 16 17 18 22 24 34 42 46 47 48 49 50 51 55 56 57
