32 18 23 26 27 28 29 30 31 32 33 34 35 78 83 85 86 90 93 109 112
38 5 7 9 10 13 14 15 16 20 22 26 27 28 29 32 35 37 38 43 46 58 63 64 66 68 72 78 83 85 86 90 93 96 105 109 110
7 2 4 6 7 11 12 14 16 17 19 20 22 25 29 36 37 38 39 40 41 43 44 46 49 50 55 56 57 63 64 66 68 72 78 83 85 86 90 93 96 105 109 110
11 2 4 6 7 11 12 16 19 20 21 22 25 29 36 38 39 40 41 43 44 45 46 48 49 50 51 55 56 57 63 64 66 68 72 78 85 86 90 93 96 105 109 110
43 2 6 16 17 20 21 22 25 26 27 28 29 32 33 37 38 43 46 49 50 52 53 54 56 58 60 63 64 66 68 72 78 83 85 86 90 93 96 105 110
46 2 6 8 16 17 18 20 22 24 25 38 42 43 45 46 47 48 49 50 51 55 56 57 63 64 66 68 72 78 85 93 96 105 109 110 112
14 3 5 9 10 13 14 15
16 2 6 7 8 11 16 17 18 20 22 24 25 29 37 38 42 43 45 46 47 48 49 50 51 55 56 57 63 64 66 68 72 78 85 93 96 105 109 110 112
15 3 5 9 10 13 14 15
20 0 2 6 7 8 11 14 16 17 20 22 33 37 38 40 42 43 46 48 49 50 51 52 54 55 56 57 58 63 64 66 68 72 78 83 85 90 93 96 105 109 110
22 7 8 11 16 17 20 22 24 29 37 38 42 43 45 46 47 48 49 50 51 55 57 63 64 66 68 72 78 83 85 86 90 93 96 105 109 110 112
55 3 6 8 16 17 18 20 22 24 27 28 29 32 34 38 42 45 46 47 48 49 50 51 55 56 57 63 64 66 68 72 78 83 85 86 90 93 105 109 110
57 3 8 16 17 18 20 22 23 24 27 28 29 30 31 32 33 34 42 46 47 48 49 50 51 55 57 63 64 66 68 72 78 83 85 86 90 93 105 109 110
27 18 23 26 27 28 29 30 31 32 33 34 35 78 83 85 86 90 93
28 18 23 26 27 28 29 30 31 32 33 34 35 78 83 85 86 90 93 112
29 13 14 15 18 20 22 23 24 25 26 27 28 29 30 31 32 33 34 35 37 38 43 56 57 64 66 72 78 83 85 86 90 93 96 105 110 112
