32 18 21 23 25 26 27 28 29 30 31 32 33 34 35 37 38 43 78 83 85 86 90 93 96 109 112
38 2 3 4 5 6 7 8 9 10 11 12 13 14 15 16 17 18 19 20 21 22 23 24 25 26 27 28 29 30 31 32 33 34 35 36 37 38 39 40 41 42 43 44 45 46 47 48 49 50 51 52 53 54 55 56 57 58 60 63 64 66 68 72 78 83 85 86 90 93 96 105 109 110 112
7 4 7 11 12 16 19 20 22 36 38 39 40 41 43 44 63 64 66 68 72 85 90 93 96 105 110
11 0 1 2 3 4 5 6 7 8 9 10 11 12 13 14 15 16 17 18 19 20 21 22 23 24 25 26 27 28 29 30 31 32 33 34 35 36 37 38 39 40 41 42 43 44 45 46 47 48 49 50 51 52 53 54 55 56 57 58 60 63 64 66 68 72 78 83 85 86 90 93 96 105 109 110 112
43 2 6 17 20 21 22 25 29 32 37 38 43 50 52 53 54 56 58 60 66 72 85 86 90 96 105 110
46 8 16 17 20 22 24 38 42 43 45 46 47 48 49 50 51 55 57 63 66 68 72 93 105 109 110 112
14 3 5 9 10 13 14 15 20 22 37 38 43 66 72 85 86 90 93 96 105 109 110
16 7 11 16 20 22 24 38 42 43 45 46 47 48 49 50 51 55 57 63 64 66 68 72 105 109 110 112
15 3 5 9 10 13 14 15
20 0 1 2 6 7 11 15 16 17 20 22 36 40 42 43 49 50 56 63 64 66 68 72 93 96 105 110
22 7 11 16 20 22 38 43 45 46 47 48 49 51 55 57 63 64 66 68 72 78 96 105 109 110 112
55 8 16 17 22 24 42 45 46 47 48 49 50 51 55 57 63 68 78 86 105 109 110 112
57 8 11 16 17 18 22 24 30 31 34 42 46 47 48 49 50 51 55 57 63 64 68 78 83 85 86 105 109 110
27 0 1 2 3 4 5 6 7 8 9 10 11 12 13 14 15 16 17 18 19 20 21 22 23 24 25 26 27 28 29 30 31 32 33 34 35 36 37 38 39 40 41 42 43 44 45 46 47 48 49 50 51 52 53 54 55 56 57 58 60 63 64 66 68 72 78 83 85 86 90 93 96 105 109 110 112
28 0 1 2 3 4 5 6 7 8 9 10 11 12 13 14 15 16 17 18 19 20 21 22 23 24 25 26 27 28 29 30 31 32 33 34 35 36 37 38 39 40 41 42 43 44 45 46 47 48 49 50 51 52 53 54 55 56 57 58 60 63 64 66 68 72 78 83 85 86 90 93 96 105 109 110 112
29 18 23 27 28 29 30 31 32 33 34 35 37 38 43 66 78 83 85 86 90 93 96 112
