3 3 4 6 7 8 11 12 14 15 16 18 20 22 23 25 26 27 28 29 30 32 33 36 38 43 45 46 49 50 52 55 57
4 3 4 6 7 8 11 12 15 16 18 20 26 33 36 45 46 55 57
6 3 4 6 7 8 11 12 14 15 16 18 20 22 23 25 26 27 28 29 30 32 33 36 38 43 45 46 49 50 52 55 57
7 3 4 6 7 8 11 12 14 15 16 18 20 22 23 25 26 27 28 29 30 32 33 36 38 43 45 46 49 50 52 55 57
8 3 4 6 7 8 11 12 14 15 16 18 20 22 23 25 26 27 28 29 30 32 33 36 38 43 45 46 49 50 52 55 57
11 3 4 6 7 8 11 12 14 15 16 18 20 22 23 25 26 27 28 29 30 32 33 36 38 43 45 46 49 50 52 55 57
12 3 4 6 7 8 11 12 14 15 16 18 20 22 23 25 26 27 28 29 30 32 33 36 38 43 45 46 49 50 52 55 57
14 6 7 14 15 20 22 25 26 28 29 33 36 38 45 49
15 3 6 7 11 12 14 15 20 22 25 29 33 38 45
16 3 4 6 7 8 11 12 14 15 16 18 20 22 23 25 26 27 28 29 30 32 33 36 38 43 45 46 49 50 52 55 57
18 3 4 6 7 8 11 12 14 15 16 18 20 22 23 25 26 27 28 29 30 32 33 36 38 43 45 46 49 50 52 55 57
20 3 4 6 7 8 11 12 14 15 16 18 20 22 23 25 26 27 28 29 30 32 33 36 38 43 45 46 49 50 52 55 57
22 3 4 6 7 8 11 12 14 15 16 18 20 22 23 25 26 27 28 29 30 32 33 36 38 43 45 46 49 50 52 55 57
23 3 4 6 7 8 11 12 14 15 16 18 20 22 23 25 26 27 28 29 30 32 33 36 38 43 45 46 49 50 52 55 57
25 3 4 6 7 8 11 12 14 15 16 18 20 22 23 25 26 27 28 29 30 32 33 36 38 43 45 46 49 50 52 55 57
26 3 4 6 7 8 11 12 14 15 16 18 20 22 23 25 26 27 28 29 30 32 33 36 38 43 45 46 49 50 52 55 57
27 3 4 6 7 8 11 12 14 15 16 18 20 22 23 25 26 27 28 29 30 32 33 36 38 43 45 46 49 50 52 55 57
28 3 4 6 7 8 11 12 14 15 16 18 20 22 23 25 26 27 28 29 30 32 33 36 38 43 45 46 49 50 52 55 57
29 3 4 6 7 8 11 12 14 15 16 18 20 22 23 25 26 27 28 29 30 32 33 36 38 43 45 46 49 50 52 55 57
30 3 4 6 7 8 11 12 14 15 16 18 20 22 23 25 26 27 28 29 30 32 33 36 38 43 45 46 49 50 52 55 57
32 3 4 6 7 8 11 12 14 15 16 18 20 22 23 25 26 27 28 29 30 32 33 36 38 43 45 46 49 50 52 55 57
33 3 4 6 7 8 11 12 14 15 16 18 20 22 23 25 26 27 28 29 30 32 33 36 38 43 45 46 49 50 52 55 57
36 3 4 7 11 14 16 20 22 23 27 28 30 36 38 43 45 46
38 6 14 15 16 22 25 29 30 33 36 38 43 45 50
43 7 12 16 20 22 29 30 32 36 38 43 45 50
45 3 4 6 7 8 11 12 14 15 16 18 20 22 23 25 26 27 28 29 30 32 33 36 38 43 45 46 49 50 52 55 57
46 3 4 6 7 8 11 12 14 15 16 18 20 22 23 25 26 27 28 29 30 32 33 36 38 43 45 46 49 50 52 55 57
49 7 14 16 20 22 30 32 33 36 38 45 46 49 50 52 55 57
50 3 4 6 7 8 11 12 14 15 16 18 20 22 23 25 26 27 28 29 30 32 33 36 38 43 45 46 49 50 52 55 57
52 3 4 6 7 8 11 12 14 15 16 18 20 22 23 25 26 27 28 29 30 32 33 36 38 43 45 46 49 50 52 55 57
55 3 4 6 7 8 11 12 14 15 16 18 20 22 23 25 26 27 28 29 30 32 33 36 38 43 45 46 49 50 52 55 57
57 3 4 6 7 8 11 12 14 15 16 18 20 22 23 25 26 27 28 29 30 32 33 36 38 43 45 46 49 50 52 55 57
