32 18 23 26 27 28 29 30 31 32 33 34 35 78 83 85 90 112
38 2 6 9 10 13 14 15 16 17 18 20 21 22 25 26 29 31 32 33 34 35 37 38 43 46 49 50 52 53 54 56 58 60 63 66 68 72 78 83 85 86 90 93 96 105 109 110
7 4 7 11 12 19 36 39 40 41 44 63 96
11 4 7 11 12 19 36 39 40 41 44 63 64 72
43 0 2 6 8 16 17 20 21 22 25 26 29 33 35 37 38 42 43 45 46 48 49 50 51 52 53 54 55 56 57 58 60 64 66 72 85 90 93 96 105 110
46 8 16 17 22 24 42 45 46 47 48 49 50 51 55 57 105 109 110
14 3 5 9 10 13 14 15 29
16 2 6 8 11 16 17 18 20 21 22 23 24 25 26 30 33 34 37 38 42 43 45 46 47 48 49 50 51 55 56 57 63 64 66 68 72 78 85 93 96 105 109 110
15 3 5 9 10 13 14 15
20 0 1 2 3 6 7 8 16 17 20 22 24 25 33 37 38 42 43 45 46 47 48 49 50 51 52 53 54 55 56 57 58 60 63 64 66 68 72 85 93 105 110
22 2 6 8 11 16 17 20 22 24 25 38 42 43 45 46 47 48 49 50 51 55 56 57 63 64 66 68 72 78 85 90 93 96 105 109 110
55 8 16 17 22 24 42 45 46 47 48 49 50 51 55 57 68 78 110
57 3 6 8 16 17 18 20 22 23 24 26 27 28 29 30 31 32 33 34 35 42 45 46 47 48 49 50 51 55 56 57 63 68 78 83 85 110
27 18 23 26 27 28 29 30 31 32 33 34 35 78 83 85 90
28 18 23 26 27 28 29 30 31 32 33 34 35 78 83 85 90 93
29 3 5 9 10 13 14 15 18 23 24 25 26 27 28 29 30 31 32 33 34 35 37 38 66 78 83 85 90 93
