32 0 1 2 3 4 5 6 7 8 9 10 11 12 13 14 15 16 17 18 19 20 21 22 23 24 25 26 27 28 29 30 31 32 33 34 35 36 37 38 39 40 41 42 43 44 45 46 47 48 49 50 51 52 53 54 55 56 57 58 60 63 64 66 68 72 78 83 85 86 90 93 96 105 109 110 112
38 0 1 2 3 4 5 6 7 8 9 10 11 12 13 14 15 16 17 18 19 20 21 22 23 24 25 26 27 28 29 30 31 32 33 34 35 36 37 38 39 40 41 42 43 44 45 46 47 48 49 50 51 52 53 54 55 56 57 58 60 63 64 66 68 72 78 83 85 86 90 93 96 105 109 110 112
7 4 7 11 12 14 15 16 19 20 22 36 38 39 40 41 43 44 63 64 66 68 72 90 93 96 105
11 0 1 2 3 4 5 6 7 8 9 10 11 12 13 14 15 16 17 18 19 20 21 22 23 24 25 26 27 28 29 30 31 32 33 34 35 36 37 38 39 40 41 42 43 44 45 46 47 48 49 50 51 52 53 54 55 56 57 58 60 63 64 66 68 72 78 83 85 86 90 93 96 105 109 110 112
43 0 1 2 3 4 5 6 7 8 9 10 11 12 13 14 15 16 17 18 19 20 21 22 23 24 25 26 27 28 29 30 31 32 33 34 35 36 37 38 39 40 41 42 43 44 45 46 47 48 49 50 51 52 53 54 55 56 57 58 60 63 64 66 68 72 78 83 85 86 90 93 96 105 109 110 112
46 0 1 2 3 4 5 6 7 8 9 10 11 12 13 14 15 16 17 18 19 20 21 22 23 24 25 26 27 28 29 30 31 32 33 34 35 36 37 38 39 40 41 42 43 44 45 46 47 48 49 50 51 52 53 54 55 56 57 58 60 63 64 66 68 72 78 83 85 86 90 93 96 105 109 110 112
14 0 1 2 3 4 5 6 7 8 9 10 11 12 13 14 15 16 17 18 19 20 21 22 23 24 25 26 27 28 29 30 31 32 33 34 35 36 37 38 39 40 41 42 43 44 45 46 47 48 49 50 51 52 53 54 55 56 57 58 60 63 64 66 68 72 78 83 85 86 90 93 96 105 109 110 112
16 7 11 16 20 22 24 43 45 46 47 48 49 50 51 55 57 63 64 66 68 72 105 109 110 112
15 3 5 9 10 13 14 15 17 20 22 37 38 43 63 66 72 85 93 96 105 110
20 0 1 2 6 7 11 15 16 17 20 22 36 40 43 46 50 56 63 64 66 68 72 93 96 105 110
22 0 1 2 3 4 5 6 7 8 9 10 11 12 13 14 15 16 17 18 19 20 21 22 23 24 25 26 27 28 29 30 31 32 33 34 35 36 37 38 39 40 41 42 43 44 45 46 47 48 49 50 51 52 53 54 55 56 57 58 60 63 64 66 68 72 78 83 85 86 90 93 96 105 109 110 112
55 8 16 17 22 24 34 42 45 46 47 48 49 50 51 55 57 63 64 68 78 86 105 109 110 112
57 0 1 2 3 4 5 6 7 8 9 10 11 12 13 14 15 16 17 18 19 20 21 22 23 24 25 26 27 28 29 30 31 32 33 34 35 36 37 38 39 40 41 42 43 44 45 46 47 48 49 50 51 52 53 54 55 56 57 58 60 63 64 66 68 72 78 83 85 86 90 93 96 105 109 110 112
27 0 1 2 3 4 5 6 7 8 9 10 11 12 13 14 15 16 17 18 19 20 21 22 23 24 25 26 27 28 29 30 31 32 33 34 35 36 37 38 39 40 41 42 43 44 45 46 47 48 49 50 51 52 53 54 55 56 57 58 60 63 64 66 68 72 78 83 85 86 90 93 96 105 109 110 112
28 0 1 2 3 4 5 6 7 8 9 10 11 12 13 14 15 16 17 18 19 20 21 22 23 24 25 26 27 28 29 30 31 32 33 34 35 36 37 38 39 40 41 42 43 44 45 46 47 48 49 50 51 52 53 54 55 56 57 58 60 63 64 66 68 72 78 83 85 86 90 93 96 105 109 110 112
29 0 1 2 3 4 5 6 7 8 9 10 11 12 13 14 15 16 17 18 19 20 21 22 23 24 25 26 27 28 29 30 31 32 33 34 35 36 37 38 39 40 41 42 43 44 45 46 47 48 49 50 51 52 53 54 55 56 57 58 60 63 64 66 68 72 78 83 85 86 90 93 96 105 109 110 112
