32 14 23 26 27 28 29 30 31 32 33 34 35 38 43 46 57 64 66 78 83 85 86 90 93 96 105 109 110 112
38 7 14 15 16 20 22 27 28 29 32 37 38 43 46 66 72 78 83 85 86 90 93 96 105 110
7 4 7 11 12 14 15 16 19 20 22 36 38 39 40 41 43 44 46 63 64 66 68 72 85 90 93 96 105 109 110
11 4 7 11 12 15 16 19 20 22 36 39 40 41 43 44 46 55 57 63 64 66 68 72 78 85 86 90 93 96 105 109 110
43 2 6 7 16 17 20 22 25 27 28 29 32 37 38 43 52 53 54 56 58 60 66 72 83 85 90 93 96 105 110
46 7 16 20 22 24 38 43 45 46 47 48 49 50 51 55 57 63 64 66 68 72 78 85 93 105 109 110 112
14 3 5 7 9 10 11 13 14 15 16 20 22 27 28 29 32 37 38 43 46 55 57 63 64 66 68 72 78 83 85 86 90 93 96 105 109 110 112
16 7 11 15 16 20 22 24 38 43 45 46 47 48 49 50 51 55 57 63 64 66 68 72 85 93 96 105 109 110 112
15 3 5 7 9 10 11 13 14 15 16 20 22 29 38 43 46 63 64 66 72 85 86 90 93 96 105 110
20 2 6 7 11 14 15 16 17 20 22 38 43 46 50 55 56 57 63 64 66 68 72 78 85 93 96 105 110
22 7 11 16 20 22 38 43 46 48 49 51 55 57 63 64 66 68 72 78 85 93 96 105 109 110 112
55 7 8 11 16 17 20 22 24 27 28 29 32 34 38 42 43 45 46 47 48 49 50 51 55 57 63 64 66 68 72 78 83 85 86 90 93 96 105 109 110 112
57 7 8 11 16 17 20 22 24 27 28 29 32 34 38 42 43 46 51 55 57 63 64 66 68 72 78 83 85 86 90 93 96 105 109 110 112
27 14 23 26 27 28 29 30 31 32 33 34 35 38 43 55 57 64 66 72 78 83 85 86 90 93 96 109 110 112
28 14 23 27 28 29 30 31 32 33 34 35 38 43 55 57 64 66 72 78 83 85 86 90 93 96 109 110 112
29 15 18 22 23 27 28 29 32 33 35 38 43 57 64 66 72 78 83 85 86 90 93 96 105 110 112
