3 3 5 9 10 13 14 15
4 4 7 11 12 19 36 39 40 41 44
6 0 1 2 6 8 16 17 20 21 22 24 25 26 29 31 32 33 34 35 37 38 42 43 45 46 48 49 50 51 52 53 54 55 56 57 58 60
7 4 7 11 12 19 36 39 40 41 44
8 2 3 6 8 16 17 18 20 22 24 25 27 28 30 31 32 33 34 42 43 45 46 47 48 49 50 51 55 56 57
11 4 7 11 12 19 36 39 40 41 44
12 4 7 11 12 19 21 25 36 39 40 41 44
14 3 5 6 9 10 13 14 15 17 18 20 23 24 25 26 27 28 29 30 31 32 33 34 35 37 38 43 56 57
15 3 5 9 10 13 14 15
16 2 6 8 16 17 18 20 21 22 24 25 42 45 46 47 48 49 50 51 55 56 57
18 4 8 14 16 17 18 22 23 24 26 27 28 29 30 31 32 33 34 35 42 45 46 47 48 49 51 55 57
20 0 1 2 3 6 8 16 17 20 22 24 25 33 37 38 42 43 46 47 48 49 50 51 52 53 54 55 56 57 58 60
22 8 16 22 24 42 45 46 47 48 49 50 51 55 57
23 18 23 26 27 28 29 30 31 32 33 34 35
25 4 6 7 11 12 16 19 20 21 23 25 26 28 29 30 31 32 33 34 35 37 38 43 44 45 46 48 51 53 54 56 58
26 18 21 23 25 26 27 28 29 30 31 32 33 34 35 37 38 43 52 53 54 58 60
27 18 23 26 27 28 29 30 31 32 33 34 35
28 18 23 26 27 28 29 30 31 32 33 34 35
29 5 9 10 13 14 15 18 23 26 27 28 29 30 31 32 33 34 35
30 18 23 24 26 27 28 29 30 31 32 33 34 35
32 18 23 26 27 28 29 30 31 32 33 34 35
33 2 6 18 20 21 23 25 26 27 28 29 30 31 32 33 34 35 37 43 50 56
36 4 7 11 12 19 36 39 40 41 44
38 0 2 6 14 16 17 20 21 22 23 25 26 29 30 31 32 33 34 35 36 37 38 43 45 49 50 52 53 54 56 58 60
43 0 1 2 6 8 12 16 17 20 21 22 25 26 33 37 38 42 43 45 46 48 49 50 51 52 53 54 55 56 57 58 60
45 2 6 8 12 16 17 18 21 22 24 25 26 30 32 33 34 35 37 38 42 43 45 46 47 48 49 50 51 55 56 57
46 8 16 17 22 24 42 45 46 47 48 49 50 51 55 57
49 2 6 8 16 17 20 22 24 25 42 43 45 46 47 48 49 50 51 52 55 56 57
50 0 2 6 8 16 17 20 22 24 37 38 42 43 45 46 47 48 49 50 51 55 56 57
52 0 2 6 17 18 20 21 22 23 24 25 26 30 31 32 33 34 35 37 38 42 43 45 48 49 50 52 53 54 56 58 60
55 8 16 17 22 24 42 45 46 47 48 49 50 51 55 57
57 3 6 8 16 17 18 20 22 23 24 26 27 28 30 31 32 33 34 35 42 46 47 48 49 50 51 55 56 57
