32 18 23 26 27 28 29 30 31 32 33 34 35 78 83 85 86 90 93 109 112
38 0 1 2 3 4 5 6 7 8 9 10 11 12 13 14 15 16 17 18 19 20 21 22 23 24 25 26 27 28 29 30 31 32 33 34 35 36 37 38 39 40 41 42 43 44 45 46 47 48 49 50 51 52 53 54 55 56 57 58 60 63 64 66 68 72 78 83 85 86 90 93 96 105 109 110 112
7 0 1 2 3 4 5 6 7 8 9 10 11 12 13 14 15 16 17 18 19 20 21 22 23 24 25 26 27 28 29 30 31 32 33 34 35 36 37 38 39 40 41 42 43 44 45 46 47 48 49 50 51 52 53 54 55 56 57 58 60 63 64 66 68 72 78 83 85 86 90 93 96 105 109 110 112
11 4 7 11 12 19 36 39 40 41 44 63 64 72
43 0 1 2 6 17 20 21 22 25 26 28 29 32 37 38 43 50 52 53 54 56 58 60 66 72 83 85 86 90 93 96 105 110
46 0 1 2 3 4 5 6 7 8 9 10 11 12 13 14 15 16 17 18 19 20 21 22 23 24 25 26 27 28 29 30 31 32 33 34 35 36 37 38 39 40 41 42 43 44 45 46 47 48 49 50 51 52 53 54 55 56 57 58 60 63 64 66 68 72 78 83 85 86 90 93 96 105 109 110 112
14 3 5 9 10 13 14 15
16 0 1 2 3 4 5 6 7 8 9 10 11 12 13 14 15 16 17 18 19 20 21 22 23 24 25 26 27 28 29 30 31 32 33 34 35 36 37 38 39 40 41 42 43 44 45 46 47 48 49 50 51 52 53 54 55 56 57 58 60 63 64 66 68 72 78 83 85 86 90 93 96 105 109 110 112
15 3 5 9 10 13 14 15
20 0 1 2 3 4 5 6 7 8 9 10 11 12 13 14 15 16 17 18 19 20 21 22 23 24 25 26 27 28 29 30 31 32 33 34 35 36 37 38 39 40 41 42 43 44 45 46 47 48 49 50 51 52 53 54 55 56 57 58 60 63 64 66 68 72 78 83 85 86 90 93 96 105 109 110 112
22 7 8 11 16 17 20 22 24 37 38 42 43 45 46 47 48 49 50 51 55 57 63 64 66 68 72 78 85 86 90 93 96 105 109 110 112
55 0 1 2 3 4 5 6 7 8 9 10 11 12 13 14 15 16 17 18 19 20 21 22 23 24 25 26 27 28 29 30 31 32 33 34 35 36 37 38 39 40 41 42 43 44 45 46 47 48 49 50 51 52 53 54 55 56 57 58 60 63 64 66 68 72 78 83 85 86 90 93 96 105 109 110 112
57 2 3 6 7 8 11 14 15 16 17 18 20 21 22 23 24 25 26 27 28 29 30 31 32 33 34 35 37 38 42 43 45 46 47 48 49 50 51 55 56 57 63 64 66 68 72 78 83 85 86 90 93 96 105 109 110 112
27 18 21 23 25 26 27 28 29 30 31 32 33 34 35 37 38 78 83 85 86 90 93 96 109 112
28 18 21 23 25 26 27 28 29 30 31 32 33 34 35 37 38 78 83 85 86 90 93 96 109 112
29 14 15 18 23 26 27 28 29 30 31 32 33 34 35 37 38 43 66 78 83 85 86 90 93 96 112
