3 0 1 2 3 5 6 8 9 10 13 14 15 16 17 18 20 21 22 23 24 25 26 27 28 29 30 31 32 33 34 35 37 38 42 43 45 46 47 48 49 50 51 52 53 54 55 56 57 58 60
4 4 7 11 12 19 36 39 40 41 44
6 0 1 2 6 8 16 17 18 20 21 22 23 24 25 26 27 28 29 30 31 32 33 34 35 37 38 42 43 45 46 47 48 49 50 51 52 53 54 55 56 57 58 60
7 4 7 11 12 19 36 39 40 41 44
8 0 1 2 3 5 6 8 9 10 13 14 15 16 17 18 20 21 22 23 24 25 26 27 28 29 30 31 32 33 34 35 37 38 42 43 45 46 47 48 49 50 51 52 53 54 55 56 57 58 60
11 4 7 11 12 19 36 39 40 41 44
12 4 7 11 12 19 21 25 36 39 40 41 44
14 2 3 5 6 8 9 10 13 14 15 16 17 18 20 21 22 23 24 25 26 27 28 29 30 31 32 33 34 35 37 38 42 43 45 46 47 48 49 50 51 52 53 54 55 56 57 58 60
15 3 5 9 10 13 14 15
16 0 1 2 6 8 16 17 18 20 21 22 23 24 25 26 27 28 29 30 31 32 33 34 35 38 42 43 45 46 47 48 49 50 51 55 56 57
18 0 1 2 3 5 6 8 9 10 13 14 15 16 17 18 20 21 22 23 24 25 26 27 28 29 30 31 32 33 34 35 37 38 42 43 45 46 47 48 49 50 51 52 53 54 55 56 57 58 60
20 0 1 2 3 5 6 8 9 10 13 14 15 16 17 18 20 21 22 23 24 25 26 27 28 29 30 31 32 33 34 35 37 38 42 43 45 46 47 48 49 50 51 52 53 54 55 56 57 58 60
22 0 1 2 6 8 16 17 18 20 21 22 23 24 25 26 27 28 29 30 31 32 33 34 35 38 42 43 45 46 47 48 49 50 51 55 56 57
23 0 1 2 3 5 6 8 9 10 12 13 14 15 16 17 18 20 21 22 23 24 25 26 27 28 29 30 31 32 33 34 35 37 38 42 43 45 46 47 48 49 50 51 52 53 54 55 56 57 58 60
25 0 1 2 4 6 7 8 11 12 16 17 18 19 20 21 22 23 24 25 26 27 28 29 30 31 32 33 34 35 36 37 38 39 40 41 42 43 44 45 46 47 48 49 50 51 52 53 54 55 56 57 58 60
26 0 1 2 3 4 5 6 7 8 9 10 11 12 13 14 15 16 17 18 19 20 21 22 23 24 25 26 27 28 29 30 31 32 33 34 35 36 37 38 39 40 41 42 43 44 45 46 47 48 49 50 51 52 53 54 55 56 57 58 60
27 0 1 2 3 5 6 8 9 10 12 13 14 15 16 17 18 20 21 22 23 24 25 26 27 28 29 30 31 32 33 34 35 37 38 42 43 45 46 47 48 49 50 51 52 53 54 55 56 57 58 60
28 2 6 8 14 16 17 18 20 21 22 23 24 25 26 27 28 29 30 31 32 33 34 35 37 38 42 43 45 46 47 48 49 50 51 52 53 54 55 56 57 58 60
29 0 1 2 3 5 6 8 9 10 13 14 15 16 17 18 20 21 22 23 24 25 26 27 28 29 30 31 32 33 34 35 37 38 42 43 45 46 47 48 49 50 51 52 53 54 55 56 57 58 60
30 0 1 2 6 8 14 16 17 18 20 21 22 23 24 25 26 27 28 29 30 31 32 33 34 35 37 38 42 43 45 46 47 48 49 50 51 52 53 54 55 56 57 58 60
32 0 1 2 3 5 6 8 9 10 12 13 14 15 16 17 18 20 21 22 23 24 25 26 27 28 29 30 31 32 33 34 35 37 38 42 43 45 46 47 48 49 50 51 52 53 54 55 56 57 58 60
33 0 1 2 3 4 5 6 7 8 9 10 11 12 13 14 15 16 17 18 19 20 21 22 23 24 25 26 27 28 29 30 31 32 33 34 35 36 37 38 39 40 41 42 43 44 45 46 47 48 49 50 51 52 53 54 55 56 57 58 60
36 4 7 11 12 19 36 39 40 41 44
38 0 1 2 3 4 5 6 7 8 9 10 11 12 13 14 15 16 17 18 19 20 21 22 23 24 25 26 27 28 29 30 31 32 33 34 35 36 37 38 39 40 41 42 43 44 45 46 47 48 49 50 51 52 53 54 55 56 57 58 60
43 0 1 2 3 4 5 6 7 8 9 10 11 12 13 14 15 16 17 18 19 20 21 22 23 24 25 26 27 28 29 30 31 32 33 34 35 36 37 38 39 40 41 42 43 44 45 46 47 48 49 50 51 52 53 54 55 56 57 58 60
45 0 1 2 4 6 7 8 11 12 16 17 18 19 20 21 22 23 24 25 26 27 28 29 30 31 32 33 34 35 36 37 38 39 40 41 42 43 44 45 46 47 48 49 50 51 52 53 54 55 56 57 58 60
46 0 1 2 6 8 16 17 18 20 21 22 23 24 25 26 27 28 29 30 31 32 33 34 35 38 42 43 45 46 47 48 49 50 51 55 56 57
49 0 1 2 6 8 16 17 18 20 21 22 24 25 42 43 45 46 47 48 49 50 51 55 56 57
50 0 1 2 3 6 8 16 17 18 20 21 22 23 24 25 26 27 28 29 30 31 32 33 34 35 37 38 42 43 45 46 47 48 49 50 51 52 53 54 55 56 57 58 60
52 0 1 2 6 8 17 20 21 25 26 27 28 30 31 32 33 34 35 37 38 42 43 50 52 53 54 56 57 58 60
55 0 1 2 3 5 6 8 9 10 13 14 15 16 17 18 20 21 22 23 24 25 26 27 28 29 30 31 32 33 34 35 37 38 42 43 45 46 47 48 49 50 51 52 53 54 55 56 57 58 60
57 0 1 2 3 5 6 8 9 10 13 14 15 16 17 18 20 21 22 23 24 25 26 27 28 29 30 31 32 33 34 35 37 38 42 43 45 46 47 48 49 50 51 52 53 54 55 56 57 58 60
