3 3 4 5 6 7 8 9 10 11 12 13 14 15 16 17 19 20 22 24 25 36 39 40 41 42 44 45 46 48 49 50 51 55 56 57
4 2 3 4 5 6 7 8 9 10 11 12 13 14 15 16 17 18 19 20 22 25 33 36 38 39 40 41 43 44 45 50 56 57
6 0 2 3 4 5 6 7 9 10 11 12 13 14 15 16 17 20 22 25 29 33 36 37 38 43 45 46 48 50 56
7 2 3 4 6 7 10 11 12 13 14 15 16 17 19 20 22 25 30 33 36 38 39 40 41 43 44 45 50 56
8 2 3 4 5 6 8 9 10 11 12 13 14 15 16 17 18 20 22 24 34 38 42 43 45 46 47 48 49 50 51 55 56 57
11 3 4 5 6 7 8 9 10 11 12 13 14 15 16 17 18 19 20 22 25 36 38 39 40 41 43 44 45 46 48 49 50 56
12 2 3 4 6 7 11 12 14 15 16 17 19 20 21 22 25 33 36 38 39 40 41 43 44 45 46 48 49 50 51 56
14 2 3 5 6 9 10 13 14 15 20 22 23 25 26 27 28 29 30 31 32 33 34 35 36 37 38 43 45 50 56
15 2 3 4 5 6 7 8 9 10 11 12 13 14 15 16 17 20 22 25 29 30 33 36 37 38 43 45 50 56
16 3 4 6 7 8 11 12 15 16 17 20 22 24 33 36 38 42 43 45 46 47 48 49 50 51 52 55 56 57
18 4 8 12 17 18 22 23 24 25 26 27 28 29 30 31 32 33 34 35 37 38 42 43 49 50 55 57
20 0 2 3 4 6 7 8 11 12 16 17 20 22 24 25 33 36 37 38 39 42 43 44 45 46 48 49 50 55 56 57
22 4 6 7 8 11 12 16 17 18 20 22 24 25 33 36 38 42 43 45 46 47 48 49 50 51 52 55 56 57
23 18 23 24 25 26 27 28 29 30 31 32 33 34 35
25 4 6 12 18 20 21 22 23 25 26 27 28 29 30 31 32 33 34 35 37 38 43 45 50 56 58
26 18 21 23 25 26 27 28 29 30 31 32 33 34 35 37 38 43 52 53 54 58 60
27 18 23 25 26 27 28 29 30 31 32 33 34 35
28 18 23 25 26 27 28 29 30 31 32 33 34 35
29 6 14 15 18 20 23 25 26 27 28 29 30 31 32 33 34 35 36 37 38 43 52 56
30 18 23 25 26 27 28 29 30 31 32 33 34 35 36 38
32 18 23 25 26 27 28 29 30 31 32 33 34 35 52
33 6 7 14 18 20 22 23 25 26 27 28 29 30 31 32 33 34 35 36 37 38 43 45 48 49 52 56
36 3 4 6 7 11 12 16 20 22 25 27 28 29 30 31 33 36 37 38 39 40 41 43 44 45 49 50 56
38 6 7 12 14 15 16 20 22 23 25 26 27 28 29 30 33 35 36 37 38 43 45 46 50 51 56
43 2 6 7 12 16 17 20 22 25 26 28 29 30 32 33 36 37 38 43 45 46 50 52 53 54 56 58 60
45 2 4 6 7 8 11 12 16 20 22 24 25 29 33 36 37 38 42 43 45 46 47 48 49 50 51 52 55 56 57
46 3 4 6 8 11 12 16 17 18 20 22 24 25 33 36 38 42 43 45 46 47 48 49 50 51 52 55 56 57
49 6 11 16 17 18 20 22 24 30 32 33 34 35 36 38 43 45 46 47 48 49 50 51 52 53 54 55 56 58 60
50 2 3 4 6 7 8 12 16 17 18 20 22 24 25 33 37 38 42 43 45 46 47 48 49 50 51 55 56 57
52 16 18 20 22 23 24 25 26 27 28 29 30 31 32 33 34 35 37 43 46 48 49 50 51 52 53 54 58 60
55 2 3 4 6 8 11 12 16 17 18 20 22 24 25 32 33 34 38 42 45 46 47 48 49 50 51 55 56 57
57 3 6 8 16 17 18 20 22 23 24 25 26 27 28 29 30 31 32 33 34 35 38 42 46 47 48 49 50 51 55 56 57
