0 0 1 2 20 56 6 50 43 38 17 49 42 58 54 37 33 8 52 46 60 57 22 55 48 25 21 53 47 16 51 45 24 26 35 18 31 32 34 29 3 30 28 27 23 12 10 9 5 14 13 15
1 1 0 2 20 56 6 50 43 38 17 49 42 58 54 37 33 8 52 46 60 57 22 55 48 25 21 53 47 16 51 45 24 26 35 18 31 32 34 29 3 30 28 27 23 12 10 9 5 14 13 15
2 2 0 1 20 56 6 50 43 38 17 49 42 58 54 37 33 8 52 46 60 57 22 55 48 25 21 53 47 16 51 45 24 26 35 18 31 32 34 29 3 30 28 27 23 12 13 15 14 10 9 5 4 11 19
6 6 20 56 2 50 0 1 43 33 38 17 58 37 49 54 42 25 21 52 8 60 55 46 57 35 53 22 48 29 31 32 34 47 45 16 51 24 26 28 30 18 27 23 3 12 13 15 14 10 9 5 4 11 7 19 39 36 44 41 40
43 43 38 58 54 37 52 60 20 53 56 6 25 21 2 50 17 26 0 1 33 42 8 57 49 55 46 22 48 45 51 12 16 34 35 47 28 29 3 27 31 32 30 18 4 24 11 23 44 15 19 13 7 40 39 14 41 10 9 36 5
56 56 20 6 2 50 0 1 43 33 38 17 58 37 49 54 42 25 21 52 8 60 55 46 57 35 53 22 48 29 31 32 34 47 45 16 51 24 26 28 30 18 27 23 3 12 13 15 14 10 9 5 4 11 7 19 39 36 44 41 40
50 50 49 20 56 6 46 42 22 2 8 48 16 51 47 17 57 45 55 0 1 43 24 38 33 25 58 21 54 37 52 60 34 18 53 3 35 31 32 30 28 29 27 23 26 15 14 13 12 10 9 5 4
20 20 56 6 2 17 50 43 0 1 38 42 57 8 33 55 58 54 49 37 52 60 46 22 53 48 51 3 47 16 25 21 45 28 29 34 27 35 24 31 32 26 15 30 13 14 23 10 9 18 5 12 4
3 3 15 13 14 10 9 5 17 29 57 55 42 8 20 18 35 56 24 43 6 50 2 38 34 23 51 32 33 26 27 49 47 31 58 0 54 1 28 52 37 60 25 21 22 30 46 53 48 16 45
5 5 15 13 14 10 9 3 29 17 18 35 57 23 33 55 42 32 8 20 27 31 56 30 26 28 6 34 25 24 43 21 38 37 50 2
9 9 15 13 14 10 5 3 29 17 18 35 57 23 33 55 42 32 8 20 27 31 56 30 26 28 6 34 25 24 43 21 38 37 50 2
10 10 15 13 14 9 5 3 29 17 18 35 57 23 33 55 42 32 8 20 27 31 56 30 26 28 6 34 25 24 43 21 38 37 50 2
13 13 10 14 9 15 5 3 29 17 18 35 57 23 55 33 42 32 8 20 27 26 56 31 28 6 30 34 37 25 21 24 43 50 2 47 58 54 51 60 38 52 46 53
14 14 13 15 10 9 29 5 3 18 35 17 23 33 32 27 34 31 30 26 57 28 24 55 42 56 25 8 21 6 20 37 47 2 51 50 38 58 46 45 48 60 53 49 43 22 0 1 16 54 52
15 15 10 14 9 13 5 3 29 17 18 35 57 23 55 33 42 32 8 20 27 26 56 31 28 6 30 34 37 25 21 24 43 50 2 47 58 54 51 60 38 52 46 53
17 17 57 55 42 8 20 3 56 24 43 50 6 15 2 38 13 14 51 34 10 9 58 49 47 37 54 0 1 5 52 60 33 18 22 53 46 48 25 21 29 16 32 26 45 31 30 28 27 35 23 12
29 29 18 35 14 23 33 32 13 15 27 34 31 10 30 9 26 28 5 24 3 25 21 56 57 6 37 47 20 58 38 43 55 50 2 45 46 54 42 22 51 17 53 49 60 8 16 48 52 0 1 12 4 11 7 19 39 44
24 24 47 57 18 55 46 42 51 22 8 49 16 34 48 45 17 30 50 35 23 29 31 32 28 33 27 56 25 21 6 26 20 2 3 14 37 0 1 38 53 58 15 43 13 12 10 9 5 52 54 60 4
8 8 57 55 42 17 50 24 51 49 20 34 47 22 46 48 56 6 16 2 18 3 43 33 0 45 1 38 30 31 32 28 35 15 58 27 37 23 29 13 26 54 25 21 14 52 60 10 53 9 5 12
42 42 57 55 8 17 50 24 51 49 20 34 47 22 46 48 56 6 16 2 18 3 43 33 0 45 1 38 30 31 32 28 35 15 58 27 37 23 29 13 26 54 25 21 14 52 60 10 53 9 5 12
55 55 57 42 8 17 51 24 47 50 49 46 48 34 22 16 45 20 18 56 3 6 2 33 30 31 32 43 28 35 0 1 15 25 21 27 23 38 29 13 26 14 37 58 10 9 54 5 52 60 53 12
57 57 55 42 8 17 34 24 50 51 47 49 31 32 28 18 20 30 56 22 33 27 3 6 35 46 48 23 26 2 16 29 45 43 25 21 38 37 15 58 0 1 13 14 10 53 54 9 60 5 52 12
4 4 11 12 19 7 44 39 40 36 41 25 21 45 26 33 43 38 37 54 58 60 52 32 22 56 34 46 48 30 53 6 49 29 20 16 47 35 50 24 51 2 31 28 27 23 18 55 17 57 42 0 1 8
19 19 4 11 44 12 41 7 40 39 36 25 21 45 26 33 43 38 37 54 53 60 27 58 56 35 46 48 22 28 6 51 23 50 20 16 47 52 31 32 34 18 2 24 49 30 29
11 11 4 12 19 7 39 44 40 41 36 25 21 45 26 33 43 38 37 54 58 60 52 35 22 27 56 46 48 28 53 6 49 31 32 34 20 16 47 50 51 2 18 24 30 29 17 23
12 12 4 11 44 19 7 40 39 41 25 21 36 45 26 33 43 38 37 54 58 22 60 52 46 28 56 20 35 48 27 16 49 53 6 29 31 32 34 51 47 50 2 30 18 23 24 42 17 0 8 1 55 57
39 39 44 41 36 7 40 11 12 4 19 25 21 45 26 33 43 38 37 54 52 60 58 53 46 48
41 41 44 40 7 36 19 39 12 11 4 25 21 45 26 33 43 38 37 54 58 60 52 56 46 48 22 53 6 51 16
44 44 41 40 7 36 19 12 39 11 4 25 21 45 26 33 43 38 37 54 58 60 56 53 46 48 22 6 51 16 52 35
7 7 36 44 40 41 19 39 11 12 4 25 21 45 26 33 43 38 37 54 52 60 58 53 46 48
25 25 21 12 45 26 33 43 38 37 4 11 54 44 58 22 60 52 19 46 28 7 56 20 35 48 40 27 39 16 49 53 6 29 41 31 32 34 51 47 50 2 30 18 36 23 24 55 17 0 42 1 8 57 14 3 10 9 5 13 15
23 23 35 18 29 34 31 32 33 28 30 27 26 24 57 25 21 14 56 47 6 37 58 55 38 46 42 51 22 2 50 8 49 20 53 16 54 13 15 48 45 43 60 17 10 52 0 1 9 5 3 12 4 11 19
18 18 29 35 23 24 33 32 34 27 14 47 57 30 31 26 55 28 46 42 51 22 8 25 21 49 16 13 15 48 45 56 50 17 6 10 37 9 2 5 58 3 38 20 54 53 43 60 0 1 52 12 4 11 19
26 26 37 58 38 35 25 53 21 34 31 32 54 60 28 33 27 30 43 29 52 23 18 56 6 20 57 24 45 12 55 42 2 50 17 8 46 47 22 49 14 51 48 16 0 1 4 11 44 13 15 19 7 40 39 3 41 10 9 36 5
27 27 35 34 31 32 28 30 33 29 26 23 18 25 21 57 24 37 56 58 6 38 55 20 54 43 53 42 14 47 60 8 50 2 52 45 51 17 46 22 49 48 16 12 13 15 0 1 10 9 3 5 4 44 11 19 39 41 7
28 28 34 31 32 27 30 33 35 23 26 29 57 25 21 24 56 37 6 18 58 38 55 20 42 43 54 53 8 47 60 50 2 45 52 17 51 46 22 49 14 48 16 0 12 1 13 15 3 10 9 4 11 5 7 19 39 36 44 41 40
30 30 34 31 32 28 33 27 35 26 23 24 57 29 25 21 18 37 56 47 6 58 38 55 46 42 51 22 2 53 54 50 8 49 20 60 43 16 48 45 17 52 0 14 1 12 13 15 3 10 4 9 5 44 11 19 39 41 7
31 31 34 32 28 30 33 27 35 26 23 29 25 57 21 24 37 56 6 58 18 38 55 20 53 42 54 8 47 60 43 50 2 17 45 52 51 46 22 49 14 48 16 12 0 1 13 15 3 10 4 9 11 5 7 19 39 36 44 41 40
32 32 35 31 34 28 30 33 27 29 26 23 18 25 57 21 24 37 56 6 58 38 55 42 53 20 47 14 54 8 50 60 43 2 17 45 51 46 52 49 22 48 16 12 13 15 0 1 10 3 9 5 4 44 11 19 39 41 7
33 33 35 29 31 32 34 56 25 21 28 6 30 27 18 26 23 20 2 43 57 50 24 38 0 1 45 14 37 58 42 12 54 17 55 8 60 46 48 22 47 52 51 49 16 53 13 15 10 4 3 11 9 44 5 19 7 40 39 41 36
34 34 31 32 57 28 30 33 27 35 26 23 24 55 29 42 8 25 21 18 56 17 37 47 6 58 38 50 51 2 20 46 22 49 53 54 43 60 16 48 45 52 0 1 14 12 3 13 15 10 9 5 4 44 11 19 39 41 7
35 35 18 29 32 27 33 26 31 23 34 30 28 14 25 21 37 56 6 24 58 57 38 53 20 54 13 15 60 43 2 10 47 52 50 45 9 5 46 55 3 22 49 51 42 12 0 1 48 8 16 17 4 11 7 19 39 44 40 41 36
45 45 22 46 48 16 25 51 49 21 47 24 50 55 56 57 12 6 18 43 2 26 33 20 42 38 8 37 34 32 35 54 17 31 30 0 1 4 29 58 60 52 11 27 44 28 23 53 19 7 40 39 41 36 14 3
46 46 47 51 45 49 48 50 22 24 16 55 42 57 8 25 20 21 56 18 6 2 34 33 43 17 30 0 1 38 26 23 35 37 29 58 28 31 32 12 54 27 52 53 60 3 4 11 7 14 19 39 44 40 41 36
47 47 46 51 24 45 49 48 22 55 50 16 57 18 42 8 56 25 21 34 6 17 30 20 2 35 23 29 31 32 0 28 1 33 43 27 38 26 37 58 12 3 54 53 60 52 14 13 15 4 11 10 9 19 5
16 16 22 49 48 51 45 47 50 46 24 55 42 57 20 8 25 56 21 6 18 2 34 43 33 0 17 1 30 38 23 26 37 58 32 29 31 35 27 54 12 28 52 60 53 3 4 11 14 19
51 51 47 22 49 46 48 16 55 45 50 42 57 8 24 20 56 17 6 25 21 2 18 34 43 0 33 1 38 30 58 37 26 32 54 23 31 52 60 29 28 3 53 27 35 12 10 9 5 14 4 13 15
22 22 49 48 16 51 45 50 47 46 24 55 42 20 8 56 57 6 25 21 2 18 43 0 34 1 33 38 17 30 58 37 23 26 32 54 31 29 52 60 27 35 53 12 28 3 4 11 14 19
37 37 38 26 43 54 58 60 52 25 53 21 20 56 35 6 34 31 32 2 33 28 27 30 50 17 29 23 0 1 18 42 8 57 55 45 12 49 46 22 48 24 47 51 16 14 3 4 11 44 19 13 15 7 40 39 41 10 9 36 5
53 53 58 54 52 60 43 38 26 37 20 25 21 56 6 2 35 50 17 34 31 32 33 28 27 30 0 1 29 42 23 8 55 18 57 49 12 45 46 22 48 47 51 24 16 3 4 14 11 39 44 10 19 9 36 7 41 5 40 13 15
58 58 60 54 53 52 43 26 38 37 25 21 20 56 6 35 2 34 31 32 33 50 28 17 27 30 29 23 0 1 18 42 8 55 57 49 12 45 46 22 24 48 47 51 16 3 14 4 11 39 44 10 19 9 40 7 41 5 13 15 36
36 36 40 7 39 44 41 11 12 4 19 25 21 45 26 33 43 38 37
40 40 36 41 44 7 39 12 19 4 11 25 21 45 26 33 43 38 37 54 52 60 58 53 46 48
48 48 22 49 16 51 45 47 50 46 24 55 42 8 57 25 21 20 56 6 2 18 17 34 43 0 1 30 38 32 29 23 35 31 37 26 33 12 27 54 52 28 60 58 53 3 4 11 7 14 19 39 36 44 41 40
21 21 25 12 45 26 33 43 38 37 4 11 54 44 58 22 60 52 19 46 28 7 56 20 35 48 40 27 39 16 49 53 6 29 41 31 32 34 51 47 50 2 30 18 36 23 24 55 17 0 42 1 8 57 14 3 10 9 5 13 15
49 49 22 48 16 51 50 45 47 46 24 42 20 8 56 55 57 6 17 2 25 21 18 0 1 43 34 33 38 30 32 58 37 29 35 31 54 28 26 23 27 3 52 60 53 12 14 13 15 4 11 10 9 19 5
52 52 54 53 58 60 43 38 37 20 26 56 25 21 6 2 50 17 0 1 33 35 57 42 34 8 49 28 31 32 55 27 46 29 22 45 30 48 12 51 47 16 18 23 3 24 4 11 13 15 14 39 44 19 36 10 7 41 9 40 5
54 54 52 60 58 53 43 38 26 37 20 25 21 56 6 2 50 17 33 35 34 0 1 31 32 28 27 30 57 29 42 8 49 23 18 55 45 46 12 22 48 51 47 16 24 3 4 14 11 10 7 19 9 39 44 40 5 41 13 15 36
60 60 58 54 53 52 43 38 26 37 20 25 21 56 6 2 50 17 33 35 34 31 32 0 28 1 27 30 29 57 42 23 18 8 49 55 45 46 12 22 48 51 47 16 24 3 4 14 11 10 7 19 39 9 44 40 5 41 13 15 36
38 38 37 43 26 58 54 52 60 53 20 25 21 56 6 2 50 17 33 35 34 0 1 31 32 28 27 30 29 42 23 8 57 49 18 55 45 12 46 22 48 51 16 47 3 14 4 11 44 24 19 7 40 39 41 10 9 36 5 13 15
