0 0
1 1
2 2 6 20 43 50 56
6 2 6 20 43 50 56
43 2 6 20 43 50 56
56 2 6 20 43 50 56
50 2 6 20 43 50 56
20 2 6 20 43 50 56
3 3 5 9 10 13 14
5 3 5 9 10 13 14
9 3 5 9 10 13 14
10 3 5 9 10 13 14
13 3 5 9 10 13 14 15
14 3 5 9 10 13 14
15 3 5 9 10 13 14 15
17 8 17 24 42 55 57
29 18 29 35
24 8 17 24 42 55 57
8 8 17 24 42 55 57
42 8 17 24 42 55 57
55 8 17 24 42 55 57
57 8 17 24 42 55 57
4 4 7 11 12 19 36 39 40 41 44
19 4 7 11 12 19 36 39 40 41 44
11 4 7 11 12 19 36 39 40 41 44
12 4 7 11 12 19 36 39 40 41 44
39 4 7 11 12 19 39 40 41 44
41 4 7 11 12 19 39 40 41 44
44 4 7 11 12 19 39 40 41 44
7 4 7 11 12 19 39 40 41 44
25 18 23 25 26 27 28 29 30 31 32 33 34 35
23 18 23 25 26 27 28 29 30 31 32 33 34 35
18 18 29 35
26 18 23 25 26 27 28 29 30 31 32 33 34 35
27 18 23 25 26 27 28 29 30 31 32 33 34 35
28 18 23 25 26 27 28 29 30 31 32 33 34 35
30 18 23 25 26 27 28 29 30 31 32 33 34 35
31 18 23 25 26 27 28 29 30 31 32 33 34 35
32 18 23 25 26 27 28 29 30 31 32 33 34 35
33 18 23 25 26 27 28 29 30 31 32 33 34 35
34 18 23 25 26 27 28 29 30 31 32 33 34 35
35 18 29 35
45 16 22 45 46 47 48 49 51
46 46 47
47 46 47
16 16 22 45 46 47 48 49 51
51 16 22 45 46 47 48 49 51
22 16 22 45 46 47 48 49 51
37 37 38
53 52 53 54 58 60
58 52 53 54 58 60
36 4 7 11 12 19 36 39 40 41 44
40 4 7 11 12 19 36 39 40 41 44
48 16 22 45 46 47 48 49 51
21 21
49 16 22 45 46 47 48 49 51
52 52 53 54 58 60
54 52 53 54 58 60
60 52 53 54 58 60
38 37 38
