2035 2035
6 6
292 292
302 302
377 377
2381 2381
2382 2382
605 605
2377 2377
2378 2378
2379 2379
2380 2380
480 480
11 11
12 12
183 183
2092 2092
185 11 12 183 185 194 196 210 248 364 496 2007 2092 2117 2118 2119 2120 2121 2122 2580
248 248
2036 2036
18 18
19 19
22 22
21 21
2037 2037
2038 2038
2039 2039
34 34
2040 2040
2041 2041
613 613
49 49
69 69
2042 2042
67 67
2132 2132
2133 2133
209 209
2134 2134
2135 2135
304 6 20 31 49 58 60 67 69 79 80 81 82 83 85 90 93 96 126 137 143 155 156 178 189 190 208 209 229 231 235 257 269 287 292 295 304 358 376 377 378 497 514 541 547 573 581 599 603 605 613 625 627 673 687 746 747 748 749 1118 1248 1270 1336 1341 1347 1370 1495 1516 1553 1613 1620 1621 1656 1895 1900 1923 1945 1957 1992 2041 2048 2066 2072 2083 2086 2087 2096 2097 2102 2127 2132 2133 2134 2157 2158 2160 2164 2182 2218 2219 2254 2267 2272 2377 2378 2379 2387 2391 2471 2475 2493 2505 2506 2508 2510 2511 2512
648 648
51 51
101 101
2043 2043
73 73
141 141
58 58
79 79
2044 2044
60 60
2083 2083
456 456
2218 2218
2219 2219
80 80
2475 2475
2504 2504
747 747
2508 2508
2510 2510
84 84
1341 1341
749 749
82 82
154 154
603 603
2045 2045
2046 2046
90 90
83 83
2047 2047
226 226
471 471
2258 2258
615 615
1521 1521
93 93
96 96
2048 2048
2266 2266
287 287
95 95
1957 1957
99 99
100 100
1904 1904
2049 2049
104 104
547 547
2087 2087
2280 2280
2281 2281
2282 2282
2283 2283
2284 2284
2285 2285
2286 2286
2287 2287
2288 2288
2289 2289
2290 2290
2291 2291
2292 2292
2293 2293
2294 2294
2295 2295
2296 2296
2297 2297
2298 2298
2299 2299
2300 2300
2301 2301
2302 2302
2303 2303
2304 2304
2305 2305
2306 2306
2307 2307
2308 2308
2309 2309
2310 2310
2311 2311
2312 2312
2313 2313
1329 1329
2314 2314
2315 2315
2316 2316
2317 2317
2318 2318
2319 2319
2320 2320
2321 2321
2322 2322
2323 2323
2324 2324
2325 2325
2326 2326
2327 2327
2328 2328
2329 2329
2330 2330
2331 2331
2332 2332
2333 2333
2334 2334
2335 2335
2336 2336
2337 2337
2338 2338
2339 2339
2340 2340
2341 2341
2342 2342
2343 2343
2344 2344
2345 2345
2346 2346
2347 2347
2348 2348
2349 2349
2350 2350
2351 2351
2352 2352
2353 2353
2354 2354
2256 2256
1997 1997
550 550
673 673
2406 2406
2102 2102
2267 2267
2407 2407
2408 2408
2409 2409
2410 2410
2411 2411
2412 2412
2413 2413
1900 1900 2493
2493 1900 2493
754 754
1327 1327
755 755
109 109
31 31
110 6 15 20 25 31 43 49 51 58 60 62 67 69 70 73 79 80 81 82 83 84 85 88 90 93 94 95 96 101 104 107 109 110 124 126 128 129 130 131 132 133 137 141 142 143 144 154 155 156 160 161 162 167 178 179 189 190 207 208 209 210 211 226 228 229 230 231 235 236 257 259 260 269 286 287 288 290 292 293 295 299 301 302 306 320 351 358 361 375 376 377 378 388 389 393 402 456 458 464 465 466 467 469 471 480 486 487 494 497 514 520 524 526 530 535 536 538 539 541 547 550 551 552 553 573 581 599 603 605 606 613 615 619 621 625 626 627 628 632 639 646 648 669 673 684 687 704 718 720 721 732 740 745 746 747 748 749 752 756 1118 1247 1248 1252 1270 1272 1302 1317 1320 1329 1336 1341 1347 1349 1350 1353 1355 1370 1412 1494 1495 1497 1515 1516 1517 1520 1521 1523 1525 1540 1546 1550 1551 1553 1561 1613 1620 1621 1656 1661 1699 1705 1712 1715 1736 1747 1837 1847 1850 1884 1890 1895 1896 1923 1939 1945 1950 1953 1957 1958 1985 1992 1993 1994 1997 2004 2035 2040 2041 2042 2043 2044 2045 2046 2047 2048 2057 2058 2066 2067 2068 2069 2071 2072 2083 2084 2086 2087 2127 2132 2133 2134 2135 2136 2137 2138 2139 2144 2145 2146 2147 2148 2149 2150 2151 2152 2153 2154 2155 2156 2157 2158 2159 2160 2161 2162 2163 2164 2171 2179 2180 2181 2182 2208 2218 2219 2220 2221 2227 2228 2238 2239 2243 2244 2248 2249 2254 2255 2256 2258 2266 2272 2273 2275 2276 2280 2281 2282 2283 2284 2285 2286 2287 2288 2289 2290 2291 2292 2293 2294 2295 2296 2297 2298 2299 2300 2301 2302 2303 2304 2305 2306 2307 2308 2309 2310 2311 2312 2313 2314 2315 2316 2317 2318 2319 2320 2321 2322 2323 2324 2325 2326 2327 2328 2329 2330 2331 2332 2333 2334 2335 2336 2337 2338 2339 2340 2341 2342 2343 2344 2345 2346 2347 2348 2349 2350 2351 2352 2353 2354 2355 2359 2360 2361 2362 2364 2365 2366 2369 2370 2377 2378 2379 2380 2381 2382 2387 2388 2389 2390 2391 2416 2420 2421 2428 2434 2437 2445 2446 2449 2454 2455 2466 2467 2468 2469 2470 2471 2472 2475 2488 2492 2494 2495 2500 2502 2503 2504 2505 2506 2507 2508 2509 2510 2511 2512 2513 2528 2529 2530 2531 2532 2533 2534 2535 2536 2537 2548 2567 2568 2571
530 530
494 494
260 260
257 257
627 627
402 402
626 626
628 628
1495 1495
573 573
2455 2455
376 376
1736 1736
2492 2492
1895 1895
2502 2502
1847 1847
2050 2050
2051 2051
2392 2392
2393 2393
2394 2394
2395 2395
115 115
116 116
2190 2190
2193 2193
2052 2052
2053 2053
2054 2054
1284 1284
2055 2055
590 590
2522 2522
124 124
464 464
465 465
2248 2248
466 466
128 128
43 43
107 107
2057 2057
2058 2058
129 129
299 299
130 130
132 132
133 6 15 20 25 31 43 49 51 58 60 62 67 69 70 73 79 80 81 82 83 84 85 88 90 93 94 95 96 101 104 107 109 110 124 126 128 129 130 131 132 133 137 141 142 143 144 154 155 156 160 161 162 167 178 179 189 190 207 208 209 210 211 226 228 229 230 231 235 236 257 259 260 269 286 287 288 290 292 293 295 299 301 302 306 320 351 358 361 375 376 377 378 388 389 393 402 456 458 464 465 466 467 469 471 480 486 487 494 497 514 520 524 526 530 535 536 538 539 541 547 550 551 552 553 573 581 599 603 605 606 613 615 619 621 625 626 627 628 632 639 646 648 669 673 684 687 704 718 720 721 732 740 745 746 747 748 749 752 756 1118 1247 1248 1252 1270 1272 1302 1317 1320 1329 1336 1341 1347 1349 1350 1353 1355 1370 1412 1494 1495 1497 1515 1516 1517 1520 1521 1523 1525 1540 1546 1550 1551 1553 1561 1613 1620 1621 1656 1661 1699 1705 1712 1715 1736 1747 1837 1847 1850 1884 1890 1895 1896 1923 1939 1945 1950 1953 1957 1958 1985 1992 1993 1994 1997 2004 2035 2040 2041 2042 2043 2044 2045 2046 2047 2048 2057 2058 2066 2067 2068 2069 2071 2072 2083 2084 2086 2087 2127 2132 2133 2134 2135 2136 2137 2138 2139 2144 2145 2146 2147 2148 2149 2150 2151 2152 2153 2154 2155 2156 2157 2158 2159 2160 2161 2162 2163 2164 2171 2179 2180 2181 2182 2208 2218 2219 2220 2221 2227 2228 2238 2239 2243 2244 2248 2249 2254 2255 2256 2258 2266 2272 2273 2275 2276 2280 2281 2282 2283 2284 2285 2286 2287 2288 2289 2290 2291 2292 2293 2294 2295 2296 2297 2298 2299 2300 2301 2302 2303 2304 2305 2306 2307 2308 2309 2310 2311 2312 2313 2314 2315 2316 2317 2318 2319 2320 2321 2322 2323 2324 2325 2326 2327 2328 2329 2330 2331 2332 2333 2334 2335 2336 2337 2338 2339 2340 2341 2342 2343 2344 2345 2346 2347 2348 2349 2350 2351 2352 2353 2354 2355 2359 2360 2361 2362 2364 2365 2366 2369 2370 2377 2378 2379 2380 2381 2382 2387 2388 2389 2390 2391 2416 2420 2421 2428 2434 2437 2445 2446 2449 2454 2455 2466 2467 2468 2469 2470 2471 2472 2475 2488 2492 2494 2495 2500 2502 2503 2504 2505 2506 2507 2508 2509 2510 2511 2512 2513 2528 2529 2530 2531 2532 2533 2534 2535 2536 2537 2548 2567 2568 2571
1712 1712
160 6 15 20 25 31 43 49 51 58 60 62 67 69 70 73 79 80 81 82 83 84 85 88 90 93 94 95 96 101 104 107 109 110 124 126 128 129 130 131 132 133 137 141 142 143 144 154 155 156 160 161 162 167 178 179 189 190 207 208 209 210 211 226 228 229 230 231 235 236 257 259 260 269 286 287 288 290 292 293 295 299 301 302 306 320 351 358 361 375 376 377 378 388 389 393 402 456 458 464 465 466 467 469 471 480 486 487 494 497 514 520 524 526 530 535 536 538 539 541 547 550 551 552 553 573 581 599 603 605 606 613 615 619 621 625 626 627 628 632 639 646 648 669 673 684 687 704 718 720 721 732 740 745 746 747 748 749 752 756 1118 1247 1248 1252 1270 1272 1302 1317 1320 1329 1336 1341 1347 1349 1350 1353 1355 1370 1412 1494 1495 1497 1515 1516 1517 1520 1521 1523 1525 1540 1546 1550 1551 1553 1561 1613 1620 1621 1656 1661 1699 1705 1712 1715 1736 1747 1837 1847 1850 1884 1890 1895 1896 1923 1939 1945 1950 1953 1957 1958 1985 1992 1993 1994 1997 2004 2035 2040 2041 2042 2043 2044 2045 2046 2047 2048 2057 2058 2066 2067 2068 2069 2071 2072 2083 2084 2086 2087 2127 2132 2133 2134 2135 2136 2137 2138 2139 2144 2145 2146 2147 2148 2149 2150 2151 2152 2153 2154 2155 2156 2157 2158 2159 2160 2161 2162 2163 2164 2171 2179 2180 2181 2182 2208 2218 2219 2220 2221 2227 2228 2238 2239 2243 2244 2248 2249 2254 2255 2256 2258 2266 2272 2273 2275 2276 2280 2281 2282 2283 2284 2285 2286 2287 2288 2289 2290 2291 2292 2293 2294 2295 2296 2297 2298 2299 2300 2301 2302 2303 2304 2305 2306 2307 2308 2309 2310 2311 2312 2313 2314 2315 2316 2317 2318 2319 2320 2321 2322 2323 2324 2325 2326 2327 2328 2329 2330 2331 2332 2333 2334 2335 2336 2337 2338 2339 2340 2341 2342 2343 2344 2345 2346 2347 2348 2349 2350 2351 2352 2353 2354 2355 2359 2360 2361 2362 2364 2365 2366 2369 2370 2377 2378 2379 2380 2381 2382 2387 2388 2389 2390 2391 2416 2420 2421 2428 2434 2437 2445 2446 2449 2454 2455 2466 2467 2468 2469 2470 2471 2472 2475 2488 2492 2494 2495 2500 2502 2503 2504 2505 2506 2507 2508 2509 2510 2511 2512 2513 2528 2529 2530 2531 2532 2533 2534 2535 2536 2537 2548 2567 2568 2571
286 286
539 539
210 210
2454 2454
2488 2488
745 745
135 135
2056 2056
2059 2059
2060 2060
2061 2061
2062 2062
2063 2063
604 604
2064 2064
2065 2065
138 138
140 140
139 139
126 126
2066 2066
2067 2067
2068 2068
2069 2069
1248 1248
1515 1515
2070 2070
2024 2024
2071 2071
2072 2072
320 320
235 235
142 142
143 143
178 178
225 6 15 20 25 31 43 49 51 58 60 67 69 73 79 80 81 82 83 84 85 88 90 93 94 95 96 101 104 107 109 124 126 128 129 130 131 132 137 141 142 143 144 154 155 156 178 179 189 190 207 208 209 211 225 226 228 229 230 231 235 236 257 260 269 287 288 290 292 293 295 299 301 302 306 320 351 358 375 376 377 378 388 389 402 456 458 464 465 466 467 469 471 480 486 487 494 497 514 520 524 526 530 535 536 538 541 547 550 551 552 553 573 581 599 603 605 606 613 615 619 621 625 626 627 628 639 646 648 669 673 684 687 704 718 720 721 732 740 746 747 748 749 752 1118 1247 1248 1252 1270 1272 1302 1317 1329 1336 1341 1347 1349 1350 1353 1355 1370 1412 1494 1495 1515 1516 1517 1520 1521 1523 1525 1540 1550 1551 1553 1561 1613 1620 1621 1656 1661 1699 1705 1712 1715 1736 1747 1837 1847 1850 1884 1890 1895 1896 1923 1939 1945 1950 1957 1958 1985 1992 1993 1994 1997 2004 2035 2040 2041 2042 2043 2044 2045 2046 2047 2048 2057 2058 2066 2067 2068 2069 2071 2072 2083 2084 2086 2087 2127 2132 2133 2134 2135 2136 2137 2138 2139 2142 2143 2144 2145 2146 2147 2148 2149 2150 2151 2152 2153 2154 2155 2156 2157 2158 2159 2160 2161 2162 2163 2164 2171 2179 2180 2181 2182 2208 2218 2219 2220 2221 2238 2239 2248 2249 2254 2255 2256 2258 2266 2272 2273 2280 2281 2282 2283 2284 2285 2286 2287 2288 2289 2290 2291 2292 2293 2294 2295 2296 2297 2298 2299 2300 2301 2302 2303 2304 2305 2306 2307 2308 2309 2310 2311 2312 2313 2314 2315 2316 2317 2318 2319 2320 2321 2322 2323 2324 2325 2326 2327 2328 2329 2330 2331 2332 2333 2334 2335 2336 2337 2338 2339 2340 2341 2342 2343 2344 2345 2346 2347 2348 2349 2350 2351 2352 2353 2354 2359 2360 2361 2362 2364 2365 2366 2369 2370 2377 2378 2379 2380 2381 2382 2387 2388 2389 2390 2391 2416 2420 2421 2428 2434 2437 2445 2446 2449 2455 2466 2467 2468 2469 2470 2471 2472 2475 2492 2494 2495 2500 2502 2503 2504 2505 2506 2507 2508 2509 2510 2511 2512 2513 2529 2530 2531 2532 2533 2534 2535 2536 2537 2548 2567 2568 2571
179 179
1837 1837
748 748
2142 6 15 20 25 31 43 49 51 58 60 67 69 73 79 80 81 82 83 84 85 88 90 93 94 95 96 101 104 107 109 124 126 128 129 130 131 132 137 141 142 143 144 154 155 156 178 179 189 190 207 208 209 211 225 226 228 229 230 231 235 236 257 260 269 287 288 290 292 293 295 299 301 302 306 320 351 358 375 376 377 378 388 389 402 456 458 464 465 466 467 469 471 480 486 487 494 497 514 520 524 526 530 535 536 538 541 547 550 551 552 553 573 581 599 603 605 606 613 615 619 621 625 626 627 628 639 646 648 669 673 684 687 704 718 720 721 732 740 746 747 748 749 752 1118 1247 1248 1252 1270 1272 1302 1317 1329 1336 1341 1347 1349 1350 1353 1355 1370 1412 1494 1495 1515 1516 1517 1520 1521 1523 1525 1540 1550 1551 1553 1561 1613 1620 1621 1656 1661 1699 1705 1712 1715 1736 1747 1837 1847 1850 1884 1890 1895 1896 1923 1939 1945 1950 1957 1958 1985 1992 1993 1994 1997 2004 2035 2040 2041 2042 2043 2044 2045 2046 2047 2048 2057 2058 2066 2067 2068 2069 2071 2072 2083 2084 2086 2087 2127 2132 2133 2134 2135 2136 2137 2138 2139 2142 2143 2144 2145 2146 2147 2148 2149 2150 2151 2152 2153 2154 2155 2156 2157 2158 2159 2160 2161 2162 2163 2164 2171 2179 2180 2181 2182 2208 2218 2219 2220 2221 2238 2239 2248 2249 2254 2255 2256 2258 2266 2272 2273 2280 2281 2282 2283 2284 2285 2286 2287 2288 2289 2290 2291 2292 2293 2294 2295 2296 2297 2298 2299 2300 2301 2302 2303 2304 2305 2306 2307 2308 2309 2310 2311 2312 2313 2314 2315 2316 2317 2318 2319 2320 2321 2322 2323 2324 2325 2326 2327 2328 2329 2330 2331 2332 2333 2334 2335 2336 2337 2338 2339 2340 2341 2342 2343 2344 2345 2346 2347 2348 2349 2350 2351 2352 2353 2354 2359 2360 2361 2362 2364 2365 2366 2369 2370 2377 2378 2379 2380 2381 2382 2387 2388 2389 2390 2391 2416 2420 2421 2428 2434 2437 2445 2446 2449 2455 2466 2467 2468 2469 2470 2471 2472 2475 2492 2494 2495 2500 2502 2503 2504 2505 2506 2507 2508 2509 2510 2511 2512 2513 2529 2530 2531 2532 2533 2534 2535 2536 2537 2548 2567 2568 2571
2143 6 15 20 25 31 43 49 51 58 60 67 69 73 79 80 81 82 83 84 85 88 90 93 94 95 96 101 104 107 109 124 126 128 129 130 131 132 137 141 142 143 144 154 155 156 178 179 189 190 207 208 209 211 225 226 228 229 230 231 235 236 257 260 269 287 288 290 292 293 295 299 301 302 306 320 351 358 375 376 377 378 388 389 402 456 458 464 465 466 467 469 471 480 486 487 494 497 514 520 524 526 530 535 536 538 541 547 550 551 552 553 573 581 599 603 605 606 613 615 619 621 625 626 627 628 639 646 648 669 673 684 687 704 718 720 721 732 740 746 747 748 749 752 1118 1247 1248 1252 1270 1272 1302 1317 1329 1336 1341 1347 1349 1350 1353 1355 1370 1412 1494 1495 1515 1516 1517 1520 1521 1523 1525 1540 1550 1551 1553 1561 1613 1620 1621 1656 1661 1699 1705 1712 1715 1736 1747 1837 1847 1850 1884 1890 1895 1896 1923 1939 1945 1950 1957 1958 1985 1992 1993 1994 1997 2004 2035 2040 2041 2042 2043 2044 2045 2046 2047 2048 2057 2058 2066 2067 2068 2069 2071 2072 2083 2084 2086 2087 2127 2132 2133 2134 2135 2136 2137 2138 2139 2142 2143 2144 2145 2146 2147 2148 2149 2150 2151 2152 2153 2154 2155 2156 2157 2158 2159 2160 2161 2162 2163 2164 2171 2179 2180 2181 2182 2208 2218 2219 2220 2221 2238 2239 2248 2249 2254 2255 2256 2258 2266 2272 2273 2280 2281 2282 2283 2284 2285 2286 2287 2288 2289 2290 2291 2292 2293 2294 2295 2296 2297 2298 2299 2300 2301 2302 2303 2304 2305 2306 2307 2308 2309 2310 2311 2312 2313 2314 2315 2316 2317 2318 2319 2320 2321 2322 2323 2324 2325 2326 2327 2328 2329 2330 2331 2332 2333 2334 2335 2336 2337 2338 2339 2340 2341 2342 2343 2344 2345 2346 2347 2348 2349 2350 2351 2352 2353 2354 2359 2360 2361 2362 2364 2365 2366 2369 2370 2377 2378 2379 2380 2381 2382 2387 2388 2389 2390 2391 2416 2420 2421 2428 2434 2437 2445 2446 2449 2455 2466 2467 2468 2469 2470 2471 2472 2475 2492 2494 2495 2500 2502 2503 2504 2505 2506 2507 2508 2509 2510 2511 2512 2513 2529 2530 2531 2532 2533 2534 2535 2536 2537 2548 2567 2568 2571
2511 2511
2512 2512
145 145
2073 2073
2074 2074
149 6 20 31 49 60 67 69 79 81 82 83 84 85 90 93 95 96 104 137 149 150 151 152 153 154 155 156 189 190 207 209 226 230 231 235 257 269 287 288 292 293 295 301 358 376 377 378 456 497 514 541 547 573 581 599 603 605 613 614 621 625 627 673 687 747 748 1118 1270 1302 1336 1341 1370 1495 1516 1521 1613 1620 1621 1736 1895 1923 1945 1957 1992 2041 2048 2072 2077 2079 2081 2083 2086 2087 2127 2132 2133 2134 2135 2157 2158 2160 2164 2180 2182 2218 2254 2272 2377 2378 2379 2387 2391 2466 2471 2505 2506 2507 2508 2510 2511 2512
2075 2075
2076 2076
2077 2077
2078 2078
153 151 152 153
614 614
2079 2079
2080 2080
2081 2081
150 150
151 6 15 20 25 31 43 49 51 58 60 67 69 73 79 80 81 82 83 84 85 88 90 93 94 95 96 101 104 107 109 124 126 128 129 130 131 132 137 141 142 143 144 149 150 151 152 153 154 155 156 178 179 189 190 207 208 209 211 226 228 229 230 231 235 236 257 260 269 287 288 290 292 293 295 299 301 302 306 320 351 358 375 376 377 378 388 389 402 456 458 464 465 466 467 469 471 480 486 487 494 497 514 520 524 526 530 535 536 538 541 547 550 551 552 553 573 581 599 603 605 606 613 614 615 619 621 625 626 627 628 639 646 648 669 673 684 687 704 718 720 721 732 740 746 747 748 749 752 1118 1247 1248 1252 1270 1272 1302 1317 1329 1336 1341 1347 1349 1350 1353 1355 1370 1412 1494 1495 1515 1516 1517 1520 1521 1523 1525 1540 1550 1551 1553 1561 1613 1620 1621 1656 1661 1699 1704 1705 1712 1715 1736 1747 1837 1847 1850 1884 1890 1895 1896 1923 1939 1945 1950 1957 1958 1985 1992 1993 1994 1997 2004 2035 2040 2041 2042 2043 2044 2045 2046 2047 2048 2057 2058 2066 2067 2068 2069 2071 2072 2075 2076 2077 2078 2079 2080 2081 2082 2083 2084 2085 2086 2087 2127 2132 2133 2134 2135 2136 2137 2138 2139 2144 2145 2146 2147 2148 2149 2150 2151 2152 2153 2154 2155 2156 2157 2158 2159 2160 2161 2162 2163 2164 2171 2179 2180 2181 2182 2208 2218 2219 2220 2221 2238 2239 2248 2249 2254 2255 2256 2258 2266 2272 2273 2280 2281 2282 2283 2284 2285 2286 2287 2288 2289 2290 2291 2292 2293 2294 2295 2296 2297 2298 2299 2300 2301 2302 2303 2304 2305 2306 2307 2308 2309 2310 2311 2312 2313 2314 2315 2316 2317 2318 2319 2320 2321 2322 2323 2324 2325 2326 2327 2328 2329 2330 2331 2332 2333 2334 2335 2336 2337 2338 2339 2340 2341 2342 2343 2344 2345 2346 2347 2348 2349 2350 2351 2352 2353 2354 2359 2360 2361 2362 2364 2365 2366 2369 2370 2377 2378 2379 2380 2381 2382 2387 2388 2389 2390 2391 2416 2420 2421 2428 2434 2437 2445 2446 2449 2455 2466 2467 2468 2469 2470 2471 2472 2475 2492 2494 2495 2500 2502 2503 2504 2505 2506 2507 2508 2509 2510 2511 2512 2513 2529 2530 2531 2532 2533 2534 2535 2536 2537 2548 2567 2568 2571
2082 2082
152 151 152 153
2085 2085
1704 1704
155 155
2084 2084
294 6 15 20 25 31 43 49 51 58 60 67 69 73 79 80 81 82 83 84 85 88 90 93 94 95 96 101 104 107 109 124 126 128 129 130 131 132 137 141 142 143 144 154 155 156 178 179 189 190 207 208 209 211 226 228 229 230 231 235 236 257 260 269 287 288 290 292 293 294 295 299 301 302 306 320 351 358 375 376 377 378 388 389 402 456 458 464 465 466 467 469 471 480 486 487 494 497 514 520 524 526 530 535 536 538 541 547 550 551 552 553 573 581 599 603 605 606 613 615 619 621 625 626 627 628 639 646 648 669 673 684 686 687 704 718 720 721 732 740 746 747 748 749 752 1118 1247 1248 1252 1270 1272 1302 1317 1329 1336 1341 1347 1349 1350 1353 1355 1370 1412 1457 1494 1495 1515 1516 1517 1520 1521 1523 1525 1540 1550 1551 1553 1561 1613 1620 1621 1640 1656 1661 1699 1705 1712 1715 1736 1747 1837 1847 1850 1884 1890 1895 1896 1923 1939 1945 1950 1957 1958 1985 1992 1993 1994 1997 2004 2035 2040 2041 2042 2043 2044 2045 2046 2047 2048 2057 2058 2066 2067 2068 2069 2071 2072 2083 2084 2086 2087 2127 2132 2133 2134 2135 2136 2137 2138 2139 2144 2145 2146 2147 2148 2149 2150 2151 2152 2153 2154 2155 2156 2157 2158 2159 2160 2161 2162 2163 2164 2171 2179 2180 2181 2182 2208 2218 2219 2220 2221 2238 2239 2248 2249 2254 2255 2256 2258 2266 2272 2273 2280 2281 2282 2283 2284 2285 2286 2287 2288 2289 2290 2291 2292 2293 2294 2295 2296 2297 2298 2299 2300 2301 2302 2303 2304 2305 2306 2307 2308 2309 2310 2311 2312 2313 2314 2315 2316 2317 2318 2319 2320 2321 2322 2323 2324 2325 2326 2327 2328 2329 2330 2331 2332 2333 2334 2335 2336 2337 2338 2339 2340 2341 2342 2343 2344 2345 2346 2347 2348 2349 2350 2351 2352 2353 2354 2359 2360 2361 2362 2364 2365 2366 2369 2370 2377 2378 2379 2380 2381 2382 2387 2388 2389 2390 2391 2416 2420 2421 2428 2434 2437 2445 2446 2449 2450 2451 2452 2455 2466 2467 2468 2469 2470 2471 2472 2475 2492 2494 2495 2500 2502 2503 2504 2505 2506 2507 2508 2509 2510 2511 2512 2513 2529 2530 2531 2532 2533 2534 2535 2536 2537 2548 2567 2568 2571
625 625
172 172
266 266
2569 2569
2086 2086
1350 1350
81 81
207 207
1336 1336
181 181
180 180
2088 2088
2089 2089
2090 2090
2091 2091
2093 2093
2094 2094
2095 2095
2096 2096
2097 2097
2098 2098
2099 2099
2100 2100
2101 2101
2246 2246
2217 2217
2103 2103
2104 2104
2105 2105
2106 2106
2107 2107
2108 2108
2109 2109
2110 2110
2111 2111
2112 2112
2113 2113
2114 2114
2115 2115
2116 2116
2117 2117
195 6 20 31 49 60 67 69 79 81 82 83 84 85 90 93 95 96 104 137 154 155 156 189 190 195 207 209 226 229 231 235 257 269 287 288 292 293 295 296 301 358 376 377 378 456 471 497 514 541 547 573 581 599 603 605 613 621 625 627 673 687 747 748 1118 1270 1302 1336 1341 1370 1495 1516 1521 1613 1620 1621 1656 1736 1895 1923 1945 1957 1992 2041 2048 2072 2086 2087 2124 2125 2132 2133 2134 2135 2157 2158 2160 2164 2180 2182 2218 2254 2272 2377 2378 2379 2387 2391 2466 2471 2505 2506 2507 2508 2510 2511 2512 2548
196 11 12 183 185 194 196 210 248 364 496 2007 2092 2117 2118 2119 2120 2121 2122 2580
2118 2118
2119 2119
2120 2120
2121 2121
2122 2122
2007 2007
194 194 196
296 6 15 20 25 31 43 49 51 58 60 67 69 73 79 80 81 82 83 84 85 88 90 93 94 95 96 101 104 107 109 124 126 128 129 130 131 132 137 141 142 143 144 154 155 156 178 179 189 190 195 207 208 209 211 226 228 229 230 231 235 236 257 260 269 287 288 290 292 293 295 296 299 301 302 306 320 351 358 375 376 377 378 388 389 402 456 458 464 465 466 467 469 471 480 486 487 494 497 500 514 520 524 526 530 535 536 538 541 547 550 551 552 553 573 581 599 603 605 606 613 615 619 621 625 626 627 628 639 646 648 669 673 684 687 704 718 720 721 732 740 746 747 748 749 752 1118 1247 1248 1252 1270 1272 1302 1317 1329 1336 1341 1347 1349 1350 1353 1355 1370 1412 1494 1495 1515 1516 1517 1520 1521 1523 1525 1540 1550 1551 1553 1561 1613 1620 1621 1656 1661 1699 1705 1712 1715 1736 1747 1837 1847 1850 1884 1890 1895 1896 1923 1939 1945 1950 1957 1958 1985 1992 1993 1994 1997 2004 2035 2040 2041 2042 2043 2044 2045 2046 2047 2048 2057 2058 2066 2067 2068 2069 2071 2072 2083 2084 2086 2087 2123 2124 2125 2126 2127 2132 2133 2134 2135 2136 2137 2138 2139 2144 2145 2146 2147 2148 2149 2150 2151 2152 2153 2154 2155 2156 2157 2158 2159 2160 2161 2162 2163 2164 2171 2179 2180 2181 2182 2208 2218 2219 2220 2221 2238 2239 2248 2249 2254 2255 2256 2258 2266 2272 2273 2280 2281 2282 2283 2284 2285 2286 2287 2288 2289 2290 2291 2292 2293 2294 2295 2296 2297 2298 2299 2300 2301 2302 2303 2304 2305 2306 2307 2308 2309 2310 2311 2312 2313 2314 2315 2316 2317 2318 2319 2320 2321 2322 2323 2324 2325 2326 2327 2328 2329 2330 2331 2332 2333 2334 2335 2336 2337 2338 2339 2340 2341 2342 2343 2344 2345 2346 2347 2348 2349 2350 2351 2352 2353 2354 2359 2360 2361 2362 2364 2365 2366 2369 2370 2377 2378 2379 2380 2381 2382 2387 2388 2389 2390 2391 2416 2420 2421 2428 2434 2437 2445 2446 2449 2455 2466 2467 2468 2469 2470 2471 2472 2475 2492 2494 2495 2500 2502 2503 2504 2505 2506 2507 2508 2509 2510 2511 2512 2513 2529 2530 2531 2532 2533 2534 2535 2536 2537 2548 2567 2568 2571
2123 2123
358 358
500 6 15 20 25 31 43 49 51 58 60 67 69 73 79 80 81 82 83 84 85 88 90 93 94 95 96 101 104 107 109 124 126 128 129 130 131 132 137 141 142 143 144 154 155 156 178 179 189 190 195 207 208 209 211 226 228 229 230 231 235 236 257 260 269 287 288 290 292 293 295 296 299 301 302 306 320 351 358 375 376 377 378 388 389 402 456 458 464 465 466 467 469 471 480 486 487 494 497 500 514 520 524 526 530 535 536 538 541 547 550 551 552 553 573 581 599 603 605 606 613 615 619 621 625 626 627 628 639 646 648 669 673 684 687 704 718 720 721 732 740 746 747 748 749 752 1118 1247 1248 1252 1270 1272 1302 1317 1329 1336 1341 1347 1349 1350 1353 1355 1370 1412 1494 1495 1515 1516 1517 1520 1521 1523 1525 1540 1550 1551 1553 1561 1613 1620 1621 1656 1661 1699 1705 1712 1715 1736 1747 1837 1847 1850 1884 1890 1895 1896 1923 1939 1945 1950 1957 1958 1985 1992 1993 1994 1997 2004 2035 2040 2041 2042 2043 2044 2045 2046 2047 2048 2057 2058 2066 2067 2068 2069 2071 2072 2083 2084 2086 2087 2123 2124 2125 2126 2127 2132 2133 2134 2135 2136 2137 2138 2139 2144 2145 2146 2147 2148 2149 2150 2151 2152 2153 2154 2155 2156 2157 2158 2159 2160 2161 2162 2163 2164 2171 2179 2180 2181 2182 2208 2218 2219 2220 2221 2238 2239 2248 2249 2254 2255 2256 2258 2266 2272 2273 2280 2281 2282 2283 2284 2285 2286 2287 2288 2289 2290 2291 2292 2293 2294 2295 2296 2297 2298 2299 2300 2301 2302 2303 2304 2305 2306 2307 2308 2309 2310 2311 2312 2313 2314 2315 2316 2317 2318 2319 2320 2321 2322 2323 2324 2325 2326 2327 2328 2329 2330 2331 2332 2333 2334 2335 2336 2337 2338 2339 2340 2341 2342 2343 2344 2345 2346 2347 2348 2349 2350 2351 2352 2353 2354 2359 2360 2361 2362 2364 2365 2366 2369 2370 2377 2378 2379 2380 2381 2382 2387 2388 2389 2390 2391 2416 2420 2421 2428 2434 2437 2445 2446 2449 2455 2466 2467 2468 2469 2470 2471 2472 2475 2492 2494 2495 2500 2502 2503 2504 2505 2506 2507 2508 2509 2510 2511 2512 2513 2529 2530 2531 2532 2533 2534 2535 2536 2537 2548 2567 2568 2571
2124 6 20 31 49 60 67 69 79 81 82 83 84 85 90 93 95 96 104 137 154 155 156 189 190 195 207 209 226 229 231 235 257 269 287 288 292 293 295 296 301 358 376 377 378 456 471 497 514 541 547 573 581 599 603 605 613 621 625 627 673 687 747 748 1118 1270 1302 1336 1341 1370 1495 1516 1521 1613 1620 1621 1656 1736 1895 1923 1945 1957 1992 2041 2048 2072 2086 2087 2124 2125 2132 2133 2134 2135 2157 2158 2160 2164 2180 2182 2218 2254 2272 2377 2378 2379 2387 2391 2466 2471 2505 2506 2507 2508 2510 2511 2512 2548
2125 6 20 31 49 60 67 69 79 81 82 83 84 85 90 93 95 96 104 137 154 155 156 189 190 195 207 209 226 229 231 235 257 269 287 288 292 293 295 296 301 358 376 377 378 456 471 497 514 541 547 573 581 599 603 605 613 621 625 627 673 687 747 748 1118 1270 1302 1336 1341 1370 1495 1516 1521 1613 1620 1621 1656 1736 1895 1923 1945 1957 1992 2041 2048 2072 2086 2087 2124 2125 2132 2133 2134 2135 2157 2158 2160 2164 2180 2182 2218 2254 2272 2377 2378 2379 2387 2391 2466 2471 2505 2506 2507 2508 2510 2511 2512 2548
2126 2126
2127 2127
496 496
2580 2580
364 364
295 295
486 486
487 487
228 228
199 199
2128 2128
1685 1685
2129 2129
2130 2130
2131 2131
208 208
467 467
1347 1347
375 375
541 541
1553 1553
2136 2136
2137 2137
2138 2138
2139 2139
1353 1353
1370 1370
211 211
1985 1985
2220 2220
378 378
2221 2221
2272 2272
156 156
2471 2471
2472 2472
1992 1992
2434 2434
2140 2140
212 212
2141 2141
213 213
214 214
216 216
217 217
218 218
1706 1706
460 460
2438 2438
2439 2439
223 223
224 224
2144 2144
2145 2145
2146 2146
2147 2147
2148 2148
2149 2149
2150 2150
2151 2151
2152 2152
2153 2153
2154 2154
581 581
288 288
2155 2155
606 606
1302 1302
2537 2537
2156 2156
233 233
234 234
301 301
2157 2157
1923 1923
2158 2158
2159 2159
2160 2160
2161 2161
2162 2162
190 190
2416 2416
2503 2503
1613 1613
2567 2567
1699 1699
2163 2163
2164 2164
236 236
2165 2165
2166 2166
2167 2167
238 238
2168 2168
2169 2169
255 255
2170 2170
2171 2171
2172 2172
580 580
608 608
609 609
2173 2173
1929 1929
2498 2498
167 167
393 393
2174 2174
2175 2175
2176 2176
265 265
2460 2460
1851 1851
2177 2177
23 23
2178 2178
398 398
2179 2179
2180 2180
621 621
62 62
259 259
1546 1546
2227 2227
162 162
2228 2228
2181 2181
388 388
293 293
2182 2182
746 746
1270 1270
1620 1620
1621 1621
2449 2449
1457 6 15 20 25 31 43 49 51 58 60 67 69 73 79 80 81 82 83 84 85 88 90 93 94 95 96 101 104 107 109 124 126 128 129 130 131 132 137 141 142 143 144 154 155 156 178 179 189 190 207 208 209 211 226 228 229 230 231 235 236 257 260 269 287 288 290 292 293 294 295 299 301 302 306 320 351 358 375 376 377 378 388 389 402 456 458 464 465 466 467 469 471 480 486 487 494 497 514 520 524 526 530 535 536 538 541 547 550 551 552 553 573 581 599 603 605 606 613 615 619 621 625 626 627 628 639 646 648 669 673 684 686 687 704 718 720 721 732 740 746 747 748 749 752 1118 1247 1248 1252 1270 1272 1302 1317 1329 1336 1341 1347 1349 1350 1353 1355 1370 1412 1457 1494 1495 1515 1516 1517 1520 1521 1523 1525 1540 1550 1551 1553 1561 1613 1620 1621 1640 1656 1661 1699 1705 1712 1715 1736 1747 1837 1847 1850 1884 1890 1895 1896 1923 1939 1945 1950 1957 1958 1985 1992 1993 1994 1997 2004 2035 2040 2041 2042 2043 2044 2045 2046 2047 2048 2057 2058 2066 2067 2068 2069 2071 2072 2083 2084 2086 2087 2127 2132 2133 2134 2135 2136 2137 2138 2139 2144 2145 2146 2147 2148 2149 2150 2151 2152 2153 2154 2155 2156 2157 2158 2159 2160 2161 2162 2163 2164 2171 2179 2180 2181 2182 2208 2218 2219 2220 2221 2238 2239 2248 2249 2254 2255 2256 2258 2266 2272 2273 2280 2281 2282 2283 2284 2285 2286 2287 2288 2289 2290 2291 2292 2293 2294 2295 2296 2297 2298 2299 2300 2301 2302 2303 2304 2305 2306 2307 2308 2309 2310 2311 2312 2313 2314 2315 2316 2317 2318 2319 2320 2321 2322 2323 2324 2325 2326 2327 2328 2329 2330 2331 2332 2333 2334 2335 2336 2337 2338 2339 2340 2341 2342 2343 2344 2345 2346 2347 2348 2349 2350 2351 2352 2353 2354 2359 2360 2361 2362 2364 2365 2366 2369 2370 2377 2378 2379 2380 2381 2382 2387 2388 2389 2390 2391 2416 2420 2421 2428 2434 2437 2445 2446 2449 2450 2451 2452 2455 2466 2467 2468 2469 2470 2471 2472 2475 2492 2494 2495 2500 2502 2503 2504 2505 2506 2507 2508 2509 2510 2511 2512 2513 2529 2530 2531 2532 2533 2534 2535 2536 2537 2548 2567 2568 2571
686 6 15 20 25 31 43 49 51 58 60 67 69 73 79 80 81 82 83 84 85 88 90 93 94 95 96 101 104 107 109 124 126 128 129 130 131 132 137 141 142 143 144 154 155 156 178 179 189 190 207 208 209 211 226 228 229 230 231 235 236 257 260 269 287 288 290 292 293 294 295 299 301 302 306 320 351 358 375 376 377 378 388 389 402 456 458 464 465 466 467 469 471 480 486 487 494 497 514 520 524 526 530 535 536 538 541 547 550 551 552 553 573 581 599 603 605 606 613 615 619 621 625 626 627 628 639 646 648 669 673 684 686 687 704 718 720 721 732 740 746 747 748 749 752 1118 1247 1248 1252 1270 1272 1302 1317 1329 1336 1341 1347 1349 1350 1353 1355 1370 1412 1457 1494 1495 1515 1516 1517 1520 1521 1523 1525 1540 1550 1551 1553 1561 1613 1620 1621 1640 1656 1661 1699 1705 1712 1715 1736 1747 1837 1847 1850 1884 1890 1895 1896 1923 1939 1945 1950 1957 1958 1985 1992 1993 1994 1997 2004 2035 2040 2041 2042 2043 2044 2045 2046 2047 2048 2057 2058 2066 2067 2068 2069 2071 2072 2083 2084 2086 2087 2127 2132 2133 2134 2135 2136 2137 2138 2139 2144 2145 2146 2147 2148 2149 2150 2151 2152 2153 2154 2155 2156 2157 2158 2159 2160 2161 2162 2163 2164 2171 2179 2180 2181 2182 2208 2218 2219 2220 2221 2238 2239 2248 2249 2254 2255 2256 2258 2266 2272 2273 2280 2281 2282 2283 2284 2285 2286 2287 2288 2289 2290 2291 2292 2293 2294 2295 2296 2297 2298 2299 2300 2301 2302 2303 2304 2305 2306 2307 2308 2309 2310 2311 2312 2313 2314 2315 2316 2317 2318 2319 2320 2321 2322 2323 2324 2325 2326 2327 2328 2329 2330 2331 2332 2333 2334 2335 2336 2337 2338 2339 2340 2341 2342 2343 2344 2345 2346 2347 2348 2349 2350 2351 2352 2353 2354 2359 2360 2361 2362 2364 2365 2366 2369 2370 2377 2378 2379 2380 2381 2382 2387 2388 2389 2390 2391 2416 2420 2421 2428 2434 2437 2445 2446 2449 2450 2451 2452 2455 2466 2467 2468 2469 2470 2471 2472 2475 2492 2494 2495 2500 2502 2503 2504 2505 2506 2507 2508 2509 2510 2511 2512 2513 2529 2530 2531 2532 2533 2534 2535 2536 2537 2548 2567 2568 2571
2391 2391
2450 2450
2451 2451
1640 1640
2452 2452
231 231
2548 2548
2183 2183
2184 2184
2185 2185
2186 2186
2187 2187
2188 2188
2189 2189
2191 2191
610 610
2192 2192
1734 1734
2194 2194
2195 2195
2196 2196
2197 2197
2198 2198
2199 2199
2200 2200
2201 2201
2202 2202
2203 2203
136 136
2204 2204
361 361
161 161
612 612
362 362
363 363
2205 2205
2206 2206
2207 2207
2208 2208
189 189
368 368
1351 1351
1264 1264
1744 1744
2209 2209
371 371
2210 2210
2211 2211
2212 2212
2213 2213
2214 2214
2215 2215
2216 2216
85 85
2428 2428
2222 2222
2223 2223
2224 2224
2225 2225
2277 2277
2275 2275
2276 2276
2355 2355
1497 1497
1953 1953
386 386
2229 2229
2230 2230
2231 2231
387 387
1243 1243
163 163
2232 2232
2233 2233
2234 2234
2235 2235
2236 2236
2237 2237
2238 2238
2239 2239
391 267 390 391 392 1742
267 267 1742
392 392
1742 267 1742
390 390
2240 2240
2241 2241
2242 2242
2243 2243
2244 2244
397 397
2245 2245
455 455
2247 2247
399 399
406 406
413 413
458 458
497 497
1939 1939
462 462
461 461
463 463
1516 1516
2249 2249
2420 2420
684 684
2568 2568
20 20
2250 2250
2251 2251
2252 2252
2253 2253
2254 2254
2255 2255
687 687
469 469
520 520
1715 1715
1118 1118
2257 2257
470 470
174 174
472 472
473 473
622 622
2259 2259
2260 2260
477 477
2261 2261
2448 2448
2549 2549
2262 2262
616 616
2263 2263
2264 2264
2265 2265
617 617
94 94
30 30
2414 2414
715 715
2268 2268
618 618
705 705
2269 2269
2270 2270
517 517
2271 2271
513 513
2515 2515
524 524
2273 2273
619 619
529 529
533 533
536 536
535 535
538 538
632 632
540 540
298 298
1396 1396
2274 2274
2278 2278
2279 2279
543 543
545 545
70 70
2356 2356
2357 2357
555 555
2358 2358
2359 2359
2360 2360
2361 2361
2362 2362
1540 1540
561 561
562 562
2363 2363
237 237
2364 2364
2365 2365
2366 2366
2369 2369
2367 2367
2368 2368
137 137
2387 2387
1705 1705
732 732
2495 2495
1550 1550
1551 1551
2370 2370
2371 2371
623 623
2372 2372
2373 2373
2374 2374
596 596
2375 596 1294 2375 2376 2516 2517
2376 2376
1294 596 1294 2375 2376 2516 2517
2516 596 1294 2375 2376 2516 2517
2517 596 1294 2375 2376 2516 2517
1520 1520
599 599
1993 1993
401 401
2383 2383
601 601
2514 2514
2384 2384
1252 1252
2385 2385
2386 2386
2388 2388
2389 2389
2390 2390
306 306
2396 2396
246 246
514 514
1272 1272
1282 1282
2397 2397
2398 2398
66 66
366 366
1286 1286
1287 1287
2399 2399
2400 2400
2401 2401
2402 2402
1552 1552
629 629
630 630
1293 1293
2403 2403
1295 1295
631 631
1647 1647
1297 1297
1320 1320
2404 2404
506 506
2405 2405
25 25
752 752
2500 2500
1339 1339
2415 2415
1340 1340
75 75
2417 2417
720 720
1494 1494
639 639
2418 2418
1346 1346
2419 2419
2421 2421
1747 1747
1349 1349
1359 1359
2422 2422
2423 2423
2424 2424
1484 1484
1485 1485
2425 2425
2426 2426
1486 1486
1487 1487
315 315
2427 2427
1870 1870
1512 1512
1513 1513
1514 1514
2429 2429
2430 2430
2431 2431
2432 2432
2433 2433
1355 1355
1412 1412
88 88
669 669
2494 2494
2435 2435
2436 2436
1247 1247
1317 1317
1523 1523
1525 1525
2437 2437
2440 2440
1528 1528
1531 1531
1977 1977
2441 2441
2442 2442
2443 2443
1655 1655
2444 2444
2445 2445
15 15
2446 2446
1615 1615
1927 1927
1617 1617
1931 1931
678 678
2447 2447
1656 1656
229 229
131 131
290 290
551 551
552 552
553 553
1661 1661
165 165
1645 1645
1646 1646
2453 2453
166 166
1648 1648
1649 1649
707 707
1730 1730
1732 1732
1731 1731
316 316
2456 2456
2457 2457
2458 2458
2459 2459
2461 2461
2462 2462
2463 2463
2464 2464
2465 2465
646 646
1850 1850
1884 1884
2466 2466
2467 2467
2468 2468
2469 2469
718 718
2470 2470
2571 2571
526 526
2473 2473
2474 2474
144 144
721 721
722 722
2476 2476
2477 2477
2478 2478
1863 1863
1864 1864
1535 1535
1534 1534
724 724
1871 1871
2479 2479
2480 2480
365 365
2481 2481
1694 1694
2482 2482
2483 2483
2484 2484
1882 1882
1883 1883
2485 2485
2486 2486
2487 2487
712 712
1887 1887
1888 1888
2489 2489
2490 2490
2491 2491
727 727
1890 1890
1896 1896
730 730
1901 1901
1902 1902
1903 1903
1978 1978
2496 2496
2497 2497
2499 2499
1517 1517
1933 1933
1934 1934
147 147
2505 2505
2506 2506
1945 1945
2507 2507
389 389
2509 2509
269 269
1950 1950
2513 2513
2518 2518
2519 2519
753 753
382 382
2520 2520
2521 2521
2523 2523
322 322
2524 2524
2525 2525
2526 2526
2527 2527
230 230
756 756
2528 2528
2529 2529
2530 2530
2531 2531
2532 2532
2533 2533
2534 2534
2535 2535
1958 1958
2536 2536
2538 2538
2539 2539
882 882
2540 2540
2541 2541
2542 2542
2543 2543
1100 1100
1966 1966
704 704
2004 2004
1206 1206
2544 2544
2545 2545
2546 2546
2547 2547
2550 2550
2551 2551
2552 2552
2553 2553
2554 2554
2555 2555
2556 2556
2557 2557
2558 2558
2559 2559
2560 2560
2561 2561
2562 2562
1973 1973
2563 2563
2564 2564
2565 2565
2566 2566
2570 2570
1899 1899
1987 1987
351 351
740 740
1561 1561
1994 1994
2572 2572
2573 2573
2574 2574
1998 1998
1999 1999
1930 1930
2001 2001
2575 2575
2576 2576
2577 2577
239 239
2578 2578
2579 2579
2029 2029
46 46
2581 2581
2582 2582
2583 2583
2584 2584
2585 2585
2015 2015
2587 2587
2588 2588
2589 2589
2590 2590
2591 2591
2592 2592
2021 2021
594 594
2025 2025
2026 2026
2027 2027
