6 6
11 11
12 12 15 134 183 186 499 569 570 1281 1615
15 12 15 134 183 186 499 569 570 1281 1615
18 18
19 19
20 20 638 1295 1296
21 21
22 18 22 23 24 25 26 41 66 69 81 82 83 90 95 104 124 203 207 230 295 298 299 358 366 387 397 398 455 456 464 465 466 467 488 489 506 507 508 512 513 515 516 540 547 548 549 550 551 552 553 555 557 558 581 582 590 603 613 625 677 685 703 746 747 749 1268 1282 1284 1302 1317 1325 1329 1336 1347 1359 1420 1490 1520 1621 1640 1656 1684 1685 1686 1688 1689 1690 1691 1692 1693 1694 1695 1696 1697 1712 1945 1957 1958 2041 2048 2054 2086 2087 2127 2128 2132 2133 2134 2135 2144 2158 2160 2177 2180 2182 2256 2271 2420 2460 2481 2504 2505 2506 2507 2548
23 18 22 23 24 25 26 41 66 69 81 82 83 90 95 104 124 203 207 230 295 298 299 358 366 387 397 398 455 456 464 465 466 467 488 489 506 507 508 512 513 515 516 540 547 548 549 550 551 552 553 555 557 558 581 582 590 603 613 625 677 685 703 746 747 749 1268 1282 1284 1302 1317 1325 1329 1336 1347 1359 1420 1490 1520 1621 1640 1656 1684 1685 1686 1688 1689 1690 1691 1692 1693 1694 1695 1696 1697 1712 1945 1957 1958 2041 2048 2054 2086 2087 2127 2128 2132 2133 2134 2135 2144 2158 2160 2177 2180 2182 2256 2271 2420 2460 2481 2504 2505 2506 2507 2548
25 18 22 23 24 25 26 41 66 69 81 82 83 90 95 104 124 203 207 230 295 298 299 358 366 387 397 398 455 456 464 465 466 467 488 489 506 507 508 512 513 515 516 540 547 548 549 550 551 552 553 555 557 558 581 582 590 603 613 625 677 685 703 746 747 749 1268 1282 1284 1302 1317 1325 1329 1336 1347 1359 1420 1490 1520 1621 1640 1656 1684 1685 1686 1688 1689 1690 1691 1692 1693 1694 1695 1696 1697 1712 1945 1957 1958 2041 2048 2054 2086 2087 2127 2128 2132 2133 2134 2135 2144 2158 2160 2177 2180 2182 2256 2271 2420 2460 2481 2504 2505 2506 2507 2548
30 30 217 228 229 231 295 496 505 550 1286 1537 1541 1656 1706 1712 1957 2048
31 6 13 18 31 37 38 39 41 42 46 50 52 56 66 69 70 81 82 83 90 101 104 109 114 124 135 136 137 143 147 156 163 169 173 178 180 203 207 209 210 230 245 246 255 256 257 264 265 266 268 269 270 278 279 281 283 295 298 299 303 305 307 308 311 313 314 315 324 332 338 339 340 342 350 351 358 365 366 368 375 377 378 382 387 402 456 458 460 464 465 466 467 472 473 493 497 506 507 508 512 513 516 518 521 525 526 528 535 538 543 544 545 547 550 551 552 553 555 557 558 561 565 566 581 582 584 590 594 603 604 606 607 609 612 613 614 615 616 617 618 619 623 625 629 630 631 642 643 644 645 646 647 649 650 651 652 653 654 655 656 657 658 659 660 661 662 663 664 665 666 673 678 681 682 683 685 687 688 689 697 698 701 702 703 704 705 706 707 709 710 712 715 718 720 721 722 727 728 729 730 733 734 735 736 737 738 739 740 741 742 743 744 745 746 747 748 749 752 753 754 755 757 763 769 791 799 812 882 888 892 951 952 1021 1029 1060 1096 1100 1120 1164 1206 1234 1250 1257 1261 1264 1274 1282 1284 1288 1292 1297 1300 1302 1309 1317 1318 1319 1324 1325 1328 1336 1347 1349 1350 1351 1353 1355 1358 1359 1360 1370 1375 1387 1396 1398 1404 1412 1414 1420 1429 1454 1482 1490 1494 1495 1512 1514 1515 1540 1546 1552 1553 1554 1555 1559 1560 1613 1619 1621 1623 1633 1640 1659 1684 1685 1686 1688 1689 1690 1691 1692 1693 1694 1695 1696 1697 1704 1705 1709 1715 1731 1733 1746 1747 1748 1749 1811 1847 1889 1891 1895 1923 1927 1945 1957 1958 1975 1978 1992 2005 2029 2041 2048 2054 2087 2127 2128 2132 2133 2134 2158 2160 2180 2182 2256 2271 2355 2387 2420 2460 2471 2481 2504 2505 2506 2507 2511 2512 2548
34 34
43 43 128 129 1507
46 45 46 610 648 708 711 985 1734 1736
49 36 37 41 49 71
51 29 36 37 41 42 50 51 72 74 89 141 695 876 1836 2072
58 6 27 28 36 37 41 42 50 52 54 55 58 59 62 69 75 76 77 80 81 82 83 90 95 104 117 124 126 134 156 203 207 209 210 230 286 292 295 298 299 351 358 377 378 397 398 455 456 466 506 520 521 524 525 526 540 547 548 549 550 551 552 553 581 582 590 603 613 619 625 670 677 681 683 718 721 729 746 747 749 1248 1250 1251 1268 1278 1282 1284 1288 1302 1319 1324 1329 1334 1336 1359 1370 1420 1490 1515 1520 1546 1621 1622 1623 1656 1659 1709 1712 1736 1747 1836 1838 1850 1884 1945 1957 1958 1992 2005 2041 2048 2054 2066 2083 2086 2087 2127 2132 2133 2134 2135 2144 2158 2160 2180 2182 2218 2219 2254 2256 2272 2377 2378 2379 2420 2466 2475 2500 2504 2505 2506 2507 2548
60 36 37 41 42 50 52 54 55 59 60 62 69 75 76 77 81 82 83 90 95 104 124 134 203 207 209 230 286 295 298 299 358 397 398 455 456 464 465 466 467 506 540 547 548 549 550 551 552 553 581 582 590 603 613 625 639 677 685 729 746 747 749 1268 1282 1284 1288 1302 1324 1329 1336 1341 1347 1359 1420 1490 1520 1546 1621 1656 1712 1836 1945 1957 1958 2041 2048 2054 2086 2087 2127 2132 2133 2134 2144 2158 2160 2180 2182 2256 2420 2504 2505 2506 2507 2548
62 62
66 66
67 6 41 59 62 66 67 68 69 81 82 83 90 95 104 107 108 109 110 111 112 113 124 133 134 135 136 137 141 156 160 161 162 163 164 165 166 167 169 203 207 209 210 230 259 262 286 295 298 299 351 358 366 377 378 393 394 396 397 398 455 456 464 465 466 480 506 524 525 526 530 540 547 548 549 550 551 552 553 581 590 594 603 613 619 625 677 681 683 685 712 718 729 732 745 746 747 749 756 1060 1164 1268 1282 1284 1298 1302 1319 1324 1329 1336 1359 1370 1398 1420 1429 1490 1498 1499 1520 1546 1621 1622 1623 1645 1656 1659 1705 1709 1712 1736 1747 1838 1850 1889 1945 1953 1954 1957 1958 1992 1993 2030 2041 2048 2054 2072 2086 2087 2127 2132 2133 2134 2135 2144 2158 2160 2180 2182 2256 2272 2355 2387 2420 2460 2466 2504 2505 2506 2507 2548
69 69
70 70
73 73
75 75
79 79 84 85 86 88 1965
80 6 27 28 36 37 41 42 50 52 54 55 58 59 62 69 75 76 77 80 81 82 83 90 95 104 117 124 126 134 156 203 207 209 210 230 286 292 295 298 299 351 358 377 378 397 398 455 456 466 506 520 521 524 525 526 540 547 548 549 550 551 552 553 581 582 590 603 613 619 625 670 677 681 683 718 721 729 746 747 749 1248 1250 1251 1268 1278 1282 1284 1288 1302 1319 1324 1329 1334 1336 1359 1370 1420 1490 1515 1520 1546 1621 1622 1623 1656 1659 1709 1712 1736 1747 1836 1838 1850 1884 1945 1957 1958 1992 2005 2041 2048 2054 2066 2083 2086 2087 2127 2132 2133 2134 2135 2144 2158 2160 2180 2182 2218 2219 2254 2256 2272 2377 2378 2379 2420 2466 2475 2500 2504 2505 2506 2507 2548
81 81
82 82
83 83
84 79 84 85 86 88 456 1412 1965 2434
85 79 84 85 86 88 1965
88 79 84 85 86 88 1965 2434
90 90
93 41 66 69 81 82 83 90 92 93 94 97 104 124 143 178 203 209 230 269 295 298 358 366 389 397 398 455 456 458 460 464 465 466 497 506 540 547 548 549 550 551 552 553 603 613 625 677 684 685 746 748 749 1268 1282 1302 1324 1329 1336 1420 1520 1621 1636 1656 1712 1945 1957 1958 2041 2048 2086 2087 2127 2132 2133 2134 2135 2158 2160 2180 2182 2256 2420 2460 2504 2505 2506 2507 2508 2510 2511 2512 2548
94 41 66 69 81 82 83 90 92 93 94 97 104 124 143 178 203 209 230 269 295 298 358 366 389 397 398 455 456 458 460 464 465 466 497 506 540 547 548 549 550 551 552 553 603 613 625 677 684 685 746 748 749 1268 1282 1302 1324 1329 1336 1420 1520 1621 1636 1656 1712 1945 1957 1958 2041 2048 2086 2087 2127 2132 2133 2134 2135 2158 2160 2180 2182 2256 2420 2460 2504 2505 2506 2507 2508 2510 2511 2512 2548
95 95
96 96 287 288 389 456 1957 2048 2181 2504 2505 2506 2507 2508
99 99
100 100 171 172 174 175 176 628 669 750 751 1143 1146 1147 1254 1267 1355 1412 1553 1947 1948 2434 2569
101 101
104 104
107 67 68 69 95 107 111 113 128 129 163 233 235 260 298 529 540 547 548 549 550 551 552 553 1499 1923 2048 2072 2087 2132 2133 2134 2135
109 109
110 6 41 59 62 66 67 68 69 81 82 83 90 95 104 107 108 109 110 111 112 113 124 133 134 135 136 137 141 156 160 161 162 163 164 165 166 167 169 203 207 209 210 230 259 262 286 295 298 299 351 358 366 377 378 393 394 396 397 398 455 456 464 465 466 480 506 524 525 526 530 540 547 548 549 550 551 552 553 581 590 594 603 613 619 625 677 681 683 685 712 718 729 732 745 746 747 749 756 1060 1164 1268 1282 1284 1298 1302 1319 1324 1329 1336 1359 1370 1398 1420 1429 1490 1498 1499 1520 1546 1621 1622 1623 1645 1656 1659 1705 1709 1712 1736 1747 1838 1850 1889 1945 1953 1954 1957 1958 1992 1993 2030 2041 2048 2054 2072 2086 2087 2127 2132 2133 2134 2135 2144 2158 2160 2180 2182 2256 2272 2355 2387 2420 2460 2466 2504 2505 2506 2507 2548
115 115
116 116
124 124
126 6 27 28 36 37 41 42 50 52 54 55 58 59 62 69 75 76 77 80 81 82 83 90 95 104 117 124 126 134 156 203 207 209 210 230 286 292 295 298 299 351 358 377 378 397 398 455 456 466 506 520 521 524 525 526 540 547 548 549 550 551 552 553 581 582 590 603 613 619 625 670 677 681 683 718 721 729 746 747 749 1248 1250 1251 1268 1278 1282 1284 1288 1302 1319 1324 1329 1334 1336 1359 1370 1420 1490 1515 1520 1546 1621 1622 1623 1656 1659 1709 1712 1736 1747 1836 1838 1850 1884 1945 1957 1958 1992 2005 2041 2048 2054 2066 2083 2086 2087 2127 2132 2133 2134 2135 2144 2158 2160 2180 2182 2218 2219 2254 2256 2272 2377 2378 2379 2420 2466 2475 2500 2504 2505 2506 2507 2548
128 128 129
129 128 129 299 581 2144
130 130 131 132 524 547 548 549 550 2087
131 130 131 132 524 547
132 130 131 132 524 547
133 6 41 59 62 66 67 68 69 81 82 83 90 95 104 107 108 109 110 111 112 113 124 133 134 135 136 137 141 156 160 161 162 163 164 165 166 167 169 203 207 209 210 230 259 262 286 295 298 299 351 358 366 377 378 393 394 396 397 398 455 456 464 465 466 480 506 524 525 526 530 540 547 548 549 550 551 552 553 581 590 594 603 613 619 625 677 681 683 685 712 718 729 732 745 746 747 749 756 1060 1164 1268 1282 1284 1298 1302 1319 1324 1329 1336 1359 1370 1398 1420 1429 1490 1498 1499 1520 1546 1621 1622 1623 1645 1656 1659 1705 1709 1712 1736 1747 1838 1850 1889 1945 1953 1954 1957 1958 1992 1993 2030 2041 2048 2054 2072 2086 2087 2127 2132 2133 2134 2135 2144 2158 2160 2180 2182 2256 2272 2355 2387 2420 2460 2466 2504 2505 2506 2507 2548
135 135
136 136
137 137
138 138
139 139
140 140
141 141
142 142
143 143
144 144 178 547 713 714 1837 2087
145 145
147 147
149 6 41 50 66 69 70 81 82 83 90 104 124 143 149 150 151 152 153 155 156 157 178 203 209 210 230 269 295 298 351 358 366 377 378 397 398 455 456 458 460 464 465 466 473 497 506 524 525 526 540 547 548 549 550 551 552 553 603 613 619 625 677 681 683 685 712 718 746 747 748 749 1060 1164 1268 1282 1288 1298 1302 1319 1324 1329 1336 1370 1420 1429 1520 1621 1622 1623 1656 1659 1704 1709 1712 1736 1747 1838 1850 1884 1945 1957 1958 1992 2030 2041 2048 2077 2079 2081 2083 2086 2087 2127 2132 2133 2134 2135 2158 2160 2180 2182 2256 2272 2355 2420 2460 2466 2504 2505 2506 2507 2511 2512 2548
150 6 41 50 66 69 70 81 82 83 90 104 124 143 149 150 151 152 153 155 156 157 178 203 209 210 230 269 295 298 351 358 366 377 378 397 398 455 456 458 460 464 465 466 473 497 506 524 525 526 540 547 548 549 550 551 552 553 603 613 619 625 677 681 683 685 712 718 746 747 748 749 1060 1164 1268 1282 1288 1298 1302 1319 1324 1329 1336 1370 1420 1429 1520 1621 1622 1623 1656 1659 1704 1709 1712 1736 1747 1838 1850 1884 1945 1957 1958 1992 2030 2041 2048 2077 2079 2081 2083 2086 2087 2127 2132 2133 2134 2135 2158 2160 2180 2182 2256 2272 2355 2420 2460 2466 2504 2505 2506 2507 2511 2512 2548
151 6 41 50 66 69 70 81 82 83 90 104 124 143 149 150 151 152 153 155 156 157 178 203 209 210 230 269 295 298 351 358 366 377 378 397 398 455 456 458 460 464 465 466 473 497 506 524 525 526 540 547 548 549 550 551 552 553 603 613 619 625 677 681 683 685 712 718 746 747 748 749 1060 1164 1268 1282 1288 1298 1302 1319 1324 1329 1336 1370 1420 1429 1520 1621 1622 1623 1656 1659 1704 1709 1712 1736 1747 1838 1850 1884 1945 1957 1958 1992 2030 2041 2048 2077 2079 2081 2083 2086 2087 2127 2132 2133 2134 2135 2158 2160 2180 2182 2256 2272 2355 2420 2460 2466 2504 2505 2506 2507 2511 2512 2548
152 6 41 50 66 69 70 81 82 83 90 104 124 143 149 150 151 152 153 155 156 157 178 203 209 210 230 269 295 298 351 358 366 377 378 397 398 455 456 458 460 464 465 466 473 497 506 524 525 526 540 547 548 549 550 551 552 553 603 613 619 625 677 681 683 685 712 718 746 747 748 749 1060 1164 1268 1282 1288 1298 1302 1319 1324 1329 1336 1370 1420 1429 1520 1621 1622 1623 1656 1659 1704 1709 1712 1736 1747 1838 1850 1884 1945 1957 1958 1992 2030 2041 2048 2077 2079 2081 2083 2086 2087 2127 2132 2133 2134 2135 2158 2160 2180 2182 2256 2272 2355 2420 2460 2466 2504 2505 2506 2507 2511 2512 2548
153 6 41 50 66 69 70 81 82 83 90 104 124 143 149 150 151 152 153 155 156 157 178 203 209 210 230 269 295 298 351 358 366 377 378 397 398 455 456 458 460 464 465 466 473 497 506 524 525 526 540 547 548 549 550 551 552 553 603 613 619 625 677 681 683 685 712 718 746 747 748 749 1060 1164 1268 1282 1288 1298 1302 1319 1324 1329 1336 1370 1420 1429 1520 1621 1622 1623 1656 1659 1704 1709 1712 1736 1747 1838 1850 1884 1945 1957 1958 1992 2030 2041 2048 2077 2079 2081 2083 2086 2087 2127 2132 2133 2134 2135 2158 2160 2180 2182 2256 2272 2355 2420 2460 2466 2504 2505 2506 2507 2511 2512 2548
154 154 1247
155 6 41 50 66 69 70 81 82 83 90 104 124 143 149 150 151 152 153 155 156 157 178 203 209 210 230 269 295 298 351 358 366 377 378 397 398 455 456 458 460 464 465 466 473 497 506 524 525 526 540 547 548 549 550 551 552 553 603 613 619 625 677 681 683 685 712 718 746 747 748 749 1060 1164 1268 1282 1288 1298 1302 1319 1324 1329 1336 1370 1420 1429 1520 1621 1622 1623 1656 1659 1704 1709 1712 1736 1747 1838 1850 1884 1945 1957 1958 1992 2030 2041 2048 2077 2079 2081 2083 2086 2087 2127 2132 2133 2134 2135 2158 2160 2180 2182 2256 2272 2355 2420 2460 2466 2504 2505 2506 2507 2511 2512 2548
156 156
160 6 41 59 62 66 67 68 69 81 82 83 90 95 104 107 108 109 110 111 112 113 124 133 134 135 136 137 141 156 160 161 162 163 164 165 166 167 169 203 207 209 210 230 259 262 286 295 298 299 351 358 366 377 378 393 394 396 397 398 455 456 464 465 466 480 506 524 525 526 530 540 547 548 549 550 551 552 553 581 590 594 603 613 619 625 677 681 683 685 712 718 729 732 745 746 747 749 756 1060 1164 1268 1282 1284 1298 1302 1319 1324 1329 1336 1359 1370 1398 1420 1429 1490 1498 1499 1520 1546 1621 1622 1623 1645 1656 1659 1705 1709 1712 1736 1747 1838 1850 1889 1945 1953 1954 1957 1958 1992 1993 2030 2041 2048 2054 2072 2086 2087 2127 2132 2133 2134 2135 2144 2158 2160 2180 2182 2256 2272 2355 2387 2420 2460 2466 2504 2505 2506 2507 2548
161 6 41 59 62 66 67 68 69 81 82 83 90 95 104 107 108 109 110 111 112 113 124 133 134 135 136 137 141 156 160 161 162 163 164 165 166 167 169 203 207 209 210 230 259 262 286 295 298 299 351 358 366 377 378 393 394 396 397 398 455 456 464 465 466 480 506 524 525 526 530 540 547 548 549 550 551 552 553 581 590 594 603 613 619 625 677 681 683 685 712 718 729 732 745 746 747 749 756 1060 1164 1268 1282 1284 1298 1302 1319 1324 1329 1336 1359 1370 1398 1420 1429 1490 1498 1499 1520 1546 1621 1622 1623 1645 1656 1659 1705 1709 1712 1736 1747 1838 1850 1889 1945 1953 1954 1957 1958 1992 1993 2030 2041 2048 2054 2072 2086 2087 2127 2132 2133 2134 2135 2144 2158 2160 2180 2182 2256 2272 2355 2387 2420 2460 2466 2504 2505 2506 2507 2548
162 162 756
163 67 107 111 113 128 129 163 233 235 529 1499
165 6 41 59 62 66 67 68 69 81 82 83 90 95 104 107 108 109 110 111 112 113 124 133 134 135 136 137 141 156 160 161 162 163 164 165 166 167 169 203 207 209 210 230 259 262 286 295 298 299 351 358 366 377 378 393 394 396 397 398 455 456 464 465 466 480 506 524 525 526 530 540 547 548 549 550 551 552 553 581 590 594 603 613 619 625 677 681 683 685 712 718 729 732 745 746 747 749 756 1060 1164 1268 1282 1284 1298 1302 1319 1324 1329 1336 1359 1370 1398 1420 1429 1490 1498 1499 1520 1546 1621 1622 1623 1645 1656 1659 1705 1709 1712 1736 1747 1838 1850 1889 1945 1953 1954 1957 1958 1992 1993 2030 2041 2048 2054 2072 2086 2087 2127 2132 2133 2134 2135 2144 2158 2160 2180 2182 2256 2272 2355 2387 2420 2460 2466 2504 2505 2506 2507 2548
166 166
167 6 41 59 62 66 67 68 69 81 82 83 90 95 104 107 108 109 110 111 112 113 124 133 134 135 136 137 141 156 160 161 162 163 164 165 166 167 169 203 207 209 210 230 259 262 286 295 298 299 351 358 366 377 378 393 394 396 397 398 455 456 464 465 466 480 506 524 525 526 530 540 547 548 549 550 551 552 553 581 590 594 603 613 619 625 677 681 683 685 712 718 729 732 745 746 747 749 756 1060 1164 1268 1282 1284 1298 1302 1319 1324 1329 1336 1359 1370 1398 1420 1429 1490 1498 1499 1520 1546 1621 1622 1623 1645 1656 1659 1705 1709 1712 1736 1747 1838 1850 1889 1945 1953 1954 1957 1958 1992 1993 2030 2041 2048 2054 2072 2086 2087 2127 2132 2133 2134 2135 2144 2158 2160 2180 2182 2256 2272 2355 2387 2420 2460 2466 2504 2505 2506 2507 2548
172 171 172 175 176 2569
174 100 171 172 174 175 176 628 669 750 751 1143 1146 1147 1254 1267 1355 1412 1553 1947 1948 2434 2569
178 178
179 179
180 180
181 181
183 12 15 134 183 186 499 569 570 1281 1615
185 30 36 54 78 185 192 193 217 233 235 298 496 505 529 530 540 550 1286 1541 1844 2072
189 18 41 66 69 81 82 83 90 95 104 124 189 203 207 209 230 236 256 294 295 298 299 358 366 387 397 398 455 456 464 465 466 468 469 488 506 507 508 512 513 515 516 517 540 547 548 549 550 551 552 553 555 557 558 581 582 584 585 590 603 613 625 677 685 687 703 746 747 749 1118 1268 1282 1284 1302 1317 1324 1325 1329 1336 1343 1359 1420 1490 1520 1621 1640 1656 1684 1685 1686 1688 1689 1690 1691 1692 1693 1694 1695 1697 1698 1699 1712 1715 1945 1957 1958 1970 2041 2048 2054 2086 2087 2127 2128 2132 2133 2134 2135 2144 2158 2160 2164 2180 2182 2254 2271 2391 2420 2460 2504 2505 2506 2507 2548
190 188 190 456 625 746 1302 1514 1621 2182
194 194 196 197 198
195 194 195 196 197 198 296 358 397 398 455 500 1299 1300 1420 1520 2124 2125 2127
196 194 196 197 198
199 199
207 207
208 156 208 211 540 541 1412 1553 1736 2434
209 209
210 210
211 156 208 211 540 541 1412 1553 1736 2434
212 212
213 213
214 214
216 216
217 30 217 228 229 231 496 505 1537 1541
218 218
223 223
224 224
226 226
228 30 217 228 229 231 496 505 1286 1537 1541 1656 1957 2048
229 30 217 228 229 231 496 505
230 230
231 30 217 228 229 231 295 496 505 550 1286 1537 1541 1656 1706 1712 1957 2048
233 233 235 529 1923 1924
234 234
235 233 235 298 324 456 529 530 540 547 548 549 550 1302 1923 1924 2072 2180
236 236
237 236 237 406 407 561 562
238 238
239 239
246 246
248 248
255 255
257 257
259 6 41 59 62 66 67 68 69 81 82 83 90 95 104 107 108 109 110 111 112 113 124 133 134 135 136 137 141 156 160 161 162 163 164 165 166 167 169 203 207 209 210 230 259 262 286 295 298 299 351 358 366 377 378 393 394 396 397 398 455 456 464 465 466 480 506 524 525 526 530 540 547 548 549 550 551 552 553 581 590 594 603 613 619 625 677 681 683 685 712 718 729 732 745 746 747 749 756 1060 1164 1268 1282 1284 1298 1302 1319 1324 1329 1336 1359 1370 1398 1420 1429 1490 1498 1499 1520 1546 1621 1622 1623 1645 1656 1659 1705 1709 1712 1736 1747 1838 1850 1889 1945 1953 1954 1957 1958 1992 1993 2030 2041 2048 2054 2072 2086 2087 2127 2132 2133 2134 2135 2144 2158 2160 2180 2182 2256 2272 2355 2387 2420 2460 2466 2504 2505 2506 2507 2548
260 260
265 56 135 265 266 270 278 279
266 56 135 136 137 265 266 268 269 270 278 279 581 582 2460
267 267 390 391 392 640 1742
269 269
286 286
287 96 287 288 2048 2181
288 96 287 288 2048 2181
290 290 357 547 548 549 550 551 552 553 1299 1712 2087
292 6 27 28 36 37 41 42 50 52 54 55 58 59 62 69 75 76 77 80 81 82 83 90 95 104 117 124 126 134 156 203 207 209 210 230 286 292 295 298 299 351 358 377 378 397 398 455 456 466 506 520 521 524 525 526 540 547 548 549 550 551 552 553 581 582 590 603 613 619 625 670 677 681 683 718 721 729 746 747 749 1248 1250 1251 1268 1278 1282 1284 1288 1302 1319 1324 1329 1334 1336 1359 1370 1420 1490 1515 1520 1546 1621 1622 1623 1656 1659 1709 1712 1736 1747 1836 1838 1850 1884 1945 1957 1958 1992 2005 2041 2048 2054 2066 2083 2086 2087 2127 2132 2133 2134 2135 2144 2158 2160 2180 2182 2218 2219 2254 2256 2272 2377 2378 2379 2420 2466 2475 2500 2504 2505 2506 2507 2548
293 6 41 50 55 66 69 70 81 82 83 90 95 104 124 135 136 137 147 156 203 207 209 210 230 268 291 293 295 298 299 300 301 303 305 306 307 308 309 310 311 312 313 314 315 316 317 318 319 320 321 322 324 325 327 328 330 331 332 334 335 336 337 338 339 340 341 342 344 345 349 350 351 356 358 366 377 378 397 398 455 456 464 465 466 506 524 525 540 547 548 549 550 551 552 553 581 590 594 603 613 619 625 677 681 683 685 706 712 718 732 733 734 736 738 741 742 746 747 749 1060 1164 1268 1282 1284 1297 1298 1300 1302 1319 1324 1329 1336 1358 1359 1370 1387 1420 1429 1490 1520 1559 1560 1621 1622 1623 1656 1659 1671 1680 1705 1709 1712 1723 1736 1746 1747 1748 1749 1836 1838 1850 1884 1904 1924 1945 1957 1958 1992 2030 2041 2048 2054 2086 2087 2127 2132 2133 2134 2135 2144 2158 2160 2164 2180 2182 2256 2272 2355 2387 2391 2420 2460 2466 2471 2504 2505 2506 2507 2523 2548
294 18 41 66 69 81 82 83 90 95 104 124 189 203 207 209 230 236 256 294 295 298 299 358 366 387 397 398 455 456 464 465 466 468 469 488 506 507 508 512 513 515 516 517 540 547 548 549 550 551 552 553 555 557 558 581 582 584 585 590 603 613 625 677 685 687 703 746 747 749 1118 1268 1282 1284 1302 1317 1324 1325 1329 1336 1343 1359 1420 1490 1520 1621 1640 1656 1684 1685 1686 1688 1689 1690 1691 1692 1693 1694 1695 1697 1698 1699 1712 1715 1945 1957 1958 1970 2041 2048 2054 2086 2087 2127 2128 2132 2133 2134 2135 2144 2158 2160 2164 2180 2182 2254 2271 2391 2420 2460 2504 2505 2506 2507 2548
295 295
296 195 296 358 397 398 455 500 1299 1300 1420 1520 2124 2125 2127
298 298
299 299
301 6 41 50 55 66 69 70 81 82 83 90 95 104 124 135 136 137 147 156 203 207 209 210 230 268 291 293 295 298 299 300 301 303 305 306 307 308 309 310 311 312 313 314 315 316 317 318 319 320 321 322 324 325 327 328 330 331 332 334 335 336 337 338 339 340 341 342 344 345 349 350 351 356 358 366 377 378 397 398 455 456 464 465 466 506 524 525 540 547 548 549 550 551 552 553 581 590 594 603 613 619 625 677 681 683 685 706 712 718 732 733 734 736 738 741 742 746 747 749 1060 1164 1268 1282 1284 1297 1298 1300 1302 1319 1324 1329 1336 1358 1359 1370 1387 1420 1429 1490 1520 1559 1560 1621 1622 1623 1656 1659 1671 1680 1705 1709 1712 1723 1736 1746 1747 1748 1749 1836 1838 1850 1884 1904 1924 1945 1957 1958 1992 2030 2041 2048 2054 2086 2087 2127 2132 2133 2134 2135 2144 2158 2160 2164 2180 2182 2256 2272 2355 2387 2391 2420 2460 2466 2471 2504 2505 2506 2507 2523 2548
302 302 573 580 600
304 18 41 66 69 81 82 83 90 95 104 124 203 207 209 219 230 243 255 256 295 298 299 304 358 366 387 397 398 455 456 464 465 466 467 488 506 507 508 512 513 515 516 517 540 547 548 549 550 551 552 553 555 557 558 581 582 590 603 613 625 677 685 703 746 747 749 754 755 1268 1282 1284 1302 1317 1324 1325 1329 1336 1343 1347 1359 1420 1490 1520 1621 1640 1656 1684 1685 1686 1688 1689 1690 1691 1692 1693 1694 1695 1696 1697 1712 1900 1945 1957 1958 2041 2048 2054 2086 2087 2096 2097 2102 2127 2128 2132 2133 2134 2144 2158 2160 2180 2182 2256 2267 2271 2420 2460 2481 2493 2504 2505 2506 2507 2548
306 6 41 50 55 66 69 70 81 82 83 90 95 104 124 135 136 137 147 156 203 207 209 210 230 268 291 293 295 298 299 300 301 303 305 306 307 308 309 310 311 312 313 314 315 316 317 318 319 320 321 322 324 325 327 328 330 331 332 334 335 336 337 338 339 340 341 342 344 345 349 350 351 356 358 366 377 378 397 398 455 456 464 465 466 506 524 525 540 547 548 549 550 551 552 553 581 590 594 603 613 619 625 677 681 683 685 706 712 718 732 733 734 736 738 741 742 746 747 749 1060 1164 1268 1282 1284 1297 1298 1300 1302 1319 1324 1329 1336 1358 1359 1370 1387 1420 1429 1490 1520 1559 1560 1621 1622 1623 1656 1659 1671 1680 1705 1709 1712 1723 1736 1746 1747 1748 1749 1836 1838 1850 1884 1904 1924 1945 1957 1958 1992 2030 2041 2048 2054 2086 2087 2127 2132 2133 2134 2135 2144 2158 2160 2164 2180 2182 2256 2272 2355 2387 2391 2420 2460 2466 2471 2504 2505 2506 2507 2523 2548
315 315
316 6 41 50 55 66 69 70 81 82 83 90 95 104 124 135 136 137 147 156 203 207 209 210 230 268 291 293 295 298 299 300 301 303 305 306 307 308 309 310 311 312 313 314 315 316 317 318 319 320 321 322 324 325 327 328 330 331 332 334 335 336 337 338 339 340 341 342 344 345 349 350 351 356 358 366 377 378 397 398 455 456 464 465 466 506 524 525 540 547 548 549 550 551 552 553 581 590 594 603 613 619 625 677 681 683 685 706 712 718 732 733 734 736 738 741 742 746 747 749 1060 1164 1268 1282 1284 1297 1298 1300 1302 1319 1324 1329 1336 1358 1359 1370 1387 1420 1429 1490 1520 1559 1560 1621 1622 1623 1656 1659 1671 1680 1705 1709 1712 1723 1736 1746 1747 1748 1749 1836 1838 1850 1884 1904 1924 1945 1957 1958 1992 2030 2041 2048 2054 2086 2087 2127 2132 2133 2134 2135 2144 2158 2160 2164 2180 2182 2256 2272 2355 2387 2391 2420 2460 2466 2471 2504 2505 2506 2507 2523 2548
320 6 41 50 55 66 69 70 81 82 83 90 95 104 124 135 136 137 147 156 203 207 209 210 230 268 291 293 295 298 299 300 301 303 305 306 307 308 309 310 311 312 313 314 315 316 317 318 319 320 321 322 324 325 327 328 330 331 332 334 335 336 337 338 339 340 341 342 344 345 349 350 351 356 358 366 377 378 397 398 455 456 464 465 466 506 524 525 540 547 548 549 550 551 552 553 581 590 594 603 613 619 625 677 681 683 685 706 712 718 732 733 734 736 738 741 742 746 747 749 1060 1164 1268 1282 1284 1297 1298 1300 1302 1319 1324 1329 1336 1358 1359 1370 1387 1420 1429 1490 1520 1559 1560 1621 1622 1623 1656 1659 1671 1680 1705 1709 1712 1723 1736 1746 1747 1748 1749 1836 1838 1850 1884 1904 1924 1945 1957 1958 1992 2030 2041 2048 2054 2086 2087 2127 2132 2133 2134 2135 2144 2158 2160 2164 2180 2182 2256 2272 2355 2387 2391 2420 2460 2466 2471 2504 2505 2506 2507 2523 2548
322 6 41 50 55 66 69 70 81 82 83 90 95 104 124 135 136 137 147 156 203 207 209 210 230 268 291 293 295 298 299 300 301 303 305 306 307 308 309 310 311 312 313 314 315 316 317 318 319 320 321 322 324 325 327 328 330 331 332 334 335 336 337 338 339 340 341 342 344 345 349 350 351 356 358 366 377 378 397 398 455 456 464 465 466 506 524 525 540 547 548 549 550 551 552 553 581 590 594 603 613 619 625 677 681 683 685 706 712 718 732 733 734 736 738 741 742 746 747 749 1060 1164 1268 1282 1284 1297 1298 1300 1302 1319 1324 1329 1336 1358 1359 1370 1387 1420 1429 1490 1520 1559 1560 1621 1622 1623 1656 1659 1671 1680 1705 1709 1712 1723 1736 1746 1747 1748 1749 1836 1838 1850 1884 1904 1924 1945 1957 1958 1992 2030 2041 2048 2054 2086 2087 2127 2132 2133 2134 2135 2144 2158 2160 2164 2180 2182 2256 2272 2355 2387 2391 2420 2460 2466 2471 2504 2505 2506 2507 2523 2548
351 351
358 358
361 361
362 362
363 362 363 1346
364 364
365 365
366 366
368 368
371 371
375 375
376 376
377 377
378 378
382 382
386 386
387 387
388 388
389 389
390 267 390 391 392 640 1742
391 267 390 391 392 640 1742
392 267 390 391 392 640 1742
393 6 41 59 62 66 67 68 69 81 82 83 90 95 104 107 108 109 110 111 112 113 124 133 134 135 136 137 141 156 160 161 162 163 164 165 166 167 169 203 207 209 210 230 259 262 286 295 298 299 351 358 366 377 378 393 394 396 397 398 455 456 464 465 466 480 506 524 525 526 530 540 547 548 549 550 551 552 553 581 590 594 603 613 619 625 677 681 683 685 712 718 729 732 745 746 747 749 756 1060 1164 1268 1282 1284 1298 1302 1319 1324 1329 1336 1359 1370 1398 1420 1429 1490 1498 1499 1520 1546 1621 1622 1623 1645 1656 1659 1705 1709 1712 1736 1747 1838 1850 1889 1945 1953 1954 1957 1958 1992 1993 2030 2041 2048 2054 2072 2086 2087 2127 2132 2133 2134 2135 2144 2158 2160 2180 2182 2256 2272 2355 2387 2420 2460 2466 2504 2505 2506 2507 2548
397 397
398 398
399 399 400 401 402 403 404 578 590 1284 1359 1490 1872 2054 2383
401 399 400 401 402 403 404 578 590 1284 1359 1490 1872 2054 2383
402 402
406 236 237 406 407 561 562
413 413
455 455
456 456
458 458
460 460
461 461
462 462
463 463
464 464
465 465
466 466
467 467
469 18 41 66 69 81 82 83 90 95 104 124 189 203 207 209 230 236 256 294 295 298 299 358 366 387 397 398 455 456 464 465 466 468 469 488 506 507 508 512 513 515 516 517 540 547 548 549 550 551 552 553 555 557 558 581 582 584 585 590 603 613 625 677 685 687 703 746 747 749 1118 1268 1282 1284 1302 1317 1324 1325 1329 1336 1343 1359 1420 1490 1520 1621 1640 1656 1684 1685 1686 1688 1689 1690 1691 1692 1693 1694 1695 1697 1698 1699 1712 1715 1945 1957 1958 1970 2041 2048 2054 2086 2087 2127 2128 2132 2133 2134 2135 2144 2158 2160 2164 2180 2182 2254 2271 2391 2420 2460 2504 2505 2506 2507 2548
470 470
471 471
472 472
473 473
477 477 478 479 1937 2260
480 480
486 486
487 487
494 6 18 41 66 69 81 82 83 90 95 104 124 135 136 137 156 203 207 209 210 230 256 295 298 299 303 351 358 366 377 378 387 397 398 455 456 464 465 466 488 494 506 507 508 512 513 515 516 517 524 525 526 539 540 547 548 549 550 551 552 553 555 557 558 581 584 585 590 594 603 613 619 625 632 633 677 681 683 685 703 718 732 746 747 749 1268 1282 1284 1302 1309 1314 1315 1317 1318 1319 1320 1324 1325 1329 1336 1343 1359 1370 1420 1490 1520 1621 1622 1623 1640 1656 1659 1684 1685 1686 1688 1689 1690 1691 1692 1693 1694 1695 1696 1697 1705 1709 1712 1736 1747 1838 1850 1884 1945 1957 1958 1992 2041 2048 2054 2086 2087 2127 2128 2132 2133 2134 2135 2144 2158 2160 2180 2182 2256 2271 2272 2387 2420 2460 2466 2481 2504 2505 2506 2507 2548
496 30 217 228 229 231 496 505
497 497
500 195 296 358 397 398 455 500 1299 1300 1420 1520 2124 2125 2127
506 506
513 513
514 18 41 66 69 81 82 83 90 95 104 124 203 207 230 255 256 295 298 299 358 366 387 397 398 455 456 464 465 466 467 488 506 507 508 512 513 514 515 516 517 540 547 548 549 550 551 552 553 555 557 558 581 582 590 603 613 625 677 685 703 746 747 749 752 1268 1270 1273 1275 1282 1284 1302 1317 1324 1325 1329 1336 1343 1347 1359 1420 1490 1520 1620 1621 1640 1656 1684 1685 1686 1688 1689 1690 1691 1692 1693 1694 1695 1696 1697 1712 1945 1957 1958 2041 2048 2054 2086 2087 2127 2128 2132 2133 2134 2135 2144 2158 2160 2180 2182 2256 2271 2420 2460 2481 2504 2505 2506 2507 2548
517 517
520 520
524 524
526 526
529 233 235 298 324 456 529 530 540 547 548 549 550 551 1302 1923 1924 2072 2087 2180
530 530
533 533
535 535
536 536
538 538
539 6 18 41 66 69 81 82 83 90 95 104 124 135 136 137 156 203 207 209 210 230 256 295 298 299 303 351 358 366 377 378 387 397 398 455 456 464 465 466 488 494 506 507 508 512 513 515 516 517 524 525 526 539 540 547 548 549 550 551 552 553 555 557 558 581 584 585 590 594 603 613 619 625 632 633 677 681 683 685 703 718 732 746 747 749 1268 1282 1284 1302 1309 1314 1315 1317 1318 1319 1320 1324 1325 1329 1336 1343 1359 1370 1420 1490 1520 1621 1622 1623 1640 1656 1659 1684 1685 1686 1688 1689 1690 1691 1692 1693 1694 1695 1696 1697 1705 1709 1712 1736 1747 1838 1850 1884 1945 1957 1958 1992 2041 2048 2054 2086 2087 2127 2128 2132 2133 2134 2135 2144 2158 2160 2180 2182 2256 2271 2272 2387 2420 2460 2466 2481 2504 2505 2506 2507 2548
540 540
541 156 208 211 298 540 541 547 548 549 550 1412 1553 1736 2087 2434 2466
543 543
545 545
547 547
550 550
551 551
552 552
553 553
555 555
561 561
562 562
573 6 137 302 573 580 600
580 6 302 573 580 600 2377
581 581
590 590
594 594
596 596 597 1293 1844
599 599
601 601
603 603
604 604
605 605 717 1839
606 606
608 608
609 39 314 332 518 519 524 525 526 528 607 609 631 642 673 682 688 697 701 737 763 791 1029
610 45 46 140 610 648 708 711 985 1734 1736 2190
612 6 13 18 31 37 38 39 41 42 50 52 56 66 69 70 81 82 83 90 101 104 109 114 124 135 136 137 143 147 156 163 169 173 178 180 203 207 209 210 230 245 246 255 256 257 264 265 266 268 269 270 278 279 281 283 295 298 299 303 305 307 308 311 313 314 315 324 332 338 339 340 342 350 351 358 365 366 368 375 377 378 382 387 402 456 458 460 464 465 466 467 472 473 493 497 506 507 508 512 513 516 518 521 525 526 528 535 538 543 544 545 547 550 551 552 553 555 557 558 561 565 566 581 582 584 590 594 603 604 606 607 609 612 613 614 615 616 617 618 619 623 625 629 630 631 642 643 644 645 646 647 649 650 651 652 653 654 655 656 657 658 659 660 661 662 663 664 665 666 673 678 681 682 683 685 687 688 689 697 698 701 702 703 704 705 706 707 709 710 712 715 718 720 721 722 727 728 729 730 733 734 735 736 737 738 739 740 741 742 743 744 745 746 747 748 749 752 753 754 755 757 763 769 791 799 812 882 888 892 951 952 1021 1029 1060 1096 1100 1120 1164 1206 1234 1250 1257 1261 1264 1274 1282 1284 1288 1292 1297 1300 1302 1309 1317 1318 1319 1324 1325 1328 1336 1347 1349 1350 1351 1353 1355 1358 1359 1360 1370 1375 1387 1396 1398 1404 1412 1414 1420 1429 1454 1482 1490 1494 1495 1512 1514 1515 1540 1546 1552 1553 1554 1555 1559 1560 1613 1619 1621 1623 1633 1640 1659 1684 1685 1686 1688 1689 1690 1691 1692 1693 1694 1695 1696 1697 1704 1705 1709 1715 1731 1733 1746 1747 1748 1749 1811 1847 1889 1891 1895 1923 1927 1945 1957 1958 1978 1992 2005 2041 2048 2054 2087 2127 2128 2132 2133 2134 2158 2160 2180 2182 2256 2271 2355 2387 2420 2460 2471 2481 2504 2505 2506 2507 2511 2512 2548
613 613
614 614
615 615
616 616
617 617
618 618
619 619
621 621 1240 1698
622 622
623 623
625 625
626 626
627 36 37 41 42 50 62 70 134 286 627 634 712 1060 1164 1253 1254 1255 1256 1257 1280 1288 1298 1429 1546 2030 2355
628 100 171 172 174 175 176 628 669 750 751 1143 1146 1147 1254 1267 1355 1412 1553 1947 1948 2434 2569
629 629
630 39 609 630 644 649 659 704 709 735 737 739 740 743 744 769 799 888 892 951 952 1021 1029 1096 1120 1234 1396 1633
631 39 314 332 518 519 528 607 609 631 642 673 682 688 697 701 737 763 791 1029
632 6 18 41 66 69 81 82 83 90 95 104 124 135 136 137 156 203 207 209 210 230 256 295 298 299 303 351 358 366 377 378 387 397 398 455 456 464 465 466 488 494 506 507 508 512 513 515 516 517 524 525 526 539 540 547 548 549 550 551 552 553 555 557 558 581 584 585 590 594 603 613 619 625 632 633 677 681 683 685 703 718 732 746 747 749 1268 1282 1284 1302 1309 1314 1315 1317 1318 1319 1320 1324 1325 1329 1336 1343 1359 1370 1420 1490 1520 1621 1622 1623 1640 1656 1659 1684 1685 1686 1688 1689 1690 1691 1692 1693 1694 1695 1696 1697 1705 1709 1712 1736 1747 1838 1850 1884 1945 1957 1958 1992 2041 2048 2054 2086 2087 2127 2128 2132 2133 2134 2135 2144 2158 2160 2180 2182 2256 2271 2272 2387 2420 2460 2466 2481 2504 2505 2506 2507 2548
639 36 37 41 42 50 52 54 55 59 60 62 69 75 76 77 81 82 83 90 95 104 124 134 203 207 209 230 286 295 298 299 358 397 398 455 456 464 465 466 467 506 540 547 548 549 550 551 552 553 581 582 590 603 613 625 639 677 685 729 746 747 749 1268 1282 1284 1288 1302 1324 1329 1336 1341 1347 1359 1420 1490 1520 1546 1621 1656 1712 1836 1945 1957 1958 2041 2048 2054 2086 2087 2127 2132 2133 2134 2144 2158 2160 2180 2182 2256 2420 2504 2505 2506 2507 2548
646 6 13 18 31 37 38 39 41 42 50 52 56 66 69 70 81 82 83 90 101 104 109 114 124 135 136 137 143 147 156 163 169 173 178 180 203 207 209 210 230 245 246 255 256 257 264 265 266 268 269 270 278 279 281 283 295 298 299 303 305 307 308 311 313 314 315 324 332 338 339 340 342 350 351 358 365 366 368 375 377 378 382 387 402 456 458 460 464 465 466 467 472 473 493 497 506 507 508 512 513 516 518 521 525 526 528 535 538 543 544 545 547 550 551 552 553 555 557 558 561 565 566 581 582 584 590 594 603 604 606 607 609 612 613 614 615 616 617 618 619 623 625 629 630 631 642 643 644 645 646 647 649 650 651 652 653 654 655 656 657 658 659 660 661 662 663 664 665 666 673 678 681 682 683 685 687 688 689 697 698 701 702 703 704 705 706 707 709 710 712 715 718 720 721 722 727 728 729 730 733 734 735 736 737 738 739 740 741 742 743 744 745 746 747 748 749 752 753 754 755 757 763 769 791 799 812 882 888 892 951 952 1021 1029 1060 1096 1100 1120 1164 1206 1234 1250 1257 1261 1264 1274 1282 1284 1288 1292 1297 1300 1302 1309 1317 1318 1319 1324 1325 1328 1336 1347 1349 1350 1351 1353 1355 1358 1359 1360 1370 1375 1387 1396 1398 1404 1412 1414 1420 1429 1454 1482 1490 1494 1495 1512 1514 1515 1540 1546 1552 1553 1554 1555 1559 1560 1613 1619 1621 1623 1633 1640 1659 1684 1685 1686 1688 1689 1690 1691 1692 1693 1694 1695 1696 1697 1704 1705 1709 1715 1731 1733 1746 1747 1748 1749 1811 1847 1889 1891 1895 1923 1927 1945 1957 1958 1978 1992 2005 2041 2048 2054 2087 2127 2128 2132 2133 2134 2158 2160 2180 2182 2256 2271 2355 2387 2420 2460 2471 2481 2504 2505 2506 2507 2511 2512 2548
648 45 46 140 610 648 708 711 985 1734 1736 2190
669 100 171 172 174 175 176 628 669 750 751 1143 1146 1147 1254 1267 1355 1412 1553 1947 1948 2434 2569
673 6 13 18 31 37 38 39 41 42 50 52 56 66 69 70 81 82 83 90 101 104 109 114 124 135 136 137 143 147 156 163 169 173 178 180 203 207 209 210 230 245 246 255 256 257 264 265 266 268 269 270 278 279 281 283 295 298 299 303 305 307 308 311 313 314 315 324 332 338 339 340 342 350 351 358 365 366 368 375 377 378 382 387 402 456 458 460 464 465 466 467 472 473 493 497 506 507 508 512 513 516 518 521 525 526 528 535 538 543 544 545 547 550 551 552 553 555 557 558 561 565 566 581 582 584 590 594 603 604 606 607 609 612 613 614 615 616 617 618 619 623 625 629 630 631 642 643 644 645 646 647 649 650 651 652 653 654 655 656 657 658 659 660 661 662 663 664 665 666 673 678 681 682 683 685 687 688 689 697 698 701 702 703 704 705 706 707 709 710 712 715 718 720 721 722 727 728 729 730 733 734 735 736 737 738 739 740 741 742 743 744 745 746 747 748 749 752 753 754 755 757 763 769 791 799 812 882 888 892 951 952 1021 1029 1060 1096 1100 1120 1164 1206 1234 1250 1257 1261 1264 1274 1282 1284 1288 1292 1297 1300 1302 1309 1317 1318 1319 1324 1325 1328 1336 1347 1349 1350 1351 1353 1355 1358 1359 1360 1370 1375 1387 1396 1398 1404 1412 1414 1420 1429 1454 1482 1490 1494 1495 1512 1514 1515 1540 1546 1552 1553 1554 1555 1559 1560 1613 1619 1621 1623 1633 1640 1659 1684 1685 1686 1688 1689 1690 1691 1692 1693 1694 1695 1696 1697 1704 1705 1709 1715 1731 1733 1746 1747 1748 1749 1811 1847 1889 1891 1895 1923 1927 1945 1957 1958 1978 1992 2005 2041 2048 2054 2087 2127 2128 2132 2133 2134 2158 2160 2180 2182 2256 2271 2355 2387 2420 2460 2471 2481 2504 2505 2506 2507 2511 2512 2548
678 678
684 41 66 69 81 82 83 90 95 97 104 124 135 136 137 203 207 209 230 295 298 299 358 366 397 398 455 456 464 465 466 467 506 540 547 548 549 550 551 552 553 581 582 590 594 603 613 625 677 684 685 732 746 747 749 1268 1282 1284 1302 1324 1329 1336 1347 1359 1420 1490 1520 1621 1636 1656 1705 1712 1945 1957 1958 2041 2048 2054 2086 2087 2127 2132 2133 2134 2158 2160 2180 2182 2256 2387 2420 2460 2504 2505 2506 2507 2548
686 686 1457 1640 1641 1750
687 687
704 39 609 630 644 649 659 704 709 735 737 739 740 743 744 769 799 888 892 951 952 1021 1029 1096 1120 1234 1396 1633
705 705
707 707
712 712
715 715
718 718
720 720
721 721
722 722
724 724 725 1871
727 727
730 730
732 732
740 39 609 630 644 649 659 704 709 735 737 739 740 743 744 769 799 888 892 951 952 1021 1029 1096 1120 1234 1396 1633
745 745
746 746
747 747
748 748
749 749
752 752
753 753
754 754
755 755
756 162 756 1497 1498 1953
882 882
1100 1100
1118 1118
1206 1206
1243 1243
1247 154 226 471 1247 1317 1521 1684 2144
1248 6 27 28 36 37 41 42 50 52 54 55 58 59 62 69 75 76 77 80 81 82 83 90 95 104 117 124 126 134 156 203 207 209 210 230 286 292 295 298 299 351 358 377 378 397 398 455 456 466 506 520 521 524 525 526 540 547 548 549 550 551 552 553 581 582 590 603 613 619 625 670 677 681 683 718 721 729 746 747 749 1248 1250 1251 1268 1278 1282 1284 1288 1302 1319 1324 1329 1334 1336 1359 1370 1420 1490 1515 1520 1546 1621 1622 1623 1656 1659 1709 1712 1736 1747 1836 1838 1850 1884 1945 1957 1958 1992 2005 2041 2048 2054 2066 2083 2086 2087 2127 2132 2133 2134 2135 2144 2158 2160 2180 2182 2218 2219 2254 2256 2272 2377 2378 2379 2420 2466 2475 2500 2504 2505 2506 2507 2548
1252 1252
1264 1264
1270 18 41 66 69 81 82 83 90 95 104 124 203 207 230 255 256 295 298 299 358 366 387 397 398 455 456 464 465 466 467 488 506 507 508 512 513 514 515 516 517 540 547 548 549 550 551 552 553 555 557 558 581 582 590 603 613 625 677 685 703 746 747 749 752 1268 1270 1273 1275 1282 1284 1302 1317 1324 1325 1329 1336 1343 1347 1359 1420 1490 1520 1620 1621 1640 1656 1684 1685 1686 1688 1689 1690 1691 1692 1693 1694 1695 1696 1697 1712 1945 1957 1958 2041 2048 2054 2086 2087 2127 2128 2132 2133 2134 2135 2144 2158 2160 2180 2182 2256 2271 2420 2460 2481 2504 2505 2506 2507 2548
1272 1271 1272 1324
1282 1282
1284 1284
1286 1286
1287 1287
1293 1293
1294 1294 2375 2516 2517
1295 20 295 638 1295 1296 1495 2127
1297 1297
1302 1302
1317 1317
1320 6 18 41 66 69 81 82 83 90 95 104 124 135 136 137 156 203 207 209 210 230 256 295 298 299 303 351 358 366 377 378 387 397 398 455 456 464 465 466 488 494 506 507 508 512 513 515 516 517 524 525 526 539 540 547 548 549 550 551 552 553 555 557 558 581 584 585 590 594 603 613 619 625 632 633 677 681 683 685 703 718 732 746 747 749 1268 1282 1284 1302 1309 1314 1315 1317 1318 1319 1320 1324 1325 1329 1336 1343 1359 1370 1420 1490 1520 1621 1622 1623 1640 1656 1659 1684 1685 1686 1688 1689 1690 1691 1692 1693 1694 1695 1696 1697 1705 1709 1712 1736 1747 1838 1850 1884 1945 1957 1958 1992 2041 2048 2054 2086 2087 2127 2128 2132 2133 2134 2135 2144 2158 2160 2180 2182 2256 2271 2272 2387 2420 2460 2466 2481 2504 2505 2506 2507 2548
1327 1327
1329 1329
1336 1336
1339 1339
1340 1340
1341 36 37 41 42 50 52 54 55 59 60 62 69 75 76 77 81 82 83 90 95 104 124 134 203 207 209 230 286 295 298 299 358 397 398 455 456 464 465 466 467 506 540 547 548 549 550 551 552 553 581 582 590 603 613 625 639 677 685 729 746 747 749 1268 1282 1284 1288 1302 1324 1329 1336 1341 1347 1359 1420 1490 1520 1546 1621 1656 1712 1836 1945 1957 1958 2041 2048 2054 2086 2087 2127 2132 2133 2134 2144 2158 2160 2180 2182 2256 2420 2504 2505 2506 2507 2548
1346 363 1346
1347 1347
1349 6 13 18 31 37 38 39 41 42 50 52 56 66 69 70 81 82 83 90 101 104 109 114 124 135 136 137 143 147 156 163 169 173 178 180 203 207 209 210 230 245 246 255 256 257 264 265 266 268 269 270 278 279 281 283 295 298 299 303 305 307 308 311 313 314 315 324 332 338 339 340 342 350 351 358 365 366 368 375 377 378 382 387 402 456 458 460 464 465 466 467 472 473 493 497 506 507 508 512 513 516 518 521 525 526 528 535 538 543 544 545 547 550 551 552 553 555 557 558 561 565 566 581 582 584 590 594 603 604 606 607 609 612 613 614 615 616 617 618 619 623 625 629 630 631 642 643 644 645 646 647 649 650 651 652 653 654 655 656 657 658 659 660 661 662 663 664 665 666 673 678 681 682 683 685 687 688 689 697 698 701 702 703 704 705 706 707 709 710 712 715 718 720 721 722 727 728 729 730 733 734 735 736 737 738 739 740 741 742 743 744 745 746 747 748 749 752 753 754 755 757 763 769 791 799 812 882 888 892 951 952 1021 1029 1060 1096 1100 1120 1164 1206 1234 1250 1257 1261 1264 1274 1282 1284 1288 1292 1297 1300 1302 1309 1317 1318 1319 1324 1325 1328 1336 1347 1349 1350 1351 1353 1355 1358 1359 1360 1370 1375 1387 1396 1398 1404 1412 1414 1420 1429 1454 1482 1490 1494 1495 1512 1514 1515 1540 1546 1552 1553 1554 1555 1559 1560 1613 1619 1621 1623 1633 1640 1659 1684 1685 1686 1688 1689 1690 1691 1692 1693 1694 1695 1696 1697 1704 1705 1709 1715 1731 1733 1746 1747 1748 1749 1811 1847 1889 1891 1895 1923 1927 1945 1957 1958 1978 1992 2005 2041 2048 2054 2087 2127 2128 2132 2133 2134 2158 2160 2180 2182 2256 2271 2355 2387 2420 2460 2471 2481 2504 2505 2506 2507 2511 2512 2548
1350 1350
1351 1351
1353 1353
1355 1355
1359 1359
1370 1370
1396 39 609 630 644 649 659 704 709 735 737 739 740 743 744 769 799 888 892 951 952 1021 1029 1096 1120 1234 1396 1553 1633
1412 1412
1457 686 1457 1640 1750
1484 1484
1485 1485
1486 1486
1487 1487
1494 1494
1495 1495
1497 1497
1512 1512
1513 1513
1514 1514
1515 1515
1516 6 41 66 69 81 82 83 90 95 104 156 203 207 209 210 230 295 298 299 351 358 366 377 378 397 398 455 456 465 466 467 501 506 524 525 526 540 547 548 549 550 551 552 553 581 582 590 603 613 619 625 677 679 681 683 685 718 746 747 749 1268 1282 1284 1302 1319 1324 1329 1336 1347 1359 1370 1420 1490 1516 1517 1520 1621 1622 1623 1634 1656 1659 1709 1712 1736 1747 1838 1850 1884 1945 1957 1958 1992 2041 2048 2054 2086 2087 2127 2132 2133 2134 2144 2158 2160 2180 2182 2256 2272 2420 2460 2466 2500 2504 2505 2506 2507 2548
1517 6 41 66 69 81 82 83 90 95 104 156 203 207 209 210 230 295 298 299 351 358 366 377 378 397 398 455 456 465 466 467 501 506 524 525 526 540 547 548 549 550 551 552 553 581 582 590 603 613 619 625 677 679 681 683 685 718 746 747 749 1268 1282 1284 1302 1319 1324 1329 1336 1347 1359 1370 1420 1490 1516 1517 1520 1621 1622 1623 1634 1656 1659 1709 1712 1736 1747 1838 1850 1884 1945 1957 1958 1992 2041 2048 2054 2086 2087 2127 2132 2133 2134 2144 2158 2160 2180 2182 2256 2272 2420 2460 2466 2500 2504 2505 2506 2507 2548
1520 1520
1521 154 226 471 1247 1317 1521 1684 2144
1523 1523
1525 1525
1528 134 1528 1529 1530 1531
1531 284 1528 1529 1530 1531
1534 1534
1535 1535
1540 1540
1546 1546
1550 1550
1551 1551
1552 1552
1553 1553
1561 6 156 210 323 351 377 378 524 525 526 619 681 683 718 1319 1370 1561 1622 1623 1659 1709 1736 1747 1838 1850 1884 1922 1942 1943 1944 1992 2272 2466
1613 1613
1615 11 12 13 14 15 134 183 186 499 569 570 1281 1615 1927 1931 1969
1617 1617
1620 18 41 66 69 81 82 83 90 95 104 124 203 207 230 255 256 295 298 299 358 366 387 397 398 455 456 464 465 466 467 488 506 507 508 512 513 514 515 516 517 540 547 548 549 550 551 552 553 555 557 558 581 582 590 603 613 625 677 685 703 746 747 749 752 1268 1270 1273 1275 1282 1284 1302 1317 1324 1325 1329 1336 1343 1347 1359 1420 1490 1520 1620 1621 1640 1656 1684 1685 1686 1688 1689 1690 1691 1692 1693 1694 1695 1696 1697 1712 1945 1957 1958 2041 2048 2054 2086 2087 2127 2128 2132 2133 2134 2135 2144 2158 2160 2180 2182 2256 2271 2420 2460 2481 2504 2505 2506 2507 2548
1621 1621
1640 1640
1645 1645
1646 1646
1647 1 2 32 36 1647
1648 1648 1649 1650 1651 1653
1649 1648 1649 1650 1651 1653
1655 1655
1656 1656
1661 1661
1685 1685
1694 1694
1699 1699
1704 1704
1705 1705
1706 1706
1712 1712
1715 1715
1730 1730
1731 1731
1732 1732
1734 45 46 140 610 648 708 711 985 1734 1736 2190
1736 1736
1742 267 390 391 392 640 1742
1744 1744
1747 1747
1837 144 178 547 713 714 1837 2087
1847 1847
1850 1850
1851 1851
1863 1863
1864 1864
1870 1870
1871 1871
1882 1882
1883 1883
1884 1884
1887 1887
1888 1888
1890 1890
1895 1895
1896 1896
1899 1899
1900 1900 2493
1901 1901
1902 1902
1903 1903
1904 1904
1923 1923
1927 1927
1929 1929
1930 1930
1931 1931
1933 1933
1934 1934
1939 1939
1945 1945
1950 1950
1953 1953
1957 1957
1958 1958
1966 1966
1973 1973
1977 1977
1978 1978
1985 1985
1987 1987
1992 1992
1993 1993
1994 1994
1997 1997
1998 1998
1999 1999
2001 2001
2004 2004
2007 2007
2015 2015 2016 2017 2018 2019 2020 2587 2590 2591
2021 2021
2024 2024
2025 2025
2026 2026
2027 2027
2029 2029
