392 392 640 2982 7602
536 536
669 88 175 669 750 751 1143 1146 1147 1254 1267 1553 1947 1948 2434 3220 16625 35027
30 30 41 54 77 78 192 193 492 505 715 1299 1300 1541 1720 1729 2267 2687 2777 2821 2823 3088 3205 4253 7428 7429 7439 7507 7708 7717 7761 16526 16663 16817 16951 34993 35134 36213
31 6 13 20 25 31 37 38 39 41 42 49 50 52 56 58 60 67 69 79 80 81 82 83 85 90 93 95 96 104 109 114 126 132 143 155 156 164 169 173 178 189 190 207 208 209 219 229 231 235 243 245 256 257 264 268 269 270 278 279 281 283 287 288 292 295 299 302 303 305 307 308 311 313 314 324 332 338 339 340 342 350 358 376 377 378 456 467 480 488 493 494 497 507 508 512 514 516 518 521 525 528 541 547 548 549 557 558 565 582 584 599 603 604 607 613 618 621 625 627 642 643 644 645 647 649 650 651 652 653 654 655 656 657 658 659 660 661 662 663 664 665 666 673 677 681 682 683 685 687 688 689 697 698 701 702 703 706 709 710 715 728 729 732 733 734 735 736 737 738 739 741 742 743 744 746 747 748 757 763 769 791 799 812 888 892 951 952 1021 1029 1060 1096 1118 1120 1160 1164 1234 1243 1248 1250 1257 1261 1268 1270 1274 1288 1300 1302 1309 1318 1319 1325 1328 1336 1341 1343 1358 1359 1360 1370 1375 1387 1398 1404 1414 1420 1429 1454 1482 1490 1495 1516 1553 1554 1555 1559 1560 1613 1623 1633 1656 1659 1684 1686 1688 1689 1690 1691 1692 1693 1695 1696 1697 1709 1712 1723 1733 1746 1748 1749 1811 1836 1889 1891 1895 1923 1945 1957 1992 1993 2041 2048 2066 2072 2083 2086 2127 2133 2134 2157 2158 2160 2164 2180 2182 2218 2219 2254 2272 2391 2471 2475 2505 2506 2508 2510 2511 2512 2610 2673 2682 2727 2772 2838 2858 2957 2979 3056 3058 3059 3064 3065 3109 3143 3144 3145 3153 3204 3205 3221 3222 3223 3238 3265 3270 3296 3299 3313 3909 3962 3988 4106 4132 4232 4286 4323 4339 4585 7312 7315 7347 7374 7476 7515 7526 7562 7836 7951 8495 8508 8513 8723 8896 9134 16520 16720 16817 16826 16964 16989 17006 17045 17060 17163 17181 17551 18396 18443 34993 35134 36276
301 49 50 55 58 60 69 79 80 81 82 83 85 90 93 95 96 104 126 155 189 190 207 209 219 230 231 235 243 268 269 287 291 293 295 300 301 303 305 307 308 309 310 311 312 313 317 318 321 324 325 327 328 330 331 332 334 335 336 337 338 339 340 341 342 344 345 349 350 356 358 497 507 508 512 514 515 516 547 548 549 557 558 599 603 613 625 673 677 687 703 706 733 734 736 738 741 742 747 748 749 1060 1118 1164 1243 1248 1268 1270 1288 1298 1325 1336 1341 1358 1387 1429 1559 1560 1613 1620 1621 1671 1680 1684 1686 1688 1689 1690 1691 1692 1693 1695 1696 1697 1723 1746 1748 1749 1923 1924 1945 1957 2030 2041 2042 2048 2066 2072 2083 2086 2087 2127 2132 2133 2134 2135 2157 2158 2160 2182 2218 2219 2254 2391 2475 2502 2505 2506 2507 2508 2510 2511 2512 2610 2662 2887 2891 2912 2979 3143 3144 3145 3909 4232 4286 7504 7507 7515 7517 7526 7527 7533 7562 7569 7717 7761 8896 16964 16991 16998 17006 17032 17041 17163 35225
573 137 164 480 573 581 600 732 1299 1300 1507 1891 1993 2387 3172 4106 7507 8708 8723 35229
1732 1732
456 456
715 715
1359 1359
1243 1243
732 732
604 604
477 477 478 2260
1247 1247 1521 4113
480 480
618 618
748 748
109 109
1648 1648 1650 1651 1653 4241
1656 1656
