6 6 2035 2381 2382 302 292 377 2377 2378 2379 2380 480 605 2220 2221 2472 7 8 9 10 1984 378 2471 1992 156 2272 1736 208 1993 494 2428 541 526 740 351 2273 619 1747 1561 524 2164 1248 291 1370 1891 600 1261 1299 570 1507 2030 580 1349 2467 2468 2469 2470 646 1850 1884 718 690 211 1985 2466 1353 2136 2137 2138 2139 573 190 1994 1553 2132 209 2134 2135
11 11 12 183 13 1619 1852 1531 2092 248 16 17 14 184 15 2440 185 1528 186 182 1977 2117 2119 2120 2121 2122 187 2007 2118 573 194 210 196
12 12 11 183 2092 248 16 17 14 184 15 185 1852 13 1619 1531 186 182 2117 2119 2120 2121 2122 187 2007 2118 194 210 196 573 1615 30 80 195 496 250 249 251 252 2580 2440 364
15 15 573 2446 137 568 571 572 574 575 569 570 1852 499 134 186 12 183 31 732 2495 1705 581 11 2387 600 248 2092 302 626 2455 2492 1847 402 628 257 2502 376 627 1495 1895 185 2144 2388 2389 2390 67 1281
18 18 19 2036 507 20 304 720 1516 1495 1327 2406 2407 2408 2409 2410 2411 2412 2413 754 755 2493 1900 2267 104 2102
19 19 18 2036 507 20 304 720
20 20 720 1516 1495 1494 466 638 243 1296 18 1295 684 31 2249 2568 2420 2180 464 1634 679 501 19 2036 1517 465 631 1647 1297 541 626 2455 2492 1847 402 628 257 2502 376 627 1895 573 2421 2248 124 67 1302
21 21 22 26 489 24 25 23 1621 1620 386
22 22 21 26 489 24 25 23 1621 1620 386 2229 2230 2231 1270 387 2177 2182
23 23 386 2229 2230 2231 387 2177 1243 1851 26 22 21 1703 1684 1698
25 25 1621 1620 1270 2182 752 514 489 26 24 1703 1698 22 2449 293 190 1272 1324 625 294 2009 21 746 1275 301 31 599 2158 2160 1520 358 1457 456 152 2391 673 1271 686
30 30 2414 715 2267 534 1541 2 1286 550 366 529 496 506 1346 304 172 212 183 217 95 67 185 2118 1287 533 1327 66 2404 2405 2418 2419 2406 2407 2408 2409 2410 2411 2412 2413 754 755 2493 266 1900 104 2569 213 214 216 2092 248 218 2438 2439 1706 460 2140 2102 12 530 109 260 207 69 299 2132 2087 494 2117 2119 2120 2121 2122 1336 49 2007 194 210 196 2048 110 31
31 31 626 2455 2492 1847 402 628 257 2502 376 627 1495 1895 573 67 1736 538 2171 15 1252 1896 1494 1890 20 2446 494 718 646 49 109 530 260 720 673 112 1147 1146 137 110 1280 283 634 1143 751 750 113 638 569 763 791 602 611 620 624 635 636 641 667 668 671 674 676 726 731 758 759 760 761 762 764 765 766 767 768 770 771 772 773 774 775 776 777 778 779 780 781 782 783 784 785 786 787 788 789 790 792 793 794 795 796 797 798 800 801 802 803 804 805 806 807 808 809 810 811 813 814 815 816 817 818 819 820 821 822 823 824 825 826 827 828 829 830 831 832 833 834 835 836 837 838 839 840 841 842 843 844 845 846 847 848 849 850 851 852 853 854 855 856 857 858 859 860 861 862 863 864 865 866 867 868 869 870 871 872 873 874 875 877 878 879 880 881 883 884 885 886 887 889 890 891 893 894 895 896 897 898 899 900 901 902 903 904 905 906 907 908 911 912 913 914 915 916 917 918 919 920 921 922 923 924 925 926 927 928 929 930 931 932 933 934 935 936 937 938 939 940 941 942 943 944 945 946 947 948 949 950 953 954 955 956 957 958 959 960 961 962 963 964 965 966 967 968 969 970 971 972 973 974 975 976 977 978 979 980 981 982 983 984 986 987 988 989 990 991 992 993 994 995 996 997 998 999 1000 1001 1002 1003 1004 1005 1006 1007 1008 1009 1010 1011 1012 1013 1014 1015 1016 1017 1018 1019 1020 1022 1023 1024 1025 1026 1027 1028 1030 1031 1032 1033 1034 1035 1036 1037 1038 1039 1040 1041 1042 1043 1044 1045 1046 1047 1048 1049 1050 1051 1052 1053 1054 1055 1056 1057 1058 1059 1061 1062 1063 1064 1065 1066 1067 1068 1069 1070 1071 1072 1073 1074 1075 1076 1077 1078 1079 1080 1081 1082 1083 1084 1085 1086 1087 1088 1089 1090 1091 1092 1093 1094 1095 1097 1098 1099 1101 1102 1103 1104 1105 1106 1107 1108 1109 1110 1111 1112 1113 1114 1115 1116 1117 1119 1121 1122 1123 1124 1125 1126 1127 1128 1129 1130 1131 1132 1133 1134 1135 1136 1137 1138 1139 1140 1141 1142 1144 1145 1148 1149 1150 1151 1152 1153 1154 1155 1156 1157 1158 1159 1161 1162 1163 1165 1166 1167 1168 1169 1170 1171 1172 1173 1174 1175 1176 1177 1178 1179 1180 1181 1182 1183 1184 1185 1186 1187 1188 1189 1190 1191 1192 1193 1194 1195 1196 1197 1198 1199 1200 1201 1202 1203 1204 1205 1207 1208 1209 1210 1211 1212 1213 1214 1215 1216 1217 1218 1219 1220 1221 1222 1223 1224 1225 1226 1227 1228 1229 1230 1231 1232 1233 1235 1236 1237 1238 1239 1241 1242 1259 1260 1266 1285 1337 1338 1545 1547 1853 1963 2011 716 910 1548 719 876 697 332 691 692 693 694 696 699 700 633 176 270 278 1029 725 325 341 344 349 356 769 799 888 892 951 952 1021 1096 1120 1234 1633 319 682 688 528 13 42 52 114 173 264 281 493 518 548 549 515 643 645 647 651 652 653 655 657 658 660 661 662 663 664 665 672 675 521 677 681 683 689 702 710 713 714 169 728 729 734 736 738 741 742 757 812 909 985 1060 1164 1268 1274 1482 1733 1891 350 193 32 701 505 717 597 175 279 737 570 335 336 1240 735 739 743 744 38 607 584 516 637 644 649 650 654 656 659 666 670 706 723 733 1160 695 698 1334 56 71 310 312 489 188 711 111 39 45 640 679 680 703 708 1261 1328 2467 2468 2469 2470 1884 197 309 86 642 685 74 1850 501 314 186 192 622 1515 507 375 2 266 609 705 615 167 1540 1118 684 754 755 1370 393 1647 604 606 617 619 623 715 722 727 732 752 1546 1837 2466 612 629 630 551 553 678 707 721 1100 1731 1396 144 746 107 745 631 669 552 712 365 756 740 233 100 513 363 129 131 639 648 290 132 46 1734 541 529 128 749 690 496 150 632 1206 1346 293 104 605 539 477 610 472 614 80 704 596 130 196 161 1248 172 514 301 160 265 608 616 687 753 126 724 287 153 291 1615 93 25 1945 43 603 618 882 464 500 90 183 190 730 292 535 748 85 613 154 686 1349 466 1516 1712 621 259 709 163 625 456 2042 84 747 162 377 152 133 1253 1254 235 149 294 321 362 2475 58 1270 1295 304 2503 1871 1704 2402 2495 2243 2244 1705 1613 174 286 156 96 1267 581 30 316 2182 288
34 34 2039 35
43 43 2057 2058 128 107 1529 1507 135 1528 36 130 690 1734 141 2056 129 316 132 2440 610 31 2071 133 320 2072 1531 51 1499
46 46 2029 1975 36 690 1734 1349 673 2028 316 610 31 2502 2503 1613 156 625 294
49 49 2042 69 67 648 109 530 260 494 2132 209 106 68 2134 2135 1836 71 1976 2133 36 70 110 1734 321 1347 467 304 1349 673 208 31 605 160 2243 2244 2355 316 133 95 161 393 610 112 113 613 111 2502 108 1327 754 755 2406 2407 2408 2409 2410 2411 2412 2413 2493 162 298 2267 107 1900 104 2503 211 1353 1985 30 167 2102 2136 2137 2138 2139 1613 626 627 2455 2492 1847 402 1370 1553 628 541 156 257 466 376 50 711 1495 1895 1990 573 45
51 51 73 2043 101 141 2071 320 2072 107 72 74 36 128 235 1349 673 43
58 58 2044 79 2218 2219 2475 2083 80 60 2510 456 2508 2504 747 84 85 1945 749 2507 2505 2506 721 144 603 1336 2084 90 1515 1341 155 1248 178 126 96 2537 2509 389 151 2048 1965 269 288 1302 82 36 225 625 154 471 294 639 235 748 287 143 93 1837 179 95 2067 81 2511 2512 2500 2087 86 2066 152 1957 1950 2158 2160 2155 2179 606 2045 2046 153 301 83 2143 1251 2180 2142 1326 1278 670 1334 358 31 1520 615 2258 673 541 149 2159 2161 2162 2182 1457 2513 142 746 2072 2157 1923 183 2391 87 1865 2181 2529 2530 2531 2532 2533 2534 2535 2536 89 1958 29 2266
60 60 1341 749 84 58 639 79 456 2218 2219 2044 36 82 154 2475 2083 80 85 2510 2537 2508 2504 747 288 1302 603 90 1945 2507 1965 2045 2046 625 2258 615 2505 2506 721 144 294 471 83 1336 2084 1515 235 86 155 1248 178 126 87 1865 89 29 96 1521 151 2509 389 2048 88 269 2158 2160 2155 2179 606 226 301 225 1342 1544 2180 152 358 31 1520
62 62 286 1546 134 259 108 36 133 2488 745 539 2227 2228 2454 130 210 160 162 2133 287 110 167 632 1497 393 132 1928 59 2275 2276 161
66 66 366 2460 2461 265 1506 41 613 2176 367 30 2208 2041 2133 189 2414 271 272 273 274 275 276 277 715 268 270 278 279 56
67 67 109 530 260 494 49 110 605 2042 31 160 2243 2244 161 393 69 113 112 108 111 298 162 107 133 30 167 648 626 2455 2492 1847 402 628 257 2502 376 627 361 1495 1895 292 573 365 529 2133 495 1301 2132 71 68 209 106 2134 2135 1497 1836 2275 2276 745 1976 2355 539 1499 2454 128 2488 715 130 540 259 291 2414 36 70 632 210 1736 1953 1734 286 394 2267 321 141 1347 467 304 673 538 2171 1252 15 1349 1896 756 1494 717 1890 2380 20 1954 2446 1396 208 2377 2378 2379
69 69 2132 49 209 2134 2135 2133 1347 467 304 208 2042 95 67 613 1327 2406 2407 2408 2409 2410 2411 2412 2413 754 755 2493 1900 2267 104 133 1985 211 2102 2136 2137 2138 2139 1353 1553 1370 466 541 648 109 530 260 207 299 2208 377 2087 494 1336 2041 106 68 110 1836 71 1976 2048 2454 210 160 36 70 130 30 2488 745 2096 2246 189 539 1734 321 2249 2568 286 684 2097 156 2420 1736 1516 2180 673 243 464 2434 1349 375 31 129
70 70 2355 162 1289 1290 1288 50 711 318 712 627 49 2275 2276 1497 1953 2487 1252 259 110 2042 69 67 756 1836 2528 2227 2228 2243 2244 2488 393 745 161
73 73 51 2043 101 141 2071 320 2072 107 72 74 36 128
75 75 2417 54 1717 77 78
79 79 84 58 2218 2219 60 456 86 2044 82 154 2475 2083 80 85 2510 749 2508 2504 747 1341 2537 603 90 1945 288 1302 1965 2507 2045 2046 2258 615 2505 2506 721 144 471 83 1336 2084 1515 155 1248 178 625 87 1865 126 89 29 294 96 1521 235 151 2509 389 88 2048 639 36 269 226 225 2158 2160 2155 2179 606 301 2180 2047 152 287 358 1247 748 93 143 1837
80 80 1515 1248 126 58 2067 2500 2066 1251 2044 1326 1278 670 1334 79 2218 2219 2475 2083 541 60 2510 183 1517 456 2508 2068 2069 2504 747 84 85 1945 749 2507 1249 1250 2505 2506 721 28 144 603 1336 2084 90 31 1341 155 178 2092 248 12 96 156 2537 2509 389 151 302 292 2048 1965 269 288 1302 82 36 225 1736 208 185 625 154 471 639 294
81 81 2529 2530 2531 2532 2533 2534 2535 2536 1958 2086 1957 1350 228 2048 155 90 2156 58 500 1959 287 93 2504 747 95 2083 471 96 2508 1336 82 2044
82 82 2045 2046 83 603 90 84 2047 2508 2504 747 79 2218 2219 60 154 456 2505 2506 58 1336 1945 2507 96 2509 389 85 2048 749 178 2510 1341 2258 615 91 2537 471 2044 86 87 1865 1965 89 29 287 288 1302 93 95 1521 2475 2083 80 88 226 179 1837 1957 625 2087 294 639 81 235
83 83 2047 82 2045 2046 603 90 84 2508 2504 747 79 2218 2219 60 154 85 456 2505 2506 58 1336 1945 2507 96 2509 389 2048 749 178
84 84 79 2218 2219 60 82 154 456 58 85 749 1341 2045 2046 2258 615 83 2537 471 86 603 90 87 1865 1965 89 29 288 1302 1521 88 2044 2508 226 2504 747 625 2475 294 639 2083 80 235 2510 2047 155 1247 1945 2505 2506 1336 2507 2158 2160 2155 2179 606 151 1523 1525 2437 1317 301 2494 96 2180 36 2509 358 389 178 152 2145 2146 2147 2148 2149 2150 2151 2152 2153 2154 2048 1520 31 2144 721 144 2084 673 2434 1515 2159 2161 2162 2182 1457 746 2072 2157 1248 1923 2391 126 686 287 93 153
85 85 2218 2219 2508 2504 747 84 58 2505 2506 603 1336 1945 90 2507 96 2509 389 2048 178 79 2510 82 60 2044 456 2475 287 93 95 2083 80 154 179 1837 2087 749 1957 143 2045 2046 83 748 1341 269 31 225 2537 144 721 288 2084 1515 1965 2181 207 2266 155 1302 299 1248 615 2258 2132 126 86 151 471 87 1865
88 88 2494 2434 1355 1412 669 1553 86 458 84 497 208 79 2218 2219 60 82 154 456 1939
90 90 82 2508 2504 747 603 2505 2506 1336 1945 85 2045 2046 2507 83 96 2509 389 2048 91 58 178 84 2510 2218 2219 287 93 95 81 79 2047 60 2044 1957 179 1837 2087 2475 456 143 2083 80 748 31 154 269 225 2529 2530 2531 2532 2533 2534 2535 2536 749 1958 2181 207 2266 299 2086 2132 1341 288 144 721 1965 2537 228
93 93 2266 96 2048 94 287 95 2504 747 1957 98 92 97 1965 1336 2181 2505 2506 2507 603 1945 90 85 178 207 299 2132 2087 2508 228 58 2510 288 81 31 388 82 2218 2219 179 375 1837 129 389 2509 2156 143 2044 748 79
94 94 2266 93 92 97 96 2048 287 95 2504 747 1957 98 1965
95 95 207 299 2132 2087 1336 2048 375 129 93 2504 747 178 1957 287 69 2508 96 208 30 2505 2506 603 1945 90 85 2507 2266 179 1837 209 2510 2134 2135 2181 58 97 2133 143 228 2509 389 49 547 748 590 1985 211 2136 2137 2138 2139 1353 581 2414 715 1553 1370 1347 467 2267 291 81 541 82 2218 2219 94 304 225 377 269 2044 550 613 142 1965 104
96 96 287 93 2504 747 2048 2181 2266 2505 2506 2507 603 1336 1945 90 85 178 2508 288 58 95 94 1957 2510 388 1965 82 2218 2219 2087 179 1837 98 92 389 2509 97 2155 606 143 2044 79 456 748 84 2475 207 299 2083 80 60 286 2132 228 225 269 2238 2239 2045 2046 83 81 31 749
99 99 100 751 750
100 100 99 751 750 31 628 1146 1947 1143 669 174
101 101 51 73 2043 141 72 1349 673 2071 320 2072 107 74 36 2503 1613 2502 156 128 235 625 294
104 104 304 547 105 1327 2406 2407 2408 2409 2410 2411 2412 2413 754 755 2493 1900 2267 2102 69 1997 550 2280 2281 2282 2283 2284 2285 2286 2287 2288 2289 2290 2291 2292 2293 2294 2295 2296 2297 2298 2299 2300 2301 2302 2303 2304 2305 2306 2307 2308 2309 2310 2311 2312 2313 2314 2315 2316 2317 2318 2319 2320 2321 2322 2323 2324 2325 2326 2327 2328 2329 2330 2331 2332 2333 2334 2335 2336 2337 2338 2339 2340 2341 2342 2343 2344 2345 2346 2347 2348 2349 2350 2351 2352 2353 2354 1329 2256 2087 613 30 2096 2246 31 673 2097 2132 49 2133 243 209 2134 2135 18 291 2502 189 1347 467 2208 2095 95
107 107 128 141 43 2071 320 2072 51 1499 111 393 321 291 160 2057 2058 67 1349 673 73 2043 101 167 129 110 235 31 260 109 530 494 49 2502 133 2503 1613 156 112 161 36 108 299 2243 2244 130 1529 2159 2161 2162 1507
109 109 67 530 260 494 49 365 110 605 2042 31 160 1871 2243 2244 161 393 69 113 112 108 111 298 162 107 133 30 167 648 626 2455 2492 1847 402 628 257 2502 376 627 361 1495 1895 724 292 573
110 110 2243 2244 161 393 160 162 67 133 167 361 260 109 1497 2275 2276 530 2355 494 259 2454 2488 745 1953 49 394 130 539 210 1499 286 108 2133 111 1954 112 262 31 107 70 2227 2228 2528 605 2042 62 1546 132 69 632 261 298 756 165 113 1928 1347 467 134 613 185 626 2455 2492 1847 402 628 30 257 128 2502 627 376 1320
115 115 116 2193 2190 114 2191 2192 140 610 138 1734
116 116 115 2193 2190 2191 2192 140 610 138 1734 114 139 316
124 124 464 465 2248 466 117 2249 2568 684 1516 2420 2180 2421 685 20 1302
126 126 2067 2066 80 2068 2069 1515 1248 28 58 2500 1251 2044 1326 1278 670 1334 79 2218 2219 2475 31 2083 541 60 2510 183 1517 456 2508 747 2504 84 85 1945
128 128 107 43 2057 2058 141 129 2071 320 2072 51 1499 1529 111 299 1507 135 1528 36 393 31 130 690 321 291 160 1734 67 1349 673 73 2043 101 167 2502 110 2056 626
129 129 299 95 128 690 673 207 2132 2087 1336 97 2048 590 581 107 43 291 31 2502 2503 375 1613 93 747 2504 178 287 1957 625 2057 2058 1284 2144 294 69
130 130 132 133 1712 2454 2488 745 210 160 539 131 286 2133 43 110 259 551 553 552 290 1656 167 1546 62 393 632 2057 2058 2243 2244 31 128 321 161 1347 467 1928 108 134 111 613 2227 2228 185 756 67 69 1497 162 673 208 1320 209 2134 2135 229 107 2502
131 131 1712 551 553 552 290 132 1656 587 524 130 229 2272 31 547 133 1661 2548 231 619 2273 321
132 132 130 1712 131 551 553 552 290 1656 133 321 673 2454 2488 745 229 210 160 539 286 2133 43 31 110 2502 259 2503 1613 1661 167 1546 62 2548 231 393 632
133 133 2454 130 2488 745 210 160 539 286 2133 110 259 132 167 1546 62 393 632 2243 2244 161 1347 467 1928 108 134 111 613 2227 2228 185 756 69 1497 162 67 208 1320 209 2134 2135 260 361 1712 1954 1953 49 2208 2132 112 262 2117 2119 2120 2121 2122 1481 2041 261 2007 109 2275 2276 2118 194 530 196 131 31 165 494 107 2355 378 394 1499 183 43 1985 211 2136 2137 2138 2139 1353 189 540 1553 1370 287 195 541
135 135 2056 594 136 265 43 137 2021 2203 2204 2176 2057 2058 128 2460 2495 1705 732 581 2387 573 2461
136 136 2203 2204 457 135 2056
137 137 2495 1705 732 581 2387 573 2144 2388 2389 2390 2446 15 135 31 582 1706 2056 226 600 299 302 626 2455 2492 1847 402 628 257 2502 376 627
138 138 139 140 2190 1946 2191 2192 610 116 115 2193 1734
139 139 138 140 2190 1946 2191 2192 610 116
140 140 138 2190 139 2191 2192 610 116 115 2193 1734 1946 316
141 141 2071 320 2072 107 51 128 73 2043 101 235 43 321 291 2159 2161 2162 1499 72 2157 1923 111 2158 2160 74 301 393 36 160 358 456 152 2057 2058 67 1349 673 625 294 167
142 142 143 225 178 748 2510 2143 179 1837 2142 2511 2512 2087 144 269 2504 747 2507 2513 1945 497 58 2505 2506 1950 2475
143 143 142 225 178 748 2510 2143 179 1837 2142 2511 2512 2087 144 269 2504 747 2507 2513 1945 497 58 2505 2506 1950 95 2475 603 1336 90 96 85 2048 2508 1939 458 2218 2219 2044 93 287 79
144 144 2475 721 713 714 1837 58 143 2044 142 79 178 2218 2219 2083 2510 80 60 31 456 225 747 2504 2508 84 85 1945 2005 2507 179 749 2505 2506 603 748 90 1336 1515 2084
145 145 2073 2074 146
147 147 1297 1295 148 631 1647 1300 314 1298 1296 2
149 149 2075 2076 2078 150 2077 2080 2079 2081 614 153 151 152 2085 1704 2082 471 2083 157 625 294 235 2084 154 2158 2160 473 458 155 301 31 358 456 58 1520 156 673 2159 2161 2162 2182 1457 2030 746 2072 2157 1923 2391
150 150 1704 149 614 153 2075 2076 2078 2077 2080 2079 2081 473 458 151 152 2085 2082 472 497 471 2083 157 31 155 625 294 235 622 1939
151 151 471 153 2083 152 149 155 2080 2085 2084 2079 2081 614 154 2075 2076 2078 150 2077 58 625 294 1704 235 2258 615 2158 2160 157 2082 301 456 1521 84 358 79 2044 1520 2218 2219 226 60 673 2159 2161 2162 2475 2182 1457 2030 746 80 2072 2157 1923 2391 156 2510 686 1247 2508 749 190 2504 747 85 1523 1525 2537 2437 1317
152 152 2080 2079 2081 614 151 153 625 294 235 2085 149 2158 2160 1704 301 471 358 2083 456 1520 673 2159 2161 2162 2182 1457 2075 2076 2078 2030 746 150 2072 2157 1923 2391 155 2077 686 190 486 487 293 2084 2537 154 749 2503 2449 295 2502 157 288 1302 1613 2416 306 2567 58 1621 1620 2082 84 2450 2451 2452 1640 1270 195 31 189 141 291 599 156 468 25 60 1703 192 79 1684 469 1698 2127 233 615 2258
153 153 2085 151 152 149 2079 2081 2080 614 150 471 2083 2075 2076 2078 157 2077 155 1704 625 156 294 235 2084 2158 2160 154 2082 301 358 456 1520 1747 673 31 2159 2161 2162 2182 1457 58 2030 746 2072 2157 1923 2391 541 686 190 615 2258 1349 377 2502 84 293
154 154 2258 615 471 1521 84 226 1247 155 151 1523 1525 2437 1317 79 2145 2146 2147 2148 2149 2150 2151 2152 2153 2154 2218 2219 2144 60 82 456 2083 58 85 153 749 152 1341 581 2045 2046 83 149 2537 1524 86 31 603 90 2084 87 1865 1965 89 29 288 1302 227 88 2044 2508 625 294 747 2080 2504 2079 2081 235 2475 614 639 80 2085
155 155 471 2083 151 2084 154 58 153 152 81 2258 615 149 84 1521 2044 79 2085 2218 2219 2475 226 80 60 2510 2529 2530 2531 2532 2533 2534 2535 2536 1958 2080 456 2086 2079 2081 614 2508 2075 2076 2078 1957 2504 747 150 1247 2077 85 1523 1525 2437 1317 625 1945 235 294 749
156 156 1747 541 1349 377 2220 2221 2472 1736 378 208 2471 1992 2272 6 153 1370 211 1838 646 1353 2467 2468 2469 2470 1850 1884 718 2428 1985 2136 2137 2138 2139 2466 526 740 1553 351 2273 619 1561 542 1348 1496 1845 524 2164 2132 209 2035 2381 2382 2134 2135 302 2133 1248 292 1495 540 80 1352 1356 1357 1361 1362 1363 1364 1365 1367 1369 1371 1372 1374 1376 1377 1379 1380 1381 1382 1383 1385 1388 1389 1390 1391 1392 1393 1394 1397 1399 1400 1401 1405 1406 1407 1408 1409 1410 1411 1413 1415 1417 1418 1419 1421 1422 1423 1424 1425 1426 1427 1428 1430 1432 1433 1434 1435 1436 1437 1438 1439 1440 1441 1442 1443 1445 1446 1447 1448 1449 1450 1451 1452 1453 1455 1456 1458 1459 1460 1461 1462 1463 1464 1465 1466 1467 1468 1469 1470 1471 1472 1473 1474 1475 1476 1478 1479 1373 1378 1402 1403 1416 1431 1444 1477 1396 643 645 647 651 652 653 655 657 658 660 661 662 663 664 665 305 308 313 585 1318 1354 1366 1375 1384 1386 1395 1404 1414 1420 1454 1480 644 649 659 307 311 1358 1368 1398 38 607 650 654 656 666 1360 1429 310 312 50 525 1387 2085 642 309 314 709 151 1350 1355 612 180 1412 101 306 648 46 69 1457 1347 315 467 107 152 49 149 2571 163 31 1351 2434 2377 2378 2379
160 160 167 110 133 393 2243 2244 2454 161 2488 745 130 210 108 67 1954 261 260 262 539 112 111 286 165 162 2133 107 259 361 394 1497 109 530 132 62 1546 494 2275 2276 632 49 1645 2355 1499 1953 128 31 2227 2228 1928 1347 467 134 141 613 69 756 185 1320 208 209 2134 2135 605 1646 164
161 161 361 110 2243 2244 393 160 108 111 167 162 67 133 260 109 1497 2275 2276 530 2355 494 259 2488 745 2454 1499 1953 394 49 130 539 31 210 286 2133 1954 112 756 107 262 62 164 70 2227 2228
162 162 2275 2276 1497 2355 1953 259 110 756 70 2528 2227 2228 2243 2244 393 2488 745 160 161 539 1954 286 108 111 298 167 67 133 1499 361 164 1498 62 1546 1500 1501 1502 656 632 260 109 530 540 2454 49 494 394 1928 130 210 31 2133 1320 112
163 163 2232 2233 2234 2235 2236 2237 1728 1889 1296 2030 108 111 291 1349 673 31 2502 2503 1613 156
165 165 1645 1646 186 108 160 167 110 133 393
166 166 2453 108
167 167 393 160 110 108 133 394 161 259 2243 2244 162 1954 262 67 112 111 2488 745 539 2454 286 107 130 210 260 261 361 165 2133 2227 2228 31 1497 2275 2276 2355 109 530 1953 1499 62 494 49 1546 128 632 132 756 141
172 172 266 2569 2570 177 176 171 175 174 30 673 470 265 2414 715 321 31 2267 709 2502 2503 1613 2257 628 625 2176 294 1146
174 174 470 2257 1147 1146 1143 751 750 628 172 266 2569 1948 1947 2570 175 31 100 669
178 178 179 1837 2087 143 748 2510 2504 747 2507 225 142 1945 269 2513 2505 2506 95 603 1336 497 90 96 85 58 2048 2508 2511 2512 2143 2142 1950 93 287 2218 2219 1939 144 82 458 207 299 2044 2132 2475 79 2509 389 1957 547 2083 80 60 84 456 2266 2181 2045 2046 375 83 129
179 179 178 1837 2087 143 748 2510 2504 747 2507 225 142 1945 269 2513 2505 2506 95 603 1336 497 90 96 85 58 2048 2508 2511 2512 2143 2142 1950 93 287 2218 2219 1939 144 82 458 207 299 2044 2132 2475
180 180 181 1349 156
181 181 180 1349
183 183 2092 248 12 185 11 186 2117 2119 2120 2121 2122 187 182 2007 2118 194 210 196 15 30 1615 80 195 496 250 249 251 184 252 2580 364 16 17 14 573 1617 1931 2414 715 1927 1515 2267 2123 2126 1248 31 2124 2125 126 2127 193 1537 708 78 133 192 296 500 1852 690 358 13 1619 58
185 185 2117 2119 2120 2121 2122 2007 2118 194 210 196 183 195 496 2580 364 2092 248 12 2123 2126 2124 2125 2127 1537 193 78 708 133 192 296 500 30 690 358 11 295 2454 1481 198 130 2488 745 197 160 228 186 539 187 182 2414 486 487 286 715 378 15 2267 2133 110 1615 1520 80
189 189 469 2255 2256 2254 2391 687 613 520 1715 306 1118 2208 2041 468 294 1940 1970 188 2133 704 2040 547 1457 2158 2160 301 686 1347 467 358 2182 673 456 152 69 1282 66 133 625 2004 1997 550 2280 2281 2282 2283 2284 2285 2286 2287 2288 2289 2290 2291 2292 2293 2294 2295 2296 2297 2298 2299 2300 2301 2302 2303 2304 2305 2306 2307 2308 2309 2310 2311 2312 2313 2314 2315 2316 2317 2318 2319 2320 2321 2322 2323 2324 2325 2326 2327 2328 2329 2330 2331 2332 2333 2334 2335 2336 2337 2338 2339 2340 2341 2342 2343 2344 2345 2346 2347 2348 2349 2350 2351 2352 2353 2354 1329 208 235 209 104 2134 2135 2087 190
190 190 599 746 301 2182 293 2445 625 2449 1621 294 1620 1970 188 1270 1514 235 2158 2160 302 25 1520 358 456 152 673 1457 752 2391 514 1512 686 2159 2161 2162 2072 2157 1923 31 291 480 2377 2378 2379 321 486 487 2537 2502 749 2080 2503 709 6 295 614 1302 2079 2081 288 1613 151 153 306 1272 189 1513 195
194 194 364 196 185 2117 2119 2120 2121 2122 2007 2118 210 195 183 197 496 198 2580 2123 2126 2124 2125 2127 2092 248 296 12 500 358 1537 193 78 708 133 192 30 690 295
195 195 2123 2126 2124 2125 2127 296 500 358 185 295 486 487 194 196 228 2117 2119 2120 2121 2122 2007 2118 210 1520 183 625 294 235 231 2548 364 2156 496 1299 2158 2160 1957 301 2580 230 2092 248 456 152 12 229 673 2182 483 484 485 2159 2161 2162 746 1457 291 2072 2157 1923 2391 1537 193 78 708 133 192 686 190
196 196 194 185 364 2117 2119 2120 2121 2122 198 197 2007 2118 210 195 183 496 2580 2123 2126 2124 2125 2127 2092 248 296 12 500 31 358 193 1537 708 78 133 192 690 30 295 11
199 199 2128 1685 200 202 201 2207 1703 1684 1698
207 207 375 95 299 2132 2087 1336 2048 129 93 376 2504 747 178 1957 287 69 2508 96 208 30 2505 2506 603 1945 90 85 2507 2266 179 1837 209 538 2134 2135 58 2181 2510
208 208 1985 211 2136 2137 2138 2139 1353 1553 1370 2132 541 209 2134 2135 2133 377 1347 467 69 156 1736 2434 95 2220 2221 2472 378 613 2471 1992 2272 210 133 49 6 1747 1349 2467 2468 2469 2470 646 1850 1884 718 2466 1355 1412 669 88 304 207 1493 299 2428 2208 1494 2087 526 1336 2041 740 351 542 1348 1496 1845 2273 619 1561 524 2164 2454 2048 2035 2381 2382 130 2488 745 2042 1248 539 160 189 1495 540 286 80 709
209 209 1347 467 69 208 2134 2135 2133 2132 49 1985 211 2136 2137 2138 2139 1353 1553 1370 541 304 613 377 133 2042 95 156 1736 67 466 2434 1327 2406 2407 2408 2409 2410 2411 2412 2413 754 755 2493 2208 1900 2267 104 2041 2220 2221 2472 378 2102 2454 2471 130 2488 745 1992 2272 210 160 648 189 539 6 286 207 110 299
210 210 133 185 2454 2117 2119 2120 2121 2122 1481 130 2488 745 2007 2118 160 194 196 539 286 378 183 2133 110 195 259 208 496 2580 364 132 167 1546 62 2428 393 2092 248 632 12 2243 2244 1347 467 161 2123 2126 2124 2125 1928 108 134 613 2127 111 69 1537 193 377 2227 2228 78 708 192 296 756 1497 500 162 67 1985 211 2136 2137 2138 2139 1353 30 690 358 1553 1370 1320 2132 541 209 2134 2135 11
211 211 208 541 1493 1985 2136 2137 2138 2139 1353 1494 1370 1553 2132 209 2134 2135 2133 1349 377 1347 467 69 156 1736 1495 2434 95 2220 2221 2472 378 613 2471 1747 1992 2272 210 49 133 6 646 2467 2468 2469 2470 1850 1884 718 2466 1355 1412
212 212 213 214 216 2140 2141 215 30 2414 715 2267
213 213 212 214 216 2140 2141 215 30
214 214 212 213 216 2140 2141 215 30
216 216 212 213 214 2140 2141 215 30
217 217 218 2438 2439 1706 460 219 496 30 220 1705 458 2118 2414 715 2267
218 218 217 2438 2439 1706 460 220 219 496 30 1705 458
223 223 224
224 224 223
226 226 2145 2146 2147 2148 2149 2150 2151 2152 2153 2154 2144 154 581 2258 615 471 227 1521 84 1247 137 155 151 1523 1525 2437 1317 79 2218 2219 60 82 456
228 228 2156 1957 500 2124 2125 2048 232 81 195 496 231 230 296 229 2548 287 2529 2530 2531 2532 2533 2534 2535 2536 2123 2126 1958 93 2127 2086 2118 1299 95 295 1661 1656 358 2504 747 185 96 1336 2181 1350 2266 90
229 229 1661 1656 2548 231 230 295 1712 496 290 228 2127 358 551 553 552 131 132 690 2118 2156 1957 500 195 486 487 130 359 1296
230 230 2548 231 229 295 228 1661 2127 1656 358 496 2156 1957 500 195 486 487 1712 359 1296 290 2118 2124 2125
231 231 230 295 229 2548 1661 2127 1656 358 496 228 195 486 487 1712 2156 2118 359 1296 1957 500 290 625 291 294 235 2124 2125 2123 2126 551 553 552 131 296 132 2158 2160 690 185 301
233 233 234 529 235 533 31 2159 2161 2162 2072 2157 1923 2158 2160 301 358 456 152
234 234 233 529 235 533
235 235 2159 2161 2162 2072 2157 1923 2158 2160 301 358 456 152 673 625 294 2416 2567 141 486 487 2537 190 749 2080 2503 295 192 2079 2081 614 288 1302 1613 2502 151 1520 153 233 2182 746 1457 291 195 84 2391 686 58 2085 149 320 2071 107 2127 293 60 599 79 51 2155 2179 606 324 234 1924 2083 2449 1704 2370 2548 231 2218 2219 471 2180 1621 1620 2123 2126 2124 2125 31 1270 483 484 485 2450 2451 2452 150 1640 296 101 1965 2044 321 500 332 2075 2076 2078 342 314 2030 547 189 763 791 1556 1557 1566 1567 1568 1569 1570 1571 1572 1573 1574 1575 1576 1577 1578 1579 1580 1581 1582 1583 1584 1585 1586 1587 1588 1589 1590 1591 1592 1593 1594 1595 1596 1597 1598 1599 1600 1601 1602 1603 1604 1605 1606 1607 1608 1609 1610 1611 1612 1614 607 637 528 682 688 697 1029 1309 1354 1366 1384 1386 1395 1480 1554 1558 1560 1562 1563 1564 1565 39 701 737 519 1360 1368 1555 1559 642 711 1866 1387 154 155 2077 82 306 316 2475 709
236 236 1699 2163 2164 237 2471 1698 562 526 561 2363 377
237 237 562 561 2363 583 407 236 406 1699 413 455 2163 2164
238 238 2168 2169 247 239 2577
239 239 2577 240 238 2168 2169
246 246 2396 258 245 673 2503 1613 2502 625 294
248 248 183 2092 12 186 249 251 252 250 185 11 2117 2119 2120 2121 2122 187 182 2007 15 2118 194 210 196 1615 30 80 195 184 2010 496 2580 364 16 17 14
255 255 2170 256
257 257 2171 31 626 2455 2492 1847 402 628 2502 376 627 1495 1895 573 67 1736 538 15 1252 1896 1494 1890 20 2446 494 718 646 49 109 530 260 720 112 1147 1146 1280 283 634 673 1143 751 137 113 750 638 732 569
259 259 2227 2228 2488 745 539 286 162 133 1497 1546 62 632 2275 2276 2355 1954 1953 110 1928 393 167 2454 130 210 160 1320 2133 756 70 2528 2243 2244 161 108 111 31 67 132 298 540 287 134 1347 467 613 1499
260 260 67 109 530 494 49 110 160 605 2042 31 2243 2244 393 161 167 69 133 112 113 108 111 298 162 107 30 648 626 2455 2492 1847 402 628 257 2502 361 376 627 1495 1895 292 2133 573 2454
265 265 2176 2460 2461 66 271 272 273 274 275 276 277 270 278 268 279 56 266 135 267 269 366 2056 1742 172 1950 391 31 2511 2512 748 2510 1506 41 225
266 266 172 2569 265 321 2570 709 673 177 176 171 175 2176 174 31 2460 30 2502 2503 1613 625 294 470 235 626 627 628 2455 2492 402 1847 2461 715
267 267 1742 391 392 1504 640 390 265 2176 2460
269 269 1950 2511 2512 748 2510 225 2513 178 497 2507 1945 1949 2143 143 2142 265 58 179 1837 1939 2504 747 458 2087 142 2176 2508 2044 2505 2506 2460 79 85 603 1336 90 2218 2219 2475 96 2083 80 60 2048 456 95
286 286 1546 62 259 133 2488 745 539 2227 2228 2454 130 210 160 162 2133 287 110 632 134 167 108 393 132 1928 36 2275 2276 1497 2355 1953 1954 2243 2244 2181 161 96 1347 467 1320 111 613 185 2048 756 67 69 31 208 209 2134 2135
287 287 2181 96 2048 93 388 2504 747 1957 1965 95 288 286 2266 1336 2238 2239 2505 2506 2507 603 1945 90 85 178 2508 228 58 2087 207 299 2155 606 2132 94 1546 62 2510 81 31 82 2218 2219 456 389 259 179 1837 133 2509 2156 98 92 97 375 2044 143 84 129 79
288 288 2155 606 456 2537 749 1302 96 287 84 625 294 235 58 60 79 2158 2160 2179 301 2218 2219 2180 358 152 2181 1520 93 1965 673 2159 2161 2162 2044 2182 1457 746 2504 747 2072 2157 1923 2391 2048 82 154 2475 686 85 2083 80 1341 2510 190 2508 603 90 31 1945 2507 486 487 293
290 290 1712 551 553 552 131 1656 132 357 1299 291 229 130 1661 31 2548 231 547 230 321 295
292 292 2380 2377 2378 2379 605 6 302 494 2035 2381 2382 480 1248 690 377 291 1349 67 717 1993 2220 2221 2472 2500 156 7 8 9 10 1984 378 31 80 2471 1992 2272 1891 1261 600 570 1299 1507 2030 580 573 1736 109 530 260
293 293 746 2182 190 2449 625 1621 1620 1270 291 301 294 25 599 1520 2158 2160 752 358 514 456 152 673 235 31 1457 2445 2391 686 486 487 2502 1272 2537 188 1970 295 749 1324 2080 2503 1514 614 2079 2081
294 294 1457 2158 2160 2391 301 686 358 2182 456 152 673 625 235 306 190 2450 2451 2452 1640 486 487 189 2449 2537 293 1621 1620 469 746 749 2080 2503 468 295 1520 2079 2081 614 288 1302 1613 2502 1703 1270 1684 151 1698 153 2159 2161 2162 291 195 84 2072 2157 1923 25 58 2085 149 599 2255 2127 2256 60 2254 79 687 2155 2179 606 752 613 2083 514 1704 2370 2548 231 2218 2219 471 2180 1750 1975 2123 2126 31 2416 2567 2124 2125 709 483 484 485 321 150 296 1965 2044 500 332 2075 2076 2078 342 2445 314 2030 547 763 791 1556 1557 1566 1567 1568 1569 1570 1571 1572 1573 1574 1575 1576 1577 1578 1579 1580 1581 1582 1583 1584 1585 1586 1587 1588 1589 1590 1591 1592 1593 1594 1595 1596 1597 1598 1599 1600 1601 1602 1603 1604 1605 1606 1607 1608 1609 1610 1611 1612 1614 607 637 528 682 688 697 1029 141 1309 1354 1366 1384 1386 1395 1480 1554 1558 1560 1562 1563 1564 1565 39 701 737 1349 519 1360 1368 1555 1559 642 711 1866 1387 154 155 2077 82 107 2475 316 609 631 1552 1927 1412 129 266 101 246 46 172 1561 322 80
295 295 2127 2548 231 358 230 229 195 486 487 359 1296 1661 625 291 294 235 1656 2123 2126 2124 2125 296 500 2158 2160 301 1520 228 496 456 152 185 673 483 484 485 2159 2161 2162 2182 1457 746 2072 2157 1923 2391 686 1712 190 2118 293 290 194 196
296 296 2124 2125 195 500 2123 2126 2127 1299 358 291 228 185 295 486 487 194 196 2156 2117 2119 2120 2121 2122 1957 2007 2118 210 1520 496 183 625 294 235 231 2548
298 298 540 2274 1396 291 162 67 560 529 539 541 109 2275 2276 530 260 1497 494 110 2355 1953 547 49 259 533
299 299 129 95 207 2132 2087 1336 97 2048 590 581 291 375 93 128 2504 747 178 1957 690 287 1284 2144 69 2508 137 96 208 30 673 2505 2506 603 1945 90 85 2507 2266 107 179 1837 2522 209 2134 2135
301 301 190 625 294 235 2158 2160 746 2182 599 358 456 152 1520 673 2159 2161 2162 1457 2072 2157 1923 2391 293 686 291 321 709 2449 2445 486 487 1621 1620 2537 1270 749 2080 2503 295 2502 1302 2079 2081 614 288 1613 306 151 2416 2567 153 2450 2451 2452 1640 1970 188 195 84 25 31 189 1514 141 58 2085 149 468 302 1703 192 1684 469 1698 2127 233 60 752 79 514 606 2179 2155 107 2083 1704 2370 320 2548 231 2218 2219
302 302 480 2377 2378 2379 6 292 1993 2035 2381 2382 1891 600 1261 1299 570 1507 2380 2030 580 605 1248 377 291 573 190 1994 1349 673 164 2172 494 2220 2221 2472 2500 156 2446 15 7 8 9 10 1984 378 599 80 2471 746 1992 2272 301 137 2503 1613 2502 2182 1736 690 625
304 304 1327 2406 2407 2408 2409 2410 2411 2412 2413 754 755 2493 1900 2267 104 2102 69 30 2096 2246 2097 2132 49 243 209 2134 2135 2133 18 291 1347 2095 467 2414 715 2217 673 208 2042 547 105 19 2036 31 95 67 613 2098 2099 2100 2101
306 306 2391 189 294 321 291 1349 673 469 2255 2256 2254 687 1457 2158 2160 613 301 686 358 2182 456 152 2503 1613 2502 156 520 1715 1118 468 2208 190 2041 625 2450 2451 2452 1640 235
315 315 1870 2427 291 1349 156
316 316 1734 610 1618 670 321 291 673 2190 318 1387 45 1737 1738 1739 1740 1741 985 1375 711 708 648 46 1561 49 43 2503 2191 2192 1613 2502 140 1736 2042 116 2029 294 625 690 235 31
320 320 141 2071 2072 107 51 321 291 128 73 2043 101 235 43 2159 2161 2162 301 1499
322 322 2525 2523 2524 321 291 709 673 2503 1613 2502
351 351 1992 740 1561 377 291 709 2220 2221 2472 378 2471 2272 156 6 1736 208 323 2428 1944 541 1943 1922 1942 1747 526 2273 619 321 524 2164
358 358 486 487 295 195 625 294 235 2127 2158 2160 301 2548 231 2123 2126 456 1520 152 2124 2125 673 483 484 485 2159 2161 2162 2182 296 1457 746 2072 2157 1923 500 2391 686 230 190 185 229 293 2537 2080 749 2503 2449 2079 2081 288 1302 614 1613 2502 151 2416 306 2567 1621 153 1620 291 359 1296 2450 2451 2452 228 1640 1270 194 196 84 189 141 2117 2119 2120 2121 2122 599 58 1661 2085 149 2007 2118 468 210 25 1656 1703 192 1684 469 1698 183 233 60 79 496
361 361 161 110 2243 2244 393 160 108 111 167 162 67 133 260 109 2275 2276 1497 530 2355 494 259 31 2488 745 1499
362 362 363 612 1505 1346 1349 31 2418 2419
363 363 362 612 1505 1346 2418 2419 31
364 364 194 196 197 185 2117 2119 2120 2121 2122 2007 2118 210 195 183 198 496 2580 2123 2126 2127 2092 248
365 365 1871 724 109 2479 2480 67 31 725
366 366 66 2460 367 30 2461 265 1506 41 2414 715 2267 613 2176
368 368 2209 1264 1744 1351 371 2210 2211 2212 2213 2214 369 370 372 373 374 192 709 1349
371 371 1351 2210 2211 2212 2213 2214 368 2209 1264 1744 1349 369 370 372 373 374
375 375 207 95 376 299 2132 2087 1336 2048 538 31 129 93 747 2504 1847 1957 287 69 535 178
376 376 538 535 31 1847 1846 283 375 536 626 2455 2492 402 628 257 2502 627 1495 1895 573 67 207 1736 2171 15 1252 1896 1494 1890 20 2446 494 718 646 49 109 537 530 260 720 112 1147 1280 1146 634 673 750 751 1143
377 377 2220 2221 2472 378 2471 1992 2272 156 6 1736 208 2428 541 526 740 351 2273 619 1747 1561 524 2164 2035 2381 2382 1370 1349 2467 2468 2469 2470 646 718 1850 1884 211 1985 302 2466 1353 2136 2137 2138 2139 292 1553 2132 209 2134 2135 2133 1699 2377 2378 2379 1347 467 69 1503 2571 2380 210 480 605 7 8 9 10 1984 31 2434 153 111 95 2163 236 1734 613
378 378 2428 377 2220 2221 2472 1503 2471 1992 2272 156 210 6 1736 208 541 526 740 351 2273 619 1747 1561 524 2164 2035 2381 2382 1370 1349 2467 2468 2469 2470 646 1850 1884 718 211 1985 302 2466 1353 2136 2137 2138 2139 292 1553 133 2132 185 209 2134 2135 2133
382 382 753 2520 2521 379
386 386 23 2229 2230 2231 387 2177 1243 1851 26 22 21
387 387 1243 23 386 2229 2230 2231 2177 1703 1684 1698 1851 26 22 1686 1688 1689 1690 1691 1692 1693 1697 703 1695 1685
388 388 2238 2239 2181 287 389 96 2048 2508 93 2504 747 1957
389 389 2508 2509 2505 2506 603 1336 1945 90 85 388 58 2504 747 82 2218 2219 2238 2239 2507 2510 2181 96 95 2048 2044 178 79 84 2475 2083 80 60 287 2045 2046 456 83 93 2087
390 390 392 391 267 1742 640 1504
391 391 1742 392 267 390 640 1504 265
392 392 390 391 267 1742 640 1504
393 393 167 110 160 2243 2244 161 262 108 1954 112 111 133 162 67 107 259 361 394 2488 745 539 260 1497 286 2454 2275 2276 109 530 130 210 2355 1499 494 1953 128 31 49 2227 2228 2133 141 165 261 62 756 1546 632 70 132 168 627 164 2528
397 397 2245 455 2371 406 398 413 2178 407 589 1520
398 398 2178 397 2245 455 2371
399 399 2247 403 404 400 402 401 601 2514 2383 2384
401 401 601 2514 2383 2384 403 404 399 1359 2247 1484 1485 1486 1487 2422 2423 2424 2425 2426
402 402 31 399 626 2455 2492 1847 628 257 2502 376 627 1495 1895 573 2247 67 1736 538 2171 15 1252 1896 1494 1890 20 2446 494 718 646 49 109 530 260 720 112 1147 673 1146 1280 283 634 1143 751 137 113 750 732 602 611 620 624 635 636 641 667 668 671 674 676 726 731 758 759 760 761 762 764 765 766 767 768 770 771 772 773 774 775 776 777 778 779 780 781 782 783 784 785 786 787 788 789 790 792 793 794 795 796 797 798 800 801 802 803 804 805 806 807 808 809 810 811 813 814 815 816 817 818 819 820 821 822 823 824 825 826 827 828 829 830 831 832 833 834 835 836 837 838 839 840 841 842 843 844 845 846 847 848 849 850 851 852 853 854 855 856 857 858 859 860 861 862 863 864 865 866 867 868 869 870 871 872 873 874 875 877 878 879 880 881 883 884 885 886 887 889 890 891 893 894 895 896 897 898 899 900 901 902 903 904 905 906 907 908 911 912 913 914 915 916 917 918 919 920 921 922 923 924 925 926 927 928 929 930 931 932 933 934 935 936 937 938 939 940 941 942 943 944 945 946 947 948 949 950 953 954 955 956 957 958 959 960 961 962 963 964 965 966 967 968 969 970 971 972 973 974 975 976 977 978 979 980 981 982 983 984 986 987 988 989 990 991 992 993 994 995 996 997 998 999 1000 1001 1002 1003 1004 1005 1006 1007 1008 1009 1010 1011 1012 1013 1014 1015 1016 1017 1018 1019 1020 1022 1023 1024 1025 1026 1027 1028 1030 1031 1032 1033 1034 1035 1036 1037 1038 1039 1040 1041 1042 1043 1044 1045 1046 1047 1048 1049 1050 1051 1052 1053 1054 1055 1056 1057 1058 1059 1061 1062 1063 1064 1065 1066 1067 1068 1069 1070 1071 1072 1073 1074 1075 1076 1077 1078 1079 1080 1081 1082 1083 1084 1085 1086 1087 1088 1089 1090 1091 1092 1093 1094 1095 1097 1098 1099 1101 1102 1103 1104 1105 1106 1107 1108 1109 1110 1111 1112 1113 1114 1115 1116 1117 1119 1121 1122 1123 1124 1125 1126 1127 1128 1129 1130 1131 1132 1133 1134 1135 1136 1137 1138 1139 1140 1141 1142 1144 1145 1148 1149 1150 1151 1152 1153 1154 1155 1156 1157 1158 1159 1161 1162 1163 1165 1166 1167 1168 1169 1170 1171 1172 1173 1174 1175 1176 1177 1178 1179 1180 1181 1182 1183 1184 1185 1186 1187 1188 1189 1190 1191 1192 1193 1194 1195 1196 1197 1198 1199 1200 1201 1202 1203 1204 1205 1207 1208 1209 1210 1211 1212 1213 1214 1215 1216 1217 1218 1219 1220 1221 1222 1223 1224 1225 1226 1227 1228 1229 1230 1231 1232 1233 1235 1236 1237 1238 1239 1241 1242 1259 1260 1266 1285 1337 1338 1545 1547 1853 1963 2011 716 910 1548 719 876 13 42 52 114 173 264 281 493 518 548 549 515 633 638 643 645 647 651 652 653 655 657 658 660 661 662 663 664 665 672 675 521 677 681 683 689 691 692 693 694 696 699 700 702 710 713 714 725 169 728 729 325 341 344 349 356 734 736 738 741 742 270 278 757 763 769 791 799 812 888 892 909 951 952 985 1021 1060 1096 1120 1164 176 1234 1268 1274 1482 1633 1733 1891 193 32 38 607 584 569 516 637 644 649 650 654 656 659 666 670 505 682 688 319 697 706 717 723 733 332 335 336 350 735 739 743 744 1029 175 528 1160 279 1240 597 110 605 39 45 56 188 640 310 312 679 680 695 698 701 703 708 737 1261 1328 1334 489 2467 2468 2469 2470 86 197 642 309 685 711 71 74 570 1850 1884 314 501 111 507 192 375 2 186
406 406 413 455 2371 397 407 405 408 409 410 411 412 414 415 416 417 418 419 420 421 422 423 424 425 426 427 428 429 430 431 432 433 434 435 436 437 438 439 440 441 442 443 444 445 446 447 448 449 450 451 452 453 454 237 2245 589 562 1520
413 413 406 455 2371 397 407 405 408 409 410 411 412 414 415 416 417 418 419 420 421 422 423 424 425 426 427 428 429 430 431 432 433 434 435 436 437 438 439 440 441 442 443 444 445 446 447 448 449 450 451 452 453 454 237 2245 589
455 455 2371 397 406 2245 413 407 589 1520 398 405 408 409 410 411 412 414 415 416 417 418 419 420 421 422 423 424 425 426 427 428 429 430 431 432 433 434 435 436 437 438 439 440 441 442 443 444 445 446 447 448 449 450 451 452 453 454 237 625 2178
456 456 2537 749 288 1302 84 625 294 235 58 60 79 2158 2160 2155 2179 606 301 2218 2219 2180 358 152 1520 1965 673 2159 2161 2162 2044 2182 1457 746 2072 2157 1923 2391 82 154 2475 686 2083 80 1341 85 2510 190 2508 2504 747 486 487 293 151 603 90 2080 2503 2449 295 2502 153 1945 2079 2081 614 1613 621 2416 306 96 2567 2507 1621 1620 466 471 2045 2046 2258 615 2505 2506 721 639 144 86 83 2450 2451 2452 1640 1336 2084 1515 1270 195 31 155 1248 189 178 141 126 87 1865 287 89 29 632 291 599 1521 2085 149 36 2048 2509 389 468 88 709 25 1703 192 1684 269 469 1698 2127 233 226 225
458 458 497 1939 748 459 460 88 150 2513 269 2494 225 1704 178 496 217 2434 149 2511 2512 2510 143 1950 2143 614 179 1837 2142 218 2438 2439 1706
460 460 217 218 2438 2439 1706 458 497 219 496 30 1939 220 1705
461 461 462 463
462 462 461 463
463 463 462 461
464 464 465 2248 124 466 2249 2568 684 1516 2420 2180 2421 685 20 117 1302 621 31 1965 467 1495 720 69 2179
465 465 464 2248 124 466 685 1516 2249 2568 684 2420 2180 20 2421 117 1302 720
466 466 2249 2568 684 2420 1516 2180 464 2421 465 2248 124 20 1302 621 1965 467 69 720 2179 1495 2359 2360 2361 2362 1540 1636 97 1634 679 501 456 1517 209 2134 2135 31 2133 2132 49 1347 1494
467 467 209 2134 2135 2133 1347 69 208 613 2132 133 49 1985 211 2136 2137 2138 2139 1353 466 1553 1370 541 2208 304 2041 377 2454 210 130 2488 745 160 189 539 2042 95 2249 2568 286 684 2420 1516 2180 156 67 110 464 1736 2434 1327 2406 2407 2408 2409 2410 2411 2412 2413 754 755 2493 259 2040 1900 2267 104 2220 2221 2472
469 469 189 2255 2256 2254 2391 687 468 613 294 520 306 1715 1118 2208 2041 1940 1970 188 2133 1457 2158 2160 301 686 704 2040 358 547 2182 456 152 673 625
470 470 2257 174 1147 1146 1143 751 750 628 172 266 2569
471 471 155 151 154 2083 2258 615 153 152 1521 84 149 226 2084 1247 2080 2085 2079 2081 614 58 1523 1525 2437 1317 79 2075 2076 2078 150 2145 2146 2147 2148 2149 2150 2151 2152 2153 2154 2218 2219 2077 2144 60 82 625 294 456 235 1704 81 2044 85 2475 2158 2160 749 80 157
472 472 473 622 1960 150 31 1704
473 473 472 622 150 1960 1704 149 614
477 477 2549 2260 2259 2261 2448 478 479 31
480 480 1993 302 1994 2377 2378 2379 164 6 292 2035 2381 2382 1891 600 1261 1299 570 1507 2380 2030 580 605 1248 377 291 573 190 1349 673
486 486 358 487 295 195 625 294 235 2127 2158 2160 301 2548 231 2123 2126 456 1520 152 2124 2125 673 483 484 485 2159 2161 2162 2182 1457 296 746 2072 2157 1923 500 2391 686 230 190 185 229 293 2537 2080 749 2503 2449 2079 2081 288 1302 614
487 487 358 486 295 195 625 294 235 2127 2158 2160 301 2548 231 2123 2126 456 1520 152 2124 2125 673 483 484 485 2159 2161 2162 2182 1457 296 746 2072 2157 1923 500 2391 686 230 190 185 229 293 2537 2080 749 2503 2449 2079 2081 288 1302 614
494 494 605 67 109 530 260 292 495 1301 49 110 632 291 2380 31 2377 2378 2379 2042 717 160 6 2243 2244 1320 161 393 69 113 539 112 302 108 111 298 107 133 162 30 167 626 2455 2492 1847 402 628 257 2502 376 627 648 1495 1895 573 2035 2381 2382 361
496 496 2118 185 498 502 503 504 505 499 501 192 231 497 500 228 30 229 217 2117 2119 2120 2121 2122 2007 194 210 196 183 195 230 1939 2156 458 2414 715 1661 2124 2125 218 2438 2439 1706 460 295 2267 1656 1957 31 2548 748 296 2580 2127 364 2092 248 2123 2126 193 1537 12 358
497 497 1939 458 748 2513 269 225 178 496 2511 2512 2510 143 1950 459 2143 179 460 1837 2142 88 150 2118 2087 2507 2504 747 142 1945 2494
500 500 2124 2125 228 195 296 2156 1957 2123 2126 2127 1299 496 358 185 295 2118 2048 232 81 486 487 194 196 231 230 2117 2119 2120 2121 2122 229 31 2007 210 1520 2548 183 625 294 235 291
506 506 2404 2405 30 2414 715 2267 547
513 513 2271 2515 517 591 558 508 31 1683 488 256 1343
514 514 1272 1270 752 25 1271 1275 1273 2182 508 1620 1621 1325 2449 293 1324 190 31 709 625 294 746 301 516
517 517 2271 2515 513 1683 488 256 1343 591 558 508
520 520 2254 189 522 523 521 1334 469 2255 2256 2391 687 613 1715 306 1118 2208 2041 468
524 524 2272 2273 619 527 528 525 526 131 377 2471 2220 2221 2472 378 1992 156 1712 6 1736 208 2164 2428 541 740 351
526 526 2471 2164 377 524 1699 2272 2220 2221 2472 378 1992 156 6 2163 236 1736 208 2273 619 2428 541 740 351 1747 1561
529 529 533 531 532 1844 111 530 233 540 30 234 298 2274 1396 2414 715 2267 67 31
530 530 67 109 260 494 49 529 110 605 2042 533 31 160 2243 2244 161 393 69 113 112 111 108 298 162 107 133 30 167 648 626 2455 2492 1847 402 628 257 2502 376 627 361 1495 1895 292 573
533 533 529 531 532 1844 111 530 233 540 30 234 298 2274 1396 2414 715 2267
535 535 536 538 376 537 31 1847 1846 283 375
536 536 535 538 376 537
538 538 535 376 536 31 1847 537 1846 283 375 626 2455 2492 402 628 257 2502 627 1495 1895 573 67 207
539 539 632 259 133 1320 2488 745 286 2227 2228 2454 130 210 160 162 2133 540 110 1546 62 167 393 132 1928 1303 1304 1305 1306 1307 1308 1310 1311 1312 1313 1316 633 1309 1314 1315 1318 303 1319 2275 2276 298 1497 2355 1317 2274 1396 1953 1954 31 2243 2244 494 161 1302 1347 467 108 67 134 111 613 185 756 69 208 209 2134 2135
540 540 298 2274 1396 560 529 539 541 533 291 632 156 162 67 709 1349 259 133 1736 208
541 541 156 1736 208 1747 211 1370 377 1349 2467 2468 2469 2470 646 718 1850 1884 542 1348 1496 1845 1985 1353 2136 2137 2138 2139 2466 1553 1248 2132 1495 540 80 209 2134 2135 2133 2220 2221 2472 1347 467 69 378 2471 1992 2272 2571 6 1494 1396 298 2274 1515 31 2500 126 20 2434 153 95 111 613 2428 49 1734 526 210 58 1838 740 133 619 351 2273 1561 524 2164 2035 2381 2382 1355 1412
543 543 545 546 544 1244 1245 1246
545 545 543 1244 1245 1246 546 544
547 547 1997 550 2280 2281 2282 2283 2284 2285 2286 2287 2288 2289 2290 2291 2292 2293 2294 2295 2296 2297 2298 2299 2300 2301 2302 2303 2304 2305 2306 2307 2308 2309 2310 2311 2312 2313 2314 2315 2316 2317 2318 2319 2320 2321 2322 2323 2324 2325 2326 2327 2328 2329 2330 2331 2332 2333 2334 2335 2336 2337 2338 2339 2340 2341 2342 2343 2344 2345 2346 2347 2348 2349 2350 2351 2352 2353 2354 1329 2256 104 2087 613 673 189 2208 2041 95 2503 554 178 548 549 677 1268 1613 2133 2502 551 553 552 131 298 290 506 304 469 2255 625 294 1712 2391 2254 235 2040 687
550 550 547 30 1997 2280 2281 2282 2283 2284 2285 2286 2287 2288 2289 2290 2291 2292 2293 2294 2295 2296 2297 2298 2299 2300 2301 2302 2303 2304 2305 2306 2307 2308 2309 2310 2311 2312 2313 2314 2315 2316 2317 2318 2319 2320 2321 2322 2323 2324 2325 2326 2327 2328 2329 2330 2331 2332 2333 2334 2335 2336 2337 2338 2339 2340 2341 2342 2343 2344 2345 2346 2347 2348 2349 2350 2351 2352 2353 2354 1329 2256 104 2087 613 2414 715 2267 673 189 2208 2041 95
551 551 1712 553 552 131 290 1656 132 130 229 31 547 1661 2548 231 321 587 357
552 552 1712 551 553 131 290 1656 132 321 130 229 31 547 1661 2548 231 587 357
553 553 1712 551 552 131 290 1656 132 130 229 31 547 1661 2548 231 321 587 357
555 555 2358 556 557 558
561 561 562 2363 237 709 583 407 236
562 562 561 2363 237 583 407 236 406 709
573 573 2446 15 137 2495 732 1705 31 581 2387 600 302 626 2455 2492 1847 402 628 257 2502 376 627 1495 1895 2144 2388 2389 2390 570 569 186 568 571 572 574 575 1852 499 134 67 12 183 1736 135 480 2377 2378 2379 538 2171 1252 1896 1494 1890 6 20 494 718 646 292 49 109 530 260
580 580 2172 400 600 302 480 2377 2378 2379 6 292
581 581 2144 137 2495 1705 732 2387 573 582 226 299 2388 2389 2390 2446 15 2145 2146 2147 2148 2149 2150 2151 2152 2153 2154 129 154 135 95 31
590 590 1284 2522 2054 1872 299 2055 1283 129 95 1359
594 594 2021 135 2056
596 596 2376 2375 2517 2516 1294 595 1844 597 31 1293
599 599 2445 190 746 301 2182 293 625 2449 1621 294 1620 1970 188 1270 1514 235 2158 2160 302 25 1520 358 456 152 673 1457 752 2391
601 601 401 2514 2383 2384 403 404 399 1359 2247
603 603 82 2508 2504 747 90 2505 2506 1336 1945 85 2045 2046 2507 83 96 2509 389 2048 58 178 84 2510 2218 2219 287 93 95 79 2047 60 2044 179 1837 2087 1957 2475 456 143 2083 80 748 31 154 269 225 749 2181 207 2266 299 2132 91 1341 288 144 721 1965 2537
604 604 2063 31
605 605 494 292 2380 2377 2378 2379 67 717 6 302 109 530 260 49 495 1301 2035 2381 2382 291 110 31 632 480 1248 690 377 1349 2042 160
606 606 288 2155 456 2537 749 1302 96 287 84 31 625 294 235 58 60 79 2158 2160 2179 301 2218 2219 2180
608 608 2173 609 1929 2498 2499 1930 31 709 673 2001 2502
609 609 608 2173 1929 709 2498 673 31 2499 2502 2503 1613 625 1930 294 626 2455 2492 402 1847
610 610 1734 2190 316 2191 2192 140 116 690 115 2193 138 318 1737 1738 1739 1740 1741 985 1375 45 708 1387 711 46 648 1561 31 43 49 139 1736 2042 670 1618 2029 321
612 612 362 363 1349 31 156 1505 1346
613 613 2208 2041 2133 189 2040 469 2255 2256 2254 2391 687 1347 467 547 69 1282 66 133 208 209 2134 2135 520 1997 550 1715 306 2280 2281 2282 2283 2284 2285 2286 2287 2288 2289 2290 2291 2292 2293 2294 2295 2296 2297 2298 2299 2300 2301 2302 2303 2304 2305 2306 2307 2308 2309 2310 2311 2312 2313 2314 2315 2316 2317 2318 2319 2320 2321 2322 2323 2324 2325 2326 2327 2328 2329 2330 2331 2332 2333 2334 2335 2336 2337 2338 2339 2340 2341 2342 2343 2344 2345 2346 2347 2348 2349 2350 2351 2352 2353 2354 1329 1118 2132 104 2087 2397 2398 366 2454 468 49 294 130 210 2488 745 2460 1940 1970 188 1985 160 211 2136 2137 2138 2139 1353 539 31 286 1553 1370 673 541 110 304 259 95 377
614 614 1704 152 149 150 2080 2079 2081 151 153 2075 2076 2078 2077 2085 625 294 235 471 2083 2082 2158 2160 301 358 456 1520 31 157 673 2159 2161 2162 2182 1457 2030 746 155 2072 2157 1923 2391 686 2084 190 473 154 458 2502 293 486 487
615 615 154 2258 471 1521 84 226 1247 155 151 1523 1525 2437 1317 79 2145 2146 2147 2148 2149 2150 2151 2152 2153 2154 2218 2219 2144 60 31 82 456 2083 58 85 749 153 626 152 2455 2492 402 1847
616 616 2262 2263 2264 31
617 617 2265 31
618 618 2268 2269 2270 705 1723 31
619 619 2272 2273 524 377 2220 2221 2472 378 2471 1992 156 31 6 1736 526 208 528 527 2428 525 541 131 740 351 1747 1561 2164
621 621 2359 2360 2361 2362 1540 2180 1302 466 1240 1703 1684 1698 2179 2249 2568 684 544 2420 1516 464 456 31 2421
622 622 472 473 1960 31 150 626 2455 2492 402 1847 628
623 623 2372 31
625 625 1520 2158 2160 746 301 358 2182 456 152 673 294 190 235 293 486 487 2449 2537 1621 1620 749 2080 2503 295 2079 2081 614 288 1302 1613 2502 1270 151 153 1457 2159 2161 2162 195 2391 599 84 2072 2157 1923 686 25 58 2085 149 2127 60 79 1420 2155 2179 606 752 2083 514 1704 2370 2548 231 2218 2219 471 2180 2123 2126 291 455 2445 2124 2125 31 2416 2567 2450 2451 2452 1640 296 483 484 485 150 1965 500 2044 189 321 2075 2076 2078 2030 547 763 791 1556 1557 1566 1567 1568 1569 1570 1571 1572 1573 1574 1575 1576 1577 1578 1579 1580 1581 1582 1583 1584 1585 1586 1587 1588 1589 1590 1591 1592 1593 1594 1595 1596 1597 1598 1599 1600 1601 1602 1603 1604 1605 1606 1607 1608 1609 1610 1611 1612 1614 607 637 332 528 682 688 697 1029 141 342 1309 1354 1366 1384 1386 1395 1480 1554 1558 1560 1562 1563 1564 1565 39 701 737 519 1360 1368 1555 1559 642 711 1866 1387 314 154 155 2077 82 469 2475 709 107 609 631 1552 1927 1412 129 266 101 246 468 306 46 172 316 1561 80 302 1698 1703 322
626 626 31 2455 2492 1847 402 628 257 2502 376 627 1495 1895 573 67 1736 538 2171 15 1252 1896 1494 1890 20 2446 494 718 646 49 109 530 260 720 112 1147 673 1146 1280 283 634 1143 751 137 113 750 732 602 611 620 624 635 636 641 667 668 671 674 676 726 731 758 759 760 761 762 764 765 766 767 768 770 771 772 773 774 775 776 777 778 779 780 781 782 783 784 785 786 787 788 789 790 792 793 794 795 796 797 798 800 801 802 803 804 805 806 807 808 809 810 811 813 814 815 816 817 818 819 820 821 822 823 824 825 826 827 828 829 830 831 832 833 834 835 836 837 838 839 840 841 842 843 844 845 846 847 848 849 850 851 852 853 854 855 856 857 858 859 860 861 862 863 864 865 866 867 868 869 870 871 872 873 874 875 877 878 879 880 881 883 884 885 886 887 889 890 891 893 894 895 896 897 898 899 900 901 902 903 904 905 906 907 908 911 912 913 914 915 916 917 918 919 920 921 922 923 924 925 926 927 928 929 930 931 932 933 934 935 936 937 938 939 940 941 942 943 944 945 946 947 948 949 950 953 954 955 956 957 958 959 960 961 962 963 964 965 966 967 968 969 970 971 972 973 974 975 976 977 978 979 980 981 982 983 984 986 987 988 989 990 991 992 993 994 995 996 997 998 999 1000 1001 1002 1003 1004 1005 1006 1007 1008 1009 1010 1011 1012 1013 1014 1015 1016 1017 1018 1019 1020 1022 1023 1024 1025 1026 1027 1028 1030 1031 1032 1033 1034 1035 1036 1037 1038 1039 1040 1041 1042 1043 1044 1045 1046 1047 1048 1049 1050 1051 1052 1053 1054 1055 1056 1057 1058 1059 1061 1062 1063 1064 1065 1066 1067 1068 1069 1070 1071 1072 1073 1074 1075 1076 1077 1078 1079 1080 1081 1082 1083 1084 1085 1086 1087 1088 1089 1090 1091 1092 1093 1094 1095 1097 1098 1099 1101 1102 1103 1104 1105 1106 1107 1108 1109 1110 1111 1112 1113 1114 1115 1116 1117 1119 1121 1122 1123 1124 1125 1126 1127 1128 1129 1130 1131 1132 1133 1134 1135 1136 1137 1138 1139 1140 1141 1142 1144 1145 1148 1149 1150 1151 1152 1153 1154 1155 1156 1157 1158 1159 1161 1162 1163 1165 1166 1167 1168 1169 1170 1171 1172 1173 1174 1175 1176 1177 1178 1179 1180 1181 1182 1183 1184 1185 1186 1187 1188 1189 1190 1191 1192 1193 1194 1195 1196 1197 1198 1199 1200 1201 1202 1203 1204 1205 1207 1208 1209 1210 1211 1212 1213 1214 1215 1216 1217 1218 1219 1220 1221 1222 1223 1224 1225 1226 1227 1228 1229 1230 1231 1232 1233 1235 1236 1237 1238 1239 1241 1242 1259 1260 1266 1285 1337 1338 1545 1547 1853 1963 2011 716 910 1548 719 876 13 42 52 114 173 264 281 493 518 548 549 515 633 638 643 645 647 651 652 653 655 657 658 660 661 662 663 664 665 672 675 521 677 681 683 689 691 692 693 694 696 699 700 702 710 713 714 725 169 728 729 325 341 344 349 356 734 736 738 741 742 270 278 757 763 769 791 799 812 888 892 909 951 952 985 1021 1060 1096 1120 1164 176 1234 1268 1274 1482 1633 1733 1891 193 32 38 607 584 569 516 637 644 649 650 654 656 659 666 670 505 682 688 319 697 706 717 723 733 332 335 336 350 735 739 743 744 1029 175 528 1160 279 1240 597 110 605 39 45 56 188 640 310 312 679 680 695 698 701 703 708 737 1261 1328 1334 489 2467 2468 2469 2470 1884 86 197 642 309 685 711 71 74 570 1850 314 501 507 192 111 375 2 186
627 627 1252 31 628 1280 1258 1254 1257 1256 634 1255 1253 112 70 690 321 626 2455 2492 1847 402 257 2502 376 1495 1895 573 67 2355 1736 538 2171 15 1896 1494 1890 20 2446 49 494 718 646 698 642 309 1147 1146 109 1143 530 260 751 750 711 691 692 693 694 696 699 700 319 697 680 695 701 734 736 738 741 742 654 666 706 335 336 735 739 743 744 45 310 312 737 71 720 712 318 673 283
628 628 31 1147 1254 1146 1267 1253 1143 751 750 627 174 626 2455 2492 1847 402 257 2502 376 1495 1895 573 1252 67 470 1736 538 2171 15 1896 1494 1890 20 2446 494 718 646 669 100 49 175 109 112 1280 530 260 634 690 2257 720 1948 673 1947 283 1255 137 113 732 602 611 620 624 635 636 641 667 668 671 674 676 726 731 758 759 760 761 762 764 765 766 767 768 770 771 772 773 774 775 776 777 778 779 780 781 782 783 784 785 786 787 788 789 790 792 793 794 795 796 797 798 800 801 802 803 804 805 806 807 808 809 810 811 813 814 815 816 817 818 819 820 821 822 823 824 825 826 827 828 829 830 831 832 833 834 835 836 837 838 839 840 841 842 843 844 845 846 847 848 849 850 851 852 853 854 855 856 857 858 859 860 861 862 863 864 865 866 867 868 869 870 871 872 873 874 875 877 878 879 880 881 883 884 885 886 887 889 890 891 893 894 895 896 897 898 899 900 901 902 903 904 905 906 907 908 911 912 913 914 915 916 917 918 919 920 921 922 923 924 925 926 927 928 929 930 931 932 933 934 935 936 937 938 939 940 941 942 943 944 945 946 947 948 949 950 953 954 955 956 957 958 959 960 961 962 963 964 965 966 967 968 969 970 971 972 973 974 975 976 977 978 979 980 981 982 983 984 986 987 988 989 990 991 992 993 994 995 996 997 998 999 1000 1001 1002 1003 1004 1005 1006 1007 1008 1009 1010 1011 1012 1013 1014 1015 1016 1017 1018 1019 1020 1022 1023 1024 1025 1026 1027 1028 1030 1031 1032 1033 1034 1035 1036 1037 1038 1039 1040 1041 1042 1043 1044 1045 1046 1047 1048 1049 1050 1051 1052 1053 1054 1055 1056 1057 1058 1059 1061 1062 1063 1064 1065 1066 1067 1068 1069 1070 1071 1072 1073 1074 1075 1076 1077 1078 1079 1080 1081 1082 1083 1084 1085 1086 1087 1088 1089 1090 1091 1092 1093 1094 1095 1097 1098 1099 1101 1102 1103 1104 1105 1106 1107 1108 1109 1110 1111 1112 1113 1114 1115 1116 1117 1119 1121 1122 1123 1124 1125 1126 1127 1128 1129 1130 1131 1132 1133 1134 1135 1136 1137 1138 1139 1140 1141 1142 1144 1145 1148 1149 1150 1151 1152 1153 1154 1155 1156 1157 1158 1159 1161 1162 1163 1165 1166 1167 1168 1169 1170 1171 1172 1173 1174 1175 1176 1177 1178 1179 1180 1181 1182 1183 1184 1185 1186 1187 1188 1189 1190 1191 1192 1193 1194 1195 1196 1197 1198 1199 1200 1201 1202 1203 1204 1205 1207 1208 1209 1210 1211 1212 1213 1214 1215 1216 1217 1218 1219 1220 1221 1222 1223 1224 1225 1226 1227 1228 1229 1230 1231 1232 1233 1235 1236 1237 1238 1239 1241 1242 1259 1260 1266 1285 1337 1338 1545 1547 1853 1963 2011 716 910 1548 719 876 13 42 52 114 173 264 281 493 518 548 549 515 633 638 643 645 647 651 652 653 655 657 658 660 661 662 663 664 665 672 675 521 677 681 683 689 691 692 693 694 696 699 700 702 710 713 714 725 169 728 729 325 341 344 349 356 734 736 738 741 742 270 278 757 763 769 791 799 812 888 892 909 951 952 985 1021 1060 1096 1120 1164 176 1234 1268 1274 1482 1633 1733 1891 193 38 607 584 569 516 637 644 649 650 654 656 659 666 670 505 682 688 319 697 706 717 723 733 332 335 336 350 735 739 743 744 1029 528 1160 279 1240 597 32 110 605 172 39 45 56 188 640 310 312 679 680 695 698 701 703 708 737 1261 1328 1334 489 266 2467 2468 2469 2470 86 197 642 309 685 711 71 74 1850 1884 570 314 501 186 111 507 192
629 629 2402 1552 630 1292 31
630 630 2402 1552 629 709 31 1292
631 631 1295 1647 1297 147 673 1298 1296 2 20 31 2502 2503 1613 32 314 1300 1495 625 294 720
632 632 1320 539 259 1303 1304 1305 1306 1307 1308 1310 1311 1312 1313 1316 633 1309 1314 1315 1318 303 1319 133 1317 494 1302 2488 745 286 2227 2228 2454 130 210 160 2179 605 162 31 2133 540 2180 1521 110 67 1546 456 62 1497 167 393 132
639 639 1341 60 1342 1544 749 84 58 31 79 456 2218 2219 2044 36 82 154 2475 80 2083
646 646 1736 2467 2468 2469 2470 718 1850 1884 1370 2466 541 377 1349 31 156 2571 208 2220 2221 2472 111 378 2471 1992 2272 1734 6 626 2455 2492 1847 402 1747 628 257 1495 211 2502 376 627 1895 1353 573 1985 2136 2137 2138 2139
648 648 2042 49 1990 1734 321 1349 67 69 316 610 31 156 109 530 260 71 494 2132 209 106 68 2134 2135 1836 1976 2133
669 669 2434 1355 1412 1553 88 751 750 2494 31 208 628 1146 1947 1143 86 100 174
673 673 2503 1613 2502 625 294 235 2370 2158 2160 301 358 456 152 1520 547 1457 1556 1557 1566 1567 1568 1569 1570 1571 1572 1573 1574 1575 1576 1577 1578 1579 1580 1581 1582 1583 1584 1585 1586 1587 1588 1589 1590 1591 1592 1593 1594 1595 1596 1597 1598 1599 1600 1601 1602 1603 1604 1605 1606 1607 1608 1609 1610 1611 1612 1614 763 791 342 1309 1354 1366 1384 1386 1395 1480 1554 1558 1560 1562 1563 1564 1565 607 637 332 528 682 688 697 1029 519 1360 1368 1555 1559 39 701 737 1866 1387 2159 2161 2162 642 711 2182 314 686 266 2391 746 2072 2157 1552 1927 1412 1923 609 631 101 246 306 129 316 46 1561 1553 132 322 172 107 49 190 302 163 31 486 487 293 2369 2537 1997 550 2280 2281 2282 2283 2284 2285 2286 2287 2288 2289 2290 2291 2292 2293 2294 2295 2296 2297 2298 2299 2300 2301 2302 2303 2304 2305 2306 2307 2308 2309 2310 2311 2312 2313 2314 2315 2316 2317 2318 2319 2320 2321 2322 2323 2324 2325 2326 2327 2328 2329 2330 2331 2332 2333 2334 2335 2336 2337 2338 2339 2340 2341 2342 2343 2344 2345 2346 2347 2348 2349 2350 2351 2352 2353 2354 749 104 1329 304 2080 2449 295 2450 2451 2452 1640 614 2079 2081 1302 288 2256 2434 141 151 2416 153 2567 2396 1621 1620 2087 2029 1734 189 299 2525 291 613 1270 195 51 2402 608 1295 128 130 84 1615 2523 2569 1992 2042 67 2232 2233 2234 2235 2236 2237 599 321 58 480 2377 2378 2379 2085 69 149 626 709 2455 2492 1847 402 468 1349 628 1712 25 192 257 1703 1684 376 690 469 1698 627
678 678 2447 1619 31
684 684 466 1516 2249 2568 2420 2180 1636 97 464 20 2421 465 2248 124 1302 621 31 1965 720 467 1495 69 2179 679 1634 501 1540 2359 2360 2361 2362 1517 626
686 686 2450 2451 2452 1640 1457 294 1750 1975 2158 2160 2391 301 673 358 2182 456 152 709 625 235 1641 507 306 190 2503 2502 1613 486 487 189 2449 2537 31 293 1621 1620 746 749 2080 468 1520 295 1302 614 2079 2081 288 1703 1270 1684 151 469 1349 1698 153 2159 2161 2162 291 2072 2157 1923 195 84
687 687 1715 1118 189 704 469 2255 2256 2254 2391 613 2004 520 306 1714 2208 2041 468 294 1940 31 1970 188 2133 2040 1708 547
704 704 2004 1118 687 1708 1715 709 189 31 469 2255 2256 2254 2391
705 705 618 2268 2269 2270 1723 31 626 2455 2492 402 1847
707 707 1730 31
712 712 2487 2030 70 2355 31 627
715 715 30 2414 2267 534 1541 2 1286 550 366 529 496 506 1346 304 172 31 212 183 217 67 95 185 2118 1287 533 1327 754 755 66 2404 2405 2418 2419 2406 2407 2408 2409 2410 2411 2412 2413 266
718 718 1736 2467 2468 2469 2470 1850 1884 646 1370 2466 541 377 31 2571 156 208 2220 2221 2472 111 378 2471 1992 2272 1734 6 626 2455 2492 1847 402 628 257 1495 2502 376 627 211 1747 1895 573 1349 1985 2136 2137 2138 2139 1353
720 720 20 1516 1495 1494 466 638 243 1296 18 31 1295 684 2249 2568 2420 2180 464 679 1634 501 19 2036 626 1517 465 2455 2492 402 1847 631
721 721 2475 144 2005 58 2044 79 2218 2219 2083 80 60 31 2510 456 2508 747 2504 84 85 713 714 1945 749 2507 1837 2505 2506 603 1515 90 1336 2084
722 722 2476 31
724 724 2479 2480 1871 365 725 31 109
727 727 2491 31
730 730 1901 1902 1903 1978 1976 1257 31
732 732 137 2495 1705 581 2387 573 2144 2388 2389 2390 2446 15 135 31
740 740 1992 351 1561 377 321 709 2220 2221 2472 378 2471 2272 156 31 6 1736 208 323 2428 541 1944 1943 1922 1942 1747 526 619 2273 524 2164 291
745 745 259 133 2488 539 286 2227 2228 2454 130 210 160 162 2133 110 1546 62 632 167 393 132 1928 2275 2276 1497 2355 1953 1954 2243 2244 31 161 1347 467 1320 108 134 111 613 185 67 756 69 208 209 2134 2135 70 2528 260
746 746 293 190 625 2182 301 599 1520 2158 2160 358 294 2449 456 152 1621 1620 673 2445 235 1270 25 1970 188 486 487 31 291 1514 2537 1457 2502 749 2080 2503 2391 295 614 2079 2081 288 1302 1613 2159 2161 2162 686 151 752 153 302 2072 2157 514 1923 195 84 58 2085 149
747 747 2505 2506 2507 603 1336 1945 90 96 85 2048 2504 178 2508 58 2510 287 93 82 2218 2219 95 179 1837 2087 1957 2509 389 143 2044 79 748 84 2475 2083 80 60 225 269 2181 2266 2045 2046 456 83 207 299 2132 142 228 749 144 2513 2511 2512 288 721 91 203 2084 1515 31 497 1341 94 155 1248 1950 126 2143 2142 2537 154 151 2047 388 375 129 1965 1302 81 36
748 748 2513 497 269 225 178 2511 2512 1939 2510 458 143 1950 2143 179 1837 2142 2087 2507 2504 747 142 1945 58 2505 2506 95 603 1949 1336 90 96 496 85 2048 2508 31 265 2218 2219 2044 144 79 2475
749 749 60 456 1341 84 2537 58 288 1302 625 79 639 294 235 2218 2219 2044 2158 2160 2155 2179 606 301 82 154 2475 2180 2083 80 358 85 36 2510 1965 152 1520 31 673 2159 2161 2162 2182 2508 1457 746 2072 2157 747 2504 1923 2391 686 603 90 1945 190 2507 2045 2046 615 2258 151 721 2505 2506 144 2502 83 1515 1336 2084 471 86 293 486 487 96 155 1248
752 752 1270 514 25 2182 1620 1621 1272 2449 293 1275 1324 190 31 625 294 746 301 1271 1273 508 599 2158 2160 489
753 753 2520 2521 382 379 31
754 754 304 1327 2406 2407 2408 2409 2410 2411 2412 2413 755 2493 1900 2267 104 2102 69 30 2096 2246 31 2097 2132 49 243 209 2134 2135 2133 18 291 1347 2095 467 715 2414 626
755 755 304 1327 2406 2407 2408 2409 2410 2411 2412 2413 754 2493 1900 2267 104 2102 69 30 2096 2246 31 2097 2132 49 243 209 2134 2135 2133 18 291 1347 2095 467 715 2414 626
756 756 1953 2528 162 133 2275 2276 1497 2355 110 259 31 745 2488 160 539 2454 286 130 210 70 2133 2243 2244 167 393 2227 2228 161 67 1954 108 111
882 882 2540 2541 2542 2543 31
1100 1100 1966 31
1118 1118 704 687 2004 1715 189 469 2255 2256 2254 1708 2391 613 31 709 520 306 1714 2208 626 2455 2492
1206 1206 2544 2545 31
1243 1243 387 23 386 2229 2230 2231 2177 1703 1684 1698 1851 26
1247 1247 1521 1523 1525 2437 1317 154 1522 569 2258 615 471 84 1524 226 155 151 79
1248 1248 2500 80 1517 1515 126 1251 1249 1250 58 541 302 292 2067 2066 2377 2378 2379 2044 1326 1278 670 1334 79 2218 2219 2475 31 6 2380 2083 60 156 480 605 2510 183 456 2508 1736 2068 2069 747 2504 84 85 208 1635 679 1634 501 1945 749 1516
1252 1252 627 31 628 1280 1258 1254 1257 1256 634 1255 1253 112 70 690 321 626 2455 2492 1847 402 257 2502 376 1495 1895 573 67 2355
1264 1264 368 2209 1744 192 1351 371 2210 2211 2212 2213 2214 369 370 372 373 374
1270 1270 752 514 25 2182 1620 1621 1272 2449 293 1275 1324 190 625 294 746 301 1271 1273 508 599 2158 2160 489 26 24 1703 1698 22 1520 358 1457 456 152 2391 673 686 235 2009 31 1325 2445
1272 1272 514 1270 1271 1325 709 752 25 1275 1273 2182 508 1620 1621 1324 2449 293 190
1282 1282 2397 2398 613 2208 2041 2133 189
1284 1284 2522 590 2054 2055 1283 1359 1872 299 1484 1485 1486 1487 2422 2423 2424 2425 2426 129
1286 1286 1287 30 2414 715 2267
1287 1287 1286 30 2414 715 2267
1293 1293 2403 1995 597 1294 2517 2375 2516 596
1294 1294 2517 2375 2516 596 1293 2376 2403 597 595 1844
1295 1295 631 1647 1297 147 1298 1296 2 20 32 1300 314 720 1516 1495 673 148 31
1297 1297 147 1295 631 1647 1300 314 148 1298 1296 2 20 32
1302 1302 2179 2180 456 2537 621 466 749 288 632 84 625 294 235 58 709 60 2359 2360 2361 2362 1540 2249 2568 79 684 2158 2160 2155 2420 606 1516 301 2218 2219 464 1320 358 152 1520 539 1965 673 2159 2161 2162 2044 2182 1457 746 2072 2157 1923 2391 82 154 2475 686 2083 80 1341 85 2510 190 2421 2508 465 2248 124 2504 747 20 486 487
1317 1317 1521 1523 1525 1247 2437 154 1684 1698 632 2258 615 471 1320 1524 539 84 226 155 1522 1696 569 1686 1688 1689 1690 1691 1692 1693 1697 703 1325 558 151
1320 1320 632 539 259 133 1303 1304 1305 1306 1307 1308 1310 1311 1312 1313 1316 1309 1314 1315 633 1318 303 1319 1317 494 1302 2488 745 286 2227 2228 2454 130 210 160 162 110 2179
1327 1327 304 2406 2407 2408 2409 2410 2411 2412 2413 754 755 2493 1900 2267 104 2102 69 30 2096 2246 2097 2132 49 243 209 2134 2135 2133 18 291 1347 2095 467 2414 715
1329 1329 547 1328 1997 550 2280 2281 2282 2283 2284 2285 2286 2287 2288 2289 2290 2291 2292 2293 2294 2295 2296 2297 2298 2299 2300 2301 2302 2303 2304 2305 2306 2307 2308 2309 2310 2311 2312 2313 2314 2315 2316 2317 2318 2319 2320 2321 2322 2323 2324 2325 2326 2327 2328 2329 2330 2331 2332 2333 2334 2335 2336 2337 2338 2339 2340 2341 2342 2343 2344 2345 2346 2347 2348 2349 2350 2351 2352 2353 2354 2256 104 2087 613 673 189 2208 2041
1336 1336 95 2508 2504 747 2505 2506 603 1945 90 2048 85 2507 207 299 2087 96 2132 2509 389 58 178 2510 93 287 82 2218 2219 375 1957 129 2044 179 1837 79 84 2475 143 2083 80 60 69 748 2266 2045 2046 456 2181 83 269 225 208 30 228 749 81 144 721
1339 1339 1340 2415
1340 1340 1339 2415
1341 1341 639 60 749 84 58 79 456 2218 2219 1342 1544 2044 36 82 154 2475 2083 80 85 2510 2537 2508 2504 747 288 1302 603 90 1945 2507 1965
1346 1346 2418 2419 363 30 362 2414 715 2267 31 612
1347 1347 209 2134 2135 2133 467 69 208 613 2132 133 49 1985 211 2136 2137 2138 2139 1353 1553 1370 541 2208 304 2041 377 2454 210 130 2488 745 160 189 539 2042 95 286 156 67 110 1736 466 2434 1327 2406 2407 2408 2409 2410 2411 2412 2413 754 755 2493 259 2040 1900 2267 104 2220 2221 2472
1349 1349 156 1747 541 1352 1356 1357 1361 1362 1363 1364 1365 1367 1369 1371 1372 1374 1376 1377 1379 1380 1381 1382 1383 1385 1388 1389 1390 1391 1392 1393 1394 1397 1399 1400 1401 1405 1406 1407 1408 1409 1410 1411 1413 1415 1417 1418 1419 1421 1422 1423 1424 1425 1426 1427 1428 1430 1432 1433 1434 1435 1436 1437 1438 1439 1440 1441 1442 1443 1445 1446 1447 1448 1449 1450 1451 1452 1453 1455 1456 1458 1459 1460 1461 1462 1463 1464 1465 1466 1467 1468 1469 1470 1471 1472 1473 1474 1475 1476 1478 1479 643 645 647 651 652 653 655 657 658 660 661 662 663 664 665 305 308 313 585 1318 1354 1366 1373 1375 1378 1384 1386 1395 1402 1403 1404 1414 1416 1420 1431 1444 1454 1477 1480 1838 38 607 644 649 650 654 656 659 666 307 311 1358 1360 1368 1398 1429 310 312 50 525 1387 377 642 309 314 1350 1353 1355 612 646 180 1412 1396 101 306 648 211 46 1457 1370 315 107 49 302 292 163 1351 1359 1736 208 2042 2220 2221 2472 2434 6 181 378 2029 2377 2378 2379 2471 1870 2086 2427 362 1992 540 2272 2391 128 51 2380 2232 2233 2234 2235 2236 2237 709 31 291 2210 2211 2212 2213 2214 371 141 686 480 1553 605 321 1484 1485 1486 1487 153 2422 2423 2424 2425 2426 67 294 1985 718 69 2467 2468 2469 2470 1850 1884 2136 2137 2138 2139 673 690 368 2132 2466
1350 1350 2086 81 1349 2529 2530 2531 2532 2533 2534 2535 2536 1958 1957 156 228
1351 1351 2210 2211 2212 2213 2214 371 368 2209 1264 1744 1349 369 370 372 373 374 156
1353 1353 208 1985 211 2136 2137 2138 2139 1370 1553 2132 541 209 2134 2135 2133 1349 377 1347 467 69 156 1736 2434 95 2220 2221 2472 378 613 2471 1992 2272 210 49 133 6 1747 646 2467 2468 2469 2470 1850 1884 718 1355 1412
1355 1355 2434 1412 669 1553 88 1349 2494 208 156 751 750 211 1353 541 86
1359 1359 1484 1485 1486 1487 2422 2423 2424 2425 2426 1488 1489 1491 1492 1490 1284 401 1349 601 2522 590 2514 2054 2383
1370 1370 1736 208 541 2467 2468 2469 2470 718 1850 1884 646 1985 2466 211 2136 2137 2138 2139 1353 1553 377 2132 209 2134 2135 2133 1349 156 1347 467 69 2571 2220 2221 2472 378 31 2471 1992 2272 2434 6 111 95 1747 613 1734 210 49 133 1495 2428
1396 1396 540 298 2274 709 1349 560 529 539 541 31 156 533 67
1412 1412 2434 1355 669 1553 88 1349 2494 673 208 2503 1613 2502 156 751 750 625 211 1353 294 541 86
1457 1457 686 294 2450 2451 2452 1640 2158 2160 2391 301 358 2182 456 152 673 1349 625 235 306 190 1750 1975 486 487 189 2449 2537 293 1621 1620 2503 746 469 2080 749 468 295 1613 1520 2502 2079 2081 1302 288 614 1703 1270 1684 151 1698 153 2159 2161 2162 709 291 195 156 84 2072 2157 1923 25 58 2085 149 599 1641
1484 1484 1359 1485 1486 1487 2422 2423 2424 2425 2426 1488 1489 1491 1492 1490 1284 401 1349
1485 1485 1359 1484 1486 1487 2422 2423 2424 2425 2426 1488 1489 1491 1492 1490 1284 401 1349
1486 1486 1359 1484 1485 1487 2422 2423 2424 2425 2426 1488 1489 1491 1492 1490 1284 401 1349
1487 1487 1359 1484 1485 1486 2422 2423 2424 2425 2426 1488 1489 1491 1492 1490 1284 401 1349
1494 1494 1495 20 211 720 1516 31 541 208 626 2455 2492 1847 402 628 257 2502 376 627 1895 573 466 638 67 243 1296 1736
1495 1495 1494 20 720 1516 31 541 626 2455 2492 1847 402 628 257 2502 376 627 1895 573 466 211 638 67 243 1296 1736 18 1295 156 684 538 2171 15 1252 1896 1890 718 679 646 2446 208 501 494 2249 2568 631 464 1647 49 109 2420 530 260 1370 2467 2468 2469 2470 1850 1884 2180 465
1497 1497 162 2275 2276 2355 1953 259 1500 1501 1502 1498 656 164 1499 110 133 756 70 2488 745 2528 2227 2228 539 286 160 2243 2244 393 161 111 1954 108 167 298 67 2454 130 210 62 1546 2133 632 361
1512 1512 1513 1514 1507 709 190
1513 1513 1512 1514 1507 709 190
1514 1514 1512 1513 190 1507 599 746 301 709 2182 293 2445
1515 1515 80 1248 126 58 2067 2500 2066 1251 2044 1326 1278 670 1334 79 2218 2219 2475 31 2083 541 60 2510 183 1517 456 2508 2068 2069 747 2504 84 85 1945 749 2507 1249 1250 626 721 2505 2506 144 2455 2492 402 1847 28
1516 1516 20 466 720 684 1495 2249 2568 2420 2180 464 1634 679 501 1517 465 1494 2421 2248 124 1302 638 243 1296 2500 621 18 1965 1295 31 467 69 2179 1636 97 1248 1540 2359 2360 2361 2362
1517 1517 2500 1248 1635 1634 679 501 1516 80 20 466 1515 126 1251 1249 1250 1622 720 684
1520 1520 625 1420 2158 2160 746 301 358 455 2182 456 152 673 195 294 235 190 293 486 487 2371 2449 397 2537 1621 1620 295 2080 749 2503 406 2079 2081 288 1302 614 1613 1270 2502 2123 2126 151 153 2124 2125 2127 1457 2159 2161 2162 2391 296 599 84 2072 2157 1923 500 686 25 58 2085 149 185 2245 60
1521 1521 1523 1525 1247 2437 1317 154 2258 615 471 1524 84 226 155 1522 569 151 1684 1698 79 632 2145 2146 2147 2148 2149 2150 2151 2152 2153 2154 2218 2219 2144 60 82 456 2083
1523 1523 1521 1525 1247 2437 1317 154 2258 615 471 1524 84 226 155 1522 569 151
1525 1525 1521 1523 1247 2437 1317 154 2258 615 471 1524 84 226 155 1522 569 151
1528 1528 2440 1531 1977 1529 1530 284 43 2057 2058 128 134 11 1976
1531 1531 2440 1528 1977 1529 134 11 12 1530 284 43 1976
1534 1534 1535 1533 1536
1535 1535 1534 1533 1536
1540 1540 621 2359 2360 2361 2362 2180 544 1302 466 1240 1703 31 1684 1698 2179 684 2249 2568 2420 626 1516 2455 2492
1546 1546 286 62 259 133 2488 745 539 2227 2228 2454 130 210 160 162 31 2133 287 110 632 134 1497 167 108 393 132 1928 36 2275 2276
1550 1550 2369 1551 2365 2366 2370 1549 2364 1613
1551 1551 2369 1550 2365 2366 2370 1549 2364 1613
1552 1552 2402 629 630 673 2503 1613 2502 1292 625 294
1553 1553 2434 208 1355 1412 669 88 1985 211 2136 2137 2138 2139 1353 1370 2132 541 209 2134 2135 2133 709 2494 377 673 1347 467 69 156 1736 95 2220 2221 2472 2503 378 613 1613 2502 2471 1992 2272 210 49 133 1349 6 1747
1561 1561 1992 740 351 1944 1943 1922 1942 323 377 1734 673 2220 2221 2472 378 316 2471 610 2272 156 6 2503 1736 1613 2502 208 2428 541 321 526 291 625 2273 619 294 1747 709
1613 1613 2370 673 2369 2503 2502 625 294 235 1550 1551 2365 2366 2158 2160 301 358 456 152 2364 1520 547 1457 1556 1557 1566 1567 1568 1569 1570 1571 1572 1573 1574 1575 1576 1577 1578 1579 1580 1581 1582 1583 1584 1585 1586 1587 1588 1589 1590 1591 1592 1593 1594 1595 1596 1597 1598 1599 1600 1601 1602 1603 1604 1605 1606 1607 1608 1609 1610 1611 1612 1614 342 1309 1354 1366 1384 1386 1395 1480 1554 1558 1560 763 791 1562 1563 1564 1565 607 637 332 519 528 1360 1368 682 688 697 1555 1559 1029 1866 39 1387 701 737 2159 2161 2162 2182 642 711 314 686 266 2391 746 2072 2157 1552 1927 1412 1923 609 631 101 246 306 129 316 46 1561 1553 132 322 172 107 49 190 302 163 31
1615 1615 1617 1931 1927 1979 1616 250 184 183 1932 248 2092 12 31 673 185
1617 1617 1615 1931 1927 1979 1616 250 184 183 1932
1620 1620 25 2182 1621 1270 2449 293 2009 190 514 752 625 294 746 301 599 489 26 2158 2160 24 1272 1703 1698 22 1520 358 1457 456 152 1324 2391 673 686 235 1275 2445 21
1621 1621 25 2182 1620 1270 2449 293 1324 190 625 294 752 514 746 301 599 489 26 2158 2160 24 1703 1698 22 1520 358 1272 1457 456 152 2391 673 686 235 2009 1275 2445 21
1640 1640 686 2450 2451 2452 1457 1641 507 294 1750 1975 2158 2160 2391 301 673 358 2182 456 152 709 625 235 512
1645 1645 1646 165 186 108 160
1646 1646 1645 165 186 108 160
1647 1647 1295 631 1297 32 147 1298 2 1296 20 31 1300 314 1495
1648 1648 1649 1650 1651 1653 1654 1652
1649 1649 1648 1650 1651 1653 1654 1652
1655 1655 2443 2444 690
1656 1656 229 1712 1661 290 551 553 552 131 2548 231 132 690 230 295 130 496 228 2127 358
1661 1661 229 1656 2548 231 690 230 295 1712 496 290 228 2127 358 551 553 552 131 132 2118
1685 1685 2207 2128 199 1703 1684 1698 200 202 201 1686 1688 1689 1690 1691 1692 1693 1697 703 1695 387
1694 1694 2481 2482 1684 1698 1696 1686 1688 1689 1690 1691 1692 1693 1697 703 1325 558
1699 1699 2163 236 2164 2471 1698 526 237 377 2220 2221 2472
1704 1704 150 614 149 152 2080 153 2079 2081 2075 2076 2078 151 2077 2085 473 458 625 294 2082 235 471 2083 31 157 2158 2160 155 472 301
1705 1705 137 2495 732 581 2387 573 1706 2144 2388 2389 2390 2446 15 217 135 31 218 2438 2439 460
1706 1706 217 218 2438 2439 460 1705 219 137 496 30 220 458
1712 1712 551 553 552 131 290 1656 132 130 229 1661 2548 231 321 587 357 1299 133 524 291 690 31 230 295 547 673
1715 1715 687 1118 189 1714 704 469 2255 2256 2254 2391 613 2004 520 306 2208 2041
1730 1730 707
1731 1731 1732 1733 31
1732 1732 1731 1733
1734 1734 316 610 2190 1737 1738 1739 1740 1741 985 1375 45 708 1387 711 318 648 46 1561 43 49 2191 2192 1736 140 116 2042 1618 670 2029 321 690 291 2057 2058 1992 128 31 673 67 69 718 2467 2468 2469 2470 646 1850 1884 115 1370 2193 138 2466 541 36 2502 377
1736 1736 2467 2468 2469 2470 718 1850 1884 646 1370 2466 541 377 2571 156 208 31 2220 2221 2472 378 111 2471 1992 2272 1734 6 211 1747 1349 1985 1353 2136 2137 2138 2139 626 2455 2492 1847 402 1495 628 257 1553 2502 376 627 2132 1895 209 2134 2135 573 2428 740 526 2133 1851 619 351 1561 67 2273 542 1348 1496 1845 524 2164 316 610 2035 2381 2382 1248 1347 467 80 69 540 292 302 1494
1742 1742 267 391 392 390 640 1504 265 2176
1744 1744 368 2209 1264 1351 709 371 2210 2211 2212 2213 2214 369 370 372 373 374 192
1747 1747 156 541 1838 1349 377 709 2220 2221 2472 1736 378 208 2471 1992 2272 6 153 1370 211 646 1353 2467 2468 2469 2470 1850 1884 718 2428 1985 740 2136 2137 2138 2139 2466 351 1553 526 2273 619 1561
1837 1837 178 179 2087 143 144 748 2510 2504 747 2507 225 142 1945 269 2513 2505 2506 95 2475 603 1336 497 90 96 58 85 2048 31 2508 2511 2512 2143 2142 1950 93 287 2218 2219 721 1939 82 458 207 2044 299 2132 79
1847 1847 31 376 626 2455 2492 402 628 257 2502 627 1495 1895 573 538 67 1736 2171 15 1252 1896 1494 1890 20 2446 494 718 646 49 283 109 530 260 535 375 720 112 1147 673 1146 1280 634 1143 751 137 113 750 732 602 611 620 624 635 636 641 667 668 671 674 676 726 731 758 759 760 761 762 764 765 766 767 768 770 771 772 773 774 775 776 777 778 779 780 781 782 783 784 785 786 787 788 789 790 792 793 794 795 796 797 798 800 801 802 803 804 805 806 807 808 809 810 811 813 814 815 816 817 818 819 820 821 822 823 824 825 826 827 828 829 830 831 832 833 834 835 836 837 838 839 840 841 842 843 844 845 846 847 848 849 850 851 852 853 854 855 856 857 858 859 860 861 862 863 864 865 866 867 868 869 870 871 872 873 874 875 877 878 879 880 881 883 884 885 886 887 889 890 891 893 894 895 896 897 898 899 900 901 902 903 904 905 906 907 908 911 912 913 914 915 916 917 918 919 920 921 922 923 924 925 926 927 928 929 930 931 932 933 934 935 936 937 938 939 940 941 942 943 944 945 946 947 948 949 950 953 954 955 956 957 958 959 960 961 962 963 964 965 966 967 968 969 970 971 972 973 974 975 976 977 978 979 980 981 982 983 984 986 987 988 989 990 991 992 993 994 995 996 997 998 999 1000 1001 1002 1003 1004 1005 1006 1007 1008 1009 1010 1011 1012 1013 1014 1015 1016 1017 1018 1019 1020 1022 1023 1024 1025 1026 1027 1028 1030 1031 1032 1033 1034 1035 1036 1037 1038 1039 1040 1041 1042 1043 1044 1045 1046 1047 1048 1049 1050 1051 1052 1053 1054 1055 1056 1057 1058 1059 1061 1062 1063 1064 1065 1066 1067 1068 1069 1070 1071 1072 1073 1074 1075 1076 1077 1078 1079 1080 1081 1082 1083 1084 1085 1086 1087 1088 1089 1090 1091 1092 1093 1094 1095 1097 1098 1099 1101 1102 1103 1104 1105 1106 1107 1108 1109 1110 1111 1112 1113 1114 1115 1116 1117 1119 1121 1122 1123 1124 1125 1126 1127 1128 1129 1130 1131 1132 1133 1134 1135 1136 1137 1138 1139 1140 1141 1142 1144 1145 1148 1149 1150 1151 1152 1153 1154 1155 1156 1157 1158 1159 1161 1162 1163 1165 1166 1167 1168 1169 1170 1171 1172 1173 1174 1175 1176 1177 1178 1179 1180 1181 1182 1183 1184 1185 1186 1187 1188 1189 1190 1191 1192 1193 1194 1195 1196 1197 1198 1199 1200 1201 1202 1203 1204 1205 1207 1208 1209 1210 1211 1212 1213 1214 1215 1216 1217 1218 1219 1220 1221 1222 1223 1224 1225 1226 1227 1228 1229 1230 1231 1232 1233 1235 1236 1237 1238 1239 1241 1242 1259 1260 1266 1285 1337 1338 1545 1547 1853 1963 2011 716 910 1548 719 876 13 42 52 114 173 264 281 493 518 548 549 515 633 638 643 645 647 651 652 653 655 657 658 660 661 662 663 664 665 672 675 521 677 681 683 689 691 692 693 694 696 699 700 702 710 713 714 725 169 728 729 325 341 344 349 356 734 736 738 741 742 270 278 757 763 769 791 799 812 888 892 909 951 952 985 1021 1060 1096 1120 1164 176 1234 1268 1274 1482 1633 1733 1891 193 32 38 607 584 569 516 637 644 649 650 654 656 659 666 670 505 682 688 319 697 706 717 723 733 332 335 336 350 735 739 743 744 1029 175 528 1160 279 1240 597 110 605 39 45 56 188 640 310 312 679 680 695 698 701 703 708 737 1261 1328 1334 489 2467 2468 2469 2470 86 197 642 309 685 711 71 74 570 1850 1884 314 501 111 507 192 2 186
1850 1850 1736 2467 2468 2469 2470 718 1884 646 1370 1851 2466 541 377 2571 2177 156 208 31 2220 2221 2472 378 111 2471 1992 2272 1734 6 211 1747 1349 1985 2136 2137 2138 2139 626 1353 2455 2492 402 1847 1495 628
1851 1851 2177 23 1850 386 2229 2230 2231 387 1736 1243
1863 1863 1864
1864 1864 1863
1870 1870 315 2427 291 1349
1871 1871 365 724 2479 2480 109 725 31
1882 1882 1883
1883 1883 1882
1884 1884 1736 2467 2468 2469 2470 718 1850 646 111 1370 2466 541 377 2571 156 208 31 2220 2221 2472 378 2471 1992 2272 1734 6 211 1747 1349 1985 626 2136 2137 2138 2139 1353 2455 2492 402 1847 1495 628
1887 1887 1888 1991
1888 1888 1887 1991
1890 1890 1895 1896 1889 1935 31 626 2455 2492 1847 402 628 257 2502 376 627 1495 573 67
1895 1895 1896 1890 31 626 2455 2492 1847 402 628 257 2502 376 627 1495 573 1889 1935 67 1736 538 2171 15 1252 1494 20 2446 494 718 646 49 109 530 260
1896 1896 1895 1890 31 626 2455 2492 1847 402 628 257 2502 376 627 1495 573 1889 1935 67
1899 1899 1987 1897
1900 1900 2493 304 1327 2406 2407 2408 2409 2410 2411 2412 2413 754 755 2267 104 2102 69 30 2096 2246 2097 2132 49 243 209 2134 2135 2133 18 291 1347 2095 467
1901 1901 730 1902 1903 1978 1976 1257
1902 1902 730 1901 1903 1978 1976 1257
1903 1903 730 1901 1902 1978 1976 1257
1904 1904 2049 321
1923 1923 2567 235 1924 324 2159 2161 2162 2072 2157 2158 2160 301 358 456 152 673 625 294 2416 141 486 487 2537 190 2080 749 2503 295 192 2079 2081 288 1302 614 1613 2502 151 1520 153 233 2182 746 291 1457 195 84 2391 686 733 58 2085 149
1927 1927 1615 1617 1931 673 1979 1616 250 184 183 2503 1613 2502 1932 625 294
1929 1929 2498 608 2499 2173 609 1930 2001
1930 1930 2001 2002 2003 1811 1929 2498 608 2499 2173 609
1931 1931 1615 1617 1927 1932 1979 1616 250 184 183
1933 1933 1934
1934 1934 1933
1939 1939 497 458 748 2513 269 225 178 496 2511 2512 2510 143 1950 459 2143 179 460 1837 2142 88 150 2118
1945 1945 2510 2508 2504 747 2507 2505 2506 603 1336 90 85 178 58 96 2509 389 2048 203 269 225 2218 2219 82 748 287 143 93 179 95 1837 2044 2511 2512 2087 79 2475 1950 2083 80 60 84 1957 2143 2142 456 31 2045 2046 2513 83 142 2181 207 2266 497 299 749 144 2132 721 2084 1515 1341 1248 155 288 126 1965
1950 1950 269 2511 2512 748 2510 225 2513 178 497 2507 1945 1949 2143 143 2142 265 58 179 1837 1939 2504 747 458 2087 142
1953 1953 756 2528 162 2275 2276 1497 2355 259 110 70 2227 2228 2488 745 2243 2244 393 160 133 539 161 286 1954 108 111 298 167 67 31 1499
1957 1957 228 2048 81 2156 500 287 2529 2530 2531 2532 2533 2534 2535 2536 1958 93 2086 95 2504 747 96 1336 2124 2125 2181 1350 2266 90 2505 2506 2507 207 232 299 603 1945 2087 2132 85 195 496 231 230 178 2508 58 296 229 155 94 2510 82 375 2218 2219 388 129 1965 2548
1958 1958 81 2529 2530 2531 2532 2533 2534 2535 2536 1959 2086 1957 1350 228 2048 155 90 2156 58
1966 1966 1100
1973 1973 2563 2564 1974
1977 1977 2440 1531 1528 1976 1529 1530 134 284 11
1978 1978 730 1901 1902 1903 1976 1257
1985 1985 208 211 2136 2137 2138 2139 1353 1553 1370 2132 541 209 2134 2135 2133 377 1347 467 69 156 1736 2434 95 2220 2221 2472 378 613 2471 1992 2272 210 133 49 6 1747 1349 2467 2468 2469 2470 646 1850 1884 718 2466
1987 1987 1899 1897
1992 1992 740 351 1561 377 2220 2221 2472 378 2471 2272 156 6 1736 208 2428 1944 541 1943 1922 1942 323 526 2273 619 1747 709 524 2164 2035 2381 2382 1734 321 1370 291 1349 2467 2468 2469 2470 646 1850 1884 718 302 1985 2466 211 2136 2137 2138 2139 1353 292 1553 673 2132 209 2134 2135 2133
1993 1993 1994 480 302 2377 2378 2379 164 6 292 2035 2381 2382
1994 1994 1993 480 302 2377 2378 2379 164 6
1997 1997 547 550 2280 2281 2282 2283 2284 2285 2286 2287 2288 2289 2290 2291 2292 2293 2294 2295 2296 2297 2298 2299 2300 2301 2302 2303 2304 2305 2306 2307 2308 2309 2310 2311 2312 2313 2314 2315 2316 2317 2318 2319 2320 2321 2322 2323 2324 2325 2326 2327 2328 2329 2330 2331 2332 2333 2334 2335 2336 2337 2338 2339 2340 2341 2342 2343 2344 2345 2346 2347 2348 2349 2350 2351 2352 2353 2354 1329 2256 104 2087 613 673 189 2208 2041
1998 1998 1999 2000
1999 1999 1998 2000
2001 2001 1930 2002 2003 1811 1929 2498 608
2004 2004 704 1118 687 1708 1715 709 189
2007 2007 2580 185 2117 2119 2120 2121 2122 2118 194 210 196 183 195 496 364 2092 248 12 2123 2126 2124 2125 2127 1537 193 78 708 133 192 296 500 30 690 358 11
2015 2015 2588 2589 2587 2590 2591 2592 2020 2016 2017 2018 2019
2021 2021 594 135 2056
2024 2024 2070 2022
2025 2025 2026 2027
2026 2026 2025 2027
2027 2027 2025 2026
2029 2029 46 2028 1975 36 690 1734 1349 673 316 610
