6 6 2035 2381 2382 302 292 2377 2378 2379 2380 377 480 2220 2221 2472 605 378 1993 2428 494 1994 2471 526 1992 2272 156 2273 619 351 740 1747 524 1561 1349 2164 541 1736 208 1370 646 2467 2468 2469 2470 1850 1884 718 1985 2136 2137 2138 2139 1353 211 67 1699 109 530 260 2466 2163 236 1553 2571 2132
11 11 12 183 2092 248 185 2117 2119 2120 2121 2122 2007 2118 210 196 194 2580 496 364 195 2123 2126 13 1619 1852 2127 133
12 12 11 183 2092 248 185 2117 2119 2120 2121 2122 2007 2118 210 196 194 2580 496 364 195 2123 2126 2127 500 133 2124 2125 2454 296
15 15 573 2446 137 2495 732 1705 581 31 626 2455 2492 1847 402 628 2387 2144 2388 2389 2390 257 2502 376 627 2171 1252 1495 1895 1896 1494 1890 538 67 109 530 260 20 535 1736 720 536 494 673 718 646 2467 2468 2469 2470 1850 1884 2503 49 1516 226 1370 2466 2145 2146 2147 2148 2149 2150 2151 2152 2153 2154 568 571 572 574 575 569 1852 570 499 134 186 605 1613 2571 541
18 18 19 2036
19 19 18 2036
20 20 720 1516 1495 1494 466 684 2249 2568 2420 2421 31 2180 626 2455 2492 1847 402 628 464 465 2248 124 257 2502 376 627 2171 1252 1895 1302 1896 1890 573 2179 538 2446 15 621 67 1540 2359 2360 2361 2362 109 530 260 535 1736 536 494 673 718 646 2467 2468 2469 2470 1850 1884 2503 49
21 21 22 26 489 24
22 22 21 26 489 24
23 23 386 2229 2230 2231 2177 387 1851 1243
25 25 1621 1620 1270 752 2182 2449 514 1272 293 190 746 599 625 301 294 2445 1520 2158 2160 1457 2391 358 673 235 306 686 486 487 456 152 2503 2159 2161 2162 2450 2451 2452 1640 2537 1613 2502 2072 2157 1923 2080 749 2416 2567 2079 2081 614 288 1302
30 30 2414 715 2267 304 1327 2406 2407 2408 2409 2410 2411 2412 2413 754 755 2493 1900 104 2102 69 2096 2246 2097 2217 2132 49 2095 209 2134 2135
31 31 626 2455 2492 1847 402 628 257 2502 376 627 2171 1252 1895 1495 1896 1494 1890 573 538 2446 15 67 109 530 260 20 535 1736 720 536 494 673 718 646 2467 2468 2469 2470 1850 1884 2503 49 1516 137 1370 2466 732 2495 1705 605 1613 2571 541 2042 110 581 648 2243 2244 2370 2387 161 393 2144 156 2388 2389 2390 377 625 361 69 466 167 1349 1747 294 2220 2221 2472 160 2158 2160 1520 235 684 2249 2568 292 208
34 34 2039 35
43 43 2057 2058 128 107 141 2071 320 2072 51 73 2043 101 235 2159 2161 2162
46 46 2029 1975 36 690 2028
49 49 2042 648 69 67 109 530 260 494 2132 209 2134 2135 1347 467 605 2133 110 2243 2244 208 31 304 1985 2136 2137 2138 2139 1353 211 161 393 626 2455 2492 1847 402 628 95 754 755 1327 2406 2407 2408 2409 2410 2411 2412 2413 160 167 361 2493 1553 1370 292 613 257 2502 376 627 133 1900 104 2267 2380 2208 2171 1252 541 2454 207 299 1895 1495 375 129 162 1494 1896 1890 573 2087 2102 2377 2378 2379 2041 2275 2276 1497 538 2446 15 745 210 130 2488 1336 2040 1736 302 539 30 2048 259 718 646 2467 2468 2469 2470 1850 1884 2355 156 286 70 377 715 2414 20 2096 2246 2434 2227 2228 6 1349
51 51 73 2043 101 141 2071 320 2072 107 128 43 2057 2058 235 2159 2161 2162 2157 1923 2416 2567 2158 2160 301
58 58 2044 79 2218 2219 2475 721 144 2083 60 80 84 2084 1515 85 2510 749 456 1341 155 1248 2508 2507 1945 2537 2504 747 639 2505 2506 2509 389 126 603 1336 90 2067 471 82 2500 151 178 2045 2046 96 1517 288 1302 1837 179 269 154 2048 2155 2179 606 1950 2258 615 2511 2512 225 2066 83 287 93 143 748 2068 2069 2047 2087 142 2143 95 2513 153 625 2180 2142 294 152 2158 2160 2181 2266 1520 235 1957 94 301 2159 2161 2162 207 299 2080 497 2079 2081 1521 375 129 1457 2132 1939 458 149 614 358 673 1247 1523 1525 2437 1317 2072 2157 1923 2085 746
60 60 1341 749 639 84 79 58 456 2218 2219 2044 2537 85 2475 82 154 288 1302 721 144 2083 80 2045 2046 2258 615 2155 2179 606 2084 1515 2510 471 603 90 83 155 1248 2047 2508 2507 1945 625 2180 294 2504 747 2505 2506 2509 389 2158 2160 126 1520 235 1336 301 2067 2159 2161 2162 1521 2500 151 178 96 1247 1523 1525 2437 1317 1457 1517 358 673 2072 2157 1923 152 1837 179 269 746 486 487 2048 2503 2391 190 2416 2567 1950 226 2511 2512 225 2066 293 2182 306 287 93 686 2145 2146 2147 2148 2149 2150 2151 2152 2153 2154 143 153 748 2068 2069 2449 2450 2451 2452 1640 1613 2502 142
62 62 286 1546 259 2227 2228 2488 745 133 2454 539 130 210 160 632 1320 162 132 167 1497 2275 2276 2133 110 2243 2244 2355 70 1953 393 161 756 2528 361 1347 467 185 613 2117 2119 2120 2121 2122 1712 2208 209 2134 2135 69 131 551 553 552 290 134 108 36 67 2007 2118 196 194 208
66 66 366 2460 2461 265 2176
67 67 109 530 260 494 49 605 2042 110 648 2243 2244 31 161 393 626 2455 2492 1847 402 628 69 361 167 160 292 257 2502 376 627 2380 2171 1252 1495 1895 162 1896 1494 1890 573 2377 2378 2379 2275 2276 1497 2132 538 2446 15 133 209 2134 2135 2454 1347 467 2133 302 2355 20 70 535 745 130 2488 210 1953 1736 6 720 259 536 756 2528 673 718 646 2467 2468 2469 2470 1850 1884 2035 2381 2382 480 539 2227 2228 208 2503 286 1516 211 1985 2136 2137 2138 2139 1353 541 304 137 132 1370 2466 1546 62 95 754 755 732 1327 2406 2407 2408 2409 2410 2411 2412 2413 2495 1705
69 69 2132 49 209 2134 2135 1347 467 2133 2042 648 208 304 1985 2136 2137 2138 2139 1353 211 95 1327 2406 2407 2408 2409 2410 2411 2412 2413 754 755 67 2493 109 530 260 1553 1370 613 1900 2267 104 2208 541 207 299 494 375 129 133 2087 2102 2041 2454 1336 2040 605 30 2048 110 210 2488 745 130 160 156 377 2414 715 2096 2246 2434 2243 2244 1747 1349 2220 2221 2472 539 1736 1355 1412 669 167 189 2097 2467 2468 2469 2470 718 1850 1884 646 286 2255 469 2217 393 161 132 259 1546 62 378 31 88 361 93 1957 287 2227 2228 2095 2428 626 2455 2492 402 1847 628 632 2466 2494 2471 2256 2254 178
70 70 2355 162 2275 2276 1497 1953 756 2528 259 110 2227 2228 2243 2244 2488 745 161 393 539 361 167 160 286 1546 62 632 67 1320 260 109 530 133 2454 494 1289 1290 1288 50 711 318 49 130 210
73 73 51 2043 101 141 2071 320 2072 107 128 43 2057 2058 235 2159 2161 2162 2157 1923 2416 2567 2158 2160 301
75 75 2417 54 1717
79 79 84 58 2218 2219 2044 60 749 85 2475 456 82 154 1341 721 144 2537 2083 80 2045 2046 2258 615 639 2084 1515 2510 471 603 90 83 155 1248 2047 2508 2507 1945 288 1302 2504 747 2505 2506 2509 389 2155 2179 606 126 1336 2067 1521 2500 151 178 96 1247 1523 1525 2437 1317 1517 1837 179 269 625 2180 294 2048 2158 2160 1950 226 1520 235 2511 2512 225 2066 287 93 2145 2146 2147 2148 2149 2150 2151 2152 2153 2154 143 301 2159 2161 2162 748 2068 2069 95 142 152 2143 2513 1457 2087 358 673 2144 153 2072 2157 1923 2142 746 486 487 2181 2503 2266 2391 2416 2567 1957
80 80 1515 1248 126 2067 2500 1517 2066 58 2068 2069 2044 79 2218 2219 2475 721 144 2083 60 84 2084 85 2510 749 456 1341 155 2508 2507 1945 2537 2504 747 639 2505 2506 2509 389 603 1336 90 471 82 151 178 2045 2046 96 288 1302 1837 179 269 154 2048 2155 2179 606 1950 2258 615 2511 2512 225 83 287 93 143 748 2047 142
81 81 2529 2530 2531 2532 2533 2534 2535 2536 1958 2086 1350 1957 228 2156 2048 500 287 93 96 95 2124 2125 2181 2266 296 94 2504 747 195 1336 207 299 2123 2126
82 82 2045 2046 83 2047 603 90 84 79 2508 2218 2219 85 2504 747 2505 2506 2509 389 60 1336 1945 58 2507 154 749 2044 96 2258 615 456 1341 2510 2048 2537 639 178 287 93 179 1837 2475 471 95 721 144 2083 80 155 2087 288 1302 2084 1515 2181 2266 1957 2155 2179 606 1521 94 269 207 299 143 1247 1523 1525 2437 1317 225 1248 151 2511 2512 1950 375 129 142 2132 226 748 126
83 83 2047 82 2045 2046 603 90 84 79 2508 2218 2219 85 2504 747 2505 2506 2509 389 60 1336 1945 58 2507 154 749 2044 96 2258 615 456 1341 2510 2048 2537 639 178 287 93 179 1837 2475 471 95 721 144 2083 80 155 2087 288 1302 2084 1515 2181 2266 1957 2155 2179 606 1521
84 84 79 2218 2219 60 82 154 749 2045 2046 2258 615 85 456 58 1341 2537 2044 639 83 2047 471 603 90 288 1302 155 2475 2508 2155 2179 606 1521 721 144 2083 80 2504 747 2505 2506 2509 389 1945 1247 1523 1525 2437 1317 2507 2084 1515 1336 2510 151 226 96 1248 625 2145 2146 2147 2148 2149 2150 2151 2152 2153 2154 2180 294 2158 2160 1520 235 178 2048 126 301 2159 2161 2162 1837 179 2067 2144 287 93 2500 95 1457 153 358 673 1517 2072 2157 1923 746 269 486 487 152 2503 143 2391 190 2416 2567 581 1950 2181 2266 293 748 2182 142 2511 2512 2087 306 1957 225 2066 686 94 2513 2449 207 299 2068 2069
85 85 2218 2219 2508 84 2504 747 2505 2506 2509 389 58 79 603 1336 1945 90 2044 2507 96 60 82 2510 2048 2045 2046 749 2475 178 287 93 456 721 144 179 1837 2083 80 1341 83 95 154 2537 2084 1515 639 2047 2258 615 2087 2181 2266 1957 471 94 155 1248 269 207 299 143 225 2511 2512 1950 288 1302 375 129 142 126 2132 2155 606 2179 748 2067 2143 2513 2500 151 388 2142 228 1517 1521 2238 2239 2156 1247 1523 1525 2437 1317 625 2180 294 2066
88 88 2494 2434 1355 1412 669 1553 208 1985 2136 2137 2138 2139 1353 211 1370 2132 541 209 2134 2135 1347 467 2133 69
90 90 82 2045 2046 2508 603 2504 747 2505 2506 2509 389 83 1336 1945 2047 2507 85 96 2218 2219 2048 2510 84 178 58 287 93 79 179 1837 2044 95 2087 60 2181 2266 1957 94 749 207 299 143 2475 269 375 129 142 144 721 2083 80 225 456 1341 2511 2512 2132 1950 748 2084 1515 2537 154 639 2513 2143 2258 615 388 228 2238 2239 155 1248 2142 2156 471 126 288 1302 151 497 2067 2155 606 2179
93 93 2266 94 96 2048 287 2181 1957 2504 747 95 1336 2505 2506 2507 388 603 1945 90 228 2238 2239 85 2156 2508 207 299 2087 389 2509 375 129 2132 178 2510 179 1837 2218 2219 58 82 81 2044 2045 2046 500 2529 2530 2531 2532 2533 2534 2535 2536 1958 84 143 79 83 2086 142 269 2047 225 1350 2475 748 2511 2512 1950 144 721 2513 2083 60 80 69 2124 2125 2084 1515
94 94 2266 93 96 2048 287 2181 1957 2504 747 95 1336 2505 2506 2507 388 603 1945 90 228 2238 2239 85 2156 2508 207 299 2087 389 2509 375 129 2132 178 2510 179 1837 2218 2219 58 82 81 2044 2045 2046 500 2529 2530 2531 2532 2533 2534 2535 2536 1958 92 97 143
95 95 207 299 375 129 2132 2087 1336 2048 93 1957 287 178 69 96 179 1837 2504 747 2505 2506 2508 2266 2181 603 1945 90 2507 208 2509 389 94 85 1985 2136 2137 2138 2139 1353 228 211 2510 209 2134 2135 143 49 1347 467 2156 142 2133 748 1553 1370 2218 2219 2513 58 388 82 541 2042 2044 2238 2239 2045 2046 225 648 81 269 2511 2512 547 500 2529 2530 2531 2532 2533 2534 2535 2536 1958 1950 84 2143 1997 2280 2281 2282 2283 2284 2285 2286 2287 2288 2289 2290 2291 2292 2293 2294 2295 2296 2297 2298 2299 2300 2301 2302 2303 2304 2305 2306 2307 2308 2309 2310 2311 2312 2313 2314 2315 2316 2317 2318 2319 2320 2321 2322 2323 2324 2325 2326 2327 2328 2329 2330 2331 2332 2333 2334 2335 2336 2337 2338 2339 2340 2341 2342 2343 2344 2345 2346 2347 2348 2349 2350 2351 2352 2353 2354 550 1329 79 83 104 497 613 304 60 2047 2142 1939 458 2475 2208 1327 2406 2407 2408 2409 2410 2411 2412 2413 754 755 2086 67 156 377 2256 2434 144 721
96 96 287 93 2181 2266 2048 94 2504 747 2505 2506 2507 388 603 1336 1945 90 1957 2238 2239 85 2508 95 389 2509 178 2510 179 1837 2087 2218 2219 58 82 228 207 299 2044 2045 2046 2156 375 129 2132 84 143 79 83 142 269 2047 225 2475 748 2511 2512 1950 81 144 721 2513 2083 60 80 500 2529 2530 2531 2532 2533 2534 2535 2536 1958 2143 2084 1515 749 2142 2086 456 1341 155 1248 1350 497 69 2537
99 99 100 751 750
100 100 99 751 750
101 101 51 73 2043 141 2071 320 2072 107 128 43 2057 2058 235 2159 2161 2162 2157 1923 72 2416 2567 2158 2160 301
104 104 304 1327 2406 2407 2408 2409 2410 2411 2412 2413 754 755 2493 1900 2267 2102 547 1997 2280 2281 2282 2283 2284 2285 2286 2287 2288 2289 2290 2291 2292 2293 2294 2295 2296 2297 2298 2299 2300 2301 2302 2303 2304 2305 2306 2307 2308 2309 2310 2311 2312 2313 2314 2315 2316 2317 2318 2319 2320 2321 2322 2323 2324 2325 2326 2327 2328 2329 2330 2331 2332 2333 2334 2335 2336 2337 2338 2339 2340 2341 2342 2343 2344 2345 2346 2347 2348 2349 2350 2351 2352 2353 2354 550 1329 69 30 2414 715 2096 2246 2256 2097 2087 2217 2132 49 613 2095 209 2134 2135 2208 2098 2099 2100 2101 673 1347 467 2133 2503 2042 189 2041 95 648 2255 469 2040 1613 2502 208
107 107 128 141 2071 320 43 2057 2058 2072 51 73 2043 101 235 2159 2161 2162 2157 1923 2416 2567 2158 2160 301 673 358 625 294 2503 486 487 456 152 1520
109 109 67 530 260 494 49 605 2042 110 648 2243 2244 31 161 393 626 2455 2492 1847 402 628 69 361 167 160 292 257 2502 376 627 2380 2171 1252 1895 1495 162 1896 1494 1890 573 2377 2378 2379 2275 2276 1497 2132 538 2446 15 133 209 2134 2135 2454 1347 467 2133 302 2355 20 70 535 745 130 2488 210 1953 1736 6 720 259 536 756 2528 673 718 646 2467 2468 2469 2470 1850 1884 2035 2381 2382 480 539 2227 2228 1370 2503 208 286 1516 304 137 541 211 1985 2136 2137 2138 2139 1353 132
110 110 2243 2244 161 393 361 167 160 162 67 260 2275 2276 109 530 1497 133 2454 2355 494 70 2488 745 130 210 1953 49 259 756 2528 539 2227 2228 605 286 132 2042 1546 62 2133 648 632 1320 31 69 626 2455 2492 1847 402 628 292 257 2502 376 627 1347 467 209 2134 2135 185 2380 2171 1252 613 2117 2119 2120 2121 2122 1495 1895 1712 2132 2208 1896 1494 1890 573 131 551 553 552 290
115 115 116 2193 2190 2191 2192 140 610 138 1734 139 316 114
116 116 2193 115 2190 2191 2192 140 610 138 1734 139 316
124 124 464 2248 465 466 2249 2568 684 1516 2420 2421 2180 20 720 1302 2179 621 1495 2359 2360 2361 2362 1540 1494 117 456
126 126 2067 2066 2068 2069 80 1515 1248 2500 1517 58 2044 79 2218 2219 2475 721 144 2083 60 84 2084 85 2510 749 456 1341 155 2508 2507 1945 2537 2504 747 639 2505 2506 2509 389 603 1336 90 82
128 128 107 43 2057 2058 141 2071 320 2072 51 73 2043 101 235 2159 2161 2162 2157 1923 2416 2567 2158 2160 301
129 129 299 95 207 375 2132 2087 1336 2048 93 1957 287 178 69 96 179 1837 2504 747 2505 2506 2508 2266 2181 603 1945 90 2507 208 2509 389 94 85 1985 2136 2137 2138 2139 1353 228 211 2510 209 2134 2135 143 49 1347 467 2156 142 2133 748 1553 1370 2218 2219 2513 58 388 82 690 541 2042 2044 2238 2239 2045 2046 225
130 130 132 133 2454 1712 131 551 553 552 290 2488 745 210 160 539 1656 286 259 1546 62 167 2133 2227 2228 632 110 1320 2243 2244 229 393 161 1661 361 1347 467 185 613 2117 2119 2120 2121 2122 209 2134 2135 2208 69 2548 231 230 67 162 2007 2118 196 194 2041 1497 260 109 530 2275 2276 2580 496 364 49 2040 208 2132 295 183 1985 2136 2137 2138 2139 1353 211 494 2355 2092 248 70
131 131 1712 551 553 552 290 1656 132 130 229 1661 2548 231 230 133 2454 295 2488 745 210 160 2127 539 286 259 1546 62 587 2133 2227 2228 167 632 110
132 132 130 1712 131 551 553 552 290 1656 133 2454 2488 745 210 160 229 539 1661 286 259 1546 62 167 2133 2227 2228 632 110 1320 2548 231 2243 2244 230 393 161 295 361 1347 467 185 613 2117 2119 2120 2121 2122 2208 209 2134 2135 69 2127 67 162 2007 2118 196 194 208 2041 1497 260 109 530 2275 2276
133 133 2454 2488 745 130 210 160 539 286 259 132 1546 62 167 2133 2227 2228 632 110 1320 2243 2244 393 161 361 1347 467 185 613 2117 2119 2120 2121 2122 1712 209 2134 2135 2208 69 131 551 553 552 290 67 162 2007 2118 196 194 2041 1497 260 109 530 2275 2276 2580 496 364 49 1656 2040 208 2132 183 1985 2136 2137 2138 2139 1353 211 494 2355 2092 248 70 2042 1953 1553 1370 189 756 648 2528 195 12 2255 469 605 2123 2126 541 11 229
135 135 2056
136 136 2203 2204
137 137 2495 1705 732 581 2387 573 2144 2388 2389 2390 2446 15 226 31 2145 2146 2147 2148 2149 2150 2151 2152 2153 2154 626 2455 2492 1847 402 628 257 2502 376 627 2171 1252 1895 1495 1896 1494 1890 538 154 67 615 2258 109 530 260
138 138 139 140 2190 2191 2192 610 116 2193 115 1734 316
139 139 138 140 2190 2191 2192 610 116 2193 115 1734 316
140 140 138 139 2190 2191 2192 610 116 2193 115 1734 316
141 141 2071 320 2072 107 51 128 73 2043 101 43 2057 2058 235 2159 2161 2162 2157 1923 2416 2567 2158 2160 301 673 358 625 294 2503 486 487 456 152 1520 2537 1613 2502 746 190 1457 2080 749
142 142 143 225 178 179 1837 2143 2142 2511 2512 748 2510 269 2513 2087 1950 2507 497 1945 1939 458 2504 747 95 2505 2506 2508 603 1336 90 96 58 85 2509 389 2044 2048 207 299 2218 2219 375 129 287 93 2132 79 82 2475 84 144 2045 2046 721 2083 60 80 2181 2266
143 143 142 225 178 179 1837 2143 2142 2511 2512 748 2510 269 2513 2087 1950 2507 497 1945 1939 458 2504 747 95 2505 2506 2508 603 1336 90 96 58 85 2509 389 2044 2048 207 299 2218 2219 375 129 287 93 2132 79 82 2475 84 144 2045 2046 721 2083 60 80 2181 2266 1957 2084 1515 94
144 144 2475 721 58 2044 79 2218 2219 2083 60 80 84 2084 1515 85 2510 749 456 1341 155 1248 2508 2507 1945 2537 2504 747 639 2505 2506 2509 389 126 603 1336 90 2067 471 82 2500 151 178 2045 2046 96 1517 1837 288 1302 179 269 154 2048 2155 2179 606 1950 2258 615 2511 2512 225 2066 83 143 287 93 713 714 748 2068 2069 2047 2087 142 95
145 145 2073 2074
147 147 1297 1295 631 1647 148
149 149 2075 2076 2078 2077 2080 150 2082 1704 2079 2081 614 2085 153 151 152 471 155 2083 2084 625 294 2158 2160 1520 235 301 2159 2161 2162 154 2258 615 1457 358 673 2072 2157 1923 456 746 486 487 2503 2391 190 2416 2567 2537 293 2182 306 58 686 2449 2044 2450 2451 2452 1640 1613 2502
150 150 1704 614 149 2075 2076 2078 2077 2080 152 2082 2079 2081 2085 153 151 471 155 2083 2084 625 294 2158 2160 1520 235 301 2159 2161 2162 1457 358 673 2072 2157 1923 154 746 486 487 456 2503 2391 190 2416 2567 2258 615 293 2182 2537 306 686 2449
151 151 471 153 155 2083 2084 152 2085 2080 149 2075 2076 2078 2079 2081 614 154 1704 150 2077 2258 615 2082 58 2044 625 294 2158 2160 84 1520 235 301 2159 2161 2162 79 1521 1247 1523 1525 2437 1317 456 2218 2219 2475 1457 358 673 2072 2157 1923 2537 749 721 144 60 80 746 226 486 487 2503 2391 190 2416 2567 1515 2145 2146 2147 2148 2149 2150 2151 2152 2153 2154 293 2182 85 306 2510 686 2449 2450 2451 2452 1640 1613 2502 1341 1248 2144 288 1302 2508 2507 1945 82 599 603 90 2504 747 639 2505 2506 2155 2179 606 2509 389 1621 1620 2045 2046
152 152 2080 2079 2081 614 2085 153 151 149 1704 150 2075 2076 2078 625 294 2158 2160 1520 235 471 2077 301 2159 2161 2162 2082 155 2083 2084 1457 358 673 2072 2157 1923 746 486 487 456 2503 2391 190 2416 2567 293 2182 2537 306 686 2449 2450 2451 2452 1640 1613 2502 749 154 599 1621 1620 2258 615 2445 288 1302 295 25 2370 2155 2179 606 141 58 2127 1270 60 2071 320 2044 79 752 195 84 189 2218 2219 2123 2126 469 2255 107 2180 2548 231 514 1341
153 153 2085 151 2079 2081 152 2080 149 2075 2076 2078 614 471 155 2083 1704 150 2077 2084 2082 625 294 2158 2160 154 1520 235 301 2258 615 2159 2161 2162 1457 358 673 2072 2157 1923 456 746 486 487 2503 58 2391 190 2416 2567 2537 293 2182 2044 306 686 84 2449 2450 2451 2452 1640 1613 2502 60 749 79 1521 599 1621 1620 1247 1523 1525 2437 1317 288 1302 2445 2218 2219 2475 295
154 154 2258 615 471 1521 84 155 1247 1523 1525 2437 1317 226 2145 2146 2147 2148 2149 2150 2151 2152 2153 2154 79 151 2083 2218 2219 2084 2144 60 82 749 2045 2046 85 581 456 153 58 1341 2537 2044 639 83 152 2047 2085 2080 149 603 90 288 1302 2475 2075 2076 2078 2079 2081 614 2508 2155 2179 606 721 144 80 2504 747 2505 2506 2509 389 1945 1704 2507 1515 137 1336 2510 150 2077 625 294 2495 1705 732 2158 2160 2082 1520 235
155 155 471 2083 2084 151 154 2258 615 153 58 2044 152 2085 84 2080 149 79 1521 2075 2076 2078 2079 2081 614 1247 1523 1525 2437 1317 2218 2219 2475 1704 721 144 60 80 226 150 2077 1515 2145 2146 2147 2148 2149 2150 2151 2152 2153 2154 2082 85 2510 749 82 456 1341 1248 2144 2508 2507 1945 625 2045 2046 2537 2504 747 639 2505 2506 294 2509 389 126 2158 2160 1520 235 603 1336 90 2067 301 2159 2161 2162 83 2500 581 178 96 2047 1517 1457 288 1302 358 673
156 156 1747 1349 541 377 2220 2221 2472 378 2428 1736 2471 208 1370 646 2467 2468 2469 2470 718 1850 1884 526 1992 2272 211 1353 1985 2136 2137 2138 2139 2273 619 351 740 524 1561 6 2466 2164 2035 2381 2382 1553 2571 2132 209 2134 2135 1347 467 2133 69 1699 2163 236 302 292 2377 2378 2379 2434 31 2380 1355 1412 669 626 2455 2492 402 1847 628 49 480 95
160 160 167 393 110 133 2243 2244 2454 161 2488 745 130 210 361 539 286 259 132 1546 62 2227 2228 2133 67 162 632 260 109 530 1497 2275 2276 1320 494 2355 70 49 1953 1347 467 756 2528 185 613 605 69 2117 2119 2120 2121 2122 1712 209 2134 2135 2208 131 551 553 552 290 2042 648 2007 2118 196 194 2041 2580 496 364 1656 2132 2040 31 208 183 626 2455 2492 402 1847 628 1985 2136 2137 2138 2139 1353 211
161 161 361 110 2243 2244 393 167 160 162 67 260 2275 2276 109 530 1497 133 2454 2355 494 70 2488 745 130 210 1953 49 259 756 2528 539 2227 2228 605 286 132 2042 1546 62 2133 648 632 1320 31 69 626 2455 2492 402 1847 628
162 162 2275 2276 1497 2355 70 1953 756 2528 259 110 2227 2228 2243 2244 2488 745 161 393 539 361 167 160 286 1546 62 632 67 1320 260 109 530 133 2454 494 130 210 49 605 132 2042 2133
163 163 2232 2233 2234 2235 2236 2237
165 165 1645 1646 186 108
166 166 2453 108
167 167 393 160 110 2243 2244 161 133 361 2454 2488 745 130 210 162 67 539 260 2275 2276 1497 109 530 259 286 132 2227 2228 1546 62 2133 2355 494 632 70 1320 1953 49 756 2528 605 2042 1347 467 185 69 648 613 2117 2119 2120 2121 2122 1712 209 2134 2135 2208 31 131 551 553 552 290 108 626 2455 2492 402 1847 628 2007 2118 196 194
172 172 266 2569 2570
174 174 470 2257 1147 1146 1143 751 750
178 178 179 1837 2087 143 142 748 2510 2513 2507 225 2504 747 1945 2511 2512 269 95 497 2143 1950 2505 2506 1939 458 2142 603 1336 90 96 2508 85 2048 2509 389 207 299 58 375 129 287 93 2044 2132 2218 2219 82 79 2045 2046 84 2181 2266 1957 2475 94 144 721 2083 60 80 83 2084 1515 2047 547 749 1997 2280 2281 2282 2283 2284 2285 2286 2287 2288 2289 2290 2291 2292 2293 2294 2295 2296 2297 2298 2299 2300 2301 2302 2303 2304 2305 2306 2307 2308 2309 2310 2311 2312 2313 2314 2315 2316 2317 2318 2319 2320 2321 2322 2323 2324 2325 2326 2327 2328 2329 2330 2331 2332 2333 2334 2335 2336 2337 2338 2339 2340 2341 2342 2343 2344 2345 2346 2347 2348 2349 2350 2351 2352 2353 2354 550 1329 456 388 1341 155 1248 69 228 2537 2238 2239
179 179 178 1837 2087 143 142 748 2510 2513 2507 225 2504 747 1945 2511 2512 269 95 497 2143 1950 2505 2506 1939 458 2142 603 1336 90 96 2508 85 2048 2509 389 207 299 58 375 129 287 93 2044 2132 2218 2219 82 79 2045 2046 84 2181 2266 1957 2475 94 144 721 2083 60 80 83 2084 1515 2047 547 749 1997 2280 2281 2282 2283 2284 2285 2286 2287 2288 2289 2290 2291 2292 2293 2294 2295 2296 2297 2298 2299 2300 2301 2302 2303 2304 2305 2306 2307 2308 2309 2310 2311 2312 2313 2314 2315 2316 2317 2318 2319 2320 2321 2322 2323 2324 2325 2326 2327 2328 2329 2330 2331 2332 2333 2334 2335 2336 2337 2338 2339 2340 2341 2342 2343 2344 2345 2346 2347 2348 2349 2350 2351 2352 2353 2354 550 1329 456 388
180 180 181
181 181 180
183 183 2092 248 12 11 185 2117 2119 2120 2121 2122 2007 2118 210 196 194 2580 496 364 195 2123 2126 2124 2125 2127 133 2454 296 500 2488 745 130 358 295 539 160
185 185 2117 2119 2120 2121 2122 2007 2118 210 196 194 2580 496 364 183 2092 248 195 12 2123 2126 11 2124 2125 2127 133 2454 296 500 2488 745 130 358 160 295 539 486 487 286 132 259 1546 62 228 2133 2227 2228 167 2156 632 110 393 1320 231 2548 2243 2244 230
189 189 2255 469 2256 2254 520 2391 687 1715 306 613 2208 1118 2041 2040 704 2004 2133 294 1457 2158 2160 547 1347 467 301 686 1997 2280 2281 2282 2283 2284 2285 2286 2287 2288 2289 2290 2291 2292 2293 2294 2295 2296 2297 2298 2299 2300 2301 2302 2303 2304 2305 2306 2307 2308 2309 2310 2311 2312 2313 2314 2315 2316 2317 2318 2319 2320 2321 2322 2323 2324 2325 2326 2327 2328 2329 2330 2331 2332 2333 2334 2335 2336 2337 2338 2339 2340 2341 2342 2343 2344 2345 2346 2347 2348 2349 2350 2351 2352 2353 2354 550 1329 2450 2451 2452 1640 673 209 2134 2135 69 625 2503 358 104 2182 1520 133 486 487 456 152 235 2449 2087 2454 2537 293 190 2159 2161 2162 1613 2502 208 746 2132
190 190 599 2445 746 301 293 2182 2449 625 1621 1620 1520 25 2158 2160 294 1270 752 235 358 673 2159 2161 2162 1457 514 486 487 456 152 2503 1272 2391 2537 2072 2157 1923 306 686 1613 2502 2416 2567 2450 2451 2452 1640 2080 749 2079 2081 614 288 1302 295 2085 2370 2155 2179 606 153 151 2127 149 195 84 60 1704 150 2075 2076 2078 141 189 2123 2126 2071 320 2180 2548 231
194 194 364 196 185 2117 2119 2120 2121 2122 2007 2118 210 2580 496 183 2092 248 195 12 2123 2126 11 2124 2125 2127 133 2454 296 500 2488 745 130 358 295 539 160 486 487 286
195 195 2123 2126 2124 2125 2127 296 500 358 295 486 487 185 228 2117 2119 2120 2121 2122 2156 231 2548 196 2007 2118 210 194 230 2580 496 364 1957 183 229 2092 248 1661 625 294 2158 2160 1520 235 12 301 1656 2159 2161 2162 11 1457 673 2072 2157 1923 746 456 152 2503 2391 190 2416 2567 133 2048 293 2182 2537 306 686 2454 2449
196 196 194 364 185 2117 2119 2120 2121 2122 2007 2118 210 2580 496 183 2092 248 195 12 2123 2126 11 2124 2125 2127 133 2454 296 500 2488 745 130 358 295 539 160 486 487 286 132 259 1546 62 228 2133
199 199 2128 1685 2207 200 202 201
207 207 375 95 299 129 2132 2087 1336 2048 93 1957 287 178 69 96 179 1837 2504 747 2505 2506 2508 2266 2181 603 1945 90 2507 208 2509 389 94 85 1985 2136 2137 2138 2139 1353 228 211 2510 209 2134 2135 143 49 1347 467 2156 142 2133 748 1553 1370 2218 2219 2513 58 388 82 541 2042 2044 2238 2239 2045 2046 225 648 81 269 2511 2512 547
208 208 1985 2136 2137 2138 2139 1353 211 1553 1370 2132 541 209 2134 2135 1347 467 2133 69 156 377 2434 1747 1349 2220 2221 2472 1355 1412 669 1736 2467 2468 2469 2470 646 718 1850 1884 95 49 378 88 2428 613 2494 2466 2471 2208 2571 207 526 299 2042 1992 2272 375 129 648 2273 619 351 740 524 1561 133 2087 6 2041 2454 2164 1336 2035 2381 2382 2040 304 2048 1327 2406 2407 2408 2409 2410 2411 2412 2413 754 755 67 210 2488 745 130 2493 260 109 530 539 160 189 31 1900 2267 104
209 209 1347 467 2134 2135 69 2133 208 2132 1985 2136 2137 2138 2139 1353 211 49 1553 1370 613 541 2042 2208 648 133 95 2041 2454 304 2040 1327 2406 2407 2408 2409 2410 2411 2412 2413 754 755 67 156 377 2434 2493 109 530 260 210 2488 745 130 1747 1349 2220 2221 2472 207 299 1355 1412 669 1736 160 1900 2267 104 375 129 539 2467 2468 2469 2470 646 1850 1884 718 2087 189 494 378 286 88 1336 2255 469 132 259 110 2428 1546 62 2102 2494 2466 2471 167 2227 2228 393 2048 2243 2244 632 2571 526 1992 2272 2256 2254 605 1320 30
210 210 133 185 2454 2117 2119 2120 2121 2122 2488 745 130 2007 2118 196 194 160 539 2580 496 364 286 183 259 132 1546 62 167 2133 2092 248 2227 2228 632 110 1320 2243 2244 195 12 2123 2126 11 393 161 2124 2125 361 2127 1347 467 613 296 1712 209 2134 2135 2208 69 500 131 551 553 552 290 67 162 2041 1497 260 109 530 2275 2276 358 295 49 1656 2040 208 486 487 2132 1985 2136 2137 2138 2139 1353 211 494 2355 228 70
211 211 208 1985 2136 2137 2138 2139 1353 1553 1370 541 2132 209 2134 2135 1347 467 2133 69 156 377 2434 1349 1747 2220 2221 2472 1355 1412 669 1736 2467 2468 2469 2470 646 1850 1884 718 95 49 378 88 2428 613 2494 2466 2471 2208 2571 207 526 299 2042 1992 2272 375 129 648 2273 619 351 740 524 1561 133 2087 6 2041 2454 2164 1336 2035 2381 2382 2040 304 2048 1327 2406 2407 2408 2409 2410 2411 2412 2413 754 755 210 2488 745 130 1493 67 109 530 260
212 212 213 214 216 2140 2141
213 213 212 214 216 2140 2141
214 214 212 213 216 2140 2141
216 216 212 213 214 2140 2141
217 217 2438 2439 218 1706 460
218 218 217 2438 2439 1706 460 220
223 223 224
224 224 223
226 226 2145 2146 2147 2148 2149 2150 2151 2152 2153 2154 2144 581 154 2258 615 471 137 1521 2495 1705 732 84 155 1247 1523 1525 2437 1317 79 151 2387 573 2083 2218 2219 2388 2389 2390 2446 15 2084 60 82
228 228 2156 1957 500 2124 2125 296 2048 81 195 2529 2530 2531 2532 2533 2534 2535 2536 1958 2123 2126 287 93 2086 2127 1350 96 95 2181 2266 94 2504 747 1336 358 207 299 295 486 487 375 129 2087 2505 2506 2507 2132 185 388 90 603 1945 2117 2119 2120 2121 2122 2238 2239 85 2508 389 2509 231 2548 230 178 196 2007 2118 210 194 2510 496
229 229 1661 1656 2548 231 230 295 2127 1712 290 551 553 552 131 132 358 486 487 130 195 2123 2126 2124 2125 296 500 625 294 2158 2160 1520 235 301 2159 2161 2162 133
230 230 2548 231 295 229 1661 2127 1656 358 486 487 195 1712 2123 2126 290 551 553 552 131 2124 2125 132 296 500 625 294 130 2158 2160 1520 235 301 2159 2161 2162 1457 185 673 228 2072 2157 1923 746 2117 2119 2120 2121 2122
231 231 230 2548 295 229 1661 2127 1656 358 486 487 195 1712 2123 2126 290 551 553 552 131 2124 2125 132 296 500 625 294 130 2158 2160 1520 235 301 2159 2161 2162 1457 185 673 228 2072 2157 1923 746 2117 2119 2120 2121 2122 456 152 2503 2391 2156 2416 2567
233 233 234
234 234 233
235 235 2159 2161 2162 2072 2157 1923 2416 2567 2158 2160 301 358 673 625 294 486 487 456 152 2503 1520 2537 141 2071 320 1613 2502 746 190 1457 2080 749 293 107 2182 2391 2079 2081 614 288 1302 295 2449 306 2085 686 2370 2155 2179 606 153 151 599 2450 2451 2452 1640 2127 51 2445 149 60 128 1621 1620 101 73 2043 195 84 1704 150 2075 2076 2078 25 2123 2126 79 2180 2548 231 230 1270 58 2083 471 2077 1341 2218 2219 2124 2125 155 752 2044 2084 2082 639 2369 189 43 229 296 31 1550 1551 469 2255 2057 2058 514 1661 154 500
236 236 1699 2163 2164 2471 526 377 2220 2221 2472 378 2428 1992 2272 156 524 2273 619 351 740 1747 1561 1349 6 2035 2381 2382
237 237 562 2363 561 583 407
238 238 2168 2169
239 239 2577 240
246 246 2396 258 245
248 248 183 2092 12 11 185 2117 2119 2120 2121 2122 2007 2118 210 196 194 2580 496 364 195 2123 2126 2124 2125 2127 133 2454 296 186 500 249 251 252 250 2488 745 130
255 255 2170 256
257 257 2171 31 626 2455 2492 1847 402 628 2502 376 627 1252 1895 1495 1896 1494 1890 573 538 2446 15 67 109 530 260 20 535 1736 720 536 494 673 718 646 2467 2468 2469 2470 1850 1884 2503 49 1516 137 1370 2466 732 2495 1705 605 1613 2571 541 2042 110 581 648 2243 2244 2370 2387
259 259 2227 2228 2488 745 539 286 1546 62 162 133 632 1497 2275 2276 2454 1320 2355 130 210 160 70 1953 110 756 2528 167 132 2243 2244 2133 393 161 361 1347 467 185 67 613 2117 2119 2120 2121 2122 1712 260 109 530 2208 209 2134 2135 69 131 551 553 552 290 49 2007 2118 196 194 494 208 2041
260 260 67 109 530 494 49 605 2042 110 648 2243 2244 31 161 393 626 2455 2492 1847 402 628 69 361 167 160 292 257 2502 376 627 2380 2171 1252 1495 1895 162 1896 1494 1890 573 2377 2378 2379 2275 2276 1497 2132 538 2446 15 133 209 2134 2135 2454 1347 467 2133 302 2355 20 70 535 745 130 2488 210 1953 1736 6 720 259 536 756 2528 673 718 646 2467 2468 2469 2470 1850 1884 2035 2381 2382 480 539 2227 2228 1370 2503 208 286 1516 304 137 541 211 1985 2136 2137 2138 2139 1353 132
265 265 2176 2460 2461 66 366
266 266 172 2569 2570 321 709
267 267 1742 391 392 390 640
269 269 1950 2511 2512 748 225 2510 2513 2143 2142 143 497 142 2507 1939 458 178 1945 179 1837 2087 58 2504 747 2044 2505 2506 85 603 1336 90 79 96 2508 2509 389 2218 2219 2475 95 2048 144 721 2083 60 80 287 93 82 84 2084 1515 2045 2046 749 207 299 456
286 286 1546 62 259 2227 2228 2488 745 133 2454 539 130 210 160 632 1320 162 132 167 1497 2275 2276 2133 110 2243 2244 2355 70 1953 393 161 756 2528 361 1347 467 185 613 2117 2119 2120 2121 2122 1712 2208 209 2134 2135 69 131 551 553 552 290 67 2007 2118 196 194 208 2041 260 109 530 2580 496 364 49 1656 1985 2136 2137 2138 2139 1353 211 2132
287 287 2181 96 2048 388 93 2238 2239 2266 1957 94 2504 747 95 1336 2505 2506 2507 603 1945 90 228 85 2156 2508 207 299 2087 389 2509 375 129 2132 178 2510 179 1837 2218 2219 58 82 81 2044 2045 2046 500 2529 2530 2531 2532 2533 2534 2535 2536 1958 84 143 79 83 2086 142 269 2047 225 1350 2475 748 2511 2512 1950 144 721 2513 2083 60 80 69 2124 2125 2084 1515
288 288 2155 606 456 2537 749 1302 2179 60 84 625 79 2180 294 2158 2160 1520 235 58 1341 2218 2219 301 2159 2161 2162 2044 639 1457 358 673 2072 2157 1923 746 486 487 152 2503 2391 190 2416 2567 85 2475 293 2182 82 154 306 686 721 144 2083 80 2449 2045 2046 2258 615 2450 2451 2452 1640 1613 2502 621 2084 1515 466 2080 2510 2359 2360 2361 2362 1540 471 599 603 90 2249 2568 684 1621 1620 83 2445 2507 151 2079 2081 614 153 295 1945 2504 747 155 1248 2085 2047 2508
290 290 1712 551 553 552 131 1656 132 130 229 1661 2548 231 230 133 2454 295 2488 745 210 160 2127 539 286 259 1546 62 357 1299 2133 291 2227 2228 167 632 110
292 292 2380 2377 2378 2379 605 302 494 6 2035 2381 2382 480 1993 1994 67 109 530 260 377 2220 2221 2472 49 378 2428 2471 2042 526 1992 2272 156 110 648 1349 2273 619 351 740 1747 524 1561 2243 2244 2164 31
293 293 746 2182 190 2449 1621 1620 599 625 25 301 2445 1520 1270 752 2158 2160 514 294 1272 358 673 235 486 487 456 152 2503 2159 2161 2162 1457 2537 2391 1613 2502 2072 2157 1923 306 2080 749 686 2416 2567 2450 2451 2452 1640 2079 2081 614 288 1302 295 2085 2370 2155 2179 606 153 151 2127 149 195 84 60 1704 150 2075 2076 2078 2123 2126 141
294 294 1457 2158 2160 2391 306 301 686 2450 2451 2452 1640 625 358 673 2182 1520 486 487 456 152 2503 235 2449 2537 746 190 2159 2161 2162 1613 2502 293 1621 1620 2080 749 2072 2157 1923 189 25 599 2416 2567 469 2255 2079 2081 614 288 1302 295 2445 1270 2085 2370 2155 2179 606 153 151 752 2127 2256 2254 149 60 195 84 520 1704 150 2075 2076 2078 687 514 2123 2126 79 1715 2180 2548 231 1272 230 141 58 613 2083 471 2077 1341 2218 2219 2124 2125 155 2071 320 2044 2208 2084 2082 639 1118 2369 229 296 31 1550 1551 107 1661 154 2041 500 626 2455 2492 402 1847 628 615 2258 2040
295 295 2127 2548 231 230 229 358 1661 486 487 1656 195 2123 2126 2124 2125 296 500 625 294 2158 2160 1520 235 1712 301 2159 2161 2162 290 551 553 552 131 1457 185 673 2072 2157 1923 228 746 2117 2119 2120 2121 2122 456 152 2503 132 2391 190 2416 2567 2156 293 2182 2537 306 686 2449 196 2007 2118 210 194 2450 2451 2452 1640 1613 2502 496 2580 364 2080 749 130 599 1621 1620 1957 2445 183 2079 2081 614 288 1302
296 296 2124 2125 500 195 2123 2126 228 2127 2156 1957 358 295 486 487 185 2117 2119 2120 2121 2122 231 2548 196 2007 2118 210 194 230 496 2580 364 2048 183 229 2092 248 1661 81 625 294 2158 2160 2529 2530 2531 2532 2533 2534 2535 2536 1958 1520 235 12 301 1656 2159 2161 2162 287 93
298 298 540 2274 1396 291
299 299 129 95 207 375 2132 2087 1336 2048 93 1957 287 178 69 96 179 1837 2504 747 2505 2506 2508 2266 2181 603 1945 90 2507 208 2509 389 94 85 1985 2136 2137 2138 2139 1353 228 211 2510 209 2134 2135 143 49 1347 467 2156 142 2133 748 1553 1370 2218 2219 2513 58 388 82 541 2042 2044 2238 2239 2045 2046 225 648 81 269 2511 2512 547
301 301 190 599 746 625 294 2445 2158 2160 1520 235 293 2159 2161 2162 2182 2449 1457 358 673 2072 2157 1923 486 487 456 152 2503 2391 2416 2567 1621 1620 2537 306 686 25 2450 2451 2452 1640 1613 2502 2080 749 1270 752 2079 2081 614 288 1302 295 2085 2370 2155 2179 606 153 151 141 2127 514 2071 320 149 60 1272 195 84 1704 189 150 2075 2076 2078 2123 2126 469 2255 107 79 2180 2548 231 230 58 2083 471 2077 1341 2218 2219 155 2044 2256 2254 500 2084 2082 2124 2125 51 639 2369 520 128 229 296 101 73 2043 687
302 302 2377 2378 2379 480 292 1993 2380 6 1994 2035 2381 2382 605 494 377 2220 2221 2472 378 67 2428 109 530 260 2471 526 1992 2272 156 1349 2273 619 351 740 1747 524 1561 2164 49
304 304 1327 2406 2407 2408 2409 2410 2411 2412 2413 754 755 2493 1900 2267 104 2102 69 30 2414 715 2096 2246 2097 2217 2132 49 2095 209 2134 2135 2098 2099 2100 2101 1347 467 2133 2042 648 208 1985 2136 2137 2138 2139 1353 211 95 67 547 613 109 530 260 1553 1370 550 1997 2280 2281 2282 2283 2284 2285 2286 2287 2288 2289 2290 2291 2292 2293 2294 2295 2296 2297 2298 2299 2300 2301 2302 2303 2304 2305 2306 2307 2308 2309 2310 2311 2312 2313 2314 2315 2316 2317 2318 2319 2320 2321 2322 2323 2324 2325 2326 2327 2328 2329 2330 2331 2332 2333 2334 2335 2336 2337 2338 2339 2340 2341 2342 2343 2344 2345 2346 2347 2348 2349 2350 2351 2352 2353 2354 1329
306 306 2391 189 2255 469 294 2256 2254 520 687 1457 1715 2158 2160 613 301 2208 686 1118 2450 2451 2452 1640 625 673 358 2041 2182 1520 2503 486 487 456 152 2040 235 2449 704 2537 746 190 2159 2161 2162 2004 1613 2502 293 1621 1620 2080 749 2133 2072 2157 1923 25 599 2416 2567 2079 2081 614 288 1302 295 2445 1270 2085 2370 2155 2179 606 153 151 752 2127 149 321 291 195 84 60 1704 150 2075 2076 2078 547 514 2123 2126
315 315 1870 2427
316 316 1734 610 2190 2191 2192 140 116 2193 115 138 139 1618 670 321 291
320 320 141 2071 2072 107 51 128 73 2043 101 43 2057 2058 235 2159 2161 2162 2157 1923 2416 2567 2158 2160 301 673 358 625 294 2503 486 487 456 152 1520 2537 321 291 1613 2502 746 190 1457
322 322 2525 2523 2524
351 351 1992 740 1561 377 2220 2221 2472 378 2428 2471 526 2272 156 2273 619 1747 524 1349 6 2164 2035 2381 2382 541 1736 208 1370 646 2467 2468 2469 2470 1850 1884 718 1985 2136 2137 2138 2139 1353 211 1699 2466 2163 236 302 1553 2571 292 2377 2378 2379 2380 291 709 2132
358 358 486 487 295 2127 195 625 294 2123 2126 2158 2160 1520 235 2548 231 230 301 2159 2161 2162 2124 2125 1457 673 2072 2157 1923 229 296 746 456 152 2503 2391 190 2416 2567 1661 500 293 2182 2537 306 686 2449 2450 2451 2452 1640 1613 2502 1656 2080 749 599 1621 1620 2445 185 2079 2081 614 288 1302 228 25 2085 2117 2119 2120 2121 2122 2370 2155 2179 606 153 151 141 2156 1270 2071 320 149 60 752 196 2007 2118 210 84 194 1704 189 150 2075 2076 2078 496 2580 364 469 2255 107 79 2180 1957 514 58 183 2083 1712 471 2077 1341 2218 2219 1272
361 361 161 110 2243 2244 393 167 160 162 67 260 2275 2276 109 530 1497 133 2454 2355 494 70 2488 745 130 210 1953 49 259 756 2528 539 2227 2228 605 286 132 2042 1546 62 2133 648 632 1320 31 69 626 2455 2492 402 1847 628
362 362 612 363
363 363 362 612 1505
364 364 194 196 185 2117 2119 2120 2121 2122 2007 2118 210 2580 496 183 2092 248 195 12 2123 2126 11 2124 2125 2127 133 2454 296 500 2488 745 130 197 358 295 539 160
365 365 1871 724 2479 2480
366 366 66 2460 2461 265 2176 367
368 368 2209 1264 1744 1351 371 2210 2211 2212 2213 2214
371 371 1351 2210 2211 2212 2213 2214 368 2209 1264 1744
375 375 207 95 299 129 2132 2087 1336 2048 93 1957 287 178 69 96 179 1837 2504 747 2505 2506 2508 2266 2181 603 1945 90 2507 208 2509 389 94 85 1985 2136 2137 2138 2139 1353 228 211 2510 209 2134 2135 143 49 1347 467 2156 142 2133 748 1553 1370 2218 2219 2513 58 388 82 541 2042 2044 2238 2239 2045 2046 225
376 376 538 535 536 31 1847 626 2455 2492 402 628 257 2502 627 2171 1252 1895 1495 1896 1494 1890 573 2446 15 67 109 530 260 20 1736 720 494 673 718 646 2467 2468 2469 2470 1850 1884 2503 49 1516 137 1370 2466 732 2495 1705 605 1613 2571 541 2042 110 581 648 2243 2244 2370 2387
377 377 2220 2221 2472 378 2428 2471 526 1992 2272 156 2273 619 351 740 1747 524 1561 1349 6 2164 2035 2381 2382 541 1736 208 1370 646 2467 2468 2469 2470 718 1850 1884 1985 2136 2137 2138 2139 1353 211 1699 2466 2163 236 302 1553 2571 292 2377 2378 2379 2380 2132 209 2134 2135 480 1347 467 605 2133 69 1993 2434 31 494 1994 1355 1412 669 626 2455 2492 402 1847 628 95 49
378 378 2428 377 2220 2221 2472 2471 526 1992 2272 156 2273 619 351 740 1747 524 1561 1349 6 2164 2035 2381 2382 541 1736 208 1370 646 2467 2468 2469 2470 1850 1884 718 1985 2136 2137 2138 2139 1353 211 1699 2466 2163 236 302 1553 2571 292 2377 2378 2379 2380 2132 209 2134 2135 480 1347 467 605 2133 69
382 382 753 2520 2521 379
386 386 23 2229 2230 2231 2177 387 1851 1243
387 387 1243 23 386 2229 2230 2231 2177 1851
388 388 2238 2239 2181 287 96 2048 93 2266 1957 94 2504 747 95 1336 2505 2506 2507 603 1945 90 228 85 2156 207 299 2508 2087 389 375 129 2509 2132 178 2510 58 179 1837
389 389 2508 2509 2505 2506 603 1336 1945 90 85 2504 747 2507 2218 2219 58 82 96 2044 2045 2046 2048 2510 178 84 95 287 93 79 83 179 1837 2047 2087 2475 721 144 2083 60 80 207 299 2181 2266 1957 143 2084 1515 375 129 94 2132 142 749 748 269 2513 456 1341 155 1248 1950 2511 2512 225 2537 154 639 126 471 388 2258 615 228 2067 2238 2239 2156 2500 151 497
390 390 392 391 1742 267
391 391 1742 392 267 390
392 392 390 391 1742 267 640
393 393 167 160 110 2243 2244 161 361 162 67 260 2275 2276 109 530 1497 133 2454 2355 494 70 2488 745 130 210 1953 49 259 756 2528 539 2227 2228 605 286 132 2042 1546 62 2133 648 632 1320 31 69 626 2455 2492 402 1847 628 108
397 397 2245 455 2371 406 413
398 398 2178
399 399 2247 400 403 404
401 401 601 2514 2383 2384
402 402 31 626 2455 2492 1847 628 257 2502 376 627 2171 1252 1895 1495 1896 1494 1890 573 538 2446 15 67 109 530 260 20 535 1736 720 536 494 673 718 646 2467 2468 2469 2470 1850 1884 2503 49 1516 137 1370 2466 732 2495 1705 605 1613 2571 541 2042 110 581 648 2243 2244 2370 2387 161 393 2144 156 2388 2389 2390 377 625 361 69 466 167 1349 1747 294 2220 2221 2472 160
406 406 413 455 2371 397 2245
413 413 406 455 2371 397 2245
455 455 2371 397 406 2245 413
456 456 2537 749 288 1302 2155 2179 606 60 84 625 79 2180 294 2158 2160 1520 235 58 1341 2218 2219 301 2159 2161 2162 2044 639 1457 358 673 2072 2157 1923 746 486 487 152 2503 85 2391 190 2416 2567 2475 293 2182 82 154 306 686 721 144 2083 80 2449 2045 2046 2258 615 2450 2451 2452 1640 1613 2502 621 2084 1515 466 2080 2510 2359 2360 2361 2362 1540 471 599 2249 2568 684 1621 1620 603 90 83 2445 151 2079 2081 614 153 295 155 1248 2085 2047 25 2508 2507 1945 2370 141 2504 747 2505 2506 2509 389 2420 1516 126 2127 1270 2071 320 149 1336 2421 2067 752 195 2075 2076 2078 1704 150 189 1521 2500 2123 2126 464 469 2255 178 96 107 1247 1523 1525 2437 1317 1517 2548 231 465 2248 124 1837 179 514 269
458 458 497 1939 748 2513 269 1950 2511 2512 225 178 179 1837 2143 143 2510 142 2142 2087 2507 1945 2504 747 459 58 2505 2506 1336 95
460 460 217 2438 2439 218 1706
461 461 462 463
462 462 461 463
463 463 462 461
464 464 2248 124 465 466 2249 2568 684 1516 2420 2421 2180 20 720 1302 2179 621 1495 2359 2360 2361 2362 1540 1494 456 2537
465 465 464 2248 124 466 2249 2568 684 1516 2420 2421 2180 20 720 1302 2179 621 1495 2359 2360 2361 2362 1540 1494 685 456
466 466 2249 2568 684 2420 1516 2421 2180 464 465 2248 124 20 720 1302 2179 621 1495 2359 2360 2361 2362 1540 1494 456 2537 749 288 31 606 2155 626 2455 2492 402 1847 628
467 467 209 2134 2135 1347 2133 69 208 2132 1985 2136 2137 2138 2139 1353 211 49 613 2208 1553 1370 541 2042 133 2041 648 2454 2040 95 210 2488 745 130 304 1327 2406 2407 2408 2409 2410 2411 2412 2413 754 755 160 67 156 539 377 2434 2493 189 260 109 530 1747 1349 2220 2221 2472 286 207 299 1355 1412 669 1736 2255 469 132 259 1900 2267 104 1546 62 375 129 2467 2468 2469 2470 646 1850 1884 718 2087 2227 2228 167 494 632 378 88 1336 110 393 2256 2254 1320 2428 2102 2494 2243 2244 2466 520 2471 2048 2391 687 2571 526 1992 2272
469 469 189 2255 2256 2254 520 2391 687 1715 306 613 2208 1118 2041 2040 704 2004 2133 294 1457 2158 2160 547 1347 467 301 686 1997 2280 2281 2282 2283 2284 2285 2286 2287 2288 2289 2290 2291 2292 2293 2294 2295 2296 2297 2298 2299 2300 2301 2302 2303 2304 2305 2306 2307 2308 2309 2310 2311 2312 2313 2314 2315 2316 2317 2318 2319 2320 2321 2322 2323 2324 2325 2326 2327 2328 2329 2330 2331 2332 2333 2334 2335 2336 2337 2338 2339 2340 2341 2342 2343 2344 2345 2346 2347 2348 2349 2350 2351 2352 2353 2354 550 1329 2450 2451 2452 1640 673 209 2134 2135 69 625 2503 358 468 104 2182 1520 133 486 487 456 152 235 208 2449 2087 2454 2537
470 470 2257 174
471 471 155 151 154 2083 2258 615 2084 153 152 1521 2085 84 1247 1523 1525 2437 1317 2080 149 58 2075 2076 2078 226 2079 2081 614 2044 2145 2146 2147 2148 2149 2150 2151 2152 2153 2154 79 1704 150 2077 2218 2219 2082 2144 60 2475 82 749 721 144 80 2045 2046 625 85 581 294 1515 456 1341 2158 2160 1520 2510 235 2537 639 301 2508 2159 2161 2162 83 1945 2507 2504 747 2505 2506 1248 2509 389 2047 1457 1336 358 673 126 2072 2157 1923 746 603 90
472 472 473 622
473 473 472 622
477 477 2549 2260 2259 2261 2448
480 480 1993 1994 302 2377 2378 2379 292 2380 6 2035 2381 2382 605 494 377 2220 2221 2472 378 67 2428 109 530 260 2471 526 1992 2272 156
486 486 358 487 295 2127 195 625 294 2123 2126 2158 2160 1520 235 2548 231 230 301 2159 2161 2162 2124 2125 1457 673 2072 2157 1923 229 296 746 456 152 2503 2391 190 2416 2567 1661 500 293 2182 2537 306 686 2449 2450 2451 2452 1640 1613 2502 1656 2080 749 599 1621 1620 2445 185 2079 2081 614 288 1302 228 25 2085 2117 2119 2120 2121 2122 2370 2155 2179 606 153 151 141 2156 1270 2071 320 149 752 196 2007 2118 210 84 194 60 1704 189 150 2075 2076 2078 496 2580 364 469 2255 107 79 2180 58 1957 514
487 487 358 486 295 2127 195 625 294 2123 2126 2158 2160 1520 235 2548 231 230 301 2159 2161 2162 2124 2125 1457 673 2072 2157 1923 229 296 746 456 152 2503 2391 190 2416 2567 1661 500 293 2182 2537 306 686 2449 2450 2451 2452 1640 1613 2502 1656 2080 749 599 1621 1620 2445 185 2079 2081 614 288 1302 228 25 2085 2117 2119 2120 2121 2122 2370 2155 2179 606 153 151 141 2156 1270 2071 320 149 752 196 2007 2118 210 84 194 60 1704 189 150 2075 2076 2078 496 2580 364 469 2255 107 79 2180 58 1957 514
494 494 605 67 109 530 260 292 2380 49 2377 2378 2379 302 2042 110 648 2243 2244 6 31 2035 2381 2382 480 161 393 626 2455 2492 1847 402 628 69 361 167 160 257 2502 376 627 1993 2171 1252 1994 1895 1495 162 1896 1494 1890 573 2275 2276 1497 2132 538 2446 15 133 209 2134 2135 2454 1347 467 2133 377 2355 20 2220 2221 2472 70 535 745 130 2488 210 1953 1736 720 536
496 496 2118 185 2117 2119 2120 2121 2122 2007 210 196 194 2580 364 183 2092 248 195 12 2123 2126 11 2124 2125 2127 133 2454 296 500 2488 745 130 358 295 539 160 498 502 503 504 505 486 487 499 501 192 286 228
497 497 1939 458 748 2513 269 1950 2511 2512 225 178 179 1837 2143 143 2510 142 2142 2087 2507 1945 2504 747 58 95 2505 2506 2044 2508 85 603 1336 90 96
500 500 2124 2125 228 2156 296 195 1957 2123 2126 2127 358 2048 295 486 487 185 81 2117 2119 2120 2121 2122 2529 2530 2531 2532 2533 2534 2535 2536 1958 287 93 231 2548 196 2007 2118 210 230 194 2086 496 2580 364 1350 96 95 183 229 2181 2266 2092 248 1661 94 625 294 2504 747 2158 2160 1520 235 1336
506 506 2404 2405
513 513 2271 2515 517 591 558 508
514 514 1272 1270 752 25 1620 1621 2182 2449 293 190 746 599 625 301 294 2445 1520 2158 2160 1457 2391 1271 358 673 235 306 686 486 487 456 152 2503
517 517 2271 2515 513 1683 488 256 1343
520 520 2254 189 2255 469 2256 2391 687 1715 306 613 2208 1118 2041 2040 704 2004 2133 294 1457 2158 2160 547 1347 467 522 523 521 1334 301 686 1997 2280 2281 2282 2283 2284 2285 2286 2287 2288 2289 2290 2291 2292 2293 2294 2295 2296 2297 2298 2299 2300 2301 2302 2303 2304 2305 2306 2307 2308 2309 2310 2311 2312 2313 2314 2315 2316 2317 2318 2319 2320 2321 2322 2323 2324 2325 2326 2327 2328 2329 2330 2331 2332 2333 2334 2335 2336 2337 2338 2339 2340 2341 2342 2343 2344 2345 2346 2347 2348 2349 2350 2351 2352 2353 2354 550 1329
524 524 2272 2273 619 377 2220 2221 2472 378 2428 2471 526 1992 156 351 740 1747 1561 1349 6 2164 2035 2381 2382 541 1736 208 1370 646 2467 2468 2469 2470 1850 1884 718 1985 2136 2137 2138 2139 1353 211 1699 2466 2163 236 302 1553 2571 292 2377 2378 2379 527 528 525 2380 2132
526 526 2471 2164 1699 2163 236 377 2220 2221 2472 378 2428 1992 2272 156 524 2273 619 351 740 1747 1561 1349 6 2035 2381 2382 541 1736 208 1370 646 2467 2468 2469 2470 1850 1884 718 1985 2136 2137 2138 2139 1353 211 2466 302 1553 2571 292 2377 2378 2379 2380 2132 209 2134 2135 480
529 529 533 531 532 1844 111
530 530 67 109 260 494 49 605 2042 110 648 2243 2244 31 161 393 626 2455 2492 1847 402 628 69 361 167 160 292 257 2502 376 627 2380 2171 1252 1495 1895 162 1896 1494 1890 573 2377 2378 2379 2275 2276 1497 2132 538 2446 15 133 209 2134 2135 2454 1347 467 2133 302 2355 20 70 535 745 130 2488 210 1953 1736 6 720 259 536 756 2528 673 718 646 2467 2468 2469 2470 1850 1884 2035 2381 2382 480 539 2227 2228 1370 2503 208 286 1516 304 137 541 211 1985 2136 2137 2138 2139 1353 132
533 533 529 531 532 1844 111
535 535 536 538 376 31 1847 626 2455 2492 402 628 257 2502 627 2171 1252 1895 1495 1896 1494 1890 573 2446 15 67 109 530 260 20 1736 720 494 673 718 646 2467 2468 2469 2470 1850 1884 2503
536 536 535 538 376 31 1847 626 2455 2492 402 628 257 2502 627 2171 1252 1895 1495 1896 1494 1890 573 2446 15 67 109 530 260 20 1736 720 494 673 718 646 2467 2468 2469 2470 1850 1884
538 538 535 376 536 31 1847 626 2455 2492 402 628 257 2502 627 2171 1252 1495 1895 1896 1494 1890 573 2446 15 67 109 530 260 20 1736 720 494 673 718 646 2467 2468 2469 2470 1850 1884 2503 49 1516 137 1370 2466 732 2495 1705 605 1613 2571 541
539 539 632 1320 259 2227 2228 2488 745 133 2454 286 1546 62 130 210 160 162 132 167 1497 2275 2276 2133 110 2243 2244 2355 70 1953 393 161 756 2528 361 1347 467 185 613 2117 2119 2120 2121 2122 1712 209 2134 2135 2208 69 131 551 553 552 290 67 2007 2118 196 194 2041 260 109 530 2580 496 364 49 1656 2040 208 2132 183
540 540 2274 1396 298
541 541 156 1747 1349 1736 208 1370 2467 2468 2469 2470 718 1850 1884 646 211 1985 2136 2137 2138 2139 1353 2466 377 1553 2571 2220 2221 2472 2132 209 2134 2135 378 1347 467 2428 2471 2133 69 526 1992 2272 2273 619 740 351 524 1561 6 2434 31 2164 2035 2381 2382 1355 1412 669 626 2455 2492 1847 402 628 95 49 88 257 2502 376 627 613 2494 2171 1252 1495 1895 2208 1699 207 299 2042 1494 1896 1890 573 67 2163 236 648 375 129 302 133 538 2087 2446 15 109 530 260 292 2041
543 543 545 546 544 1244 1245 1246
545 545 543 1244 1245 1246 546 544
547 547 1997 2280 2281 2282 2283 2284 2285 2286 2287 2288 2289 2290 2291 2292 2293 2294 2295 2296 2297 2298 2299 2300 2301 2302 2303 2304 2305 2306 2307 2308 2309 2310 2311 2312 2313 2314 2315 2316 2317 2318 2319 2320 2321 2322 2323 2324 2325 2326 2327 2328 2329 2330 2331 2332 2333 2334 2335 2336 2337 2338 2339 2340 2341 2342 2343 2344 2345 2346 2347 2348 2349 2350 2351 2352 2353 2354 550 1329 2256 104 2087 613 2208 673 2503 189 2041 2255 469 2040 1613 2502 95 2254 178 2133 520 179 1837 2370 2391 687 304 207 299 306 1715 1327 2406 2407 2408 2409 2410 2411 2412 2413 754 755
550 550 547 1997 2280 2281 2282 2283 2284 2285 2286 2287 2288 2289 2290 2291 2292 2293 2294 2295 2296 2297 2298 2299 2300 2301 2302 2303 2304 2305 2306 2307 2308 2309 2310 2311 2312 2313 2314 2315 2316 2317 2318 2319 2320 2321 2322 2323 2324 2325 2326 2327 2328 2329 2330 2331 2332 2333 2334 2335 2336 2337 2338 2339 2340 2341 2342 2343 2344 2345 2346 2347 2348 2349 2350 2351 2352 2353 2354 1329 2256 104 2087 613 2208 673 2503 189 2041 2255 469 2040 1613 2502 95 2254 178 2133 520 179 1837 2370 2391 687 304
551 551 1712 553 552 131 290 1656 132 130 229 1661 2548 231 230 133 2454 295 2488 745 210 160 2127 539 286 259 1546 62 2133 2227 2228 167 632 110
552 552 1712 551 553 131 290 1656 132 130 229 1661 2548 231 230 133 2454 295 2488 745 210 160 2127 539 286 259 1546 62 2133 321 2227 2228 167 632 110
553 553 1712 551 552 131 290 1656 132 130 229 1661 2548 231 230 133 2454 295 2488 745 210 160 2127 539 286 259 1546 62 2133 2227 2228 167 632 110
555 555 2358 556 557 558
561 561 562 2363 237 709
562 562 2363 561 237
573 573 2446 15 137 2495 732 1705 581 31 626 2455 2492 1847 402 628 2387 2144 2388 2389 2390 257 2502 376 627 2171 1252 1895 1495 1896 1494 1890 538 67 109 530 260 20 535 1736 720 536 494 673 718 646 2467 2468 2469 2470 1850 1884 2503 49 1516 226 1370 2466 2145 2146 2147 2148 2149 2150 2151 2152 2153 2154 605 1613 2571 541 2042 110
580 580 2172 400 600
581 581 2144 137 2495 1705 732 2387 573 226 2388 2389 2390 2446 15 2145 2146 2147 2148 2149 2150 2151 2152 2153 2154 154 2258 615 31 626 2455 2492 1847 402 628 471 257 2502 376 627 1521 2171 1252 84 155 1895 1495 1247 1523 1525 2437 1317 1896 1494 1890
590 590 1284 2522 2054 2055 1872
594 594 2021
596 596 2376 2375 2517 2516 1294
599 599 2445 190 746 301 293 2182 2449 625 1621 1620 1520 25 2158 2160 294 1270 752 235 358 673 2159 2161 2162 1457 514 486 487 456 152 2503 1272 2391 2537 2072 2157 1923 306 686 1613 2502 2416 2567 2450 2451 2452 1640 2080 749 2079 2081 614 288 1302 295 2085 2370 2155 2179 606 153 151
601 601 401 2514 2383 2384
603 603 82 2045 2046 2508 90 2504 747 2505 2506 2509 389 83 1336 1945 2047 2507 85 96 2218 2219 2048 2510 84 178 58 287 93 79 179 1837 2044 95 2087 60 2181 2266 1957 94 749 207 299 143 2475 269 375 129 142 144 721 2083 80 225 456 1341 2511 2512 2132 1950 748 2084 1515 2537 154 639 2513 2143 2258 615 388 228 2238 2239 155 1248 2142 2156 471 126 288 1302 151 497 2067 2155 606 2179
604 604 2063
605 605 494 292 2380 2377 2378 2379 67 109 530 260 302 6 2035 2381 2382 480 49 1993 2042 110 1994 648 2243 2244 31 161 393 626 2455 2492 1847 402 628 69 361 167 160 377 2220 2221 2472 257 2502 376 627 2171 1252 1895 1495 162 378 1896 1494 1890 573 2275 2276 1497 2428 2132 538 2446 15 133 2471 209 2134 2135 2454
606 606 288 2155 456 2537 749 1302 2179 60 84 625 79 2180 294 2158 2160 1520 235 58 1341 2218 2219 301 2159 2161 2162 2044 639 1457 358 673 2072 2157 1923 746 486 487 152 2503 2391 190 2416 2567 85 2475 293 2182 82 154 306 686 721 144 2083 80 2449 2045 2046 2258 615 2450 2451 2452 1640 1613 2502 621 2084 1515 466 2080 2510 2359 2360 2361 2362 1540 599 2249 2568 684 1621 1620 2508 83
608 608 2173 609 1929 2498 2499
609 609 608 2173 1929 2498 2499 709
610 610 1734 316 2190 2191 2192 140 116 2193 115 138 139
612 612 362 363
613 613 2208 2041 2040 2133 189 2255 469 2256 2254 520 2391 687 1347 467 1715 306 209 2134 2135 69 1118 133 547 2454 208 2132 1997 2280 2281 2282 2283 2284 2285 2286 2287 2288 2289 2290 2291 2292 2293 2294 2295 2296 2297 2298 2299 2300 2301 2302 2303 2304 2305 2306 2307 2308 2309 2310 2311 2312 2313 2314 2315 2316 2317 2318 2319 2320 2321 2322 2323 2324 2325 2326 2327 2328 2329 2330 2331 2332 2333 2334 2335 2336 2337 2338 2339 2340 2341 2342 2343 2344 2345 2346 2347 2348 2349 2350 2351 2352 2353 2354 550 1329 704 1985 2136 2137 2138 2139 1353 211 2488 745 210 130 49 2004 104 160 539 1553 1370 294 2087 286 541 132 259 2042 1546 62 2227 2228 167 648 95 632 110 393 1457 673 1320 304 2243 2244 2503
614 614 1704 150 152 149 2080 2075 2076 2078 2079 2081 2085 153 151 2077 2082 471 155 2083 625 294 2158 2160 2084 1520 235 301 2159 2161 2162 1457 358 673 2072 2157 1923 746 486 487 456 2503 2391 190 2416 2567 293 2182 2537 306 154 686 2449 2258 615 2450 2451 2452 1640 1613 2502 749 599 1621 1620 58 2445 288 1302 295 2044
615 615 154 2258 471 1521 84 155 1247 1523 1525 2437 1317 226 2145 2146 2147 2148 2149 2150 2151 2152 2153 2154 79 151 2083 2218 2219 2084 2144 60 82 749 2045 2046 85 581 456 153 58 1341 2537 2044 639 83 152 2047 2080 2079 2081 149 603 90 288 1302 2085 2475 2075 2076 2078 614 2508 2155 2179 606 721 144 80 2504 747 2505 2506 2509 389 1945 1704 2507 1515 137 1336 2510 150 2077 625 294 2495 1705 732
616 616 2262 2263 2264
617 617 2265
618 618 2268 2269 2270 705
619 619 2272 2273 524 377 2220 2221 2472 378 2428 2471 526 1992 156 351 740 1747 1561 1349 6 2164 2035 2381 2382 541 1736 208 1370 646 2467 2468 2469 2470 1850 1884 718 1985 2136 2137 2138 2139 1353 211 1699 2466 2163 236 302 1553 2571 292 2377 2378 2379 2380 2132
621 621 2359 2360 2361 2362 1540 2180 1302 2179 466 2249 2568 684 2420 1516 2421 456 464 2537 465 2248 124 20 749 720 288 2155 606 1495
622 622 472 473
623 623 2372
625 625 1520 2158 2160 746 301 293 190 358 673 294 2182 486 487 456 152 2503 235 2449 2537 2159 2161 2162 599 1613 2502 1457 1621 1620 2445 2080 749 2072 2157 1923 25 2391 2416 2567 2079 2081 614 288 1302 295 306 686 1270 2085 2370 2155 2179 606 153 151 2450 2451 2452 1640 752 2127 149 60 195 84 1704 150 2075 2076 2078 514 2123 2126 79 2180 2548 231 1272 230 141 58 2083 471 2077 1341 2218 2219 2124 2125 155 2071 320 2044 2084 2082 639 189 2369 229 296 469 2255 31 1550 1551 107 1661 154 500 626 2455 2492 402 1847 628 615 2258 85 2475
626 626 31 2455 2492 1847 402 628 257 2502 376 627 2171 1252 1495 1895 1896 1494 1890 573 538 2446 15 67 109 530 260 20 535 1736 720 536 494 673 718 646 2467 2468 2469 2470 1850 1884 2503 49 1516 137 1370 2466 732 2495 1705 605 1613 2571 541 2042 110 581 648 2243 2244 2370 2387 161 393 2144 156 2388 2389 2390 377 625 361 69 466 167 1349 1747 294 2220 2221 2472 160
627 627 1252 31 628 626 2455 2492 1847 402 257 2502 376 2171 1495 1895 1896 1494 1890 573 538 2446 15 67 109 530 260 20 535 1736 720 536 494 673 718 646 2467 2468 2469 2470 1850 1884 2503 49 1516 137 1370 2466 732 2495 1705 605 1613 2571 541 2042 110 581 648 2243 2244 2370 2387
628 628 31 626 2455 2492 1847 402 627 257 2502 376 1252 2171 1895 1495 1896 1494 1890 573 538 2446 15 67 109 530 260 20 535 1736 720 536 494 673 718 646 2467 2468 2469 2470 1850 1884 2503 49 1516 137 1370 2466 732 2495 1705 605 1613 2571 541 2042 110 581 648 2243 2244 2370 2387 161 393 2144 156 2388 2389 2390 1147 1146 1143 751 750 377 1267 1254 1253 625 361 69 466 167 1349 1747 294 2220 2221 2472 160
629 629 2402 1552 630 1292
630 630 2402 1552 629 709
631 631 1295 1647 1297 147
632 632 1320 539 259 2227 2228 2488 745 133 2454 286 1546 62 130 210 160 162 132 167 1497 2275 2276 2133 110 2243 2244 2355 70 1953 393 161 756 2528 361 1347 467 185 613 2117 2119 2120 2121 2122 1712 2208 209 2134 2135 69 131 551 553 552 290
639 639 1341 60 749 84 79 58 456 2218 2219 2044 2537 85 2475 82 154 288 1302 721 144 2083 80 2045 2046 2258 615 2155 2179 606 2084 1515 2510 471 603 90 83 155 1248 2047 2508 2507 1945 625 2180 294 2504 747 2505 2506 2509 389 2158 2160 126 1520 235 1336 301 2067 2159 2161 2162 1342 1544 1521 2500 151
646 646 1736 2467 2468 2469 2470 718 1850 1884 1370 2466 2571 541 156 377 1349 1747 2220 2221 2472 31 626 2455 2492 1847 402 628 208 211 1985 2136 2137 2138 2139 1353 378 2428 257 2502 376 627 2471 2171 1252 1553 526 1992 2272 1495 1895 619 740 2273 351 524 1561 1494 1896 1890 2132 573 6 538 2446 15 209 2134 2135 2164 2035 2381 2382 1347 467 67 2133 69 109 530 260 20 535 49 720 536 2434
648 648 2042 49 69 67 109 530 260 494 2132 209 2134 2135 1347 467 605 2133 110 2243 2244 208 31 304 1985 2136 2137 2138 2139 1353 211 161 393 626 2455 2492 1847 402 628 95 754 755 1327 2406 2407 2408 2409 2410 2411 2412 2413 160 167 361 2493 1553 1370 292 613 257 2502 376 627 133 1900 104 2267 2380 2208 1990 2171 1252 321 541 2454 207 299 1495 1895
669 669 2434 1355 1412 1553 88 2494 208 1985 2136 2137 2138 2139 1353 211 1370 2132 541 209 2134 2135 1347 467 2133 69 156 377 751 750 1349 1747 2220 2221 2472 1736
673 673 2503 1613 2502 2370 625 294 2158 2160 1520 235 301 2159 2161 2162 1457 2369 358 2072 2157 1923 746 31 1550 1551 486 487 456 152 2391 190 2416 2567 293 626 2455 2492 1847 402 628 2182 2537 306 686 2449 2365 2366 2450 2451 2452 1640 2364 257 376 627 749 2080 547 599 2171 1252 1621 1620 1997 2280 2281 2282 2283 2284 2285 2286 2287 2288 2289 2290 2291 2292 2293 2294 2295 2296 2297 2298 2299 2300 2301 2302 2303 2304 2305 2306 2307 2308 2309 2310 2311 2312 2313 2314 2315 2316 2317 2318 2319 2320 2321 2322 2323 2324 2325 2326 2327 2328 2329 2330 2331 2332 2333 2334 2335 2336 2337 2338 2339 2340 2341 2342 2343 2344 2345 2346 2347 2348 2349 2350 2351 2352 2353 2354 550 1329 2445 1895 1495 614 2079 2081 288 1302 295 25 2085 1896 1494 1890 606 2155 2179 573 153 151 141 538 2256 104 2127 2446 15 1270 2071 320 189 149 60 752 67 195 84 1704 469 2255 2087 150 2075 2076 2078 109 530 260 2123 2126 107 20 79 2180 2548 231 535 613 514 230 1736 58 720 2254 2083 471 2077 536 1341 2208 2218 2219 1272
678 678 2447 1619
684 684 466 2249 2568 1516 2420 2421 2180 464 465 2248 124 20 720 1302 2179 621 1495 2359 2360 2361 2362 1540 1494 456 2537 749 288 1636 97 31 606 2155
686 686 2450 2451 2452 1640 1457 294 2158 2160 2391 306 301 625 358 673 2182 1520 486 487 456 152 2503 235 2449 2537 746 190 2159 2161 2162 1613 2502 293 1621 1620 2080 749 2072 2157 1923 189 25 599 2416 2567 469 2255 2079 2081 614 288 1302 295 2445 1270 2085 2370 2155 2179 606 153 151 752 2256 2254 149
687 687 1715 1118 704 2004 189 2255 469 2256 2254 520 2391 306 613 2208 2041 2040 2133 294 1457 2158 2160 547 1347 467 301 686 1997 2280 2281 2282 2283 2284 2285 2286 2287 2288 2289 2290 2291 2292 2293 2294 2295 2296 2297 2298 2299 2300 2301 2302 2303 2304 2305 2306 2307 2308 2309 2310 2311 2312 2313 2314 2315 2316 2317 2318 2319 2320 2321 2322 2323 2324 2325 2326 2327 2328 2329 2330 2331 2332 2333 2334 2335 2336 2337 2338 2339 2340 2341 2342 2343 2344 2345 2346 2347 2348 2349 2350 2351 2352 2353 2354 550 1329
704 704 2004 1118 687 1715 189 2255 469 2256 2254 520 2391 306 613 2208 2041 2040 2133
705 705 618 2268 2269 2270 1723
707 707 1730
712 712 2487 2030
715 715 30 2414 2267 304 1327 2406 2407 2408 2409 2410 2411 2412 2413 754 755 2493 1900 104 2102 69 2096 2246 2097 2217 2132 49
718 718 1736 2467 2468 2469 2470 1850 1884 646 1370 2466 2571 541 156 377 1747 1349 2220 2221 2472 31 626 2455 2492 1847 402 628 208 211 1985 2136 2137 2138 2139 1353 378 2428 257 2502 376 627 2471 2171 1252 1553 526 1992 2272 1495 1895 619 740 2273 351 524 1561 1494 1896 1890 2132 573 6 538 2446 15 209 2134 2135 2164 2035 2381 2382 1347 467 67 2133 69 109 530 260 20 535 49 720 536 2434
720 720 20 1516 1495 1494 466 684 2249 2568 2420 2421 31 2180 626 2455 2492 1847 402 628 464 465 2248 124 257 2502 376 627 2171 1252 1895 1302 1896 1890 573 2179 538 2446 15 621 67 1540 2359 2360 2361 2362 109 530 260 535 1736 536 494 673 718 646 2467 2468 2469 2470 1850 1884
721 721 2475 144 58 2044 79 2218 2219 2083 60 80 84 2084 1515 85 2510 749 456 1341 155 1248 2508 2507 1945 2537 2504 747 639 2505 2506 2509 389 126 603 1336 90 2067 471 82 2500 151 178 2045 2046 96 1517 288 1302 1837 179 269 154 2048 2155 2179 606 1950 2258 615 2511 2512 225 2066 83 287 93 143 2005 748 2068 2069 2047 2087 142 95
722 722 2476
724 724 2479 2480 1871 365
727 727 2491
730 730 1901 1902 1903 1978
732 732 137 2495 1705 581 2387 573 2144 2388 2389 2390 2446 15 226 31 2145 2146 2147 2148 2149 2150 2151 2152 2153 2154 626 2455 2492 1847 402 628 257 2502 376 627 2171 1252 1895 1495 1896 1494 1890 538 154 67 615 2258
740 740 1992 351 1561 377 2220 2221 2472 378 2428 2471 526 2272 156 2273 619 1747 524 1349 6 2164 2035 2381 2382 541 1736 208 1370 646 2467 2468 2469 2470 1850 1884 718 1985 2136 2137 2138 2139 1353 211 1699 2466 2163 236 302 1553 2571 292 2377 2378 2379 2380 321 709 2132
745 745 259 2227 2228 2488 133 2454 539 286 1546 62 130 210 160 632 1320 162 132 167 1497 2275 2276 2133 110 2243 2244 2355 70 1953 393 161 756 2528 361 1347 467 185 613 2117 2119 2120 2121 2122 1712 209 2134 2135 2208 69 131 551 553 552 290 67 2007 2118 196 194 2041 260 109 530 2580 496 364 49 1656 2040 208 2132 183 1985 2136 2137 2138 2139 1353 211 494 2092 248
746 746 293 190 599 625 2182 2445 301 1520 2449 1621 1620 25 2158 2160 294 1270 752 235 358 673 2159 2161 2162 1457 486 487 456 152 2503 514 2537 1272 2391 2072 2157 1923 1613 2502 306 686 2416 2567 2080 749 2450 2451 2452 1640 2079 2081 614 288 1302 295 2085 2370 2155 2179 606 153 151 2127 149 60 195 84 1704 150 2075 2076 2078 141 2123 2126 189 79 2180 2548 231 2071 320 230 469 2255 58
747 747 2505 2506 2507 603 1336 1945 90 96 2504 85 2508 2048 2509 389 178 287 93 2510 179 1837 2218 2219 58 82 95 2044 2045 2046 2087 2181 2266 1957 94 84 143 79 83 142 207 299 269 2047 225 2475 748 2511 2512 375 129 1950 2132 144 721 2513 2083 60 80 388 2143 228 2084 1515 2238 2239 2156 749 2142 456 1341 155 1248 497 2537 154 639 1939 458 126 471 2258 615 81 2067 500 2500 2529 2530 2531 2532 2533 2534 2535 2536 1958 151
748 748 2513 497 1939 458 269 1950 2511 2512 225 178 179 1837 2143 143 2510 142 2142 2087 2507 1945 2504 747 95 58 2505 2506 2508 2044 603 1336 90 96 2509 389 85 2218 2219 2048 207 299 79 375 129 287 93 2132 2475 84 144 721 2083 60 80 82
749 749 60 456 1341 2537 639 84 288 1302 79 2155 2179 606 58 2218 2219 2044 625 2180 294 85 2158 2160 1520 235 2475 82 154 301 2159 2161 2162 721 144 2083 80 2045 2046 2258 615 2084 1515 1457 2510 358 673 2072 2157 1923 471 603 90 83 746 486 487 152 2503 2391 190 2416 2567 155 1248 2047 2508 2507 1945 293 2182 306 686 2504 747 2505 2506 2509 389 2449 126 2450 2451 2452 1640 151 1613 2502 621 1336 2067 466 2080 2359 2360 2361 2362 1540 599 1521 2500 153 2249 2568 684 1621 1620 178 96 2445 1247 1523 1525 2437 1317 2079 2081 614 1517 295 2085 25 1837 179 269 2370 141 2048 1950 226 2420 1516 149 2511 2512 1270 225 2066
752 752 1270 514 1272 25 1620 1621 2182 2449 293 190 746 599 625 301 294 2445 1520 2158 2160 1457 2391 358 673 235 306 686 486 487 456 152 2503 2159 2161 2162 2450 2451 2452 1640 2537 1613 2502
753 753 2520 2521 382
754 754 304 1327 2406 2407 2408 2409 2410 2411 2412 2413 755 2493 1900 2267 104 2102 69 30 2414 715 2096 2246 2097 2217 2132 49 2095 209 2134 2135 2098 2099 2100 2101 1347 467 2133 2042 648 208 1985 2136 2137 2138 2139 1353 211 95 67 547
755 755 304 1327 2406 2407 2408 2409 2410 2411 2412 2413 754 2493 1900 2267 104 2102 69 30 2414 715 2096 2246 2097 2217 2132 49 2095 209 2134 2135 2098 2099 2100 2101 1347 467 2133 2042 648 208 1985 2136 2137 2138 2139 1353 211 95 67 547
756 756 1953 2528 162 2275 2276 1497 2355 70 259 110 2227 2228 2243 2244 2488 745 161 393 539 361 167 160 286 1546 62 632 67 1320 260 109 530 133 2454
882 882 2540 2541 2542 2543
1100 1100 1966
1118 1118 704 2004 687 1715 189 2255 469 2256 2254 520 2391 306 613 2208 2041 2040 2133 294
1206 1206 2544 2545
1243 1243 387 23 386 2229 2230 2231 2177 1851
1247 1247 1521 1523 1525 2437 1317 154 2258 615 471 84 155 226 2145 2146 2147 2148 2149 2150 2151 2152 2153 2154 79 151 2083 2218 2219 2084 2144 60 82 749 2045 2046 1522 569 85 581 456 58 1341 153
1248 1248 2500 1517 80 1515 126 2067 2066 58 2068 2069 2044 79 2218 2219 2475 721 144 2083 60 84 2084 85 2510 749 456 1341 155 2508 2507 1945 2537 2504 747 639 2505 2506 2509 389 603 1336 90 82 471 151 178 2045 2046 96 154 288 1302
1252 1252 627 31 628 626 2455 2492 1847 402 257 2502 376 2171 1895 1495 1896 1494 1890 573 538 2446 15 67 109 530 260 20 535 1736 720 536 494 673 718 646 2467 2468 2469 2470 1850 1884 2503 49 1516 137 1370 2466 732 2495 1705 605 1613 2571 541 2042 110 581 648 2243 2244 2370
1264 1264 368 2209 1744 1351 371 2210 2211 2212 2213 2214 192
1270 1270 752 514 1272 25 1620 1621 2182 2449 293 190 746 599 625 301 294 2445 1520 2158 2160 1457 2391 358 673 235 306 686 486 487 456 152 2503 2159 2161 2162 2450 2451 2452 1640 2537 1613 2502 2072 2157 1923 2080 749
1272 1272 514 1270 752 25 1620 1621 2182 2449 293 190 746 599 625 301 294 2445 1520 2158 2160 1271 1457 1325 709 2391 358 673
1282 1282 2397 2398
1284 1284 2522 590 2054 2055
1286 1286 1287
1287 1287 1286
1293 1293 2403 1995 597
1294 1294 2517 2516 2375 596 2376
1295 1295 631 1647 1297 147
1297 1297 147 1295 631 1647
1302 1302 2179 2180 456 2537 621 749 466 2359 2360 2361 2362 1540 2249 2568 684 288 2155 606 2420 1516 60 84 2421 625 79 464 294 2158 2160 1520 235 58 465 2248 124 1341 2218 2219 301 2159 2161 2162 2044 639 20 720 1457 358 673 2072 2157 1923 746 486 487 152 2503 2391 190 2416 2567 85 2475 293 2182 82 154 306 686 721 144 2083 80 2449 2045 2046 2258 615 2450 2451 2452 1640 1495 1613 2502 2084 1515 1494 2080 2510 471 599 603 90 1621 1620 83 2445 2507 151 2079 2081 614 153 295 1945 2504 747 155 1248 2085 2047 2508
1317 1317 1521 1523 1525 2437 1247 154 2258 615 471 84 155 226 2145 2146 2147 2148 2149 2150 2151 2152 2153 2154 79 151 2083 2218 2219 2084 2144 60 82 749 2045 2046 1684 1698 85 581 456 58 1341 153
1320 1320 632 539 259 2227 2228 2488 745 133 2454 286 1546 62 130 210 160 162 132 167 1497 2275 2276 2133 110 2243 2244 2355 70 1953 393 161 756 2528 361 1347 467 185 613 2117 2119 2120 2121 2122 1712
1327 1327 304 2406 2407 2408 2409 2410 2411 2412 2413 754 755 2493 1900 2267 104 2102 69 30 2414 715 2096 2246 2097 2217 2132 49 2095 209 2134 2135 2098 2099 2100 2101 1347 467 2133 2042 648 208 1985 2136 2137 2138 2139 1353 211 95 67 547
1329 1329 547 1997 2280 2281 2282 2283 2284 2285 2286 2287 2288 2289 2290 2291 2292 2293 2294 2295 2296 2297 2298 2299 2300 2301 2302 2303 2304 2305 2306 2307 2308 2309 2310 2311 2312 2313 2314 2315 2316 2317 2318 2319 2320 2321 2322 2323 2324 2325 2326 2327 2328 2329 2330 2331 2332 2333 2334 2335 2336 2337 2338 2339 2340 2341 2342 2343 2344 2345 2346 2347 2348 2349 2350 2351 2352 2353 2354 550 2256 104 2087 613 2208 673 2503 189 2041 2255 469 2040 1613 2502 95 2254 178 1328 2133 520 179 1837 2370 2391 687 304
1336 1336 95 2508 2504 747 2505 2506 2509 389 207 299 603 1945 90 375 129 2087 2048 2507 85 2132 96 93 287 2510 2218 2219 178 58 82 1957 179 1837 2044 2045 2046 2266 2181 84 94 79 83 69 2047 143 2475 269 228 142 144 721 2083 60 80 225 2511 2512 1950 748 2156 388 2084 1515 208 2513 749 2143 2238 2239 1985 2136 2137 2138 2139 1353 211 209 2134 2135 456 49 1341 155 1248 2142 1347 467 2537 154 639 2133 126 81 1553 1370 2258 615 497 500 471 2067 2529 2530 2531 2532 2533 2534 2535 2536 1958 151
1339 1339 1340 2415
1340 1340 1339 2415
1341 1341 639 60 749 84 79 58 456 2218 2219 2044 2537 85 2475 82 154 288 1302 721 144 2083 80 2045 2046 2258 615 2155 2179 606 2084 1515 2510 471 603 90 83 155 1248 2047 2508 2507 1945 625 2180 294 2504 747 2505 2506 2509 389 2158 2160 126 1520 235 1336 301 2067 2159 2161 2162 1521 2500 151 178 96 1247 1523 1525 2437 1317 1457 1517 358 673
1346 1346 2418 2419
1347 1347 209 2134 2135 467 2133 69 208 2132 1985 2136 2137 2138 2139 1353 211 49 613 2208 1553 1370 541 2042 133 2041 648 2454 2040 95 210 2488 745 130 304 1327 2406 2407 2408 2409 2410 2411 2412 2413 754 755 160 67 156 539 377 2434 2493 189 260 109 530 1747 1349 2220 2221 2472 286 207 299 1355 1412 669 1736 2255 469 132 259 1900 2267 104 1546 62 375 129 2467 2468 2469 2470 646 1850 1884 718 2087 2227 2228 167 494 632 378 88 1336 110 393 2256 2254 1320 2428 2102 2494 2243 2244 2466 520 2471 2048 2391 687 2571 526 1992 2272
1349 1349 156 1747 541 377 2220 2221 2472 378 2428 1736 2471 208 1370 646 2467 2468 2469 2470 718 1850 1884 526 1992 2272 211 1353 1985 2136 2137 2138 2139 2273 619 351 740 524 1561 6 2466 2164 2035 2381 2382 1553 2571 2132 209 2134 2135 1347 467 2133 69 1699 2163 236 302 292 2377 2378 2379 2434 31 1355 1412 2380 1352 1356 1357 1361 1362 1363 1364 1365 1367 1369 1371 1372 1374 1376 1377 1379 1380 1381 1382 1383 1385 1388 1389 1390 1391 1392 1393 1394 1397 1399 1400 1401 1405 1406 1407 1408 1409 1410 1411 1413 1415 1417 1418 1419 1421 1422 1423 1424 1425 1426 1427 1428 1430 1432 1433 1434 1435 1436 1437 1438 1439 1440 1441 1442 1443 1445 1446 1447 1448 1449 1450 1451 1452 1453 1455 1456 1458 1459 1460 1461 1462 1463 1464 1465 1466 1467 1468 1469 1470 1471 1472 1473 1474 1475 1476 1478 1479 643 645 647 651 652 653 655 657 658 660 661 662 663 664 665 305 308 313 585 1318 1354 1366 1373 1375 1378 1384 1386 1395 1402 1403 1404 1414 1416 1420 1431 1444 1454 1477 1480 1838 38 607 644 649 650 654 656 659 666 307 311 1358 1360 1368 1398 1429 310 312 50 525 1387 642 309 314 669 626 2455 2492 402 1847 628
1350 1350 2086 81 2529 2530 2531 2532 2533 2534 2535 2536 1958 1957 228 2156 2048 500 287 93
1351 1351 2210 2211 2212 2213 2214 371 368 2209 1264 1744
1353 1353 208 1985 2136 2137 2138 2139 211 1553 1370 2132 541 209 2134 2135 1347 467 2133 69 156 377 2434 1349 1747 2220 2221 2472 1355 1412 669 1736 2467 2468 2469 2470 646 1850 1884 718 95 49 378 88 2428 613 2494 2466 2471 2208 2571 207 526 299 2042 1992 2272 375 129 648 2273 619 351 740 524 1561 133 2087 6 2041 2454 2164 1336 2035 2381 2382 2040 304 2048 1327 2406 2407 2408 2409 2410 2411 2412 2413 754 755 210 2488 745 130 67 109 530 260
1355 1355 2434 1412 669 1553 88 2494 208 1985 2136 2137 2138 2139 1353 211 1370 2132 541 209 2134 2135 1347 467 2133 69 156 1349 377 1747 2220 2221 2472 1736
1359 1359 1484 1485 1486 1487 2422 2423 2424 2425 2426
1370 1370 1736 208 2467 2468 2469 2470 718 1850 1884 646 1985 2136 2137 2138 2139 1353 211 541 2466 1553 2571 2132 209 2134 2135 156 1347 467 377 2133 1747 1349 69 2220 2221 2472 378 2434 31 2428 1355 1412 669 626 2455 2492 1847 402 628 2471 49 95 526 1992 2272 88 619 740 2273 351 524 1561 257 2502 376 627 6 613 2494 2171 1252 2164 2035 2381 2382 1495 1895 2208 2042 207 299 1494 1896 1890 573 648 375 129 133 538 2087 2446 15 2041 2454 1336 67 2040 304
1396 1396 540 2274 298 709
1412 1412 2434 1355 669 1553 88 2494 208 1985 2136 2137 2138 2139 1353 211 1370 2132 541 209 2134 2135 1347 467 2133 69 156 1349 377 1747 2220 2221 2472 1736
1457 1457 686 2450 2451 2452 1640 294 2158 2160 2391 306 301 625 358 673 2182 1520 486 487 456 152 2503 235 2449 2537 746 190 2159 2161 2162 1613 2502 293 1621 1620 2080 749 2072 2157 1923 189 25 599 2416 2567 469 2255 2079 2081 614 288 1302 295 2445 1270 2085 2370 2155 2179 606 153 151 752 2127 2256 2254 149 60 195 84 520 1704 150 2075 2076 2078 687 514 2123 2126 79 1715 2180 2548 231 1272 230 141 58 613 2083 471 2077 1341 2218 2219 155 2071 320 2044 2208
1484 1484 1359 1485 1486 1487 2422 2423 2424 2425 2426
1485 1485 1359 1484 1486 1487 2422 2423 2424 2425 2426
1486 1486 1359 1484 1485 1487 2422 2423 2424 2425 2426
1487 1487 1359 1484 1485 1486 2422 2423 2424 2425 2426
1494 1494 1495 20 720 1516 31 626 2455 2492 1847 402 628 257 2502 376 627 2171 1252 1895 466 1896 1890 573 684 2249 2568 538 2446 15 67 2420 109 530 260 2421 2180 535 1736 536 464 494 673 718 646 2467 2468 2469 2470 1850 1884 465 2248 124 2503 49 137 1370 2466 732 2495 1705 605 1613 2571 1302 541 2179 2042 110 581
1495 1495 1494 20 720 1516 31 626 2455 2492 1847 402 628 257 2502 376 627 2171 1252 1895 466 1896 1890 573 684 2249 2568 538 2446 15 67 2420 109 530 260 2421 2180 535 1736 536 464 494 673 718 646 2467 2468 2469 2470 1850 1884 465 2248 124 2503 49 137 1370 2466 732 2495 1705 605 1613 2571 1302 541 2179 2042 110 581 648 621 2243 2244
1497 1497 162 2275 2276 2355 70 1953 756 2528 259 110 2227 2228 2243 2244 2488 745 161 393 539 361 167 160 286 1546 62 632 67 1320 260 109 530 133 2454 494 130 210 49 605 1500 1501 1502 1498 656 164 1499 132
1512 1512 1513 1514
1513 1513 1512 1514
1514 1514 1512 1513
1515 1515 80 1248 126 2067 2500 1517 2066 58 2068 2069 2044 79 2218 2219 2475 721 144 2083 60 84 2084 85 2510 749 456 1341 155 2508 2507 1945 2537 2504 747 639 2505 2506 2509 389 603 1336 90 471 82 151 178 2045 2046 96 288 1302 1837 179 269 154 2048 2155 2179 606 1950 2258 615 2511 2512 225 83 287 93 143
1516 1516 20 720 466 684 2249 2568 1495 1494 2420 2421 2180 464 465 2248 124 1302 2179 621 31 2359 2360 2361 2362 1540 626 2455 2492 1847 402 628 257 2502 376 627 2171 1252 1895 1896 1890 573 456 538 2446 15 2537 67 109 530 260 749
1517 1517 2500 1248 80 1515 126 2067 2066 58 2068 2069 2044 79 2218 2219 2475 721 144 2083 60 84 2084 2510 749 85 1635 1634 679 501 456 2507 1341 155 1945 2508 2504 747
1520 1520 625 2158 2160 746 301 293 190 358 673 294 2182 486 487 456 152 2503 235 2449 2537 2159 2161 2162 599 1613 2502 1457 1621 1620 2445 2080 749 2072 2157 1923 25 2391 2416 2567 2079 2081 614 288 1302 295 306 686 1270 2085 2370 2155 2179 606 153 151 2450 2451 2452 1640 752 2127 149 60 195 84 1704 150 2075 2076 2078 514 2123 2126 79 2180 2548 231 1272 230 141 58 2083 471 2077 1341 2218 2219 2124 2125 155 2071 320 2044 2084 2082 639 189 2369 296 229 1420 469 2255 31 1550 1551 107 1661 154 500
1521 1521 1523 1525 2437 1247 1317 154 2258 615 471 84 155 226 2145 2146 2147 2148 2149 2150 2151 2152 2153 2154 79 151 2083 2218 2219 2084 2144 60 82 749 2045 2046 85 581 456 58 1341 153 2537 2044 639 83
1523 1523 1521 1525 2437 1247 1317 154 2258 615 471 84 155 226 2145 2146 2147 2148 2149 2150 2151 2152 2153 2154 79 151 2083 2218 2219 2084 2144 60 82 749 2045 2046 85 581 456 58 1341 153
1525 1525 1521 1523 2437 1247 1317 154 2258 615 471 84 155 226 2145 2146 2147 2148 2149 2150 2151 2152 2153 2154 79 151 2083 2218 2219 2084 2144 60 82 749 2045 2046 85 581 456 58 1341 153
1528 1528 2440 1531 1977 1530 284 1529
1531 1531 2440 1528 1977 134 1529
1534 1534 1535 1533 1536
1535 1535 1534 1533 1536
1540 1540 621 2359 2360 2361 2362 2180 1302 2179 466 2249 2568 684 2420 1516 2421 456 464 2537 465 2248 124 20 749 720 288 544 2155 606
1546 1546 286 62 259 2227 2228 2488 745 133 2454 539 130 210 160 632 1320 162 132 167 1497 2275 2276 2133 110 2243 2244 2355 70 1953 393 161 756 2528 361 1347 467 185 613 2117 2119 2120 2121 2122 1712 2208 209 2134 2135 69 131 551 553 552 290 67 2007 2118 196 194 208
1550 1550 2369 1551 2365 2366 2370 2364 1613 673 2503 2502 625 294 1549 2158 2160 1520 235
1551 1551 2369 1550 2365 2366 2370 2364 1613 673 2503 2502 625 294 1549 2158 2160 1520 235
1552 1552 2402 629 630
1553 1553 2434 1355 1412 669 88 2494 208 1985 2136 2137 2138 2139 1353 211 1370 2132 541 209 2134 2135 1347 467 2133 69 156 377 1747 1349 2220 2221 2472 1736 2467 2468 2469 2470 646 1850 1884 718 95 49 378 2428 613 2466 2471 2208 2571 207 526 299 2042 1992 2272 375 129 648 2273 619 351 740 524 1561 133 2087 6 2041 2454 2164 1336 2035 2381 2382 2040 304
1561 1561 1992 351 740 377 2220 2221 2472 378 2428 2471 526 2272 156 2273 619 1747 524 1349 6 2164 2035 2381 2382 541 1736 208 1370 646 2467 2468 2469 2470 1850 1884 718 1985 2136 2137 2138 2139 1353 211 1699 2466 2163 236 302 1553 2571 292 2377 2378 2379 1944 1943 1922 1942 323 2380 2132
1613 1613 2370 673 2503 2369 1550 1551 2502 2365 2366 2364 625 294 2158 2160 1520 235 301 2159 2161 2162 1457 358 2072 2157 1923 746 31 486 487 456 152 2391 190 2416 2567 293 626 2455 2492 1847 402 628 2182 2537 306 686 2449 2450 2451 2452 1640 257 376 627 749 2080 547 599 2171 1252 1621 1620 1997 2280 2281 2282 2283 2284 2285 2286 2287 2288 2289 2290 2291 2292 2293 2294 2295 2296 2297 2298 2299 2300 2301 2302 2303 2304 2305 2306 2307 2308 2309 2310 2311 2312 2313 2314 2315 2316 2317 2318 2319 2320 2321 2322 2323 2324 2325 2326 2327 2328 2329 2330 2331 2332 2333 2334 2335 2336 2337 2338 2339 2340 2341 2342 2343 2344 2345 2346 2347 2348 2349 2350 2351 2352 2353 2354 550 1329 2445 1895 1495 614 2079 2081 288 1302 295 25 2085 1896 1494 1890 606 2155 2179 573 153 151 141 538 2256 104 2446 15 1270 2071 320 149 189 752
1615 1615 1617 1931 1927
1617 1617 1615 1931 1927
1620 1620 25 1621 2182 1270 2449 752 293 514 1272 190 746 599 625 301 294 2445 1520 2158 2160 1457 2391 358 673 235 306 686 486 487 456 152 2503 2159 2161 2162 2450 2451 2452 1640 2537 1613 2502 2072 2157 1923 2080 749 2416 2567 2079 2081 614 288 1302 295 2085 2370 2155 2179 606 153 151
1621 1621 25 1620 2182 1270 2449 752 293 514 1272 190 746 599 625 301 294 2445 1520 2158 2160 1457 2391 358 673 235 306 686 486 487 456 152 2503 2159 2161 2162 2450 2451 2452 1640 2537 1613 2502 2072 2157 1923 2080 749 2416 2567 2079 2081 614 288 1302 295 2085 2370 2155 2179 606 153 151
1640 1640 686 2450 2451 2452 1457 294 2158 2160 2391 306 301 625 358 673 2182 1520 486 487 456 152 2503 235 2449 2537 746 190 2159 2161 2162 1613 2502 293 1621 1620 2080 749 2072 2157 1923 189 25 599 2416 2567 469 2255 2079 2081 614 288 1302 295 1641 507 2445 1270 2085 2370 2155 2179 606 153 151 752
1645 1645 1646 165
1646 1646 1645 165
1647 1647 1295 631 1297 147 32
1648 1648 1649 1650 1651 1653 1654 1652
1649 1649 1648 1650 1651 1653 1654 1652
1655 1655 2443 2444
1656 1656 229 1661 1712 551 553 552 290 131 2548 231 230 132 295 130 2127 358 486 487 133 195 2454 2123 2126 2488 745 210 500 2124 2125 539 160 296 286
1661 1661 229 1656 2548 231 230 295 2127 1712 290 551 553 552 131 132 358 486 487 130 195 2123 2126 2124 2125 296 500 625 690 294 2158 2160 1520 235
1685 1685 2207 2128 199
1694 1694 2481 2482 1684 1698
1699 1699 2163 236 2164 2471 526 377 2220 2221 2472 378 2428 1992 2272 156 524 2273 619 351 740 1747 1561 1349 6 2035 2381 2382 541 1736 208
1704 1704 150 614 149 2075 2076 2078 2080 152 2079 2081 2077 2085 153 151 2082 471 155 2083 2084 625 294 2158 2160 1520 235 301 2159 2161 2162 1457 358 673 154 2072 2157 1923 746 486 487 456 2503 2391 2258 615 190 2416 2567 293 2182 2537 306 686 2449
1705 1705 137 2495 732 581 2387 573 2144 2388 2389 2390 2446 15 226 31 2145 2146 2147 2148 2149 2150 2151 2152 2153 2154 626 2455 2492 1847 402 628 257 2502 376 627 2171 1252 1495 1895 1896 1494 1890 538 154 67 615 2258
1706 1706 217 2438 2439 218 460
1712 1712 551 553 552 131 290 1656 132 130 229 1661 2548 231 230 133 2454 295 2488 745 210 160 2127 539 286 259 1546 62 2133 2227 2228 167 632 110 393 358 1320 2243 2244
1715 1715 687 1118 704 2004 189 2255 469 2256 2254 520 2391 306 613 2208 2041 2040 2133 294 1457 1714 2158 2160 547
1730 1730 707
1731 1731 1732 1733
1732 1732 1731 1733
1734 1734 316 610 2190 2191 2192 140 116 2193 115 138 139
1736 1736 2467 2468 2469 2470 718 1850 1884 646 1370 2466 2571 541 156 377 1747 1349 2220 2221 2472 31 626 2455 2492 1847 402 628 208 211 1985 2136 2137 2138 2139 1353 378 2428 257 2502 376 627 2471 2171 1252 1553 526 1992 2272 1495 1895 619 740 2273 351 524 1561 1494 1896 1890 2132 573 6 538 2446 15 209 2134 2135 2164 2035 2381 2382 1347 467 67 2133 69 109 530 260 20 535 49 720 536 2434 494 673 1699 1412 1355 669
1742 1742 267 391 392 390
1744 1744 368 2209 1264 1351 371 2210 2211 2212 2213 2214 709
1747 1747 156 1349 541 377 2220 2221 2472 378 2428 1736 2471 208 1370 646 2467 2468 2469 2470 718 1850 1884 526 1992 2272 211 1353 1985 2136 2137 2138 2139 2273 619 351 740 524 1561 6 2466 2164 2035 2381 2382 1553 2571 2132 209 2134 2135 1347 467 2133 69 1699 2163 236 302 292 2377 2378 2379 2434 31 1838 2380 709 1355 1412 669 626 2455 2492 402 1847 628
1837 1837 178 179 2087 143 142 748 2510 2513 2507 225 2504 747 1945 2511 2512 269 95 497 2143 1950 2505 2506 1939 458 2142 603 1336 90 96 2508 85 2048 2509 389 207 299 58 375 129 287 93 2044 2132 2218 2219 82 79 2045 2046 84 2181 2266 1957 2475 94 144 721 2083 60 80 83 2084 1515 2047 547 749 1997 2280 2281 2282 2283 2284 2285 2286 2287 2288 2289 2290 2291 2292 2293 2294 2295 2296 2297 2298 2299 2300 2301 2302 2303 2304 2305 2306 2307 2308 2309 2310 2311 2312 2313 2314 2315 2316 2317 2318 2319 2320 2321 2322 2323 2324 2325 2326 2327 2328 2329 2330 2331 2332 2333 2334 2335 2336 2337 2338 2339 2340 2341 2342 2343 2344 2345 2346 2347 2348 2349 2350 2351 2352 2353 2354 550 1329 456 388
1847 1847 31 626 2455 2492 402 628 376 257 2502 627 2171 1252 1895 1495 1896 1494 1890 573 538 2446 15 67 109 530 260 20 535 1736 720 536 494 673 718 646 2467 2468 2469 2470 1850 1884 2503 49 1516 137 1370 2466 732 2495 1705 605 1613 2571 541 2042 110 581 648 2243 2244 2370 2387 161 393 2144 156 2388 2389 2390 377 625 361 69 466 167 1349 1747 294 2220 2221 2472 160
1850 1850 1736 2467 2468 2469 2470 718 1884 646 1370 2466 2571 541 156 377 1747 1349 2220 2221 2472 31 626 2455 2492 1847 402 628 208 211 1985 2136 2137 2138 2139 1353 378 2428 257 2502 376 627 2471 2171 1252 1553 526 1992 2272 1495 1895 619 740 2273 351 524 1561 1494 1896 1890 2132 573 6 538 2446 15 209 2134 2135 2164 2035 2381 2382 1347 467 67 2133 69 109 530 260 20 535 49 720 536 2434
1851 1851 2177 23 386 2229 2230 2231 387 1243
1863 1863 1864
1864 1864 1863
1870 1870 315 2427
1871 1871 365 724 2479 2480
1882 1882 1883
1883 1883 1882
1884 1884 1736 2467 2468 2469 2470 718 1850 646 1370 2466 2571 541 156 377 1747 1349 2220 2221 2472 31 626 2455 2492 1847 402 628 208 211 1985 2136 2137 2138 2139 1353 378 2428 257 2502 376 627 2471 2171 1252 1553 526 1992 2272 1495 1895 619 740 2273 351 524 1561 1494 1896 1890 2132 573 6 538 2446 15 209 2134 2135 2164 2035 2381 2382 1347 467 67 2133 69 109 530 260 20 111 535 49 720 536 2434
1887 1887 1888 1991
1888 1888 1887 1991
1890 1890 1895 1896 31 626 2455 2492 1847 402 628 257 2502 376 627 2171 1252 1495 1494 573 538 2446 15 67 109 530 260 20 535 1736 720 536 494 673 718 646 2467 2468 2469 2470 1850 1884 2503 49 1516 137 1370 2466 732 2495 1705 605 1613 2571 541 1889 1935 2042 110 581
1895 1895 1896 1890 31 626 2455 2492 1847 402 628 257 2502 376 627 2171 1252 1495 1494 573 538 2446 15 67 109 530 260 20 535 1736 720 536 494 673 718 646 2467 2468 2469 2470 1850 1884 2503 49 1516 137 1370 2466 732 2495 1705 605 1613 2571 541 2042 110 581 648 2243 2244
1896 1896 1895 1890 31 626 2455 2492 1847 402 628 257 2502 376 627 2171 1252 1495 1494 573 538 2446 15 67 109 530 260 20 535 1736 720 536 494 673 718 646 2467 2468 2469 2470 1850 1884 2503 49 1516 137 1370 2466 732 2495 1705 605 1613 2571 541 2042 110 581
1899 1899 1987 1897
1900 1900 2493 304 1327 2406 2407 2408 2409 2410 2411 2412 2413 754 755 2267 104 2102 69 30 2414 715 2096 2246 2097 2217 2132 49 2095 209 2134 2135 2098 2099 2100 2101 1347 467 2133 2042 648 208
1901 1901 730 1902 1903 1978
1902 1902 730 1901 1903 1978
1903 1903 730 1901 1902 1978
1904 1904 2049 321
1923 1923 2567 235 2159 2161 2162 2072 2157 2416 2158 2160 301 358 673 625 294 486 487 456 152 2503 1520 2537 141 2071 320 1613 2502 746 190 1457 2080 749 293 107 2182 2391 2079 2081 614 288 1302 295 2449 306 2085 686 2370 2155 2179 606 153 151 599 2450 2451 2452 1640 2127 51 2445 149 60 128 1621 1620 101 73 2043 195 84 1704 150 2075 2076 2078 25 2123 2126 79 2180 2548 231 230 1270 58 2083 471 2077
1927 1927 1615 1617 1931
1929 1929 2498 2499 608 2173 609
1930 1930 2001 2002 2003 1811
1931 1931 1615 1617 1927 1932
1933 1933 1934
1934 1934 1933
1939 1939 497 458 748 2513 269 1950 2511 2512 225 178 179 1837 2143 143 2510 142 2142 2087 2507 1945 2504 747 58 2505 2506 1336 95
1945 1945 2510 2508 2507 2504 747 2505 2506 2509 389 603 1336 90 85 178 96 58 179 1837 269 2048 2044 2218 2219 1950 2511 2512 225 287 93 82 143 748 2087 2045 2046 142 79 2143 95 2513 84 2142 2475 2181 2266 83 1957 144 721 2083 60 80 94 2047 207 299 2084 1515 497 375 129 749 2132 1939 458 456 1341 155 1248 2537 388 639 228 126 2238 2239 154 471 2156 2067 2258 615 2500 151 1517
1950 1950 269 2511 2512 748 225 2510 2513 2143 2142 143 497 142 2507 1939 458 178 1945 179 1837 2087 58 2504 747 2044 2505 2506 85 603 1336 90 79 96 2508 2509 389 2218 2219 2475 95 2048 144 721 2083 60 80 287 93 82 2084 1515 84 2045 2046
1953 1953 2528 756 162 2275 2276 1497 2355 70 259 110 2227 2228 2243 2244 2488 745 161 393 539 361 167 160 286 1546 62 632 67 1320 260 109 530 133 2454 494
1957 1957 228 2156 2048 81 500 2529 2530 2531 2532 2533 2534 2535 2536 1958 287 93 2086 1350 96 95 2124 2125 2181 2266 296 94 2504 747 1336 207 299 375 129 2087 2505 2506 2507 2132 195 388 90 603 1945 2123 2126 2238 2239 2508 85 389 2509 2127 178 2510 179 1837 2218 2219 58 82 2044 2045 2046 69 358 295 143 84 79 83 486 487
1958 1958 81 2529 2530 2531 2532 2533 2534 2535 2536 2086 1350 1957 228 2156 2048 500 287 93 96 95 2124 2125 2181 2266 296 94 1959 2504 747 195 1336
1966 1966 1100
1973 1973 2563 2564
1977 1977 2440 1531 1528 1976
1978 1978 730 1901 1902 1903 1976
1985 1985 208 2136 2137 2138 2139 1353 211 1553 1370 2132 541 209 2134 2135 1347 467 2133 69 156 377 2434 1747 1349 2220 2221 2472 1355 1412 669 1736 2467 2468 2469 2470 646 1850 1884 718 95 49 378 88 2428 613 2494 2466 2471 2208 2571 207 526 299 2042 1992 2272 375 129 648 2273 619 351 740 524 1561 133 2087 6 2041 2454 2164 1336 2035 2381 2382 2040 304 2048 1327 2406 2407 2408 2409 2410 2411 2412 2413 754 755 210 2488 745 130 67 109 530 260
1987 1987 1899 1897
1992 1992 351 740 1561 377 2220 2221 2472 378 2428 2471 526 2272 156 2273 619 1747 524 1349 6 2164 2035 2381 2382 541 1736 208 1370 646 2467 2468 2469 2470 1850 1884 718 1985 2136 2137 2138 2139 1353 211 1699 2466 2163 236 302 1553 2571 292 2377 2378 2379 2380 2132 209 2134 2135 480
1993 1993 1994 480 302 2377 2378 2379 292 2380 6 2035 2381 2382 605 494 377 2220 2221 2472
1994 1994 1993 480 302 2377 2378 2379 292 2380 6 2035 2381 2382 605 494 377 2220 2221 2472
1997 1997 547 2280 2281 2282 2283 2284 2285 2286 2287 2288 2289 2290 2291 2292 2293 2294 2295 2296 2297 2298 2299 2300 2301 2302 2303 2304 2305 2306 2307 2308 2309 2310 2311 2312 2313 2314 2315 2316 2317 2318 2319 2320 2321 2322 2323 2324 2325 2326 2327 2328 2329 2330 2331 2332 2333 2334 2335 2336 2337 2338 2339 2340 2341 2342 2343 2344 2345 2346 2347 2348 2349 2350 2351 2352 2353 2354 550 1329 2256 104 2087 613 2208 673 2503 189 2041 2255 469 2040 1613 2502 95 2254 178 2133 520 179 1837 2370 2391 687 304
1998 1998 1999 2000
1999 1999 1998 2000
2001 2001 1930 2002 2003 1811
2004 2004 704 1118 687 1715 189 2255 469 2256 2254 520 2391 306 613 2208 2041 2040
2007 2007 2580 185 2117 2119 2120 2121 2122 2118 210 196 194 496 364 183 2092 248 195 12 2123 2126 11 2124 2125 2127 133 2454 296 500 2488 745 130 358 295 539 160 486 487 286 132 259 1546 62 228 2133
2015 2015 2588 2589 2587 2590 2591 2592
2021 2021 594
2024 2024 2070 2022
2025 2025 2026 2027
2026 2026 2025 2027
2027 2027 2025 2026
2029 2029 46 2028 1975 36 690
