513 513 2271 517 2515
12 12 11 183 2092 248 185 2117 2119 2120 2121 2122 196 2118 210 2007 194 496 2580 364 195 2123 2126 2127 500 2124 2125 133 296
524 524 2272 2273 619 377 2220 2221 2472 378 2471 156 1992 2428 6 526 1747 351 740 1561 1349 2164 541 1736 2035 2381 2382 208 1370 646 1884 2467 2468 2469 718 2470 1850 2136 2137 2138 2139 1353 211 1985 2466 302 1699 292 1553 2132 2377 2378 2379
529 529 533
1553 1553 2434 1355 1412 669 208 88 2136 2137 2138 2139 1353 211 1985 2494 1370 2132 541 209 2134 2135 467 1347 2133 69 377 156 1736 2220 2221 2472 95 1747 1349 49 378 613 646 1884 2467 2468 2469 718 2470 1850 2471 2272 1992 2466 2428 133 6 299 2208 207 526 2042 2087 2273 619 351 740 1561 524 2041 2571 1336 2164 304 2454 2035 2381 2382 129 375
21 21 22
533 533 529
535 535 536 538 376 31 402 626 628 2455 2492 1847 257 627 2502 1495 1895 573 2171 1252 67 1494 1890 1896 15 2446 1736 20 530 260 109
536 536 535 538 376 31 402 626 628 2455 2492 1847 257 627 2502 1495 1895 573 2171 1252 67 1494 1890 1896 15 2446
538 538 535 376 536 31 402 626 628 2455 2492 1847 257 627 2502 1495 1895 573 2171 1252 67 1494 1890 1896 15 2446 1736 20 530 260 109 494 673 646 1884 2467 2468 2469 718 2470 1850 49 720 137 1370 2466 2503 1516 541
540 540 1396 2274 298
541 541 156 1747 1349 1736 208 1370 646 1884 2467 2468 2469 718 2470 1850 2136 2137 2138 2139 1353 211 1985 377 2466 1553 2132 2220 2221 2472 209 2134 2135 2571 378 467 1347 2133 69 2471 2272 1992 31 2428 6 526 2434 2273 619 351 740 1561 524 2164 402 626 628 2455 2492 1847 95 2035 2381 2382 49 1355 1412 669 257 627 376 2502 613 1495 1895 88 573 133 2171 1252 299 2208 207 302 2042 67 1699 292 1494 1890 1896 2494 2087 538 2041 15 2446 1336
30 30 2414 715 2267 304 2406 2407 2408 2409 2410 2411 2412 2413 754 1327 755 2493 104 1900 2102 69 2096 2246 2097 49 2132 209 2134 2135 2217
31 31 402 626 628 2455 2492 1847 257 627 376 2502 1495 1895 573 2171 1252 67 1494 1890 1896 538 15 2446 1736 20 530 260 109 494 673 535 646 1884 2467 2468 2469 718 2470 1850 49 720 137 1370 2466 2503 1516 541 536 732 1705 2495 110 605 1613 2571 2042 581 2243 2244 377 2387 648 156 161 393 2370 69 625 160 294 2144 235 2220 2221 2472 208 2388 2389 2390 167 466 2158 2160 1349 1747 361 301 378 292 1520 162 2132
545 545 543
547 547 2280 2281 2282 2283 2284 2285 2286 2287 2288 2289 2290 2291 2292 2293 2294 2295 2296 2297 2298 2299 2300 2301 2302 2303 2304 2305 2306 2307 2308 2309 2310 2311 2312 2313 1329 2314 2315 2316 2317 2318 2319 2320 2321 2322 2323 2324 2325 2326 2327 2328 2329 2330 2331 2332 2333 2334 2335 2336 2337 2338 2339 2340 2341 2342 2343 2344 2345 2346 2347 2348 2349 2350 2351 2352 2353 2354 1997 550 104 2256 2087 613 673 2208 189 2503 2041 2502 1613 95 2255 469 178 2040 2133 2254 304 2391 687 2370 179 1837 299 207 625 294 520 2406 2407 2408 2409 2410 2411 2412 2413 754 1327 755 235 306 2132
555 555 2358
60 60 1341 749 639 84 58 79 456 2218 2219 2044 2537 85 82 154 2475 2083 80 288 1302 2510 2045 2046 2258 615 721 144 2084 1515 90 603 2508 2155 606 2179 471 83 2504 747 1945 2507 625 155 1248 294 2505 2506 235 126 1336 389 2509 2180 2158 2160 2047 1521 301 151 1520 178 96 2159 2161 2162 2067 269 673 358 2048 2500 152 1457 226 225 1317 1525 2437 1523 1247 2072 2157 1923 746 179 1837 2391 2182 2511 2512 190 287 93 143 2066 748 1950 686 95 2503 486 487 153 1517 293 2145 2146 2147 2148 2149 2150 2151 2152 2153 2154 2416 2567 2087 306 2502 1613
573 573 15 2446 137 1705 2495 732 31 581 402 626 628 2455 2492 1847 2387 257 627 376 2502 2144 1495 1895 2388 2389 2390 2171 1252 67 1494 1890 1896 538 1736 20 530 260 109 494 673 535 646 1884 2467 2468 2469 718 2470 1850 49 720 1370 2466 2503 1516 226 541 536 110 605 1613 2571 2042 2145 2146 2147 2148 2149 2150 2151 2152 2153 2154
66 66 366 2460 2461 265 2176
69 69 49 2132 209 2134 2135 467 1347 2133 2042 208 304 648 95 67 2136 2137 2138 2139 1353 211 1985 2406 2407 2408 2409 2410 2411 2412 2413 754 1327 755 2493 613 1370 1553 104 2267 1900 530 260 109 541 133 299 2208 207 2102 494 2087 2041 1336 2454 129 375 2048 110 377 30 160 210 2488 745 130 2040 156 2096 2246 605 539 2434 189 1736 2097 286 2243 2244 2220 2221 2472 2414 715 167 31 1747 1349 259 393 161 378 1355 1412 669 2255 469 132 646 1884 2467 2468 2469 718 2470 1850 2217 62 1546 287 1957 93 2095 2471 632 88 2504 747 178 2256 2254 2272 1992 402 626 628 2455 2492 1847 2466 96 2227 2228 162
581 581 2144 137 1705 2495 732 2387 573 226 2388 2389 2390 15 2446 2145 2146 2147 2148 2149 2150 2151 2152 2153 2154 154 2258 615 31 471 402 626 628 2455 2492 1847 257 627 376 2502 1521 84 1495 1895
75 75 2417
1100 1100 1966
590 590 1284 2522 2054 2055
79 79 84 58 2218 2219 60 2044 456 749 85 82 154 2475 2083 80 1341 2510 2537 2045 2046 2258 615 721 144 2084 1515 90 603 2508 639 471 83 2504 747 1945 2507 288 1302 155 1248 2505 2506 126 1336 389 2509 2047 1521 2155 606 2179 151 178 96 625 2067 269 294 2048 2500 235 226 225 1317 1525 2437 1523 1247 2180 2158 2160 179 1837 2511 2512 301 287 93 143 1520 2066 748 1950 95 1517 152 2159 2161 2162 2145 2146 2147 2148 2149 2150 2151 2152 2153 2154 673 358 2087 2143 1457 153 2072 2157 1923 2144 746 142 2068 2069 2513 2142 2391 1957 2182 190
594 594 2021
1620 1620 25 1621 2182 1270 2449 293 752 514 190 746 1272 625 294 301 599 1520 2158 2160 2445 1457 673 358 2391 456 152 235 686 2503 486 487 306 2537 2159 2161 2162 2450 2451 1640 2452 2502 1613 749 2080 2072 2157 1923 295 288 1302 614 2079 2081 153 151 2085
599 599 2445 190 746 301 293 2182 2449 625 1621 1620 294 1520 25 2158 2160 1270 235 673 358 752 456 152 1457 514 2159 2161 2162 2391 2503 486 487 686 2072 2157 1923 2537 2502 1613 1272 306 749 2080 2450 2451 1640 2452 2416 2567 295 288 1302 614 2079 2081 153 151
88 88 2494 2434 1355 1412 669 1553 208 2136 2137 2138 2139 1353 211 1985 1370 2132 541 209 2134 2135 467 1347 2133 69
601 601 401 2514 2383 2384
603 603 82 2508 2504 747 90 2045 2046 2505 2506 1336 1945 83 389 2509 85 2507 96 2047 2048 2218 2219 84 58 178 2510 287 93 79 95 2044 179 1837 60 2087 1957 2475 2181 2266 143 456 2083 80 749 269 299 207 225 748 154 2132 1341 721 144 94 142 2511 2512 2537 2084 1515 1950 129 375 2513 228 2143 2258 615 155 1248 639 388 471 2142 288 1302 126 497 2156 151 2238 2239
604 604 2063
93 93 2266 96 94 2048 287 1957 2181 2504 747 95 1336 2505 2506 2507 90 603 1945 228 85 2508 388 299 207 2087 178 2132 2510 2156 58 389 2509 2238 2239 129 375 2218 2219 81 82 179 1837 2044 500 2529 2530 2531 2532 2533 2534 2535 2536 1958 2045 2046 143 84 79 2086 83 748 2475 269 225 2083 80 60 142 69 2511 2512 456 1350 2047 2513 721 144 1950 2124 2125
609 609 608 2173 1929 2498 2499
100 100 99
618 618 2268 705 2269 2270
109 109 67 530 260 494 49 110 605 2042 31 2243 2244 648 393 161 69 402 626 628 2455 2492 1847 160 167 257 627 376 2502 361 292 1495 1895 162 573 2171 1252 133 2132 2380 1494 1890 1896 2275 2276 1497 538 209 2134 2135 15 2446 2133 2377 2378 2379 2454 467 1347 2355 1736 20 1953 130 210 2488 745 259 302 673 539 70 535 6 646 1884 2467 2468 2469 718 2470 1850 1370 286 720 208 137 304 756 2528
1648 1648 1649
115 115 116 2193 2190 2191 2192 140 610 138 1734 139 316
1655 1655 2443 2444
1656 1656 229 1712 1661 131 290 551 552 553 231 2548 132 230 295 130 2127 358 133 486 487 195 2454 2123 2126 210 2488 745
632 632 1320 539 259 133 2488 745 2227 2228 2454 286 210 130 160 62 1546 162 2133 110 132 167 2275 2276 1497 2355 2243 2244 1953 393 161 70 467 1347 185 613 756 2528 361 69 209 2134 2135 67
126 126 2067 2066 80 2068 2069 1515 1248 2500 58 1517 2044 79 2218 2219 2475 2083 60 2510 84 721 144 85 456 2084 749 2508 2504 747 1945 2507 155 1341 2505 2506 2537 90 1336 603 389 2509 82 151 178 639 96
130 130 132 133 2454 1712 210 2488 745 160 539 131 290 551 552 553 286 1656 2133 259 110 167 62 1546 632 2227 2228 2243 2244 1320 393 161 229 467 1347 185 613 361 69 209 2134 2135 1661 67 162 2117 2119 2120 2121 2122 2208 208 196 2118 2007 194 2041 49 231 2548 530 260 2275 2276 1497 109 2132 183 230 494 2355 2136 2137 2138 2139 1353 211 1985 496 2580 364 2040 1953
132 132 130 1712 131 290 551 552 553 1656 133 2454 210 2488 745 160 229 539 286 2133 259 1661 110 167 62 1546 632 2227 2228 231 2548 2243 2244 230 1320 393 161 467 1347 295 185 613 361 69 209 2134 2135 67 162 2117 2119 2120 2121 2122 2208 208
143 143 142 225 178 179 1837 2143 2142 2511 2512 748 2510 2087 269 2513 1950 2507 1945 497 2504 747 458 1939 95 2505 2506 58 90 96 1336 603 2508 85 2048 2044 2218 2219 299 207 389 2509 287 93 79 2132 82 2475 129 375 84 2083 80 60 1957 144 2181 2045 2046 2266 721 456
144 144 2475 721 58 2044 79 2218 2219 2083 80 60 2510 84 85 456 2084 1515 749 2508 2504 747 1945 2507 155 1341 1248 2505 2506 2537 126 90 1336 603 389 2509 82 151 178 639 96 471 288 1302 2067 269 2048 2500 154 225 2045 2046 179 1837 143 2511 2512 287 93 2155 606 2179 2066 748 1950
152 152 2080 614 2079 2081 153 151 2085 149 625 294 1704 235 150 2158 2160 2075 2076 2078 471 301 1520 2077 2083 2159 2161 2162 673 358 155 1457 456 2072 2157 1923 746 2391 2082 2084 2182 190 686 2503 486 487 293 2537 2416 2567 306 2502 1613 2449 749 2450 2451 1640 2452 154 1621 1620 295 288 1302 599 58 25 141 1270 2258 615 2370 60 195 84 2127 2155 606 2179 2445 189 79 2044 2071 320 752 2218 2219 231 2548 2123 2126 2180 107 2255 469 514 2475 1521
669 669 2434 1355 1412 1553 88 2494 208 2136 2137 2138 2139 1353 211 1985 1370 2132 541 209 2134 2135 467 1347 2133 69 377 156
161 161 361 110 2243 2244 393 160 167 67 162 133 530 260 2275 2276 1497 109 2454 2355 494 49 1953 210 2488 745 130 259 539 70 286 756 2528 2227 2228 605 2133 2042 132 62 1546 31 632 69 648 402 626 628 2455 2492 1847 1320
1699 1699 2163 236 2164 2471 526 377 2220 2221 2472 378 2272 156 1992 2428 6 2273 619 1747 351 740 1561 524 1349 1736 2035 2381 2382 541 208
172 172 266 2569 2570
174 174 470 2257
1732 1732 1731
199 199 2128 1685 2207
712 712 2487
715 715 30 2414 2267 304 2406 2407 2408 2409 2410 2411 2412 2413 754 1327 755 2493 104 1900 2102 69 2096 2246 2097
207 207 375 95 299 2132 2087 1336 129 2048 287 1957 93 178 69 2504 747 96 2508 2505 2506 179 1837 208 90 603 1945 2507 2181 2266 85 2510 209 2134 2135 389 2509 228 143 49 2136 2137 2138 2139 1353 211 1985 467 1347 2133 94 748 58 1370 1553 2156 2218 2219 142 82 541 547 81 388 225 2513 2042 2044 269
208 208 2136 2137 2138 2139 1353 211 1985 1370 1553 2132 541 209 2134 2135 467 1347 2133 69 377 156 2434 1736 2220 2221 2472 95 1747 1349 49 378 1355 1412 669 613 646 1884 2467 2468 2469 718 2470 1850 2471 88 2272 1992 2466 2428 133 6 299 2208 207 526 2042 2494 2087 2273 619 351 740 1561 524 2041 2571 1336 2164 304 2454 2035 2381 2382 129 375 2048 648 210 2488 745 130 67 2040 2406 2407 2408 2409 2410 2411 2412 2413 754 1327 755 160 539 2493 189 31 286 104 2267 1900 110 530 260 109 302 259
212 212 214 213 216 2140 2141
724 724 2479 2480 1871 365
214 214 212 213 216 2140 2141
730 730 1901 1902 1903 1978
1243 1243 387 23 2229 2230 2231 386 2177 1851
732 732 137 1705 2495 581 2387 573 2144 2388 2389 2390 15 2446 31 226 402 626 628 2455 2492 1847 2145 2146 2147 2148 2149 2150 2151 2152 2153 2154 257 627 376 2502 1495 1895 2171 1252 67 1494 1890 1896
1247 1247 1521 1317 1525 2437 1523 154 2258 615 471 84 155 226 151 79 2145 2146 2147 2148 2149 2150 2151 2152 2153 2154 2218 2219 2144 60 2083 82 456 749 2084 58 85
1248 1248 2500 80 1517 1515 126 2067 58 2066 2044 2068 2069 79 2218 2219 2475 2083 60 2510 84 721 144 85 456 2084 749 2508 2504 747 1945 2507 155 1341 2505 2506 2537 90 1336 603 389 2509 82 151 178 639 96 288 1302 471 269 154 2048
748 748 2513 497 269 225 458 1939 178 2511 2512 1950 143 2510 179 1837 2143 2142 142 2087 2507 1945 2504 747 58 95 2505 2506 2508 90 96 1336 603 85 2044 2048 2218 2219 389 2509 79 299 207 287 93 2475 2132 2083 80 60 82 84 129 375 144 721 456
238 238 2168 2169
753 753 382 2520 2521
1286 1286 1287
1287 1287 1286
267 267 1742 391 392 390
269 269 1950 2511 2512 748 2510 225 2513 2143 497 2142 143 2507 178 1945 458 1939 142 179 1837 58 2087 2504 747 2044 2505 2506 85 90 1336 603 2508 79 96 2218 2219 2475 2048 95 2083 80 60 389 2509 84 287 93 82 144 721 456 2084 1515 749 299 207 155 1341 1248 2045 2046
1320 1320 632 539 259 133 2488 745 2227 2228 2454 286 210 130 160 62 1546 162 2133 110 132 167 2275 2276 1497 2355 2243 2244 1953 393 161 70 467 1347
298 298 540 1396 2274
301 301 190 625 294 235 746 599 2158 2160 1520 2182 293 2159 2161 2162 2445 673 358 1457 456 152 2072 2157 1923 2391 2449 686 2503 486 487 1621 1620 2537 2416 2567 306 2502 1613 25 1270 749 2080 2450 2451 1640 2452 295 288 1302 614 2079 2081 153 151 2085 752 141 2370 195 84 2127 2155 606 2179 149 514 189 60 1704 2071 320 58 150 79 231 2548 2123 2126 2180 2075 2076 2078 1272 2083 107 2255 469 471 2218 2219 2124 2125 230 2077 2044 2256 2254 1341 155 51 296 2084 687 31 500 154 229 2369
302 302 480 2377 2378 2379 292 6 1993 2380 2035 2381 2382 1994 605 494 377 2220 2221 2472 378 2471 2272 156 1992 67 2428 526 1349 2273 619 1747 351 740 1561 524 530 260 109 2164 541 1736 208
1850 1850 1736 646 1884 2467 2468 2469 718 2470 1370 2466 541 2571 377 156 31 2220 2221 2472 208 1747 1349 402 626 628 2455 2492 1847 378 2471 257 627 376 2502 2136 2137 2138 2139 1353 211 1985 2272 1992 1495 1895 2428 1553 573 6 526 2171 1252 2132 2273 619 351 740 1561 524 67 209 2134 2135 1494 1890 1896 2164 538 15 2446 2035 2381 2382 467 1347 2133 69 20 530 260 109 49
1341 1341 639 60 749 84 58 79 456 2218 2219 2044 2537 85 82 154 2475 2083 80 288 1302 2510 2045 2046 2258 615 721 144 2084 1515 90 603 2508 2155 606 2179 471 83 2504 747 1945 2507 625 155 1248 294 2505 2506 235 126 1336 389 2509 2180 2158 2160 2047 1521 301 151 1520 178 96 2159 2161 2162 2067 269 673 358 2048
1349 1349 156 1747 541 377 2220 2221 2472 378 1736 2471 208 2272 1992 1370 2428 6 646 1884 2467 2468 2469 718 2470 1850 526 2136 2137 2138 2139 1353 211 1985 2273 619 351 740 1561 524 2466 2164 1553 2035 2381 2382 2132 209 2134 2135 2571 467 1347 2133 69 302 1699 292 31 2377 2378 2379 2434
1864 1864 1863
1870 1870 315 2427
1359 1359 1486 2422 2423 2424 1484 1485 2425 2426 1487
1888 1888 1887
1895 1895 1890 1896 31 402 626 628 2455 2492 1847 257 627 376 2502 1495 573 2171 1252 67 1494 538 15 2446 1736 20 530 260 109 494 673 535 646 1884 2467 2468 2469 718 2470 1850 49 720 137 1370 2466 2503 1516 541 536 732 1705 2495 110 605 1613 2571 2042 581 2243 2244
1901 1901 730 1902 1903 1978
366 366 66 2460 2461 265 2176
1904 1904 2049
375 375 207 95 299 2132 2087 1336 129 2048 287 1957 93 178 69 2504 747 96 2508 2505 2506 179 1837 208 90 603 1945 2507 2181 2266 85 209 2134 2135 389 2509 228 2510 143 49 2136 2137 2138 2139 1353 211 1985 467 1347 2133 94 58 748 1370 1553
386 386 23 2229 2230 2231 2177 387 1851 1243
388 388 2238 2239 2181 287 96 2048 93 1957 2266 2504 747 95 1336 94 2505 2506 2507 90 603 1945 228 85 2508 299 207 2087 178 2132
392 392 390 391 1742 267
1930 1930 2001
398 398 2178
1945 1945 2510 2508 2504 747 2507 2505 2506 90 1336 603 389 2509 85 178 96 58 269 2048 225 2218 2219 179 1837 82 2511 2512 2044 287 93 143 748 1950 2087 95 79 84 2143 2475 2045 2046 142 2513 2142 2083 80 60 1957 83 2181 2266 721 144 299 207 497 456 2084 1515 749 2132 2047 94 155 1341 1248 129 375 458 1939 2537 126 228 154 388 471 151 639 288 1302 2067 2156 2500 2258 615 2238 2239
1958 1958 81 2529 2530 2531 2532 2533 2534 2535 2536 2086 1957 1350 228 2048 2156 500 287 93 95 96 2124 2125 2181 2266 2504 747
1987 1987 1899
456 456 2537 749 288 1302 84 2155 606 2179 60 625 294 58 235 79 2180 2158 2160 301 2218 2219 1520 2044 2159 2161 2162 1341 673 358 1457 152 2072 2157 1923 746 2391 2182 85 190 82 154 2475 639 686 2503 486 487 2083 80 293 2416 2567 306 2510 2502 1613 2449 621 2045 2046 2258 615 721 144 2080 2450 2451 1640 2452 466 471 2084 1515 90 603 2508 151 1621 1620 153 295 614 2079 2081 599 83 2504 747 1945 2507 155 1248 2085 2359 2360 2361 2362 1540 2505 2506 25 141 1270 2249 684 2568 126 1336 2370 389 2509 149 195 2127 2445 2047 189 2420 1516 1521 178 96 1704 2071 320 752 2067 150 269 2075 2076 2078 2048 2500 464 231 2548 2123 2126 226 107 2255 469 225 514 2421 1317 1525 2437 1523 1247 179 1837 2077
1992 1992 351 740 1561 377 2220 2221 2472 378 2471 2272 156 2428 6 526 2273 619 1747 524 1349 2164 541 1736 2035 2381 2382 208 1370 646 1884 2467 2468 2469 718 2470 1850 2136 2137 2138 2139 1353 211 1985 2466 302 1699 292 1553 2132 2377 2378 2379 209 2134 2135 2571 2163 236 2380 467 1347 2133 480 69 605
1486 1486 1359 2422 2423 2424 1484 1485 2425 2426 1487
471 471 155 151 154 2083 2258 615 2084 153 1521 152 84 149 2085 2080 226 1317 1525 2437 1523 1247 58 614 2079 2081 2075 2076 2078 79 2145 2146 2147 2148 2149 2150 2151 2152 2153 2154 2077 150 2218 2219 1704 2044 2144 60 82 2082 2475 625 294 456 749 80 235 85 2158 2160 2045 2046 2510 581 1341 301 721 144 2508 1520 2537 83 2504 747 1515 2159 2161 2162 1945 2507 673 358 2505 2506 1457 639 1248 1336 2072 2157 1923 90 603 746 389 2509 2391 288 1302 2182 126 2047
2007 2007 2580 185 2117 2119 2120 2121 2122 196 2118 210 194 183 496 364 195 2092 248 12 2123 2126 2124 2125 2127 11 133 296 500 2454 358 2488 745 130 295 160 539 486 487 286 228 2133 110 259
477 477 2549 2260 2259 2261 2448
480 480 1993 302 1994 2377 2378 2379 292 6 2380 2035 2381 2382 605 494 377 2220 2221 2472 378 2471 2272 156 1992 67 2428
487 487 358 486 295 195 2127 625 294 235 2158 2160 231 2548 2123 2126 301 1520 2124 2125 2159 2161 2162 230 673 1457 296 456 152 2072 2157 1923 746 2391 500 229 2182 190 686 2503 293 2537 2416 2567 306 2502 1613 1661 2449 749 2080 2450 2451 1640 2452 185 1656 1621 1620 288 1302 614 2079 2081 599 228 153 151 2085 25 141 1270 2117 2119 2120 2121 2122 2370 84 2155 606 2179 149 2445 189 196 2118 210 2007 194 60 2156 1704 2071 320 752 58
2024 2024 2070
2025 2025 2026 2027
1516 1516 20 466 720 1495 2249 684 2568 2420 2180 1494 464 2421 124 465 2248 1302 621 31 2179 2359 2360 2361 2362 1540 402 626 628 2455 2492 1847 257 627 376 2502 1895 456 573 2171 1252 67 1890 1896 538 2537 15 2446
494 494 605 67 530 260 109 292 49 2380 2377 2378 2379 110 2042 302 31 2243 2244 6 648 393 161 69 402 626 628 2455 2492 1847 160 2035 2381 2382 480 167 257 627 376 2502 361 1495 1895 162 573 2171 1252 133 2132 1494 1890 1896 1993 2275 2276 1497 538 209 2134 2135 15 2446 2133 2454 377 467 1347 2355 1736 20 1994 1953 130 210 2488 745 259 673 286 539
1523 1523 1521 1317 1525 2437 1247 154 2258 615 471 84 155 226 151 79 2145 2146 2147 2148 2149 2150 2151 2152 2153 2154 2218 2219 2144 60 2083 82 456 749 2084 58 85
500 500 2124 2125 228 296 2156 195 1957 2123 2126 2127 358 295 2048 185 486 487 81 2117 2119 2120 2121 2122 196 2118 210 2007 2529 2530 2531 2532 2533 2534 2535 2536 1958 194 231 2548 287 93 2086 183 230 496 2580 364 95 625 96 294 235 229 1350 2092 248 2158 2160 2181 2266 2504 747 301 1520
