6 6 2035 2381 2382 302 292 2377 2378 2379 377 2380 480 605 2220 2221 2472 378 2471 1993 1992 2272 156 494 2428 526 1994 2273 740 351 619 1747 524 1561 1349 2164 541 1736 208 1370 646 2467 2468 2469 2470 1850 1884 718 1985 2136 2137 2138 2139 211 1353 2466 67 1699 1553 2132 209 2134 2135 2571 109 530 260 2163 236
11 11 12 183 2092 248 185 2117 2119 2120 2121 2122 2007 2118 210 196 194 2580 496 364 195 2123 2126
12 12 11 183 2092 248 185 2117 2119 2120 2121 2122 2007 2118 210 196 194 2580 496 364 195 2123 2126 2127 500 2124 2125 133 296
15 15 573 2446 137 2495 732 1705 31 581 626 2455 2492 1847 402 628 2387 257 2502 376 627 1495 1895 2144 2388 2389 2390 2171 1252 67 1896 1494 1890 538 1736 20 109 530 260 494 673 535 718 646 2467 2468 2469 2470 1850 1884 49 720 1370 2466 1516 2503 226
18 18 19 2036
19 19 18 2036
20 20 720 1516 1495 1494 466 684 2249 2568 31 2420 2180 464 626 2455 2492 1847 402 628 2421 257 2502 376 627 465 2248 124 1895 573 1302 2171 1252 67 1896 1890 538 2446 15 621 2179 1736 109 530 260 1540 2359 2360 2361 2362 494 673 535 718 646 2467 2468 2469 2470 1850 1884 49
21 21 22
22 22 21
23 23 386 2229 2230 2231 2177 387 1243 1851
25 25 1621 1620 1270 752 2182 514 2449 1272 293 190 746 625 294 301 599 1520 2158 2160 2445 1457 358 673 2391 456 152 235 686 486 487 2503 306 2537 2159 2161 2162 2450 2451 2452 1640 1613 2502 2080 749 2072 2157 1923
30 30 2414 715 2267 304 1327 2406 2407 2408 2409 2410 2411 2412 2413 754 755 2493 1900 104 2102 69 2096 2246 2097 2132 49 209 2134 2135
31 31 626 2455 2492 1847 402 628 257 2502 376 627 1495 1895 573 2171 1252 67 1896 1494 1890 538 2446 15 1736 20 109 530 260 494 673 535 718 646 2467 2468 2469 2470 1850 1884 49 720 137 1370 2466 1516 2503 541 536 732 2495 1705 110 605 1613 2571 2042 581 2243 2244 377 2387 648 156 161 393 2370 69 625 160 294 2144 235 2220 2221 2472 208 2388 2389 2390 167 466 2158 2160 1349 1747 361 301 378 292 1520
34 34 2039
43 43 2057 2058 128 107 141 2071 320 2072 51 73 2043 101
46 46 2029
49 49 2042 648 69 67 109 530 260 494 2132 209 2134 2135 1347 467 2133 110 605 31 208 304 2243 2244 161 393 95 160 626 2455 2492 1847 402 628 1985 2136 2137 2138 2139 1353 211 754 755 1327 2406 2407 2408 2409 2410 2411 2412 2413 2493 613 133 167 257 2502 376 627 1370 1553 1900 104 2267 361 1495 1895 292 541 162 573 2208 207 299 2454 2102 2171 1252 2087 2041 1494 1896 1890 2380 745 130 210 2488 1336 2275 2276 1497 538 2446 15 375 129 539 377 2377 2378 2379 2048 259 30 2355 286 1736 156 20 2040 2096 2246
51 51 73 2043 101 141 2071 320 2072 107 128 43 235 2057 2058 2159 2161 2162 2157 1923 2158 2160 301 2416 2567
58 58 2044 79 2218 2219 2475 2083 60 80 2510 84 721 144 85 456 2084 749 1515 2508 2504 747 1945 2507 1341 155 1248 2505 2506 2537 126 603 1336 90 2509 389 82 151 178 639 96 471 288 1302 2067 269 2048 2500 154 225 2045 2046 1837 179 2511 2512 287 93 143 2155 2179 2066 606 748 1950 83 1517 2087 95 2258 615 625 294 2143 235 153 152 2180 142 2158 2160 2068 2069 2513 2142 1957 2047 301 1520 2181 2266 2159 2161 2162 207 299 358 673 497 2080 1521 149 1457 2079 2081 2132 2072 2157 1923 746 614 94 2391 2182 190 2085 375 129 686
60 60 1341 749 639 84 58 79 456 2218 2219 2044 2537 85 2475 82 154 2083 80 288 1302 2510 2045 2046 721 2258 615 144 2084 1515 603 90 2508 2155 2179 606 471 83 2504 747 1945 2507 625 155 1248 294 2505 2506 235 126 1336 2509 389 2180 2158 2160 2047 1521 301 151 1520 178 96 2159 2161 2162 2067 269 358 673 2048 2500 152 1457 226 225 1247 1523 1525 2437 1317 2072 2157 1923 746 1837 179 2391 2182 2511 2512 190 287 93 143 2066 748 1950 686 95 486 487 2503 153 1517 293 2145 2146 2147 2148 2149 2150 2151 2152 2153 2154 2416 2567 2087
62 62 286 1546 259 133 2488 745 2227 2228 539 2454 130 210 160 632 162 2133 110 132 167 1320 1497 2275 2276 2355 2243 2244 1953 393 161 70 1347 467 185 613 756 2528 361 69 209 2134 2135 67 1712 2117 2119 2120 2121 2122
66 66 366 2460 2461 265 2176
67 67 109 530 260 494 49 110 605 2042 31 2243 2244 648 161 393 69 626 2455 2492 1847 402 628 160 167 257 2502 376 627 361 292 1495 1895 162 573 2171 1252 133 2132 2380 1896 1494 1890 2275 2276 1497 538 209 2134 2135 2446 15 2133 2377 2378 2379 2454 1347 467 2355 1736 20 1953 745 130 2488 210 259 302 673 539 70 535 718 646 6 2467 2468 2469 2470 1850 1884 208 286 720 137 304 756 2528 2227 2228 1370 2466 2503 1516 541 536 132 95 2035 2381 2382 1546 211 1985 2136 2137 2138 2139 1353 62 613 480
69 69 2132 49 209 2134 2135 1347 467 2133 2042 208 304 648 95 67 1985 2136 2137 2138 2139 1353 211 1327 2406 2407 2408 2409 2410 2411 2412 2413 754 755 2493 613 1553 1370 1900 2267 104 109 530 260 541 133 207 2208 299 2102 494 2087 2041 1336 2454 375 129 2048 110 377 30 160 210 2488 745 130 2040 156 2096 2246 605 539 2434 189 1736 2097 286 2243 2244 2220 2221 2472 2414 715 167 31 1349 1747 259 393 161 378 1355 1412 669 2255 469 132 646 718 2467 2468 2469 2470 1850 1884 2217 1546 62 93 1957 287 2095 2471 632 88 747 2504 178 2256 2254 1992 2272 626 2455 2492 402 1847 628 2466
70 70 2355 162 2275 2276 1497 1953 259 756 2528 110 2227 2228 2243 2244 2488 745 161 393 539 160 286 167 361 67 1546 62 632 133 260 109 530
73 73 51 2043 101 141 2071 320 2072 107 128 43 235 2057 2058 2159 2161 2162 2157 1923
75 75 2417
79 79 84 58 2218 2219 60 2044 456 749 85 2475 82 154 2083 80 1341 2510 2537 2045 2046 721 2258 615 144 2084 1515 603 90 2508 639 471 83 2504 747 1945 2507 288 1302 155 1248 2505 2506 126 1336 2509 389 2047 1521 2155 2179 606 151 178 96 625 2067 269 294 2048 2500 235 226 225 1247 1523 1525 2437 1317 2180 2158 2160 1837 179 2511 2512 301 287 93 143 1520 2066 748 1950 95 1517 152 2159 2161 2162 2145 2146 2147 2148 2149 2150 2151 2152 2153 2154 358 673 2087 2143 1457 153 2072 2157 1923 2144 746 142 2068 2069 2513 2142 2391 1957 2182 190
80 80 1515 1248 126 2067 2500 58 2066 1517 2044 2068 2069 79 2218 2219 2475 2083 60 2510 84 721 144 85 456 2084 749 2508 2504 747 1945 2507 1341 155 2505 2506 2537 603 1336 90 2509 389 82 151 178 639 96 471 288 1302 269 2048 154 225 2045 2046 1837 179 2511 2512 287 93 143 2155 2179 606 748 1950 95 83 2258 615 625 294 2087
81 81 2529 2530 2531 2532 2533 2534 2535 2536 1958 2086 1957 1350 228 2048 2156 500 287 93 95 96 2124 2125 2181 2266 2504 747 1336 296 195 207 299 94 2505 2506 2507
82 82 2045 2046 83 603 90 2047 84 79 2508 2218 2219 2504 747 85 60 2505 2506 1336 1945 154 2509 389 58 2507 456 749 96 2258 615 2048 2044 1341 2510 178 2537 287 93 471 2475 639 95 2083 80 179 1837 288 1302 2087 155 1521 1957 721 144 2181 2266 143 2084 1515 2155 2179 606 269 226 225 207 299 151 1247 1523 1525 2437 1317 625 748 1248 294 2132 2511 2512 235 94 126 142
83 83 2047 82 2045 2046 603 90 84 79 2508 2218 2219 2504 747 85 60 2505 2506 1336 1945 154 2509 389 58 2507 456 749 96 2258 615 2048 2044 1341 2510 178 2537 287 93 471 2475 639 95 2083 80 179 1837 288 1302 2087 155 1521
84 84 79 2218 2219 60 82 154 456 749 85 58 2045 2046 2258 615 1341 2537 83 2044 471 639 603 90 288 1302 2047 1521 2475 2508 155 2504 747 2083 80 2505 2506 1945 2155 2179 606 2510 226 2507 1336 1247 1523 1525 2437 1317 721 144 2509 389 625 151 294 2084 1515 235 96 2180 2158 2160 2145 2146 2147 2148 2149 2150 2151 2152 2153 2154 1248 178 301 2048 1520 126 2144 2159 2161 2162 358 673 287 93 1457 152 1837 179 2072 2157 1923 95 746 153 2391 2067 2182 269 190 2500 686 143 486 487 2503 225 293 748 2087 581 1957 2416 2567 2080 2511 2512 306 1613 2502 2066 2449 1950 149 2181 2266
85 85 2218 2219 2508 2504 747 84 2505 2506 58 603 1336 1945 90 2509 389 2507 79 96 2044 60 82 2510 2048 178 2475 287 93 456 749 2045 2046 2083 80 95 154 179 1837 1341 83 2087 721 144 2537 1957 2084 1515 2258 615 2181 2266 143 269 639 2047 225 155 1248 471 207 299 748 288 1302 126 2511 2512 2132 94 142 1950 151 375 129 2143 2513 2155 606 2179 228 2067 1521 2142 2500 388 625 294 235 497 2180 2158 2160 226
88 88 2494 2434 1355 1412 669 1553 208 1985 2136 2137 2138 2139 1353 211 1370 2132 541 209 2134 2135 1347 467 2133 69
90 90 82 2508 2504 747 603 2045 2046 2505 2506 1336 1945 83 2509 389 85 2507 96 2047 2048 2218 2219 84 58 178 2510 287 93 79 95 2044 179 1837 60 2087 1957 2475 2181 2266 143 456 2083 80 749 269 207 299 225 748 154 2132 1341 144 721 94 142 2511 2512 2537 2084 1515 1950 375 129 2513 228 2143 2258 615 155 1248 639 388 471 2142 288 1302 126 497 2156 151
93 93 2266 96 94 2048 287 1957 2181 2504 747 95 1336 2505 2506 2507 603 1945 90 228 85 2508 388 207 299 2087 178 2132 2510 2156 58 389 2509 2238 2239 375 129 2218 2219 81 82 179 1837 2044 500 2529 2530 2531 2532 2533 2534 2535 2536 1958 2045 2046 143 84 79 2086 83 748 2475 269 225 2083 60 80 142 69 2511 2512 456 1350 2047 2513 144 721 1950
94 94 2266 93 96 2048 287 1957 2181 2504 747 95 1336 2505 2506 2507 603 1945 90 228 85 2508 388 207 299 2087 178 2132 2510 2156 58 389 2509 2238 2239 375 129 2218 2219 81 82 179 1837
95 95 207 299 2132 2087 1336 375 129 2048 93 1957 287 178 69 2504 747 96 2508 2505 2506 179 1837 208 603 1945 90 2507 2266 2181 85 2510 209 2134 2135 2509 389 228 143 49 1985 2136 2137 2138 2139 1353 211 1347 467 2133 94 748 58 1553 1370 2156 2218 2219 142 82 541 547 81 388 225 2513 2042 2044 269 2045 2046 84 500 304 2511 2512 79 613 104 1997 550 2280 2281 2282 2283 2284 2285 2286 2287 2288 2289 2290 2291 2292 2293 2294 2295 2296 2297 2298 2299 2300 2301 2302 2303 2304 2305 2306 2307 2308 2309 2310 2311 2312 2313 2314 2315 2316 2317 2318 2319 2320 2321 2322 2323 2324 2325 2326 2327 2328 2329 2330 2331 2332 2333 2334 2335 2336 2337 2338 2339 2340 2341 2342 2343 2344 2345 2346 2347 2348 2349 2350 2351 2352 2353 2354 1329 2529 2530 2531 2532 2533 2534 2535 2536 1958 2238 2239 497 83 648 2475 2143 377 1950 2083 80 60 2256 2086 156 67 2142 1327 2406 2407 2408 2409 2410 2411 2412 2413 754 755 2434
96 96 287 93 2048 2181 2266 2504 747 94 2505 2506 2507 603 1336 1945 90 85 1957 2508 388 95 178 2510 58 389 2509 2238 2239 2218 2219 82 2087 179 1837 207 299 228 2044 2132 2045 2046 143 84 79 83 748 375 129 2156 2475 269 225 2083 60 80 142 81 2511 2512 2047 2513 144 721 1950 500 2143 456 2084 749 1515 2529 2530 2531 2532 2533 2534 2535 2536 1958 2142 1341 155 1248 497 2086 154
99 99 100
100 100 99
101 101 51 73 2043 141 2071 320 2072 107 128 43 235 2057 2058 2159 2161 2162 2157 1923
104 104 304 1327 2406 2407 2408 2409 2410 2411 2412 2413 754 755 2493 1900 2267 547 2102 69 1997 550 2280 2281 2282 2283 2284 2285 2286 2287 2288 2289 2290 2291 2292 2293 2294 2295 2296 2297 2298 2299 2300 2301 2302 2303 2304 2305 2306 2307 2308 2309 2310 2311 2312 2313 2314 2315 2316 2317 2318 2319 2320 2321 2322 2323 2324 2325 2326 2327 2328 2329 2330 2331 2332 2333 2334 2335 2336 2337 2338 2339 2340 2341 2342 2343 2344 2345 2346 2347 2348 2349 2350 2351 2352 2353 2354 1329 30 2256 2096 2246 2087 2097 2414 715 613 2132 49 673 209 2134 2135 2217 2133 2095 1347 467 2208 189 2503 95 2041 2098 2099 2100 2101 2042 1613 2502 208 2255 469
107 107 128 141 2071 320 43 2072 2057 2058 51 73 2043 101 235 2159 2161 2162 2157 1923 2158 2160 301 2416 2567 673 358 625 456 152 294
109 109 67 530 260 494 49 110 605 2042 31 2243 2244 648 161 393 69 626 2455 2492 1847 402 628 160 167 257 2502 376 627 361 292 1495 1895 162 573 2171 1252 133 2132 2380 1896 1494 1890 2275 2276 1497 538 209 2134 2135 2446 15 2133 2377 2378 2379 2454 1347 467 2355 1736 20 1953 745 130 2488 210 259 302 673 539 70 535 718 646 6 2467 2468 2469 2470 1850 1884 1370 286 720 208
110 110 2243 2244 161 393 160 167 361 162 67 133 260 2275 2276 109 530 1497 2454 2355 494 1953 49 2488 745 130 210 259 539 70 286 756 2528 2227 2228 605 2133 2042 132 1546 62 31 632 69 648 626 2455 2492 1847 402 628 1320 1347 467 257 2502 376 627 185 613 209 2134 2135 1495 1895 292 573 2132 2171 1252 1712 208 2117 2119 2120 2121 2122 2208
115 115 116 2193 2190 2191 2192 140 610 138 1734 139 316
116 116 115 2193 2190 2191 2192 140 610 138 1734 139 316
124 124 464 2248 465 466 2249 2568 684 1516 2420 2180 2421 20 1302 720 621 2179 1495 2359 2360 2361 2362 1540 1494
126 126 2067 2066 80 2068 2069 1515 1248 2500 58 1517 2044 79 2218 2219 2475 2083 60 2510 84 721 144 85 456 2084 749 2508 2504 747 1945 2507 1341 155 2505 2506 2537 603 1336 90 2509 389 82 151 178 639
128 128 107 43 2057 2058 141 2071 320 2072 51 73 2043 101 235 2159 2161 2162 2157 1923
129 129 299 95 207 2132 2087 1336 375 2048 93 1957 287 178 69 2504 747 96 2508 2505 2506 179 1837 208 603 1945 90 2507 2266 2181 85 2510 209 2134 2135 2509 389 228 143 49 1985 2136 2137 2138 2139 1353 211 1347 467 2133 94 748 58 1553 1370
130 130 132 133 2454 1712 2488 745 210 160 539 131 551 553 552 290 286 1656 2133 259 110 167 1546 62 632 2227 2228 2243 2244 1320 393 161 229 1347 467 185 613 361 69 209 2134 2135 1661 67 162 2117 2119 2120 2121 2122 2208 208 2007 2118 196 194 2041 49 2548 231 1497 260 109 530 2275 2276 2132 183 230 494 2355 1985 2136 2137 2138 2139 1353 211 2580 496 364 2040
131 131 1712 551 553 552 290 1656 132 130 229 1661 2548 231 230 133 295 2454 2488 745 210 539 160 2127 286
132 132 130 1712 131 551 553 552 290 1656 133 2454 2488 745 210 160 229 539 286 2133 259 1661 110 167 1546 62 632 2227 2228 2548 231 2243 2244 230 1320 393 161 1347 467 295 185 613 361 69 209 2134 2135 67 162 2117 2119 2120 2121 2122 2208
133 133 2454 2488 745 130 210 160 539 286 2133 259 110 132 167 1546 62 632 2227 2228 2243 2244 1320 393 161 1347 467 185 613 361 69 209 2134 2135 67 162 1712 2117 2119 2120 2121 2122 2208 208 2007 2118 196 194 2041 49 1497 260 109 530 2275 2276 131 551 553 552 290 2132 183 494 2355 1656 1985 2136 2137 2138 2139 1353 211 2580 496 364 2040 1953 189 1553 1370 2042 195 2092 248 70 541 756 2528 12 605 2255 469 648 2123 2126
135 135 2056
136 136 2203 2204
137 137 2495 1705 732 581 2387 573 2144 2388 2389 2390 2446 15 31 226 626 2455 2492 1847 402 628 2145 2146 2147 2148 2149 2150 2151 2152 2153 2154 257 2502 376 627 1495 1895 2171 1252 67 1896 1494 1890 538 154 1736
138 138 139 140 2190 2191 2192 610 116 115 2193 1734 316
139 139 138 140 2190 2191 2192 610 116 115 2193 1734 316
140 140 138 2190 139 2191 2192 610 116 115 2193 1734 316
141 141 2071 320 2072 107 51 128 73 2043 101 43 235 2057 2058 2159 2161 2162 2157 1923 2158 2160 301 2416 2567 673 358 625 456 152 294 2503 486 487 1520 2537 1613 2502 190 746 2080 749 1457
142 142 143 225 178 179 1837 2143 2142 2511 2512 748 2510 2087 269 2513 1950 2507 1945 497 2504 747 1939 458 95 2505 2506 58 603 1336 90 96 2508 85 2048 2044 2218 2219 207 299 2509 389 93 287 79 2132 82
143 143 142 225 178 179 1837 2143 2142 2511 2512 748 2510 2087 269 2513 1950 2507 1945 497 2504 747 1939 458 95 2505 2506 58 603 1336 90 96 2508 85 2048 2044 2218 2219 207 299 2509 389 93 287 79 2132 82 2475 375 129 84 2083 60 80 1957 144 2045 2046 2266 2181
144 144 2475 721 58 2044 79 2218 2219 2083 60 80 2510 84 85 456 2084 749 1515 2508 2504 747 1945 2507 1341 155 1248 2505 2506 2537 126 603 1336 90 2509 389 82 151 178 639 96 471 288 1302 2067 269 2048 2500 154 1837 225 2045 2046 179 143 2511 2512 287 93
145 145 2073 2074
147 147 1297 1295 631 1647
149 149 2075 2076 2078 2077 2080 150 2079 2081 614 153 151 1704 2085 2082 152 471 2083 155 2084 625 294 235 2158 2160 301 154 1520 2159 2161 2162 358 673 1457 456 2258 615 2072 2157 1923 746 2391 58 2182 190 686 486 487 2503 293 2537 2416 2567 306 1613 2502 2044 2449 79 84
150 150 1704 614 149 2075 2076 2078 2077 2080 2079 2081 152 153 151 2085 2082 471 2083 155 625 294 2084 235 2158 2160 301 1520 2159 2161 2162 358 673 154 1457 456 2072 2157 1923 746 2391 2182 190
151 151 471 153 2083 155 152 2084 149 2085 2080 2079 2081 614 2075 2076 2078 154 150 2077 1704 2258 615 58 2082 625 294 235 2158 2160 2044 84 301 1520 1521 79 456 2159 2161 2162 358 673 2218 2219 2475 1457 2072 2157 1923 60 80 746 226 2391 1247 1523 1525 2437 1317 749 2182 190 2537 2510 686 486 487 2503 721 144 85 293 2416 2567 1515 2145 2146 2147 2148 2149 2150 2151 2152 2153 2154 2508 306 1613 2502 2449 82 2504 747 1945 288 1302 2507 2450 2451 2452 1640 1341 1248 2144 2505 2506 1621 1620 295 599 126 603 1336 90
152 152 2080 2079 2081 614 153 151 2085 149 625 294 1704 235 150 2158 2160 2075 2076 2078 471 301 1520 2077 2083 2159 2161 2162 358 673 155 1457 456 2072 2157 1923 746 2391 2082 2084 2182 190 686 486 487 2503 293 2537 2416 2567 306 1613 2502 2449 749 2450 2451 2452 1640 154 1621 1620 295 288 1302 599 58 25 141 1270 2258 615 2370 60 195 84 2127 2155 2179 606 2445 189 79 2044 2071 320 752 2218 2219 2123 2126 2548 2180 231 107 469 2255 514 2475
153 153 2085 151 152 2079 2081 149 2080 614 471 2075 2076 2078 2083 150 2077 155 1704 2084 2082 625 294 235 2158 2160 154 301 1520 2159 2161 2162 358 673 1457 2258 615 456 2072 2157 1923 746 58 2391 2182 190 686 486 487 2503 293 2537 84 2416 2567 2044 306 1613 2502 2449 749 60 2450 2451 2452 1640 1521 79 288 1302 1621 1620 295 599 2218 2219 2475
154 154 2258 615 471 1521 84 155 226 1247 1523 1525 2437 1317 151 79 2145 2146 2147 2148 2149 2150 2151 2152 2153 2154 2218 2219 2083 2144 60 82 2084 456 749 85 58 153 2045 2046 581 1341 2537 83 152 2044 639 603 90 149 2085 288 1302 2047 2080 2475 2508 2079 2081 614 2504 747 80 2075 2076 2078 2505 2506 1945 2155 2179 606 2510 2507 1336 721 144 2509 389 137 625 150 2077 1704 294 1515 235 96
155 155 471 2083 2084 151 154 2258 615 153 58 152 2044 84 149 2085 1521 2080 79 2079 2081 614 2218 2219 2475 2075 2076 2078 60 80 226 1247 1523 1525 2437 1317 150 2077 2510 1704 721 144 85 456 749 1515 2145 2146 2147 2148 2149 2150 2151 2152 2153 2154 2508 2504 747 82 1945 2507 2082 625 1341 1248 2144 294 2505 2506 235 2537 126 603 1336 90 2509 389 2158 2160 2045 2046 301 178 1520 639 96 2159 2161 2162 83 288 1302 2067
156 156 1747 1349 541 377 2220 2221 2472 378 1736 2471 208 1992 2272 1370 2428 6 646 2467 2468 2469 2470 718 1850 1884 526 211 1353 1985 2136 2137 2138 2139 2273 740 351 619 524 1561 2466 2164 1553 2035 2381 2382 2132 209 2134 2135 2571 1347 467 2133 69 302 292 1699 31 2377 2378 2379 2434 2380 2163 236 626 2455 2492 402 1847 628 95 480 49
160 160 167 393 110 133 2243 2244 2454 161 2488 745 130 210 539 286 361 259 2133 67 162 132 1546 62 632 2227 2228 260 109 530 1497 2275 2276 494 2355 1320 49 1953 1347 467 185 613 70 69 209 2134 2135 756 2528 605 1712 2117 2119 2120 2121 2122 2208 2042 31 208 2007 2118 196 194 2041 2132 131 551 553 552 290 648 183 1656
161 161 361 110 2243 2244 393 160 167 162 67 133 260 2275 2276 109 530 1497 2454 2355 494 1953 49 2488 745 130 210 259 539 70 286 756 2528 2227 2228 605 2133 2042 132 1546 62 31 632 69 648 626 2455 2492 402 1847 628 1320
162 162 2275 2276 1497 2355 1953 70 259 756 2528 110 2227 2228 2243 2244 2488 745 161 393 539 160 286 167 361 67 1546 62 632 133 260 109 530 1320 2454 494 49 130 210 605 2133 2042 132
163 163 2232 2233 2234 2235 2236 2237
165 165 1645 1646
166 166 2453
167 167 393 160 110 2243 2244 133 161 2454 361 2488 745 130 210 162 67 539 286 259 2133 260 1497 2275 2276 109 530 132 1546 62 2355 494 2227 2228 632 1953 49 70 1320 756 2528 605 1347 467 69 185 613 2042 31 209 2134 2135 1712 2117 2119 2120 2121 2122
172 172 266 2569 2570
174 174 470 2257
178 178 179 1837 2087 143 748 2510 142 2513 2504 747 2507 225 1945 269 95 497 2511 2512 2505 2506 603 1336 90 96 2143 85 1950 2508 2142 2048 58 1939 458 207 299 93 287 2509 389 2218 2219 2132 2044 82 79 375 129 84 1957 2475 2045 2046 2266 2181 2083 60 80 547 83 144 721 456 94 2084 749 1515 1997 550 2280 2281 2282 2283 2284 2285 2286 2287 2288 2289 2290 2291 2292 2293 2294 2295 2296 2297 2298 2299 2300 2301 2302 2303 2304 2305 2306 2307 2308 2309 2310 2311 2312 2313 2314 2315 2316 2317 2318 2319 2320 2321 2322 2323 2324 2325 2326 2327 2328 2329 2330 2331 2332 2333 2334 2335 2336 2337 2338 2339 2340 2341 2342 2343 2344 2345 2346 2347 2348 2349 2350 2351 2352 2353 2354 1329 2047 1341 155 1248 228 69 388 2537 126
179 179 178 1837 2087 143 748 2510 142 2513 2504 747 2507 225 1945 269 95 497 2511 2512 2505 2506 603 1336 90 96 2143 85 1950 2508 2142 2048 58 1939 458 207 299 93 287 2509 389 2218 2219 2132 2044 82 79 375 129 84 1957 2475 2045 2046 2266 2181 2083 60 80 547 83 144 721 456 94 2084 749 1515
180 180 181
181 181 180
183 183 2092 248 12 11 185 2117 2119 2120 2121 2122 2007 2118 210 196 194 2580 496 364 195 2123 2126 2124 2125 2127 133 296 500 2454 358 2488 745 130 295 539 160
185 185 2117 2119 2120 2121 2122 2007 2118 210 196 194 183 2580 496 364 195 2092 248 12 2123 2126 2124 2125 2127 11 133 296 500 2454 358 2488 745 130 295 160 539 486 487 286 228 2133 259 110 132 1546 62 167 632 2156 231 2548 2227 2228 393 2243 2244 230
189 189 2255 469 2256 2254 2391 687 613 520 1715 306 2208 1118 2041 2040 704 2133 294 2004 1457 547 2158 2160 1347 467 301 686 673 1997 550 2280 2281 2282 2283 2284 2285 2286 2287 2288 2289 2290 2291 2292 2293 2294 2295 2296 2297 2298 2299 2300 2301 2302 2303 2304 2305 2306 2307 2308 2309 2310 2311 2312 2313 2314 2315 2316 2317 2318 2319 2320 2321 2322 2323 2324 2325 2326 2327 2328 2329 2330 2331 2332 2333 2334 2335 2336 2337 2338 2339 2340 2341 2342 2343 2344 2345 2346 2347 2348 2349 2350 2351 2352 2353 2354 69 1329 209 2134 2135 358 625 2182 133 456 152 104 2450 2451 2452 1640 235 2503 2087 208 486 487 190 1520 2449 1613 2502 2132 2454 293 2537 746
190 190 599 746 301 2445 293 2182 2449 625 1621 1620 294 1520 25 2158 2160 1270 235 358 673 752 456 152 1457 514 2159 2161 2162 2391 486 487 2503 686 2072 2157 1923 2537 1613 2502 1272 306 2080 749 2450 2451 2452 1640 2416 2567 2079 2081 295 614 288 1302 153 151 2085 2370 195 84 2127 2155 2179 606 149 60 189 141 1704 58 150 79
194 194 364 196 185 2117 2119 2120 2121 2122 2007 2118 210 183 2580 496 195 2092 248 12 2123 2126 2124 2125 2127 11 133 296 500 2454 358 2488 745 130 295 539 160 486 487 286
195 195 2123 2126 2124 2125 2127 296 500 358 295 185 486 487 228 2117 2119 2120 2121 2122 196 2007 2118 210 194 2156 231 2548 183 230 496 2580 364 1957 625 294 235 229 2092 248 2158 2160 301 1520 12 2159 2161 2162 1661 673 1457 456 152 2072 2157 1923 1656 746 2391 11 2182 133 190 686 2503 2048 293 2537 2416 2567 306 1613 2502 2449 2454
196 196 194 364 185 2117 2119 2120 2121 2122 2007 2118 210 183 2580 496 195 2092 248 12 2123 2126 2124 2125 2127 11 133 296 500 2454 358 2488 745 130 295 539 160 486 487 286 228
199 199 2128 1685 2207
207 207 375 95 299 2132 2087 1336 129 2048 93 1957 287 178 69 2504 747 96 2508 2505 2506 179 1837 208 603 1945 90 2507 2266 2181 85 2510 209 2134 2135 2509 389 228 143 49 1985 2136 2137 2138 2139 1353 211 1347 467 2133 94 748 58 1553 1370 2156 2218 2219 142 82 541 547 81 388 225 2513 2042 2044 269
208 208 1985 2136 2137 2138 2139 1353 211 1553 1370 2132 541 209 2134 2135 1347 467 2133 69 377 156 2434 1736 2220 2221 2472 95 1747 1349 49 378 1355 1412 669 613 2467 2468 2469 2470 646 718 1850 1884 2471 88 1992 2272 2466 2428 133 6 207 2208 299 526 2042 2494 2087 2273 740 351 619 524 1561 2041 2571 1336 2164 304 2454 2035 2381 2382 375 129 2048 648 210 2488 745 130 67 2040 1327 2406 2407 2408 2409 2410 2411 2412 2413 754 755 539 160 2493 189 31 286 1900 2267 104 110 260 109 530 302
209 209 1347 467 69 2134 2135 2133 208 2132 49 1985 2136 2137 2138 2139 1353 211 1553 1370 541 613 2042 133 304 2208 95 648 377 2041 156 67 2454 1327 2406 2407 2408 2409 2410 2411 2412 2413 754 755 2434 2493 1736 210 2488 745 130 2220 2221 2472 1900 2267 104 2040 160 207 299 1747 109 530 260 1349 539 189 378 2087 1355 1412 669 286 2102 2467 2468 2469 2470 646 1850 1884 718 1336 494 110 2471 88 375 129 259 1992 2272 2048 2466 2255 469 132 2428 1546 62 167 6 393 2243 2244 632 526 30
210 210 133 185 2454 2117 2119 2120 2121 2122 2488 745 130 2007 2118 196 194 160 539 286 183 2133 259 2580 496 364 110 132 167 1546 62 195 2092 248 632 2227 2228 12 2243 2244 2123 2126 1320 393 161 2124 2125 1347 467 2127 11 613 296 361 69 500 209 2134 2135 67 162 1712 2208 358 208 2041 49 295 1497 260 109 530 2275 2276 131 551 553 552 290 2132 486 487 494 2355 1656 1985 2136 2137 2138 2139 1353 211 228 2040
211 211 208 1985 2136 2137 2138 2139 1353 1553 1370 541 2132 209 2134 2135 1347 467 2133 69 377 156 2434 1736 2220 2221 2472 95 1349 1747 49 378 1355 1412 669 613 2467 2468 2469 2470 646 1850 1884 718 2471 88 1992 2272 2466 2428 133 6 207 2208 299 526 2042 2494 2087 2273 740 351 619 524 1561 2041 2571 1336 2164 304 2454 2035 2381 2382 375 129 2048 648 210 2488 745 130 2040
212 212 213 214 216 2140 2141
213 213 212 214 216 2140 2141
214 214 212 213 216 2140 2141
216 216 212 213 214 2140 2141
217 217 218 2438 2439 1706 460
218 218 217 2438 2439 1706 460
223 223 224
224 224 223
226 226 2145 2146 2147 2148 2149 2150 2151 2152 2153 2154 2144 154 581 2258 615 471 1521 84 137 155 1247 1523 1525 2437 1317 2495 1705 732 151 79 2218 2219 60 2083 2387 573 82 456 749 2084 58 2388 2389 2390 2446 15 85
228 228 2156 1957 500 2124 2125 2048 296 81 195 2529 2530 2531 2532 2533 2534 2535 2536 1958 2123 2126 287 93 2086 2127 95 96 1350 2181 2266 2504 747 358 1336 295 207 299 185 94 2087 2505 2506 2507 2132 486 487 90 603 1945 85 375 129 2508 2117 2119 2120 2121 2122 388 178 196 2007 2118 210 194 231
229 229 1661 1656 2548 231 230 295 1712 2127 290 551 553 552 131 132 358 486 487 130 195 2123 2126 2124 2125 625 296 294 500 235 2158 2160 301
230 230 2548 231 295 229 1661 2127 1656 358 486 487 195 1712 2123 2126 290 551 553 552 131 2124 2125 132 625 296 294 500 235 2158 2160 301 1520 130 2159 2161 2162 673 185
231 231 230 295 229 2548 1661 2127 1656 358 486 487 195 1712 2123 2126 290 551 553 552 131 2124 2125 132 625 296 294 500 235 2158 2160 301 1520 130 2159 2161 2162 673 185 1457 456 152 2072 2157 1923 746 2391 228 2182
233 233 234
234 234 233
235 235 2159 2161 2162 2072 2157 1923 2158 2160 301 2416 2567 358 673 625 456 152 294 486 487 2503 141 1520 2537 1613 2502 190 746 2080 749 1457 2071 320 2182 2079 2081 295 614 288 1302 2391 293 153 151 107 686 2085 2370 599 2449 195 84 2127 2155 2179 606 149 306 51 60 2450 2451 2452 1640 1621 1620 1704 58 150 79 2445 2548 2180 231 2123 2126 2075 2076 2078 128 25 101 73 2043 471 2083 1270 2218 2219 2124 2125 230 2077 2044 155 1341 296 189 2084 31 752 500 229 2369 2082 2475 154 82 514 639 85
236 236 1699 2163 2164 2471 526 377 2220 2221 2472 378 1992 2272 156 2428 6
237 237 562 561 2363
238 238 2168 2169
239 239 2577
246 246 2396
248 248 183 2092 12 11 185 2117 2119 2120 2121 2122 2007 2118 210 196 194 2580 496 364 195 2123 2126 2124 2125 2127 133 296 500 2454
255 255 2170
257 257 2171 31 626 2455 2492 1847 402 628 2502 376 627 1495 1895 573 1252 67 1896 1494 1890 538 2446 15 1736 20 109 530 260 494 673 535 718 646 2467 2468 2469 2470 1850 1884 49 720 137 1370 2466 1516 2503 541 536 732 2495 1705 110 605 1613 2571 2042 581 2243 2244 377 2387
259 259 2227 2228 2488 745 539 286 162 133 1546 62 632 1497 2275 2276 2454 2355 1320 130 210 1953 160 110 70 756 2528 2133 167 2243 2244 132 393 161 361 67 1347 467 185 613 69 260 109 530 209 2134 2135 1712 2117 2119 2120 2121 2122 49 2208 208 494
260 260 67 109 530 494 49 110 605 2042 31 2243 2244 648 161 393 69 626 2455 2492 1847 402 628 160 167 257 2502 376 627 361 292 1495 1895 162 573 2171 1252 133 2132 2380 1896 1494 1890 2275 2276 1497 538 209 2134 2135 2446 15 2133 2377 2378 2379 2454 1347 467 2355 1736 20 1953 745 130 2488 210 259 302 673 539 70 535 718 646 6 2467 2468 2469 2470 1850 1884 1370 286 720 208
265 265 2176 2460 2461 66 366
266 266 172 2569 2570
267 267 1742 391 392 390
269 269 1950 2511 2512 748 2510 225 2513 2143 497 2142 143 2507 178 1945 1939 458 142 179 1837 58 2087 2504 747 2044 2505 2506 85 603 1336 90 2508 79 96 2218 2219 2475 2048 95 2083 60 80 2509 389 84 287 93 82 144 721 456 2084 749 1515 207 299
286 286 1546 62 259 133 2488 745 2227 2228 539 2454 130 210 160 632 162 2133 110 132 167 1320 1497 2275 2276 2355 2243 2244 1953 393 161 70 1347 467 185 613 756 2528 361 69 209 2134 2135 67 1712 2117 2119 2120 2121 2122 2208 208 2007 2118 196 194 2041 49 260 109 530 131 551 553 552 290 2132
287 287 2181 96 2048 93 388 2238 2239 1957 2266 2504 747 95 1336 94 2505 2506 2507 603 1945 90 228 85 2508 207 299 2087 178 2132 2510 2156 58 389 2509 375 129 2218 2219 81 82 179 1837 2044 500 2529 2530 2531 2532 2533 2534 2535 2536 1958 2045 2046 143 84 79 2086 83 748 2475 269 225 2083 60 80 142 69 2511 2512 456 1350 2047 2513 144 721 1950
288 288 2155 606 456 2537 749 1302 84 2179 60 625 294 235 58 79 2180 2158 2160 301 2218 2219 1520 2159 2161 2162 2044 1341 358 673 1457 152 2072 2157 1923 746 2391 2182 85 190 2475 82 154 639 686 486 487 2503 2083 80 293 2416 2567 306 2510 1613 2502 2449 621 2045 2046 721 2258 615 144 2080 2450 2451 2452 1640 466 471 151 2084 1515 603 90 2508 1621 1620 2079 2081 295 614 599 83 2504 747 1945 2507 153 155 1248
290 290 1712 551 553 552 131 1656 132 130 229 1661 2548 231 230 133 295 2454 2488 745 210 539 160 2127 286
292 292 2380 2377 2378 2379 605 302 6 494 2035 2381 2382 480 1993 67 377 1994 109 530 260 2220 2221 2472 378 49 2471 1992 2272 156 2428 110 526 1349 2273 740 351 619 1747 524 1561 2042 2164 31 1736 541
293 293 746 2182 190 2449 1621 1620 625 599 25 301 1270 1520 2445 752 2158 2160 294 514 358 673 235 456 152 1272 1457 486 487 2503 2391 2159 2161 2162 2537 686 1613 2502 2072 2157 1923 2080 749 306 2079 2081 295 614 288 1302 2450 2451 2452 1640 153 151 2085 2416 2567 2370 195 84 2127 2155 2179 606 149 60 1704
294 294 1457 2158 2160 2391 301 686 358 673 306 625 2182 456 152 2450 2451 2452 1640 235 486 487 2503 190 1520 2449 746 2537 1613 2502 2159 2161 2162 293 1621 1620 2080 749 189 2072 2157 1923 2079 2081 295 614 288 1302 25 1270 599 153 151 2085 469 2255 2370 2416 2567 195 84 2127 2155 2179 606 149 752 2256 60 2254 2445 1704 687 514 58 150 79 2548 2180 231 2123 2126 2075 2076 2078 613 471 2083 520 2218 2219 2124 2125 141 230 2077 1715 1272 2044 155 1341 296 2208 2084 31 1118 500 229 2369 2071 320 2082 2475 154 82 2041 639 85 547 107 80
295 295 2127 2548 231 230 358 229 486 487 1661 195 1656 2123 2126 2124 2125 625 296 294 500 235 2158 2160 301 1520 2159 2161 2162 1712 673 185 1457 456 152 2072 2157 1923 746 2391 2182 228 190 290 551 553 552 131 686 2503 2117 2119 2120 2121 2122 293 2537 2416 2567 132 306 1613 2502 2449 196 2007 2118 210 194 2156 2080 749 2450 2451 2452 1640 1621 1620 2079 2081 614 288 1302 599 183 153 151 496 2580 364
296 296 2124 2125 500 195 2123 2126 2127 228 2156 358 295 1957 185 486 487 2117 2119 2120 2121 2122 196 2007 2118 210 194 231 2548 183 230 496 2580 364 625 2048 294 235 229 2092 248 2158 2160 81 301 1520 12
298 298 540 2274 1396
299 299 129 95 207 2132 2087 1336 375 2048 93 1957 287 178 69 2504 747 96 2508 2505 2506 179 1837 208 603 1945 90 2507 2266 2181 85 2510 209 2134 2135 2509 389 228 143 49 1985 2136 2137 2138 2139 1353 211 1347 467 2133 94 748 58 1553 1370 2156 2218 2219 142 82 541 547 81 388 225 2513 2042 2044 269
301 301 190 625 294 235 746 599 2158 2160 1520 2182 293 2159 2161 2162 2445 358 673 1457 456 152 2072 2157 1923 2391 2449 686 486 487 2503 1621 1620 2537 2416 2567 306 1613 2502 25 1270 2080 749 2450 2451 2452 1640 2079 2081 295 614 288 1302 153 151 2085 752 141 2370 195 84 2127 2155 2179 606 149 514 189 60 1704 2071 320 58 150 79 2123 2126 2548 2180 231 2075 2076 2078 1272 2083 107 469 2255 471 2218 2219 2124 2125 230 2077 2044 2256 2254 1341 155 51 296 2084 687 31 500 154 229
302 302 480 2377 2378 2379 292 6 1993 2380 2035 2381 2382 1994 605 494 377 2220 2221 2472 378 2471 1992 2272 156 67 2428 526 1349 2273 740 351 619 1747 524 1561 109 530 260 2164 541 1736 208
304 304 1327 2406 2407 2408 2409 2410 2411 2412 2413 754 755 2493 1900 2267 104 2102 69 30 2096 2246 2097 2414 715 2132 49 209 2134 2135 2217 2095 1347 467 2133 2098 2099 2100 2101 2042 208 648 95 547 67 613 1985 2136 2137 2138 2139 1353 211 1553 1370 2087
306 306 2391 189 294 469 2255 2256 2254 687 1457 2158 2160 613 520 301 686 1715 673 358 2208 1118 625 2182 456 152 2450 2451 2452 1640 2041 235 2503 486 487 190 1520 2449 746 2537 1613 2502 2040 704 2159 2161 2162 293 1621 1620 2133 2080 749 2072 2157 1923 2079 2081 295 614 288 1302 25 1270 599 2004 153 151 2085 2370 2416 2567 195 84 2127 2155 2179 606 149
315 315 1870 2427
316 316 1734 610 2190 2191 2192 140 116 115 2193 138 139
320 320 141 2071 2072 107 51 128 73 2043 101 43 235 2057 2058 2159 2161 2162 2157 1923 2158 2160 301 2416 2567 673 358 625 456 152 294 2503 486 487
322 322 2525 2523 2524
351 351 1992 740 1561 377 2220 2221 2472 378 2471 2272 156 2428 6 526 2273 619 1747 524 1349 2164 541 1736 2035 2381 2382 208 1370 646 2467 2468 2469 2470 1850 1884 718 1985 2136 2137 2138 2139 211 1353 2466 302 1699 292 1553 2132 2377 2378 2379
358 358 486 487 295 195 2127 625 294 235 2158 2160 2548 231 2123 2126 301 1520 2124 2125 2159 2161 2162 230 673 1457 296 456 152 2072 2157 1923 746 2391 500 229 2182 190 686 2503 293 2537 2416 2567 306 1613 2502 1661 2449 2080 749 2450 2451 2452 1640 185 1656 1621 1620 2079 2081 614 288 1302 599 228 153 151 2085 25 141 1270 2117 2119 2120 2121 2122 2370 84 2155 2179 606 149 2445 189 196 2007 2118 210 194 60 2156 1704 2071 320 752 58 150 79 183 2180 2075 2076 2078 2083 107 469 2255 514 496 2580 364 1957 471 2218 2219 2077
361 361 161 110 2243 2244 393 160 167 162 67 133 260 2275 2276 109 530 1497 2454 2355 494 1953 49 2488 745 130 210 259 539 70 286 756 2528 2227 2228 605 2133 2042 132 1546 62 31 632
362 362 363 612
363 363 362 612
364 364 194 196 185 2117 2119 2120 2121 2122 2007 2118 210 183 2580 496 195 2092 248 12 2123 2126 2124 2125 2127 11 133 296 500 2454 358
365 365 1871 724 2479 2480
366 366 66 2460 2461 265 2176
368 368 2209 1264 1744 1351 371 2210 2211 2212 2213 2214
371 371 1351 2210 2211 2212 2213 2214 368 2209 1264 1744
375 375 207 95 299 2132 2087 1336 129 2048 93 1957 287 178 69 2504 747 96 2508 2505 2506 179 1837 208 603 1945 90 2507 2266 2181 85 2510 209 2134 2135 2509 389 228 143 49 1985 2136 2137 2138 2139 1353 211 1347 467 2133 94 748 58 1553 1370
376 376 538 535 31 536 1847 626 2455 2492 402 628 257 2502 627 1495 1895 573 2171 1252 67 1896 1494 1890 2446 15 1736 20 109 530 260 494 673 718 646 2467 2468 2469 2470 1850 1884 49 720 137 1370 2466 1516 2503 541 732 2495 1705 110 605 1613 2571 2042 581 2243 2244 377 2387
377 377 2220 2221 2472 378 2471 1992 2272 156 2428 6 526 2273 740 351 619 1747 524 1561 1349 2164 541 1736 2035 2381 2382 208 1370 646 2467 2468 2469 2470 718 1850 1884 1985 2136 2137 2138 2139 211 1353 2466 302 1699 292 1553 2132 2377 2378 2379 209 2134 2135 2571 2163 236 2380 1347 467 2133 480 69 605 31 2434 1993 626 2455 2492 1847 402 494 628 95 49 1355 1412 669 257 2502 376 627 613
378 378 2428 377 2220 2221 2472 2471 1992 2272 156 6 526 2273 740 351 619 1747 524 1561 1349 2164 541 1736 2035 2381 2382 208 1370 646 2467 2468 2469 2470 718 1850 1884 1985 2136 2137 2138 2139 211 1353 2466 302 1699 292 1553 2132 2377 2378 2379 209 2134 2135 2571 2163 236 2380 1347 467 2133 480 69 605 31
382 382 753 2520 2521
386 386 23 2229 2230 2231 2177 387 1243 1851
387 387 1243 23 386 2229 2230 2231 2177 1851
388 388 2238 2239 2181 287 96 2048 93 1957 2266 2504 747 95 1336 94 2505 2506 2507 603 1945 90 228 85 2508 207 299 2087 178
389 389 2508 2509 2505 2506 603 1336 1945 90 85 2504 747 58 2507 2218 2219 82 96 2510 2048 2044 178 95 2045 2046 84 79 287 93 83 2475 179 1837 2087 2083 60 80 207 299 2047 1957 721 144 143 456 2132 2084 749 1515 748 2181 2266 269 225 1341 155 1248 375 129 142 154 2511 2512 2537 126 2513 94 1950
390 390 392 391 1742 267
391 391 1742 392 267 390
392 392 390 391 1742 267
393 393 167 160 110 2243 2244 161 361 162 67 133 260 2275 2276 1497 109 530 2454 2355 494 1953 49 2488 745 130 210 259 539 70 286 756 2528 2227 2228 605 2133 2042 132 1546 62 31 632 69 648 626 2455 2492 402 1847 628 1320
397 397 2245 455 2371 406 413
398 398 2178
399 399 2247
401 401 601 2514 2383 2384
402 402 31 626 2455 2492 1847 628 257 2502 376 627 1495 1895 573 2171 1252 67 1896 1494 1890 538 2446 15 1736 20 109 530 260 494 673 535 718 646 2467 2468 2469 2470 1850 1884 49 720 137 1370 2466 1516 2503 541 536 732 2495 1705 110 605 1613 2571 2042 581 2243 2244 377 2387 648 156 161 393 2370 69 625
406 406 413 455 2371 397 2245
413 413 406 455 2371 397 2245
455 455 2371 397 406 2245 413
456 456 2537 749 288 1302 84 2155 2179 606 60 625 294 235 58 79 2180 2158 2160 301 2218 2219 1520 2159 2161 2162 2044 1341 358 673 1457 152 2072 2157 1923 746 2391 2182 85 190 2475 82 154 639 686 486 487 2503 2083 80 293 2416 2567 306 2510 1613 2502 2449 621 2045 2046 721 2258 615 144 2080 2450 2451 2452 1640 466 471 2084 1515 603 90 2508 151 1621 1620 153 2079 2081 295 614 599 83 2504 747 1945 2507 155 1248 2085 2359 2360 2361 2362 1540 2505 2506 25 141 1270 2249 2568 684 126 1336 2370 2509 389 149 195 2127 2445 2047 189 2420 1516 1521 178 96 1704 2071 320 752 2067 150 269 2075 2076 2078 2048 2500 464 2123 2126 2548 231 226 107 469 2255 225 514 1247 2421 1523 1525 2437 1317 1837 179
458 458 497 1939 748 2513 269 225 178 2511 2512 1950 143 2510 179 1837 2143 2142 142 2087 2507 1945 2504 747
460 460 217 218 2438 2439 1706
461 461 462 463
462 462 461 463
463 463 462 461
464 464 2248 465 124 466 2249 2568 684 1516 2420 2180 2421 20 1302 720 621 2179 1495 2359 2360 2361 2362 1540 1494 456
465 465 464 2248 124 466 2249 2568 684 1516 2420 2180 2421 20 1302 720 621 2179 1495 2359 2360 2361 2362 1540 1494
466 466 2249 2568 684 2420 1516 2180 464 2421 465 2248 124 20 1302 720 621 2179 1495 2359 2360 2361 2362 1540 1494 456 2537 749 288 31
467 467 209 2134 2135 1347 2133 69 208 2132 613 49 1985 2136 2137 2138 2139 1353 211 1553 1370 133 2208 541 2041 2042 2454 304 95 210 2488 745 130 2040 648 377 160 539 67 189 156 286 1327 2406 2407 2408 2409 2410 2411 2412 2413 754 755 2434 2493 1736 2220 2221 2472 259 1900 2267 104 207 299 260 109 530 2255 469 110 132 1747 1349 1546 62 378 167 2087 1355 1412 669 632 2102 2467 2468 2469 2470 646 1850 1884 718 494 2256 2254 1336 2471 2227 2228 393 88 375 129 2391 687 1992 2272 2243 2244 2048 2466 2428
469 469 189 2255 2256 2254 2391 687 613 520 1715 306 2208 1118 2041 2040 704 2133 294 2004 1457 547 2158 2160 1347 467 301 686 673 1997 550 2280 2281 2282 2283 2284 2285 2286 2287 2288 2289 2290 2291 2292 2293 2294 2295 2296 2297 2298 2299 2300 2301 2302 2303 2304 2305 2306 2307 2308 2309 2310 2311 2312 2313 2314 2315 2316 2317 2318 2319 2320 2321 2322 2323 2324 2325 2326 2327 2328 2329 2330 2331 2332 2333 2334 2335 2336 2337 2338 2339 2340 2341 2342 2343 2344 2345 2346 2347 2348 2349 2350 2351 2352 2353 2354 69 1329 358 209 2134 2135 625 2182 133 456 152 104 2450 2451 2452 1640
470 470 2257 174
471 471 155 151 154 2083 2258 615 2084 153 1521 152 84 149 2085 2080 226 1247 1523 1525 2437 1317 58 2079 2081 614 2075 2076 2078 79 2145 2146 2147 2148 2149 2150 2151 2152 2153 2154 150 2077 2218 2219 1704 2044 2144 60 82 2082 2475 625 294 456 749 80 235 85 2158 2160 2045 2046 2510 581 1341 301 721 144 2508 1520 2537 83 2504 747 1515 2159 2161 2162 1945 2507 358 673 2505 2506 1457 639 1248 1336 2072 2157 1923 603 90 746 2509 389 2391
472 472 473 622
473 473 472 622
477 477 2549 2260 2259 2261 2448
480 480 1993 302 1994 2377 2378 2379 292 6 2380 2035 2381 2382 605 494 377 2220 2221 2472 378 2471 1992 2272 156 67
486 486 358 487 295 195 2127 625 294 235 2158 2160 2548 231 2123 2126 301 1520 2124 2125 2159 2161 2162 230 673 1457 296 456 152 2072 2157 1923 746 2391 500 229 2182 190 686 2503 293 2537 2416 2567 306 1613 2502 1661 2449 2080 749 2450 2451 2452 1640 185 1656 1621 1620 2079 2081 614 288 1302 599 228 153 151 2085 25 141 1270 2117 2119 2120 2121 2122 2370 84 2155 2179 606 149 2445 189 196 2007 2118 210 194 2156 60 1704 2071 320 58 752
487 487 358 486 295 195 2127 625 294 235 2158 2160 2548 231 2123 2126 301 1520 2124 2125 2159 2161 2162 230 673 1457 296 456 152 2072 2157 1923 746 2391 500 229 2182 190 686 2503 293 2537 2416 2567 306 1613 2502 1661 2449 2080 749 2450 2451 2452 1640 185 1656 1621 1620 2079 2081 614 288 1302 599 228 153 151 2085 25 141 1270 2117 2119 2120 2121 2122 2370 84 2155 2179 606 149 2445 189 196 2007 2118 210 194 2156 60 1704 2071 320 58 752
494 494 605 67 109 530 260 292 49 2380 2377 2378 2379 110 2042 302 31 2243 2244 6 648 161 393 69 626 2455 2492 1847 402 628 160 2035 2381 2382 480 167 257 2502 376 627 361 1495 1895 162 573 2171 1252 133 2132 1896 1494 1890 1993 2275 2276 1497 538 209 2134 2135 2446 15 2133 2454 377 1347 467 2355 1736 20 1994 1953 745 130 2488 210
496 496 2118 185 2117 2119 2120 2121 2122 2007 210 196 194 183 2580 364 195 2092 248 12 2123 2126 2124 2125 2127 11 133 296 500 2454 358 2488 745 130 295
497 497 1939 458 748 2513 269 225 178 2511 2512 1950 143 2510 179 1837 2143 2142 142 2087 2507 1945 2504 747 58 95 2505 2506 2508 603 1336 90 96 2048 85
500 500 2124 2125 228 296 2156 195 1957 2123 2126 2127 358 295 2048 185 486 487 81 2117 2119 2120 2121 2122 196 2007 2118 210 194 2529 2530 2531 2532 2533 2534 2535 2536 1958 231 2548 287 93 2086 183 230 496 2580 364 95 625 96 294 235 229 1350 2092 248 2158 2160 2181 2266 2504 747 301 1520
506 506 2404 2405
513 513 2271 2515 517
514 514 1272 1270 752 25 1620 1621 2182 2449 293 190 746 625 294 301 599 1520 2158 2160 2445 1457 358 673 2391 456 152 235 686
517 517 2271 2515 513
520 520 2254 189 2255 469 2256 2391 687 613 1715 306 2208 1118 2041 2040 704 2133 294 2004 1457 547
524 524 2272 2273 619 377 2220 2221 2472 378 2471 1992 156 2428 6 526 740 351 1747 1561 1349 2164 541 1736 2035 2381 2382 208 1370 646 2467 2468 2469 2470 1850 1884 718 1985 2136 2137 2138 2139 211 1353 2466 302 1699 292 1553 2132 2377 2378 2379
526 526 2471 2164 377 1699 2220 2221 2472 2163 236 378 1992 2272 156 2428 6 524 2273 740 351 619 1747 1561 1349 541 1736 2035 2381 2382 208 1370 646 2467 2468 2469 2470 1850 1884 718 1985 2136 2137 2138 2139 211 1353 2466 302 292 1553 2132 2377 2378 2379 209 2134 2135 2571
529 529 533
530 530 67 109 260 494 49 110 605 2042 31 2243 2244 648 161 393 69 626 2455 2492 1847 402 628 160 167 257 2502 376 627 361 292 1495 1895 162 573 2171 1252 133 2132 2380 1896 1494 1890 2275 2276 1497 538 209 2134 2135 2446 15 2133 2377 2378 2379 2454 1347 467 2355 1736 20 1953 745 130 2488 210 259 302 673 539 70 535 718 646 6 2467 2468 2469 2470 1850 1884 1370 286 720 208
533 533 529
535 535 536 538 376 31 1847 626 2455 2492 402 628 257 2502 627 1495 1895 573 2171 1252 67 1896 1494 1890 2446 15 1736 20 109 530 260
536 536 535 538 376 31 1847 626 2455 2492 402 628 257 2502 627 1495 1895 573 2171 1252 67 1896 1494 1890
538 538 535 376 536 31 1847 626 2455 2492 402 628 257 2502 627 1495 1895 573 2171 1252 67 1896 1494 1890 2446 15 1736 20 109 530 260 494 673 718 646 2467 2468 2469 2470 1850 1884 49 720 137 1370 2466 1516 2503 541
539 539 632 1320 259 133 2488 745 2227 2228 2454 286 130 210 160 1546 62 162 2133 110 132 167 1497 2275 2276 2355 2243 2244 1953 393 161 70 1347 467 185 613 756 2528 361 69 209 2134 2135 67 1712 2117 2119 2120 2121 2122 2208 208 2007 2118 196 194 2041 49 260 109 530 131 551 553 552 290 2132 183
540 540 2274 298 1396
541 541 156 1747 1349 1736 208 1370 2467 2468 2469 2470 718 1850 1884 646 211 1985 2136 2137 2138 2139 1353 377 2466 1553 2132 2220 2221 2472 209 2134 2135 2571 378 1347 467 2133 69 2471 1992 2272 31 2428 6 526 2434 740 619 2273 351 524 1561 2164 626 2455 2492 1847 402 628 95 49 2035 2381 2382 1355 1412 669 257 2502 376 627 613 1495 1895 88 573 133 2171 1252 2208 207 299 302 2042 1494 67 292 1699 1896 1890 2494 2087 538 2041
543 543 545
545 545 543
547 547 1997 550 2280 2281 2282 2283 2284 2285 2286 2287 2288 2289 2290 2291 2292 2293 2294 2295 2296 2297 2298 2299 2300 2301 2302 2303 2304 2305 2306 2307 2308 2309 2310 2311 2312 2313 2314 2315 2316 2317 2318 2319 2320 2321 2322 2323 2324 2325 2326 2327 2328 2329 2330 2331 2332 2333 2334 2335 2336 2337 2338 2339 2340 2341 2342 2343 2344 2345 2346 2347 2348 2349 2350 2351 2352 2353 2354 1329 2256 104 2087 613 673 2208 189 2503 2041 1613 2502 95 2255 469 178 2040 2133 2254 304 2391 687 179 1837 2370 207 299 625 294 520
550 550 547 1997 2280 2281 2282 2283 2284 2285 2286 2287 2288 2289 2290 2291 2292 2293 2294 2295 2296 2297 2298 2299 2300 2301 2302 2303 2304 2305 2306 2307 2308 2309 2310 2311 2312 2313 2314 2315 2316 2317 2318 2319 2320 2321 2322 2323 2324 2325 2326 2327 2328 2329 2330 2331 2332 2333 2334 2335 2336 2337 2338 2339 2340 2341 2342 2343 2344 2345 2346 2347 2348 2349 2350 2351 2352 2353 2354 1329 2256 104 2087 613 673 2208 189 2503 2041 1613 2502 95 2255 469 178 2040 2133 2254
551 551 1712 553 552 131 290 1656 132 130 229 1661 2548 231 230 133 295 2454 2488 745 210 539 160 2127 286
552 552 1712 551 553 131 290 1656 132 130 229 1661 2548 231 230 133 295 2454 2488 745 210 539 160 2127 286
553 553 1712 551 552 131 290 1656 132 130 229 1661 2548 231 230 133 295 2454 2488 745 210 539 160 2127 286
555 555 2358
561 561 562 2363 237
562 562 561 2363 237
573 573 2446 15 137 2495 732 1705 31 581 626 2455 2492 1847 402 628 2387 257 2502 376 627 2144 1495 1895 2388 2389 2390 2171 1252 67 1896 1494 1890 538 1736 20 109 530 260 494 673 535 718 646 2467 2468 2469 2470 1850 1884 49 720 1370 2466 1516 2503 226 541 536 110 605 1613 2571 2042 2145 2146 2147 2148 2149 2150 2151 2152 2153 2154
580 580 2172
581 581 2144 137 2495 1705 732 2387 573 226 2388 2389 2390 2446 15 2145 2146 2147 2148 2149 2150 2151 2152 2153 2154 154 2258 615 31 471 626 2455 2492 1847 402 628 257 2502 376 627 1521 84 1495 1895
590 590 1284 2522 2054 2055
594 594 2021
596 596 2376 2375 2517 2516 1294
599 599 2445 190 746 301 293 2182 2449 625 1621 1620 294 1520 25 2158 2160 1270 235 358 673 752 456 152 1457 514 2159 2161 2162 2391 486 487 2503 686 2072 2157 1923 2537 1613 2502 1272 306 2080 749 2450 2451 2452 1640 2416 2567 2079 2081 295 614 288 1302 153 151
601 601 401 2514 2383 2384
603 603 82 2508 2504 747 90 2045 2046 2505 2506 1336 1945 83 2509 389 85 2507 96 2047 2048 2218 2219 84 58 178 2510 287 93 79 95 2044 179 1837 60 2087 1957 2475 2181 2266 143 456 2083 80 749 269 207 299 225 748 154 2132 1341 144 721 94 142 2511 2512 2537 2084 1515 1950 375 129 2513 228 2143 2258 615 155 1248 639 388 471 2142 288 1302 126 497 2156 151
604 604 2063
605 605 494 292 2380 2377 2378 2379 67 302 109 530 260 6 49 2035 2381 2382 480 110 2042 1993 31 2243 2244 377 648 161 393 1994 69 626 2455 2492 1847 402 628 160 167 257 2502 376 627 2220 2221 2472 361 1495 1895 162 378 573 2471 2171 1252 133
606 606 288 2155 456 2537 749 1302 84 2179 60 625 294 235 58 79 2180 2158 2160 301 2218 2219 1520 2159 2161 2162 2044 1341 358 673 1457 152 2072 2157 1923 746 2391 2182 190 2475 82 154 639 85 686 486 487 2503 2083 80 293 2416 2567 306 2510 1613 2502 2449
608 608 2173 609 1929 2498 2499
609 609 608 2173 1929 2498 2499
610 610 1734 2190 316 2191 2192 140 116 115 2193 138 139
612 612 362 363
613 613 2208 2041 2040 2133 189 2255 469 2256 2254 2391 687 1347 467 520 69 209 2134 2135 1715 306 133 547 1118 208 2132 2454 1997 550 2280 2281 2282 2283 2284 2285 2286 2287 2288 2289 2290 2291 2292 2293 2294 2295 2296 2297 2298 2299 2300 2301 2302 2303 2304 2305 2306 2307 2308 2309 2310 2311 2312 2313 2314 2315 2316 2317 2318 2319 2320 2321 2322 2323 2324 2325 2326 2327 2328 2329 2330 2331 2332 2333 2334 2335 2336 2337 2338 2339 2340 2341 2342 2343 2344 2345 2346 2347 2348 2349 2350 2351 2352 2353 2354 1329 49 2488 745 210 130 1985 2136 2137 2138 2139 1353 211 104 160 704 539 2087 1553 1370 294 286 541 259 2004 673 2042 110 132 95 1546 62 304 167 632 1457 2227 2228 393 2503 67 648 2243 2244 377
614 614 1704 150 152 149 2080 2079 2081 2075 2076 2078 153 151 2085 2077 2082 625 471 294 2083 235 2158 2160 155 301 1520 2084 2159 2161 2162 358 673 1457 456 2072 2157 1923 746 2391 2182 190 686 486 487 2503 293 154 2537 2416 2567 306 1613 2502 2449 749 2450 2451 2452 1640 58 1621 1620 2258 615 295 288 1302 599 84
615 615 154 2258 471 1521 84 155 226 1247 1523 1525 2437 1317 151 79 2145 2146 2147 2148 2149 2150 2151 2152 2153 2154 2218 2219 2083 2144 60 82 2084 456 749 85 58 153 2045 2046 581 1341 2537 83 152 2044 639 603 90 149 288 1302 2047 2080 2079 2081 2475 2508 2085 614 2504 747 80 2075 2076 2078 2505 2506
616 616 2262 2263 2264
617 617 2265
618 618 2268 2269 2270 705
619 619 2272 2273 524 377 2220 2221 2472 378 2471 1992 156 2428 6 526 740 351 1747 1561 1349 2164 541 1736 2035 2381 2382 208 1370 646 2467 2468 2469 2470 1850 1884 718 1985 2136 2137 2138 2139 211 1353 2466 302 1699 292 1553 2132 2377 2378 2379
621 621 2359 2360 2361 2362 1540 2180 1302 466 2179 2249 2568 684 2420 1516 456 464 2421 465 2537 2248 124 20 749 288 720
622 622 472 473
623 623 2372
625 625 1520 2158 2160 746 301 358 673 293 2182 190 294 456 152 235 486 487 2503 2449 2537 1613 2502 2159 2161 2162 1621 1620 599 1457 2080 749 2072 2157 1923 2391 2079 2081 295 614 288 1302 25 1270 153 151 686 2445 2085 2370 2416 2567 306 195 84 2127 2155 2179 606 149 752 60 2450 2451 2452 1640 1704 514 58 150 79 2123 2126 2548 2180 231 2075 2076 2078 471 2083 2218 2219 2124 2125 141 230 2077 1272 2044 155 1341 189 296 2084 31 500 229 2369 2071 320 2082 2475 154 82 639 85 469 2255 2256 547 107 80 626 2455 2492 402 1847 628
626 626 31 2455 2492 1847 402 628 257 2502 376 627 1495 1895 573 2171 1252 67 1896 1494 1890 538 2446 15 1736 20 109 530 260 494 673 535 718 646 2467 2468 2469 2470 1850 1884 49 720 137 1370 2466 1516 2503 541 536 732 2495 1705 110 605 1613 2571 2042 581 2243 2244 377 2387 648 156 161 393 2370 69 625
627 627 1252 31 628 626 2455 2492 1847 402 257 2502 376 1495 1895 573 2171 67 1896 1494 1890 538 2446 15 1736 20 109 530 260 494 673 535 718 646 2467 2468 2469 2470 1850 1884 49 720 137 1370 2466 1516 2503 541 536 732 2495 1705 110 605 1613 2571 2042 581 2243 2244 377 2387
628 628 31 626 2455 2492 1847 402 627 257 2502 376 1495 1895 573 1252 2171 67 1896 1494 1890 538 2446 15 1736 20 109 530 260 494 673 535 718 646 2467 2468 2469 2470 1850 1884 49 720 137 1370 2466 1516 2503 541 536 732 2495 1705 110 605 1613 2571 2042 581 2243 2244 377 2387 648 156 161 393 2370 69 625
629 629 2402 1552 630
630 630 2402 1552 629
631 631 1295 1647 1297 147
632 632 1320 539 259 133 2488 745 2227 2228 2454 286 130 210 160 1546 62 162 2133 110 132 167 1497 2275 2276 2355 2243 2244 1953 393 161 70 1347 467 185 613 756 2528 361 69
639 639 1341 60 749 84 58 79 456 2218 2219 2044 2537 85 2475 82 154 2083 80 288 1302 2510 2045 2046 721 2258 615 144 2084 1515 603 90 2508 2155 2179 606 83 471 2504 747 1945 2507 625 155 1248 294 2505 2506 235 126 1336
646 646 1736 2467 2468 2469 2470 718 1850 1884 1370 2466 541 2571 377 156 31 2220 2221 2472 208 1349 1747 626 2455 2492 1847 402 628 378 2471 257 2502 376 627 211 1985 2136 2137 2138 2139 1353 1992 2272 1495 1895 2428 1553 573 6 526 2171 1252 2132 740 619 2273 351 524 1561 67 209 2134 2135 1494 1896 1890 2164 538 2446 15 2035 2381 2382 1347 467 2133 69 20 109 530 260
648 648 2042 49 69 67 109 530 260 494 2132 209 2134 2135 1347 467 2133 110 605 31 208 304 2243 2244 161 393 95 160 626 2455 2492 402 1847 628 1985 2136 2137 2138 2139 1353 211 754 755 1327 2406 2407 2408 2409 2410 2411 2412 2413 613 133 167
669 669 2434 1355 1412 1553 88 2494 208 1985 2136 2137 2138 2139 1353 211 1370 2132 541 209 2134 2135 1347 467 2133 69 377
673 673 2503 1613 2502 2370 625 294 235 2158 2160 301 1520 2159 2161 2162 358 1457 456 152 2072 2157 1923 746 2391 31 2182 2369 190 686 486 487 293 547 2537 2416 2567 306 626 2455 2492 1847 402 628 2449 1550 1551 749 2080 2450 2451 2452 1640 257 376 627 1621 1620 614 2079 2081 295 288 1302 1997 550 2280 2281 2282 2283 2284 2285 2286 2287 2288 2289 2290 2291 2292 2293 2294 2295 2296 2297 2298 2299 2300 2301 2302 2303 2304 2305 2306 2307 2308 2309 2310 2311 2312 2313 2314 2315 2316 2317 2318 2319 2320 2321 2322 2323 2324 2325 2326 2327 2328 2329 2330 2331 2332 2333 2334 2335 2336 2337 2338 2339 2340 2341 2342 2343 2344 2345 2346 2347 2348 2349 2350 2351 2352 2353 2354 1329 2365 2366 599 1495 1895 153 151 2085 573 25 2256 104 141 2364 1270 2171 1252 189 195 84 2087 606 2127 2155 2179 149 2445 67 60 1896 1494 1890 538 2446 15 613 1704 2071 320 752 58 469 2255 150 79 2123 2126 2548 2180 231 1736 2075 2076 2078 107 2083 20 109 530 260 514 471 2218 2219 2254 2208 230 2077
678 678 2447
684 684 466 2249 2568 1516 2420 2180 464 2421 465 2248 124 20 1302 720 621 2179 1495 2359 2360 2361 2362 1540 1494 456 2537 749
686 686 2450 2451 2452 1640 1457 294 2158 2160 2391 301 358 673 306 625 2182 456 152 235 486 487 2503 190 1520 2449 746 2537 1613 2502 2159 2161 2162 293 1621 1620 2080 749 189 2072 2157 1923 2079 2081 295 614 288 1302 25 1270 599 153 151 2085 469 2255 2370 2416 2567 195 84 2127 2155 2179 606 149 752 2256 2254 2445
687 687 1715 1118 189 704 2255 469 2004 2256 2254 2391 613 520 306 2208 2041 2040 2133 294 1457 547 2158 2160 1347 467 301 686
704 704 2004 1118 687 1715 189 2255 469 2256 2254 2391 613 520 306 2208 2041
705 705 618 2268 2269 2270
707 707 1730
712 712 2487
715 715 30 2414 2267 304 1327 2406 2407 2408 2409 2410 2411 2412 2413 754 755 2493 1900 104 2102 69 2096 2246
718 718 1736 2467 2468 2469 2470 1850 1884 646 1370 2466 541 2571 377 156 31 2220 2221 2472 208 1747 1349 626 2455 2492 1847 402 628 378 2471 257 2502 376 627 211 1985 2136 2137 2138 2139 1353 1992 2272 1495 1895 2428 1553 573 6 526 2171 1252 2132 740 619 2273 351 524 1561 67 209 2134 2135 1494 1896 1890 2164 538 2446 15 2035 2381 2382 1347 467 2133 69 20 109 530 260
720 720 20 1516 1495 1494 466 684 2249 2568 31 2420 2180 464 626 2455 2492 1847 402 628 2421 257 2502 376 627 465 2248 124 1895 573 1302 2171 1252 67 1896 1890 538 2446 15 621 2179 1736 109 530 260
721 721 2475 144 58 2044 79 2218 2219 2083 60 80 2510 84 85 456 2084 749 1515 2508 2504 747 1945 2507 1341 155 1248 2505 2506 2537 126 603 1336 90 2509 389 82 151 178 639 96 471 288 1302 2067 269 2048 2500 154 225 1837 2045 2046 179 2511 2512 287 93
722 722 2476
724 724 2479 2480 1871 365
727 727 2491
730 730 1901 1902 1903 1978
732 732 137 2495 1705 581 2387 573 2144 2388 2389 2390 2446 15 31 226 626 2455 2492 1847 402 628 2145 2146 2147 2148 2149 2150 2151 2152 2153 2154 257 2502 376 627 1495 1895 2171 1252
740 740 1992 351 1561 377 2220 2221 2472 378 2471 2272 156 2428 6 526 2273 619 1747 524 1349 2164 541 1736 2035 2381 2382 208 1370 646 2467 2468 2469 2470 1850 1884 718 1985 2136 2137 2138 2139 211 1353 2466 302 1699 292 1553 2132 2377 2378 2379
745 745 259 133 2488 2227 2228 539 2454 286 130 210 160 1546 62 632 162 2133 110 132 167 1320 1497 2275 2276 2355 2243 2244 1953 393 161 70 1347 467 185 613 756 2528 361 69 209 2134 2135 67 1712 2117 2119 2120 2121 2122 2208 208 2007 2118 196 194 2041 49 260 109 530 131 551 553 552 290 2132 183 494 1656 1985 2136 2137 2138 2139 1353 211 2580 496 364 2040
746 746 293 190 625 2182 599 301 1520 2449 2445 2158 2160 1621 1620 294 25 1270 358 673 235 456 152 752 1457 486 487 2503 2159 2161 2162 2537 514 2391 1613 2502 2072 2157 1923 686 2080 749 2079 2081 295 614 288 1302 1272 306 153 151 2416 2567 2450 2451 2452 1640 2085 2370 195 84 2127 2155 2179 606 149 60 1704 58 150 79 2123 2126 2548 2180 231 141 2075 2076 2078 189 2083
747 747 2505 2506 2507 603 1336 1945 90 96 2504 85 2048 2508 178 2510 287 93 58 2509 389 2218 2219 82 179 1837 95 2087 1957 2044 2045 2046 2181 2266 143 84 79 83 748 2475 269 225 207 299 2083 60 80 94 142 2132 2511 2512 2047 2513 144 721 228 1950 375 129 2143 456 2084 749 1515 388 2142 1341 155 1248 497 2156 154 2537 126 2238 2239 81 471 151 639 1939 458 2258 615 288 1302 500 2067 2500 69 2529 2530 2531 2532 2533 2534 2535 2536 1958
748 748 2513 497 269 225 1939 458 178 2511 2512 1950 143 2510 179 1837 2143 2142 142 2087 2507 1945 2504 747 58 95 2505 2506 2508 603 1336 90 96 85 2044 2048 2218 2219 2509 389 79 207 299 93 287 2475 2132 2083 60 80 82 84 375 129
749 749 60 456 1341 2537 84 639 288 1302 58 79 2218 2219 2155 2179 606 2044 625 294 235 2180 2158 2160 85 2475 82 154 301 1520 2083 80 2159 2161 2162 358 673 2510 1457 2045 2046 721 2258 615 144 152 2072 2157 1923 746 2084 1515 2391 603 90 2508 2182 471 190 83 2504 747 1945 686 2507 486 487 2503 155 1248 293 2505 2506 2416 2567 151 126 1336 306 1613 2502 2509 389 2449 621 2047 2080 2450 2451 2452 1640 466 1521 153 178 96 1621 1620 2079 2081 295 614 599 2067 269 2085 2048 2500 2359 2360 2361 2362 1540 226 25 141 1270 2249 2568 684 225 1247 1523 1525 2437 1317 149 1837 179
752 752 1270 514 25 1272 1620 1621 2182 2449 293 190 746 625 294 301 599 1520 2158 2160 2445 1457 358 673 2391 456 152 235 686 486 487 2503
753 753 2520 2521 382
754 754 304 1327 2406 2407 2408 2409 2410 2411 2412 2413 755 2493 1900 2267 104 2102 69 30 2096 2246 2097 2414 715 2132 49 209 2134 2135 2217 2095 1347 467 2133 2098 2099 2100 2101 2042 208 648 95
755 755 304 1327 2406 2407 2408 2409 2410 2411 2412 2413 754 2493 1900 2267 104 2102 69 30 2096 2246 2097 2414 715 2132 49 209 2134 2135 2217 2095 1347 467 2133 2098 2099 2100 2101 2042 208 648 95
756 756 1953 2528 162 2275 2276 1497 2355 70 259 110 2227 2228 2243 2244 2488 745 161 393 539 160 286 167 361 67 1546 62 632 133
882 882 2540 2541 2542 2543
1100 1100 1966
1118 1118 704 687 2004 1715 189 2255 469 2256 2254 2391 613 520 306 2208 2041 2040 2133 294
1206 1206 2544 2545
1243 1243 387 23 386 2229 2230 2231 2177 1851
1247 1247 1521 1523 1525 2437 1317 154 2258 615 471 84 155 226 151 79 2145 2146 2147 2148 2149 2150 2151 2152 2153 2154 2218 2219 2144 60 2083 82 456 749 2084 58
1248 1248 2500 80 1517 1515 126 2067 58 2066 2044 2068 2069 79 2218 2219 2475 2083 60 2510 84 721 144 85 456 2084 749 2508 2504 747 1945 2507 1341 155 2505 2506 2537 603 1336 90 2509 389 82 151 178 639 96 288 1302 471
1252 1252 627 31 628 626 2455 2492 1847 402 257 2502 376 1495 1895 573 2171 67 1896 1494 1890 538 2446 15 1736 20 109 530 260 494 673 535 718 646 2467 2468 2469 2470 1850 1884 49 720 137 1370 2466 1516 2503 541 536 732 2495 1705 110 605 1613 2571
1264 1264 368 2209 1744 1351 371 2210 2211 2212 2213 2214
1270 1270 752 514 25 1272 1620 1621 2182 2449 293 190 746 625 294 301 599 1520 2158 2160 2445 1457 358 673 2391 456 152 235 686 486 487 2503 306 2537 2159 2161 2162 2450 2451 2452 1640 1613 2502 2080 749 2072 2157 1923
1272 1272 514 1270 752 25 1620 1621 2182 2449 293 190 746 625 294 301 599 1520 2158 2160 2445
1282 1282 2397 2398
1284 1284 2522 590 2054 2055
1286 1286 1287
1287 1287 1286
1293 1293 2403
1294 1294 2517 2375 2516 596 2376
1295 1295 631 1647 1297 147
1297 1297 147 1295 631 1647
1302 1302 2179 2180 456 2537 621 749 466 288 2359 2360 2361 2362 1540 2249 2568 684 84 2155 606 60 2420 1516 625 294 235 58 79 464 2158 2160 2421 301 2218 2219 1520 2159 2161 2162 2044 1341 358 673 465 2248 124 1457 20 152 2072 2157 1923 746 2391 2182 85 190 2475 82 154 639 686 486 487 2503 2083 80 293 720 2416 2567 306 2510 1613 2502 2449 2045 2046 721 2258 615 144 2080 2450 2451 2452 1640 471 151 2084 1515 603 90 2508 1621 1620 1495 2079 2081 295 614 599 83 2504 747 1945 2507 153 155 1248
1317 1317 1521 1523 1525 2437 1247 154 2258 615 471 84 155 226 151 79 2145 2146 2147 2148 2149 2150 2151 2152 2153 2154 2218 2219 2144 60 2083 82 456 749 2084 58
1320 1320 632 539 259 133 2488 745 2227 2228 2454 286 130 210 160 1546 62 162 2133 110 132 167 1497 2275 2276 2355 2243 2244 1953 393 161
1327 1327 304 2406 2407 2408 2409 2410 2411 2412 2413 754 755 2493 1900 2267 104 2102 69 30 2096 2246 2097 2414 715 2132 49 209 2134 2135 2217 2095 1347 467 2133 2098 2099 2100 2101 2042 208 648 95
1329 1329 547 1997 550 2280 2281 2282 2283 2284 2285 2286 2287 2288 2289 2290 2291 2292 2293 2294 2295 2296 2297 2298 2299 2300 2301 2302 2303 2304 2305 2306 2307 2308 2309 2310 2311 2312 2313 2314 2315 2316 2317 2318 2319 2320 2321 2322 2323 2324 2325 2326 2327 2328 2329 2330 2331 2332 2333 2334 2335 2336 2337 2338 2339 2340 2341 2342 2343 2344 2345 2346 2347 2348 2349 2350 2351 2352 2353 2354 2256 104 2087 613 673 2208 189 2503 2041 1613 2502 95 2255 469 178 2040 2133 2254
1336 1336 95 2508 2504 747 2505 2506 603 1945 90 207 299 2509 389 2048 85 2087 2507 2132 96 375 129 93 287 58 178 2510 2218 2219 82 1957 2044 179 1837 2045 2046 84 2266 2181 79 83 69 2475 143 2083 60 80 269 225 94 748 228 2047 144 721 208 142 2511 2512 456 2084 749 1515 1950 388 2513 2143 209 2134 2135 2156 1341 155 1248 49 1985 2136 2137 2138 2139 1353 211 2142 1347 467 154 2133 81 2537 126 2238 2239 497 1553 1370 471 151 639
1339 1339 1340 2415
1340 1340 1339 2415
1341 1341 639 60 749 84 58 79 456 2218 2219 2044 2537 85 2475 82 154 2083 80 288 1302 2510 2045 2046 721 2258 615 144 2084 1515 603 90 2508 2155 2179 606 471 83 2504 747 1945 2507 625 155 1248 294 2505 2506 235 126 1336 2509 389 2180 2158 2160 2047 1521 301 151 1520 178 96 2159 2161 2162 2067
1346 1346 2418 2419
1347 1347 209 2134 2135 467 2133 69 208 2132 613 49 1985 2136 2137 2138 2139 1353 211 1553 1370 133 2208 541 2041 2042 2454 304 95 210 2488 745 130 2040 648 377 160 539 67 189 156 286 1327 2406 2407 2408 2409 2410 2411 2412 2413 754 755 2434 2493 1736 2220 2221 2472 259 1900 2267 104 207 299 260 109 530 2255 469 110 132 1747 1349 1546 62 378 167 2087 1355 1412 669 632 2102 2467 2468 2469 2470 646 1850 1884 718 494 2256 2254 1336 2471 2227 2228 393 88 375 129 2391 687 1992 2272 2243 2244 2048 2466 2428
1349 1349 156 1747 541 377 2220 2221 2472 378 1736 2471 208 1992 2272 1370 2428 646 6 2467 2468 2469 2470 718 1850 1884 526 211 1353 1985 2136 2137 2138 2139 2273 740 351 619 524 1561 2466 2164 1553 2035 2381 2382 2132 209 2134 2135 2571 1347 467 2133 69 302 292 1699 31 2377 2378 2379
1350 1350 2086 81 2529 2530 2531 2532 2533 2534 2535 2536 1958 1957 228 2048 2156 500 287 93
1351 1351 2210 2211 2212 2213 2214 371 368 2209 1264 1744
1353 1353 208 1985 2136 2137 2138 2139 211 1553 1370 2132 541 209 2134 2135 1347 467 2133 69 377 156 2434 1736 2220 2221 2472 95 1349 1747 49 378 1355 1412 669 613 2467 2468 2469 2470 646 1850 1884 718 2471 88 1992 2272 2466 2428 133 6 207 2208 299 526 2042 2494 2087 2273 740 351 619 524 1561 2041 2571 1336 2164 304 2454 2035 2381 2382 375 129 2048 648 210 2488 745 130 2040
1355 1355 2434 1412 669 1553 88 2494 208 1985 2136 2137 2138 2139 1353 211 1370 2132 541 209 2134 2135 1347 467 2133 69 377
1359 1359 1484 1485 1486 1487 2422 2423 2424 2425 2426
1370 1370 1736 208 2467 2468 2469 2470 718 1850 1884 646 541 1985 2136 2137 2138 2139 1353 211 2466 1553 2132 209 2134 2135 2571 377 1347 467 156 2133 69 2220 2221 2472 31 1349 1747 378 2434 2471 626 2455 2492 1847 402 628 1992 2272 95 49 2428 1355 1412 669 6 257 2502 376 627 613 526 1495 1895 88 740 619 2273 351 524 1561 573 2164 133 2035 2381 2382 2171 1252 2208 207 299 2042 67 1494 1896 1890 2494 2087 538 2041 2446 15 1336 304 2454 375 129
1396 1396 540 2274 298
1412 1412 2434 1355 669 1553 88 2494 208 1985 2136 2137 2138 2139 1353 211 1370 2132 541 209 2134 2135 1347 467 2133 69 377
1457 1457 686 294 2450 2451 2452 1640 2158 2160 2391 301 358 673 306 625 2182 456 152 235 486 487 2503 190 1520 2449 746 2537 1613 2502 2159 2161 2162 293 1621 1620 2080 749 189 2072 2157 1923 2079 2081 295 614 288 1302 25 1270 599 153 151 2085 469 2255 2370 2416 2567 195 84 2127 2155 2179 606 149 752 60 2256 2254 2445 1704 687 514 58 150 79 2548 2180 231 2123 2126 2075 2076 2078 2083 613 520 471 2218 2219 141
1484 1484 1359 1485 1486 1487 2422 2423 2424 2425 2426
1485 1485 1359 1484 1486 1487 2422 2423 2424 2425 2426
1486 1486 1359 1484 1485 1487 2422 2423 2424 2425 2426
1487 1487 1359 1484 1485 1486 2422 2423 2424 2425 2426
1494 1494 1495 20 720 1516 31 626 2455 2492 1847 402 628 257 2502 376 627 1895 573 466 2171 1252 67 1896 1890 538 2446 15 684 2249 2568 1736 109 530 260 2420 494 673 2180 535 718 646 2467 2468 2469 2470 1850 1884 464 49 137 2421 1370 2466 2503 541 536 465 2248 124
1495 1495 1494 20 720 1516 31 626 2455 2492 1847 402 628 257 2502 376 627 1895 573 466 2171 1252 67 1896 1890 538 2446 15 684 2249 2568 1736 109 530 260 2420 494 673 2180 535 718 646 2467 2468 2469 2470 1850 1884 464 49 137 2421 1370 2466 2503 541 536 465 2248 124 732 2495 1705 110 605 1613 2571 2042 1302 581
1497 1497 162 2275 2276 2355 1953 70 259 756 2528 110 2227 2228 2243 2244 2488 745 161 393 539 160 286 167 361 67 1546 62 632 133 260 109 530 1320 2454 494 49 130 210
1512 1512 1513 1514
1513 1513 1512 1514
1514 1514 1512 1513
1515 1515 80 1248 126 2067 2500 58 2066 1517 2044 2068 2069 79 2218 2219 2475 2083 60 2510 84 721 144 85 456 2084 749 2508 2504 747 1945 2507 1341 155 2505 2506 2537 603 1336 90 2509 389 82 151 178 639 96 471 288 1302 269 2048 154 225 2045 2046 1837 179
1516 1516 20 466 720 684 2249 2568 1495 2420 2180 1494 464 2421 465 2248 124 1302 621 31 2179 2359 2360 2361 2362 1540 626 2455 2492 1847 402 628 257 2502 376 627 1895 456 573 2171 1252 67 1896 1890 538 2537 2446 15
1517 1517 2500 1248 80 1515 126 2067 58 2066 2044 2068 2069 79 2218 2219 2475 2083 60
1520 1520 625 2158 2160 746 301 358 673 293 2182 190 294 456 152 235 486 487 2503 2449 2537 1613 2502 2159 2161 2162 1621 1620 599 1457 2080 749 2072 2157 1923 2391 2079 2081 295 614 288 1302 25 1270 153 151 686 2445 2085 2370 2416 2567 306 195 84 2127 2155 2179 606 149 752 60 2450 2451 2452 1640 1704 514 58 150 79 2123 2126 2548 2180 231 2075 2076 2078 2083 471 2218 2219 2124 2125 141 230 2077 1272 2044 1341 155 189 296 2084 31 500
1521 1521 1523 1525 2437 1247 1317 154 2258 615 471 84 155 226 151 79 2145 2146 2147 2148 2149 2150 2151 2152 2153 2154 2218 2219 2083 2144 60 82 2084 456 749 85 58 2045 2046 581 153 1341 2537 83
1523 1523 1521 1525 2437 1247 1317 154 2258 615 471 84 155 226 151 79 2145 2146 2147 2148 2149 2150 2151 2152 2153 2154 2218 2219 2144 60 2083 82 456 749 2084 58
1525 1525 1521 1523 2437 1247 1317 154 2258 615 471 84 155 226 151 79 2145 2146 2147 2148 2149 2150 2151 2152 2153 2154 2218 2219 2144 60 2083 82 456 749 2084 58
1528 1528 2440 1531 1977
1531 1531 2440 1528 1977
1534 1534 1535
1535 1535 1534
1540 1540 621 2359 2360 2361 2362 2180 1302 466 2179 2249 2568 684 2420 1516 456 464 2421 465 2537 2248 124 20 749
1546 1546 286 62 259 133 2488 745 2227 2228 539 2454 130 210 160 632 162 2133 110 132 167 1320 1497 2275 2276 2355 2243 2244 1953 393 161 70 1347 467 185 613 756 2528 361 69 209 2134 2135 67 1712 2117 2119 2120 2121 2122
1550 1550 2369 1551 2365 2366 2370 2364 1613 673 2503 2502
1551 1551 2369 1550 2365 2366 2370 2364 1613 673 2503 2502
1552 1552 2402 629 630
1553 1553 2434 1355 1412 669 208 88 1985 2136 2137 2138 2139 1353 211 2494 1370 2132 541 209 2134 2135 1347 467 2133 69 377 156 1736 2220 2221 2472 95 1747 1349 49 378 613 2467 2468 2469 2470 646 1850 1884 718 2471 1992 2272 2466 2428 133 6 207 2208 299 526 2042 2087 2273 740 351 619 524 1561 2041 2571 1336 2164 304 2454 2035 2381 2382 375 129
1561 1561 1992 740 351 377 2220 2221 2472 378 2471 2272 156 2428 6 526 2273 619 1747 524 1349 2164 541 1736 2035 2381 2382 208 1370 646 2467 2468 2469 2470 1850 1884 718 1985 2136 2137 2138 2139 211 1353 2466 302 1699 292 1553 2132 2377 2378 2379
1613 1613 2370 673 2503 2369 2502 1550 1551 2365 2366 2364 625 294 235 2158 2160 301 1520 2159 2161 2162 358 1457 456 152 2072 2157 1923 746 2391 31 2182 190 686 486 487 293 547 2537 2416 2567 306 626 2455 2492 1847 402 628 2449 749 2080 2450 2451 2452 1640 257 376 627 1621 1620 614 2079 2081 295 288 1302 1997 550 2280 2281 2282 2283 2284 2285 2286 2287 2288 2289 2290 2291 2292 2293 2294 2295 2296 2297 2298 2299 2300 2301 2302 2303 2304 2305 2306 2307 2308 2309 2310 2311 2312 2313 2314 2315 2316 2317 2318 2319 2320 2321 2322 2323 2324 2325 2326 2327 2328 2329 2330 2331 2332 2333 2334 2335 2336 2337 2338 2339 2340 2341 2342 2343 2344 2345 2346 2347 2348 2349 2350 2351 2352 2353 2354 1329 599 1495 1895 153 151 2085 573 25 2256 104 141 1270 2171 1252 189 195 84 2087 606 2127 2155 2179 149 2445
1615 1615 1617 1931 1927
1617 1617 1615 1931 1927
1620 1620 25 1621 2182 1270 2449 293 752 514 190 746 1272 625 294 301 599 1520 2158 2160 2445 1457 358 673 2391 456 152 235 686 486 487 2503 306 2537 2159 2161 2162 2450 2451 2452 1640 1613 2502 2080 749 2072 2157 1923 2079 2081 295 614 288 1302 153 151
1621 1621 25 1620 2182 1270 2449 293 752 514 190 746 1272 625 294 301 599 1520 2158 2160 2445 1457 358 673 2391 456 152 235 686 486 487 2503 306 2537 2159 2161 2162 2450 2451 2452 1640 1613 2502 2080 749 2072 2157 1923 2079 2081 295 614 288 1302 153 151
1640 1640 686 2450 2451 2452 1457 294 2158 2160 2391 301 358 673 306 625 2182 456 152 235 486 487 2503 190 1520 2449 746 2537 1613 2502 2159 2161 2162 293 1621 1620 2080 749 189 2072 2157 1923 2079 2081 295 614 288 1302 25 1270 599 153 151
1645 1645 1646 165
1646 1646 1645 165
1647 1647 1295 631 1297 147
1648 1648 1649
1649 1649 1648
1655 1655 2443 2444
1656 1656 229 1712 1661 551 553 290 552 131 2548 231 132 230 295 130 2127 358 133 486 487 195 2454 2123 2126 2488 745 210
1661 1661 229 1656 2548 231 230 295 1712 2127 290 551 553 552 131 132 358 486 487 130 195 2123 2126
1685 1685 2207 2128 199
1694 1694 2481 2482
1699 1699 2163 236 2164 2471 526 377 2220 2221 2472 378 1992 2272 156 2428 6 524 2273 740 351 619 1747 1561 1349 1736 2035 2381 2382 541
1704 1704 150 614 149 152 2080 2075 2076 2078 2079 2081 2077 153 151 2085 2082 471 2083 625 155 294 235 2158 2160 2084 301 1520 2159 2161 2162 358 673 1457 456 2072 2157 1923 746 2391 154 2182 190 686 486 487 2503 293
1705 1705 137 2495 732 581 2387 573 2144 2388 2389 2390 2446 15 31 226 626 2455 2492 1847 402 628 2145 2146 2147 2148 2149 2150 2151 2152 2153 2154 257 2502 376 627 1495 1895 2171 1252
1706 1706 217 218 2438 2439 460
1712 1712 551 553 552 131 290 1656 132 130 229 1661 2548 231 230 133 295 2454 2488 745 210 160 539 2127 286 2133 259 110 1546 62 167
1715 1715 687 1118 189 704 2255 469 2004 2256 2254 2391 613 520 306 2208 2041 2040 2133 294
1730 1730 707
1731 1731 1732
1732 1732 1731
1734 1734 316 610 2190 2191 2192 140 116 115 2193 138 139
1736 1736 2467 2468 2469 2470 718 1850 1884 646 1370 2466 541 2571 377 156 31 2220 2221 2472 208 1747 1349 626 2455 2492 1847 402 628 378 2471 257 2502 376 627 211 1985 2136 2137 2138 2139 1353 1992 2272 1495 1895 2428 1553 573 6 526 2171 1252 2132 740 619 2273 351 524 1561 67 209 2134 2135 1494 1896 1890 2164 538 2446 15 2035 2381 2382 1347 467 2133 69 20 109 530 260 494 673 535 2434 302 49 720 137 292 1699
1742 1742 267 391 392 390
1744 1744 368 2209 1264 1351 371 2210 2211 2212 2213 2214
1747 1747 156 1349 541 377 2220 2221 2472 378 1736 2471 208 1992 2272 1370 2428 6 646 2467 2468 2469 2470 718 1850 1884 526 211 1353 1985 2136 2137 2138 2139 2273 740 351 619 524 1561 2466 2164 1553 2035 2381 2382 2132 209 2134 2135 2571 1347 467 2133 69 302 292 1699 31 2377 2378 2379
1837 1837 178 179 2087 143 748 2510 142 2513 2504 747 2507 225 1945 269 95 497 2511 2512 2505 2506 603 1336 90 96 2143 85 1950 2508 2142 2048 58 1939 458 207 299 93 287 2509 389 2218 2219 2132 2044 82 79 375 129 84 1957 2475 2045 2046 2266 2181 2083 60 80 144 547 83 721 456 94 2084 749 1515
1847 1847 31 626 2455 2492 402 628 376 257 2502 627 1495 1895 573 2171 1252 67 1896 1494 1890 538 2446 15 1736 20 109 530 260 494 673 535 718 646 2467 2468 2469 2470 1850 1884 49 720 137 1370 2466 1516 2503 541 536 732 2495 1705 110 605 1613 2571 2042 581 2243 2244 377 2387 648 156 161 393 2370 69 625
1850 1850 1736 2467 2468 2469 2470 718 1884 646 1370 2466 541 2571 377 156 31 2220 2221 2472 208 1747 1349 626 2455 2492 1847 402 628 378 2471 257 2502 376 627 211 1985 2136 2137 2138 2139 1353 1992 2272 1495 1895 2428 1553 573 6 526 2171 1252 2132 740 619 2273 351 524 1561 67 209 2134 2135 1494 1896 1890 2164 538 2446 15 2035 2381 2382 1347 467 2133 69 20 109 530 260
1851 1851 2177 23 386 2229 2230 2231 387 1243
1863 1863 1864
1864 1864 1863
1870 1870 315 2427
1871 1871 365 724 2479 2480
1882 1882 1883
1883 1883 1882
1884 1884 1736 2467 2468 2469 2470 718 1850 646 1370 2466 541 2571 377 156 31 2220 2221 2472 208 1747 1349 626 2455 2492 1847 402 628 378 2471 257 2502 376 627 211 1985 2136 2137 2138 2139 1353 1992 2272 1495 1895 2428 1553 573 6 526 2171 1252 2132 740 619 2273 351 524 1561 67 209 2134 2135 1494 1896 1890 2164 538 2446 15 2035 2381 2382 1347 467 2133 69 20 109 530 260
1887 1887 1888
1888 1888 1887
1890 1890 1895 1896 31 626 2455 2492 1847 402 628 257 2502 376 627 1495 573 2171 1252 67 1494 538 2446 15 1736 20 109 530 260 494 673 535 718 646 2467 2468 2469 2470 1850 1884 49 720 137 1370 2466 1516 2503 541 536
1895 1895 1896 1890 31 626 2455 2492 1847 402 628 257 2502 376 627 1495 573 2171 1252 67 1494 538 2446 15 1736 20 109 530 260 494 673 535 718 646 2467 2468 2469 2470 1850 1884 49 720 137 1370 2466 1516 2503 541 536 732 2495 1705 110 605 1613 2571 2042 581
1896 1896 1895 1890 31 626 2455 2492 1847 402 628 257 2502 376 627 1495 573 2171 1252 67 1494 538 2446 15 1736 20 109 530 260 494 673 535 718 646 2467 2468 2469 2470 1850 1884 49 720 137 1370 2466 1516 2503 541 536
1899 1899 1987
1900 1900 2493 304 1327 2406 2407 2408 2409 2410 2411 2412 2413 754 755 2267 104 2102 69 30 2096 2246 2097 2414 715 2132 49 209 2134 2135 2217 2095 1347 467 2133 2098 2099 2100 2101 2042 208
1901 1901 730 1902 1903 1978
1902 1902 730 1901 1903 1978
1903 1903 730 1901 1902 1978
1904 1904 2049
1923 1923 2567 235 2159 2161 2162 2072 2157 2158 2160 301 2416 358 673 625 456 152 294 486 487 2503 141 1520 2537 1613 2502 190 746 2080 749 1457 2071 320 2182 2079 2081 295 614 288 1302 2391 293 153 151 107 686 2085 2370 599 2449 195 84 2127 2155 2179 606 149 306 51 60 2450 2451 2452 1640 1621 1620 1704 58 150 79 2445 2548 2180 231 2123 2126 2075 2076 2078 128 25 101 73 2043 2083 1270 471 2218 2219
1927 1927 1615 1617 1931
1929 1929 2498 608 2499 2173 609
1930 1930 2001
1931 1931 1615 1617 1927
1933 1933 1934
1934 1934 1933
1939 1939 497 458 748 2513 269 225 178 2511 2512 1950 143 2510 179 1837 2143 2142 142 2087 2507 1945 2504 747
1945 1945 2510 2508 2504 747 2507 2505 2506 603 1336 90 2509 389 85 178 96 58 269 2048 225 2218 2219 179 1837 82 2511 2512 2044 287 93 143 748 1950 2087 95 79 84 2143 2475 2045 2046 142 2513 2142 2083 60 80 1957 83 2181 2266 144 721 207 299 497 456 2084 749 1515 2132 2047 94 1341 155 1248 375 129 1939 458 2537 126 228 154 388 471 151 639 288 1302 2067 2156 2500
1950 1950 269 2511 2512 748 2510 225 2513 2143 497 2142 143 2507 178 1945 1939 458 142 179 1837 58 2087 2504 747 2044 2505 2506 85 603 1336 90 2508 79 96 2218 2219 2475 2048 95 2083 60 80 2509 389 287 93
1953 1953 2528 756 162 2275 2276 1497 2355 70 259 110 2227 2228 2243 2244 2488 745 161 393 539 160 286 167 361 67 1546 62 632 133 260 109 530 1320 2454 494
1957 1957 228 2048 2156 81 500 2529 2530 2531 2532 2533 2534 2535 2536 1958 287 93 2086 95 96 1350 2124 2125 2181 2266 2504 747 1336 296 207 299 94 2087 2505 2506 2507 2132 195 90 603 1945 85 2508 375 129 388 2123 2126 178 2510 389 2509 2127 58 2238 2239 2218 2219 82 179 1837 2044 69 358 2045 2046 143 84 79
1958 1958 81 2529 2530 2531 2532 2533 2534 2535 2536 2086 1957 1350 228 2048 2156 500 287 93 95 96 2124 2125 2181 2266 2504 747
1966 1966 1100
1973 1973 2563 2564
1977 1977 2440 1531 1528
1978 1978 730 1901 1902 1903
1985 1985 208 2136 2137 2138 2139 1353 211 1553 1370 2132 541 209 2134 2135 1347 467 2133 69 377 156 2434 1736 2220 2221 2472 95 1747 1349 49 378 1355 1412 669 613 2467 2468 2469 2470 646 1850 1884 718 2471 88 1992 2272 2466 2428 133 6 207 2208 299 526 2042 2494 2087 2273 740 351 619 524 1561 2041 2571 1336 2164 304 2454 2035 2381 2382 375 129 2048 648 210 2488 745 130 2040
1987 1987 1899
1992 1992 740 351 1561 377 2220 2221 2472 378 2471 2272 156 2428 6 526 2273 619 1747 524 1349 2164 541 1736 2035 2381 2382 208 1370 646 2467 2468 2469 2470 1850 1884 718 1985 2136 2137 2138 2139 211 1353 2466 302 1699 292 1553 2132 2377 2378 2379 209 2134 2135 2571 2163 236 2380 1347 467 2133 480 69
1993 1993 1994 480 302 2377 2378 2379 292 6 2380 2035 2381 2382 605 494 377
1994 1994 1993 480 302 2377 2378 2379 292 6 2380 2035 2381 2382 605 494
1997 1997 547 550 2280 2281 2282 2283 2284 2285 2286 2287 2288 2289 2290 2291 2292 2293 2294 2295 2296 2297 2298 2299 2300 2301 2302 2303 2304 2305 2306 2307 2308 2309 2310 2311 2312 2313 2314 2315 2316 2317 2318 2319 2320 2321 2322 2323 2324 2325 2326 2327 2328 2329 2330 2331 2332 2333 2334 2335 2336 2337 2338 2339 2340 2341 2342 2343 2344 2345 2346 2347 2348 2349 2350 2351 2352 2353 2354 1329 2256 104 2087 613 673 2208 189 2503 2041 1613 2502 95 2255 469 178 2040 2133 2254
1998 1998 1999
1999 1999 1998
2001 2001 1930
2004 2004 704 1118 687 1715 189 2255 469 2256 2254 2391 613 520 306 2208
2007 2007 2580 185 2117 2119 2120 2121 2122 2118 210 196 194 183 496 364 195 2092 248 12 2123 2126 2124 2125 2127 11 133 296 500 2454 358 2488 745 130 295 539 160 486 487 286 228
2015 2015 2588 2589 2587 2590 2591 2592
2021 2021 594
2024 2024 2070
2025 2025 2026 2027
2026 2026 2025 2027
2027 2027 2025 2026
2029 2029 46
