6 6 2035 2381 2382 302 292 2377 2378 2379 2380 377 480 605 2220 2221 2472 378 1993 2471 494 2428 1992 2272 156 1994 526 2273 619 351 740 1747 524 1561 1349 2164 541 1736 208 1370 646 2467 2468 2469 2470 1850 1884 718 1985 2136 2137 2138 2139 1353 211 67 1699 2466 1553 109 530 260 2163 236 2571 2132 209 2134 2135
11 11 12 183 2092 248 185 2117 2119 2120 2121 2122 2007 2118 210 196 194 2580 496 364 195 2123 2126 2127
12 12 11 183 2092 248 185 2117 2119 2120 2121 2122 2007 2118 210 196 194 2580 496 364 195 2123 2126 2127 500 2124 2125 133 296
15 15 573 2446 137 2495 732 1705 31 581 626 2455 2492 1847 402 628 2387 257 2502 376 627 2144 2388 2389 2390 1495 1895 2171 1252 1896 1494 1890 538 67 109 530 260 20 1736 535 720 494 673 718 646 2467 2468 2469 2470 1850 1884 536 49 2503 1516 226 1370 2466 541 605 1613 2145 2146 2147 2148 2149 2150 2151 2152 2153 2154 2571
18 18 19 2036
19 19 18 2036
20 20 720 1516 1495 1494 466 684 2249 2568 2420 31 2180 2421 626 2455 2492 1847 402 628 464 465 2248 124 257 2502 376 627 1895 2171 1252 1302 573 1896 1890 538 2179 2446 15 67 621 109 530 260 1540 2359 2360 2361 2362 1736 535 494 673 718 646 2467 2468 2469 2470 1850 1884 536 49 2503 137
21 21 22
22 22 21
23 23 386 2229 2230 2231 2177 387 1243 1851
25 25 1621 1620 1270 752 2182 514 2449 1272 293 190 746 625 301 599 294 1520 2445 2158 2160 1457 2391 358 673 235 456 152 686 306 486 487 2503 2159 2161 2162 2537 2450 2451 2452 1640 1613 2502 2072 2157 1923 2080 749 2079 2081 614 288 1302 295 2416 2567
30 30 2414 715 2267 304 1327 2406 2407 2408 2409 2410 2411 2412 2413 754 755 2493 1900 104 2102 69 2096 2246 2097 2217 2132 49 2095 209 2134 2135
31 31 626 2455 2492 1847 402 628 257 2502 376 627 1495 1895 2171 1252 573 1896 1494 1890 538 2446 15 67 109 530 260 20 1736 535 720 494 673 718 646 2467 2468 2469 2470 1850 1884 536 49 2503 137 1516 1370 2466 732 2495 1705 541 605 1613 2571 110 2042 581 2243 2244 648 2370 2387 377 161 393 156 2144 625 69 2388 2389 2390 294 160 2220 2221 2472 167 466 361 1349 1747 235 2158 2160 208 1520 292 301 684 2249 2568
34 34 2039
43 43 2057 2058 128 107 141 2071 320 2072 51 73 2043 101 235
46 46 2029
49 49 2042 648 69 67 109 530 260 494 2132 209 2134 2135 1347 467 605 2133 110 2243 2244 208 31 304 161 393 95 1985 2136 2137 2138 2139 1353 211 626 2455 2492 1847 402 628 160 754 755 1327 2406 2407 2408 2409 2410 2411 2412 2413 167 2493 361 1370 613 1553 133 257 2502 376 627 292 1900 104 2267 541 1495 1895 2208 207 299 2454 2171 1252 2380 162 573 2102 2087 1494 1896 1890 375 129 2041 2275 2276 1497 745 130 210 2488 538 1336 2377 2378 2379 2446 15 539 2040 2048 30 259 2355 377 156 286 6 20 302 2096 2246 1736 2434
51 51 73 2043 101 141 2071 320 2072 107 128 43 235 2057 2058 2159 2161 2162 2157 1923 2158 2160 2416 2567 301
58 58 2044 79 2218 2219 2475 2083 60 80 721 144 84 2510 85 2084 1515 749 456 2508 1945 2507 1341 155 1248 2504 747 2505 2506 2537 2509 389 126 639 603 1336 90 471 82 2067 151 178 96 2500 288 1302 2045 2046 269 154 2048 1837 179 1517 225 2155 2179 606 2511 2512 1950 2066 2258 615 83 287 93 143 748 2087 95 2068 2069 2143 2047 142 625 2513 153 294 2180 2142 152 235 2158 2160 1957 2181 2266 1520 301 2159 2161 2162 207 299 2080 94 497 1521 2079 2081 1457 358 673 149 2132 614 375 129 2072 2157 1923 746 1939 458 2085 1247 1523 1525 2437 1317 2391
60 60 1341 749 639 84 79 58 456 2218 2219 2044 2537 85 2475 82 154 288 1302 2083 80 721 144 2045 2046 2258 615 2155 2179 606 2510 2084 1515 603 90 471 83 2508 1945 2507 155 1248 625 2504 747 294 2505 2506 2047 2180 235 2509 389 126 2158 2160 1336 1520 301 1521 2159 2161 2162 2067 151 178 96 2500 1457 358 673 269 1247 1523 1525 2437 1317 152 2072 2157 1923 2048 1837 179 746 1517 226 2391 225 190 2511 2512 486 487 2503 1950 2182 2066 287 93 2416 2567 293 143 686 748 153 2145 2146 2147 2148 2149 2150 2151 2152 2153 2154 2087 306 95 2449 2068 2069 1613 2502
62 62 286 1546 259 133 2488 745 2227 2228 539 2454 130 210 160 632 162 1320 132 2133 167 1497 2275 2276 110 2355 2243 2244 1953 70 393 161 756 2528 1347 467 185 361 613 1712 2117 2119 2120 2121 2122 69 209 2134 2135 2208 67 131 551 553 552 290 208
66 66 366 2460 2461 265 2176
67 67 109 530 260 494 49 605 110 2042 2243 2244 648 31 161 393 626 2455 2492 1847 402 628 69 160 167 361 257 2502 376 627 292 1495 1895 2171 1252 2380 162 573 1896 1494 1890 133 2132 2275 2276 1497 538 2377 2378 2379 2446 15 209 2134 2135 2133 2454 1347 467 2355 302 20 1736 745 130 1953 2488 210 70 535 259 6 720 673 539 718 646 2467 2468 2469 2470 1850 1884 756 2528 208 536 2227 2228 286 2035 2381 2382 480 2503 137 304 1516 1370 2466 211 1985 2136 2137 2138 2139 1353 132 95 1546 62 732 2495 1705 754 755 1327 2406 2407 2408 2409 2410 2411 2412 2413 541 613 1613
69 69 2132 49 209 2134 2135 1347 467 2133 2042 648 208 304 95 1985 2136 2137 2138 2139 1353 211 1327 2406 2407 2408 2409 2410 2411 2412 2413 754 755 67 2493 613 1553 1370 109 530 260 1900 2267 104 541 2208 207 299 494 133 2102 2087 375 129 2041 1336 2454 2040 2048 30 110 605 160 210 2488 745 130 377 156 2096 2246 2434 2414 715 539 2243 2244 1736 2220 2221 2472 189 2097 1747 1349 167 286 1355 1412 669 2467 2468 2469 2470 718 1850 1884 646 259 31 2255 469 393 161 2217 132 378 1546 62 93 1957 287 88 2095 632 2227 2228 2471 626 2455 2492 402 1847 628 361 2466 2428 2256 2254 178 96 747 2504
70 70 2355 162 2275 2276 1497 1953 756 2528 259 110 2227 2228 2243 2244 2488 745 161 393 539 160 167 286 361 1546 62 632 67 133 1320 260 109 530 2454 494
73 73 51 2043 101 141 2071 320 2072 107 128 43 235 2057 2058 2159 2161 2162 2157 1923 2158 2160 2416 2567
75 75 2417
79 79 84 58 2218 2219 2044 60 749 85 456 2475 82 154 1341 2083 80 2537 721 144 2045 2046 2258 615 639 2510 2084 1515 603 90 471 83 2508 1945 2507 155 1248 288 1302 2504 747 2505 2506 2047 2509 389 126 1336 2155 2179 606 1521 2067 151 178 96 2500 625 269 1247 1523 1525 2437 1317 294 2048 1837 179 2180 1517 226 235 2158 2160 225 2511 2512 1520 1950 2066 287 93 301 143 748 2145 2146 2147 2148 2149 2150 2151 2152 2153 2154 2159 2161 2162 95 152 2068 2069 2143 142 2087 1457 2513 358 673 153 2144 2072 2157 1923 2142 746 2391 1957 190 2181 2266 486 487 2503 2182
80 80 1515 1248 126 2067 2500 1517 2066 58 2068 2069 2044 79 2218 2219 2475 2083 60 721 144 84 2510 85 2084 749 456 2508 1945 2507 1341 155 2504 747 2505 2506 2537 2509 389 639 603 1336 90 471 82 151 178 96 288 1302 2045 2046 269 154 2048 1837 179 225 2155 2179 606 2511 2512 1950 2258 615 83 287 93 143 748 2087 95 2047
81 81 2529 2530 2531 2532 2533 2534 2535 2536 1958 2086 1957 1350 228 2156 2048 500 287 93 96 95 2124 2125 2181 2266 296 2504 747 94 1336 195 207 299
82 82 2045 2046 83 2047 603 90 84 79 2508 2218 2219 2504 747 85 2505 2506 60 2509 389 1336 1945 58 154 2507 749 96 456 2044 2258 615 1341 2510 2048 2537 178 639 287 93 2475 471 179 1837 95 2083 80 155 288 1302 721 144 2087 1521 1957 2084 1515 2181 2266 2155 2179 606 143 269 207 299 1247 1523 1525 2437 1317 225 94 151 1248 2511 2512 226 142 2132 1950 748 375 129 625 126 294
83 83 2047 82 2045 2046 603 90 84 79 2508 2218 2219 2504 747 85 2505 2506 60 2509 389 1336 1945 58 154 2507 749 96 456 2044 2258 615 1341 2510 2048 2537 178 639 287 93 2475 471 179 1837 95 2083 80 155 288 1302 721 144 2087 1521 1957 2084 1515 2181 2266
84 84 79 2218 2219 60 82 154 749 456 85 2045 2046 2258 615 58 1341 2537 2044 83 639 471 2047 603 90 288 1302 2475 155 2508 1521 2504 747 2083 80 2155 2179 606 2505 2506 1945 721 144 2509 389 2507 1247 1523 1525 2437 1317 1336 2510 2084 1515 226 151 625 96 294 2180 1248 2145 2146 2147 2148 2149 2150 2151 2152 2153 2154 235 2158 2160 1520 178 2048 301 126 2159 2161 2162 2144 287 93 1837 179 2067 1457 358 673 95 153 2500 2072 2157 1923 746 152 269 2391 190 143 486 487 2503 2182 1517 2416 2567 293 748 686 225 581 2087 1957 2511 2512 2181 2266 1950 306 2066 2080 142 2449 1613 2502 207 299 149
85 85 2218 2219 2508 2504 747 84 2505 2506 2509 389 58 603 1336 1945 90 79 2507 2044 96 60 82 2510 2048 178 2045 2046 749 2475 287 93 456 2083 80 179 1837 95 1341 154 83 721 144 2537 2084 1515 2087 639 2258 615 2047 1957 2181 2266 269 471 143 155 1248 207 299 225 94 2511 2512 288 1302 126 1950 142 2132 748 375 129 2155 606 2179 2143 2067 151 2513 2500 228 2142 388 1521 1517 625 2156 2238 2239 294 1247 1523 1525 2437 1317 2180 2066 235 2158 2160
88 88 2494 2434 1355 1412 669 1553 208 1985 2136 2137 2138 2139 1353 211 1370 2132 541 209 2134 2135 1347 467 2133 69
90 90 82 2045 2046 2508 603 2504 747 2505 2506 2509 389 83 1336 1945 85 2507 2047 96 2048 2218 2219 2510 84 58 178 287 93 79 2044 179 1837 95 2087 60 1957 2181 2266 2475 143 749 207 299 269 94 2083 80 456 225 144 721 142 2132 1341 748 2511 2512 375 129 154 1950 2084 1515 2537 639 2513 2143 2258 615 228 388 155 1248 2142 471 2156 2238 2239 126 288 1302 151 497
93 93 2266 94 96 2048 287 1957 2181 2504 747 95 1336 2505 2506 2507 603 1945 90 228 388 85 2508 207 299 2087 2156 2238 2239 178 2132 389 2509 2510 375 129 179 1837 58 2218 2219 82 81 2044 500 2045 2046 2529 2530 2531 2532 2533 2534 2535 2536 1958 84 143 79 83 2086 269 142 748 225 2475 2047 2511 2512 1350 2083 60 80 1950 69 2513 144 721 2124 2125 456 749 2084 1515
94 94 2266 93 96 2048 287 1957 2181 2504 747 95 1336 2505 2506 2507 603 1945 90 228 388 85 2508 207 299 2087 2156 2238 2239 178 2132 389 2509 2510 375 129 179 1837 58 2218 2219 82 81 2044 500 2045 2046 2529 2530 2531 2532 2533 2534 2535 2536 1958
95 95 207 299 2132 2087 375 129 1336 2048 93 1957 287 178 69 96 2504 747 179 1837 2505 2506 2508 603 1945 90 208 2266 2181 2507 85 2509 389 228 2510 209 2134 2135 143 1985 2136 2137 2138 2139 1353 211 94 49 1347 467 2133 2156 142 748 1553 1370 58 2218 2219 82 541 388 2513 2042 225 2044 81 2045 2046 269 547 2238 2239 2511 2512 648 500 84 2529 2530 2531 2532 2533 2534 2535 2536 1958 79 1950 1997 2280 2281 2282 2283 2284 2285 2286 2287 2288 2289 2290 2291 2292 2293 2294 2295 2296 2297 2298 2299 2300 2301 2302 2303 2304 2305 2306 2307 2308 2309 2310 2311 2312 2313 2314 2315 2316 2317 2318 2319 2320 2321 2322 2323 2324 2325 2326 2327 2328 2329 2330 2331 2332 2333 2334 2335 2336 2337 2338 2339 2340 2341 2342 2343 2344 2345 2346 2347 2348 2349 2350 2351 2352 2353 2354 550 1329 2143 104 304 613 83 497 2475 2142 377 2086 1327 2406 2407 2408 2409 2410 2411 2412 2413 754 755 67 156 2208 2047 2256 1939 458 2083 80 60 2434
96 96 287 93 2181 2266 2048 2504 747 94 2505 2506 2507 603 1336 1945 90 388 1957 85 2508 95 2238 2239 178 2510 389 2509 179 1837 58 2087 2218 2219 82 228 207 299 2044 2045 2046 2132 2156 375 129 84 143 79 83 269 142 748 225 2475 2047 2511 2512 81 2083 60 80 1950 2513 144 721 500 2143 2529 2530 2531 2532 2533 2534 2535 2536 1958 2084 1515 749 2142 456 2086 1341 155 1248 497 154 69 2537
99 99 100
100 100 99
101 101 51 73 2043 141 2071 320 2072 107 128 43 235 2057 2058 2159 2161 2162 2157 1923 2158 2160 2416 2567
104 104 304 1327 2406 2407 2408 2409 2410 2411 2412 2413 754 755 2493 1900 2267 2102 547 1997 2280 2281 2282 2283 2284 2285 2286 2287 2288 2289 2290 2291 2292 2293 2294 2295 2296 2297 2298 2299 2300 2301 2302 2303 2304 2305 2306 2307 2308 2309 2310 2311 2312 2313 2314 2315 2316 2317 2318 2319 2320 2321 2322 2323 2324 2325 2326 2327 2328 2329 2330 2331 2332 2333 2334 2335 2336 2337 2338 2339 2340 2341 2342 2343 2344 2345 2346 2347 2348 2349 2350 2351 2352 2353 2354 550 1329 69 30 2096 2246 2256 2414 715 2097 2087 2217 613 2132 49 2095 209 2134 2135 673 2133 2208 1347 467 2098 2099 2100 2101 2503 189 2041 95 2042 1613 2502 2255 469 2040 648 208
107 107 128 141 2071 320 43 2057 2058 2072 51 73 2043 101 235 2159 2161 2162 2157 1923 2158 2160 2416 2567 301 673 358 625 294 456 152 2503 486 487
109 109 67 530 260 494 49 605 110 2042 2243 2244 648 31 161 393 626 2455 2492 1847 402 628 69 160 167 361 257 2502 376 627 292 1495 1895 2171 1252 2380 162 573 1896 1494 1890 133 2132 2275 2276 1497 538 2377 2378 2379 2446 15 209 2134 2135 2133 2454 1347 467 2355 302 20 1736 745 130 1953 2488 210 70 535 259 6 720 673 539 718 646 2467 2468 2469 2470 1850 1884 756 2528 1370 536 2227 2228 208 286 2035 2381 2382 480 2503 137 304 541 1516
110 110 2243 2244 161 393 160 167 361 162 67 133 260 2275 2276 109 530 1497 2454 2355 494 1953 2488 745 130 210 49 70 259 539 756 2528 2227 2228 286 605 132 2042 2133 1546 62 632 648 31 1320 69 626 2455 2492 1847 402 628 257 2502 376 627 1347 467 292 185 209 2134 2135 613 1495 1895 2171 1252 2380 1712 2117 2119 2120 2121 2122 2132 573 2208 1896 1494 1890 208
115 115 116 2193 2190 2191 2192 140 610 138 1734 139 316
116 116 2193 115 2190 2191 2192 140 610 138 1734 139 316
124 124 464 2248 465 466 2249 2568 684 1516 2420 2180 2421 20 1302 720 2179 621 1495 2359 2360 2361 2362 1540 1494
126 126 2067 2066 80 2068 2069 1515 1248 2500 1517 58 2044 79 2218 2219 2475 2083 60 721 144 84 2510 85 2084 749 456 2508 1945 2507 1341 155 2504 747 2505 2506 2537 2509 389 639 603 1336 90 82 151
128 128 107 43 2057 2058 141 2071 320 2072 51 73 2043 101 235 2159 2161 2162 2157 1923 2158 2160 2416 2567 301
129 129 299 95 207 2132 2087 375 1336 2048 93 1957 287 178 69 96 2504 747 179 1837 2505 2506 2508 603 1945 90 208 2266 2181 2507 85 2509 389 228 2510 209 2134 2135 143 1985 2136 2137 2138 2139 1353 211 94 49 1347 467 2133 2156 142 748 1553 1370 58 2218 2219 82 541 388 2513
130 130 132 133 2454 1712 2488 745 210 131 551 553 552 290 160 539 286 1656 259 2133 1546 62 167 110 2227 2228 632 2243 2244 1320 229 393 161 1347 467 185 1661 361 613 209 2134 2135 2117 2119 2120 2121 2122 69 2208 67 162 2548 231 2007 2118 196 194 2041 230 1497 260 109 530 2275 2276 49 208 2132 2580 496 364 2040 183 494 2355 1985 2136 2137 2138 2139 1353 211 295
131 131 1712 551 553 552 290 1656 132 130 229 1661 2548 231 230 133 295 2454 2488 745 210 2127 539 160 286 259 2133 110 1546 62
132 132 130 1712 131 551 553 552 290 1656 133 2454 2488 745 210 160 229 539 286 1661 259 2133 1546 62 167 110 2227 2228 632 2548 231 2243 2244 1320 230 393 161 295 1347 467 185 361 613 2117 2119 2120 2121 2122 69 209 2134 2135 2208 67 162 2127 208 2007 2118 196 194
133 133 2454 2488 745 130 210 160 539 286 259 132 2133 1546 62 167 110 2227 2228 632 2243 2244 1320 393 161 1347 467 185 361 613 209 2134 2135 1712 2117 2119 2120 2121 2122 69 2208 67 162 131 551 553 552 290 2007 2118 196 194 2041 1497 260 109 530 2275 2276 49 208 2132 2580 1656 496 364 2040 183 494 2355 1985 2136 2137 2138 2139 1353 211 2092 248 1953 70 2042 1553 1370 189 195 756 2528 12 541 648 605 2255 469 2123 2126
135 135 2056
136 136 2203 2204
137 137 2495 1705 732 581 2387 573 2144 2388 2389 2390 2446 15 31 226 626 2455 2492 1847 402 628 2145 2146 2147 2148 2149 2150 2151 2152 2153 2154 257 2502 376 627 1495 1895 2171 1252 1896 1494 1890 538 154 67 615 2258 109 530 260 20
138 138 139 140 2190 2191 2192 610 116 2193 115 1734 316
139 139 138 140 2190 2191 2192 610 116 2193 115 1734 316
140 140 138 139 2190 2191 2192 610 116 2193 115 1734 316
141 141 2071 320 2072 107 51 128 73 2043 101 43 235 2057 2058 2159 2161 2162 2157 1923 2158 2160 2416 2567 301 673 358 625 294 456 152 2503 486 487 1520 2537 1613 2502 190 746 1457 2080 749
142 142 143 225 178 179 1837 2143 2142 2511 2512 748 2510 269 2087 2513 1950 2507 497 1945 2504 747 1939 458 95 2505 2506 58 603 1336 90 96 2508 85 2048 2044 2509 389 207 299 2218 2219 93 287 2132 79 375 129 82 2475 60 84
143 143 142 225 178 179 1837 2143 2142 2511 2512 748 2510 269 2087 2513 1950 2507 497 1945 2504 747 1939 458 95 2505 2506 58 603 1336 90 96 2508 85 2048 2044 2509 389 207 299 2218 2219 93 287 2132 79 375 129 82 2475 84 2083 60 80 144 2045 2046 1957 721 2266 2181
144 144 2475 721 58 2044 79 2218 2219 2083 60 80 84 2510 85 2084 1515 749 456 2508 1945 2507 1341 155 1248 2504 747 2505 2506 2537 2509 389 126 639 603 1336 90 471 82 2067 151 178 96 2500 288 1302 2045 2046 269 1837 154 2048 179 1517 225 2155 2179 606 2511 2512 1950 2066 143 2258 615 83 287 93 748
145 145 2073 2074
147 147 1297 1295 631 1647
149 149 2075 2076 2078 2077 2080 150 2079 2081 614 1704 2082 2085 153 151 152 471 2083 155 2084 625 294 235 2158 2160 1520 301 154 2159 2161 2162 2258 615 1457 358 673 2072 2157 1923 456 746 2391 190 486 487 2503 2182 58 2416 2567 293 2537 686 306 2449 2044 1613 2502 2450 2451 2452 1640
150 150 1704 614 149 2075 2076 2078 2077 2080 152 2079 2081 2082 153 2085 151 471 2083 155 2084 625 294 235 2158 2160 1520 301 2159 2161 2162 1457 358 673 154 2072 2157 1923 746 456 2391 190 486 487 2503 2182 2258 615 2416 2567 293 686 2537
151 151 471 153 2083 155 2084 152 2085 149 2080 2079 2081 614 2075 2076 2078 154 1704 150 2077 2258 615 2082 58 625 294 2044 235 2158 2160 84 1520 301 1521 79 2159 2161 2162 456 2218 2219 2475 1457 358 673 1247 1523 1525 2437 1317 2072 2157 1923 60 80 746 226 749 2537 2391 721 144 190 486 487 2503 2182 2510 2416 2567 293 85 686 1515 2145 2146 2147 2148 2149 2150 2151 2152 2153 2154 306 2449 1613 2502 2450 2451 2452 1640 2508 288 1302 1945 2507 1341 1248 2144 82 2504 747 603 90 2505 2506 599 1621 1620 2509 389 126 295
152 152 2080 2079 2081 614 2085 153 151 149 1704 150 625 2075 2076 2078 294 235 2158 2160 1520 471 2077 301 2159 2161 2162 2083 155 2082 1457 358 673 2084 2072 2157 1923 746 456 2391 190 486 487 2503 2182 2416 2567 293 686 2537 306 2449 1613 2502 2450 2451 2452 1640 749 154 599 1621 1620 288 1302 295 2258 615 25 2445 58 141 2370 2155 2179 606 1270 2127 60 2044 79 195 84 2071 320 189 752 2218 2219 2123 2126 469 2255 2180 2548 231 107 514 1341 230
153 153 2085 151 2079 2081 152 149 2080 614 2075 2076 2078 471 2083 155 1704 150 2077 2084 2082 625 294 235 2158 2160 154 1520 301 2159 2161 2162 2258 615 1457 358 673 456 2072 2157 1923 746 58 2391 190 486 487 2503 2182 2537 2416 2567 293 686 2044 306 84 2449 1613 2502 2450 2451 2452 1640 60 749 1521 79 599 1621 1620 288 1302 295 2218 2219 2475 1247 1523 1525 2437 1317
154 154 2258 615 471 1521 84 155 1247 1523 1525 2437 1317 226 2145 2146 2147 2148 2149 2150 2151 2152 2153 2154 79 151 2083 2218 2219 2144 60 2084 82 749 456 85 2045 2046 58 581 153 1341 2537 2044 83 639 152 2047 2085 603 90 2080 149 288 1302 2475 2508 2079 2081 614 2075 2076 2078 2504 747 80 2155 2179 606 2505 2506 1945 721 144 2509 389 2507 1704 1336 2510 137 1515 150 2077 235 625 2495 1705 732 96 294 2082 2158 2160
155 155 471 2083 2084 151 154 2258 615 153 58 152 2044 2085 84 149 2080 1521 79 2079 2081 614 2075 2076 2078 2218 2219 2475 1247 1523 1525 2437 1317 60 80 226 1704 150 2077 721 144 2510 85 1515 2145 2146 2147 2148 2149 2150 2151 2152 2153 2154 749 2082 456 82 2508 1945 2507 1341 1248 2144 2504 747 625 2505 2506 294 2537 2045 2046 2509 389 126 235 2158 2160 639 603 1336 90 1520 301 2067 2159 2161 2162 83 178 96 2500 581 288 1302 1457 358 269 673
156 156 1747 1349 541 377 2220 2221 2472 378 1736 2471 2428 208 1370 1992 2272 646 2467 2468 2469 2470 718 1850 1884 526 211 1353 1985 2136 2137 2138 2139 6 2273 619 351 740 524 1561 2466 2164 1553 2035 2381 2382 2571 2132 209 2134 2135 1347 467 2133 69 1699 302 292 2163 236 31 2377 2378 2379 2434 2380 626 2455 2492 402 1847 628 1355 1412 669 95 480 49 605
160 160 167 393 110 133 2243 2244 2454 161 2488 745 130 210 361 539 286 259 132 2133 67 162 1546 62 2227 2228 632 260 109 530 1497 2275 2276 1320 494 2355 49 1953 70 1347 467 185 613 756 2528 69 605 209 2134 2135 1712 2117 2119 2120 2121 2122 2208 2042 131 551 553 552 290 2007 2118 196 194 2041 648 2132 31 208 2580 1656 496 364 2040 183 626 2455 2492 402 1847 628 1985 2136 2137 2138 2139 1353 211
161 161 361 110 2243 2244 393 160 167 162 67 133 260 2275 2276 109 530 1497 2454 2355 494 1953 2488 745 130 210 49 70 259 539 756 2528 2227 2228 286 605 132 2042 2133 1546 62 632 648 31 1320 69 626 2455 2492 402 1847 628
162 162 2275 2276 1497 2355 1953 70 756 2528 259 110 2227 2228 2243 2244 2488 745 161 393 539 160 167 286 361 1546 62 632 67 133 1320 260 109 530 2454 494 49 130 210 605 2042 132 2133
163 163 2232 2233 2234 2235 2236 2237
165 165 1645 1646
166 166 2453
167 167 393 160 110 2243 2244 133 161 2454 361 2488 745 130 210 162 67 539 286 259 260 2275 2276 1497 109 530 132 2133 1546 62 2227 2228 2355 494 632 1953 49 70 1320 756 2528 605 2042 1347 467 69 185 613 648 209 2134 2135 1712 2117 2119 2120 2121 2122 31 2208 131 551 553 552 290 626 2455 2492 402 1847 208 628
172 172 266 2569 2570
174 174 470 2257
178 178 179 1837 2087 143 142 748 2510 2513 2507 225 2504 747 1945 269 2511 2512 95 497 2505 2506 2143 1950 603 1336 90 96 1939 458 2142 2508 85 2048 58 207 299 2509 389 93 287 2044 2132 2218 2219 375 129 82 79 84 2045 2046 1957 2266 2181 2475 2083 60 80 144 94 721 83 547 2084 1515 749 2047 456 1997 2280 2281 2282 2283 2284 2285 2286 2287 2288 2289 2290 2291 2292 2293 2294 2295 2296 2297 2298 2299 2300 2301 2302 2303 2304 2305 2306 2307 2308 2309 2310 2311 2312 2313 2314 2315 2316 2317 2318 2319 2320 2321 2322 2323 2324 2325 2326 2327 2328 2329 2330 2331 2332 2333 2334 2335 2336 2337 2338 2339 2340 2341 2342 2343 2344 2345 2346 2347 2348 2349 2350 2351 2352 2353 2354 550 1329 1341 155 1248 69 228 388 2537
179 179 178 1837 2087 143 142 748 2510 2513 2507 225 2504 747 1945 269 2511 2512 95 497 2505 2506 2143 1950 603 1336 90 96 1939 458 2142 2508 85 2048 58 207 299 2509 389 93 287 2044 2132 2218 2219 375 129 82 79 84 2045 2046 1957 2266 2181 2475 2083 60 80 144 94 721 83 547 2084 1515 749 2047 456 1997 2280 2281 2282 2283 2284 2285 2286 2287 2288 2289 2290 2291 2292 2293 2294 2295 2296 2297 2298 2299 2300 2301 2302 2303 2304 2305 2306 2307 2308 2309 2310 2311 2312 2313 2314 2315 2316 2317 2318 2319 2320 2321 2322 2323 2324 2325 2326 2327 2328 2329 2330 2331 2332 2333 2334 2335 2336 2337 2338 2339 2340 2341 2342 2343 2344 2345 2346 2347 2348 2349 2350 2351 2352 2353 2354 550 1329
180 180 181
181 181 180
183 183 2092 248 12 11 185 2117 2119 2120 2121 2122 2007 2118 210 196 194 2580 496 364 195 2123 2126 2124 2125 2127 133 296 2454 500 2488 745 130 358 295 539 160
185 185 2117 2119 2120 2121 2122 2007 2118 210 196 194 2580 496 364 183 2092 248 195 12 2123 2126 11 2124 2125 2127 133 296 2454 500 2488 745 130 358 295 160 539 486 487 286 228 259 132 2133 1546 62 167 110 2156 632 2227 2228 393 231 2548 2243 2244 1320 230
189 189 2255 469 2256 2254 2391 687 520 1715 306 613 2208 1118 2041 2040 704 2004 2133 294 1457 547 2158 2160 1347 467 301 686 1997 2280 2281 2282 2283 2284 2285 2286 2287 2288 2289 2290 2291 2292 2293 2294 2295 2296 2297 2298 2299 2300 2301 2302 2303 2304 2305 2306 2307 2308 2309 2310 2311 2312 2313 2314 2315 2316 2317 2318 2319 2320 2321 2322 2323 2324 2325 2326 2327 2328 2329 2330 2331 2332 2333 2334 2335 2336 2337 2338 2339 2340 2341 2342 2343 2344 2345 2346 2347 2348 2349 2350 2351 2352 2353 2354 550 1329 673 209 2134 2135 69 2450 2451 2452 1640 358 625 2182 104 2503 133 456 152 235 486 487 1520 2087 2449 190 2454 293 2537 208 1613 2502 2159 2161 2162 2132 746
190 190 599 746 2445 301 293 2182 2449 625 1621 1620 1520 25 2158 2160 294 1270 752 235 358 673 1457 456 152 2159 2161 2162 514 486 487 2503 2391 2537 1272 2072 2157 1923 686 306 1613 2502 2080 749 2416 2567 2450 2451 2452 1640 2079 2081 614 288 1302 295 2085 153 151 2370 2155 2179 606 2127 149 195 84 60 1704 141 189 150 2075 2076 2078 2123 2126 79 2180 2548 231 58
194 194 364 196 185 2117 2119 2120 2121 2122 2007 2118 210 2580 496 183 2092 248 195 12 2123 2126 11 2124 2125 2127 133 296 2454 500 2488 745 130 358 295 539 160 486 487 286
195 195 2123 2126 2124 2125 2127 296 500 358 295 486 487 185 228 2117 2119 2120 2121 2122 2156 231 2548 196 2007 2118 210 194 230 2580 496 364 183 1957 229 625 2092 248 294 235 2158 2160 1661 1520 301 12 2159 2161 2162 1656 11 1457 673 2072 2157 1923 746 456 152 2391 190 133 2503 2182 2048 2416 2567 293 686 2537 306 2454 2449 1613 2502
196 196 194 364 185 2117 2119 2120 2121 2122 2007 2118 210 2580 496 183 2092 248 195 12 2123 2126 11 2124 2125 2127 133 296 2454 500 2488 745 130 358 295 539 160 486 487 286 228 259 132 2133 110
199 199 2128 1685 2207
207 207 375 95 299 2132 2087 129 1336 2048 93 1957 287 178 69 96 2504 747 179 1837 2505 2506 2508 603 1945 90 208 2266 2181 2507 85 2509 389 228 2510 209 2134 2135 143 1985 2136 2137 2138 2139 1353 211 94 49 1347 467 2133 2156 142 748 1553 1370 58 2218 2219 82 541 388 2513 2042 225 2044 81 2045 2046 269 547 2238 2239 2511 2512
208 208 1985 2136 2137 2138 2139 1353 211 1553 1370 2132 541 209 2134 2135 1347 467 2133 69 377 156 2434 2220 2221 2472 1736 1747 1349 1355 1412 669 95 49 2467 2468 2469 2470 646 718 1850 1884 378 88 613 2471 2428 2466 1992 2272 2494 2208 207 299 526 2042 2571 133 6 2273 619 351 740 524 1561 2087 375 129 2041 648 2164 1336 2454 2035 2381 2382 304 2040 2048 67 210 2488 745 130 1327 2406 2407 2408 2409 2410 2411 2412 2413 754 755 2493 539 160 260 109 530 189 31 1900 2267 104 286 110
209 209 1347 467 2134 2135 69 2133 208 2132 1985 2136 2137 2138 2139 1353 211 49 1553 1370 613 541 2042 2208 648 133 95 304 2041 2454 377 1327 2406 2407 2408 2409 2410 2411 2412 2413 754 755 67 156 2040 2434 2493 210 2488 745 130 2220 2221 2472 1736 207 299 109 530 260 1747 1349 160 1900 2267 104 1355 1412 669 539 2087 189 2467 2468 2469 2470 646 1850 1884 718 375 129 378 286 494 1336 88 2102 110 259 2255 469 2471 132 2428 2466 1546 62 2048 167 1992 2272 2494 393 2243 2244 632 2227 2228 526 2256 2254 2571 30 6
210 210 133 185 2454 2117 2119 2120 2121 2122 2488 745 130 2007 2118 196 194 160 539 286 2580 496 364 183 259 132 2133 1546 62 167 2092 248 110 2227 2228 632 195 2243 2244 12 1320 2123 2126 11 393 161 2124 2125 2127 1347 467 361 613 296 209 2134 2135 1712 69 500 2208 67 162 131 551 553 552 290 358 2041 1497 260 295 109 530 2275 2276 49 208 2132 1656 486 487 2040 494 2355 1985 2136 2137 2138 2139 1353 211 228
211 211 208 1985 2136 2137 2138 2139 1353 1553 1370 541 2132 209 2134 2135 1347 467 2133 69 377 156 2434 2220 2221 2472 1736 1349 1747 1355 1412 669 95 49 2467 2468 2469 2470 646 1850 1884 718 378 88 613 2471 2428 2466 1992 2272 2494 2208 207 299 526 2042 2571 133 6 2273 619 351 740 524 1561 2087 375 129 2041 648 2164 1336 2454 2035 2381 2382 304 2040 2048 210 2488 745 130 1327 2406 2407 2408 2409 2410 2411 2412 2413 754 755 67
212 212 213 214 216 2140 2141
213 213 212 214 216 2140 2141
214 214 212 213 216 2140 2141
216 216 212 213 214 2140 2141
217 217 2438 2439 218 1706 460
218 218 217 2438 2439 1706 460
223 223 224
224 224 223
226 226 2145 2146 2147 2148 2149 2150 2151 2152 2153 2154 2144 581 154 2258 615 471 137 1521 84 155 2495 1705 732 1247 1523 1525 2437 1317 79 151 2218 2219 2083 2387 573 60 2084 2388 2389 2390 2446 15 82
228 228 2156 1957 500 2124 2125 296 2048 81 195 2529 2530 2531 2532 2533 2534 2535 2536 1958 2123 2126 287 93 2086 2127 96 95 1350 2181 2266 2504 747 94 358 1336 295 207 299 2087 486 487 2505 2506 2507 2132 185 375 129 90 603 1945 388 85 2117 2119 2120 2121 2122 2508 2238 2239 178 231 389 2509 2548 196 2007 2118 210 194 2510 230 58
229 229 1661 1656 2548 231 230 295 1712 2127 290 551 553 552 131 132 358 486 487 130 195 2123 2126 2124 2125 296 625 500 294 235 2158 2160 1520 301 2159 2161 2162
230 230 2548 231 295 229 1661 2127 1656 358 486 487 195 1712 2123 2126 290 551 553 552 131 2124 2125 132 296 625 500 294 235 2158 2160 1520 130 301 2159 2161 2162 1457 673 185 2072 2157 1923 228 746 456 152
231 231 230 2548 295 229 1661 2127 1656 358 486 487 195 1712 2123 2126 290 551 553 552 131 2124 2125 132 296 625 500 294 235 2158 2160 1520 130 301 2159 2161 2162 1457 673 185 2072 2157 1923 228 746 456 152 2391 190 2503 2117 2119 2120 2121 2122 2182
233 233 234
234 234 233
235 235 2159 2161 2162 2072 2157 1923 2158 2160 2416 2567 301 358 673 625 294 456 152 486 487 2503 1520 141 2537 1613 2502 190 746 2071 320 1457 2080 749 2182 293 2391 2079 2081 614 288 1302 295 107 2085 153 151 686 2449 2370 306 2155 2179 606 599 2127 51 149 2450 2451 2452 1640 195 84 60 1621 1620 2445 1704 128 150 101 73 2043 2075 2076 2078 2123 2126 25 79 2180 2548 231 58 1270 2083 471 230 2218 2219 2077 2124 2125 1341 155 2044 752 2084 189 296 2082 2369 229 639 31 43 154 500 514 469 2255 1550 1551 1661
236 236 1699 2163 2164 2471 526 377 2220 2221 2472 378 2428 1992 2272 156 6 524 2273 619 351 740 1747 1561 1349 2035 2381 2382
237 237 562 2363 561
238 238 2168 2169
239 239 2577
246 246 2396
248 248 183 2092 12 11 185 2117 2119 2120 2121 2122 2007 2118 210 196 194 2580 496 364 195 2123 2126 2124 2125 2127 133 296 2454 500
255 255 2170
257 257 2171 31 626 2455 2492 1847 402 628 2502 376 627 1495 1895 1252 573 1896 1494 1890 538 2446 15 67 109 530 260 20 1736 535 720 494 673 718 646 2467 2468 2469 2470 1850 1884 536 49 2503 137 1516 1370 2466 732 2495 1705 541 605 1613 2571 110 2042 581 2243 2244 648 2370 2387
259 259 2227 2228 2488 745 539 286 1546 62 162 133 632 1497 2275 2276 2454 1320 2355 130 210 160 1953 70 110 756 2528 167 2243 2244 132 2133 393 161 361 1347 467 67 185 613 260 109 530 1712 2117 2119 2120 2121 2122 69 209 2134 2135 2208 49 131 551 553 552 290 494 208 2007 2118 196 194 2041
260 260 67 109 530 494 49 605 110 2042 2243 2244 648 31 161 393 626 2455 2492 1847 402 628 69 160 167 361 257 2502 376 627 292 1495 1895 2171 1252 2380 162 573 1896 1494 1890 133 2132 2275 2276 1497 538 2377 2378 2379 2446 15 209 2134 2135 2133 2454 1347 467 2355 302 20 1736 745 130 1953 2488 210 70 535 259 6 720 673 539 718 646 2467 2468 2469 2470 1850 1884 756 2528 1370 536 2227 2228 208 286 2035 2381 2382 480 2503 137 304 541 1516
265 265 2176 2460 2461 66 366
266 266 172 2569 2570
267 267 1742 391 392 390
269 269 1950 2511 2512 748 2510 225 2513 2143 2142 143 497 2507 178 142 1945 1939 458 179 1837 58 2087 2504 747 2044 2505 2506 85 603 1336 90 79 96 2508 2218 2219 2475 2048 95 2509 389 2083 60 80 144 287 93 721 84 82 2084 1515 749 2045 2046 456 207 299 1341 155 1248
286 286 1546 62 259 133 2488 745 2227 2228 539 2454 130 210 160 632 162 1320 132 2133 167 1497 2275 2276 110 2355 2243 2244 1953 70 393 161 756 2528 1347 467 185 361 613 209 2134 2135 1712 2117 2119 2120 2121 2122 69 2208 67 131 551 553 552 290 2007 2118 196 194 2041 260 109 530 49 208 2132
287 287 2181 96 2048 388 93 2238 2239 1957 2266 2504 747 94 95 1336 2505 2506 2507 603 1945 90 228 85 2508 207 299 2087 2156 178 2132 389 2509 2510 375 129 179 1837 58 2218 2219 82 81 2044 500 2045 2046 2529 2530 2531 2532 2533 2534 2535 2536 1958 84 143 79 83 2086 269 142 748 225 2475 2047 2511 2512 1350 2083 60 80 1950 69 2513 144 721 2124 2125 456 749 2084 1515
288 288 2155 606 456 2537 749 1302 2179 84 60 625 294 79 2180 235 58 2158 2160 1520 2218 2219 301 1341 2159 2161 2162 2044 1457 639 358 673 2072 2157 1923 746 152 2391 85 190 486 487 2503 2182 2475 82 154 2416 2567 293 686 2083 80 306 2449 721 144 2045 2046 2258 615 1613 2502 621 2450 2451 2452 1640 2510 2084 1515 466 2080 471 599 151 603 90 1621 1620 83 2359 2360 2361 2362 1540 2079 2081 614 295 2508 2249 2568 684 1945 2507 155 1248 2504 747 2445 2085 153
290 290 1712 551 553 552 131 1656 132 130 229 1661 2548 231 230 133 295 2454 2488 745 210 2127 539 160 286 259 2133 110 1546 62
292 292 2380 2377 2378 2379 605 302 494 6 2035 2381 2382 480 1993 1994 67 109 530 260 377 2220 2221 2472 49 378 2471 2428 1992 2272 156 526 110 2042 1349 2273 619 351 740 1747 524 1561 2243 2244 648 2164 31
293 293 746 2182 190 2449 1621 1620 625 599 25 301 1270 1520 2445 752 2158 2160 514 294 1272 358 673 235 456 152 486 487 2503 1457 2159 2161 2162 2537 2391 1613 2502 2072 2157 1923 686 2080 749 306 2416 2567 2079 2081 614 288 1302 2450 2451 2452 1640 295 2085 153 151 2370 2155 2179 606 2127 149 195 84 60 1704 150 2075 2076 2078
294 294 1457 2158 2160 2391 301 686 306 2450 2451 2452 1640 358 673 625 2182 456 152 235 486 487 2503 1520 2449 190 746 2537 2159 2161 2162 1613 2502 293 1621 1620 2080 749 189 2072 2157 1923 25 2079 2081 614 288 1302 295 599 1270 469 2255 2416 2567 2085 153 151 2370 2155 2179 606 2445 2127 752 149 2256 2254 195 84 60 1704 687 150 514 2075 2076 2078 520 2123 2126 79 2180 2548 231 58 471 1715 613 2083 1272 141 230 2218 2219 2077 2124 2125 1341 155 2044 2208 2084 2071 320 1118 296 2082 2369 229 639 31 500 2041 107 1550 1551 1661 626 2455 2492 402 1847 628 2475 85 154 82
295 295 2127 2548 231 230 358 229 486 487 1661 195 1656 2123 2126 2124 2125 296 625 500 294 235 2158 2160 1520 301 1712 2159 2161 2162 1457 673 185 290 551 553 552 131 2072 2157 1923 746 456 152 228 2391 190 2503 2117 2119 2120 2121 2122 2182 132 2416 2567 293 686 2537 2156 306 2449 1613 2502 196 2007 2118 210 194 2450 2451 2452 1640 2080 749 599 496 2580 364 1621 1620 130 2079 2081 614 288 1302 1957 183
296 296 2124 2125 500 195 2123 2126 228 2127 2156 358 1957 295 486 487 185 2117 2119 2120 2121 2122 231 2548 196 2007 2118 210 194 230 496 2580 364 2048 183 229 625 2092 248 294 81 235 2158 2160 1661 1520 301 12 2529 2530 2531 2532 2533 2534 2535 2536 1958 2159 2161 2162
298 298 540 2274 1396
299 299 129 95 207 2132 2087 375 1336 2048 93 1957 287 178 69 96 2504 747 179 1837 2505 2506 2508 603 1945 90 208 2266 2181 2507 85 2509 389 228 2510 209 2134 2135 143 1985 2136 2137 2138 2139 1353 211 94 49 1347 467 2133 2156 142 748 1553 1370 58 2218 2219 82 541 388 2513 2042 225 2044 81 2045 2046 269 547 2238 2239 2511 2512
301 301 190 625 746 599 294 235 2158 2160 1520 2445 293 2159 2161 2162 2182 1457 358 673 2449 2072 2157 1923 456 152 2391 486 487 2503 2416 2567 1621 1620 686 2537 306 1613 2502 25 2450 2451 2452 1640 2080 749 1270 2079 2081 614 288 1302 295 752 2085 153 151 141 2370 2155 2179 606 2127 514 149 195 84 60 2071 320 189 1704 150 1272 2075 2076 2078 2123 2126 79 469 2255 2180 2548 231 107 58 2083 471 230 2218 2219 2077 1341 500 155 2044 2256 2254 2124 2125 51 2084 296 2082 2369 687 229 639 31 520 128 154
302 302 2377 2378 2379 480 292 1993 6 2380 1994 2035 2381 2382 605 494 377 2220 2221 2472 378 67 2471 2428 1992 2272 156 109 530 260 526 1349 2273 619 351 740 1747 524 1561 2164 49 541 1736
304 304 1327 2406 2407 2408 2409 2410 2411 2412 2413 754 755 2493 1900 2267 104 2102 69 30 2096 2246 2414 715 2097 2217 2132 49 2095 209 2134 2135 1347 467 2098 2099 2100 2101 2133 2042 648 208 95 1985 2136 2137 2138 2139 1353 211 67 547 613 1553 1370 109 530 260 550 1997 2280 2281 2282 2283 2284 2285 2286 2287 2288 2289 2290 2291 2292 2293 2294 2295 2296 2297 2298 2299 2300 2301 2302 2303 2304 2305 2306 2307 2308 2309 2310 2311 2312 2313 2314 2315 2316 2317 2318 2319 2320 2321 2322 2323 2324 2325 2326 2327 2328 2329 2330 2331 2332 2333 2334 2335 2336 2337 2338 2339 2340 2341 2342 2343 2344 2345 2346 2347 2348 2349 2350 2351 2352 2353 2354 1329
306 306 2391 189 2255 469 294 2256 2254 687 520 1457 1715 2158 2160 613 301 686 2208 1118 2450 2451 2452 1640 673 358 625 2182 2041 456 152 235 2503 486 487 1520 2449 190 2040 746 2537 704 2159 2161 2162 1613 2502 293 1621 1620 2004 2133 2080 749 2072 2157 1923 25 2079 2081 614 288 1302 295 599 1270 2416 2567 2085 153 151 2370 2155 2179 606 2445 2127 752 149 195 84 547 60 1704
315 315 1870 2427
316 316 1734 610 2190 2191 2192 140 116 2193 115 138 139
320 320 141 2071 2072 107 51 128 73 2043 101 43 235 2057 2058 2159 2161 2162 2157 1923 2158 2160 2416 2567 301 673 358 625 294 456 152 2503 486 487 1520 2537 1613 2502
322 322 2525 2523 2524
351 351 1992 740 1561 377 2220 2221 2472 378 2471 2428 2272 156 526 6 2273 619 1747 524 1349 2164 2035 2381 2382 541 1736 208 1370 646 2467 2468 2469 2470 1850 1884 718 1985 2136 2137 2138 2139 1353 211 1699 2466 302 1553 292 2163 236 2377 2378 2379 2571 2132 2380
358 358 486 487 295 2127 195 625 294 235 2158 2160 2123 2126 2548 231 1520 301 230 2159 2161 2162 2124 2125 1457 673 296 2072 2157 1923 229 746 456 152 2391 500 190 2503 2182 2416 2567 293 686 1661 2537 306 2449 1613 2502 2450 2451 2452 1640 1656 2080 749 599 185 1621 1620 2079 2081 614 288 1302 228 25 2445 2085 153 151 2117 2119 2120 2121 2122 141 2370 2155 2179 606 1270 2156 149 84 60 2071 320 196 2007 2118 210 194 189 752 1704 150 2075 2076 2078 496 2580 79 364 469 2255 2180 107 58 1957 183 514 2083 471 2218 2219 2077 1712 1341 155
361 361 161 110 2243 2244 393 160 167 162 67 133 260 2275 2276 109 530 1497 2454 2355 494 1953 2488 745 130 210 49 70 259 539 756 2528 2227 2228 286 605 132 2042 2133 1546 62 632 648 31 1320 69
362 362 612 363
363 363 362 612
364 364 194 196 185 2117 2119 2120 2121 2122 2007 2118 210 2580 496 183 2092 248 195 12 2123 2126 11 2124 2125 2127 133 296 2454 500 2488 745 130 358 295
365 365 1871 724 2479 2480
366 366 66 2460 2461 265 2176
368 368 2209 1264 1744 1351 371 2210 2211 2212 2213 2214
371 371 1351 2210 2211 2212 2213 2214 368 2209 1264 1744
375 375 207 95 299 2132 2087 129 1336 2048 93 1957 287 178 69 96 2504 747 179 1837 2505 2506 2508 603 1945 90 208 2266 2181 2507 85 2509 389 228 2510 209 2134 2135 143 1985 2136 2137 2138 2139 1353 211 94 49 1347 467 2133 2156 142 748 1553 1370 58 2218 2219 82 541 388 2513
376 376 538 535 536 31 1847 626 2455 2492 402 628 257 2502 627 1495 1895 2171 1252 573 1896 1494 1890 2446 15 67 109 530 260 20 1736 720 494 673 718 646 2467 2468 2469 2470 1850 1884 49 2503 137 1516 1370 2466 732 2495 1705 541 605 1613 2571 110 2042 581 2243 2244 648 2370 2387
377 377 2220 2221 2472 378 2471 2428 1992 2272 156 526 6 2273 619 351 740 1747 524 1561 1349 2164 2035 2381 2382 541 1736 208 1370 646 2467 2468 2469 2470 718 1850 1884 1985 2136 2137 2138 2139 1353 211 1699 2466 302 1553 292 2163 236 2377 2378 2379 2571 2132 2380 209 2134 2135 480 1347 467 2133 605 69 31 2434 1993 494 626 2455 2492 402 1847 628 1355 1412 669 1994 95 49
378 378 2428 377 2220 2221 2472 2471 1992 2272 156 526 6 2273 619 351 740 1747 524 1561 1349 2164 2035 2381 2382 541 1736 208 1370 646 2467 2468 2469 2470 1850 1884 718 1985 2136 2137 2138 2139 1353 211 1699 2466 302 1553 292 2163 236 2377 2378 2379 2571 2132 2380 209 2134 2135 480 1347 467 2133 605 69
382 382 753 2520 2521
386 386 23 2229 2230 2231 2177 387 1243 1851
387 387 1243 23 386 2229 2230 2231 2177 1851
388 388 2238 2239 2181 287 96 2048 93 1957 2266 2504 747 94 95 1336 2505 2506 2507 603 1945 90 228 85 2508 207 299 2087 2156 178 389 2132 2509 375 129 2510
389 389 2508 2509 2505 2506 603 1336 1945 90 85 2504 747 2507 58 2218 2219 82 96 2044 2048 2510 2045 2046 178 84 95 287 93 79 83 179 1837 2475 2087 2047 2083 60 80 721 144 207 299 1957 143 2181 2266 2084 1515 2132 749 748 375 129 269 142 456 94 1341 155 1248 225 2513 2511 2512 1950 154 2537 126 639 471 228 388 2258 615 2067 151
390 390 392 391 1742 267
391 391 1742 392 267 390
392 392 390 391 1742 267
393 393 167 160 110 2243 2244 161 361 162 67 133 260 2275 2276 109 530 1497 2454 2355 494 2488 745 130 210 1953 49 70 259 539 756 2528 2227 2228 286 605 132 2042 2133 1546 62 632 648 31 1320 69 626 2455 2492 402 1847 628
397 397 2245 455 2371 406 413
398 398 2178
399 399 2247
401 401 601 2514 2383 2384
402 402 31 626 2455 2492 1847 628 257 2502 376 627 1495 1895 2171 1252 573 1896 1494 1890 538 2446 15 67 109 530 260 20 1736 535 720 494 673 718 646 2467 2468 2469 2470 1850 1884 536 49 2503 137 1516 1370 2466 732 2495 1705 541 605 1613 2571 110 2042 581 2243 2244 648 2370 2387 377 161 393 156 2144 625 69 2388 2389 2390 294 160 2220 2221 2472 167 466
406 406 413 455 2371 397 2245
413 413 406 455 2371 397 2245
455 455 2371 397 406 2245 413
456 456 2537 749 288 1302 2155 2179 606 84 60 625 294 79 2180 235 58 2158 2160 1520 2218 2219 301 1341 2159 2161 2162 2044 1457 639 358 673 2072 2157 1923 746 152 2391 85 190 486 487 2503 2182 2475 82 154 2416 2567 293 686 2083 80 306 2449 721 144 2045 2046 2258 615 1613 2502 621 2450 2451 2452 1640 2510 2084 1515 466 2080 471 599 603 90 1621 1620 83 2359 2360 2361 2362 1540 151 153 2079 2081 614 295 2508 2249 2568 684 1945 2507 155 1248 2085 25 2504 747 2445 2505 2506 141 2047 2370 1270 2509 389 126 2127 2420 1516 149 1336 195 2071 320 189 1521 752 2067 1704 150 2421 2075 2076 2078 178 96 2500 464 2123 2126 469 2255 2548 231 107 269 1247 1523 1525 2437 1317 514 2048 1837 179 1517 230
458 458 497 1939 748 2513 269 225 2511 2512 1950 178 179 1837 2143 143 2510 2142 142 2087 2507 1945 2504 747 58 2505 2506
460 460 217 2438 2439 218 1706
461 461 462 463
462 462 461 463
463 463 462 461
464 464 2248 124 465 466 2249 2568 684 1516 2420 2180 2421 20 1302 720 2179 621 1495 2359 2360 2361 2362 1540 1494 456
465 465 464 2248 124 466 2249 2568 684 1516 2420 2180 2421 20 1302 720 2179 621 1495 2359 2360 2361 2362 1540 1494
466 466 2249 2568 684 2420 1516 2180 2421 464 465 2248 124 20 1302 720 2179 621 1495 2359 2360 2361 2362 1540 1494 456 2537 749 288 31 606 2155 626 2455 2492 402 1847 628
467 467 209 2134 2135 1347 2133 69 208 2132 1985 2136 2137 2138 2139 1353 211 49 613 1553 1370 2208 133 541 2042 2041 2454 648 2040 95 304 210 2488 745 130 160 377 67 539 1327 2406 2407 2408 2409 2410 2411 2412 2413 754 755 156 189 2434 2493 286 2220 2221 2472 260 109 530 1736 207 299 1747 1349 259 1900 2267 104 2255 469 1355 1412 669 132 1546 62 2087 167 2467 2468 2469 2470 646 1850 1884 718 375 129 110 378 494 632 2227 2228 1336 2256 2254 393 88 2102 2471 2243 2244 2428 2466 1320 2391 687 2048 520 1992 2272 2494 526
469 469 189 2255 2256 2254 2391 687 520 1715 306 613 2208 1118 2041 2040 704 2004 2133 294 1457 2158 2160 547 1347 467 301 686 1997 2280 2281 2282 2283 2284 2285 2286 2287 2288 2289 2290 2291 2292 2293 2294 2295 2296 2297 2298 2299 2300 2301 2302 2303 2304 2305 2306 2307 2308 2309 2310 2311 2312 2313 2314 2315 2316 2317 2318 2319 2320 2321 2322 2323 2324 2325 2326 2327 2328 2329 2330 2331 2332 2333 2334 2335 2336 2337 2338 2339 2340 2341 2342 2343 2344 2345 2346 2347 2348 2349 2350 2351 2352 2353 2354 550 1329 673 69 209 2134 2135 2450 2451 2452 1640 358 625 2182 104 2503 133 456 152 235 208 486 487 1520
470 470 2257 174
471 471 155 151 154 2083 2258 615 2084 153 1521 152 84 2085 149 2080 1247 1523 1525 2437 1317 226 58 2079 2081 614 2075 2076 2078 2145 2146 2147 2148 2149 2150 2151 2152 2153 2154 79 2044 1704 150 2077 2218 2219 2144 60 2082 2475 82 749 80 625 294 456 721 144 85 2045 2046 581 235 2158 2160 1341 2510 1515 1520 301 2537 2508 2159 2161 2162 83 1945 2504 747 639 2507 2505 2506 1248 2509 389 1457 358 673 1336 2047 2072 2157 1923 126 746 603 90 2391
472 472 473 622
473 473 472 622
477 477 2549 2260 2259 2261 2448
480 480 1993 1994 302 2377 2378 2379 292 6 2380 2035 2381 2382 605 494 377 2220 2221 2472 378 67 2471 2428 1992 2272 156 109 530 260 526
486 486 358 487 295 2127 195 625 294 235 2158 2160 2123 2126 2548 231 1520 301 230 2159 2161 2162 2124 2125 1457 673 296 2072 2157 1923 229 746 456 152 2391 500 190 2503 2182 2416 2567 293 686 1661 2537 306 2449 1613 2502 2450 2451 2452 1640 1656 2080 749 599 185 1621 1620 2079 2081 614 288 1302 228 25 2445 2085 153 151 2117 2119 2120 2121 2122 141 2370 2155 2179 606 1270 2156 149 84 2071 320 196 2007 2118 210 194 189 60 752 1704 150 2075 2076 2078 79 58 496 2580 364 469 2255 2180 107
487 487 358 486 295 2127 195 625 294 235 2158 2160 2123 2126 2548 231 1520 301 230 2159 2161 2162 2124 2125 1457 673 296 2072 2157 1923 229 746 456 152 2391 500 190 2503 2182 2416 2567 293 686 1661 2537 306 2449 1613 2502 2450 2451 2452 1640 1656 2080 749 599 185 1621 1620 2079 2081 614 288 1302 228 25 2445 2085 153 151 2117 2119 2120 2121 2122 141 2370 2155 2179 606 1270 2156 149 84 2071 320 196 2007 2118 210 194 189 60 752 1704 150 2075 2076 2078 79 58 496 2580 364 469 2255 2180 107
494 494 605 67 109 530 260 292 2380 49 2377 2378 2379 110 2042 302 2243 2244 648 6 31 161 393 2035 2381 2382 480 626 2455 2492 1847 402 628 69 160 167 361 257 2502 376 627 1495 1895 1993 2171 1252 162 573 1896 1494 1890 133 1994 2132 2275 2276 1497 538 2446 15 209 2134 2135 2133 2454 1347 467 377 2355 20 1736 745 130 1953 2488 210 2220 2221 2472 70 535 720 673
496 496 2118 185 2117 2119 2120 2121 2122 2007 210 196 194 2580 364 183 2092 248 195 12 2123 2126 11 2124 2125 2127 133 296 2454 500 2488 745 130 358 295 539 160 486 487
497 497 1939 458 748 2513 269 225 2511 2512 1950 178 179 1837 2143 143 2510 2142 142 2087 2507 1945 2504 747 58 95 2505 2506 2508 85 603 1336 90 96 2044 2048
500 500 2124 2125 228 296 2156 195 1957 2123 2126 2127 358 2048 295 486 487 185 81 2117 2119 2120 2121 2122 2529 2530 2531 2532 2533 2534 2535 2536 1958 287 93 231 2548 196 2007 2118 210 194 2086 230 496 2580 364 96 95 183 1350 229 2181 2266 625 2092 248 294 235 2158 2160 1661 2504 747 94 1520 1336
506 506 2404 2405
513 513 2271 2515 517
514 514 1272 1270 752 25 1620 1621 2182 2449 293 190 746 625 301 599 294 1520 2445 2158 2160 1457 2391 358 673 235 456 152 686
517 517 2271 2515 513
520 520 2254 189 2255 469 2256 2391 687 1715 306 613 2208 1118 2041 2040 704 2004 2133 294 1457 547 2158 2160 1347 467 301 686
524 524 2272 2273 619 377 2220 2221 2472 378 2471 2428 1992 156 526 6 351 740 1747 1561 1349 2164 2035 2381 2382 541 1736 208 1370 646 2467 2468 2469 2470 1850 1884 718 1985 2136 2137 2138 2139 1353 211 1699 2466 302 1553 292 2163 236 2377 2378 2379 2571 2132 2380
526 526 2471 2164 1699 377 2163 236 2220 2221 2472 378 2428 1992 2272 156 6 524 2273 619 351 740 1747 1561 1349 2035 2381 2382 541 1736 208 1370 646 2467 2468 2469 2470 1850 1884 718 1985 2136 2137 2138 2139 1353 211 2466 302 1553 292 2377 2378 2379 2571 2132 2380 209 2134 2135 480
529 529 533
530 530 67 109 260 494 49 605 110 2042 2243 2244 648 31 161 393 626 2455 2492 1847 402 628 69 160 167 361 257 2502 376 627 292 1495 1895 2171 1252 2380 162 573 1896 1494 1890 133 2132 2275 2276 1497 538 2377 2378 2379 2446 15 209 2134 2135 2133 2454 1347 467 2355 302 20 1736 745 130 1953 2488 210 70 535 259 6 720 673 539 718 646 2467 2468 2469 2470 1850 1884 756 2528 1370 536 2227 2228 208 286 2035 2381 2382 480 2503 137 304 541 1516
533 533 529
535 535 536 538 376 31 1847 626 2455 2492 402 628 257 2502 627 1495 1895 2171 1252 573 1896 1494 1890 2446 15 67 109 530 260 20 1736 720 494 673 718 646 2467 2468 2469 2470 1850 1884
536 536 535 538 376 31 1847 626 2455 2492 402 628 257 2502 627 1495 1895 2171 1252 573 1896 1494 1890 2446 15 67 109 530 260 20 1736
538 538 535 376 536 31 1847 626 2455 2492 402 628 257 2502 627 1495 1895 2171 1252 573 1896 1494 1890 2446 15 67 109 530 260 20 1736 720 494 673 718 646 2467 2468 2469 2470 1850 1884 49 2503 137 1516 1370 2466 732 2495 1705 541 605 1613 2571
539 539 632 1320 259 133 2488 745 2227 2228 2454 286 130 210 1546 62 160 162 132 2133 167 1497 2275 2276 110 2355 2243 2244 1953 70 393 161 756 2528 1347 467 185 361 613 209 2134 2135 1712 2117 2119 2120 2121 2122 69 2208 67 131 551 553 552 290 2007 2118 196 194 2041 260 109 530 49 208 2132 2580 1656 496 364 2040 183
540 540 2274 1396 298
541 541 156 1747 1349 1736 208 1370 2467 2468 2469 2470 718 1850 1884 646 211 1985 2136 2137 2138 2139 1353 377 2466 1553 2220 2221 2472 2571 2132 209 2134 2135 378 1347 467 2133 69 2471 2428 1992 2272 526 31 6 619 2273 740 351 524 1561 2434 2164 626 2455 2492 1847 402 628 2035 2381 2382 1355 1412 669 49 95 257 2502 376 627 88 613 1495 1895 2171 1252 2494 2208 573 2042 207 299 1699 1494 133 1896 1890 302 2087 538 292 648 2446 15 375 129 2041 2163 236 67 2377 2378 2379
543 543 545
545 545 543
547 547 1997 2280 2281 2282 2283 2284 2285 2286 2287 2288 2289 2290 2291 2292 2293 2294 2295 2296 2297 2298 2299 2300 2301 2302 2303 2304 2305 2306 2307 2308 2309 2310 2311 2312 2313 2314 2315 2316 2317 2318 2319 2320 2321 2322 2323 2324 2325 2326 2327 2328 2329 2330 2331 2332 2333 2334 2335 2336 2337 2338 2339 2340 2341 2342 2343 2344 2345 2346 2347 2348 2349 2350 2351 2352 2353 2354 550 1329 2256 104 2087 613 673 2208 2503 189 2041 1613 2502 2255 469 2040 95 178 2254 2133 304 179 1837 2391 687 2370 520 207 299 1327 2406 2407 2408 2409 2410 2411 2412 2413 754 755
550 550 547 1997 2280 2281 2282 2283 2284 2285 2286 2287 2288 2289 2290 2291 2292 2293 2294 2295 2296 2297 2298 2299 2300 2301 2302 2303 2304 2305 2306 2307 2308 2309 2310 2311 2312 2313 2314 2315 2316 2317 2318 2319 2320 2321 2322 2323 2324 2325 2326 2327 2328 2329 2330 2331 2332 2333 2334 2335 2336 2337 2338 2339 2340 2341 2342 2343 2344 2345 2346 2347 2348 2349 2350 2351 2352 2353 2354 1329 2256 104 2087 613 673 2208 2503 189 2041 1613 2502 2255 469 2040 95 178 2254 2133 304 179 1837
551 551 1712 553 552 131 290 1656 132 130 229 1661 2548 231 230 133 295 2454 2488 745 210 2127 539 160 286 259 2133 110 1546 62
552 552 1712 551 553 131 290 1656 132 130 229 1661 2548 231 230 133 295 2454 2488 745 210 2127 539 160 286 259 2133 110 1546 62
553 553 1712 551 552 131 290 1656 132 130 229 1661 2548 231 230 133 295 2454 2488 745 210 2127 539 160 286 259 2133 110 1546 62
555 555 2358
561 561 562 2363 237
562 562 2363 561 237
573 573 2446 15 137 2495 732 1705 31 581 626 2455 2492 1847 402 628 2387 257 2502 376 627 2144 2388 2389 2390 1495 1895 2171 1252 1896 1494 1890 538 67 109 530 260 20 1736 535 720 494 673 718 646 2467 2468 2469 2470 1850 1884 536 49 2503 1516 226 1370 2466 541 605 1613 2145 2146 2147 2148 2149 2150 2151 2152 2153 2154 2571 110 2042
580 580 2172
581 581 2144 137 2495 1705 732 2387 573 226 2388 2389 2390 2446 15 2145 2146 2147 2148 2149 2150 2151 2152 2153 2154 154 2258 615 31 626 2455 2492 1847 402 628 471 257 2502 376 627 1521 84 1495 1895 2171 1252 155 1247 1523 1525 2437 1317
590 590 1284 2522 2054 2055
594 594 2021
596 596 2376 2375 2517 2516 1294
599 599 2445 190 746 301 293 2182 2449 625 1621 1620 1520 25 2158 2160 294 1270 752 235 358 673 1457 456 152 2159 2161 2162 514 486 487 2503 2391 2537 1272 2072 2157 1923 686 306 1613 2502 2080 749 2416 2567 2450 2451 2452 1640 2079 2081 614 288 1302 295 2085 153 151 2370 2155 2179 606
601 601 401 2514 2383 2384
603 603 82 2045 2046 2508 90 2504 747 2505 2506 2509 389 83 1336 1945 85 2507 2047 96 2048 2218 2219 2510 84 58 178 287 93 79 2044 179 1837 95 2087 60 1957 2181 2266 2475 143 749 207 299 269 94 2083 80 456 225 144 721 142 2132 1341 748 2511 2512 375 129 154 1950 2084 1515 2537 639 2513 2143 2258 615 228 388 155 1248 2142 471 2156 2238 2239 126 288 1302 151 497
604 604 2063
605 605 494 292 2380 2377 2378 2379 67 302 109 530 260 6 2035 2381 2382 49 480 110 2042 1993 2243 2244 648 1994 31 161 393 626 2455 2492 1847 402 628 377 69 160 167 361 257 2502 376 627 2220 2221 2472 1495 1895 2171 1252 162 378 573 1896 1494 1890 133 2471 2132 2275 2276 1497 538 2428 2446 15 1992 2272 156
606 606 288 2155 456 2537 749 1302 2179 84 60 625 294 79 2180 235 58 2158 2160 1520 2218 2219 301 1341 2159 2161 2162 2044 1457 639 358 673 2072 2157 1923 746 152 2391 190 486 487 2503 2182 2475 85 82 154 2416 2567 293 686 2083 80 306 2449 721 144 2045 2046 2258 615 1613 2502 621 2450 2451 2452 1640 2510 2084 1515 466 2080 2508 599
608 608 2173 609 1929 2498 2499
609 609 608 2173 1929 2498 2499
610 610 1734 316 2190 2191 2192 140 116 2193 115 138 139
612 612 362 363
613 613 2208 2041 2040 2133 189 2255 469 2256 2254 2391 687 520 1347 467 1715 306 209 2134 2135 69 1118 133 547 2454 208 2132 1997 2280 2281 2282 2283 2284 2285 2286 2287 2288 2289 2290 2291 2292 2293 2294 2295 2296 2297 2298 2299 2300 2301 2302 2303 2304 2305 2306 2307 2308 2309 2310 2311 2312 2313 2314 2315 2316 2317 2318 2319 2320 2321 2322 2323 2324 2325 2326 2327 2328 2329 2330 2331 2332 2333 2334 2335 2336 2337 2338 2339 2340 2341 2342 2343 2344 2345 2346 2347 2348 2349 2350 2351 2352 2353 2354 550 1329 1985 2136 2137 2138 2139 1353 211 704 2488 745 210 130 49 104 160 539 2004 1553 1370 2087 294 286 541 259 132 2042 1546 62 167 95 110 632 2227 2228 673 648 304 393 1457 2243 2244 1320 2503 67 2158 2160
614 614 1704 150 152 149 2080 2075 2076 2078 2079 2081 2085 153 151 2077 2082 471 625 2083 294 155 235 2158 2160 1520 2084 301 2159 2161 2162 1457 358 673 2072 2157 1923 746 456 2391 190 486 487 2503 2182 2416 2567 293 686 2537 154 306 2449 1613 2502 2450 2451 2452 1640 2258 615 749 599 58 1621 1620 288 1302 295 2445
615 615 154 2258 471 1521 84 155 1247 1523 1525 2437 1317 226 2145 2146 2147 2148 2149 2150 2151 2152 2153 2154 79 151 2083 2218 2219 2144 60 2084 82 749 456 85 2045 2046 58 581 153 1341 2537 2044 83 639 152 2047 603 90 149 2080 2079 2081 288 1302 2475 2085 2508 614 2075 2076 2078 2504 747 80 2155 2179 606 2505 2506 1945 721 144 2509 389 2507 625 1336 2510 1704 137 1515 294 150 2077
616 616 2262 2263 2264
617 617 2265
618 618 2268 2269 2270 705
619 619 2272 2273 524 377 2220 2221 2472 378 2471 2428 1992 156 526 6 351 740 1747 1561 1349 2164 2035 2381 2382 541 1736 208 1370 646 2467 2468 2469 2470 1850 1884 718 1985 2136 2137 2138 2139 1353 211 1699 2466 302 1553 292 2163 236 2377 2378 2379 2571 2132 2380
621 621 2359 2360 2361 2362 1540 2180 1302 2179 466 2249 2568 684 2420 1516 2421 456 464 2537 465 2248 124 20 749 720 288 2155 606 1495
622 622 472 473
623 623 2372
625 625 1520 2158 2160 746 301 293 190 358 673 294 2182 456 152 235 486 487 2503 2449 2537 2159 2161 2162 599 1613 2502 1457 1621 1620 2080 749 2072 2157 1923 2445 2391 25 2079 2081 614 288 1302 295 1270 686 2416 2567 2085 153 151 306 2370 2155 2179 606 2127 752 2450 2451 2452 1640 149 195 84 60 1704 150 514 2075 2076 2078 2123 2126 79 2180 2548 231 58 471 2083 1272 141 230 2218 2219 2077 2124 2125 1341 155 2044 2084 189 2071 320 296 2082 2369 229 639 31 500 469 2255 107 1550 1551 1661 626 2455 2492 402 1847 628 2475 85 154 82
626 626 31 2455 2492 1847 402 628 257 2502 376 627 1495 1895 2171 1252 573 1896 1494 1890 538 2446 15 67 109 530 260 20 1736 535 720 494 673 718 646 2467 2468 2469 2470 1850 1884 536 49 2503 137 1516 1370 2466 732 2495 1705 541 605 1613 2571 110 2042 581 2243 2244 648 2370 2387 377 161 393 156 2144 625 69 2388 2389 2390 294 160 2220 2221 2472 167 466
627 627 1252 31 628 626 2455 2492 1847 402 257 2502 376 1495 1895 2171 573 1896 1494 1890 538 2446 15 67 109 530 260 20 1736 535 720 494 673 718 646 2467 2468 2469 2470 1850 1884 536 49 2503 137 1516 1370 2466 732 2495 1705 541 605 1613 2571 110 2042 581 2243 2244 648 2370 2387
628 628 31 626 2455 2492 1847 402 627 257 2502 376 1495 1895 1252 2171 573 1896 1494 1890 538 2446 15 67 109 530 260 20 1736 535 720 494 673 718 646 2467 2468 2469 2470 1850 1884 536 49 2503 137 1516 1370 2466 732 2495 1705 541 605 1613 2571 110 2042 581 2243 2244 648 2370 2387 377 161 393 156 2144 625 69 2388 2389 2390 294 160 2220 2221 2472 167 466
629 629 2402 1552 630
630 630 2402 1552 629
631 631 1295 1647 1297 147
632 632 1320 539 259 133 2488 745 2227 2228 2454 286 130 210 1546 62 160 162 132 2133 167 1497 2275 2276 110 2355 2243 2244 1953 70 393 161 756 2528 1347 467 185 361 613 1712 2117 2119 2120 2121 2122 69 209 2134 2135 2208
639 639 1341 60 749 84 79 58 456 2218 2219 2044 2537 85 2475 82 154 288 1302 2083 80 721 144 2045 2046 2258 615 2155 2179 606 2510 2084 1515 603 90 83 471 2508 1945 2507 155 1248 625 2504 747 294 2505 2506 2047 2180 235 2509 389 126 2158 2160 151 1336 1520 301 1521 2159 2161 2162
646 646 1736 2467 2468 2469 2470 718 1850 1884 1370 2466 541 2571 377 156 31 2220 2221 2472 1349 1747 208 626 2455 2492 1847 402 628 378 211 1985 2136 2137 2138 2139 1353 257 2502 376 627 2471 2428 1992 2272 1495 1895 1553 2171 1252 526 573 6 2132 619 740 2273 351 524 1561 1494 1896 1890 209 2134 2135 538 2164 2446 15 2035 2381 2382 67 1347 467 2133 69 109 530 260 20 49 535
648 648 2042 49 69 67 109 530 260 494 2132 209 2134 2135 1347 467 605 2133 110 2243 2244 208 31 304 161 393 95 1985 2136 2137 2138 2139 1353 211 626 2455 2492 1847 402 628 160 754 755 1327 2406 2407 2408 2409 2410 2411 2412 2413 167 2493 361 613 1553 1370 257 2502 376 627 133 292 1900 104 2267 541 1495 1895 2208
669 669 2434 1355 1412 1553 88 2494 208 1985 2136 2137 2138 2139 1353 211 1370 2132 541 209 2134 2135 1347 467 2133 69 377 156
673 673 2503 1613 2502 2370 625 294 235 2158 2160 1520 301 2159 2161 2162 1457 358 2072 2157 1923 2369 746 456 152 31 2391 190 486 487 2182 2416 2567 293 686 1550 1551 2537 626 2455 2492 1847 402 628 306 2449 547 2450 2451 2452 1640 2365 2366 749 2080 257 376 627 599 2364 1621 1620 1997 2280 2281 2282 2283 2284 2285 2286 2287 2288 2289 2290 2291 2292 2293 2294 2295 2296 2297 2298 2299 2300 2301 2302 2303 2304 2305 2306 2307 2308 2309 2310 2311 2312 2313 2314 2315 2316 2317 2318 2319 2320 2321 2322 2323 2324 2325 2326 2327 2328 2329 2330 2331 2332 2333 2334 2335 2336 2337 2338 2339 2340 2341 2342 2343 2344 2345 2346 2347 2348 2349 2350 2351 2352 2353 2354 550 1329 614 2079 2081 288 1302 295 1495 1895 2171 1252 25 2445 153 2085 151 573 141 606 2155 2179 2256 104 1896 1494 1890 1270 2127 189 538 149 2446 15 195 84 60 2071 320 2087 67 752 1704 469 2255 150 2075 2076 2078 2123 2126 109 530 260 613 79 2180 107 2548 231 20 58 1736 514 2083 471 230 2254 535 2218 2219 2077 2208 1341 720 494 155
678 678 2447
684 684 466 2249 2568 1516 2420 2180 2421 464 465 2248 124 20 1302 720 2179 621 1495 2359 2360 2361 2362 1540 1494 456 2537 749 288 31
686 686 2450 2451 2452 1640 1457 294 2158 2160 2391 301 306 358 673 625 2182 456 152 235 486 487 2503 1520 2449 190 746 2537 2159 2161 2162 1613 2502 293 1621 1620 2080 749 189 2072 2157 1923 25 2079 2081 614 288 1302 295 599 1270 469 2255 2416 2567 2085 153 151 2370 2155 2179 606 2445 2127 752 149 2256 2254 195 84
687 687 1715 1118 704 189 2004 2255 469 2256 2254 2391 520 306 613 2208 2041 2040 2133 294 1457 547 2158 2160 1347 467 301 686
704 704 2004 1118 687 1715 189 2255 469 2256 2254 2391 520 306 613 2208 2041 2040
705 705 618 2268 2269 2270
707 707 1730
712 712 2487
715 715 30 2414 2267 304 1327 2406 2407 2408 2409 2410 2411 2412 2413 754 755 2493 1900 104 2102 69 2096 2246 2097
718 718 1736 2467 2468 2469 2470 1850 1884 646 1370 2466 541 2571 377 156 31 2220 2221 2472 1747 1349 208 626 2455 2492 1847 402 628 378 211 1985 2136 2137 2138 2139 1353 257 2502 376 627 2471 2428 1992 2272 1495 1895 1553 2171 1252 526 573 6 2132 619 740 2273 351 524 1561 1494 1896 1890 209 2134 2135 538 2164 2446 15 2035 2381 2382 67 1347 467 2133 69 109 530 260 20 49 535
720 720 20 1516 1495 1494 466 684 2249 2568 2420 31 2180 2421 626 2455 2492 1847 402 628 464 465 2248 124 257 2502 376 627 1895 2171 1252 1302 573 1896 1890 538 2179 2446 15 67 621 109 530 260 1540 2359 2360 2361 2362 1736 535 494 673
721 721 2475 144 58 2044 79 2218 2219 2083 60 80 84 2510 85 2084 1515 749 456 2508 1945 2507 1341 155 1248 2504 747 2505 2506 2537 2509 389 126 639 603 1336 90 471 82 2067 151 178 96 2500 288 1302 2045 2046 269 154 1837 2048 179 1517 225 2155 2179 606 2511 2512 1950 2066 2258 615 83 287 93 143 748
722 722 2476
724 724 2479 2480 1871 365
727 727 2491
730 730 1901 1902 1903 1978
732 732 137 2495 1705 581 2387 573 2144 2388 2389 2390 2446 15 31 226 626 2455 2492 1847 402 628 2145 2146 2147 2148 2149 2150 2151 2152 2153 2154 257 2502 376 627 1495 1895 2171 1252 1896 1494 1890 538 154 67
740 740 1992 351 1561 377 2220 2221 2472 378 2471 2428 2272 156 526 6 2273 619 1747 524 1349 2164 2035 2381 2382 541 1736 208 1370 646 2467 2468 2469 2470 1850 1884 718 1985 2136 2137 2138 2139 1353 211 1699 2466 302 1553 292 2163 236 2377 2378 2379 2571 2132 2380
745 745 259 133 2488 2227 2228 539 2454 286 130 210 1546 62 160 632 162 1320 132 2133 167 1497 2275 2276 110 2355 2243 2244 1953 70 393 161 756 2528 1347 467 185 361 613 209 2134 2135 1712 2117 2119 2120 2121 2122 69 2208 67 131 551 553 552 290 2007 2118 196 194 2041 260 109 530 49 208 2132 2580 1656 496 364 2040 183 494 1985 2136 2137 2138 2139 1353 211
746 746 293 190 625 599 2182 301 1520 2445 2449 1621 1620 2158 2160 25 294 1270 358 673 235 752 456 152 1457 486 487 2503 2159 2161 2162 514 2537 2391 1613 2502 2072 2157 1923 1272 686 306 2080 749 2416 2567 2450 2451 2452 1640 2079 2081 614 288 1302 295 2085 153 151 2370 2155 2179 606 2127 149 195 84 60 1704 150 2075 2076 2078 141 2123 2126 79 189 2180 2548 231 58 2083 471 230
747 747 2505 2506 2507 603 1336 1945 90 96 2504 85 2508 2048 178 2510 287 93 2509 389 179 1837 58 2218 2219 82 95 2087 2044 2045 2046 1957 2181 2266 84 143 79 94 83 269 207 299 142 748 225 2475 2047 2511 2512 2083 60 80 2132 1950 375 129 2513 144 721 228 388 2143 2084 1515 749 2142 2156 456 2238 2239 1341 155 1248 497 154 2537 126 639 471 1939 458 81 2258 615 2067 151 500 2500 2529 2530 2531 2532 2533 2534 2535 2536 1958 288 1302
748 748 2513 497 1939 458 269 225 2511 2512 1950 178 179 1837 2143 143 2510 2142 142 2087 2507 1945 2504 747 58 95 2505 2506 2508 603 1336 90 96 2044 85 2509 389 2048 2218 2219 79 207 299 93 287 2475 2132 375 129 84 2083 60 80 82 144 721
749 749 60 456 1341 2537 639 84 288 1302 79 58 2155 2179 606 2218 2219 2044 625 294 2180 85 235 2158 2160 2475 82 154 1520 301 2083 80 2159 2161 2162 721 144 2045 2046 2258 615 2510 1457 358 673 2084 1515 2072 2157 1923 471 746 152 603 90 83 2391 190 486 487 2503 2508 2182 1945 2507 155 1248 2416 2567 293 686 2504 747 2505 2506 2047 306 2509 389 126 2449 151 1613 2502 1336 621 2450 2451 2452 1640 466 2080 1521 2067 599 153 1621 1620 178 2359 2360 2361 2362 1540 96 2500 2079 2081 614 295 2249 2568 684 2085 269 1247 1523 1525 2437 1317 25 2445 2048 1837 179 141 2370 1517 226 149 1270 225 2511 2512 2420 1516
752 752 1270 514 25 1272 1620 1621 2182 2449 293 190 746 625 301 599 294 1520 2445 2158 2160 1457 2391 358 673 235 456 152 686 306 486 487 2503 2159 2161 2162 2537 2450 2451 2452 1640
753 753 2520 2521 382
754 754 304 1327 2406 2407 2408 2409 2410 2411 2412 2413 755 2493 1900 2267 104 2102 69 30 2096 2246 2414 715 2097 2217 2132 49 2095 209 2134 2135 1347 467 2098 2099 2100 2101 2133 2042 648 208 95 1985 2136 2137 2138 2139 1353 211 67 547
755 755 304 1327 2406 2407 2408 2409 2410 2411 2412 2413 754 2493 1900 2267 104 2102 69 30 2096 2246 2414 715 2097 2217 2132 49 2095 209 2134 2135 1347 467 2098 2099 2100 2101 2133 2042 648 208 95 1985 2136 2137 2138 2139 1353 211 67 547
756 756 1953 2528 162 2275 2276 1497 2355 70 259 110 2227 2228 2243 2244 2488 745 161 393 539 160 167 286 361 1546 62 632 67 133 1320 260 109 530 2454
882 882 2540 2541 2542 2543
1100 1100 1966
1118 1118 704 687 2004 1715 189 2255 469 2256 2254 2391 520 306 613 2208 2041 2040 2133 294
1206 1206 2544 2545
1243 1243 387 23 386 2229 2230 2231 2177 1851
1247 1247 1521 1523 1525 2437 1317 154 2258 615 471 84 155 226 2145 2146 2147 2148 2149 2150 2151 2152 2153 2154 79 151 2083 2218 2219 2144 60 2084 82 749 456 85 2045 2046 58 581 1341
1248 1248 2500 1517 80 1515 126 2067 2066 58 2068 2069 2044 79 2218 2219 2475 2083 60 721 144 84 2510 85 2084 749 456 2508 1945 2507 1341 155 2504 747 2505 2506 2537 2509 389 639 603 1336 90 82 151 178 471 96 154 288 1302 2045 2046 269
1252 1252 627 31 628 626 2455 2492 1847 402 257 2502 376 1495 1895 2171 573 1896 1494 1890 538 2446 15 67 109 530 260 20 1736 535 720 494 673 718 646 2467 2468 2469 2470 1850 1884 536 49 2503 137 1516 1370 2466 732 2495 1705 541 605 1613 2571 110 2042 581
1264 1264 368 2209 1744 1351 371 2210 2211 2212 2213 2214
1270 1270 752 514 25 1272 1620 1621 2182 2449 293 190 746 625 301 599 294 1520 2445 2158 2160 1457 2391 358 673 235 456 152 686 306 486 487 2503 2159 2161 2162 2537 2450 2451 2452 1640 1613 2502 2072 2157 1923 2080 749
1272 1272 514 1270 752 25 1620 1621 2182 2449 293 190 746 625 301 599 294 1520 2445 2158 2160 1457 1271
1282 1282 2397 2398
1284 1284 2522 590 2054 2055
1286 1286 1287
1287 1287 1286
1293 1293 2403
1294 1294 2517 2516 2375 596 2376
1295 1295 631 1647 1297 147
1297 1297 147 1295 631 1647
1302 1302 2179 2180 456 2537 621 749 466 288 2359 2360 2361 2362 1540 2249 2568 684 2155 606 2420 1516 84 60 625 2421 294 79 464 235 58 2158 2160 1520 2218 2219 301 1341 465 2248 124 2159 2161 2162 2044 20 1457 639 358 673 2072 2157 1923 746 152 720 2391 85 190 486 487 2503 2182 2475 82 154 2416 2567 293 686 2083 80 306 2449 721 144 2045 2046 2258 615 1613 2502 2450 2451 2452 1640 2510 1495 2084 1515 2080 471 599 151 603 90 1621 1620 83 2079 2081 614 295 1494 2508 1945 2507 155 1248 2504 747 2445 2085 153
1317 1317 1521 1523 1525 2437 1247 154 2258 615 471 84 155 226 2145 2146 2147 2148 2149 2150 2151 2152 2153 2154 79 151 2083 2218 2219 2144 60 2084 82 749 456 85 2045 2046 58 581 1341
1320 1320 632 539 259 133 2488 745 2227 2228 2454 286 130 210 1546 62 160 162 132 2133 167 1497 2275 2276 110 2355 2243 2244 1953 70 393 161 756 2528 1347 467 185 361 613
1327 1327 304 2406 2407 2408 2409 2410 2411 2412 2413 754 755 2493 1900 2267 104 2102 69 30 2096 2246 2414 715 2097 2217 2132 49 2095 209 2134 2135 1347 467 2098 2099 2100 2101 2133 2042 648 208 95 1985 2136 2137 2138 2139 1353 211 67 547
1329 1329 547 1997 2280 2281 2282 2283 2284 2285 2286 2287 2288 2289 2290 2291 2292 2293 2294 2295 2296 2297 2298 2299 2300 2301 2302 2303 2304 2305 2306 2307 2308 2309 2310 2311 2312 2313 2314 2315 2316 2317 2318 2319 2320 2321 2322 2323 2324 2325 2326 2327 2328 2329 2330 2331 2332 2333 2334 2335 2336 2337 2338 2339 2340 2341 2342 2343 2344 2345 2346 2347 2348 2349 2350 2351 2352 2353 2354 550 2256 104 2087 613 673 2208 2503 189 2041 1613 2502 2255 469 2040 95 178 2254 2133 304 179 1837
1336 1336 95 2508 2504 747 2505 2506 2509 389 207 299 603 1945 90 2087 2048 85 2507 2132 375 129 96 93 287 2510 58 178 2218 2219 82 1957 2044 179 1837 2045 2046 2266 2181 84 79 83 94 69 2475 143 2047 269 2083 60 80 225 228 144 721 142 748 2511 2512 1950 2084 1515 208 388 2156 749 2513 2143 456 209 2134 2135 1985 2136 2137 2138 2139 1353 211 2238 2239 1341 155 1248 49 2142 1347 467 154 2537 2133 81 126 639 1553 1370 497 151 2258 615 500 471
1339 1339 1340 2415
1340 1340 1339 2415
1341 1341 639 60 749 84 79 58 456 2218 2219 2044 2537 85 2475 82 154 288 1302 2083 80 721 144 2045 2046 2258 615 2155 2179 606 2510 2084 1515 603 90 471 83 2508 1945 2507 155 1248 625 2504 747 294 2505 2506 2047 2180 235 2509 389 126 2158 2160 1336 1520 301 1521 2159 2161 2162 2067 151 178 96 2500 1457 358 673 269 1247 1523 1525 2437 1317
1346 1346 2418 2419
1347 1347 209 2134 2135 467 2133 69 208 2132 1985 2136 2137 2138 2139 1353 211 49 613 1553 1370 2208 133 541 2042 2041 2454 648 2040 95 304 210 2488 745 130 160 377 67 539 1327 2406 2407 2408 2409 2410 2411 2412 2413 754 755 156 189 2434 2493 286 2220 2221 2472 260 109 530 1736 207 299 1747 1349 259 1900 2267 104 2255 469 1355 1412 669 132 1546 62 2087 167 2467 2468 2469 2470 646 1850 1884 718 375 129 110 378 494 632 2227 2228 1336 2256 2254 393 88 2102 2471 2243 2244 2428 2466 1320 2391 687 2048 520 1992 2272 2494 526
1349 1349 156 1747 541 377 2220 2221 2472 378 1736 2471 2428 208 1370 1992 2272 646 2467 2468 2469 2470 718 1850 1884 526 211 1353 1985 2136 2137 2138 2139 6 2273 619 351 740 524 1561 2466 2164 1553 2035 2381 2382 2571 2132 209 2134 2135 1347 467 2133 69 1699 302 292 2377 2378 2379 2163 236 31 2434 2380 1355 1412
1350 1350 2086 81 2529 2530 2531 2532 2533 2534 2535 2536 1958 1957 228 2156 2048 500 287 93
1351 1351 2210 2211 2212 2213 2214 371 368 2209 1264 1744
1353 1353 208 1985 2136 2137 2138 2139 211 1553 1370 2132 541 209 2134 2135 1347 467 2133 69 377 156 2434 2220 2221 2472 1736 1349 1747 1355 1412 669 95 49 2467 2468 2469 2470 646 1850 1884 718 378 88 613 2471 2428 2466 1992 2272 2494 2208 207 299 526 2042 2571 133 6 2273 619 351 740 524 1561 2087 375 129 2041 648 2164 1336 2454 2035 2381 2382 304 2040 2048 210 2488 745 130 1327 2406 2407 2408 2409 2410 2411 2412 2413 754 755 67
1355 1355 2434 1412 669 1553 88 2494 208 1985 2136 2137 2138 2139 1353 211 1370 2132 541 209 2134 2135 1347 467 2133 69 377 156 1349
1359 1359 1484 1485 1486 1487 2422 2423 2424 2425 2426
1370 1370 1736 208 2467 2468 2469 2470 718 1850 1884 646 1985 2136 2137 2138 2139 1353 211 541 2466 1553 2571 2132 209 2134 2135 377 156 1347 467 2133 69 2220 2221 2472 1747 1349 31 378 2434 2471 626 2455 2492 1847 402 628 2428 1355 1412 669 49 95 1992 2272 526 257 2502 376 627 6 88 619 740 2273 351 524 1561 613 1495 1895 2164 2171 1252 2035 2381 2382 2494 2208 573 2042 207 299 1494 133 1896 1890 2087 538 2446 15 648 375 129 2041 67 1336 2454 304
1396 1396 540 2274 298
1412 1412 2434 1355 669 1553 88 2494 208 1985 2136 2137 2138 2139 1353 211 1370 2132 541 209 2134 2135 1347 467 2133 69 377 156 1349
1457 1457 686 2450 2451 2452 1640 294 2158 2160 2391 301 306 358 673 625 2182 456 152 235 486 487 2503 1520 2449 190 746 2537 2159 2161 2162 1613 2502 293 1621 1620 2080 749 189 2072 2157 1923 25 2079 2081 614 288 1302 295 599 1270 469 2255 2416 2567 2085 153 151 2370 2155 2179 606 2445 2127 752 149 2256 2254 195 84 60 1704 687 150 514 2075 2076 2078 520 2123 2126 79 2180 2548 231 58 1715 613 2083 1272 141 471 230 2218 2219 2077 1341 155 2044
1484 1484 1359 1485 1486 1487 2422 2423 2424 2425 2426
1485 1485 1359 1484 1486 1487 2422 2423 2424 2425 2426
1486 1486 1359 1484 1485 1487 2422 2423 2424 2425 2426
1487 1487 1359 1484 1485 1486 2422 2423 2424 2425 2426
1494 1494 1495 20 720 1516 31 626 2455 2492 1847 402 628 257 2502 376 627 1895 2171 1252 466 573 1896 1890 538 684 2249 2568 2446 15 67 2420 109 530 260 1736 2180 535 2421 494 673 464 718 646 2467 2468 2469 2470 1850 1884 536 49 2503 137 465 2248 124 1370 2466 732 2495 1705 541 605 1613 2571 1302 110 2042
1495 1495 1494 20 720 1516 31 626 2455 2492 1847 402 628 257 2502 376 627 1895 2171 1252 466 573 1896 1890 538 684 2249 2568 2446 15 67 2420 109 530 260 1736 2180 535 2421 494 673 464 718 646 2467 2468 2469 2470 1850 1884 536 49 2503 137 465 2248 124 1370 2466 732 2495 1705 541 605 1613 2571 1302 110 2042 581 2179 2243 2244 621 648
1497 1497 162 2275 2276 2355 1953 70 756 2528 259 110 2227 2228 2243 2244 2488 745 161 393 539 160 167 286 361 1546 62 632 67 133 1320 260 109 530 2454 494 130 210 49 605
1512 1512 1513 1514
1513 1513 1512 1514
1514 1514 1512 1513
1515 1515 80 1248 126 2067 2500 1517 2066 58 2068 2069 2044 79 2218 2219 2475 2083 60 721 144 84 2510 85 2084 749 456 2508 1945 2507 1341 155 2504 747 2505 2506 2537 2509 389 639 603 1336 90 471 82 151 178 96 288 1302 2045 2046 269 154 2048 1837 179 225 2155 2179 606 2511 2512 1950 2258 615 83 287 93
1516 1516 20 720 466 684 2249 2568 1495 2420 1494 2180 2421 464 465 2248 124 1302 2179 621 31 2359 2360 2361 2362 1540 626 2455 2492 1847 402 628 257 2502 376 627 1895 2171 1252 573 456 1896 1890 538 2446 15 2537 67 109 530 260 749
1517 1517 2500 1248 80 1515 126 2067 2066 58 2068 2069 2044 79 2218 2219 2475 2083 60 721 144 84 2510 2084 749 456
1520 1520 625 2158 2160 746 301 293 190 358 673 294 2182 456 152 235 486 487 2503 2449 2537 2159 2161 2162 599 1613 2502 1457 1621 1620 2080 749 2072 2157 1923 2445 2391 25 2079 2081 614 288 1302 295 1270 686 2416 2567 2085 153 151 306 2370 2155 2179 606 2127 752 2450 2451 2452 1640 149 195 84 60 1704 150 514 2075 2076 2078 2123 2126 79 2180 2548 231 58 2083 1272 141 471 230 2218 2219 2077 2124 2125 1341 155 2044 2084 189 2071 320 296 2082 2369 229 639 31 154 500 469 2255
1521 1521 1523 1525 2437 1247 1317 154 2258 615 471 84 155 226 2145 2146 2147 2148 2149 2150 2151 2152 2153 2154 79 151 2083 2218 2219 2144 60 2084 82 749 456 85 2045 2046 58 581 1341 153 2537 2044 83 639
1523 1523 1521 1525 2437 1247 1317 154 2258 615 471 84 155 226 2145 2146 2147 2148 2149 2150 2151 2152 2153 2154 79 151 2083 2218 2219 2144 60 2084 82 749 456 85 2045 2046 58 581 1341
1525 1525 1521 1523 2437 1247 1317 154 2258 615 471 84 155 226 2145 2146 2147 2148 2149 2150 2151 2152 2153 2154 79 151 2083 2218 2219 2144 60 2084 82 749 456 85 2045 2046 58 581 1341
1528 1528 2440 1531 1977
1531 1531 2440 1528 1977
1534 1534 1535
1535 1535 1534
1540 1540 621 2359 2360 2361 2362 2180 1302 2179 466 2249 2568 684 2420 1516 2421 456 464 2537 465 2248 124 20 749 720 288
1546 1546 286 62 259 133 2488 745 2227 2228 539 2454 130 210 160 632 162 1320 132 2133 167 1497 2275 2276 110 2355 2243 2244 1953 70 393 161 756 2528 1347 467 185 361 613 1712 2117 2119 2120 2121 2122 69 209 2134 2135 2208 67 131 551 553 552 290 208
1550 1550 2369 1551 2365 2366 2370 2364 1613 673 2503 2502 625 294 235 2158 2160
1551 1551 2369 1550 2365 2366 2370 2364 1613 673 2503 2502 625 294 235 2158 2160
1552 1552 2402 629 630
1553 1553 2434 1355 1412 669 88 208 2494 1985 2136 2137 2138 2139 1353 211 1370 2132 541 209 2134 2135 1347 467 2133 69 377 156 2220 2221 2472 1736 1747 1349 95 49 2467 2468 2469 2470 646 1850 1884 718 378 613 2471 2428 2466 1992 2272 2208 207 299 526 2042 2571 133 6 2273 619 351 740 524 1561 2087 375 129 2041 648 2164 1336 2454 2035 2381 2382 304
1561 1561 1992 351 740 377 2220 2221 2472 378 2471 2428 2272 156 526 6 2273 619 1747 524 1349 2164 2035 2381 2382 541 1736 208 1370 646 2467 2468 2469 2470 1850 1884 718 1985 2136 2137 2138 2139 1353 211 1699 2466 302 1553 292 2163 236 2377 2378 2379 2571 2132 2380
1613 1613 2370 673 2503 2369 2502 1550 1551 2365 2366 2364 625 294 235 2158 2160 1520 301 2159 2161 2162 1457 358 2072 2157 1923 746 456 152 31 2391 190 486 487 2182 2416 2567 293 686 2537 626 2455 2492 1847 402 628 306 2449 547 2450 2451 2452 1640 749 2080 257 376 627 599 1621 1620 1997 2280 2281 2282 2283 2284 2285 2286 2287 2288 2289 2290 2291 2292 2293 2294 2295 2296 2297 2298 2299 2300 2301 2302 2303 2304 2305 2306 2307 2308 2309 2310 2311 2312 2313 2314 2315 2316 2317 2318 2319 2320 2321 2322 2323 2324 2325 2326 2327 2328 2329 2330 2331 2332 2333 2334 2335 2336 2337 2338 2339 2340 2341 2342 2343 2344 2345 2346 2347 2348 2349 2350 2351 2352 2353 2354 550 1329 614 2079 2081 288 1302 295 1495 1895 2171 1252 25 2445 153 2085 151 573 141 606 2155 2179 2256 104 1896 1494 1890 1270 2127 538 189 149 2446 15 195 84 2071 320 2087 67
1615 1615 1617 1931 1927
1617 1617 1615 1931 1927
1620 1620 25 1621 2182 1270 2449 752 293 514 190 746 1272 625 301 599 294 1520 2445 2158 2160 1457 2391 358 673 235 456 152 686 306 486 487 2503 2159 2161 2162 2537 2450 2451 2452 1640 1613 2502 2072 2157 1923 2080 749 2079 2081 614 288 1302 295 2416 2567 2085 153 151 2370
1621 1621 25 1620 2182 1270 2449 752 293 514 190 746 1272 625 301 599 294 1520 2445 2158 2160 1457 2391 358 673 235 456 152 686 306 486 487 2503 2159 2161 2162 2537 2450 2451 2452 1640 1613 2502 2072 2157 1923 2080 749 2079 2081 614 288 1302 295 2416 2567 2085 153 151 2370
1640 1640 686 2450 2451 2452 1457 294 2158 2160 2391 301 306 358 673 625 2182 456 152 235 486 487 2503 1520 2449 190 746 2537 2159 2161 2162 1613 2502 293 1621 1620 2080 749 189 2072 2157 1923 25 2079 2081 614 288 1302 295 599 1270 469 2255 2416 2567 2085 153 151 2370
1645 1645 1646 165
1646 1646 1645 165
1647 1647 1295 631 1297 147
1648 1648 1649 1650 1651 1653 1654
1649 1649 1648 1650 1651 1653 1654
1655 1655 2443 2444
1656 1656 229 1661 1712 551 553 552 290 131 2548 231 132 230 295 130 2127 358 486 487 133 195 2454 2123 2126 2488 745 210 539 160
1661 1661 229 1656 2548 231 230 295 1712 2127 290 551 553 552 131 132 358 486 487 130 195 2123 2126 2124 2125 296 625 500 294 235
1685 1685 2207 2128 199
1694 1694 2481 2482
1699 1699 2163 236 2164 2471 526 377 2220 2221 2472 378 2428 1992 2272 156 6 524 2273 619 351 740 1747 1561 1349 2035 2381 2382 541 1736 208
1704 1704 150 614 149 2075 2076 2078 2080 152 2079 2081 2077 153 2085 151 2082 471 2083 155 625 2084 294 235 2158 2160 1520 301 2159 2161 2162 1457 358 673 2072 2157 1923 154 746 456 2391 190 486 487 2503 2182 2416 2567 293 686 2258 615 2537 306
1705 1705 137 2495 732 581 2387 573 2144 2388 2389 2390 2446 15 31 226 626 2455 2492 1847 402 628 2145 2146 2147 2148 2149 2150 2151 2152 2153 2154 257 2502 376 627 1495 1895 2171 1252 1896 1494 1890 538 154 67
1706 1706 217 2438 2439 218 460
1712 1712 551 553 552 131 290 1656 132 130 229 1661 2548 231 230 133 295 2454 2488 745 210 160 2127 539 286 259 2133 1546 62 167 110 632 2227 2228 358 393
1715 1715 687 1118 704 189 2004 2255 469 2256 2254 2391 520 306 613 2208 2041 2040 2133 294 1457
1730 1730 707
1731 1731 1732
1732 1732 1731
1734 1734 316 610 2190 2191 2192 140 116 2193 115 138 139
1736 1736 2467 2468 2469 2470 718 1850 1884 646 1370 2466 541 2571 377 156 31 2220 2221 2472 1747 1349 208 626 2455 2492 1847 402 628 378 211 1985 2136 2137 2138 2139 1353 257 2502 376 627 2471 2428 1992 2272 1553 1495 1895 2171 1252 526 573 6 2132 619 740 2273 351 524 1561 1494 1896 1890 209 2134 2135 538 2164 2446 15 2035 2381 2382 67 1347 467 2133 69 109 530 260 20 535 720 494 673 2434 1699 536 49 302
1742 1742 267 391 392 390
1744 1744 368 2209 1264 1351 371 2210 2211 2212 2213 2214
1747 1747 156 1349 541 377 2220 2221 2472 378 1736 2471 2428 208 1370 1992 2272 646 2467 2468 2469 2470 718 1850 1884 526 211 1353 1985 2136 2137 2138 2139 6 2273 619 351 740 524 1561 2466 2164 1553 2035 2381 2382 2571 2132 209 2134 2135 1347 467 2133 69 1699 302 292 2163 236 31 2377 2378 2379 2434 2380
1837 1837 178 179 2087 143 142 748 2510 2513 2507 225 2504 747 1945 269 2511 2512 95 497 2505 2506 2143 1950 603 1336 90 96 1939 458 2142 2508 85 2048 58 207 299 2509 389 93 287 2044 2132 2218 2219 375 129 82 79 84 2045 2046 1957 2266 2181 2475 2083 60 80 144 94 721 83 547 2084 1515 749 2047 456 1997 2280 2281 2282 2283 2284 2285 2286 2287 2288 2289 2290 2291 2292 2293 2294 2295 2296 2297 2298 2299 2300 2301 2302 2303 2304 2305 2306 2307 2308 2309 2310 2311 2312 2313 2314 2315 2316 2317 2318 2319 2320 2321 2322 2323 2324 2325 2326 2327 2328 2329 2330 2331 2332 2333 2334 2335 2336 2337 2338 2339 2340 2341 2342 2343 2344 2345 2346 2347 2348 2349 2350 2351 2352 2353 2354 550 1329
1847 1847 31 626 2455 2492 402 628 376 257 2502 627 1495 1895 2171 1252 573 1896 1494 1890 538 2446 15 67 109 530 260 20 1736 535 720 494 673 718 646 2467 2468 2469 2470 1850 1884 536 49 2503 137 1516 1370 2466 732 2495 1705 541 605 1613 2571 110 2042 581 2243 2244 648 2370 2387 377 161 393 156 2144 625 69 2388 2389 2390 294 160 2220 2221 2472 167 466
1850 1850 1736 2467 2468 2469 2470 718 1884 646 1370 2466 541 2571 377 156 31 2220 2221 2472 1747 1349 208 626 2455 2492 1847 402 628 378 211 1985 2136 2137 2138 2139 1353 257 2502 376 627 2471 2428 1992 2272 1553 1495 1895 2171 1252 526 573 6 2132 619 740 2273 351 524 1561 1494 1896 1890 209 2134 2135 538 2164 2446 15 2035 2381 2382 67 1347 467 2133 69 109 530 260 20 49 535
1851 1851 2177 23 386 2229 2230 2231 387 1243
1863 1863 1864
1864 1864 1863
1870 1870 315 2427
1871 1871 365 724 2479 2480
1882 1882 1883
1883 1883 1882
1884 1884 1736 2467 2468 2469 2470 718 1850 646 1370 2466 541 2571 377 156 31 2220 2221 2472 1747 1349 208 626 2455 2492 1847 402 628 378 211 1985 2136 2137 2138 2139 1353 257 2502 376 627 2471 2428 1992 2272 1553 1495 1895 2171 1252 526 573 6 2132 619 740 2273 351 524 1561 1494 1896 1890 209 2134 2135 538 2164 2446 15 2035 2381 2382 67 1347 467 2133 69 109 530 260 20 49 535
1887 1887 1888
1888 1888 1887
1890 1890 1895 1896 31 626 2455 2492 1847 402 628 257 2502 376 627 1495 2171 1252 573 1494 538 2446 15 67 109 530 260 20 1736 535 720 494 673 718 646 2467 2468 2469 2470 1850 1884 536 49 2503 137 1516 1370 2466 732 2495 1705 541 605 1613 2571 110 2042
1895 1895 1896 1890 31 626 2455 2492 1847 402 628 257 2502 376 627 1495 2171 1252 573 1494 538 2446 15 67 109 530 260 20 1736 535 720 494 673 718 646 2467 2468 2469 2470 1850 1884 536 49 2503 137 1516 1370 2466 732 2495 1705 541 605 1613 2571 110 2042 581 2243 2244 648
1896 1896 1895 1890 31 626 2455 2492 1847 402 628 257 2502 376 627 1495 2171 1252 573 1494 538 2446 15 67 109 530 260 20 1736 535 720 494 673 718 646 2467 2468 2469 2470 1850 1884 536 49 2503 137 1516 1370 2466 732 2495 1705 541 605 1613 2571 110 2042
1899 1899 1987
1900 1900 2493 304 1327 2406 2407 2408 2409 2410 2411 2412 2413 754 755 2267 104 2102 69 30 2096 2246 2414 715 2097 2217 2132 49 2095 209 2134 2135 1347 467 2098 2099 2100 2101 2133 2042 648 208
1901 1901 730 1902 1903 1978
1902 1902 730 1901 1903 1978
1903 1903 730 1901 1902 1978
1904 1904 2049
1923 1923 2567 235 2159 2161 2162 2072 2157 2158 2160 2416 301 358 673 625 294 456 152 486 487 2503 1520 141 2537 1613 2502 190 746 2071 320 1457 2080 749 2182 293 2391 2079 2081 614 288 1302 295 107 2085 153 151 686 2449 2370 306 2155 2179 606 599 2127 51 149 2450 2451 2452 1640 195 84 60 1621 1620 2445 1704 128 150 101 73 2043 2075 2076 2078 2123 2126 25 79 2180 2548 231 58 1270 2083 471 230 2218 2219 2077
1927 1927 1615 1617 1931
1929 1929 2498 608 2499 2173 609
1930 1930 2001
1931 1931 1615 1617 1927
1933 1933 1934
1934 1934 1933
1939 1939 497 458 748 2513 269 225 2511 2512 1950 178 179 1837 2143 143 2510 2142 142 2087 2507 1945 2504 747 58 2505 2506
1945 1945 2510 2508 2507 2504 747 2505 2506 2509 389 603 1336 90 85 178 96 58 269 2048 179 1837 2218 2219 225 2044 2511 2512 1950 82 287 93 143 748 2087 95 79 2143 2045 2046 84 142 2513 2475 2142 1957 83 2181 2266 2083 60 80 144 721 207 299 2047 94 2084 1515 497 749 2132 375 129 456 1939 458 1341 155 1248 2537 228 388 126 639 154 471 2156 2238 2239 2067 151 2258 615 2500 288 1302
1950 1950 269 2511 2512 748 2510 225 2513 2143 2142 143 497 2507 178 142 1945 1939 458 179 1837 58 2087 2504 747 2044 2505 2506 85 603 1336 90 79 96 2508 2218 2219 2475 2048 95 2509 389 2083 60 80 144 287 93 721 82 84 2084 1515
1953 1953 2528 756 162 2275 2276 1497 2355 70 259 110 2227 2228 2243 2244 2488 745 161 393 539 160 167 286 361 1546 62 632 67 133 1320 260 109 530 2454 494
1957 1957 228 2156 2048 81 500 2529 2530 2531 2532 2533 2534 2535 2536 1958 287 93 2086 96 95 1350 2124 2125 2181 2266 296 2504 747 94 1336 207 299 2087 2505 2506 2507 2132 195 375 129 90 603 1945 388 85 2508 2123 2126 2238 2239 389 2509 178 2127 2510 179 1837 58 2218 2219 82 2044 2045 2046 69 358 143 84 295 79 83
1958 1958 81 2529 2530 2531 2532 2533 2534 2535 2536 2086 1957 1350 228 2156 2048 500 287 93 96 95 2124 2125 2181 2266 2504 747 94
1966 1966 1100
1973 1973 2563 2564
1977 1977 2440 1531 1528
1978 1978 730 1901 1902 1903
1985 1985 208 2136 2137 2138 2139 1353 211 1553 1370 2132 541 209 2134 2135 1347 467 2133 69 377 156 2434 2220 2221 2472 1736 1747 1349 1355 1412 669 95 49 2467 2468 2469 2470 646 1850 1884 718 378 88 613 2471 2428 2466 1992 2272 2494 2208 207 299 526 2042 2571 133 6 2273 619 351 740 524 1561 2087 375 129 2041 648 2164 1336 2454 2035 2381 2382 304 2040 2048 210 2488 745 130 1327 2406 2407 2408 2409 2410 2411 2412 2413 754 755 67
1987 1987 1899
1992 1992 351 740 1561 377 2220 2221 2472 378 2471 2428 2272 156 526 6 2273 619 1747 524 1349 2164 2035 2381 2382 541 1736 208 1370 646 2467 2468 2469 2470 1850 1884 718 1985 2136 2137 2138 2139 1353 211 1699 2466 302 1553 292 2163 236 2377 2378 2379 2571 2132 2380 209 2134 2135 480 1347 467 2133 605
1993 1993 1994 480 302 2377 2378 2379 292 6 2380 2035 2381 2382 605 494 377 2220 2221 2472
1994 1994 1993 480 302 2377 2378 2379 292 6 2380 2035 2381 2382 605 494 377
1997 1997 547 2280 2281 2282 2283 2284 2285 2286 2287 2288 2289 2290 2291 2292 2293 2294 2295 2296 2297 2298 2299 2300 2301 2302 2303 2304 2305 2306 2307 2308 2309 2310 2311 2312 2313 2314 2315 2316 2317 2318 2319 2320 2321 2322 2323 2324 2325 2326 2327 2328 2329 2330 2331 2332 2333 2334 2335 2336 2337 2338 2339 2340 2341 2342 2343 2344 2345 2346 2347 2348 2349 2350 2351 2352 2353 2354 550 1329 2256 104 2087 613 673 2208 2503 189 2041 1613 2502 2255 469 2040 95 178 2254 2133 304 179 1837
1998 1998 1999
1999 1999 1998
2001 2001 1930
2004 2004 704 1118 687 1715 189 2255 469 2256 2254 2391 520 306 613 2208 2041 2040
2007 2007 2580 185 2117 2119 2120 2121 2122 2118 210 196 194 496 364 183 2092 248 195 12 2123 2126 11 2124 2125 2127 133 296 2454 500 2488 745 130 358 295 539 160 486 487 286 228 259 132 2133 110
2015 2015 2588 2589 2587 2590 2591 2592
2021 2021 594
2024 2024 2070
2025 2025 2026 2027
2026 2026 2025 2027
2027 2027 2025 2026
2029 2029 46
