513 513 2271 517 2515
6 6 2035 2381 2382 302 292 2377 2378 2379 377 2380 480 605 2220 2221 2472 378 2471 1993 2272 156 1992 494 2428 526 1994 2273 1747 1561 619 740 351 524 1349 2164 541 1736 208 1370 646 2467 2468 2469 718 2470 1850 1884 2136 2137 2138 2139 1353 1985 211 2466 67 1699 1553 2132 209 2134 2135 2571 260 530 109 2163 236
12 12 11 183 2092 248 185 2117 2119 2120 2121 2122 196 2118 210 2007 194 496 2580 364 195 2123 2126 2127 500 2124 2125 133 296
524 524 2272 2273 619 377 2220 2221 2472 378 2471 156 1992 2428 6 526 1747 1561 740 351 1349 2164 541 1736 2035 2381 2382 208 1370 646 2467 2468 2469 718 2470 1850 1884 2136 2137 2138 2139 1353 1985 211 2466 302 1699 292 1553 2132 2377 2378 2379
526 526 2471 2164 377 1699 2220 2221 2472 2163 236 378 2272 156 1992 2428 6 524 2273 1747 1561 619 740 351 1349 541 1736 2035 2381 2382 208 1370 646 2467 2468 2469 718 2470 1850 1884 2136 2137 2138 2139 1353 1985 211 2466 302 292 1553 2132 2377 2378 2379 209 2134 2135 2571
15 15 573 2446 137 1705 2495 732 31 581 626 628 2455 2492 402 1847 2387 257 627 376 2502 1495 1895 2144 2388 2389 2390 2171 1252 67 1896 1494 1890 538 1736 20 260 530 109 494 673 535 646 2467 2468 2469 718 2470 1850 1884 49 720 1370 2466 2503 1516 226 541 536
1550 1550 2369 1551 2365 2366 2370 2364 1613 673 2503 2502
529 529 533
530 530 67 260 109 494 49 110 605 2042 31 2243 2244 648 393 161 69 626 628 2455 2492 402 1847 160 167 257 627 376 2502 361 292 1495 1895 162 573 2171 1252 133 2132 2380 1896 1494 1890 2275 2276 1497 538 209 2134 2135 2446 15 2133 2377 2378 2379 2454 467 1347 2355 1736 20 1953 745 130 210 2488 259 302 673 539 70 535 6 646 2467 2468 2469 718 2470 1850 1884 1370 286 720 208 137 304
19 19 18 2036
1553 1553 2434 1412 1355 669 208 88 2136 2137 2138 2139 1353 1985 211 2494 1370 2132 541 209 2134 2135 467 1347 2133 69 377 156 1736 2220 2221 2472 95 1747 1349 49 378 613 646 2467 2468 2469 718 2470 1850 1884 2471 2272 1992 2466 2428 133 6 299 2208 207 526 2042 2087 2273 1561 619 740 351 524 2041 2571 1336 2164 304 2454 2035 2381 2382 375 129
21 21 22
533 533 529
535 535 536 538 376 31 626 628 2455 2492 402 1847 257 627 2502 1495 1895 573 2171 1252 67 1896 1494 1890 2446 15 1736 20 260 530 109
536 536 535 538 376 31 626 628 2455 2492 402 1847 257 627 2502 1495 1895 573 2171 1252 67 1896 1494 1890 2446 15
538 538 535 376 536 31 626 628 2455 2492 402 1847 257 627 2502 1495 1895 573 2171 1252 67 1896 1494 1890 2446 15 1736 20 260 530 109 494 673 646 2467 2468 2469 718 2470 1850 1884 49 720 137 1370 2466 2503 1516 541
539 539 632 1320 259 133 2488 745 2227 2228 2454 286 210 130 160 62 1546 162 2133 110 132 167 1497 2275 2276 2355 2243 2244 1953 393 161 70 467 1347 185 613 756 2528 361 69 2134 2135 209 67 1712 2117 2119 2120 2121 2122 2208 208 196 2118 2007 194 2041 49 260 530 109 131 290 551 552 553 2132 183 494
540 540 1396 2274 298
541 541 156 1747 1349 1736 208 1370 646 2467 2468 2469 718 2470 1850 1884 211 2136 2137 2138 2139 1353 1985 377 2466 1553 2132 2220 2221 2472 209 2134 2135 2571 378 467 1347 2133 69 2471 2272 1992 31 2428 6 526 2434 619 2273 1561 740 351 524 2164 626 628 2455 2492 402 1847 95 49 2035 2381 2382 1355 1412 669 257 627 376 2502 613 1495 1895 88 573 133 2171 1252 299 2208 207 302 2042 67 1699 292 1896 1494 1890 2494 2087 538 2041 2446 15
30 30 2414 715 2267 304 1327 2406 2407 2408 2409 2410 2411 2412 2413 754 755 2493 1900 104 2102 69 2096 2246 2097 2132 49 209 2134 2135 2217
31 31 626 628 2455 2492 402 1847 257 627 376 2502 1495 1895 573 2171 1252 67 1896 1494 1890 538 2446 15 1736 20 260 530 109 494 673 535 646 2467 2468 2469 718 2470 1850 1884 49 720 137 1370 2466 2503 1516 541 536 732 1705 2495 110 605 1613 2571 2042 581 2243 2244 377 2387 648 156 161 393 2370 69 625 160 294 2144 235 2220 2221 2472 208 2388 2389 2390 167 466 2158 2160 1349 1747 361 301 378 292 1520 162
545 545 543
34 34 2039
547 547 1997 550 2280 2281 2282 2283 2284 2285 2286 2287 2288 2289 2290 2291 2292 2293 2294 2295 2296 2297 2298 2299 2300 2301 2302 2303 2304 2305 2306 2307 2308 2309 2310 2311 2312 2313 1329 2314 2315 2316 2317 2318 2319 2320 2321 2322 2323 2324 2325 2326 2327 2328 2329 2330 2331 2332 2333 2334 2335 2336 2337 2338 2339 2340 2341 2342 2343 2344 2345 2346 2347 2348 2349 2350 2351 2352 2353 2354 2256 104 2087 613 673 2208 2503 189 2041 2502 1613 95 2255 469 178 2040 2133 2254 304 2391 687 2370 1837 179 299 207 625 294 520 1327 2406 2407 2408 2409 2410 2411 2412 2413 754 755 235 306 2132
550 550 547 1997 2280 2281 2282 2283 2284 2285 2286 2287 2288 2289 2290 2291 2292 2293 2294 2295 2296 2297 2298 2299 2300 2301 2302 2303 2304 2305 2306 2307 2308 2309 2310 2311 2312 2313 1329 2314 2315 2316 2317 2318 2319 2320 2321 2322 2323 2324 2325 2326 2327 2328 2329 2330 2331 2332 2333 2334 2335 2336 2337 2338 2339 2340 2341 2342 2343 2344 2345 2346 2347 2348 2349 2350 2351 2352 2353 2354 2256 104 2087 613 673 2208 2503 189 2041 2502 1613 95 2255 469 178 2040 2133 2254 304
555 555 2358
49 49 2042 648 69 67 260 530 109 494 2132 209 2134 2135 467 1347 2133 110 605 31 208 304 2243 2244 393 161 95 160 626 628 2455 2492 402 1847 2136 2137 2138 2139 1353 1985 211 1327 2406 2407 2408 2409 2410 2411 2412 2413 754 755 2493 613 133 167 257 627 376 2502 1370 1553 1900 104 2267 361 1495 1895 292 541 162 573 299 2208 207 2454 2102 2171 1252 2087 2041 1896 1494 1890 2380 745 130 210 2488 1336 2275 2276 1497 538 2446 15 375 129 539 377 2377 2378 2379 2048 259 2355 30 286 1736 156 20 2040 2096 2246 1953
51 51 73 2043 101 141 2071 320 2072 107 128 43 235 2057 2058 2159 2161 2162 2157 1923 2158 2160 301 2416 2567
60 60 1341 749 639 84 58 79 456 2218 2219 2044 2537 85 82 154 2475 2083 80 288 1302 2510 2045 2046 2258 615 721 144 2084 1515 90 603 2508 2155 606 2179 471 83 2504 747 1945 2507 625 155 1248 294 2505 2506 235 126 1336 389 2509 2180 2158 2160 2047 1521 301 151 1520 178 96 2159 2161 2162 2067 269 673 358 2048 2500 152 1457 226 225 1317 1525 2437 1523 1247 2072 2157 1923 746 1837 179 2391 2182 2511 2512 190 287 93 143 2066 748 1950 686 95 2503 487 486 153 1517 293 2145 2146 2147 2148 2149 2150 2151 2152 2153 2154 2416 2567 2087 306
573 573 2446 15 137 1705 2495 732 31 581 626 628 2455 2492 402 1847 2387 257 627 376 2502 2144 1495 1895 2388 2389 2390 2171 1252 67 1896 1494 1890 538 1736 20 260 530 109 494 673 535 646 2467 2468 2469 718 2470 1850 1884 49 720 1370 2466 2503 1516 226 541 536 110 605 1613 2571 2042 2145 2146 2147 2148 2149 2150 2151 2152 2153 2154
66 66 366 2460 2461 265 2176
69 69 2132 49 209 2134 2135 467 1347 2133 2042 208 304 648 95 67 2136 2137 2138 2139 1353 1985 211 1327 2406 2407 2408 2409 2410 2411 2412 2413 754 755 2493 613 1370 1553 1900 2267 104 260 530 109 541 133 299 2208 207 2102 494 2087 2041 1336 2454 375 129 2048 110 377 30 160 210 2488 745 130 2040 156 2096 2246 605 539 2434 189 1736 2097 286 2243 2244 2220 2221 2472 2414 715 167 31 1747 1349 259 393 161 378 1355 1412 669 2255 469 132 646 2467 2468 2469 718 2470 1850 1884 2217 62 1546 1957 287 93 2095 2471 632 88 2504 747 178 2256 2254 2272 1992 626 628 2455 2492 402 1847 2466 96 2227 2228
581 581 2144 137 1705 2495 732 2387 573 226 2388 2389 2390 2446 15 2145 2146 2147 2148 2149 2150 2151 2152 2153 2154 154 2258 615 31 471 626 628 2455 2492 402 1847 257 627 376 2502 1521 84 1495 1895
73 73 51 2043 101 141 2071 320 2072 107 128 43 235 2057 2058 2159 2161 2162 2157 1923
75 75 2417
1100 1100 1966
590 590 1284 2522 2054 2055
1615 1615 1927 1617 1931
79 79 84 58 2218 2219 60 2044 456 749 85 82 154 2475 2083 80 1341 2510 2537 2045 2046 2258 615 721 144 2084 1515 90 603 2508 639 471 83 2504 747 1945 2507 288 1302 155 1248 2505 2506 126 1336 389 2509 2047 1521 2155 606 2179 151 178 96 625 2067 269 294 2048 2500 235 226 225 1317 1525 2437 1523 1247 2180 2158 2160 1837 179 2511 2512 301 287 93 143 1520 2066 748 1950 95 1517 152 2159 2161 2162 2145 2146 2147 2148 2149 2150 2151 2152 2153 2154 673 358 2087 2143 1457 153 2072 2157 1923 2144 746 142 2068 2069 2513 2142 2391 1957 2182 190
594 594 2021
596 596 2376 2375 2517 1294 2516
85 85 2218 2219 2508 2504 747 84 2505 2506 58 90 1336 603 1945 389 2509 2507 79 96 2044 60 82 2510 2048 178 2475 287 93 456 749 2045 2046 2083 80 95 154 1837 179 1341 83 2087 721 144 2537 1957 2084 1515 2258 615 2181 2266 143 269 639 2047 225 155 1248 471 299 207 748 288 1302 126 2511 2512 2132 94 142 1950 151 375 129 2143 2513 2155 606 2179 228 2067 1521 2142 2500 388 625 294 235 497 2180 2158 2160 226 2156 2066
1620 1620 25 1621 2182 1270 2449 293 752 514 190 746 1272 625 294 301 599 1520 2158 2160 2445 1457 673 358 2391 456 152 235 686 2503 487 486 306 2537 2159 2161 2162 2450 2451 1640 2452 2502 1613 749 2080 2072 2157 1923 288 614 2079 2081 295 1302 153 151 2085
599 599 2445 190 746 301 293 2182 2449 625 1621 1620 294 1520 25 2158 2160 1270 235 673 358 752 456 152 1457 514 2159 2161 2162 2391 2503 487 486 686 2072 2157 1923 2537 2502 1613 1272 306 749 2080 2450 2451 1640 2452 2416 2567 288 614 2079 2081 295 1302 153 151
88 88 2494 2434 1412 1355 669 1553 208 2136 2137 2138 2139 1353 1985 211 1370 2132 541 209 2134 2135 467 1347 2133 69
601 601 401 2514 2383 2384
603 603 82 2508 2504 747 90 2045 2046 2505 2506 1336 1945 83 389 2509 85 2507 96 2047 2048 2218 2219 84 58 178 2510 287 93 79 95 2044 1837 179 60 2087 1957 2475 2181 2266 143 456 2083 80 749 269 299 207 225 748 154 2132 1341 721 144 94 142 2511 2512 2537 2084 1515 1950 375 129 2513 228 2143 2258 615 155 1248 639 388 471 2142 288 1302 126 497 2156 151
604 604 2063
93 93 2266 96 94 2048 287 1957 2181 2504 747 95 1336 2505 2506 2507 90 603 1945 228 85 2508 388 299 207 2087 178 2132 2510 2156 58 389 2509 2238 2239 375 129 2218 2219 81 82 1837 179 2044 500 2529 2530 2531 2532 2533 2534 2535 2536 1958 2045 2046 143 84 79 2086 83 748 2475 269 225 2083 80 60 142 69 2511 2512 456 1350 2047 2513 721 144 1950 2124 2125
606 606 288 2155 456 2537 749 1302 84 2179 60 625 294 58 235 79 2180 2158 2160 301 2218 2219 1520 2044 2159 2161 2162 1341 673 358 1457 152 2072 2157 1923 746 2391 2182 190 82 154 2475 639 85 686 2503 487 486 2083 80 293 2416 2567 306 2510 2502 1613 2449 2045 2046 2258 615 721 621 144
608 608 2173 609 1929 2498 2499
609 609 608 2173 1929 2498 2499
610 610 1734 2190 316 2191 2192 140 116 2193 115 138 139
100 100 99
101 101 51 73 2043 141 2071 320 2072 107 128 43 235 2057 2058 2159 2161 2162 2157 1923
104 104 304 1327 2406 2407 2408 2409 2410 2411 2412 2413 754 755 2493 1900 2267 547 2102 69 1997 550 2280 2281 2282 2283 2284 2285 2286 2287 2288 2289 2290 2291 2292 2293 2294 2295 2296 2297 2298 2299 2300 2301 2302 2303 2304 2305 2306 2307 2308 2309 2310 2311 2312 2313 1329 2314 2315 2316 2317 2318 2319 2320 2321 2322 2323 2324 2325 2326 2327 2328 2329 2330 2331 2332 2333 2334 2335 2336 2337 2338 2339 2340 2341 2342 2343 2344 2345 2346 2347 2348 2349 2350 2351 2352 2353 2354 30 2256 2096 2246 2087 2097 2414 715 613 2132 49 673 209 2134 2135 2217 2133 2095 467 1347 2208 2503 189 95 2041 2098 2099 2100 2101 2042 2502 1613 208 2255 469 178 2040
616 616 2262 2263 2264
618 618 2268 705 2269 2270
107 107 128 141 43 2071 320 2072 2057 2058 51 73 2043 101 235 2159 2161 2162 2157 1923 2158 2160 301 2416 2567 673 358 625 456 152 294
619 619 2272 2273 524 377 2220 2221 2472 378 2471 156 1992 2428 6 526 1747 1561 740 351 1349 2164 541 1736 2035 2381 2382 208 1370 646 2467 2468 2469 718 2470 1850 1884 2136 2137 2138 2139 1353 1985 211 2466 302 1699 292 1553 2132 2377 2378 2379
621 621 2359 2360 2361 2362 1540 2180 1302 466 2179 2249 684 2568 2420 1516 464 456 2421 124 465 2248 2537 20 749 288 720 84 2155 606
109 109 67 260 530 494 49 110 605 2042 31 2243 2244 648 393 161 69 626 628 2455 2492 402 1847 160 167 257 627 376 2502 361 292 1495 1895 162 573 2171 1252 133 2132 2380 1896 1494 1890 2275 2276 1497 538 209 2134 2135 2446 15 2133 2377 2378 2379 2454 467 1347 2355 1736 20 1953 745 130 210 2488 259 302 673 539 70 535 6 646 2467 2468 2469 718 2470 1850 1884 1370 286 720 208 137 304
1648 1648 1649
625 625 1520 2158 2160 746 301 673 358 293 2182 190 294 456 152 235 2503 487 486 2449 2537 2502 1613 2159 2161 2162 1621 1620 599 1457 749 2080 2072 2157 1923 2391 288 614 2079 2081 295 1302 25 1270 153 151 686 2445 2085 2370 2416 2567 306 84 195 2155 2127 606 2179 149 752 60 2450 2451 1640 2452 1704 514 58 150 79 231 2548 2180 2123 2126 2075 2076 2078 471 2083 2218 2219 2124 2125 141 230 2077 1272 2044 155 1341 189 296 2084 31 500 229 2369 2071 320 2082 82 154 2475 639 85 2255 469 2256 547 107 80 626 628 2455 2492 402 1847 1661
115 115 116 2193 2190 2191 2192 140 610 138 1734 139 316
1655 1655 2443 2444
632 632 1320 539 259 133 2488 745 2227 2228 2454 286 210 130 160 62 1546 162 2133 110 132 167 1497 2275 2276 2355 2243 2244 1953 393 161 70 467 1347 185 613 756 2528 361 69 2134 2135 209
1656 1656 229 1712 1661 290 551 552 553 131 231 2548 132 230 295 130 2127 358 133 487 486 195 2454 2123 2126 210 2488 745
1551 1551 2369 1550 2365 2366 2370 2364 1613 673 2503 2502
126 126 2067 2066 80 2068 2069 1515 1248 2500 58 1517 2044 79 2218 2219 2475 2083 60 2510 84 721 144 85 456 2084 749 2508 2504 747 1945 2507 155 1341 2505 2506 2537 90 1336 603 389 2509 82 151 178 639 96
639 639 1341 60 749 84 58 79 456 2218 2219 2044 2537 85 82 154 2475 2083 80 288 1302 2510 2045 2046 2258 615 721 144 2084 1515 90 603 2508 2155 606 2179 83 471 2504 747 1945 2507 625 155 1248 294 2505 2506 235 126 1336 151
129 129 299 95 207 2132 2087 1336 375 2048 1957 287 93 178 69 2504 747 96 2508 2505 2506 1837 179 208 90 603 1945 2507 2181 2266 85 209 2134 2135 389 2509 228 2510 143 49 2136 2137 2138 2139 1353 1985 211 467 1347 2133 94 58 748 1370 1553
130 130 132 133 2454 1712 210 2488 745 160 539 131 290 551 552 553 286 1656 2133 259 110 167 62 1546 632 2227 2228 2243 2244 1320 393 161 229 467 1347 185 613 361 69 2134 2135 209 1661 67 162 2117 2119 2120 2121 2122 2208 208 196 2118 2007 194 2041 49 231 2548 1497 260 530 109 2275 2276 2132 183 230 494 2355 2136 2137 2138 2139 1353 1985 211 496 2580 364 2040
131 131 1712 290 551 552 553 1656 132 130 229 1661 231 2548 230 133 295 2454 210 2488 745 160 539 2127 286
132 132 130 1712 131 290 551 552 553 1656 133 2454 210 2488 745 160 229 539 286 2133 259 1661 110 167 62 1546 632 2227 2228 231 2548 2243 2244 230 1320 393 161 467 1347 295 185 613 361 69 2134 2135 209 67 162 2117 2119 2120 2121 2122 2208 208
133 133 2454 210 2488 745 130 160 539 286 2133 259 110 132 167 62 1546 632 2227 2228 2243 2244 1320 393 161 467 1347 185 613 361 69 2134 2135 209 67 162 1712 2117 2119 2120 2121 2122 2208 208 196 2118 2007 194 2041 49 1497 260 530 109 2275 2276 131 290 551 552 553 2132 183 494 2355 1656 2136 2137 2138 2139 1353 1985 211 496 2580 364 2040 1953 189 1370 1553 2042 195 2092 248 70 541 756 2528 12 605 2255 469 648 2123 2126
136 136 2203 2204
139 139 138 140 2190 2191 2192 610 116 2193 115 1734 316
143 143 142 225 178 1837 179 2143 2142 2511 2512 748 2510 2087 269 2513 1950 2507 1945 497 2504 747 1939 458 95 2505 2506 58 90 96 1336 603 2508 85 2048 2044 2218 2219 299 207 389 2509 287 93 79 2132 82 2475 375 129 84 2083 80 60 1957 144 2045 2046 2181 2266 721 456
144 144 2475 721 58 2044 79 2218 2219 2083 80 60 2510 84 85 456 2084 1515 749 2508 2504 747 1945 2507 155 1341 1248 2505 2506 2537 126 90 1336 603 389 2509 82 151 178 639 96 471 288 1302 2067 269 2048 2500 154 225 2045 2046 1837 179 143 2511 2512 287 93 2155 606 2179 2066 748
1685 1685 2207 2128 199
150 150 1704 614 149 2075 2076 2078 2077 2080 2079 2081 152 153 151 2085 2082 471 2083 155 625 294 2084 235 2158 2160 301 1520 2159 2161 2162 673 358 154 1457 456 2072 2157 1923 746 2391 2182 190
151 151 471 153 2083 155 152 2084 149 2085 2080 614 2079 2081 2075 2076 2078 154 2077 150 1704 2258 615 58 2082 625 294 235 2158 2160 2044 84 301 1520 1521 79 456 2159 2161 2162 673 358 2218 2219 2475 1457 2072 2157 1923 80 60 746 226 2391 1317 1525 2437 1523 1247 749 2182 190 2537 2510 686 2503 487 486 721 144 85 293 2416 2567 1515 2145 2146 2147 2148 2149 2150 2151 2152 2153 2154 2508 306 2502 1613 2449 82 2504 747 1945 288 1302 2507 2450 2451 1640 2452 1341 1248 2144 2505 2506 1621 1620 295 599 126 90 1336 603 389 2509
152 152 2080 614 2079 2081 153 151 2085 149 625 294 1704 235 150 2158 2160 2075 2076 2078 471 301 1520 2077 2083 2159 2161 2162 673 358 155 1457 456 2072 2157 1923 746 2391 2082 2084 2182 190 686 2503 487 486 293 2537 2416 2567 306 2502 1613 2449 749 2450 2451 1640 2452 154 1621 1620 288 295 1302 599 58 25 141 1270 2258 615 2370 60 84 195 2155 2127 606 2179 2445 189 79 2044 2071 320 752 2218 2219 231 2548 2180 2123 2126 107 2255 469 514 2475 1521
156 156 1747 1349 541 377 2220 2221 2472 378 1736 2471 208 2272 1992 1370 2428 6 646 2467 2468 2469 718 2470 1850 1884 526 211 2136 2137 2138 2139 1353 1985 2273 1561 619 740 351 524 2466 2164 1553 2035 2381 2382 2132 209 2134 2135 2571 467 1347 2133 69 302 1699 292 31 2377 2378 2379 2434 2163 236 2380 626 628 2455 2492 402 1847 95 480 49 605 1355
669 669 2434 1412 1355 1553 88 2494 208 2136 2137 2138 2139 1353 1985 211 1370 2132 541 209 2134 2135 467 1347 2133 69 377
161 161 361 110 2243 2244 393 160 167 67 162 133 260 530 109 2275 2276 1497 2454 2355 494 1953 49 210 2488 745 130 259 539 70 286 756 2528 2227 2228 605 2133 2042 132 62 1546 31 632 69 648 626 628 2455 2492 402 1847 1320
162 162 2275 2276 1497 2355 1953 70 259 756 2528 110 2227 2228 2243 2244 2488 745 393 161 539 160 286 167 361 67 62 1546 632 133 260 530 109 1320 2454 494 49 210 130 605 2133 2042 132 31
163 163 2232 2233 2234 2235 2236 2237
1699 1699 2163 236 2164 2471 526 377 2220 2221 2472 378 2272 156 1992 2428 6 524 2273 1747 1561 619 740 351 1349 1736 2035 2381 2382 541 208
166 166 2453
172 172 266 2569 2570
686 686 2450 2451 1640 2452 1457 294 2158 2160 2391 301 673 358 306 625 2182 456 152 235 2503 487 486 190 1520 2449 746 2537 2502 1613 2159 2161 2162 1621 293 1620 749 2080 189 2072 2157 1923 288 614 2079 2081 295 1302 25 1270 599 153 151 2085 2255 469 2370 2416 2567 84 195 2155 2127 606 2179 149 752 2256 2254 2445 60
174 174 470 2257
179 179 178 1837 2087 143 748 2510 142 2513 2504 747 2507 225 1945 269 95 497 2511 2512 2505 2506 90 96 1336 603 2143 85 1950 2508 2142 2048 58 1939 458 299 207 287 93 389 2509 2218 2219 2132 2044 82 79 375 129 84 1957 2475 2045 2046 2181 2266 2083 80 60 547 83 144 721 456 94 2084 1515 749
1206 1206 2544 2545
183 183 2092 248 12 11 185 2117 2119 2120 2121 2122 196 2118 210 2007 194 496 2580 364 195 2123 2126 2124 2125 2127 133 296 500 2454 358 2488 745 130 295 160 539
189 189 2255 469 2256 2254 2391 687 613 520 1715 306 1118 2208 2041 704 2040 2133 294 2004 1457 547 2158 2160 467 1347 301 686 673 1997 69 550 2280 2281 2282 2283 2284 2285 2286 2287 2288 2289 2290 2291 2292 2293 2294 2295 2296 2297 2298 2299 2300 2301 2302 2303 2304 2305 2306 2307 2308 2309 2310 2311 2312 2313 1329 2314 2315 2316 2317 2318 2319 2320 2321 2322 2323 2324 2325 2326 2327 2328 2329 2330 2331 2332 2333 2334 2335 2336 2337 2338 2339 2340 2341 2342 2343 2344 2345 2346 2347 2348 2349 2350 2351 2352 2353 2354 2134 2135 209 358 625 2182 133 456 152 104 2450 2451 1640 2452 235 2503 2087 208 487 486 190 1520 2449 2502 1613 2132 2454 293 2537 746 2159 2161 2162
1732 1732 1731
199 199 2128 1685 2207
712 712 2487
715 715 30 2414 2267 304 1327 2406 2407 2408 2409 2410 2411 2412 2413 754 755 2493 1900 104 2102 69 2096 2246 2097
1742 1742 267 391 392 390
207 207 375 95 299 2132 2087 1336 129 2048 1957 287 93 178 69 2504 747 96 2508 2505 2506 1837 179 208 90 603 1945 2507 2181 2266 85 2510 209 2134 2135 389 2509 228 143 49 2136 2137 2138 2139 1353 1985 211 467 1347 2133 94 748 58 1370 1553 2156 2218 2219 142 82 541 547 81 388 225 2513 2042 2044 269
720 720 20 1516 1495 1494 466 2249 684 2568 31 2420 2180 464 626 628 2455 2492 402 1847 2421 257 627 376 2502 124 465 2248 1895 573 1302 2171 1252 67 1896 1890 538 2446 15 621 2179 1736 260 530 109
209 209 467 1347 69 2134 2135 2133 208 2132 49 2136 2137 2138 2139 1353 1985 211 1370 1553 541 613 2042 133 304 2208 95 648 377 2041 156 67 2454 1327 2406 2407 2408 2409 2410 2411 2412 2413 754 755 2434 2493 1736 210 2488 745 130 2220 2221 2472 1900 2267 104 2040 160 299 207 1747 260 530 109 1349 539 189 378 2087 1355 1412 669 286 2102 646 2467 2468 2469 718 2470 1850 1884 1336 494 110 2471 88 375 129 259 2272 1992 2048 2466 2255 469 132 2428 62 1546 167 6 393 2243 2244 632 526 30 2256 2254
208 208 2136 2137 2138 2139 1353 1985 211 1370 1553 2132 541 209 2134 2135 467 1347 2133 69 377 156 2434 1736 2220 2221 2472 95 1747 1349 49 378 1355 1412 669 613 646 2467 2468 2469 718 2470 1850 1884 2471 88 2272 1992 2466 2428 133 6 299 2208 207 526 2042 2494 2087 2273 1561 619 740 351 524 2041 2571 1336 2164 304 2454 2035 2381 2382 375 129 2048 648 210 2488 745 130 67 2040 1327 2406 2407 2408 2409 2410 2411 2412 2413 754 755 160 539 2493 189 31 286 1900 2267 104 110 260 530 109 302
211 211 208 2136 2137 2138 2139 1353 1985 1370 1553 541 2132 209 2134 2135 467 1347 2133 69 377 156 2434 1736 2220 2221 2472 95 1349 1747 49 378 1355 1412 669 613 646 2467 2468 2469 718 2470 1850 1884 2471 88 2272 1992 2466 2428 133 6 299 2208 207 526 2042 2494 2087 2273 1561 619 740 351 524 2041 2571 1336 2164 304 2454 2035 2381 2382 375 129 2048 648 210 2488 745 130 2040 67
212 212 214 213 216 2140 2141
724 724 2479 2480 1871 365
214 214 212 213 216 2140 2141
727 727 2491
217 217 218 1706 460 2438 2439
730 730 1901 1902 1903 1978
218 218 217 1706 460 2438 2439
732 732 137 1705 2495 581 2387 573 2144 2388 2389 2390 2446 15 31 226 626 628 2455 2492 402 1847 2145 2146 2147 2148 2149 2150 2151 2152 2153 2154 257 627 376 2502 1495 1895 2171 1252 67 1896 1494 1890
1243 1243 387 23 2229 2230 2231 386 2177 1851
1247 1247 1521 1317 1525 2437 1523 154 2258 615 471 84 155 226 151 79 2145 2146 2147 2148 2149 2150 2151 2152 2153 2154 2218 2219 2144 60 2083 82 456 749 2084 58
1248 1248 2500 80 1517 1515 126 2067 58 2066 2044 2068 2069 79 2218 2219 2475 2083 60 2510 84 721 144 85 456 2084 749 2508 2504 747 1945 2507 155 1341 2505 2506 2537 90 1336 603 389 2509 82 151 178 639 96 288 1302 471 269 154
224 224 223
226 226 2145 2146 2147 2148 2149 2150 2151 2152 2153 2154 2144 154 581 2258 615 471 1521 84 137 155 1317 1525 2437 1523 1247 1705 2495 732 151 79 2218 2219 2083 60 2387 573 82 2084 456 749 2388 2389 2390 2446 15 85 58
740 740 1992 1561 351 377 2220 2221 2472 378 2471 2272 156 2428 6 526 2273 1747 619 524 1349 2164 541 1736 2035 2381 2382 208 1370 646 2467 2468 2469 718 2470 1850 1884 2136 2137 2138 2139 1353 1985 211 2466 302 1699 292 1553 2132 2377 2378 2379
228 228 2156 1957 500 2124 2125 2048 296 81 195 2529 2530 2531 2532 2533 2534 2535 2536 1958 2123 2126 287 93 2086 2127 95 96 1350 2181 2266 2504 747 358 1336 295 299 207 185 94 2087 2505 2506 2507 2132 487 486 90 603 1945 85 375 129 2508 2117 2119 2120 2121 2122 388 178 196 2118 210 2007 194 58 231 2548 2510
233 233 234
745 745 259 133 2488 2227 2228 539 2454 286 210 130 160 62 1546 632 162 2133 110 132 167 1320 1497 2275 2276 2355 2243 2244 1953 393 161 70 467 1347 185 613 756 2528 361 69 2134 2135 209 67 1712 2117 2119 2120 2121 2122 2208 208 196 2118 2007 194 2041 49 260 530 109 131 290 551 552 553 2132 183 494 1656 2136 2137 2138 2139 1353 1985 211 496 2580 364 2040
234 234 233
748 748 2513 497 269 225 1939 458 178 2511 2512 1950 143 2510 1837 179 2143 2142 142 2087 2507 1945 2504 747 58 95 2505 2506 2508 90 96 1336 603 85 2044 2048 2218 2219 389 2509 79 299 207 287 93 2475 2132 2083 80 60 82 84 375 129 144 721
238 238 2168 2169
752 752 1270 514 25 1272 1621 1620 2182 2449 293 190 746 625 294 301 599 1520 2158 2160 2445 1457 673 358 2391 456 152 235 686 2503 487 486 306
753 753 382 2520 2521
756 756 1953 2528 162 2275 2276 1497 2355 70 259 110 2227 2228 2243 2244 2488 745 393 161 539 160 286 167 361 67 62 1546 632 133
1272 1272 514 1270 752 25 1621 1620 2182 2449 293 190 746 625 294 301 599 1520 2158 2160 2445
255 255 2170
257 257 2171 31 626 628 2455 2492 402 1847 627 376 2502 1495 1895 573 1252 67 1896 1494 1890 538 2446 15 1736 20 260 530 109 494 673 535 646 2467 2468 2469 718 2470 1850 1884 49 720 137 1370 2466 2503 1516 541 536 732 1705 2495 110 605 1613 2571 2042 581 2243 2244 377 2387
1284 1284 2522 590 2054 2055
1286 1286 1287
1287 1287 1286
265 265 2176 2460 2461 66 366
267 267 1742 391 392 390
269 269 1950 2511 2512 748 2510 225 2513 2143 497 2142 143 2507 178 1945 1939 458 142 1837 179 58 2087 2504 747 2044 2505 2506 85 90 1336 603 2508 79 96 2218 2219 2475 2048 95 2083 80 60 389 2509 84 287 93 82 144 721 456 2084 1515 749 299 207 155 1341 1248 2045 2046
1297 1297 147 1295 631 1647
1302 1302 2179 2180 456 2537 621 749 466 288 2359 2360 2361 2362 1540 2249 684 2568 84 2155 606 60 2420 1516 625 294 58 235 79 464 2158 2160 2421 301 2218 2219 1520 2044 2159 2161 2162 1341 673 358 124 465 2248 1457 20 152 2072 2157 1923 746 2391 2182 85 190 82 154 2475 639 686 2503 487 486 2083 80 293 720 2416 2567 306 2510 2502 1613 2449 2045 2046 2258 615 721 144 151 2080 2450 2451 1640 2452 2084 1515 90 603 2508 1621 1620 1495 614 2079 2081 295 599 83 471 2504 747 1945 2507 153 155 1248 2505 2506
286 286 62 1546 259 133 2488 745 2227 2228 539 2454 210 130 160 632 162 2133 110 132 167 1320 1497 2275 2276 2355 2243 2244 1953 393 161 70 467 1347 185 613 756 2528 361 69 2134 2135 209 67 1712 2117 2119 2120 2121 2122 2208 208 196 2118 2007 194 2041 49 260 530 109 131 290 551 552 553 2132
287 287 2181 96 2048 93 388 2238 2239 1957 2266 2504 747 95 1336 94 2505 2506 2507 90 603 1945 228 85 2508 299 207 2087 178 2132 2510 2156 58 389 2509 375 129 2218 2219 81 82 1837 179 2044 500 2529 2530 2531 2532 2533 2534 2535 2536 1958 2045 2046 143 84 79 2086 83 748 2475 269 225 2083 80 60 142 69 2511 2512 456 1350 2047 2513 721 144 1950 2124 2125
293 293 746 2182 190 2449 1621 1620 625 599 25 301 1270 1520 2445 752 2158 2160 294 514 673 358 235 456 152 1272 1457 2503 487 486 2391 2159 2161 2162 2537 686 2502 1613 2072 2157 1923 749 2080 306 288 614 2079 2081 295 1302 2450 2451 1640 2452 153 151 2085 2416 2567 2370 84 195 2155 2127 606 2179 149 60 1704 58
296 296 2124 2125 500 195 2123 2126 2127 228 2156 358 295 1957 185 487 486 2117 2119 2120 2121 2122 196 2118 210 2007 194 231 2548 183 230 496 2580 364 625 2048 294 235 229 2092 248 2158 2160 81 301 1520 12 2159 2161 2162 1661
1320 1320 632 539 259 133 2488 745 2227 2228 2454 286 210 130 160 62 1546 162 2133 110 132 167 1497 2275 2276 2355 2243 2244 1953 393 161 70
298 298 540 1396 2274
301 301 190 625 294 235 746 599 2158 2160 1520 2182 293 2159 2161 2162 2445 673 358 1457 456 152 2072 2157 1923 2391 2449 686 2503 487 486 1621 1620 2537 2416 2567 306 2502 1613 25 1270 749 2080 2450 2451 1640 2452 288 614 2079 2081 295 1302 153 151 2085 752 141 2370 84 195 2155 2127 606 2179 149 514 189 60 1704 2071 320 58 150 79 231 2548 2180 2123 2126 2075 2076 2078 1272 2083 107 2255 469 471 2218 2219 2124 2125 230 2077 2044 2256 2254 1341 155 51 296 2084 687 31 500 154 229 2369
302 302 480 2377 2378 2379 292 6 1993 2380 2035 2381 2382 1994 605 494 377 2220 2221 2472 378 2471 2272 156 1992 67 2428 526 1349 2273 1747 1561 619 740 351 524 260 530 109 2164 541 1736 208
1327 1327 304 2406 2407 2408 2409 2410 2411 2412 2413 754 755 2493 1900 2267 104 2102 69 30 2096 2246 2097 2414 715 2132 49 209 2134 2135 2217 2095 467 1347 2133 2098 2099 2100 2101 2042 208 648 95 547 67
304 304 1327 2406 2407 2408 2409 2410 2411 2412 2413 754 755 2493 1900 2267 104 2102 69 30 2096 2246 2097 2414 715 2132 49 209 2134 2135 2217 2095 467 1347 2133 2098 2099 2100 2101 2042 208 648 95 547 67 613 2136 2137 2138 2139 1353 1985 211 1370 1553 2087 550 1997 2280 2281 2282 2283 2284 2285 2286 2287 2288 2289 2290 2291 2292 2293 2294 2295 2296 2297 2298 2299 2300 2301 2302 2303 2304 2305 2306 2307 2308 2309 2310 2311 2312 2313 1329 2314 2315 2316 2317 2318 2319 2320 2321 2322 2323 2324 2325 2326 2327 2328 2329 2330 2331 2332 2333 2334 2335 2336 2337 2338 2339 2340 2341 2342 2343 2344 2345 2346 2347 2348 2349 2350 2351 2352 2353 2354 260 530 109
306 306 2391 189 294 2255 469 2256 2254 687 1457 2158 2160 613 520 301 686 1715 673 358 1118 2208 625 2182 456 152 2450 2451 1640 2452 2041 235 2503 487 486 190 1520 2449 746 2537 2502 1613 704 2040 2159 2161 2162 1621 293 1620 2133 749 2080 2072 2157 1923 288 614 2079 2081 295 1302 25 1270 599 2004 153 151 2085 2370 2416 2567 84 195 2155 2127 606 2179 149 752 547
1847 1847 31 626 628 2455 2492 402 257 627 376 2502 1495 1895 573 2171 1252 67 1896 1494 1890 538 2446 15 1736 20 260 530 109 494 673 535 646 2467 2468 2469 718 2470 1850 1884 49 720 137 1370 2466 2503 1516 541 536 732 1705 2495 110 605 1613 2571 2042 581 2243 2244 377 2387 648 156 161 393 2370 69 625 160 294
1850 1850 1736 646 2467 2468 2469 718 2470 1884 1370 2466 541 2571 377 156 31 2220 2221 2472 208 1747 1349 626 628 2455 2492 402 1847 378 2471 257 627 376 2502 211 2136 2137 2138 2139 1353 1985 2272 1992 1495 1895 2428 1553 573 6 526 2171 1252 2132 619 740 2273 1561 351 524 67 209 2134 2135 1896 1494 1890 2164 538 2446 15 2035 2381 2382 467 1347 2133 69 20 260 530 109 49
315 315 1870 2427
316 316 1734 610 2190 2191 2192 140 116 2193 115 138 139
1341 1341 639 60 749 84 58 79 456 2218 2219 2044 2537 85 82 154 2475 2083 80 288 1302 2510 2045 2046 2258 615 721 144 2084 1515 90 603 2508 2155 606 2179 471 83 2504 747 1945 2507 625 155 1248 294 2505 2506 235 126 1336 389 2509 2180 2158 2160 2047 1521 301 151 1520 178 96 2159 2161 2162 2067 269
1339 1339 2415 1340
322 322 2525 2523 2524
1349 1349 156 1747 541 377 2220 2221 2472 378 1736 2471 208 2272 1992 1370 2428 6 646 2467 2468 2469 718 2470 1850 1884 526 211 2136 2137 2138 2139 1353 1985 2273 1561 619 740 351 524 2466 2164 1553 2035 2381 2382 2132 209 2134 2135 2571 467 1347 2133 69 302 1699 292 31 2377 2378 2379
1350 1350 2086 81 2529 2530 2531 2532 2533 2534 2535 2536 1958 1957 228 2048 2156 500 287 93
1864 1864 1863
1355 1355 2434 1412 669 1553 88 2494 208 2136 2137 2138 2139 1353 1985 211 1370 2132 541 209 2134 2135 467 1347 2133 69 377
1870 1870 315 2427
1359 1359 1485 1486 1487 2422 2423 2424 1484 2425 2426
1884 1884 1736 646 2467 2468 2469 718 2470 1850 1370 2466 541 2571 377 156 31 2220 2221 2472 208 1747 1349 626 628 2455 2492 402 1847 378 2471 257 627 376 2502 211 2136 2137 2138 2139 1353 1985 2272 1992 1495 1895 2428 1553 573 6 526 2171 1252 2132 619 740 2273 1561 351 524 67 209 2134 2135 1896 1494 1890 2164 538 2446 15 2035 2381 2382 467 1347 2133 69 20 260 530 109 49
351 351 1992 1561 740 377 2220 2221 2472 378 2471 2272 156 2428 6 526 2273 1747 619 524 1349 2164 541 1736 2035 2381 2382 208 1370 646 2467 2468 2469 718 2470 1850 1884 2136 2137 2138 2139 1353 1985 211 2466 302 1699 292 1553 2132 2377 2378 2379
1888 1888 1887
358 358 487 486 295 195 2127 625 294 235 2158 2160 231 2548 2123 2126 301 1520 2124 2125 2159 2161 2162 230 673 1457 296 456 152 2072 2157 1923 746 2391 500 229 2182 190 686 2503 293 2537 2416 2567 306 2502 1613 1661 2449 749 2080 2450 2451 1640 2452 185 1656 1621 1620 288 614 2079 2081 1302 599 228 153 151 2085 25 141 1270 2117 2119 2120 2121 2122 2370 84 2155 606 2179 149 2445 189 196 2118 210 2007 194 60 2156 1704 2071 320 752 58 150 79 183 2180 2075 2076 2078 2083 107 2255 469 514 496 2580 364 1957 471 2218 2219 2077 2044 2256 2254
1895 1895 1896 1890 31 626 628 2455 2492 402 1847 257 627 376 2502 1495 573 2171 1252 67 1494 538 2446 15 1736 20 260 530 109 494 673 535 646 2467 2468 2469 718 2470 1850 1884 49 720 137 1370 2466 2503 1516 541 536 732 1705 2495 110 605 1613 2571 2042 581 2243 2244
1896 1896 1895 1890 31 626 628 2455 2492 402 1847 257 627 376 2502 1495 573 2171 1252 67 1494 538 2446 15 1736 20 260 530 109 494 673 535 646 2467 2468 2469 718 2470 1850 1884 49 720 137 1370 2466 2503 1516 541 536 732 1705 2495 110
361 361 161 110 2243 2244 393 160 167 67 162 133 260 530 109 2275 2276 1497 2454 2355 494 1953 49 210 2488 745 130 259 539 70 286 756 2528 2227 2228 605 2133 2042 132 62 1546 31 632
1900 1900 2493 304 1327 2406 2407 2408 2409 2410 2411 2412 2413 754 755 2267 104 2102 69 30 2096 2246 2097 2414 715 2132 49 209 2134 2135 2217 2095 467 1347 2133 2098 2099 2100 2101 2042 208
1901 1901 730 1902 1903 1978
366 366 66 2460 2461 265 2176
1904 1904 2049
375 375 207 95 299 2132 2087 1336 129 2048 1957 287 93 178 69 2504 747 96 2508 2505 2506 1837 179 208 90 603 1945 2507 2181 2266 85 209 2134 2135 389 2509 228 2510 143 49 2136 2137 2138 2139 1353 1985 211 467 1347 2133 94 58 748 1370 1553
386 386 23 2229 2230 2231 2177 387 1851 1243
1923 1923 2567 235 2159 2161 2162 2072 2157 2158 2160 301 2416 673 358 625 456 152 294 2503 487 486 141 1520 2537 2502 1613 190 746 749 2080 1457 2071 320 2182 288 614 2079 2081 295 1302 2391 293 153 151 107 686 2085 2370 599 2449 84 195 2155 2127 606 2179 149 306 51 60 2450 2451 1640 2452 1621 1620 1704 58 150 79 2445 231 2548 2180 2123 2126 2075 2076 2078 128 25 73 2043 101 2083 1270 471 2218 2219
388 388 2238 2239 2181 287 96 2048 93 1957 2266 2504 747 95 1336 94 2505 2506 2507 90 603 1945 228 85 2508 299 207 2087 178
391 391 1742 392 267 390
392 392 390 391 1742 267
1929 1929 2498 608 2499 2173 609
1930 1930 2001
398 398 2178
1934 1934 1933
402 402 31 626 628 2455 2492 1847 257 627 376 2502 1495 1895 573 2171 1252 67 1896 1494 1890 538 2446 15 1736 20 260 530 109 494 673 535 646 2467 2468 2469 718 2470 1850 1884 49 720 137 1370 2466 2503 1516 541 536 732 1705 2495 110 605 1613 2571 2042 581 2243 2244 377 2387 648 156 161 393 2370 69 625 160 294
1939 1939 497 458 748 2513 269 225 178 2511 2512 1950 143 2510 1837 179 2143 2142 142 2087 2507 1945 2504 747 58
406 406 413 455 2371 397 2245
1945 1945 2510 2508 2504 747 2507 2505 2506 90 1336 603 389 2509 85 178 96 58 269 2048 225 2218 2219 1837 179 82 2511 2512 2044 287 93 143 748 1950 2087 95 79 84 2143 2475 2045 2046 142 2513 2142 2083 80 60 1957 83 2181 2266 721 144 299 207 497 456 2084 1515 749 2132 2047 94 155 1341 1248 375 129 1939 458 2537 126 228 154 388 471 151 639 288 1302 2067 2156 2500 2258 615
1958 1958 81 2529 2530 2531 2532 2533 2534 2535 2536 2086 1957 1350 228 2048 2156 500 287 93 95 96 2124 2125 2181 2266 2504 747
1973 1973 2563 2564
1987 1987 1899
456 456 2537 749 288 1302 84 2155 606 2179 60 625 294 58 235 79 2180 2158 2160 301 2218 2219 1520 2044 2159 2161 2162 1341 673 358 1457 152 2072 2157 1923 746 2391 2182 85 190 82 154 2475 639 686 2503 487 486 2083 80 293 2416 2567 306 2510 2502 1613 2449 2045 2046 2258 615 721 621 144 2080 2450 2451 1640 2452 466 471 2084 1515 90 603 2508 151 1621 1620 153 614 2079 2081 295 599 83 2504 747 1945 2507 155 1248 2085 2359 2360 2361 2362 1540 2505 2506 25 141 1270 2249 684 2568 126 1336 2370 389 2509 149 195 2127 2445 2047 189 2420 1516 1521 178 96 1704 2071 320 752 2067 150 269 2075 2076 2078 2048 2500 464 231 2548 2123 2126 226 107 2255 469 225 514 2421 1317 1525 2437 1523 1247 1837 179
1992 1992 1561 740 351 377 2220 2221 2472 378 2471 2272 156 2428 6 526 2273 1747 619 524 1349 2164 541 1736 2035 2381 2382 208 1370 646 2467 2468 2469 718 2470 1850 1884 2136 2137 2138 2139 1353 1985 211 2466 302 1699 292 1553 2132 2377 2378 2379 209 2134 2135 2571 2163 236 2380 467 1347 2133 480 69 605
1994 1994 1993 480 302 2377 2378 2379 292 6 2380 2035 2381 2382 605 494 377
1997 1997 547 550 2280 2281 2282 2283 2284 2285 2286 2287 2288 2289 2290 2291 2292 2293 2294 2295 2296 2297 2298 2299 2300 2301 2302 2303 2304 2305 2306 2307 2308 2309 2310 2311 2312 2313 1329 2314 2315 2316 2317 2318 2319 2320 2321 2322 2323 2324 2325 2326 2327 2328 2329 2330 2331 2332 2333 2334 2335 2336 2337 2338 2339 2340 2341 2342 2343 2344 2345 2346 2347 2348 2349 2350 2351 2352 2353 2354 2256 104 2087 613 673 2208 2503 189 2041 2502 1613 95 2255 469 178 2040 2133 2254 304
1485 1485 1359 1486 1487 2422 2423 2424 1484 2425 2426
1486 1486 1359 1485 1487 2422 2423 2424 1484 2425 2426
1487 1487 1359 1485 1486 2422 2423 2424 1484 2425 2426
462 462 463 461
463 463 462 461
2001 2001 1930
1998 1998 1999
470 470 2257 174
471 471 155 151 154 2083 2258 615 2084 153 1521 152 84 149 2085 2080 226 1317 1525 2437 1523 1247 58 614 2079 2081 2075 2076 2078 79 2145 2146 2147 2148 2149 2150 2151 2152 2153 2154 2077 150 2218 2219 1704 2044 2144 60 82 2082 2475 625 294 456 749 80 235 85 2158 2160 2045 2046 2510 581 1341 301 721 144 2508 1520 2537 83 2504 747 1515 2159 2161 2162 1945 2507 673 358 2505 2506 1457 639 1248 1336 2072 2157 1923 90 603 746 389 2509 2391 288 1302
2007 2007 2580 185 2117 2119 2120 2121 2122 196 2118 210 194 183 496 364 195 2092 248 12 2123 2126 2124 2125 2127 11 133 296 500 2454 358 2488 745 130 295 160 539 487 486 286 228 2133 110
1497 1497 162 2275 2276 2355 1953 70 259 756 2528 110 2227 2228 2243 2244 2488 745 393 161 539 160 286 167 361 67 62 1546 632 133 260 530 109 1320 2454 494 49 210 130
477 477 2549 2260 2259 2261 2448
2015 2015 2588 2589 2587 2590 2591 2592
480 480 1993 302 1994 2377 2378 2379 292 6 2380 2035 2381 2382 605 494 377 2220 2221 2472 378 2471 2272 156 1992 67 2428
2021 2021 594
487 487 358 486 295 195 2127 625 294 235 2158 2160 231 2548 2123 2126 301 1520 2124 2125 2159 2161 2162 230 673 1457 296 456 152 2072 2157 1923 746 2391 500 229 2182 190 686 2503 293 2537 2416 2567 306 2502 1613 1661 2449 749 2080 2450 2451 1640 2452 185 1656 1621 1620 288 614 2079 2081 1302 599 228 153 151 2085 25 141 1270 2117 2119 2120 2121 2122 2370 84 2155 606 2179 149 2445 189 196 2118 210 2007 194 60 2156 1704 2071 320 752 58
1512 1512 1513 1514
2024 2024 2070
1513 1513 1512 1514
2025 2025 2026 2027
1516 1516 20 466 720 1495 2249 684 2568 2420 2180 1494 464 2421 124 465 2248 1302 621 31 2179 2359 2360 2361 2362 1540 626 628 2455 2492 402 1847 257 627 376 2502 1895 456 573 2171 1252 67 1896 1890 538 2537 2446 15
2029 2029 46
494 494 605 67 260 530 109 292 49 2380 2377 2378 2379 110 2042 302 31 2243 2244 6 648 393 161 69 626 628 2455 2492 402 1847 160 2035 2381 2382 480 167 257 627 376 2502 361 1495 1895 162 573 2171 1252 133 2132 1896 1494 1890 1993 2275 2276 1497 538 209 2134 2135 2446 15 2133 2454 377 467 1347 2355 1736 20 1994 1953 745 130 210 2488 673
497 497 1939 458 748 2513 269 225 178 2511 2512 1950 143 2510 1837 179 2143 2142 142 2087 2507 1945 2504 747 58 95 2505 2506 2508 90 96 1336 603 2048 85 2044
1523 1523 1521 1317 1525 2437 1247 154 2258 615 471 84 155 226 151 79 2145 2146 2147 2148 2149 2150 2151 2152 2153 2154 2218 2219 2144 60 2083 82 456 749 2084 58
500 500 2124 2125 228 296 2156 195 1957 2123 2126 2127 358 295 2048 185 487 486 81 2117 2119 2120 2121 2122 196 2118 210 2007 2529 2530 2531 2532 2533 2534 2535 2536 1958 194 231 2548 287 93 2086 183 230 496 2580 364 95 625 96 294 235 229 1350 2092 248 2158 2160 2181 2266 2504 747 301 1520
1528 1528 2440 1531 1977
506 506 2404 2405
1531 1531 2440 1528 1977
