6 6 2035 2381 2382 292 302 377 2377 2378 2379 7 8 9 10 1984 2380 480 605 2220 2221 2472 378 2471 1992 156 2272 1736 208 1248 291 1891 600 1261 1299 570 1507 541 580 1993 1349 2030 494 573 2428 190 740 690 1370 526 351 1561 2273 619 1747 2164 524
11 11 12 13 1619 1852 1531 183 16 17 14 184 15 2440 2092 248 185 1528
12 12 11 183 16 17 14 184 15 2092 248 185 1852 13 1619 186 1531 182 187 573 1615 30 80 2117 2119 2120 2121 2122 2007 2118 194 210 196 195
15 15 573 568 571 572 574 575 569 570 1852 499 134 186 12 2446 183 137 31 11 600 248 2092 302 732 2495 1705 581 2387 185 1281 184 626 2455 2492
18 18 19 2036 507 20 304 720 1516 1495 1327 2406 2407 2408 2409 2410 2411 2412 2413 2493 754 755 1900 2267 104 2102 69
19 19 18 2036 507 20 304
20 20 720 1516 1495 638 243 1296 18 1494 1295 466 31 684 19 1634 679 501 2036 631 1517 465 1647 1297 541 2249 2568 464 2420 2180 626
21 21 22 26 489 24 25 23
22 22 21 26 489 24 25 23 1621 1620 386 2229 2230 2231 387 2177 1270
23 23 386 2229 2230 2231 387 2177 26 1243 22 1851 21 1703 1684 1698
25 25 1621 1620 1270 2182 489 26 24 1703 22 1698 514 752 1324 2449 293 190 2009 21 31 1275 294 1272 625 746 301 703
30 30 2414 715 2267 534 1541 2 1286 550 366 529 506 1346 496 172 212 183 217 95 67 185 304 2118 1287 533 66 2404 2405 2418 2419 266 213 214 216 2569 218 2092 2438 2439 1706 460 248 2140 12 530 207 109 260 299 1336 2132 2087 494 2117 2119 2120 2121 2122 2007 49 194 210 2048 196 1327 110 2406 2407 2408 2409 2410 2411 2412 2413 2493 754 755 1900 104 69 195 2102
31 31 626 2455 2492 1847 628 402 257 2502 627 376 1495 1895 573 67 1736 538 15 494 20 718 646 49 112 1280 1147 1146 283 634 113 1143 720 751 750 110 638 602 611 620 624 635 636 641 667 668 671 674 676 726 731 758 759 760 761 762 764 765 766 767 768 770 771 772 773 774 775 776 777 778 779 780 781 782 783 784 785 786 787 788 789 790 792 793 794 795 796 797 798 800 801 802 803 804 805 806 807 808 809 810 811 813 814 815 816 817 818 819 820 821 822 823 824 825 826 827 828 829 830 831 832 833 834 835 836 837 838 839 840 841 842 843 844 845 846 847 848 849 850 851 852 853 854 855 856 857 858 859 860 861 862 863 864 865 866 867 868 869 870 871 872 873 874 875 877 878 879 880 881 883 884 885 886 887 889 890 891 893 894 895 896 897 898 899 900 901 902 903 904 905 906 907 908 911 912 913 914 915 916 917 918 919 920 921 922 923 924 925 926 927 928 929 930 931 932 933 934 935 936 937 938 939 940 941 942 943 944 945 946 947 948 949 950 953 954 955 956 957 958 959 960 961 962 963 964 965 966 967 968 969 970 971 972 973 974 975 976 977 978 979 980 981 982 983 984 986 987 988 989 990 991 992 993 994 995 996 997 998 999 1000 1001 1002 1003 1004 1005 1006 1007 1008 1009 1010 1011 1012 1013 1014 1015 1016 1017 1018 1019 1020 1022 1023 1024 1025 1026 1027 1028 1030 1031 1032 1033 1034 1035 1036 1037 1038 1039 1040 1041 1042 1043 1044 1045 1046 1047 1048 1049 1050 1051 1052 1053 1054 1055 1056 1057 1058 1059 1061 1062 1063 1064 1065 1066 1067 1068 1069 1070 1071 1072 1073 1074 1075 1076 1077 1078 1079 1080 1081 1082 1083 1084 1085 1086 1087 1088 1089 1090 1091 1092 1093 1094 1095 1097 1098 1099 1101 1102 1103 1104 1105 1106 1107 1108 1109 1110 1111 1112 1113 1114 1115 1116 1117 1119 1121 1122 1123 1124 1125 1126 1127 1128 1129 1130 1131 1132 1133 1134 1135 1136 1137 1138 1139 1140 1141 1142 1144 1145 1148 1149 1150 1151 1152 1153 1154 1155 1156 1157 1158 1159 1161 1162 1163 1165 1166 1167 1168 1169 1170 1171 1172 1173 1174 1175 1176 1177 1178 1179 1180 1181 1182 1183 1184 1185 1186 1187 1188 1189 1190 1191 1192 1193 1194 1195 1196 1197 1198 1199 1200 1201 1202 1203 1204 1205 1207 1208 1209 1210 1211 1212 1213 1214 1215 1216 1217 1218 1219 1220 1221 1222 1223 1224 1225 1226 1227 1228 1229 1230 1231 1232 1233 1235 1236 1237 1238 1239 1241 1242 1259 1260 1266 1285 1337 1338 1545 1547 1853 1963 2011 716 910 1548 719 876 176 633 725 763 791 270 278 691 692 693 694 696 699 700 325 341 344 349 356 569 769 799 888 892 951 952 1021 1096 1120 1234 1633 697 332 319 1029 13 42 52 114 173 264 281 493 518 548 549 515 643 645 647 651 652 653 655 657 658 660 661 662 663 664 665 672 675 521 677 681 683 689 702 710 713 714 169 728 729 734 736 738 741 742 757 812 909 985 1060 1164 1268 1274 1482 1733 1891 350 193 32 717 597 505 175 682 688 528 279 1240 335 336 701 735 739 743 744 737 622 1515 38 607 584 516 637 644 649 650 654 656 659 666 670 706 723 733 1160 1334 56 489 695 698 188 310 312 570 71 39 45 640 679 680 703 708 1261 1328 197 711 309 615 375 705 86 642 685 74 1118 501 609 314 1540 111 266 192 754 755 167 186 684 507 746 745 2 1647 604 606 617 619 623 715 722 727 732 752 1546 1837 2171 612 629 630 551 553 678 707 721 1100 1731 1396 144 756 631 669 552 712 365 740 233 100 513 363 129 131 132 749 1252 107 639 648 128 290 393 46 1734 529 150 614 1206 539 1896 1346 293 104 605 477 610 472 80 596 704 130 301 196 161 496 1248 172 514 160 632 608 616 687 753 2446 1494 126 724 1890 153 673 1945 287 265 1615 93 25 43 603 618 882 690 464 500 90 190 730 183 748 85 292 613 109 686 154 466 621 530 260 291 259 456 625 163 137 747 84 162 152 133 235 149 1349 294 1884 541 709 2467 2468 2469 2470 58 1850 1370 304 2466 1712 321 377 1253 1516 1254 2042 1270 2475 362 1295 2508 1871 96 1704 2504 286 2182
34 34 2039 35
43 43 2057 2058 128 1529 1507 135 1528 130 107 36 1734 690 31 129 2056 132 610 2440 316 141 133 1531 46 1530
46 46 2029 1975 36 1734 690 673 1349 2028 31 316 610 2502 2503 1613 156 625 45 43 49 294
49 49 2042 69 67 106 68 1836 71 1976 70 648 36 1734 109 530 260 321 2132 494 209 2134 2135 2133 110 673 1349 304 31 1347 467 208 316 160 2355 610 112 113 111 107 298 108 605 2502 133 30 466 393 161 2243 2244 95 2503 1613 711 50 613 162 1327 2267 627 754 755 156 45 2406 2407 2408 2409 2410 2411 2412 2413 2493 1900 318 104 46 1387 1288
51 51 73 2043 101 141 72 74 36 2071 320 2072 107 128 673 1349 235
58 58 2044 79 2218 2219 2475 80 2083 60 2510 456 2508 2504 747 84 85 1945 2507 2505 2506 749 603 1336 90 1965 178 36 721 144 1515 2084 1341 1248 96 126 155 2048 2537 151 2509 389 81 269 288 1302 225 82 625 294 235 154 639 86 748 287 95 93 143 471 31 179 1837 1957 1251 2087 1326 670 1278 1334 152 2511 2512 2067 2500 2158 2160 541 301 2066 183 1950 2529 2530 2531 2532 2533 2534 2535 2536 1958 153 358 606 2155 2179 2086 2143 2142 2180
60 60 1341 749 84 58 639 456 79 36 2218 2219 2044 82 154 2475 80 2083 2510 2508 2504 747 85 1965 2537 288 1302 603 90 86 1945 87 1865 89 29 2507 625 2505 2506 88 294 1336 235 178 2045 2046 471 83 2258 615 721 144 1515 2084 1248 96 126 155 2048 1521 151 2509 389 31 1342 1544 81
62 62 286 134 108 36 1546 259 133 2488 745 539 287 2227 2228 160 2454 130 210 162 2133 110 59 167 393
66 66 366 2460 1506 41 2461 613 265 367 30 2208 2176 2041 2133 189
67 67 109 530 260 494 49 110 160 113 112 31 298 108 111 107 605 2042 30 2243 2244 161 393 69 162 133 167 365 529 626 1499 2455 2492 1847 628 402 257 627 68 2502 71 495 1301 376 106 128 1836 1495 1895 573 540 1976 715 648 259 70 2414 632 1734 291 394 36 2267 361 141 2133 321 292 539 745 1736 1497 130 2132 209 2355 2488 2134 2135 2275 2276 2454 673 286 1349 210 1953 304
69 69 2132 49 209 2134 2135 2133 304 1347 467 208 2042 466 95 67 613 1327 2406 2407 2408 2409 2410 2411 2412 2413 2493 754 755 1900 2267 104 133 2102 1985 211 2136 2137 2138 2139 1353 1553 1370 541 106 68 1836 71 1976 70 377 648 36 1734 2249 2568 684 109 2420 207 1516 530 260 2180 321 110 299 2208 464 494 1336 2087 673 210 2041 243 2048 160 2454 18 30 130 2488 745 1349 189 539 2096 2246
70 70 2355 1289 1290 1288 50 711 318 712 627 49 162 2487 1252 2042 1497 2275 2276 69 67 1953 1836 110 259 1734
73 73 51 2043 101 141 72 74 36 2071 320 2072 107
75 75 2417 54 1717 77 78
79 79 84 58 456 86 2218 2219 60 2044 82 154 2475 80 2083 2510 2508 2504 747 85 749 1965 2537 288 1302 603 90 1341 1945 87 1865 89 29 88 2507 625 2505 2506 294 1336 235 36 178 2045 2046 471 83 2258 615 721 144 1515 2084 1248 96 126 155 2048 1521 151 2509 389 81 269 226 225
80 80 1515 1248 126 58 1251 1326 1278 670 1334 2067 2500 541 2066 183 2044 79 2218 2219 2475 2083 60 2510 456 2508 2504 747 31 84 85 1249 1250 28 1517 1945 2068 2069 2092 248 12 2507 156 292 302 2505 2506 749 603 90 1336 1965 1736 178 36 721 144 2084 1341 185 208 96 155 2048 2537 151 2509 389 81 269 288
81 81 2529 2530 2531 2532 2533 2534 2535 2536 1958 2086 1957 1350 155 90 228 2048 58 1959 2083 2504 747 471 2156 2508 500 82 287 93 2044 79 95 2218 2219 2475 80 60
82 82 2045 2046 83 603 90 84 2047 2508 2504 747 79 2218 2219 60 154 456 58 2505 2506 1336 1945 2507 85 96 2048 178 91 2509 389 749 86 87 1865 1965 89 29 88 1341 2510 2258 615 81 471 2537 1521 288 1302
83 83 2047 82 2045 2046 603 90 84 2508 2504 747 79 2218 2219 60 154 456 85
84 84 79 2218 2219 60 82 154 456 85 58 749 86 87 1865 1965 89 29 88 1341 2045 2046 83 2258 615 471 2537 603 90 1521 288 1302 226 625 294 235 2508 2504 747 2044 639 2475 2083 80 2510 1247 31 2494 151 36 2158 2160 2047 155 2434 1945 301 2505 2506 1336 1523 1525 152 358 2507 606 2437 2155 2179 1317 2180 96 2145 2146 2147 2148 2149 2150 2151 2152 2153 2154 178 2182 1520 2144 2048 673
85 85 2218 2219 2508 2504 747 84 58 2505 2506 603 1336 1945 90 2507 96 2048 178 2509 389 79 2510 82 60 456 2044 95 2475 287 93 80 2083 154 31 179 2087 1837 1957 143 748 749 1965 2045 2046 83
88 88 2494 2434 86 458 1355 1412 669 1553 84 497 79 2218 2219 60 82 154 456 208
90 90 82 2508 2504 747 603 2505 2506 1336 1945 91 85 2507 96 2045 2046 83 58 2048 178 2509 389 81 84 2510 2218 2219 95 287 93 79 31 1957 60 2047 2044 179 456 2087 1837 2475 80 2083 2529 2530 2531 2532 2533 2534 2535 2536 1958 143 2086 748 154
93 93 2266 96 2048 94 287 98 92 95 97 1965 2504 747 1957 1336 2505 2506 2507 2181 603 1945 90 207 299 85 31 2132 2087 178 288 58 2508 228 81 2510
94 94 2266 93 92 97 96 2048 287 98 95
95 95 207 299 1336 2132 2087 2048 93 375 129 30 2504 747 178 1957 287 69 2508 208 96 2505 2506 603 1945 90 85 2266 2507 97 547 590 58 581 2414 715 209 2267 2134 2135 179 2510 1837 2133 291 2181 143 2509 389 228 49 748 1985 211 2136 2137 2138 2139 1353 81 1553 1370 541 94
96 96 287 93 2504 747 2048 288 2181 2505 2506 2507 2266 603 1336 1945 90 85 178 58 2508 95 1965 2510 94 1957 98 82 92 97 2155 2218 2219 606 456 286 388 2087 179 1837 143 2044 79 748 2475 80 2083 60 84 389 2509 31 207
99 99 100 751 750
100 100 99 751 750 31 628 1146 1947 1143 669 174
101 101 51 72 73 2043 141 673 1349 74 36 107 2071 320 2072 2503 1613 2502 156 625 294 235
104 104 304 105 547 1327 2406 2407 2408 2409 2410 2411 2412 2413 2493 754 755 1900 2267 2102 69 1997 550 2280 2281 2282 2283 2284 2285 2286 2287 2288 2289 2290 2291 2292 2293 2294 2295 2296 2297 2298 2299 2300 2301 2302 2303 2304 2305 2306 2307 2308 2309 2310 2311 2312 2313 2314 2315 2316 2317 2318 2319 2320 2321 2322 2323 2324 2325 2326 2327 2328 2329 2330 2331 2332 2333 2334 2335 2336 2337 2338 2339 2340 2341 2342 2343 2344 2345 2346 2347 2348 2349 2350 2351 2352 2353 2354 1329 31 2256 2087 613 673 243 18 2096 2246 30 2097 291 2133 49 2132 209 2134 2135
107 107 128 141 1499 111 393 43 2071 320 160 2072 321 291 67 51 673 1349 167 110 31 129 2057 2058 260 109 101 73 49 530 2043 494 133 235 2502 112 2503 1613 108 156 161 294 625
109 109 67 365 530 260 494 49 110 1871 160 113 31 112 298 108 111 107 605 2042 30 2243 2244 161 393 69 162 133 167
110 110 2243 2244 161 393 160 162 67 133 167 394 259 1499 361 260 1497 109 2275 2276 530 2355 494 2488 745 1953 49 2454 539 130 286 108 210 111 2133 1954 112 107 31 262 298 756 2227 2228 261 165 113 1928 70 69 2528 134 605 62 132 1546 2042 30 632
115 115 116 114 2193 2190 2191 2192 140 610
116 116 115 2193 2190 2191 2192 140 610 114 138 1734
124 124 464 117 465 2248 466 1516 2249 2568 684 2420 2180
126 126 2067 2066 80 28 2068 2069 1515 1248 58 31 1251 1326 670 1278 1334 2500 541 183 2044 79 2218 2219 2475 2083 60 2510 456 2508
128 128 107 43 129 2057 2058 141 31 1499 299 1529 1507 111 135 1528 393 130 36 2071 320 160 1734 2072 690 67 321 291 51 673 1349
129 129 299 128 690 95 673 97 590 31 581 107 43 207 291 1336 2132 2087 2502 2048 2503 1613 625 294 235
130 130 132 133 131 43 1712 2454 2488 745 210 160 539 286 2133 110 259 31 393 2057 2058 128 551 553 552 1656 290 1928 321 134 108 167 111 756 1497 1546 62 632 673 161 2243 2244 67 1347 467 613 162 69 185
131 131 1712 587 524 130 132 551 553 1656 552 290 547 31 2272 229 133
132 132 130 1712 131 551 553 552 1656 321 290 133 673 31 43 2454 229 745 2488 210 160 539 2502 286 2503 1613 2133 110 625 294
133 133 2454 130 2488 745 210 160 539 286 2133 110 259 393 1928 134 108 167 111 756 132 1497 62 1546 632 2243 2244 161 1347 467 613 162 67 69 185 208 2227 2228 1320 209 1954 31 2134 2135 260 1953 112 262 1481 107 261 165 131 1499 378 43 394 49 540 1712 287 361 2132 2208 109 2275 2276 494 2041 530 2117 2119 2120 2121 2122 2007 2355 2118 194 196 183 1985
135 135 2056 594 136 265 43 137 2021 2203 2204 2176 2057 2058 128 2495 2460 1705 732 581 2387 573
136 136 2203 2204 457 135 2056
137 137 2495 1705 732 581 2387 573 135 2144 2388 2389 2390 2446 15 1706 582 2056 31 600 299 302 226
138 138 139 140 1946 2190 2191 2192 610 116
139 139 138 140 1946 2190
140 140 138 2190 139 2191 2192 610 116 1946 115 2193 1734
141 141 2071 320 2072 107 51 128 73 2043 101 235 321 291 1499 72 111 74 393 43 160 36 67 2159 2161 2162 2157 1923 673 2158 2160 1349 301 358 456
142 142 143 225 178 144 748 2510 179 2143 1837 2142 2511 2512 2087 2504 747 269
143 143 142 225 178 144 748 2510 179 2143 1837 2142 2511 2512 2087 2504 747 269 2507 1945 2513 2475 497 58 2505 2506 603 1336 90 96 85 95 2048 2508 1950
144 144 2475 713 714 1837 143 721 58 178 31 142 225 2044 79 2510 2218 2219 80 2083 60 747 2504 456 2508
145 145 2073 2074 146
147 147 1297 148 1295 1300 314 631 1647
149 149 2075 2076 2078 150 2077 2080 2079 2081 614 153 151 152 2085 1704 157 2082 471 2083 625 294 235 31 155 473 154 458 156 2084 2158 2160
150 150 1704 149 614 153 473 458 2075 2076 2078 2077 2080 151 2079 2081 152 2085 31 472 497 157 2082 471 2083 155
151 151 153 471 2083 152 149 155 154 2080 2079 2081 614 2085 2084 150 2075 2076 2078 2077 58 625 294 235 157 1704 2258 615 1521 2158 2160 456 84 301 156 226 2030 358 2082 79 2182 1520 2218 2219 2044 673 60 2159 2161 2162 2475 1457 746 80 2072 2157 2391 1923 31 2510
152 152 2080 2079 2081 151 614 153 625 294 235 149 2085 2158 2160 301 155 2030 358 456 1704 471 2083 2182 1520 673 2159 2161 2162 1457 746 2072 2157 2391 1923 686 150 2075 2076 2078 2077 190 31 157 154 486 487 293 2537 749 2084 295 58 288 1302 291 156 2502 2449 189 84 2503 1621 468 1613 1620 195 469 192 1703 233 306 1684 1270 1698 2416 2567 2450 2451 2452 1640
153 153 2085 151 152 149 2079 2081 150 157 2080 614 155 156 471 2083 2075 2076 2078 2077 625 294 235 1704 31 154 2158 2160 1747 301 2084 2030 541 358 456 2082 2182 377 1520 673 58 2159 2161 2162 746 1457 1349 2072 2157 2391 1923 686
154 154 2258 615 471 1521 84 226 1247 151 155 1523 1525 2437 1317 79 2145 2146 2147 2148 2149 2150 2151 2152 2153 2154 2218 2219 2144 60 82 456 2083 153 58 85 31 152 1524 749 86 149 87 1865 1965 89 29 227 88 1341 581 2045 2046 83 2537 603 90 288 1302
155 155 471 2083 151 2084 153 154 152 81 58 149 2085 2258 615 2080 2529 2530 2531 2532 2533 2534 2535 2536 1958 2079 2081 614 2086 1957 84 1521 2044 79 226 2218 2219 2475 625 80 294 60 235 456 2510 2508
156 156 1747 541 377 1349 153 1736 208 2220 2221 2472 378 2471 1992 2272 6 211 1838 1370 646 1353 542 1348 1496 1845 1248 1495 540 2467 2468 2469 2470 2085 1850 1884 718 80 151 1985 2466 2136 2137 2138 2139 2428 152 1553 740 292 302 2132 209 526 1396 351 2134 2135 709 149 1352 1356 1357 1361 1362 1363 1364 1365 1367 1369 1371 1372 1374 1376 1377 1379 1380 1381 1382 1383 1385 1388 1389 1390 1391 1392 1393 1394 1397 1399 1400 1401 1405 1406 1407 1408 1409 1410 1411 1413 1415 1417 1418 1419 1421 1422 1423 1424 1425 1426 1427 1428 1430 1432 1433 1434 1435 1436 1437 1438 1439 1440 1441 1442 1443 1445 1446 1447 1448 1449 1450 1451 1452 1453 1455 1456 1458 1459 1460 1461 1462 1463 1464 1465 1466 1467 1468 1469 1470 1471 1472 1473 1474 1475 1476 1478 1479 1373 1378 1402 1403 1416 1431 1444 1477 643 645 647 651 652 653 655 657 658 660 661 662 663 664 665 305 308 313 585 1318 1354 1366 1375 1384 1386 1395 1404 1414 1420 1454 1480 644 649 659 307 311 1358 1368 1398 1561 38 607 650 654 656 666 1360 1429 2273 310 312 50 525 1387 619 642 309 2164 314 524 1350 1355 612 180 1412 101 2133 306 648 46 1457 2035 2381 2382 315 107 49 163 1351
160 160 167 110 133 393 261 262 260 1954 108 112 165 67 111 107 259 161 2243 2244 2488 745 2454 130 539 210 162 286 2133 394 31 1497 109 1499 530 1645 494 128 49 361 1928 2227 2228 141 756 134 62 132 2275 2276 1546 1953 2355 632 1347 467 69 613 164 185 168
161 161 361 110 108 167 111 393 2243 2244 160 162 67 133 31 1499 394 259 260 1497 109 2275 2276 530 2355 494 745 2488 1953 49 539 2454 130 286 210 107 2133 168 164 1954 112
162 162 1497 2275 2276 2355 1953 110 259 756 1954 298 167 108 111 70 2528 393 160 2243 2244 161 2227 2228 2488 745 539 286 67 133 1499 164 1498 1500 1501 1502 656 31 394 540 1928 361 62 1546 260 109 632 530 49 2454 494 130 210
163 163 2232 2233 2234 2235 2236 2237 1728 1889 1296 2030 108 111 291 673 1349 31 2502 2503 1613 156
165 165 1645 186 1646 108 160 167 133 110 393
166 166 2453 108
167 167 393 160 110 108 394 161 259 162 133 1954 262 112 111 2243 2244 67 107 2488 745 31 539 286 260 361 165 261 2227 2228 1497 2275 2276 2454 130 2355 210 1953 2133 1499 62
172 172 266 2569 177 176 171 175 174 2570 30 673 31 470 265 715 2414 2267 321 2502 2503 1613 709 1146 625 294 628
174 174 470 1147 1146 1143 751 750 2257 628 172 266 2569 1948 1947 175 669 100
178 178 179 1837 2087 143 748 2510 2504 747 225 2507 1945 269 142 2505 2506 603 1336 2513 90 96 58 85 95 2048 497 2508 2511 2512 144 2143 2142 93 2218 2219 287 1950 82 547 2475 2044 79 1939 207 458 80 299 2083 60 2132 1957 456 2509 389 84
179 179 178 1837 2087 143 748 2510 2504 747 225 2507 1945 269 142 2505 2506 603 1336 2513 90 96 58 85 95 2048 497 2508
180 180 181 1349 156
181 181 180 1349
183 183 2092 248 12 185 186 187 182 11 15 1615 30 80 2117 2119 2120 2121 2122 2007 2118 194 210 196 195 184 250 249 251 252 16 17 14 31 496 573 1617 1931 1927 715 2414 1515 2267 1248 126 193 1537 708 78 192 2580 364 58 690 2123 2126 500 2127 2124 2125 570 499 133 296
185 185 2117 2119 2120 2121 2122 2007 2118 194 210 196 183 195 496 1537 193 78 708 192 2580 364 30 2092 248 12 690 2123 2126 2124 2125 2127 296 133 500 358 1481 198 197 186 187 182 2414 378 715 11 15 2267 295 1615 80 1520 228 2454 130 2488 745 486 487 160 539 208
189 189 469 2255 2256 2254 2391 687 613 468 1940 1970 188 294 520 1715 306 1118 2208 2041 2133 547 1457 2158 2160 301 704 686 2040 1282 66 358 2182 456 152 673 1347 467 69
190 190 599 746 301 2182 293 625 1970 188 2445 1514 302 294 2449 1621 1620 1270 235 2158 2160 358 25 1520 456 152 31 1512 673 480 2377 2378 2379 1457 291 2391 514 686 321 752 6 2159 2161 2162 2072 2157 709 1923
194 194 196 364 185 195 2117 2119 2120 2121 2122 2007 2118 210 183 197 198 2123 2126 2124 2125 2127 496 296 500 358 1537 193 78 708 192 2580 30 2092 248 12 690 133
195 195 2123 2126 2124 2125 2127 296 500 358 185 194 196 295 1520 486 487 228 2117 2119 2120 2121 2122 2007 2118 210 625 183 294 235 1299 496 364 231 2548 2158 2160 301 483 484 485 2156 1957 456 1537 193 152 291 78 708 192 2580 2182 30 2092 248 12 673 746 690
196 196 194 185 198 197 364 195 2117 2119 2120 2121 2122 2007 2118 210 183 31 2123 2126 2124 2125 2127 496 296 500 358 193 1537 708 78 192 2580 30 2092 248 12 690 133
199 199 2128 200 202 201 1685 2207
207 207 375 95 299 1336 2132 2087 2048 376 93 129 30 2504 747 178 1957 287 69 2508 208 96
208 208 1985 211 2136 2137 2138 2139 1353 1553 1370 2132 541 209 2134 2135 2133 377 69 1347 467 1736 156 210 2434 95 2220 2221 2472 378 613 2471 1992 2272 133 6 49 1349 1493 1494 2467 2468 2469 2470 646 1850 1884 718 1747 2466 542 1348 1496 1845 304 1248 1495 540 1355 80 1412 669 88 207 2428 299 2208 1336 2087 740 2041 526 185
209 209 1347 467 69 208 2134 2135 2133 2132 49 1985 211 2136 2137 2138 2139 1353 1553 1370 541 304 377 613 133 466 95 2042 1736 156 210 67 1327 2434 2406 2407 2408 2409 2410 2411 2412 2413 2493 754 755 1900 2267 104 2220 2221 2472
210 210 133 185 1481 378 2454 130 2117 2119 2120 2121 2122 2488 745 2007 160 2118 194 539 196 208 286 2133 183 110 195 259 2428 496 393 377 1928 134 108 1537 193 167 78 708 111 756 192 132 1497 2580 1985 211 364 2136 2137 2138 2139 1353 62 1546 30 2092 1553 1370 1347 467 248 12 632 2132 541 209 2134 2135 69 690 2243 2244 161 613 2123 2126 2124 2125 2127 162 67 296 500
211 211 208 541 1493 1494 1985 2136 2137 2138 2139 1353 1370 1553 2132 209 1349 2134 2135 2133 377 156 69 1347 467 1495 1736 210 2434 95 2220 2221 2472 378 613 2471 1992
212 212 213 214 216 2140 215 2141 30 2414 715 2267
213 213 212 214 216 2140 215 2141 30
214 214 212 213 216 2140 215 2141 30
216 216 212 213 214 2140 215 2141 30
217 217 218 2438 2439 1706 460 219 496 30 220 1705 458 2118 2414 715 2267
218 218 217 220 2438 2439 1706 460 219 496 30
223 223 224
224 224 223
226 226 2145 2146 2147 2148 2149 2150 2151 2152 2153 2154 2144 154 227 581 2258 615 471 1521 84 1247 151 155 1523 1525 137 2437 1317 79 2218 2219
228 228 2156 1957 500 232 231 496 230 229 2124 2125 2048 195 81 296 2548 1299 2118 295 1661 1656 2127 2123 2126 2529 2530 2531 2532 2533 2534 2535 2536 1958 287 93 2086 95 358 185 2504 747
229 229 1661 1656 2548 231 230 295 290 496 228 1712 690 2127 2156 2118 358 500 1957 551 553 552 131 132
230 230 2548 231 229 295 228 1661 2127 1656 496 2156 358 500 1957
231 231 230 295 229 2548 228 496 1661 2127 1656 358 2156 2118 500 359 1296 1957 290 195 486 487 1712 291 625 294 235
233 233 234 529 235 533 31 2159 2161 2162 2072 2157 1923 2158 2160 301 358 456 152 673
234 234 233 529 235
235 235 2159 2161 2162 2072 2157 1923 2158 2160 301 358 456 152 673 625 294 192 233 2416 2567 486 487 141 291 190 2537 295 749 2080 2079 2081 288 1302 614 151 153 2503 1613 2502 195 84 2182 1520 58 746 1457 2391 686 149 31 2085 234 324 79 1924 107 60 2127 320 483 484 485 2071 1965 2083 599 293 155 2030 51 321 332 342 2218 2219 314 606 2155 2179 547 306 2548 471 763 791 316 231 607 637 528 682 688 697 1029 1704 1556 1557 1566 1567 1568 1569 1570 1571 1572 1573 1574 1575 1576 1577 1578 1579 1580 1581 1582 1583 1584 1585 1586 1587 1588 1589 1590 1591 1592 1593 1594 1595 1596 1597 1598 1599 1600 1601 1602 1603 1604 1605 1606 1607 1608 1609 1610 1611 1612 1614 39 701 737 1309 1354 1366 1384 1386 1395 1480 1554 1558 1560 1562 1563 1564 1565 642 711 519 1360 1368 1555 1559 1866 1387 322 2180 609 631 266 1552 1927 129 1412 101 246 46
236 236 1699 237 2163 2164 562 1698 2471
237 237 562 583 407 236 561 2363 406 1699 413 455
238 238 2168 2169 247 239 2577
239 239 2577 240 238 2168 2169
246 246 2396 258 245 673 2503 1613 2502 625 294 235
248 248 183 249 251 252 250 186 2092 12 185 187 182 15 11 1615 30 80 2117 2119 2120 2121 2122 2007 2118 194 210 196 2010 184 195
255 255 2170 256
257 257 2171 31 626 2455 2492 1847 628 402 2502 627 376 1495 1895 573 67 1736 538
259 259 2227 2228 2488 745 539 286 162 133 1497 1954 1928 393 167 110 1546 62 160 632 2275 2276 2355 1953 2454 130 210 1320 756 2133 31 108 161 2243 2244 111 67 540 298 287 70 2528 394 1499 134
260 260 67 160 109 530 494 49 110 167 112 113 133 108 31 111 298 107 393 605 2042 30 161 2243 2244 69 162
265 265 2176 2460 271 272 273 274 275 276 277 270 278 268 279 56 266 135 267 2461 66 269 2056 31 1742 172 366 1950 391 2511 2512 748 2510
266 266 172 265 2569 321 709 673 31 176 177 175 171 2176 174 2570 2460 30 2502 2503 1613 625 294 235
267 267 1742 391 392 1504 640 390 265 2176 2460
269 269 1950 2511 2512 748 2510 225 1949 178 265 2513 497 2507 1945 58 143 2143 2142 2504 747 179 2176 1837 2087 2460 1939 458 2508 2044 79 142 2218 2219 2475 80 2083
286 286 1546 62 259 133 2488 745 539 287 2227 2228 2454 130 160 210 162 2133 110 134 108 393 1928 167 1497 36 1954 2181 632 96 2048 111 756 132 2275 2276 1953 2355 161 2243 2244 1347 467 67 31 613
287 287 2181 96 2048 93 1965 288 286 388 2504 747 1957 95 1336 2505 2506 2507 2266 603 1945 90 85 31 606 2155 178 1546 2238 2239 62 58 456 259 2508 228 2087 207 133 299 2132 81 2510 94
288 288 2155 606 456 96 287 2537 749 1302 84 625 294 235 58 79 60 93 2181 1965 2158 2160 301 2048 2504 747 358 2218 2219 2179 152 2180 2182 1520 673 2159 2161 2162 2044 1457 746 2072 2157 2391 1923 82 154 2475
290 290 1712 357 1299 229 1656 551 553 552 291 131 132 547 31 1661 2548 231 130
292 292 2380 2377 2378 2379 605 6 302 1248 494 690 2035 2381 2382 291 1349 377 480 31 717 2500 7 8 9 10 1984 80 67 156 2220 2221 2472 378 2471 1992 1891 573 1261 2272
293 293 746 2182 190 625 291 2449 1621 1620 1270 294 301 25 599 31 2158 2160 1520 358 456 152 514 752 673 235 1457 2391 686
294 294 1457 2158 2160 2391 301 686 358 2182 456 152 673 625 235 469 189 468 190 1703 1684 1698 306 2450 2451 2452 1640 486 487 291 2449 2537 293 1621 1620 295 749 2080 2079 2081 288 1302 614 151 1270 153 2503 1613 2502 746 195 84 1520 58 2159 2161 2162 2072 2157 1923 25 149 31 2255 2085 2256 79 2254 599 687 613 60 1750 1975 2127 483 484 485 709 1965 2083 321 155 2030 332 342 2218 2219 514 314 606 2155 2179 752 547 2548 471 763 791 231 607 637 528 682 688 697 1029 316 1704 1556 1557 1566 1567 1568 1569 1570 1571 1572 1573 1574 1575 1576 1577 1578 1579 1580 1581 1582 1583 1584 1585 1586 1587 1588 1589 1590 1591 1592 1593 1594 1595 1596 1597 1598 1599 1600 1601 1602 1603 1604 1605 1606 1607 1608 1609 1610 1611 1612 1614 39 701 737 642 711 1309 1354 1366 1384 1386 1395 1480 1554 1558 1560 1562 1563 1564 1565 519 1360 1368 1555 1559 1866 1387 322 2180 1349 609 631 107 1552 1927 129 266 1412 101 246 46 172 302 1561 132 1553 2123 2126 2370
295 295 2127 2548 231 358 230 229 359 1296 195 486 487 291 625 294 235 1661 1656 228 2123 2126 2124 2125 496 2158 2160 301 296 483 484 485 500 456 152 1520 185 2182 673 2159 2161 2162 1457 746 2072 2157 2391 1923 686
296 296 2124 2125 195 500 1299 291 2123 2126 2127 358 185 228 194 196 295 1520 486 487 2117 2119 2120 2121 2122 2007 2118 210 496 625 183
298 298 540 2274 1396 291 162 67 547 560 529 110 539 541 109 1497 2275 2276 530 260 494 2355 1953 49 259
299 299 129 95 97 590 581 207 291 1336 2132 2087 2048 128 93 2144 1284 690 375 137 30 2504 747 673 178 1957 287 69 2508 208
301 301 190 625 294 235 2158 2160 746 2182 358 456 152 599 291 321 1520 673 2159 2161 2162 1457 2072 2157 2391 709 1923 686 293 31 2449 486 487 1621 1620 1970 188 2537 295 1270 2445 1514 749 2080 1302 614 2079 2081 151 288 153 2502 306 302 469 189 468 2503 1613 195 192 84 1703 233 1684 1698 2416 2567 58 2450 2451 2452 1640 141 25
302 302 480 2377 2378 2379 6 292 1891 600 1261 1299 570 1507 580 1993 2030 1248 573 190 2035 2381 2382 291 673 1349 377 2380 605 1994 164 2172 15 2500 2446 599 7 8 9 10 1984 80 746 301 156 137 2182 2503 1613 2502 2220 2221 2472 378 625 2471 1992 294 2272
304 304 1327 2406 2407 2408 2409 2410 2411 2412 2413 2493 754 755 1900 2267 104 2102 69 243 18 2096 2246 30 2097 291 2132 49 209 2134 2135 2133 673 1347 467 2095 31 105 547 19 208 2036 715 2414 2217 2042 2502 67
306 306 2391 321 291 189 294 673 1349 469 2255 2256 2254 301 687 1457 2158 2160 2503 1613 613 2502 686 358 156 2182 456 152 625 235 310 312 309
315 315 1870 2427 291 1349 156
316 316 1734 1618 670 610 321 291 673 318 1387 45 1737 1738 1739 1740 1741 711 985 1375 708 648 46 1561 49 43 2190 1736 2503 1613 2502 294 625 235
320 320 141 2071 107 2072 321 291 51 128 73 2043 101 235
322 322 2525 2523 2524 321 291 709 673 2503 1613 2502 294 625 235
351 351 1992 740 1561 291 377 709 2220 2221 2472 378 2471 2272 156 6 1736
358 358 486 487 295 195 625 294 235 2127 2158 2160 483 484 485 301 456 152 2548 231 1520 2182 2123 2126 2124 2125 673 296 2159 2161 2162 1457 746 500 2072 2157 2391 1923 686 185 190 230 291 229 293 359 1296 2537 194 749 2080 196 2079 2081 288 1302 151 614 153 2449 469 189 468 2503 1621 1613 1620 2502 1703 84 192 306 1684 1270 233 1698 228 2416 2567 58 2450 2451 2452 1640 141
361 361 161 110 108 167 111 393 2243 2244 160 162 67 133
362 362 363 612 1505 1346 1349 31
363 363 362 1505 612 1346 31 2418 2419
364 364 194 197 196 185 195 2117 2119 2120 2121 2122 2007 2118 210 183 198
365 365 1871 109 724 31 2479 2480 67
366 366 66 367 2460 30 1506 41 2461 2414 715 613 2267 265
368 368 2209 1264 1744 1351 371 369 370 372 373 374 2210 2211 2212 2213 2214 192 709 1349
371 371 1351 368 2210 2211 2212 2213 2214 2209 1264 1744 1349
375 375 207 376 95 31 538 299 1336 2132 2087 2048 1847
376 376 538 1846 283 1847 375 31 535 626 207 536 2455 2492 628 402 257 2502 627 1495 1895 573 67 1736
377 377 2220 2221 2472 378 2471 1992 2272 156 6 1736 208 541 2428 740 526 1370 351 1561 2273 619 2164 1747 524 2035 2381 2382 1349 2467 2468 2469 2470 646 718 1850 1884 2466 211 1985 292 302 1353 2136 2137 2138 2139 1553 2132 209 2134 2135 2133 210 1503 69 1347 467 2377 2378 2379 7 8 9 10 1984 1699 153 111 31 2571 2380 480 605 1734
378 378 2428 377 1503 210 2220 2221 2472 2471 1992 2272 156 6 1736 208 541 740 1370 526 133 351 1561 2273 619 2164 1747 185 524 2035 2381 2382 1349 2467 2468 2469 2470 646 1850 1884 718 2466 211 1985 292 302 1353 2136 2137 2138 2139 1553 2132
382 382 753 379 2520 2521
386 386 23 2229 2230 2231 387 2177 26 1243 22 1851
387 387 1243 23 1703 1684 1698 386 2229 2230 2231 2177 26 22 1851 1686 1688 1689 1690 1691 1692 1693 1697 703 1685 1695 1696 1325 558
388 388 2238 2239 2181 389 287 96 2508 2048
389 389 2508 388 2509 2505 2506 603 1336 1945 90 85 58 2504 747 2238 2239 2181 82 2218 2219 2510 95 2507 2044 79 96 2048 2475 178 80 2083 60
390 390 392 391 267 1742 640 1504
391 391 1742 392 267 390 640 1504 265
392 392 390 391 267 640 1742 1504
393 393 167 110 160 262 1954 112 108 111 107 133 259 161 2243 2244 162 67 394 2488 745 539 286 31 1499 128 2454 130 361 210 2227 2228 1497 141 260 2133 2275 2276 109 2355 530 1953 494 49 165 261 168 62 164
397 397 2245 455 398 2371 406 407 2178 589 1520 413
398 398 2178 397 2245 455
399 399 2247 403 404 400 402 401 601 2514 2383
401 401 601 2514 2383 403 404 399 2384 1359 2247 1484 1485 1486 1487 2422 2423 2424 2425 2426
402 402 399 31 626 2247 2455 2492 1847 628 257 2502 627 376 1495 1895 573 67 1736 538
406 406 413 455 407 405 408 409 410 411 412 414 415 416 417 418 419 420 421 422 423 424 425 426 427 428 429 430 431 432 433 434 435 436 437 438 439 440 441 442 443 444 445 446 447 448 449 450 451 452 453 454 237 2371 397 589 562 2245 1520
413 413 406 455 407 405 408 409 410 411 412 414 415 416 417 418 419 420 421 422 423 424 425 426 427 428 429 430 431 432 433 434 435 436 437 438 439 440 441 442 443 444 445 446 447 448 449 450 451 452 453 454 237 2371 397
455 455 2371 397 406 407 589 2245 1520 413 398 237 405 408 409 410 411 412 414 415 416 417 418 419 420 421 422 423 424 425 426 427 428 429 430 431 432 433 434 435 436 437 438 439 440 441 442 443 444 445 446 447 448 449 450 451 452 453 454 625
456 456 2537 749 288 1302 84 625 294 235 58 79 60 2158 2160 1965 301 358 2218 2219 2155 2179 606 152 2180 2182 1520 673 2159 2161 2162 2044 1457 746 2072 2157 2391 1923 82 154 2475 80 686 2083 2510 2508 2504 747 85 190 1341 31 96 86 486 487 151 293 603 90 287 1945 295 2080 614 87 1865 2079 2081 89 29 153 632 291 2507 2502 2449 2505 2506 88 469 189 468 2503 1621 1613 1620 195 1336 466 36 192 1703 621 233 306 1684 1270 1698 178 2416 2567 2045 2046 615 83 2258 721 709 471 155 144 1515 2450 2451 2452 2084 1640 1248 2048 126 639
458 458 497 459 460 1939 88 150 748 2494 1704 496 217 2434 2513 149 269 225 178
460 460 217 458 218 2438 2439 1706 497 219 496 30
461 461 462 463
462 462 461 463
463 463 462 461
464 464 465 2248 124 466 1516 2249 2568 684 2420 2180 685 31 117 1965 2421 20 467 1302 69 621
465 465 464 685 1516 2248 124 466 20 684 2249 2568 2420 2180
466 466 2249 2568 684 2420 1516 2180 464 1965 2421 465 467 2248 124 20 1302 69 621 209 31 1636 2134 2135 97 1634 679 501 2133 1517 720 2179 1495 1540 2359 2360 2361 2362 2132 49 456 1347
467 467 209 2134 2135 2133 1347 69 208 466 613 133 2132 49 1985 211 2136 2137 2138 2139 1353 1553 1370 541 304 2249 2568 684 377 2420 1516 2180 2208 464 2041 210 2454 130 2488 745 189 160 539 286
469 469 189 468 2255 2256 2254 2391 687 294 613 1940 1970 188 520 306 1715 1118 2208 1457 2158 2160 2041 301 686 358 2133 2182 456 152 673
470 470 174 2257 1147 1146 1143 751 750 628 172
471 471 155 154 151 2083 2258 615 153 152 1521 84 226 149 2084 1247 2080 2079 2081 614 2085 58 1523 1525 2437 1317 81 79 150 2145 2146 2147 2148 2149 2150 2151 2152 2153 2154 2075 2076 2078 2218 2219 2144 2077 60 82 625 294 235 456
472 472 473 622 1960 31 150
473 473 472 622 150 1960 1704 149
477 477 2549 2260 478 479 2259 2261 2448 31
480 480 1993 302 1994 164 2377 2378 2379 6 292 1891 600 1261 1299 570 1507 580 2030 1248 573 190 2035 2381 2382 291 673 1349 377
486 486 358 487 295 195 625 294 235 2127 2158 2160 483 484 485 301 456 152 2548 231 1520 2182 2123 2126 2124 2125 673 296 2159 2161 2162 1457 746 500 2072 2157 2391 1923 686 185
487 487 358 486 295 195 625 294 235 2127 2158 2160 483 484 485 301 456 152 2548 231 1520 2182 2123 2126 2124 2125 673 296 2159 2161 2162 1457 746 500 2072 2157 2391 1923 686 185
494 494 605 67 495 1301 632 109 291 292 530 260 49 110 31 717 1320 160 539 113 112 298 2380 108 111 107 2377 2378 2379 2042 30 6 393 161 2243 2244 69 133 162
496 496 2118 498 502 503 504 505 499 501 192 231 185 497 500 228 229 30 217 31 230 195 1939 2117 2119 2120 2121 2122 2007 1661 458 2156 194 196 210 218 2124 2125 183 715 2414 295 2438 2439 1706 460 1656 2267 1957 2548 748 193 1537 296
497 497 1939 458 748 496 2513 269 225 178 459 460 2510 88 2511 2512 150 2118 143 1950 179 2143 1837 2142 2087 2504 747
500 500 2124 2125 228 195 296 1299 496 2156 1957 2123 2126 2127 358 185 2118 232 31 231 230 229 194 295 196 1520 2048 81 486 487 2117 2119 2120 2121 2122 2007 210
506 506 2404 2405 30 547 2414 715 2267 550
513 513 2271 591 558 508 2515 517 31
514 514 1272 1270 1271 1275 1273 508 1620 752 25 2182 1621 1325 1324 31 2449 293 709 190 625 294 516
517 517 2271 1683 488 256 1343 2515 513
520 520 2254 522 523 521 1334 189 469 2255 2256 2391 687 613
524 524 2272 527 528 525 526 131 2273 619 377 2471 1712 2220 2221 2472 378 1992 156 6 1736
526 526 2471 524 2164 377 2272 1699 2220 2221 2472 378 1992 156 6 1736 208
529 529 533 531 532 1844 530 233 111 540 30 234 31 298 2274 1396 715 2414 67 2267
530 530 67 529 109 260 494 49 110 533 160 113 31 111 112 298 108 30 107 605 2042 2243 2244 161 393 69 162 133
533 533 529 531 532 1844 530 233 111 540 30
535 535 536 538 537 376
536 536 535 538 537 376
538 538 535 376 536 31 537 1847 1846 283 375 626 2455 2492 402 257 628
539 539 632 259 133 1320 2488 745 286 540 2227 2228 2454 130 160 210 162 2133 110 393 1928 31 167 1497 633 1303 1304 1305 1306 1307 1308 1310 1311 1312 1313 1316 1309 1314 1315 1318 303 1319 298 1546 62 2274 1317 1396 1954 494 1302 134 108 111 756 132 2275 2276 1953 67 2355 161 2243 2244 1347 467 613 69 185
540 540 298 2274 1396 560 529 539 541 533 632 291 162 67 156 259 133 709 1736 1349 208
541 541 156 1736 208 211 542 1348 1496 1845 1370 1248 377 1495 540 80 1747 1349 2467 2468 2469 2470 646 718 1850 1884 1985 2466 1353 2136 2137 2138 2139 1553 2132 209 2134 2135 2133 69 1347 467 1494 1396 2220 2221 2472 298 378 2274 1515 2500 2471 1992 126 20 2272 153 31 6 111 2571 210 58 1734 2434 95
543 543 545 546 544 1244 1245 1246
545 545 543 1244 1245 1246 546 544
547 547 1997 550 2280 2281 2282 2283 2284 2285 2286 2287 2288 2289 2290 2291 2292 2293 2294 2295 2296 2297 2298 2299 2300 2301 2302 2303 2304 2305 2306 2307 2308 2309 2310 2311 2312 2313 2314 2315 2316 2317 2318 2319 2320 2321 2322 2323 2324 2325 2326 2327 2328 2329 2330 2331 2332 2333 2334 2335 2336 2337 2338 2339 2340 2341 2342 2343 2344 2345 2346 2347 2348 2349 2350 2351 2352 2353 2354 1329 2256 104 2087 613 673 554 548 549 677 1268 551 553 552 189 131 298 290 506 2208 2041 95 178 2133 2503 1613 2502 304 1712 625 294 235
550 550 547 30 1997 2280 2281 2282 2283 2284 2285 2286 2287 2288 2289 2290 2291 2292 2293 2294 2295 2296 2297 2298 2299 2300 2301 2302 2303 2304 2305 2306 2307 2308 2309 2310 2311 2312 2313 2314 2315 2316 2317 2318 2319 2320 2321 2322 2323 2324 2325 2326 2327 2328 2329 2330 2331 2332 2333 2334 2335 2336 2337 2338 2339 2340 2341 2342 2343 2344 2345 2346 2347 2348 2349 2350 2351 2352 2353 2354 1329 2256 104 2087 613 2414 715 2267 673 506
551 551 1712 553 1656 552 131 290 132 547 31 130 229
552 552 1712 551 553 1656 321 131 290 132 547 31 130 229
553 553 1712 551 1656 552 131 290 132 547 31 130 229
555 555 2358 556 557 558
561 561 562 2363 237 709
562 562 561 2363 237 583 407 236 406 709
573 573 2446 15 137 600 31 732 2495 1705 302 581 2387 570 569 626 186 568 571 572 574 575 2455 2492 1847 628 1852 402 257 499 134 2502 627 376 1495 1895 183 12 67 135 480 2377 2378 2379 2144 2388 2389 2390 1736 6
580 580 2172 400 600 302 480 2377 2378 2379 6
581 581 2144 137 582 299 2495 1705 732 2387 573 226 129 135 95 2388 2389 2390 2446 15 2145 2146 2147 2148 2149 2150 2151 2152 2153 2154 154
590 590 1284 1872 299 2522 2054 129 1283 2055 95 1359
594 594 2021 135 2056
596 596 2376 2375 595 1844 597 2517 2516 1294 31
599 599 2445 190 746 301 2182 293 625 1970 188 1514 302 294 2449 1621 1620 1270 235
601 601 401 2514 2383 403 404 399 2384 1359
603 603 82 2508 2504 747 90 2505 2506 1336 1945 85 2507 96 2045 2046 83 58 2048 178 2509 389 84 2510 2218 2219 95 287 93 79 31 60 2047 2044 179 456 2087 1837 2475 1957 80 2083 143 748 154
604 604 2063 31
605 605 494 292 717 2380 2377 2378 2379 67 6 302 31 495 1301 291 632 1248 109 530 260 49 690 2035 2381 2382 110 1349 377
606 606 288 2155 456 31 96 287 2537 749 1302 84 625 294 235 58
608 608 2173 609 1929 2498 31 1930 2499 709 673
609 609 608 2173 1929 709 673 31 2498 2502 2503 1613 625 294 235
610 610 1734 2190 316 2191 2192 690 140 116 31 318 985 1737 1738 1739 1740 1741 1375 45 708 711 1387 46 648 1561 43 115 49 138 2193 1736
612 612 362 363 1349 31 156
613 613 2208 2041 2133 189 547 2040 1282 66 469 2256 2255 2254 1347 467 2391 687 69 133 208 209 2134 2135 1997 550 2280 2281 2282 2283 2284 2285 2286 2287 2288 2289 2290 2291 2292 2293 2294 2295 2296 2297 2298 2299 2300 2301 2302 2303 2304 2305 2306 2307 2308 2309 2310 2311 2312 2313 2314 2315 2316 2317 2318 2319 2320 2321 2322 2323 2324 2325 2326 2327 2328 2329 2330 2331 2332 2333 2334 2335 2336 2337 2338 2339 2340 2341 2342 2343 2344 2345 2346 2347 2348 2349 2350 2351 2352 2353 2354 1329 104 366 31 2397 2398 2087 2460 468 1940 1970 188 294 2132 520 1715 306 1118 673 49 2454 130 210 745 2488 1985 539 160 211 2136 2137 2138 2139 1353 286 1553 1370
614 614 1704 152 149 150 2080 2079 2081 153 151 2075 2076 2078 2077 625 294 235 2085 31 471 2083 2158 2160 157 301 155 2030 358 2082 456 2182 1520 673 2159 2161 2162 746 1457 2072 2157 2391 1923 686
615 615 154 2258 471 1521 84 226 1247 31 151 155 1523 1525 2437 1317 79 2145 2146 2147 2148 2149 2150 2151 2152 2153 2154 2218 2219 2144 60 82 456
616 616 2262 2263 2264 31
617 617 2265 31
618 618 2268 2269 2270 705 1723 31
619 619 2272 2273 524 377 31 2220 2221 2472 378 2471 1992 156 6 1736
621 621 2359 2360 2361 2362 1540 2180 1240 1703 1684 1698 1302 466 544 31 2179 2249 2568 684 2420 1516 464 456 703 1686 1688 1689 1690 1691 1692 1693 1697 1685
622 622 472 473 31 1960
623 623 2372 31
625 625 1520 2158 2160 746 301 358 2182 456 152 673 294 235 190 293 486 487 2449 2537 1621 1620 295 749 2080 2079 2081 288 1302 614 151 1270 153 195 2503 1613 2502 84 58 1457 2391 2159 2161 2162 686 2072 2157 1923 599 149 25 31 1420 2085 79 455 2127 60 291 483 484 485 1965 2083 155 2030 321 2218 2219 514 606 2155 2179 752 547 471 763 791 2548 607 637 332 528 682 688 697 1029 231 1704 1556 1557 1566 1567 1568 1569 1570 1571 1572 1573 1574 1575 1576 1577 1578 1579 1580 1581 1582 1583 1584 1585 1586 1587 1588 1589 1590 1591 1592 1593 1594 1595 1596 1597 1598 1599 1600 1601 1602 1603 1604 1605 1606 1607 1608 1609 1610 1611 1612 1614 39 701 737 642 711 342 1309 1354 1366 1384 1386 1395 1480 1554 1558 1560 1562 1563 1564 1565 314 519 1360 1368 1555 1559 266 1866 1387 2123 2126 2180 609 631 1552 1927 129 1412 101 246 46 306 500 2124 2125 302 316 1561 709 132 2370 1553 296 322 172 107
626 626 31 2455 2492 1847 628 402 257 2502 627 376 1495 1895 573 67 1736 538 15
627 627 1252 1258 1280 1254 1257 1256 1255 634 1253 112 31 628 70 690 321 626 2455 2492 1847 402 257 2502 376 1495 1895 573 2355 67 1736 49 698 642 309 318 1147 1146 1143 751 711 750
628 628 1254 1147 1267 1146 1253 1143 751 31 750 174 627 626 2455 2492 1847 402 257 1252 2502 470 376 1495 1895 573 67 1736 669 100 175 1948 1947 1255 1280 112 634 690 538
629 629 2402 1292 1552 630 31
630 630 2402 1552 629 709 31
631 631 1295 1647 1297 673 1298 1296 31 2 147 20 2502 2503 1613 625 294 235
632 632 1320 539 1303 1304 1305 1306 1307 1308 1310 1311 1312 1313 1316 633 1309 1314 1315 1318 303 1319 1317 494 1302 259 133 31 745 2488 2179 605 286 540 2180 1521 67 2227 2228 456 2454 160 130 210 162 110 2133 1976
639 639 1341 60 1342 1544 749 31 84 58 456
646 646 1736 2467 2468 2469 2470 718 1850 1884 1370 2466 541 1349 377 31 156 111 208 2571 1734 2220 2221 2472 378 2471 1992 2272
648 648 2042 1990 1734 49 321 1349 31 316 610 67 69 156 1387
669 669 2434 751 750 1355 1412 1553 88 31 2494 628 208 1146 1947 1143 100 174
673 673 2503 1613 2502 625 294 235 2158 2160 547 1556 1557 1566 1567 1568 1569 1570 1571 1572 1573 1574 1575 1576 1577 1578 1579 1580 1581 1582 1583 1584 1585 1586 1587 1588 1589 1590 1591 1592 1593 1594 1595 1596 1597 1598 1599 1600 1601 1602 1603 1604 1605 1606 1607 1608 1609 1610 1611 1612 1614 763 791 342 1309 1354 1366 1384 1386 1395 1480 1554 1558 1560 1562 1563 1564 1565 607 637 332 528 682 688 697 1029 519 1360 1368 1555 1559 39 701 737 301 1866 1387 642 711 314 266 1552 1927 1412 609 631 101 246 306 129 686 316 46 1561 2370 1553 132 322 358 172 107 456 152 49 302 163 2182 1520 1457 2391 2159 2161 2162 746 2072 2157 1923 304 31 190 104 2434 1997 550 1734 2280 2281 2282 2283 2284 2285 2286 2287 2288 2289 2290 2291 2292 2293 2294 2295 2296 2297 2298 2299 2300 2301 2302 2303 2304 2305 2306 2307 2308 2309 2310 2311 2312 2313 2314 2315 2316 2317 2318 2319 2320 2321 2322 2323 2324 2325 2326 2327 2328 2329 2330 2331 2332 2333 2334 2335 2336 2337 2338 2339 2340 2341 2342 2343 2344 2345 2346 2347 2348 2349 2350 2351 2352 2353 2354 1329 291 2256 2396 2087 2450 2451 2452 486 487 1640 2029 293 299 141 128 2525 130 1295 2402 608 613 2523 51 1615 2537 321 2569 69 749 189 295 1992 1349 2080 2042 709 614 67 1302 2079 2081 2369 151 288 153 480 2232 2233 2234 2235 2236 2237 2377 2378 2379 2449 690 1712 1621 468 1620 195 192 469 84 1703 233 1684 1270
678 678 2447 1619 31
684 684 466 1516 1636 97 2249 2568 2420 2180 464 20 31 465 1965 2421 2248 467 124 1302 69 621 1495
686 686 2450 2451 2452 1640 1457 294 1750 1975 673 2158 2160 2391 709 301 358 2182 456 152 625 235 1641 507 31 2502 2503 1613 469 189 468 190 1703 306 1684 1698 1349 291 486 487 2449 293 2537 1621 1302 1620 749
687 687 1715 1118 189 704 469 2255 2256 2254 2391 613 1714 31 2004 468 1940 1970 188 294 520 306 2208 2041 2133
704 704 2004 1118 1708 687 709 31 1715 189
705 705 618 1723 2268 2269 2270 31
707 707 1730 31
712 712 2487 2030 70 31 2355
715 715 30 2414 2267 31 534 1541 2 1286 550 366 529 1346 506 496 172 212 183 217 67 95 185 304
718 718 1736 2467 2468 2469 2470 1850 1884 646 1370 2466 541 377 31 156 111 208 2571 1734 2220 2221 2472 378 2471 1992 2272
720 720 20 1516 1495 31 638 243 1296 18 1494 1295 466
721 721 2475 2005 144 58 31 2044 79 2218 2219 80 2083 60 2510 456 2508 747 2504
722 722 2476 31
724 724 2479 2480 1871 725 365 31
727 727 2491 31
730 730 1901 1902 1903 1978 1976 1257 31
732 732 137 2495 1705 581 2387 573 31 135 2144 2388 2389 2390 2446 15
740 740 1992 351 1561 321 377 709 31 2220 2221 2472 378 2471 2272 156 6 1736 208
745 745 259 133 2488 539 286 2227 2228 2454 130 160 210 162 2133 110 393 1928 167 31 1497 1546 62 1954 632 134 108 111 756 132 2275 2276 1953 2355 161 2243 2244 67 1347 467 613 69 185
746 746 293 190 625 2182 301 599 1520 2158 2160 358 456 152 294 673 235 2449 31 1621 1620 1270 1970 188 2445 1514 291 302 486 487 2537 2502 25 749 295 2080 614 2079 2081 151 288 1302 153 195 2503
747 747 2505 2506 2507 603 1336 1945 90 96 85 2048 178 58 2504 2508 2510 287 93 82 95 2218 2219 179 1837 2087 1957 143 2044 79 748 2475 80 2083 60 2509 389 84 456 225 269 31 2181 2266 2045 2046 83 207 288 299 91 203 2132 81 749 142 1965 144 228 2513 36 721 1515 2084 497 1248
748 748 2513 497 269 225 178 2510 2511 2512 143 1939 458 1950 179 2143 1837 2142 2087 2504 747 2507 1945 142 31 58 1949 496 265 2505 2506 603 90 1336 96 85 95 2048 2508
749 749 60 456 84 1341 58 2537 288 1302 625 294 235 79 639 2218 2219 31 1965 36 2158 2160 301 2044 82 154 2475 358 606 80 2155 2179 2083 152 2510 2180 2182 1520 2508 673 85 747 2504 2159 2161 2162 746 1457 2072 2157 2391 1923 686
752 752 1270 514 25 2182 1620 1621 31 1275 1324 1272 2449 293 190 625 294
753 753 2520 2521 382 379 31
754 754 304 1327 2406 2407 2408 2409 2410 2411 2412 2413 2493 755 1900 2267 104 2102 69 31 243 18 2096 2246 30 2097 291 49 2132 209 2134 2135
755 755 304 1327 2406 2407 2408 2409 2410 2411 2412 2413 2493 754 1900 2267 104 2102 69 31 243 18 2096 2246 30 2097 291 49 2132 209 2134 2135
756 756 1953 162 2528 133 1497 2275 2276 2355 110 31 259 745 2488 2454 160 130 539 210 286 2133 167
882 882 2540 2541 2542 2543 31
1100 1100 1966 31
1118 1118 704 687 2004 1715 189 31 1708 469 2255 2256 2254 2391 613 709
1206 1206 2544 2545 31
1243 1243 387 23 1703 1684 1698 386 2229 2230 2231 2177
1247 1247 1521 154 1522 569 1523 1525 2437 1317 2258 615 471 1524 84 226
1248 1248 2500 80 1251 1249 1250 1517 541 1515 126 292 302 58 2377 2378 2379 31 1326 670 1278 1334 6 2067 2380 480 156 605 2066 183 1736 2044 79 208 2218 2219 2475 2083 60 2510 456 2508
1252 1252 627 1258 1280 1254 1257 1256 1255 634 1253 112 31 628 70 690 321
1264 1264 368 192 2209 1744 1351 371 369 370 372 373 374 2210 2211 2212 2213 2214
1270 1270 752 514 25 2182 1620 1621 1275 1324 1272 2449 293 190 625 294 1271 1273 746 508 489 26 24 1703 301 22 1698 2158 2160 599 358 1520 456 152 31 1457 2009 2391 673
1272 1272 514 1271 1325 1270 709 1275 1273 508 1620 752 25 2182 1324
1282 1282 2397 2398 613 2208 2041 2133 189
1284 1284 2522 590 2054 1283 2055 1359 1872 299 1484 1485 1486 1487 2422 2423 2424 2425 2426
1286 1286 1287 30 2414 715 2267
1287 1287 1286 30
1293 1293 2403 1995 597 1294 2517 2375
1294 1294 2517 2375 2516 1293 596 2403 2376 597
1295 1295 631 1647 1297 1298 1296 2 147 20 32 1300 314 720 1516 1495 673 31
1297 1297 147 1295 1300 314 631 1647 148 1298 1296 2 20
1302 1302 2179 2180 456 632 2537 621 466 749 288 709 84 625 294 235 58 79 1320 60 539 2158 2160 301 1965 2359 2360 2361 2362 1540 2249 2568 684 358 2218 2219 2420 2155 606 1516 152 464 2182 1520 673 2159 2161 2162 2044 1457 746 2072 2157 2391 1923 82 686 154 2475
1317 1317 1521 1684 1698 632 1523 1525 1247 2437 154 1320 1524 539 2258 615 471 84 226 1696 1686 1688 1689 1690 1691 1692 1693 1697 703 1325 558 1694 1685
1320 1320 632 539 259 1303 1304 1305 1306 1307 1308 1310 1311 1312 1313 1316 1309 1314 1315 633 1318 303 1319 1317 133 494 1302
1327 1327 304 2406 2407 2408 2409 2410 2411 2412 2413 2493 754 755 1900 2267 104 2102 69 243 18 2096 2246 30 2097 291 2132 49 209 2134 2135 2133
1329 1329 1328 547 1997 550 2280 2281 2282 2283 2284 2285 2286 2287 2288 2289 2290 2291 2292 2293 2294 2295 2296 2297 2298 2299 2300 2301 2302 2303 2304 2305 2306 2307 2308 2309 2310 2311 2312 2313 2314 2315 2316 2317 2318 2319 2320 2321 2322 2323 2324 2325 2326 2327 2328 2329 2330 2331 2332 2333 2334 2335 2336 2337 2338 2339 2340 2341 2342 2343 2344 2345 2346 2347 2348 2349 2350 2351 2352 2353 2354 2256 104 2087 613 673
1336 1336 95 2508 2504 747 2505 2506 603 1945 90 2048 85 2507 96 207 58 2087 299 2132 178 2509 389 2510 93 287 82 2218 2219 1957 375 129 2044 79 179 1837 2475 30 80 2083 60 143 84 748 69 456 208
1339 1339 1340 2415
1340 1340 1339 2415
1341 1341 639 60 749 84 58 1342 1544 456 79 36 2218 2219 2044 82 154 2475 80 2083 2510 2508
1346 1346 2418 2419 363 30 362 31 715 2414 2267
1347 1347 209 2134 2135 2133 467 69 208 613 133 2132 49 1985 211 2136 2137 2138 2139 1353 1553 1370 541 304 377 2208 2041 210 2454 130 2488 745 189 160 539 466 286
1349 1349 156 541 1352 1356 1357 1361 1362 1363 1364 1365 1367 1369 1371 1372 1374 1376 1377 1379 1380 1381 1382 1383 1385 1388 1389 1390 1391 1392 1393 1394 1397 1399 1400 1401 1405 1406 1407 1408 1409 1410 1411 1413 1415 1417 1418 1419 1421 1422 1423 1424 1425 1426 1427 1428 1430 1432 1433 1434 1435 1436 1437 1438 1439 1440 1441 1442 1443 1445 1446 1447 1448 1449 1450 1451 1452 1453 1455 1456 1458 1459 1460 1461 1462 1463 1464 1465 1466 1467 1468 1469 1470 1471 1472 1473 1474 1475 1476 1478 1479 643 645 647 651 652 653 655 657 658 660 661 662 663 664 665 305 308 313 585 1318 1354 1366 1373 1375 1378 1384 1386 1395 1402 1403 1404 1414 1416 1420 1431 1444 1454 1477 1480 1838 38 607 644 649 650 654 656 659 666 307 311 1358 1360 1368 1398 1429 310 312 50 525 1387 642 309 314 1350 1353 1355 612 646 180 1412 1396 101 306 648 211 46 1457 1370 315 377 107 1747 49 292 302 163 1351 1359 208 1736 2042 2434 6 2377 2378 2379 181 1870 31 2029 2086 2427 362 540 291 2220 2221 2472 378 2391 128 51 709 321 673 2471 1992 2272 2380 141 480 2232 2233 2234 2235 2236 2237 2210 2211 2212 2213 2214 371 686 605 67 1484 1485 1486 1487 153 294 690 2422 2423 2424 2425 2426 69 368
1350 1350 2086 81 1349 2529 2530 2531 2532 2533 2534 2535 2536 1958 1957 156
1351 1351 2210 2211 2212 2213 2214 371 368 2209 1264 1744 1349 369 370 372 373 374 156
1353 1353 208 1985 211 2136 2137 2138 2139 1370 1553 1349 541 2132 209 2134 2135 2133 377 69 1347 467 156 1736 210 2434 95 2220 2221 2472 378 613 2471 1992
1355 1355 2434 1412 669 1553 88 1349 2494 156 208
1359 1359 1484 1485 1486 1487 2422 2423 2424 2425 2426 1488 1489 1491 1492 1490 1284 401 1349 601 2522 590 2514 2054 2383
1370 1370 1736 208 541 2467 2468 2469 2470 718 1850 1884 646 377 2466 1985 211 2136 2137 2138 2139 1353 1553 1349 2132 209 2134 2135 2133 156 69 1347 467 111 31 2220 2221 2472 2571 378 2471 1992 1734 2272 210 6 2434 95 613
1396 1396 540 298 2274 709 1349 31 560 529 539 541 156
1412 1412 2434 1355 669 1553 88 673 1349 2494 2503 1613 2502 156 208 625 294 235
1457 1457 686 294 2450 2451 2452 1640 2158 2160 2391 301 1349 358 2182 456 152 673 625 235 1750 1975 469 189 468 190 1703 306 1684 1698 486 487 291 709 2449 156 2537 293 1621 1620 295 749 2080 1302 2079 2081 151 288 614 1270 153 2503 1613 2502
1484 1484 1359 1485 1486 1487 2422 2423 2424 2425 2426 1488 1489 1491 1492 1490 1284 401 1349
1485 1485 1359 1484 1486 1487 2422 2423 2424 2425 2426 1488 1489 1491 1492 1490 1284 401 1349
1486 1486 1359 1484 1485 1487 2422 2423 2424 2425 2426 1488 1489 1491 1492 1490 1284 401 1349
1487 1487 1359 1484 1485 1486 2422 2423 2424 2425 2426 1488 1489 1491 1492 1490 1284 401 1349
1494 1494 1495 211 20 31 541 720 1516 208
1495 1495 1494 20 31 720 541 1516 626 211 638 2455 2492 1847 628 402 257 243 1296 2502 627 376 1736 1895 573 18 1295 67 156 466 208 684
1497 1497 162 1500 1501 1502 1498 656 164 1499 259 2275 2276 2355 1953 133 110 2488 745 756 539 286 2227 2228 111 160 108 1954 167 298 393 70 2528 2454 130 210 2243 2244 161 2133 67
1512 1512 1513 1514 1507 709 190
1513 1513 1512 1514 1507 709
1514 1514 1512 1513 190 1507 599 746 301 2182 709
1515 1515 80 1248 126 58 31 1251 1326 670 1278 1334 2067 2500 541 2066 183 2044 79 2218 2219 2475 2083 60 2510 456 2508 747 2504
1516 1516 20 466 684 1634 679 501 1517 465 720 1495 2249 2568 2420 464 2180 2500 638 243 1296 18 1494 1295 1965 2421 2248 124 467 1302 69 621 31 1622
1517 1517 2500 1635 1634 679 501 1516 1248 20 80 466 1622
1520 1520 625 1420 455 195 2158 2160 746 301 358 2182 456 152 673 294 235 190 2371 397 293 2123 2126 2124 2125 406 2127 296 486 487 500 295 2449 2537 1621 1620 749 2080 2079 2081 288 1302 151 614 1270 185 153 2503 1613 2502 84
1521 1521 1523 1525 1247 2437 1317 154 1524 2258 615 471 84 226 1522 569 151 1684 1698 632 155 79 2145 2146 2147 2148 2149 2150 2151 2152 2153 2154 2218 2219 2144 60 82
1523 1523 1521 1525 1247 2437 1317 154 1524 2258 615 471 84 226
1525 1525 1521 1523 1247 2437 1317 154 1524 2258 615 471 84 226
1528 1528 2440 1531 1530 1529 284 1977 43 2057 2058 128 134 11
1531 1531 2440 1528 1529 134 11 1977 12 1530 43 284
1534 1534 1535 1533 1536
1535 1535 1534 1533 1536
1540 1540 621 544 2359 2360 2361 2362 2180 31 1240 1703 1684 1698 1302 466
1546 1546 286 62 259 133 31 745 2488 539 287 2227 2228 2454 130 160 210 162 2133 110
1550 1550 2369 1549 1551 2365 2366 2370 2364 1613
1551 1551 2369 1549 1550 2365 2366 2370 2364 1613
1552 1552 2402 629 630 673 2503 1613 2502 625 294 235
1553 1553 2434 208 1355 1412 669 88 1985 211 709 2136 2137 2138 2139 1353 673 1370 2132 541 209 2134 2135 2133 377 69 1347 467 2494 1736 156 2503 1613 210 2502 95 2220 2221 2472 625 378 613
1561 1561 1992 1944 1943 1922 1942 323 740 1734 351 377 673 316 610 2220 2221 2472 378 2503 1613 2471 2502 2272 156 6 1736 625 294
1613 1613 2370 673 2369 2503 2502 625 294 235 1550 1551 2365 2366 2158 2160 547 1556 1557 1566 1567 1568 1569 1570 1571 1572 1573 1574 1575 1576 1577 1578 1579 1580 1581 1582 1583 1584 1585 1586 1587 1588 1589 1590 1591 1592 1593 1594 1595 1596 1597 1598 1599 1600 1601 1602 1603 1604 1605 1606 1607 1608 1609 1610 1611 1612 1614 342 1309 1354 1366 1384 1386 1395 1480 1554 1558 1560 763 791 1562 1563 1564 1565 607 637 332 519 528 1360 1368 682 688 697 1555 1559 1029 1866 39 1387 701 737 301 642 711 314 266 1552 1927 1412 609 631 101 246 306 129 686 316 46 1561 1553 132 322 358 172 107 456 152 49 302 163 2182 1520 1457 2391 2159 2161 2162
1615 1615 1617 1931 1927 1979 1616 250 184 183 1932 31 248 12 2092 673 185
1617 1617 1615 1931 1927 1979 1616 250 184 183
1620 1620 25 2182 1270 1621 2009 514 2449 293 190 625 294 752 746 489 26 1272 24 1703 22 1698 301 2158 2160 599 1324 358 1520 456 152 1275 1457 2391 673 686
1621 1621 25 2182 1620 1324 1270 2449 293 190 625 294 514 752 746 489 26 24 1703 22 1698 301 2158 2160 599 358 1520 456 152 1457 2391 673 686
1640 1640 686 1641 507 2450 2451 2452 1457 294 1750 1975 673 2158 2160 2391 709 512 301 358 2182 456 152
1645 1645 1646 165 186 108 160
1646 1646 1645 165
1647 1647 1295 32 631 1297 31 2 1298 1296 147 20
1648 1648 1649 1650 1651 1653 1654 1652
1649 1649 1648 1650 1651 1653 1654 1652
1655 1655 2443 2444 690
1656 1656 229 1712 1661 290 551 553 552 690 131 2548 231 132 230 295 496 228 130
1661 1661 229 1656 2548 231 690 230 295 290 496 228 1712
1685 1685 2207 2128 1703 1684 1698 199 1686 1688 1689 1690 1691 1692 1693 1697 703 387 1695 1696 1325 558 621 1694 1317
1694 1694 2481 1684 2482 1698 1696 1686 1688 1689 1690 1691 1692 1693 1697 703 1325 558 1317 1685
1699 1699 2163 236 2164 1698 2471 237 526 377
1704 1704 150 614 149 152 153 2080 2079 2081 151 473 458 2075 2076 2078 2077 2085 625 294 235 31
1705 1705 137 1706 2495 732 581 2387 573 217 135 2144 2388 2389 2390 2446 15
1706 1706 217 1705 218 2438 2439 460 219 137 496 30
1712 1712 1656 551 553 552 131 290 132 130 229 321 587 357 1299 524 1661 2548 231 690 291 31 547 133 673
1715 1715 687 1714 1118 189 704 469 2255 2256 2254 2391 613
1730 1730 707
1731 1731 1732 1733 31
1732 1732 1731 1733
1734 1734 316 610 1737 1738 1739 1740 1741 985 1375 45 708 1387 711 318 648 46 1561 43 49 2190 1736 2042 1618 670 31 2029 321 690 2057 2058 128 1992 2191 2192 291 140 116 673 67 69 718 646 2467 2468 2469 2470 1850 1884 1370 2466 541 36 377 70
1736 1736 2467 2468 2469 2470 718 1850 1884 646 1370 2466 541 377 156 111 208 31 2571 1734 2220 2221 2472 378 2471 1992 2272 6 211 1349 1495 1985 626 1747 1851 1353 2136 2137 2138 2139 2455 2492 1847 628 402 257 542 1348 1496 1845 2502 1553 610 627 376 316 2132 1248 1895 209 573 2134 2135 80 540 67 2133 740 2428 619 1561 526 351 2273 2164 524
1742 1742 267 391 392 390 640 1504 265
1744 1744 368 2209 1264 1351 709 371 369 370 372 373 374 2210 2211 2212 2213 2214
1747 1747 156 1838 541 709 377 1349 153 1736 208 2220 2221 2472 378 2471 1992 2272 6
1837 1837 178 144 179 2087 143 748 2510 2504 747 31 2475 225 2507 1945 269 142 2505 2506 58 603 90 1336 2513 96 85 95 2048 497 2508
1847 1847 376 31 626 538 2455 2492 628 402 257 2502 627 1495 1895 573 67 1736 283 375
1850 1850 1736 1851 2467 2468 2469 2470 718 1884 646 1370 2466 541 377 2177 156 111 208 31 2571 1734 2220 2221 2472 378 2471 1992 2272
1851 1851 2177 1850 23 386 2229 2230 2231 387 1736
1863 1863 1864
1864 1864 1863
1870 1870 315 2427 291 1349
1871 1871 365 724 2479 2480 109 725 31
1882 1882 1883
1883 1883 1882
1884 1884 1736 111 2467 2468 2469 2470 718 1850 646 1370 2466 541 377 156 31 208 2571 1734 2220 2221 2472 378 2471 1992 2272
1887 1887 1888 1991
1888 1888 1887 1991
1890 1890 1895 1889 1935 1896 31
1895 1895 1896 1890 31 1889 1935 626 2455 2492 1847 628 402 257 2502 627 376 1495 573 67 1736
1896 1896 1895 1890 31
1899 1899 1987 1897
1900 1900 2493 304 1327 2406 2407 2408 2409 2410 2411 2412 2413 754 755 2267 104 2102 69 243 18 2096 2246 30 2097 291 2132 49 209 2134 2135
1901 1901 730 1902 1903 1978 1976 1257
1902 1902 730 1901 1903 1978 1976 1257
1903 1903 730 1901 1902 1978 1976 1257
1904 1904 2049 321
1923 1923 2567 235 1924 324 2159 2161 2162 2072 2157 2158 2160 301 358 456 152 673 625 294 192 233 2416 291 486 487 141 190 2537 733 295 749 2080 2079 2081 288 1302 151 614 153
1927 1927 1615 1617 1931 673 1979 1616 250 184 183 2503 1613 2502 625 294 235
1929 1929 2498 608 1930 2499 2173 609 2001
1930 1930 2001 2002 2003 1811 1929 2498 608
1931 1931 1615 1932 1617 1927 1979 1616 250 184 183
1933 1933 1934
1934 1934 1933
1939 1939 497 458 748 496 2513 269 225 178
1945 1945 2510 2508 2504 747 2507 2505 2506 603 1336 90 203 85 58 178 96 2048 2509 389 269 225 2218 2219 82 748 95 287 143 93 179 31 2044 1837 79 2087 2511 2512 2475 80 2083 60 456 1957 1950 84 2143 2142
1950 1950 269 2511 2512 748 2510 225 1949 178 265 2513 497 2507 1945 58 143
1953 1953 756 2528 162 1497 2275 2276 2355 110 259 133 1954 298 167 108 111 70 160 393 2488 745 2243 2244 161 2227 2228 539 286 67
1957 1957 228 2048 81 2156 500 2529 2530 2531 2532 2533 2534 2535 2536 1958 287 93 2086 95 2504 747 96 232 90 1336 231 496 230 229 2124 2125 2505 2506 2507 58 1350 2181 603 155 1945 2266 85 207 2087 299 178 2132 195 2508
1958 1958 81 1959 2529 2530 2531 2532 2533 2534 2535 2536 2086 1957 1350 155 90 228 2048 58
1966 1966 1100
1973 1973 2563 2564 1974
1977 1977 2440 1976 1531 1528 1529
1978 1978 730 1976 1901 1902 1903 1257
1985 1985 208 211 2136 2137 2138 2139 1353 1553 1370 2132 541 209 2134 2135 2133 377 69 1347 467 1736 156 210 2434 95 2220 2221 2472 378 613 2471 1992 2272 133
1987 1987 1899 1897
1992 1992 740 351 1561 377 2220 2221 2472 378 2471 2272 156 6 1736 208 1944 1943 1922 1942 323 709 1734 541 321 291 2428 526 1370 2273 1747 619 2164 524 2035 2381 2382 673 1349 2467 2468 2469 2470 646 1850 1884 718 2466 1985 302 292 211 2136 2137 2138 2139 1353
1993 1993 1994 480 302 164 2377 2378 2379 6
1994 1994 1993 480 302
1997 1997 547 550 2280 2281 2282 2283 2284 2285 2286 2287 2288 2289 2290 2291 2292 2293 2294 2295 2296 2297 2298 2299 2300 2301 2302 2303 2304 2305 2306 2307 2308 2309 2310 2311 2312 2313 2314 2315 2316 2317 2318 2319 2320 2321 2322 2323 2324 2325 2326 2327 2328 2329 2330 2331 2332 2333 2334 2335 2336 2337 2338 2339 2340 2341 2342 2343 2344 2345 2346 2347 2348 2349 2350 2351 2352 2353 2354 1329 2256 104 2087 613 673
1998 1998 1999 2000
1999 1999 1998 2000
2001 2001 1930 2002 2003 1811 1929
2004 2004 704 1118 1708 687 709
2007 2007 2580 185 2117 2119 2120 2121 2122 2118 194 210 196 183 195 496 1537 193 78 708 192 364 30 2092 248 12 690 2123 2126 2124 2125 2127 296 133 500
2015 2015 2588 2589 2587 2590 2591 2592 2020 2016 2017 2018 2019
2021 2021 594 135
2024 2024 2070 2022
2025 2025 2026 2027
2026 2026 2025 2027
2027 2027 2025 2026
2029 2029 46 2028 1975 36 1734 690 673 1349
