6 6 2035 2381 2382 292 302 377 7 8 9 10 1984 2377 2378 2379 480 2380 378 605 1992 2220 2221 2472 2471 2272 156 1248 1736 1891 208 600 1261 1299 580 570 1507 573 2030 190 291 1349 690 541 1993 740 1370 2428 351 673 494 1561
11 11 12 13 1619 1852 1531 183 16 17 14 15 184 2440 1281 678 284 1528 134 1529 2092 248 185 186 182 573 187 1615
12 12 11 183 16 17 14 184 15 2092 248 185 1852 186 182 13 1619 1531 187 1615 573 80 30 242 499 570 568 571 572 574 575 134 569 2007 2117 2119 2120 2121 2122 2118 194 210 196 1617 1931 250
15 15 573 568 571 572 574 575 569 1852 570 499 134 186 12 183 2446 137 11 600 248 302 1281 2092 184 31 185 729 598 284 1531 1247 1969 2010 62 16 17 14 165 182 187 496 1615 133 80 732 30 2495 1705 581 2387
18 18 19 2036 507 20 304 720 1495 1516 1327 1900 243 2493 2406 2407 2408 2409 2410 2411 2412 2413 754 755 2267 104 509 510 511 512 2102 1640 508 638 1296 69 1295
19 19 18 2036 507 20 304 720
20 20 720 1495 1516 638 243 1296 18 1295 1494 466 19 631 1297 2036 1634 684 679 501 1517 465 1647 31 541 219 1298 507 304 295 2 163 464 2249 2568 2420 2180
21 21 22 26 489 24 25 23 386 1621 1620 387 2229 2230 2231
22 22 21 26 489 24 25 23 386 1621 1620 387 2229 2230 2231 2177 1270 491 488 490 1703 1698 2182 291 1243
23 23 386 387 2229 2230 2231 2177 26 22 1243 1851 21 1703 1684 1698 24 25 489
25 25 1621 1620 1270 489 26 24 22 1703 1698 2182 514 1324 752 2009 21 1275 1686 1688 1689 1690 1691 1692 1693 1697 703 294 23 31 387 1685 2449 293 491 488 621 490 190 1272 1695 1700 1701 1702 625 1696 1325 1694 558 1317 1699 1271 1684 1273 291
30 30 2414 715 2267 534 1541 1286 550 366 506 1346 2 529 172 212 217 496 95 183 67 185 1287 2118 66 533 304 213 214 216 218 2404 2405 2418 2419 530 207 1336 2569 109 2438 2439 12 1706 460 2140 266 2092 2007 2132 2087 248 299 260 2117 2119 2120 2121 2122 49 2048 194 494 210 196 110 1542 1543 192 367 33 27 111 1 32 531 532 177 28 29 1844 171 176 363 215 175 195 498 502 503 504 219 505 233 187 499 182 501 540 1295 174 231 500 186 497 547 93 113 193 229 690 228 1537 15 112 78 708 298 160 1615 36 80 108 107 31 69 1327
31 31 626 257 628 573 2455 2492 1847 402 2502 627 1495 1895 376 67 1736 1280 718 1147 1146 283 602 611 620 624 635 636 641 667 668 671 674 676 726 731 758 759 760 761 762 764 765 766 767 768 770 771 772 773 774 775 776 777 778 779 780 781 782 783 784 785 786 787 788 789 790 792 793 794 795 796 797 798 800 801 802 803 804 805 806 807 808 809 810 811 813 814 815 816 817 818 819 820 821 822 823 824 825 826 827 828 829 830 831 832 833 834 835 836 837 838 839 840 841 842 843 844 845 846 847 848 849 850 851 852 853 854 855 856 857 858 859 860 861 862 863 864 865 866 867 868 869 870 871 872 873 874 875 877 878 879 880 881 883 884 885 886 887 889 890 891 893 894 895 896 897 898 899 900 901 902 903 904 905 906 907 908 911 912 913 914 915 916 917 918 919 920 921 922 923 924 925 926 927 928 929 930 931 932 933 934 935 936 937 938 939 940 941 942 943 944 945 946 947 948 949 950 953 954 955 956 957 958 959 960 961 962 963 964 965 966 967 968 969 970 971 972 973 974 975 976 977 978 979 980 981 982 983 984 986 987 988 989 990 991 992 993 994 995 996 997 998 999 1000 1001 1002 1003 1004 1005 1006 1007 1008 1009 1010 1011 1012 1013 1014 1015 1016 1017 1018 1019 1020 1022 1023 1024 1025 1026 1027 1028 1030 1031 1032 1033 1034 1035 1036 1037 1038 1039 1040 1041 1042 1043 1044 1045 1046 1047 1048 1049 1050 1051 1052 1053 1054 1055 1056 1057 1058 1059 1061 1062 1063 1064 1065 1066 1067 1068 1069 1070 1071 1072 1073 1074 1075 1076 1077 1078 1079 1080 1081 1082 1083 1084 1085 1086 1087 1088 1089 1090 1091 1092 1093 1094 1095 1097 1098 1099 1101 1102 1103 1104 1105 1106 1107 1108 1109 1110 1111 1112 1113 1114 1115 1116 1117 1119 1121 1122 1123 1124 1125 1126 1127 1128 1129 1130 1131 1132 1133 1134 1135 1136 1137 1138 1139 1140 1141 1142 1144 1145 1148 1149 1150 1151 1152 1153 1154 1155 1156 1157 1158 1159 1161 1162 1163 1165 1166 1167 1168 1169 1170 1171 1172 1173 1174 1175 1176 1177 1178 1179 1180 1181 1182 1183 1184 1185 1186 1187 1188 1189 1190 1191 1192 1193 1194 1195 1196 1197 1198 1199 1200 1201 1202 1203 1204 1205 1207 1208 1209 1210 1211 1212 1213 1214 1215 1216 1217 1218 1219 1220 1221 1222 1223 1224 1225 1226 1227 1228 1229 1230 1231 1232 1233 1235 1236 1237 1238 1239 1241 1242 1259 1260 1266 1285 1337 1338 1545 1547 1853 1963 2011 716 910 1548 719 876 113 638 725 176 270 278 633 720 112 622 646 691 692 693 694 696 699 700 1515 325 341 344 349 356 763 791 538 634 769 799 888 892 951 952 1021 1096 1120 1234 1633 615 13 42 52 114 173 264 281 493 518 548 549 515 643 645 647 651 652 653 655 657 658 660 661 662 663 664 665 672 675 521 677 681 683 689 702 710 713 714 169 728 729 734 736 738 741 742 757 812 909 985 1060 1164 1268 1274 1482 1733 1891 1118 193 569 717 597 32 319 697 175 332 505 1240 279 350 1029 754 755 494 705 335 336 682 688 528 735 739 743 744 1540 38 607 584 516 637 644 649 650 654 656 659 666 670 706 723 733 1160 746 1334 701 745 188 489 56 737 609 375 695 698 1647 310 312 604 606 617 619 623 715 722 727 732 752 1546 1837 39 45 640 679 680 703 708 1261 1328 197 570 71 1143 751 749 309 711 612 629 630 551 553 678 707 721 1100 1731 684 266 74 86 642 685 1396 501 144 756 167 314 631 669 552 712 365 614 750 132 1206 740 128 233 100 513 363 129 192 131 15 293 104 605 20 1346 639 648 507 186 150 477 610 472 539 290 301 608 616 687 753 596 704 130 46 2 196 393 80 1945 110 107 126 724 111 161 529 603 618 882 1734 1248 464 49 287 172 514 153 90 500 748 85 1615 93 613 190 730 25 160 292 43 686 183 466 496 154 625 456 621 747 265 632 259 163 152 84 162 235 133 149 294 58 690 304 291 673 1349 321 1712 2171 1252 1896 109 709 2446 174 137 530 1494 260 1295 2030 541 1890 1965 1270 1871 1516 108 1253 2508 30 2475 1254 96 362 2504 36 286 1704 151 60 302 2182 79
34 34 2039 35
43 43 128 2057 2058 1529 135 1528 1507 130 1734 36 690 107 129 132 2056 610 2440 1530 316 1531 133 31 46 45 1532 1508 1509 1510 1511 1454 318 284 594 136 131 49 1512 141 985 1737 1738 1739 1740 1741 137 42 52 708 1375 711 38 265 40 44 47 48 53 57 61 63 64 65 39 56 1387 37 41 55 59 648 50 54 62 302 1561 2 60 691 692 693 694 696 699 700 51 319 697 680 695 698 701 1657 1658 1660 1662 1663 1664 1665 1666 1667 1668 1669 1670 1672 1673 1674 1675 1676 1677 1678 1679 1256 642 309 1404 1414 1659 1616 1671 1554 1680 1255 1360 1623 1555 1253 1541 525 1319 1661 627 1736 1655 1656 299 160 58 292 67
46 46 2029 1975 1734 36 690 673 1349 2028 610 316 31 45 43 49 1387 318 686 711 39 1375 38 1360 642 50 648 1613 1561 985 1737 1738 1739 1740 1741 42 52 708 2502 697 40 44 47 48 53 57 61 63 64 65 701 1554 56 37 41 55 59 1555 2503 1404 1414 54 129 309 62 525 2 60 51 691 692 693 694 696 699 700 319 607 680 695 698 1657 1658 1660 1662 1663 1664 1665 1666 1667 1668 1669 1670 1672 1673 1674 1675 1676 1677 1678 1679 1256 1659 1616 1671 1680 1255 1354 1366 1384 1386 1395 1480 314 101 1623 1253 1368 292 1541 1319 1661 1412 1736 1655 625 627 306 156 1656 294 235 58 107 763 791 637 332 528 682 688 1029 737 163 609 631 1457 1556 1557 1566 1567 1568 1569 1570 1571 1572 1573 1574 1575 1576 1577 1578 1579 1580 1581 1582 1583 1584 1585 1586 1587 1588 1589 1590 1591 1592 1593 1594 1595 1596 1597 1598 1599 1600 1601 1602 1603 1604 1605 1606 1607 1608 1609 1610 1611 1612 1614 266 342 1309 1558 1560 1562 1563 1564 1565 646 519 1559 132
49 49 2042 69 67 106 68 1836 71 1976 70 1734 36 321 109 648 673 209 2132 530 260 2134 2135 1349 2133 494 110 304 711 50 316 112 113 2355 111 610 107 1288 298 160 318 31 466 1347 467 45 108 46 1387 30 1925 208 812 1978 1314 1315 1977 627 1289 1290 43 712 39 1375 38 2030 642 1613 730 1561 985 1737 1738 1739 1740 1741 42 52 2502 708 59 306 40 44 47 48 53 57 61 63 64 65 56 37 41 55 737 62 2503 1560 393 1559 2 54 654 666 310 312 133 266 309 132 1358 161 162 322 60 51 607 314 734 736 738 741 742 706 335 336 735 739 743 744 1354 1366 1384 1386 1395 1480 167 1736 1499 698 101 605 1360 1368 1905 1906 1907 1908 1909 1910 1911 1912 1913 1914 1915 1916 1917 1918 1919 1920 1921 552 1412 291 300 317 1746 1671 1680 328 330 334 337 345 1748 1749 740 625 301 327 331 2243 2244 1904 156 323 95 320 163 128 613 2267 294 1327 235 58
51 51 73 2043 101 141 72 74 36 2071 107 320 2072 876 695 89 40 44 47 48 53 57 61 63 64 65 37 41 42 52 55 59 38 39 50 45 56 54 62 128 673 46 2 60 43 1349 49 58
58 58 79 2044 80 2218 2219 2475 2083 60 2510 456 2508 2504 747 1965 36 84 85 81 1945 2507 2505 2506 603 1336 90 749 178 126 1248 1341 1515 721 2084 96 144 155 2048 86 2537 2509 151 389 269 288 1302 225 1251 1326 639 1278 625 670 1334 82 294 235 1957 541 287 183 93 31 2529 2530 2531 2532 2533 2534 2535 2536 1958 2086 154 95 757 748 143 179 1837 471 750 152 42 52 38 40 44 47 48 53 57 61 63 64 65 87 1865 88 39 45 56 37 41 55 59 466 89 29 2067 50 2087 54 62 2511 2512 46 2 153 2500 2066 2158 2160 51 43 301 203 1950 49
60 60 1341 749 84 58 639 36 79 456 2218 2219 2044 80 2475 82 2083 1965 154 2510 85 2508 2504 86 747 87 1865 89 29 88 1342 1544 2537 81 40 44 47 48 53 57 61 63 64 65 37 41 42 52 55 59 38 39 45 50 56 54 288 1302 603 62 90 2 1945 46 51 2507 43 2505 2506 625 49 1336 294 235 178 83 126 31 1248 1515 471 721 2045 2046 96 151 155 2084
62 62 286 134 108 36 1546 133 259 287 59 729 1531 160 167 169 168 158 166 164 165 15 393 1499 40 44 47 48 53 57 61 63 64 65 37 41 42 52 55 161 38 162 39 45 50 56 54 2488 745 46 2 539 60 163 51 110 67 43 49 130 2454 2227 2228 58 210 1497 1928 2133
66 66 366 2460 1506 41 613 2461 265 367 30 2208 2041 2133 189 1282 36 2176 547
67 67 109 530 260 49 494 110 113 112 298 160 108 107 111 30 393 161 2042 162 69 167 2243 2244 1499 605 133 31 365 529 68 540 106 495 1301 71 128 1836 394 259 1976 141 70 715 2414 2267 165 1734 168 164 1954 632 36 321 291 262 627 163 261 169 1497 59 361 539 158 1885 1886 166 62 1884 396 1498 1398 1429 534 2 1346 745 673 648 2133 1541 172 1286 550 366 130 2355 506 2488 1736 626 496 286 183 1349 257 2275 2276 209 756 212 217 2132 628 292 2454 95 2502 2455 2492 573 1953 1847 402 2134 2135 533 210 43 1871 1396 185 1495 1895 376 711
69 69 209 49 2132 2134 2135 2133 304 1347 467 466 208 2042 67 95 1327 613 1900 2493 2406 2407 2408 2409 2410 2411 2412 2413 754 755 2267 133 104 106 68 2102 1836 71 1976 70 2249 2568 2420 684 1985 2180 211 1734 1516 464 36 2136 2137 2138 2139 1353 243 541 1553 1370 18 321 673 377 210 1965 109 648 207 110 530 260 1336 1349 291 494 2208 160 2087 30 299 2041
70 70 2355 1289 1290 1288 50 711 318 712 627 49 162 1836 2487 1252 2042 69 1734 67 36 321 1258 1254 1257 1280 2030 106 1256 1255 68 1253 634 112 71 690 1976 628 1497 673 2275 2276 110 291 1953 1349
73 73 51 2043 101 141 72 74 36 2071 107 320 2072
75 75 2417 54 1717 77 78 76 1718 1720 1842 1843 1716 36
79 79 84 58 86 456 2218 2219 60 1965 2044 80 2475 82 2083 154 2510 85 88 2508 2504 749 747 87 1865 89 2537 29 288 1302 625 36 294 235 81 1341 603 90 1945 2507 2505 2506 1336 178 83 471 126 1248 96 1515 2045 2046 721 2084 151 144 2258 615 155 639 2048 1521 31 2494 2509 2158 2160 389 226 287
80 80 126 1248 1515 58 1251 1326 1278 670 1334 541 183 2067 2500 2066 79 2044 2218 2219 2475 2083 60 2510 1249 1250 28 456 2508 2504 747 12 292 2092 31 302 248 1965 156 1736 1279 208 185 1335 84 36 85 81 520 316 542 1348 1496 1845 211 1495 1945 187 182 186 2507 2068 2069 540 15 2505 2506 603 90 1615 749 1517 1336 30 178 721 1341 144 2084 96 155 2048 86
81 81 1957 2529 2530 2531 2532 2533 2534 2535 2536 1958 2086 155 90 58 1350 228 2048 2083 1959 2504 471 747 2508 79 82 2044 80 2218 2219 2475 60 2510 91 456 153 2156 500 152 85 603 1945 1965 2505 2506 287 1336 151 93 95 84 2507
82 82 83 2045 2046 603 90 84 2047 2508 2504 747 79 2218 2219 60 154 456 91 87 1865 86 89 85 29 58 1965 88 2505 2506 1336 1945 81 2507 96 2048 178 2509 389 749 1341 471
83 83 2047 82 2045 2046 603 90 84 2508 2504 747 79 2218 2219 60 85 154 456
84 84 79 2218 2219 60 82 154 456 87 1865 86 89 85 29 1965 88 58 749 1341 83 471 2045 2046 2258 615 2537 1521 603 90 288 1302 226 2508 639 2504 2494 747 625 294 235 1247 2434 151 36 31 2044 80 2083 2475 695 289 757 74 2510 2 287 458 750 93 466 1945 2505 2506 2047 96 1336 155 2158 2160 1523 1525 301 152 2507 2048 2437 606 358 81 1317
85 85 2218 2219 2508 2504 747 84 58 2505 2506 603 1336 1945 90 2507 96 2048 178 2509 389 79 82 60 2510 456 154 31 1965 95 2044 287 86 87 1865 80 93 2475 89 29 2083 88 179 1837 2087 1957 749 143 81 748 91 203 288 83
88 88 2494 2434 86 458 84 1355 1412 669 1553 79 497 1965 2218 2219 60 82 459 154 456 460 150 87 1865 89 85 29 58 1939
90 90 82 2508 2504 747 91 81 603 2505 2506 1336 1945 85 2507 83 96 58 2048 2045 2046 178 2509 389 84 1957 2510 2529 2530 2531 2532 2533 2534 2535 2536 1958 2086 31 2218 2219 95 287 79 93 60 179 2047 2044 155 456 80 1837 2083 2087 2475 143 748 203 1965
93 93 96 2266 2048 94 98 92 97 1965 95 287 2504 747 1957 1336 288 207 299 2132 2087 31 1636 2181 2505 2506 2507 757 58 684 603 86 1945 90 85 178 750 456 466 84 30 2508 286 375 81 129 228 606
94 94 2266 92 97 93 96 2048 1636 98 684 299 1965 95 287
95 95 207 1336 2132 2087 299 2048 93 30 375 129 2504 747 178 2508 1957 69 287 96 97 208 590 2266 581 2414 715 2267 2505 2506 603 1945 90 85 94 2507 98 92 1965 547 58 291 550 534 1541 1286 366 506 209 1346 179 2 529 172 212 2134 2135 2510 217 496 183 2133 2509 389 1837 67 143 49 2181 185 1985 376 81 748 228 211
96 96 287 93 2504 747 288 2048 2181 2266 2505 2506 2507 603 1336 1945 90 85 1965 178 58 94 95 98 92 97 2155 606 286 2508 456 2510 1957 82 2218 2219 2087 179 388 1837 79 84 143 207 748 2044 31 299 80 2475 60 2083
99 99 100 751 750 1947
100 100 99 751 750 1947 1146 669 1143 174 628 31 1948 1147 1965
101 101 51 72 73 673 2043 1349 141 74 36 1613 107 2503 2502 1354 1366 1384 1386 1395 1480 607 1360 1368 1387 1412 642 314 2071 46 306 2072 156 320 625 294 235 49 39 1556 1557 1566 1567 1568 1569 1570 1571 1572 1573 1574 1575 1576 1577 1578 1579 1580 1581 1582 1583 1584 1585 1586 1587 1588 1589 1590 1591 1592 1593 1594 1595 1596 1597 1598 1599 1600 1601 1602 1603 1604 1605 1606 1607 1608 1609 1610 1611 1612 1614 342 1309 1554 1558 1560 763 791 1562 1563 1564 1565 163 637 332 519 528 682 688 697 1555 1559 1029 1552 1927 302 1866 701 737 711 609 631 246 38 1553
104 104 105 304 547 1327 1900 2493 2406 2407 2408 2409 2410 2411 2412 2413 754 755 2267 2102 69 31 1997 550 243 18 2280 2281 2282 2283 2284 2285 2286 2287 2288 2289 2290 2291 2292 2293 2294 2295 2296 2297 2298 2299 2300 2301 2302 2303 2304 2305 2306 2307 2308 2309 2310 2311 2312 2313 2314 2315 2316 2317 2318 2319 2320 2321 2322 2323 2324 2325 2326 2327 2328 2329 2330 2331 2332 2333 2334 2335 2336 2337 2338 2339 2340 2341 2342 2343 2344 2345 2346 2347 2348 2349 2350 2351 2352 2353 2354 1329 2256 2087 613 673 548 549 677 1268 554 551 553 552 291 290 131 298 506
107 107 128 141 1499 393 111 160 67 321 291 43 320 2071 2072 673 51 1349 110 167 129 112 260 133 108 109 49 113 494 530 262 31 1954 161 259 1497 306 162 163 1398 1429 310 312 309 168 68 298 101 1885 1886 164 235 316 396 1498 322 1884 1613 642 261 335 336 1387 300 317 328 330 334 337 345 314 2057 2058 165 327 331 2502 529 318 73 323 332 2503 737 1560 342 1559 299 654 666 301 266 305 308 313 132 1358 307 311 130 294 648 2043 315 607 71 302 734 736 738 741 742 1736 1354 1366 1384 1386 1395 1480 325 341 344 349 356 627 706 735 739 743 744 1360 1368 319 350 45 698 625 2243 2244 56 1905 1906 1907 1908 1909 1910 1911 1912 1913 1914 1915 1916 1917 1918 1919 1920 1921 1412 552 297 326 329 333 343 346 347 348 352 353 354 355 1291 357 1746 1671 1680 1748 1749 30 46 740 292 55 268 338 339 340 156 1904 303 324 293 290 351 1734 394 36 24 296 745 763 791 39 637 528 682 688 697 1029
109 109 67 365 530 260 49 494 110 1871 113 112 298 160 108 107 111 30 393 161 2042 162 69 167 2243 2244 605 1499 31 133 724 529 68
110 110 161 2243 2244 393 160 162 67 133 167 394 1499 259 108 361 111 1954 1497 260 112 109 2275 2276 107 2355 530 2488 262 745 1953 49 539 286 494 130 298 2454 756 210 113 261 2133 165 1928 2227 2228 31 134 30 164 62 168 128 1498 69 141 70 68 132 540 2528 529 1546 169 163 632 605 2042 59 158 166
115 115 116 114 2193 2190 2191 2192 140 610
116 116 115 2193 2190 2191 2192 140 610 114 138 1734
124 124 464 117 465 2248 466 118 119 120 121 122 123 125 2008 27 28 1516 2249 2568 684 2420 2180 685
126 126 2067 80 2066 28 1248 2068 2069 1515 58 1251 1326 1278 670 1334 541 183 31 127 2 117 2500 79 2044 2218 2219 2475 2083 60 2510 456 1249 1250
128 128 107 43 129 141 2057 2058 299 1529 1499 135 1528 1507 130 393 111 160 1734 67 31 36 690 321 291 673 320 2071 2072 51 1349 110 167 133 132 112 49 610 316
129 129 299 128 690 673 95 590 97 581 43 107 31 291 1613 2502 697 701 1554 642 1360 1555 2503 207 46 1336 319 691 692 693 694 696 699 700 309 680 695 698 1657 1658 1660 1662 1663 1664 1665 1666 1667 1668 1669 1670 1672 1673 1674 1675 1676 1677 1678 1679 1256 2132 2087 1404 1414 1659 1616 1671 1680 1255 318 1623 1253 1541 525 1319 1661 610 1655 625 627 1656 2048 294 235 292 332 763 791 314 607 637 528 682 688 1029 342 39 737 711 609 631 93 1556 1557 1566 1567 1568 1569 1570 1571 1572 1573 1574 1575 1576 1577 1578 1579 1580 1581 1582 1583 1584 1585 1586 1587 1588 1589 1590 1591 1592 1593 1594 1595 1596 1597 1598 1599 1600 1601 1602 1603 1604 1605 1606 1607 1608 1609 1610 1611 1612 1614 266 1309 1354 1366 1384 1386 1395 1480 1558 1560 1562 1563 1564 1565 306 519 1368 1559 2144 132 1552 1927 1866 1387 316 2057 2058 172 322 141 1412 1284
130 130 132 133 131 43 1712 2454 2488 745 160 210 539 286 2133 110 128 1928 2057 2058 134 756 393 31 1497 108 111 259 321 587 524 1656 1529 673 167 135 1528 1507 552 551 553 290 1734 162 107 62 36 67 1546 161 632 690 112 613 1347 467 2243 2244 1954
131 131 1712 587 524 130 132 1656 551 553 552 290 547 2272 133 31 586 527 528 526 525 43 1997 229 550 2280 2281 2282 2283 2284 2285 2286 2287 2288 2289 2290 2291 2292 2293 2294 2295 2296 2297 2298 2299 2300 2301 2302 2303 2304 2305 2306 2307 2308 2309 2310 2311 2312 2313 2314 2315 2316 2317 2318 2319 2320 2321 2322 2323 2324 2325 2326 2327 2328 2329 2330 2331 2332 2333 2334 2335 2336 2337 2338 2339 2340 2341 2342 2343 2344 2345 2346 2347 2348 2349 2350 2351 2352 2353 2354 104 1329 2256 2087 613
132 132 130 1712 321 131 673 1656 133 552 551 553 290 43 31 1613 2502 2503 737 1560 642 1559 1387 266 306 2454 316 745 229 322 160 2488 107 210 539 734 736 738 741 742 654 666 706 335 336 735 739 743 744 49 286 45 310 312 698 71 1905 1906 1907 1908 1909 1910 1911 1912 1913 1914 1915 1916 1917 1918 1919 1920 1921 309 300 317 1746 1671 1680 328 330 334 337 345 1748 1749 112 625 740 2133 1358 327 331 301 648 1904 627 320 318 323 294 235 128 110 763 791 607 637 332 528 682 688 697 1029 39 701 711 291 609 631 314 1556 1557 1566 1567 1568 1569 1570 1571 1572 1573 1574 1575 1576 1577 1578 1579 1580 1581 1582 1583 1584 1585 1586 1587 1588 1589 1590 1591 1592 1593 1594 1595 1596 1597 1598 1599 1600 1601 1602 1603 1604 1605 1606 1607 1608 1609 1610 1611 1612 1614 172 587 129 342 1309 1354 1366 1384 1386 1395 1480 1554 1558 1562 1563 1564 1565 519 1360 1368 1555 46 1552 1927
133 133 130 2454 2488 745 160 210 286 539 2133 110 1928 134 756 393 1497 108 111 259 167 132 62 162 1546 161 67 632 1347 467 2243 2244 1954 613 262 69 1499 1953 112 208 107 165 185 260 131 261 1481 1320 164 43 378 394 287 31 540 1498 2227 2228 168 209 729 2134 2135 163 1531 169 1500 1501 1502 656 59 158 166 1885 1886 68 396 1884 15 1398 1429 1712 49 529 361 109 128 2275 2276 494 2355 2132 298 530 1736 1985
135 135 2056 594 136 137 43 265 2021 2203 2204 128 2495 2057 2058 1705 732 2176 581 2387 2460 573 457 271 272 273 274 275 276 277 1529 268 270 278 279 56 1528 1507 130 266 267 269 1734 36 690
136 136 2203 2204 457 135 2056 594 137 43 265
137 137 2495 1705 732 581 2387 573 135 2144 2388 2389 2390 2446 15 1706 582 2056 600 299 302 594 136 43 265 31 226
138 138 139 140 1946 2190 2191 2192 610 116
139 139 138 140 1946 2190
140 140 138 2190 139 2191 2192 610 116 1946 115 2193 1734
141 141 2071 107 320 2072 51 128 73 2043 101 235 1499 72 74 393 111 321 160 291 67 36 43 673 1349 110 167 2159 2161 2162 301 2157 112 1923 2158 2160 129
142 142 143 225 178 144 748 2510 179 1837 2143 2142 2511 2512 2087 2504 747 2475
143 143 142 225 178 144 748 2510 179 1837 2143 2142 2511 2512 2087 2504 747 2475 269 713 714 2507 1945 2513 58 497 2505 2506 603 1336 96 90 85 2048 95
144 144 2475 713 714 1837 143 721 178 142 58 225 31 2510 179 748 79 747 2504 2044 80 2087 2218 2219 2083
145 145 2073 2074 146
147 147 1297 148 1295 1300 314 631 1647 1298 1296
149 149 150 2075 2076 2078 2077 2080 153 2079 2081 614 151 157 152 2085 1704 2082 471 2083 473 155 458 156 154 31 625 294 235 2030 2084
150 150 1704 149 473 458 153 614 151 2075 2076 2078 2077 2080 2079 2081 152 472 157 2085 497 31 459 460 155 88 156 471 2083 2082 622 1939
151 151 153 471 152 2083 149 154 155 2080 2079 2081 614 2085 150 2084 157 2075 2076 2078 2077 625 294 235 58 2258 615 156 1521 2030 226 1704 84 1247 2158 2160 456 301 358 79 1520 2182 31 2082 2218 2219 81 60
152 152 151 2080 153 2079 2081 614 625 294 235 155 2030 149 2085 2158 2160 471 2083 301 358 456 1704 1520 2182 150 2159 2161 2162 746 157 2072 2157 1457 2391 1923 686 154 673 156 2075 2076 2078 2077 31 469 468 233 192 190 1703 189 291 1684 1698 1060 1164 314 2031 2032 2033 2034 650 279 1298 71 1429 486 487 712 2084 293 58 295 2537 749 163 81 302 288 1302 84 2449 195 1621 1620 306
153 153 151 2085 152 149 157 150 155 156 2079 2081 2080 614 471 2083 2075 2076 2078 2077 1704 625 294 235 154 1747 2030 541 31 377 473 458 2084 2158 2160 301 81 456 358 2082 1520 1349 2182 58 746
154 154 471 2258 615 1521 226 84 1247 151 1523 1525 155 2437 1317 2145 2146 2147 2148 2149 2150 2151 2152 2153 2154 2144 79 2218 2219 60 82 1524 153 456 2083 152 227 87 1865 86 85 89 29 31 1965 88 149 1522 569 58 749 581 1341 83 614
155 155 471 2083 153 152 81 151 2084 154 58 149 2085 1957 2529 2530 2531 2532 2533 2534 2535 2536 2080 1958 2086 2079 2081 614 625 157 150 294 235 156 2258 615 2030 90 1521 226 84 79 456 2044 80 2218 2219 2475 60
156 156 1747 541 377 153 1349 1736 378 208 1992 2220 2221 2472 2471 1838 2272 6 211 542 1348 1496 1845 151 2085 152 1495 540 1248 149 80 1370 646 157 1353 150 155 1396 1985 2467 2468 2469 2470 1352 1356 1357 1361 1362 1363 1364 1365 1367 1369 1371 1372 1374 1376 1377 1379 1380 1381 1382 1383 1385 1388 1389 1390 1391 1392 1393 1394 1397 1399 1400 1401 1405 1406 1407 1408 1409 1410 1411 1413 1415 1417 1418 1419 1421 1422 1423 1424 1425 1426 1427 1428 1430 1432 1433 1434 1435 1436 1437 1438 1439 1440 1441 1442 1443 1445 1446 1447 1448 1449 1450 1451 1452 1453 1455 1456 1458 1459 1460 1461 1462 1463 1464 1465 1466 1467 1468 1469 1470 1471 1472 1473 1474 1475 1476 1478 1479 1373 1378 1402 1403 1416 1431 1444 1477 709 1850 1884 718 644 649 659 307 311 1358 1368 1398 643 645 647 651 652 653 655 657 658 660 661 662 663 664 665 305 308 313 585 1318 1354 1366 1375 1384 1386 1395 1404 1414 1420 1454 1480 292 38 607 650 654 656 666 1360 1429 2466 1350 1355 740 310 312 50 525 1387 612 180 1412 642 309 101 314 1457 306 302 648 2428 315 2136 2137 2138 2139 209 46 1553 351 2079 2081 2132 107 2134 2135 1351 1561 526 49 2133 2273 2164 163 619 210 524 2080
160 160 167 110 133 393 261 260 262 1954 165 112 108 107 111 259 67 161 162 2488 745 394 130 286 539 2243 2244 2454 1499 210 2133 1497 1928 109 1645 128 756 141 2227 2228 134 530 168 49 164 494 31 62 361 163 169 113 59 186 158 1498 166 298 68 1885 1886 1953 396 1884 627 1398 1429 2275 2276 529 2355 132 321 1546 30 1736 632 43 69
161 161 361 110 167 108 111 393 160 162 2243 2244 67 133 1499 394 259 168 164 31 107 165 163 169 1954 59 158 1497 166 1885 1886 112 68 396 1498 1884 62 1398 1429 260 529 109 262 2275 2276 745 2488 2355 530 286 539 49 1953 1736 494 130 756 113 298 2454 261 210
162 162 1497 2275 2276 2355 1953 110 259 756 1954 298 167 108 111 393 160 161 2528 1499 2243 2244 70 133 67 2488 2227 2228 745 164 394 539 286 1498 1500 1501 1502 656 540 1928 168 31 107 62 165 112 361 163 169 59 158 166 260 1885 1886 68 396 1884 1398 1429 262 109 529 130 49 2454 530 494 113 210 1736 1546 291 2133 261
163 163 2232 2233 2234 2235 2236 2237 1728 1889 1296 2030 108 111 291 673 1349 1429 168 164 314 31 1499 161 107 1890 393 295 650 160 67 1398 162 1060 1164 20 302 2031 2032 2033 2034 1298 169 279 167 1295 59 71 158 712 166 1885 1886 165 133 1613 68 396 1498 1884 62 2502 306 332 2503 342 529 310 312 152 305 308 313 309 307 311 316 294 322 235 315 607 642 1354 1366 1384 1386 1395 1480 325 341 344 349 356 1360 1368 110 1736 319 335 336 350 1387 56 1412 494 297 326 329 333 343 346 347 348 352 353 354 355 1291 357 49 101 301 46 625 55 268 300 317 328 330 334 337 338 339 340 345 292 156 298 303 324 327 331 293 631 290 320 351 318 323
165 165 1645 186 108 160 1646 167 133 393 110 1969 2010 184 499 570 67 248 168 169 59 161 158 1499 164 166 62 260 261 262 1954 15 112 162 183 107 111 163 259
166 166 2453 108 169 59 168 158 164 165 62 1499 167 161 393 160 163 162 67 133 110
167 167 393 160 394 110 108 161 259 162 133 1954 262 112 111 67 107 361 165 260 2243 2244 261 1497 2488 745 1499 539 286 2227 2228 2275 2276 2355 31 1953 164 168 1928 62 169 756 59 158 166 130 298 163 2454 210 2133 109 128 141 530 49 494 134
172 172 2569 266 177 176 171 175 174 30 673 2570 470 1146 2414 715 265 2267 31 173 1147 1143 751 321 628 1613 750 534 2502 1541 2503 1286 550 366 1346 506 2 529 496 212 217 183 709 67 95 625 294 185 235 737 1029 763 791 642 39 701 607 637 332 528 682 688 697 609 1560 711 1559 631 1562 1563 1564 1565 314 132 1387 1556 1557 1566 1567 1568 1569 1570 1571 1572 1573 1574 1575 1576 1577 1578 1579 1580 1581 1582 1583 1584 1585 1586 1587 1588 1589 1590 1591 1592 1593 1594 1595 1596 1597 1598 1599 1600 1601 1602 1603 1604 1605 1606 1607 1608 1609 1610 1611 1612 1614 1368 1555 129 342 1309 1354 1366 1384 1386 1395 1480 1554 1558 2257
174 174 470 1147 1146 1143 751 750 172 628 2257 2569 1948 266 175 1947 669 100 1967 177 1254 171 176 1267 1253 1965 627 30 31
178 178 179 1837 2087 143 748 2510 2504 747 225 2507 1945 142 269 2505 2506 603 1336 58 96 90 85 2513 2048 95 497 144 2508 2511 2512 2143 93 2142 287 1950 2218 2219 547 2475 82 79 2044 1939 207 80 2083 1957 60 2132 458 299 203 456
179 179 178 1837 2087 143 748 2510 2504 747 225 2507 1945 142 269 2505 2506 603 1336 58 96 90 85 2513 2048 95 497 144
180 180 181 1349 156
181 181 180 1349
183 183 12 2092 248 185 187 182 186 15 1615 80 30 11 2007 184 2117 2119 2120 2121 2122 2118 194 210 196 250 16 17 14 1617 195 1931 249 251 252 573 126 1927 1248 496 193 1537 1515 2414 715 708 78 499 570 2267 192 31 58 2010 1852 1969 165 568 571 572 574 575 569 1979 1616 1251 134 1326 670 534 1278 1334 1541 690 1286 550 366 1346 506 2 529 172 217 541 2580 212 95 67 13 364 1619 1531
185 185 2007 2117 2119 2120 2121 2122 2118 194 183 210 196 195 1537 193 78 708 192 496 30 690 2580 12 364 2092 248 2123 2126 2124 2125 2127 500 296 133 187 182 358 1481 198 186 197 378 505 15 2414 1615 715 2267 80 1520 1735 217 208 1541 1729 1265 54 228 492 499 498 502 503 504 1264 1717 501 231 534 497 11 229 1286 550 366 1734 506 1346 2 235 529 172 295 212 95 1616 1661 184 1657 1658 1660 1662 1663 1664 1665 1666 1667 1668 1669 1670 1672 1673 1674 1675 1676 1677 1678 1679 1404 1414 1659 691 692 693 694 696 1671 699 1554 700 1680
189 189 469 2255 2256 2254 2391 687 613 468 1940 1970 188 294 520 1715 306 1118 2208 2041 2133 1282 66 190 1457 2158 2160 547 301 686 2182 191 358 456 152 1703 1684 673 1698 2040 625 704 235
190 190 599 746 301 2182 1970 188 1514 302 293 2445 625 294 2449 1621 1620 1270 1512 235 480 2377 2378 2379 31 189 2158 2160 191 6 1520 291 25 358 456 152 1891 321 1261 600 570 1299 573 580 1507 1248 2391 514 2030 673 1457 709 1513 292 686 752 469
194 194 196 364 185 195 197 2007 198 2117 2119 2120 2121 2122 2118 183 210 2123 2126 2124 2125 2127 296 500 1537 193 78 708 358 192 496 30 1520 690 2580 12 2092 248
195 195 2123 2126 2124 2125 2127 296 500 358 185 194 1520 196 295 486 487 228 625 2007 1299 2117 2119 2120 2121 2122 2118 183 210 364 496 294 235 483 484 485 1537 193 78 708 192 198 1420 197 231 30 455 291 2548 2158 2160 301 2156 690 456 152 1957 2580 2182 359 746
196 196 194 185 198 197 195 364 2007 2117 2119 2120 2121 2122 2118 183 210 2123 2126 2124 2125 2127 296 500 193 1537 31 708 78 358 192 496 360 30 1520 690 2580 12 2092 248
199 199 2128 200 202 201 1685 204 203 2207
207 207 375 95 1336 2132 2087 299 2048 376 93 30 129 2504 747 178 2508 1957 69 287 96 97 538 208
208 208 1985 211 2136 2137 2138 2139 209 1353 541 1370 1553 2132 2134 2135 2133 377 210 1347 69 467 1736 156 378 2434 95 1992 2220 2221 2472 133 613 1493 1494 2471 2272 542 1348 1496 1845 6 1495 1349 540 1248 80 49 185 1481 646 2467 2468 2469 2470 1850 1884 718 2466 466 304 1747 673 1412 1355 2428 709 740 207
209 209 1347 467 69 208 2134 2135 2133 2132 1985 49 211 2136 2137 2138 2139 1353 541 1553 1370 466 304 377 210 613 133 1736 95 2042 156 67 1327 2249 2568 1900 2420 378 684 2180 2434
210 210 133 185 1481 378 208 2007 130 2454 2133 2117 2119 2120 2121 2122 2488 745 160 2118 194 183 286 539 196 2428 377 110 195 1985 211 1928 1537 193 134 756 78 708 393 209 2136 2137 2138 2139 1353 192 541 1497 496 1370 1553 108 2132 1503 2134 2135 111 30 259 1347 690 467 167 69 132 2580 162 62 12 2092 364 1736 161 1546 156 67 248
211 211 208 1493 1494 541 1985 1349 1353 209 2136 2137 2138 2139 1370 1553 2132 2134 2135 2133 1495 377 156 1736 210 1347 69 467 542 1348 1496 1845 540 1248 80 646 378 2434 95 1992
212 212 213 214 216 2140 215 30 2141 2414 715 2267 534 1541 1286 550 366 506 1346 2 529 172 217 496 95 183 67 185
213 213 212 214 216 2140 215 30 2141
214 214 212 213 216 2140 215 30 2141
216 216 212 213 214 2140 215 30 2141
217 217 218 2438 2439 1706 460 219 496 30 220 1705 458 2118 2414 715 2267 243 498 502 503 504 497 505 534 499 501 231 192 185 1541 1286 550 366 500 506 1346 229 228 2 529 172 212 95 183 67
218 218 217 220 2438 2439 1706 460 219 496 30 1705 458
223 223 224
224 224 223
226 226 2145 2146 2147 2148 2149 2150 2151 2152 2153 2154 2144 154 227 471 2258 615 581 1521 84 1247 151 1523 1525 155 2437 1317 137 79
228 228 2156 500 1957 232 231 230 229 496 2124 2125 2048 81 195 2548 1661 1299 295 2118 1656 296 498 502 503 504 505 290 499 501 192 497 185 217 2127 30 2529 2530 2531 2532 2533 2534 2535 2536 358 1958 2123 2126 2086 287 93 95
229 229 1661 1656 2548 231 290 228 496 230 295 1712 500 2156 690 1957 2118 357 1299 232 498 502 503 504 505 2127 499 501 192 358 497 551 553 552 131 217 132 30 185 291 359 1296
230 230 2548 231 228 229 295 500 496 2156 1957 1661 232 1656 2127 358 359 1296 290
231 231 230 295 229 228 496 2548 1661 2127 1656 358 500 2156 359 1957 1296 2118 290 232 498 502 503 504 505 499 501 192 291 195 497 217 486 487 1712 30 185 2124 2125
233 233 234 529 235 533 2159 2161 2162 31 2072 2157 1923 2158 2160 301 531 532 1844 358 530 456 152 540 111 30 192 625 673 294
234 234 233 529 235 533
235 235 2159 2161 2162 2072 2157 1923 2158 2160 301 358 456 152 233 192 673 625 294 291 2416 2567 486 487 141 295 151 2537 749 190 153 2080 2079 2081 614 288 1302 234 324 195 1924 84 58 2182 1520 1613 483 484 485 79 746 2503 2502 31 1965 155 1457 686 2391 2030 149 193 1265 332 492 342 1264 314 321 306 2085 316 529 322 320 107 496 763 791 607 637 528 682 688 697 1029 1556 1557 1566 1567 1568 1569 1570 1571 1572 1573 1574 1575 1576 1577 1578 1579 1580 1581 1582 1583 1584 1585 1586 1587 1588 1589 1590 1591 1592 1593 1594 1595 1596 1597 1598 1599 1600 1601 1602 1603 1604 1605 1606 1607 1608 1609 1610 1611 1612 1614 293 302 39 701 737 1309 1354 1366 1384 1386 1395 1480 1554 1558 1560 1562 1563 1564 1565 163 642 711 266 519 1360 1368 1555 1559 609 631 2127 1552 1927 1866 1387 1412 129 101 246 2083 60 185 132 46 1553 468 469 1561 172 296 709 2071 335 336 325 341 344 349 356 310 312 49 471 599 189 309 319 350 327 331 300 317 328 330 334 337 345 304 56 338 339 340 297 326 329 333 343 346 347 348 352 353 354 355 1291
236 236 1699 237 2163 2164 562 1698 583 407 2471 406 561
237 237 562 583 407 236 406 561 2363 1699 455 413 405 408 409 410 411 412 414 415 416 417 418 419 420 421 422 423 424 425 426 427 428 429 430 431 432 433 434 435 436 437 438 439 440 441 442 443 444 445 446 447 448 449 450 451 452 453 454
238 238 2168 2169 247 239 2577 240
239 239 2577 240 238 2168 2169 241 247
246 246 2396 258 245 673 244 1613 2503 2502 625 294 235 1556 1557 1566 1567 1568 1569 1570 1571 1572 1573 1574 1575 1576 1577 1578 1579 1580 1581 1582 1583 1584 1585 1586 1587 1588 1589 1590 1591 1592 1593 1594 1595 1596 1597 1598 1599 1600 1601 1602 1603 1604 1605 1606 1607 1608 1609 1610 1611 1612 1614 342 1309 1354 1366 1384 1386 1395 1480 1554 1558 1560 763 791 1562 1563 1564 1565 607 637 332 519 528 1360 1368 682 688 697 1555 1559 1029 1552 1927 1866 39 1387 701 737 1412 642 711 609 631 101 314 306 1553
248 248 183 249 251 252 250 186 12 2092 185 2010 1615 15 187 182 80 184 30 1724 1969 499 570 165 11 2007 2117 2119 2120 2121 2122 2118 1617 194 1931 210 196
255 255 2170 256 584 517
257 257 2171 31 626 628 2455 2492 573 1847 402 2502 627 1495 1895 376 67
259 259 2227 2228 2488 745 286 539 162 1928 1954 1497 167 393 110 160 133 1546 62 632 2275 2276 2355 1953 108 161 394 1320 111 756 67 2243 2244 287 1499 540 298 262 31 130 112 2454 107 210 164 1498 1500 1501 1502 656 2133 260 261 165 134 361
260 260 67 160 109 110 530 49 494 112 167 108 113 107 133 111 298 393 30 261 262 1954 165 161 259 162 2243 2244 1499 2042 69 605 31 394
265 265 2176 2460 271 272 273 274 275 276 277 270 278 268 279 56 266 135 267 269 2461 66 1742 1950 2056 172 2511 2512 391 748 2510 31 392 1504 640 594 390 136 1949 2030 43 291 137 36 366 225 321
266 266 172 265 321 673 709 2569 177 176 171 175 2176 174 2460 31 30 737 1613 270 278 271 272 273 274 275 276 277 279 268 56 2502 322 2503 135 1560 642 1559 735 739 743 744 1387 698 267 1746 1748 1749 1358 327 331 132 306 740 316 269 301 1029 2570 39 701 1562 1563 1564 1565 609 107 1368 1555 734 736 738 741 742 49 654 666 706 335 336 71 45 310 312 1553 625 1905 1906 1907 1908 1909 1910 1911 1912 1913 1914 1915 1916 1917 1918 1919 1920 1921 309 552 300 317 1671 1680 328 330 334 337 345 112 648 1904 320 627 294 318 235 686 323 763 791 607 637 332 528 682 688 697 711 631 314 1556 1557 1566 1567 1568 1569 1570 1571 1572 1573 1574 1575 1576 1577 1578 1579 1580 1581 1582 1583 1584 1585 1586 1587 1588 1589 1590 1591 1592 1593 1594 1595 1596 1597 1598 1599 1600 1601 1602 1603 1604 1605 1606 1607 1608 1609 1610 1611 1612 1614 129 342 1309 1354 1366 1384 1386 1395 1480 1554 1558 1633 769 799 888 892 951 952 1021 1096 1120 1234 519 1360 644 649 659 350 46 1552 1927 291 1866 1412 630 101 246 1396
267 267 1742 391 392 1504 640 390 265 2176 2460 271 272 273 274 275 276 277 268 270 278 279 56 135 266 269
269 269 1950 2511 2512 748 2510 1949 265 225 178 2513 2507 497 1945 58 2176 143 2460 2143 2142 2504 747 179 271 272 273 274 275 276 277 268 270 278 279 56 135 266 267 1837 1939 2087 458 2508
286 286 1546 62 259 133 287 2488 745 539 2227 2228 160 130 134 2454 210 1928 162 108 110 2133 393 1497 96 2181 167 1954 2048 36 756 111 288 1965 161 132 632 67 1953 93 31 1499 2275 2276 2243 2244 1320
287 287 96 2181 2048 288 1965 286 93 2504 747 388 1957 95 2155 606 1546 62 456 259 31 1336 133 58 2505 2506 2507 757 2266 603 86 1945 90 85 750 178 84 466 2238 2239 94 98 92 207 2508 97 2087 81 228 2132 299
288 288 2155 606 456 96 287 2537 749 1302 84 625 93 1965 294 235 2181 58 79 2048 2504 747 286 60 2158 2160 301 358 2218 2219 152 2179 2180 85 1520 2182 31
290 290 1712 357 1299 229 291 1656 551 553 552 131 547 132 1661 2548 231 31 296 1300 500 302 228 496 130 1997 550 298 325 341 344 349 356 319 332 335 336 350 56 310 312 2280 2281 2282 2283 2284 2285 2286 2287 2288 2289 2290 2291 2292 2293 2294 2295 2296 2297 2298 2299 2300 2301 2302 2303 2304 2305 2306 2307 2308 2309 2310 2311 2312 2313 2314 2315 2316 2317 2318 2319 2320 2321 2322 2323 2324 2325 2326 2327 2328 2329 2330 2331 2332 2333 2334 2335 2336 2337 2338 2339 2340 2341 2342 2343 2344 2345 2346 2347 2348 2349 2350 2351 2352 2353 2354 297 326 329 333 343 346 347 348 352 353 354 355 1291 309 104 1329 55 268 300 305 308 313 317 328 330 334 337 338 339 340 342 345 314 303 307 311 324 327 331 2256 293 320 351 318 2087 323 494 306 24 315 230 316 613 322 301 299 107 321 295 292 163
292 292 2380 2377 2378 2379 605 6 1248 302 690 291 494 1349 2035 2381 2382 377 717 2500 7 8 9 10 1984 80 480 31 1251 1249 309 1250 319 541 318 1404 1414 642 156 1360 1891 525 310 312 305 308 313 1261 307 311 314 600 46 570 573 1299 306 580 691 692 693 694 696 699 700 697 315 1507 680 695 698 701 1657 1658 1660 1662 1663 1664 1665 1666 1667 1668 1669 1670 1672 1673 1674 1675 1676 1677 1678 1679 1256 1659 1616 1671 1554 1680 1255 325 341 344 349 356 1623 1555 1253 332 335 336 350 129 107 1541 1319 610 190 56 1661 2030 297 326 329 333 343 346 347 348 352 353 354 355 1291 357 67 627 1655 55 268 300 317 328 330 334 337 338 339 340 342 345 1656 303 324 327 331 293 290 320 351 163 299 323 301 43 298 24 296 316 322
293 293 746 2182 291 190 625 2449 1621 1620 1270 294 31 301 25 599 1520 2158 2160 358 456 514 152 325 341 344 349 356 319 332 335 336 350 56 310 312 297 326 329 333 343 346 347 348 352 353 354 355 1291 309 357 314 55 268 300 305 308 313 317 328 330 334 337 338 339 340 342 345 303 307 311 324 327 331 752 235 302 290 320 351 318 494 323 306 298 24 315 316 188 322 296 299 107 1970 295 1324 292 1514 163 2391
294 294 1457 2158 2160 2391 301 686 2182 358 456 152 469 468 1703 189 1684 1698 625 673 235 291 190 306 486 487 2450 2451 2452 1640 2449 295 293 151 2537 1621 1620 749 153 2080 2079 2081 614 288 1302 1270 195 84 746 1520 1686 1688 1689 1690 1691 1692 1693 1697 703 1750 1975 2255 58 25 1613 2256 2254 1685 483 484 485 79 687 387 31 2502 2503 1695 1965 613 155 621 1696 1325 2159 2161 2162 1694 558 1317 2072 2157 2030 1923 149 1970 188 332 342 321 314 1940 2085 316 322 709 1687 599 1700 1701 1702 107 302 763 791 607 637 528 682 688 697 1029 1556 1557 1566 1567 1568 1569 1570 1571 1572 1573 1574 1575 1576 1577 1578 1579 1580 1581 1582 1583 1584 1585 1586 1587 1588 1589 1590 1591 1592 1593 1594 1595 1596 1597 1598 1599 1600 1601 1602 1603 1604 1605 1606 1607 1608 1609 1610 1611 1612 1614 39 701 737 163 1309 1354 1366 1384 1386 1395 1480 1554 1558 1560 1562 1563 1564 1565 642 711 266 609 631 519 1360 1368 1555 1559 2127 1552 1927 1699 1866 1387 1412 129 101 246 2083 60 132 46 1553 233 1561 172 192 1349 296 514 310 312 335 336 350 309 325 341 344 349 356 471 327 331 319 49 300 317 328 330 334 337 345 307 311 56 304 338 339 340 324 305 308 313 303 297 326 329 333 343 346 347 348 352 353 354 355 1291
295 295 2127 2548 358 231 359 1296 230 291 229 486 487 195 625 294 235 483 484 485 228 496 1661 301 163 20 296 1295 2158 2160 500 1656 2124 2125 2123 2126 1520 290 456 152 2182 357 297 326 329 333 343 346 347 348 352 353 354 355 1291 55 268 300 305 308 313 317 325 328 330 334 337 338 339 340 341 342 344 345 349 356 303 307 311 319 324 327 331 332 335 336 350 56 310 312 320 351 309 318 185 314 323 306 293 298 24 315 316 322 299 494 746 2159 2161 2162 2391
296 296 2124 2125 195 1299 500 291 2123 2126 2127 358 185 194 1520 196 228 290 1300 302 295 357 297 326 329 333 343 346 347 348 352 353 354 355 1291 496 55 268 300 305 308 313 317 325 328 330 334 337 338 339 340 341 342 344 345 349 356 303 307 311 319 324 327 331 332 335 336 350 56 310 312 320 351 309 318 314 323 306 293 486 487 298 24 315 316 322 294 299 494 235 301 107 625
298 298 540 162 67 291 2274 1396 547 560 539 110 529 109 541 1497 2275 2276 530 494 2355 260 1953 49 259 108 111 756 107 1954 167 160 113 112 1997 550 290 30 2280 2281 2282 2283 2284 2285 2286 2287 2288 2289 2290 2291 2292 2293 2294 2295 2296 2297 2298 2299 2300 2301 2302 2303 2304 2305 2306 2307 2308 2309 2310 2311 2312 2313 2314 2315 2316 2317 2318 2319 2320 2321 2322 2323 2324 2325 2326 2327 2328 2329 2330 2331 2332 2333 2334 2335 2336 2337 2338 2339 2340 2341 2342 2343 2344 2345 2346 2347 2348 2349 2350 2351 2352 2353 2354 357 297 326 329 333 343 346 347 348 352 353 354 355 1291 1329 55 268 300 305 308 313 317 325 328 330 334 337 338 339 340 341 342 344 345 349 356 393 303 307 311 319 324 327 331 332 335 336 350 2256 56 310 312 320 351 309 318 104 2087 314 323 306 293 24 133 315 316 322 296 299 161 533 613 295 301 163 292 1499
299 299 129 95 590 97 581 291 207 1336 2132 2087 2048 128 2144 93 1284 137 690 30 1636 1872 94 582 684 673 375 107 2504 747 319 342 297 326 329 333 343 346 347 348 352 353 354 355 1291 332 357 309 318 55 268 300 305 308 313 317 325 328 330 334 337 338 339 340 341 344 345 349 356 303 307 311 324 327 331 335 336 350 314 56 310 312 306 320 351 323 316 322 293 298 24 315 290 296 494 96 2508 2266 43 1957 295 301 292 69 287 178
301 301 190 625 294 235 291 321 2158 2160 2182 746 358 599 456 152 709 1520 2159 2161 2162 2072 2157 1457 2391 1923 686 673 1970 188 1514 293 31 469 468 302 233 192 1703 189 306 1684 327 331 1698 295 322 486 487 335 336 310 312 300 317 328 330 334 337 345 2449 309 320 318 316 323 737 1621 1302 1620 350 735 739 743 744 107 266 338 339 340 698 151 2445 2537 1746 1748 1749 303 307 311 749 1358 153 351 740 1270 2080 614 332 2079 2081 324 288 342 314 195 642 1560 325 341 344 349 356 1559 319 734 736 738 741 742 1387 56 654 666 706 132 297 326 329 333 343 346 347 348 352 353 354 355 1291 357 45 71 55 268 305 308 313 1905 1906 1907 1908 1909 1910 1911 1912 1913 1914 1915 1916 1917 1918 1919 1920 1921 552 112 1671 1680 290 648 1512 627 1904 84 494 298 24 315 1029 2502 39 701 296 141 299 49 609 2416 1750 163 58 2567 1562 1563 1564 1565 292 1368 1555
302 302 480 2377 2378 2379 6 1891 600 1261 1299 580 570 1507 1248 573 2030 190 292 1993 291 673 1349 2035 2381 2382 164 2172 15 377 599 2446 2500 7 8 9 10 1984 80 301 746 137 2380 314 2182 605 1994 290 1454 1262 1263 296 598 1300 1281 499 400 1508 1509 1510 1511 650 1429 186 1251 1249 163 1512 1250 2031 2032 2033 2034 1060 1164 1298 1970 279 500 188 71 1514 1613 712 541 43 306 2503 342 294 156 332 2502 625 293 305 308 313 152 235 307 311 107 310 312 316 309 322 315 1354 1366 1384 1386 1395 1480 607 1360 1368 1387 494 31 1412 642 297 326 329 333 343 346 347 348 352 353 354 355 1291 101 55 268 300 317 325 328 330 334 337 338 339 340 341 344 345 349 356 357 303 319 324 327 331 335 336 350 46 56
304 304 1327 1900 2493 2406 2407 2408 2409 2410 2411 2412 2413 754 755 2267 104 2102 69 243 18 291 673 2096 2246 2097 209 49 30 2132 2134 2135 2133 19 105 2036 31 20 466 1347 467 219 2095 547 507 208 1613 2502 332 2503 342 314 306 316 294 322 235
306 306 2391 321 291 673 1349 189 294 310 312 309 316 322 107 1613 301 1387 300 317 328 330 334 337 345 642 327 331 335 336 314 320 318 323 2503 1560 342 1559 332 737 2502 469 305 308 313 654 666 1358 307 311 266 132 235 49 648 315 1457 163 302 1354 1366 1384 1386 1395 1480 607 1360 1368 1905 1906 1907 1908 1909 1910 1911 1912 1913 1914 1915 1916 1917 1918 1919 1920 1921 1412 625 686 297 326 329 333 343 346 347 348 352 353 354 355 1291 734 736 738 741 742 1746 1671 1680 1748 1749 357 101 55 268 325 338 339 340 341 344 349 356 706 735 739 743 744 156 1904 71 2255 303 319 324 350 45 698 56 292 2158 2160 351 552 46 112 2256 2254 740 293 298 24 290 687 296 299 494 468 295 358 613 1556 1557 1566 1567 1568 1569 1570 1571 1572 1573 1574 1575 1576 1577 1578 1579 1580 1581 1582 1583 1584 1585 1586 1587 1588 1589 1590 1591 1592 1593 1594 1595 1596 1597 1598 1599 1600 1601 1602 1603 1604 1605 1606 1607 1608 1609 1610 1611 1612 1614 1309 1554 1558 763 791 1562 1563 1564 1565 2182 627 637 519 528 682 688 697 1555 1029 304 129 1552 1927 1866 39 701 456 711 152 609 631 246
315 315 1870 2427 291 1349 305 308 313 307 311 310 312 309 314 306 297 326 329 333 343 346 347 348 352 353 354 355 1291 357 55 268 300 317 325 328 330 334 337 338 339 340 341 342 344 345 349 356 107 156 303 319 324 327 331 332 335 336 350 56 292 320 351 318 323 293 298 163 24 290 316 322 302 296 299 494 295 301
316 316 1734 1618 670 321 291 610 673 318 1387 45 1737 1738 1739 1740 1741 985 1375 711 648 708 46 1561 49 43 1736 306 322 1613 300 317 328 330 334 337 345 80 323 327 331 335 336 310 312 320 309 107 2503 1560 342 1559 332 737 2502 642 314 301 266 132 294 235 2190 71 1905 1906 1907 1908 1909 1910 1911 1912 1913 1914 1915 1916 1917 1918 1919 1920 1921 297 326 329 333 343 346 347 348 352 353 354 355 1291 734 736 738 741 742 1746 1671 1680 1748 1749 357 625 55 268 305 308 313 325 338 339 340 341 344 349 356 654 666 706 735 739 743 744 1358 1904 303 307 311 319 324 350 698 56 163 351 552 2042 112 302 740 293 298 24 315 290 296 299 494 295 1556 1557 1566 1567 1568 1569 1570 1571 1572 1573 1574 1575 1576 1577 1578 1579 1580 1581 1582 1583 1584 1585 1586 1587 1588 1589 1590 1591 1592 1593 1594 1595 1596 1597 1598 1599 1600 1601 1602 1603 1604 1605 1606 1607 1608 1609 1610 1611 1612 1614 1309 1354 1366 1384 1386 1395 1480 1554 1558 763 791 1562 1563 1564 1565 627 607 637 519 528 1360 1368 682 688 697 1555 1029 304 129 1552 1927 292 1866 39 701 128
320 320 141 321 291 107 2071 2072 51 300 317 328 330 334 337 345 327 331 335 336 310 312 309 318 323 306 316 322 128 301 73 235 1905 1906 1907 1908 1909 1910 1911 1912 1913 1914 1915 1916 1917 1918 1919 1920 1921 297 326 329 333 343 346 347 348 352 353 354 355 1291 734 736 738 741 742 1746 1671 1680 1748 1749 1560 357 2043 55 268 305 308 313 325 338 339 340 341 342 344 349 356 654 666 706 735 739 743 744 1358 1559 1904 303 307 311 319 324 332 350 45 698 737 1387 71 56 642 351 552 101 112 740 314 266 648 293 298 24 132 315 290 296 299 494 295 627 49 292 163
322 322 2525 2523 321 291 2524 673 709 327 331 306 316 1613 737 300 317 328 330 334 337 345 335 336 310 312 266 320 309 318 301 107 323 2503 1560 342 1559 332 1746 1748 1749 1387 2502 338 339 340 735 739 743 744 1358 642 303 307 311 350 698 314 351 740 132 294 235 1562 1563 1564 1565 1368 1555 1029 39 701 609 1905 1906 1907 1908 1909 1910 1911 1912 1913 1914 1915 1916 1917 1918 1919 1920 1921 1553 297 326 329 333 343 346 347 348 352 353 354 355 1291 625 734 736 738 741 742 1671 1680 49 357 55 268 305 308 313 325 341 344 349 356 654 666 706 1904 319 324 71 45 56 163 552 112 302 648 293 298 24 315 686 290 296 299 494 295 1556 1557 1566 1567 1568 1569 1570 1571 1572 1573 1574 1575 1576 1577 1578 1579 1580 1581 1582 1583 1584 1585 1586 1587 1588 1589 1590 1591 1592 1593 1594 1595 1596 1597 1598 1599 1600 1601 1602 1603 1604 1605 1606 1607 1608 1609 1610 1611 1612 1614 1309 1354 1366 1384 1386 1395 1480 1554 1558 763 791 627 607 637 519 528 1360 682 688 697 304 129 1552 1927 292
351 351 1992 291 740 709 1561 377 338 339 340 303 307 311 327 331 350 323 322 378 301 297 326 329 333 343 346 347 348 352 353 354 355 1291 357 2220 2221 2472 55 268 300 305 308 313 317 325 328 330 334 337 341 342 344 345 349 356 319 324 332 335 336 56 310 312 320 309 318 314 306 2471 293 298 24 315 290 316 2272 296 299 494 156 321 295 6 107 1736 292 1743 1745 1751 1752 1753 1754 1755 1756 1757 1758 1759 1760 1761 1762 1763 1764 1765 1766 1767 1768 1769 1770 1771 1772 1773 1774 1775 1776 1777 1778 1779 1780 1781 1782 1783 1784 1785 1786 1787 1788 1789 1790 1791 1792 1793 1794 1795 1796 1797 1798 1799 1800 1801 1802 1803 1804 1805 1806 1807 1808 1809 1810 1812 1813 1814 1815 1816 1817 1818 1819 1820 1821 1822 1823 1824 1825 1826 1827 1828 1829 1830 1831 1832 1833 1834 1747 302 163 735 739 743 744 1358 37 565 1402 1746 1373 1378 1403 1416 1431 1444 1477 1250 1633 1748 1749 769 799 888 892 951 952 1021 1096 1120 1234 1750 1562 1563 1564 1565 1811 698 737
358 358 486 487 295 195 625 294 235 483 484 485 2127 2158 2160 301 1520 2548 456 152 231 2182 2123 2126 2124 2125 2159 2161 2162 296 746 2072 2157 1457 500 2391 1923 359 1296 686 673 185 291 194 196 469 468 233 192 1703 189 190 230 1684 1698 229 293 151 2537 749 2080 153 2079 2081 228 288 1302 614 2449 1621 1620 306 1270 84
361 361 161 110 167 108 111 393 160 162 2243 2244 67 133 1499 394 259
362 362 363 612 1505 1346 1349 2418 2419 31
363 363 362 1505 1346 612 2418 2419 31 30
364 364 194 197 196 185 195 198 360 2007 2117 2119 2120 2121 2122 2118 183 210
365 365 1871 109 724 67 31 2479 2480 725
366 366 66 367 30 2460 1506 41 613 2414 715 2267 534 2461 1541 1286 550 506 1346 2 529 172 212 217 496 95 183 265 67 185 2208
368 368 2209 1264 1744 1351 371 369 370 372 373 374 2210 2211 2212 2213 2214 192 709 1349
371 371 1351 368 2210 2211 2212 2213 2214 2209 1264 1744 369 370 372 373 374 1349
375 375 207 376 95 538 31 1847 1846 283 1336 2132 2087 299 2048 93 535
376 376 538 1846 283 1847 375 535 31 207 280 536 626 257 628 2455 2492 573 402 2502 537 627 1495 1895 95
377 377 378 1992 2220 2221 2472 2471 2272 156 1736 6 208 541 740 2428 1370 351 1561 526 2273 2164 1349 619 1747 524 2467 2468 2469 2470 2035 2381 2382 646 1850 1884 718 2466 1985 211 210 1503 1353 292 209 2136 2137 2138 2139 302 1553 2132 2134 2135 2133 7 8 9 10 1984 153 111 1734 1347 69 467 2377 2378 2379 1699 1248 2571 1838 542 1348 1496 1845 525
378 378 2428 377 1503 210 1992 2220 2221 2472 2471 2272 156 1736 6 208 133 185 1481 541 740 1370 351 1561 526 2273 2164 1349 619 1747 524 1985 2467 2468 2469 2470 2035 2381 2382 646 1850 1884 718 211 2466 2133 1353 2136 2137 2138 2139 209
382 382 753 379 2520 2521 381 380
386 386 23 387 2229 2230 2231 2177 26 22 1243 1851 21
387 387 1243 23 1703 1684 1698 386 2229 2230 2231 2177 26 22 1686 1688 1689 1690 1691 1692 1693 1697 703 1685 1695 1696 621 1325 1694 558 1317 25 294 1687 1700 1701 1702 1699 1851 21
388 388 2238 2239 2181 389 287 2508 96 2048
389 389 2508 388 2509 2505 2506 603 1336 1945 90 85 2238 2239 2181 58 2504 747 82 2218 2219 2510 95 79 2507
390 390 392 391 267 1742 640 1504 265
391 391 392 1742 267 390 640 1504 265
392 392 390 391 267 640 1742 1504 265
393 393 167 110 262 1954 160 112 108 107 259 111 133 161 162 67 394 2243 2244 1499 2488 745 539 286 128 141 2227 2228 1497 130 165 2454 168 164 260 31 210 1928 2133 261 361 62 163 169 59 158 166 756 1498 1885 1886 627 68 396 1884 1398 1429 2275 2276 109 1953 2355 529 134 321 530 49 494 298 1736 113 1546 291
397 397 455 2245 398 2371 589 407 406 2178 1520 413
398 398 2178 397 455 2245 2371
399 399 2247 403 404 400 402 401 601 2514 2383 578 580 1359
401 401 601 2514 2383 403 404 399 1359 2384 2247 1484 1485 1486 1487 2422 2423 2424 2425 2426 400 402 1488 1489 1491 1492 1490 1284
402 402 399 31 2247 403 404 400 401 626 257 628 2455 2492 573 1847 2502 627 1495 1895 376 67
406 406 413 455 407 405 408 409 410 411 412 414 415 416 417 418 419 420 421 422 423 424 425 426 427 428 429 430 431 432 433 434 435 436 437 438 439 440 441 442 443 444 445 446 447 448 449 450 451 452 453 454 237 397 2371 589 562 1520 583 236 2245
413 413 406 455 407 405 408 409 410 411 412 414 415 416 417 418 419 420 421 422 423 424 425 426 427 428 429 430 431 432 433 434 435 436 437 438 439 440 441 442 443 444 445 446 447 448 449 450 451 452 453 454 237 397 2371
455 455 397 2371 589 407 406 1520 2245 413 398 237 625 405 408 409 410 411 412 414 415 416 417 418 419 420 421 422 423 424 425 426 427 428 429 430 431 432 433 434 435 436 437 438 439 440 441 442 443 444 445 446 447 448 449 450 451 452 453 454 1420 195 2178
456 456 2537 749 288 1302 84 625 294 235 58 79 1965 60 2158 2160 301 358 2218 2219 152 2155 2179 606 2180 1520 2182 2159 2161 2162 746 86 2044 2072 2157 1457 2391 1923 80 2475 82 2083 154 686 287 2510 673 85 96 2508 2504 747 87 1865 31 89 29 88 469 468 632 233 192 1341 757 190 1703 189 291 466 93 1684 36 1698 750 151 486 487 293 81 603 295 90 1945 153 2080 614 709 2079 2081 639 2507 2048 2449 195 2505 2506 155 621 1336 1621 1620 471 306 126 178 1270
458 458 497 459 460 88 150 1939 748 1704 2494 217 2434 149 496 86 473 153 84 2513 614 269 225 178 218
460 460 217 458 218 2438 2439 1706 497 219 496 30 459 88 150 1939 220
461 461 462 463
462 462 461 463
463 463 462 461
464 464 465 2248 124 466 1516 2249 2568 684 2420 2180 685 117 1965 467 31 69 20 2421 1302 621 679
465 465 464 685 1516 2248 124 466 20 684 1637 1638 1639 1634 679 1517 501 2249 2568 2420 2180 117
466 466 2249 2568 2420 684 2180 1516 464 1965 467 69 465 2421 2248 124 1302 20 621 209 2134 2135 2133 1636 97 1634 679 501 1517 49 2132 31 757 1347 86 456 750 304 93 287 208 84 2179 58 1495 720 1540 2359 2360 2361 2362 685
467 467 209 2134 2135 2133 1347 466 69 208 613 133 2132 2249 2568 2420 684 2180 1516 464 1985 49 211 2136 2137 2138 2139 1353 541 1370 1553 304 1965 377 210 2208 2041 130
469 469 189 468 294 2391 2255 2256 2254 687 613 1940 1970 188 1457 2158 2160 301 686 2182 358 456 152 306 520 1715 1703 1118 1684 2208 1698 625 2041 673 2133 235 190
470 470 174 2257 1147 1146 1143 751 750 172 628
471 471 154 155 151 2083 153 2258 615 152 1521 226 84 149 1247 81 2084 2080 2079 2081 1523 1525 614 2085 2437 1317 58 150 2145 2146 2147 2148 2149 2150 2151 2152 2153 2154 2144 79 157 625 2218 2219 294 2075 2076 2078 235 456 60 2077 82
472 472 473 622 1960 150 31 1704
473 473 472 150 622 1960 1704 149 458 153 614
477 477 2549 2260 478 479 2259 2261 2448 31 1848 1849 1937
480 480 1993 302 164 1994 2377 2378 2379 6 1891 600 1261 1299 580 570 1507 1248 573 2030 190 292 1497 108 291 111 673 1349 2035 2381 2382
486 486 358 487 295 195 625 294 235 483 484 485 2127 2158 2160 301 1520 2548 456 152 231 2182 2123 2126 2124 2125 2159 2161 2162 296 746 2072 2157 1457 500 2391 1923 359 1296
487 487 358 486 295 195 625 294 235 483 484 485 2127 2158 2160 301 1520 2548 456 152 231 2182 2123 2126 2124 2125 2159 2161 2162 296 746 2072 2157 1457 500 2391 1923 359 1296
494 494 605 67 495 1301 632 291 109 292 530 260 49 110 717 1320 539 298 31 113 112 160 107 108 111 303 30 633 1303 1304 1305 1306 1307 1308 1310 1311 1312 1313 1316 1309 1314 1315 1318 1319 1317 1302 393 325 341 344 349 356 319 332 335 336 350 2380 56 310 312 161 309 297 326 329 333 343 346 347 348 352 353 354 355 1291 357 2377 2378 2379 314 55 268 300 305 308 313 317 328 330 334 337 338 339 340 342 345 293 307 311 324 327 331 133 290 320 351 318 323 306 167 162 24 315 316 301 322 2042 296 299 163 1499 69 2243 2244 302 295 6 321
496 496 2118 498 502 503 504 505 499 501 231 192 497 500 229 228 217 30 185 1939 230 1661 218 195 458 2156 2124 2125 2548 2438 2439 295 1706 460 2007 1656 183 1957 748 2414 1537 715 2117 2119 2120 2121 2122 2267 193 194 196 210 31 1634 1265 570 598 492 186 1264 1517 232 1299 1516 219 15 290 1622 534 1541 708 1286 550 366 1346 78 506 2 529 172 235 212 296 67 95 2127 690
497 497 1939 458 748 496 2513 269 225 178 459 460 88 150 2118 498 502 503 504 505 499 2510 501 217 231 192 2511 2512 500 229 228 143 1950 30 185 179 2143 2142 1837 2087
500 500 228 2124 2125 195 1299 496 296 2156 1957 2123 2126 2127 231 232 229 230 358 185 2118 194 196 1520 31 1300 290 498 502 503 504 505 192 501 499 295 497 302 217 30 2548 2048 81 1661 486 487
506 506 2404 2405 30 547 2414 715 2267 550 534 1541 1286 366 1346 2 529 172 1997 212 217 496 95 183 2280 2281 2282 2283 2284 2285 2286 2287 2288 2289 2290 2291 2292 2293 2294 2295 2296 2297 2298 2299 2300 2301 2302 2303 2304 2305 2306 2307 2308 2309 2310 2311 2312 2313 2314 2315 2316 2317 2318 2319 2320 2321 2322 2323 2324 2325 2326 2327 2328 2329 2330 2331 2332 2333 2334 2335 2336 2337 2338 2339 2340 2341 2342 2343 2344 2345 2346 2347 2348 2349 2350 2351 2352 2353 2354 67 1329 2087 2256 185 104 613
513 513 2271 591 558 508 2515 517 31 563 515 1269 516 555 507 514 1684 1698
514 514 1272 1270 1275 1271 1273 508 1620 25 752 2182 1324 1325 516 1621 31 1926 1274 515 1269 2009 513 507 709 2449 293 190 625 294 489 26
517 517 2271 1683 488 256 1343 2515 513 1344 1345 584 255 24
520 520 2254 522 523 521 1334 189 1335 80 469 2255 2256 2391 687 613
524 524 2272 527 528 526 525 131 2273 619 377 2471 1712 587 1709 130 690 378 1992 2220 2221 2472 673 156 2164
526 526 2471 524 2164 377 2272 527 528 525 131 1699 378 1992 2220 2221 2472 156 2273
529 529 533 531 532 1844 530 233 540 111 30 234 298 67 2274 1396 2414 715 2267 31 596 560 1885 1886 68 396 1498 168 539 1884 534 1398 1429 164 1541 1499 1286 550 366 1346 161 541 506 2 107 393 172 160 235 496 212 217 183 95 163 162 1736 133 185 110 109
530 530 67 529 109 260 49 494 110 533 113 111 30 112 298 160 108 107 531 532 1844 233 540 393 161 2042 162 1499 69 167 2243 2244 605 31 133
533 533 529 531 532 1844 530 233 540 111 30 234 298 67 2274
535 535 536 538 537 376 1846 283 1847 375
536 536 535 538 537 376
538 538 535 376 536 537 1846 1847 283 375 31 207
539 539 632 259 133 1320 540 2488 745 286 2227 2228 160 130 2454 210 1928 162 110 298 2133 393 1497 1303 1304 1305 1306 1307 1308 1310 1311 1312 1313 1316 633 1309 1314 1315 1318 2274 303 1319 1396 1317 167 1954 494 1302 31 134 756 108 111 560 529 1546 62 541 67 132 161 1953 112 2275 2276 2243 2244
540 540 298 2274 1396 560 539 529 541 533 162 67 632 156 259 1736 133 208 291 1320 530 531 532 1844 542 1348 1496 1845 233 211 1495 111 1248 30 1349 80 709 547 110
541 541 156 1736 208 542 1348 1496 1845 211 1495 540 1248 80 1370 377 1349 1985 1747 2467 2468 2469 2470 646 1850 1884 718 2466 1353 209 2136 2137 2138 2139 1553 2132 2134 2135 1494 2133 298 2274 1396 126 2500 1515 20 1251 153 210 111 58 1493 1734 1347 69 467 378 560 1249 1250 1326 1992 1278 670 2220 2221 2472 1334 529 292 539 2471 2272 302 6 183 2571 1838 31
543 543 545 546 544 1244 1245 1246 1707 566 1540
545 545 543 1244 1245 1246 546 544
547 547 1997 550 2280 2281 2282 2283 2284 2285 2286 2287 2288 2289 2290 2291 2292 2293 2294 2295 2296 2297 2298 2299 2300 2301 2302 2303 2304 2305 2306 2307 2308 2309 2310 2311 2312 2313 2314 2315 2316 2317 2318 2319 2320 2321 2322 2323 2324 2325 2326 2327 2328 2329 2330 2331 2332 2333 2334 2335 2336 2337 2338 2339 2340 2341 2342 2343 2344 2345 2346 2347 2348 2349 2350 2351 2352 2353 2354 1329 2256 104 2087 613 554 548 549 677 1268 551 553 552 506 131 298 290 673 1712 189 2208 2041 95 178 2133 304 30 1328 105 540 1613 2404 2405 2503 2502 1282 66
550 550 30 547 2414 1997 715 2267 2280 2281 2282 2283 2284 2285 2286 2287 2288 2289 2290 2291 2292 2293 2294 2295 2296 2297 2298 2299 2300 2301 2302 2303 2304 2305 2306 2307 2308 2309 2310 2311 2312 2313 2314 2315 2316 2317 2318 2319 2320 2321 2322 2323 2324 2325 2326 2327 2328 2329 2330 2331 2332 2333 2334 2335 2336 2337 2338 2339 2340 2341 2342 2343 2344 2345 2346 2347 2348 2349 2350 2351 2352 2353 2354 1329 2256 104 2087 506 613 534 1541 1286 366 1346 2 554 548 549 677 1268 172 529 95 212 551 553 217 552 496 131 298 183 290 67 673 185
551 551 1712 1656 553 552 131 290 547 132 31 130 1997 229 550 2280 2281 2282 2283 2284 2285 2286 2287 2288 2289 2290 2291 2292 2293 2294 2295 2296 2297 2298 2299 2300 2301 2302 2303 2304 2305 2306 2307 2308 2309 2310 2311 2312 2313 2314 2315 2316 2317 2318 2319 2320 2321 2322 2323 2324 2325 2326 2327 2328 2329 2330 2331 2332 2333 2334 2335 2336 2337 2338 2339 2340 2341 2342 2343 2344 2345 2346 2347 2348 2349 2350 2351 2352 2353 2354 104 1329 2256 2087 613
552 552 1712 321 1656 551 553 131 132 290 547 31 130 1997 229 550 734 736 738 741 742 654 666 706 335 336 735 739 743 744 45 310 312 698 737 71 1905 1906 1907 1908 1909 1910 1911 1912 1913 1914 1915 1916 1917 1918 1919 1920 1921 2280 2281 2282 2283 2284 2285 2286 2287 2288 2289 2290 2291 2292 2293 2294 2295 2296 2297 2298 2299 2300 2301 2302 2303 2304 2305 2306 2307 2308 2309 2310 2311 2312 2313 2314 2315 2316 2317 2318 2319 2320 2321 2322 2323 2324 2325 2326 2327 2328 2329 2330 2331 2332 2333 2334 2335 2336 2337 2338 2339 2340 2341 2342 2343 2344 2345 2346 2347 2348 2349 2350 2351 2352 2353 2354 642 309 300 317 1746 1671 1680 328 330 334 337 345 1748 1749 1560 104 1329 112 740 1358 1559 327 331 1904 266 648 2256 1387 320 318 627 323 2087 306 316 322 613 301 107 49 291
553 553 1712 1656 551 552 131 290 547 132 31 130 1997 229 550 2280 2281 2282 2283 2284 2285 2286 2287 2288 2289 2290 2291 2292 2293 2294 2295 2296 2297 2298 2299 2300 2301 2302 2303 2304 2305 2306 2307 2308 2309 2310 2311 2312 2313 2314 2315 2316 2317 2318 2319 2320 2321 2322 2323 2324 2325 2326 2327 2328 2329 2330 2331 2332 2333 2334 2335 2336 2337 2338 2339 2340 2341 2342 2343 2344 2345 2346 2347 2348 2349 2350 2351 2352 2353 2354 104 1329 2256 2087 613
555 555 2358 556 557 558 559 563 513 1684 1698
561 561 562 2363 237 709 583 407 236 1743 1745 1751 1752 1753 1754 1755 1756 1757 1758 1759 1760 1761 1762 1763 1764 1765 1766 1767 1768 1769 1770 1771 1772 1773 1774 1775 1776 1777 1778 1779 1780 1781 1782 1783 1784 1785 1786 1787 1788 1789 1790 1791 1792 1793 1794 1795 1796 1797 1798 1799 1800 1801 1802 1803 1804 1805 1806 1807 1808 1809 1810 1812 1813 1814 1815 1816 1817 1818 1819 1820 1821 1822 1823 1824 1825 1826 1827 1828 1829 1830 1831 1832 1833 1834 37 338 339 340 565 1402 1746 1373 1378 1403 1416 1431 1444 1477 1250 1633 1748 1749 769 799 888 892 951 952 1021 1096 1120 1234 1750 1562 1563 1564 1565 1811
562 562 561 2363 237 583 407 236 406 709
573 573 2446 15 137 600 302 2495 732 1705 31 581 2387 570 568 571 572 574 575 569 1852 499 134 186 12 183 480 135 580 2377 2378 2379 598 6 1891 1261 1299 1248 190 1507 626 257 2030 628 292 2455 2492 1847 402 2502 2144 2388 2389 2390 627 1495 1895 376 67 11
580 580 2172 400 600 302 480 2377 2378 2379 573 578 6 598 399 1891 1261 1299 570 1507 1248 2030 190 292
581 581 2144 137 582 299 2495 1705 732 2387 573 226 129 135 95 1160 590 97 2388 2389 2390 2446 15 2145 2146 2147 2148 2149 2150 2151 2152 2153 2154 291 154
590 590 1284 1872 299 2522 2054 129 1283 95 1359 284 97 581 2055 291
594 594 2021 135 2056 136 137 43 265
596 596 2376 2375 595 1844 597 2517 2516 1294 31 1293 529
599 599 2445 190 746 301 2182 1970 188 1514 302 293 625 294 2449 1621 1620 1270 1512 235
601 601 401 2514 2383 403 404 399 1359 2384 2247
603 603 82 2508 2504 747 90 2505 2506 1336 1945 85 2507 83 96 58 2048 2045 2046 178 2509 389 84 2510 31 2218 2219 95 287 93 79 179 2047 60 2044 456 91 80 1837 2087 1957 2475 2083 143 748 203 81 1965
604 604 2063 31
605 605 494 292 717 2380 2377 2378 2379 67 6 495 1301 31 1248 632 291 1839 302 690 109 1349 49 530 260 2035 2381 2382 110
606 606 288 2155 456 96 287 31 749 2537 1302 84 625 93
608 608 2173 609 1929 2498 1930 31 673 2499 709 2001
609 609 608 673 2173 709 1929 31 1613 2502 2503 2498 1029 39 701 737 1562 1563 1564 1565 266 1368 1555 1553 625 322 294 686 235 763 791 607 637 332 528 682 688 697 642 711 631 314 1633 769 799 888 892 951 952 1021 1096 1120 1234 1556 1557 1566 1567 1568 1569 1570 1571 1572 1573 1574 1575 1576 1577 1578 1579 1580 1581 1582 1583 1584 1585 1586 1587 1588 1589 1590 1591 1592 1593 1594 1595 1596 1597 1598 1599 1600 1601 1602 1603 1604 1605 1606 1607 1608 1609 1610 1611 1612 1614 644 649 659 350 735 739 743 744 129 342 1309 1354 1366 1384 1386 1395 1480 1554 1558 1560 301 698 132 519 1360 1559 630 46 1552 1927 1866 1387 1396 1412 740 101 246 1750 1743 1745 1751 1752 1753 1754 1755 1756 1757 1758 1759 1760 1761 1762 1763 1764 1765 1766 1767 1768 1769 1770 1771 1772 1773 1774 1775 1776 1777 1778 1779 1780 1781 1782 1783 1784 1785 1786 1787 1788 1789 1790 1791 1792 1793 1794 1795 1796 1797 1798 1799 1800 1801 1802 1803 1804 1805 1806 1807 1808 1809 1810 1812 1813 1814 1815 1816 1817 1818 1819 1820 1821 1822 1823 1824 1825 1826 1827 1828 1829 1830 1831 1832 1833 1834 172 306
610 610 1734 2190 690 316 2191 2192 140 116 318 1737 1738 1739 1740 1741 985 1375 45 708 46 1387 711 648 1561 43 49 31 1736 115 138 691 692 693 694 696 699 700 319 697 680 695 698 701 1657 1658 1660 1662 1663 1664 1665 1666 1667 1668 1669 1670 1672 1673 1674 1675 1676 1677 1678 1679 1256 2193 642 309 1404 1414 1659 1616 1671 1554 1680 1255 1360 1623 1555 1253 129 1541 525 1319 1661 627 1655 1656 292 2042 670 1618 128
612 612 362 363 1349 31 156 1505 1346 643 645 647 651 652 653 655 657 658 660 661 662 663 664 665 38 607 644 649 650 654 656 659 666 310 312 646 642 309
613 613 2208 2041 2133 189 1282 66 547 2040 469 2256 2255 1347 2254 467 2391 687 69 366 133 2397 2398 208 2460 468 1940 1970 188 31 1997 550 209 294 1506 2280 2281 2282 2283 2284 2285 2286 2287 2288 2289 2290 2291 2292 2293 2294 2295 2296 2297 2298 2299 2300 2301 2302 2303 2304 2305 2306 2307 2308 2309 2310 2311 2312 2313 2314 2315 2316 2317 2318 2319 2320 2321 2322 2323 2324 2325 2326 2327 2328 2329 2330 2331 2332 2333 2334 2335 2336 2337 2338 2339 2340 2341 2342 2343 2344 2345 2346 2347 2348 2349 2350 2351 2352 2353 2354 2134 2135 41 1329 104 2087 2132 548 549 677 1268 554 551 553 552 131 290 1118 520 1715 506 298 306 130 49 673 1985
614 614 1704 152 149 150 2080 153 151 2079 2081 2075 2076 2078 2077 625 294 235 157 155 2085 31 2030 471 2083 2158 2160 301 473 458 456 358 2082 1520 2182 154
615 615 154 471 2258 1521 226 84 1247 151 31 1523 1525 155 2437 1317 2145 2146 2147 2148 2149 2150 2151 2152 2153 2154 2144 79 2218 2219
616 616 2262 2263 2264 31
617 617 2265 31
618 618 2268 2269 2270 705 1723 31
619 619 2272 2273 524 377 31 378 1992 2220 2221 2472 2471 1736 156 528
621 621 2359 2360 2361 2362 1540 2180 1240 1703 1684 1698 1302 466 544 1686 1688 1689 1690 1691 1692 1693 1697 703 1685 387 1695 1696 31 1325 1694 558 1317 1969 294 25 1687 1700 1701 1702 1699 2179 684 2249 2568 456 2420 464 1516
622 622 472 473 1960 31 150
623 623 2372 31
625 625 1520 2158 2160 746 301 2182 358 456 152 673 294 235 190 293 486 487 2449 195 295 151 2537 1621 1620 749 153 2080 2079 2081 1420 614 288 1302 1270 455 84 58 1613 483 484 485 79 31 2502 2503 1965 1457 155 686 2391 2159 2161 2162 2072 2157 599 2030 1923 149 291 25 2085 321 2127 763 791 607 637 332 528 682 688 697 1029 1556 1557 1566 1567 1568 1569 1570 1571 1572 1573 1574 1575 1576 1577 1578 1579 1580 1581 1582 1583 1584 1585 1586 1587 1588 1589 1590 1591 1592 1593 1594 1595 1596 1597 1598 1599 1600 1601 1602 1603 1604 1605 1606 1607 1608 1609 1610 1611 1612 1614 39 701 737 342 1309 1354 1366 1384 1386 1395 1480 1554 1558 1560 1562 1563 1564 1565 642 711 469 468 266 609 631 519 1360 1368 1555 1559 314 1552 1927 1866 1387 1412 129 101 246 2083 60 132 46 306 1553 316 233 322 1561 172 192 514 709 107 1703 188 189 471 49 1970 2123 2126 296 1684 163 500 1698 1514 606 752 2124 2125 2548 302 2218 2219
626 626 31 257 628 2455 2492 573 1847 402 2502 627 1495 1895 376 67 1736
627 627 1252 1258 1280 1254 1257 1256 1255 634 1253 112 628 70 690 321 31 2355 318 1321 1322 1147 1146 711 1143 712 1289 1290 1267 49 730 1288 698 751 1499 642 309 750 50 67 393 1671 1680 174 160 691 692 693 694 696 699 700 319 697 680 695 701 626 734 736 738 741 742 654 666 706 335 336 735 739 743 744 129 71 257 610 45 310 312 737 46 552 1657 1658 1660 1662 1663 1664 1665 1666 1667 1668 1669 1670 1672 1673 1674 1675 1676 1677 1678 1679 740 266 648 1404 1414 1659 1616 1554 1360 1623 1555 132 107 1541 525 1319 1661 2455 2492 573 1847 43 402 1655 1905 1906 1907 1908 1909 1910 1911 1912 1913 1914 1915 1916 1917 1918 1919 1920 1921 1656 2502 301 292 300 317 1746 328 330 334 337 345 1748 1749 1560 1358 1559 327 331 1904 1387 320 1495 1895 376 323 306 316 322
628 628 1254 1267 1147 1253 1146 1143 751 750 174 627 31 470 1252 1948 1947 669 100 1255 175 1323 1967 1280 634 112 172 1256 1258 1965 1257 690 70 626 257 2455 2492 573 1847 402 2502 1495 1895 376 67 2257
629 629 2402 1292 1552 630 31 1941
630 630 2402 1552 629 709 31 1633 769 799 888 892 951 952 1021 1096 1120 1234 644 649 659 350 735 739 743 744 1029 39 698 701 737 609 1396 740 1292 1743 1745 1751 1752 1753 1754 1755 1756 1757 1758 1759 1760 1761 1762 1763 1764 1765 1766 1767 1768 1769 1770 1771 1772 1773 1774 1775 1776 1777 1778 1779 1780 1781 1782 1783 1784 1785 1786 1787 1788 1789 1790 1791 1792 1793 1794 1795 1796 1797 1798 1799 1800 1801 1802 1803 1804 1805 1806 1807 1808 1809 1810 1812 1813 1814 1815 1816 1817 1818 1819 1820 1821 1822 1823 1824 1825 1826 1827 1828 1829 1830 1831 1832 1833 1834 266 37 338 339 340 565 1402 1746 1373 1378 1403 1416 1431 1444 1477 1250 1748 1749 1750 1562 1563 1564 1565 1811 704
631 631 1295 1297 1647 673 1298 1296 2 20 31 147 1613 2502 2503 314 625 32 294 235 1300 763 791 607 637 332 528 682 688 697 1029 39 701 737 1495 642 711 266 609 1556 1557 1566 1567 1568 1569 1570 1571 1572 1573 1574 1575 1576 1577 1578 1579 1580 1581 1582 1583 1584 1585 1586 1587 1588 1589 1590 1591 1592 1593 1594 1595 1596 1597 1598 1599 1600 1601 1602 1603 1604 1605 1606 1607 1608 1609 1610 1611 1612 1614 129 342 1309 1354 1366 1384 1386 1395 1480 1554 1558 1560 1562 1563 1564 1565 519 1360 1368 1555 1559 720 132 46 1552 1927 1866 1387 1412 163 101 246 306 172 1553
632 632 1320 539 1303 1304 1305 1306 1307 1308 1310 1311 1312 1313 1316 633 1309 1314 1315 1318 303 1319 1317 1302 494 259 133 2179 540 605 2180 1976 1521 31 456 67 1709 495 1301 1622 745 2488 1684 1698 291 286 160 130 2227 2228 690 110 709 2454
639 639 1341 1342 1544 60 749 84 58 31 36 456 79 2218 2219
646 646 1736 1349 1370 2467 2468 2469 2470 718 1850 1884 2466 541 377 31 111 1734 156 208 2571 211 378 1992 2220 2221 2472 643 645 647 651 652 653 655 657 658 660 661 662 663 664 665 38 607 644 649 650 654 656 659 666 648 310 312 612 642 309 1375 46 1398 1429 1353 1396 314
648 648 2042 1990 1734 321 1349 49 316 610 31 1387 45 318 1375 985 46 1737 1738 1739 1740 1741 708 711 654 666 1561 310 312 642 309 71 1358 43 306 67 734 736 738 741 742 706 335 336 735 739 743 744 107 69 698 737 1905 1906 1907 1908 1909 1910 1911 1912 1913 1914 1915 1916 1917 1918 1919 1920 1921 552 300 317 1746 1671 1680 328 330 334 337 345 1748 1749 1560 1736 112 740 156 1559 327 331 1904 266 320 132 627 323 322 301 646 291 643 645 647 651 652 653 655 657 658 660 661 662 663 664 665
669 669 2434 751 750 1355 1412 1553 88 1947 1146 100 1143 174 628 31 1948 1147 1965 2494 86
673 673 1613 2503 2502 625 294 235 1556 1557 1566 1567 1568 1569 1570 1571 1572 1573 1574 1575 1576 1577 1578 1579 1580 1581 1582 1583 1584 1585 1586 1587 1588 1589 1590 1591 1592 1593 1594 1595 1596 1597 1598 1599 1600 1601 1602 1603 1604 1605 1606 1607 1608 1609 1610 1611 1612 1614 763 791 342 1309 1354 1366 1384 1386 1395 1480 1554 1558 1560 1562 1563 1564 1565 607 637 332 528 682 688 697 1029 519 1360 1368 1555 1559 1552 1927 39 701 737 1866 1387 1412 642 711 266 609 631 101 246 314 306 1553 129 316 132 322 46 1561 172 686 107 49 163 302 547 304 2158 2160 2370 301 358 456 152 2391 1520 1457 2182 1734 2434 2159 2161 2162 321 746 291 2072 2157 1923 128 1349 690 299 130 1295 2396 709 2402 2525 2029 69 608 2523 141 104 51 2450 2451 2452 1615 2569 1640 480 67 1992 1997 31 2030 1975 2232 2233 2234 2235 2236 2237 2042 550 1836 1712 1327 2377 2378 2379 190 36 1900 468 70 469 189 2280 2281 2282 2283 2284 2285 2286 2287 2288 2289 2290 2291 2292 2293 2294 2295 2296 2297 2298 2299 2300 2301 2302 2303 2304 2305 2306 2307 2308 2309 2310 2311 2312 2313 2314 2315 2316 2317 2318 2319 2320 2321 2322 2323 2324 2325 2326 2327 2328 2329 2330 2331 2332 2333 2334 2335 2336 2337 2338 2339 2340 2341 2342 2343 2344 2345 2346 2347 2348 2349 2350 2351 2352 2353 2354 233 1329 192 2256 2493 754 755 719 518 2406 2407 2408 2409 2410 2411 2412 2413 1713 1894 1867 1642 2087 1297 723 380 208 2267 258 72 6 245 1703 323 1618 670 1944 613 524 111 2102 1943 1684 176 1922 1942
678 678 2447 1619 31 11
684 684 466 1636 97 1516 2249 2568 2420 2180 464 20 1965 467 31 465 69 1634 679 94 501 1517 299 93 2421 2248 124 1302 621 1495 209 720
686 686 2450 2451 2452 1640 1457 294 1750 1975 673 709 2158 2160 2391 301 1641 507 2182 358 456 152 469 468 31 625 46 1703 189 235 1684 1698 1613 2502 2503 306 291 1029 39 701 737 1562 1563 1564 1565 1368 609 1555 1349 266 1553 322 190 1302 332 607 763 791 314 637 528 682 688 697 642
687 687 1715 1118 189 704 469 2255 2256 2254 2391 613 1714 468 1940 1970 188 31 294 2004 520 306 2208 2041
704 704 2004 1118 1708 709 687 31 1715 189 1633 769 799 888 892 951 952 1021 1096 1120 1234 644 649 659 350 735 739 743 744 1029 39 698 701 737 630
705 705 618 1723 2268 2269 2270 31 706
707 707 1730 31
712 712 2487 70 2030 2355 31 1289 1290 1288 711 1060 1164 50 2031 2032 2033 2034 650 279 318 1298 71 1429 314 627 49 163 152 302
715 715 30 2414 2267 534 1541 1286 550 366 506 1346 2 529 172 31 212 496 217 183 95 67 185
718 718 1736 1370 2467 2468 2469 2470 1850 1884 646 2466 541 377 31 111 1734 208 156 2571 378 1992 2220 2221 2472 1495
720 720 20 1495 1516 638 243 1296 18 1295 31 1494 466 631 19 684
721 721 2475 2005 144 58 31 2006 79 2044 80 713 714 2218 2219 1837 2083 60
722 722 2476 31
724 724 1871 2479 2480 725 365 31 109
727 727 2491 31
730 730 1901 1902 1903 1978 1257 1976 31 812 1314 1315 1977 627 49
732 732 137 2495 1705 581 2387 573 135 31 2144 2388 2389 2390 15 2446
740 740 1992 321 351 1561 709 377 31 735 739 743 744 378 698 737 1746 1748 1749 1358 327 331 323 266 2220 2221 2472 322 301 2471 734 736 738 741 742 2272 654 666 706 335 336 156 45 310 312 71 1905 1906 1907 1908 1909 1910 1911 1912 1913 1914 1915 1916 1917 1918 1919 1920 1921 642 309 1736 552 300 317 1671 1680 328 330 334 337 345 1560 112 1559 1904 648 1387 320 318 132 627 306 6 316 291 107 49 1633 769 799 888 892 951 952 1021 1096 1120 1234 1944 644 649 659 350 1029 39 701 1922 1942 630 1943 609 1396 1747 338 339 340 1743 1745 1751 1752 1753 1754 1755 1756 1757 1758 1759 1760 1761 1762 1763 1764 1765 1766 1767 1768 1769 1770 1771 1772 1773 1774 1775 1776 1777 1778 1779 1780 1781 1782 1783 1784 1785 1786 1787 1788 1789 1790 1791 1792 1793 1794 1795 1796 1797 1798 1799 1800 1801 1802 1803 1804 1805 1806 1807 1808 1809 1810 1812 1813 1814 1815 1816 1817 1818 1819 1820 1821 1822 1823 1824 1825 1826 1827 1828 1829 1830 1831 1832 1833 1834 208
745 745 259 133 2488 286 539 2227 2228 160 130 2454 210 1928 162 110 2133 393 1497 167 1954 31 134 756 108 111 1546 62 132 632 161 67 1953 2275 2276 112 2243 2244 1320 2355 262 107 394 1499
746 746 293 190 625 2182 301 599 1520 2158 2160 358 456 152 1970 188 1514 31 294 302 235 673 291 2449 1621 1620 1270 2445 486 487 295 749 195 153
747 747 2505 2506 2507 603 1336 1945 96 90 85 2048 178 58 2504 2508 2510 287 93 95 82 2218 2219 179 2087 1957 1837 79 143 748 2044 80 2475 2083 84 60 91 203 288 2509 456 389 81 31 225 1965 269 207 83 2181 36 2266 2045 2046 2132 299 144 142 749
748 748 2513 497 269 225 178 2510 2511 2512 1939 143 1950 179 458 2143 2142 1837 2087 2504 747 1949 496 31 265 2507 1945 142 58 144 2505 2506 603 90 85 1336 96 2048 95
749 749 60 456 1341 84 58 2537 288 1302 639 625 79 294 235 1965 31 36 2218 2219 2158 2160 301 2044 80 2475 606 358 152 82 154 86 2083 2155 2179 85 2510 2180 1520 2182 2508 747 746 2504
752 752 1270 514 25 2182 1620 1275 1324 31 1621 1272 2449 293 1271 1273 190 625
753 753 2520 2521 382 379 31
754 754 304 1327 1900 2493 2406 2407 2408 2409 2410 2411 2412 2413 755 2267 104 2102 69 31 243 18 291 673 2096 2246
755 755 304 1327 1900 2493 2406 2407 2408 2409 2410 2411 2412 2413 754 2267 104 2102 69 31 243 18 291 673 2096 2246
756 756 1953 162 133 2528 1497 110 2275 2276 2355 130 160 2454 2488 745 31 259 539 210 286 2133 108 111 1954 393 167 298 1928 134 161 67
882 882 2540 2541 2542 2543 31
1100 1100 1966 31
1118 1118 687 704 2004 1715 189 1708 31 709 469 2255 2256 2254 2391 613 1714
1206 1206 2544 2545 31
1243 1243 387 23 1703 1684 1698 386 2229 2230 2231 2177 26 22 1686 1688 1689 1690 1691 1692 1693 1697 703
1247 1247 1521 1522 569 154 1523 1525 2437 1317 1524 471 2258 615 226 84 151 15
1248 1248 2500 80 1251 1249 1250 541 292 302 126 1515 1517 58 2377 2378 2379 1326 1278 670 1334 6 480 2380 605 183 156 31 1736 208 542 1348 1496 1845 211 1495 1891 1261 600 2067 570 540 1299 580 573 1507 2066 190 2030 291 79 2044 1349 2218 2219 2475 377 2083 60 690 2510
1252 1252 627 1258 1280 1254 1257 1256 1255 634 1253 112 628 70 690 321 31
1264 1264 368 192 2209 1744 1351 371 369 370 372 373 374 1265 492 193 496 235 185 2210 2211 2212 2213 2214
1270 1270 514 752 25 2182 1620 1275 1324 1621 1272 2449 293 1271 1273 190 508 625 294 489 26 24 22 1703 2009 1698 746 301 2158 2160 599 1325 31 1520 358 456
1272 1272 514 1271 1325 1270 709 1275 1273 508 1620 1324 1926 1986 1684 25 1698 752 2182 1743 1745 1751 1752 1753 1754 1755 1756 1757 1758 1759 1760 1761 1762 1763 1764 1765 1766 1767 1768 1769 1770 1771 1772 1773 1774 1775 1776 1777 1778 1779 1780 1781 1782 1783 1784 1785 1786 1787 1788 1789 1790 1791 1792 1793 1794 1795 1796 1797 1798 1799 1800 1801 1802 1803 1804 1805 1806 1807 1808 1809 1810 1812 1813 1814 1815 1816 1817 1818 1819 1820 1821 1822 1823 1824 1825 1826 1827 1828 1829 1830 1831 1832 1833 1834
1282 1282 2397 2398 613 2208 2041 2133 189 66 547
1284 1284 2522 590 2054 1283 1359 2055 1872 299 1484 1485 1486 1487 2422 2423 2424 2425 2426 1488 1489 1491 1492 1490 401 129
1286 1286 1287 30 2414 715 2267 534 1541 550 366 506 1346 2 529 172 212 217 496 95 183 67 185
1287 1287 1286 30 2414
1293 1293 2403 1995 597 1294 2517 2375 596 2516
1294 1294 2517 2375 1293 2516 596 2403 597 1995 2376
1295 1295 631 1297 1647 1298 1296 2 20 147 32 1300 314 720 1495 1516 33 27 1 2030 28 29 638 243 295 673 18 163 30 36 31 148
1297 1297 1295 147 1300 314 631 1647 1298 148 1296 2 20 1299 2030 32 291 673
1302 1302 2179 2180 456 632 709 2537 621 466 749 288 84 625 294 1320 235 58 79 539 1965 303 1303 1304 1305 1306 1307 1308 1310 1311 1312 1313 1316 1309 1314 1315 633 1318 1319 1317 301 60 494 2158 2160 2359 2360 2361 2362 2249 2568 1540 358 2218 2219 2420 684 152 2155 606 1516 464 1520 2182 686
1317 1317 1521 1684 1698 632 1523 1525 1247 2437 154 1320 1524 539 1696 1686 1688 1689 1690 1691 1692 1693 1697 703 1325 1694 558 1685 387 621 1687 1695 1700 1701 1702 294 1303 1304 1305 1306 1307 1308 1310 1311 1312 1313 1316 1309 1314 1315 633 1318 303 1319 1699 1302 494 25 471 1703 2258 615 226 1522 84
1320 1320 632 539 1303 1304 1305 1306 1307 1308 1310 1311 1312 1313 1316 1309 1314 1315 633 1318 303 1319 1317 1302 494 259 133 540 2488 745 286
1327 1327 304 1900 2493 2406 2407 2408 2409 2410 2411 2412 2413 754 755 2267 104 2102 69 243 18 291 673 2096 2246 2097 209 49 30 2132
1329 1329 1328 547 1997 550 1330 1331 2280 2281 2282 2283 2284 2285 2286 2287 2288 2289 2290 2291 2292 2293 2294 2295 2296 2297 2298 2299 2300 2301 2302 2303 2304 2305 2306 2307 2308 2309 2310 2311 2312 2313 2314 2315 2316 2317 2318 2319 2320 2321 2322 2323 2324 2325 2326 2327 2328 2329 2330 2331 2332 2333 2334 2335 2336 2337 2338 2339 2340 2341 2342 2343 2344 2345 2346 2347 2348 2349 2350 2351 2352 2353 2354 2256 104 2087 613 554 548 549 677 1268 551 553 552 506 131 298 290 673
1336 1336 95 2508 2504 747 2505 2506 2048 603 1945 90 85 207 2507 2087 96 2132 58 299 178 2509 389 93 2510 30 287 82 2218 2219 375 1957 129 179 79 2044 80 2475 1837 2083 84 60 143 69 91 748 203 456 1965 97 81
1339 1339 1340 2415
1340 1340 1339 2415
1341 1341 639 60 749 84 1342 1544 58 36 79 456 2218 2219 2044 80 2475 82 2083 1965 154 2510
1346 1346 2418 2419 363 30 362 2414 715 2267 31 1505 534 1541 1286 550 366 506 2 529 172 496 212 217 183 67 95 185 612
1347 1347 209 2134 2135 2133 467 69 208 613 133 2132 1985 49 211 2136 2137 2138 2139 1353 541 1370 1553 466 304 377 210 2208 2041 130
1349 1349 156 1352 1356 1357 1361 1362 1363 1364 1365 1367 1369 1371 1372 1374 1376 1377 1379 1380 1381 1382 1383 1385 1388 1389 1390 1391 1392 1393 1394 1397 1399 1400 1401 1405 1406 1407 1408 1409 1410 1411 1413 1415 1417 1418 1419 1421 1422 1423 1424 1425 1426 1427 1428 1430 1432 1433 1434 1435 1436 1437 1438 1439 1440 1441 1442 1443 1445 1446 1447 1448 1449 1450 1451 1452 1453 1455 1456 1458 1459 1460 1461 1462 1463 1464 1465 1466 1467 1468 1469 1470 1471 1472 1473 1474 1475 1476 1478 1479 643 645 647 651 652 653 655 657 658 660 661 662 663 664 665 305 308 313 585 1318 1354 1366 1373 1375 1378 1384 1386 1395 1402 1403 1404 1414 1416 1420 1431 1444 1454 1477 1480 1838 38 607 644 649 650 654 656 659 666 307 311 1358 1360 1368 1398 1429 1350 1353 1355 310 312 50 525 1387 612 646 180 1412 642 309 1396 101 314 1457 306 1370 648 211 315 46 541 107 1351 292 49 377 163 302 1359 1747 208 1736 291 2434 2042 673 181 321 6 1870 2377 2378 2379 709 2030 1734 690 540 2086 2427 362 111 2029 128 2391 51 378 141 36 686 1484 1485 1486 1487 2210 2211 2212 2213 2214 480 371 2380 1992 67 2220 2221 2472 2232 2233 2234 2235 2236 2237 1836 605 1248 294 69 153 2471 1507 2422 2423 2424 2425 2426 2272 70 368 31
1350 1350 2086 1349 81 1957 156 2529 2530 2531 2532 2533 2534 2535 2536 1958
1351 1351 2210 2211 2212 2213 2214 371 368 2209 1264 1744 1349 369 370 372 373 374 156
1353 1353 208 1349 1985 211 2136 2137 2138 2139 209 541 1370 1553 2132 2134 2135 2133 377 210 1347 69 467 156 1736 378 646
1355 1355 2434 1412 669 1349 1553 88 2494 156
1359 1359 1484 1485 1486 1487 2422 2423 2424 2425 2426 1488 1489 1491 1492 1490 1284 401 1349 601 2522 590 2514 2054 2383 1641 1283 403 404 399
1370 1370 1736 208 541 1349 377 2467 2468 2469 2470 646 1850 1884 718 2466 1985 211 1353 2136 2137 2138 2139 209 1553 2132 2134 2135 2133 111 156 1734 210 1347 69 467 378 1992 2220 2221 2472 2571 2471 2272 6 542 1348 1496 1845 1495 31
1396 1396 540 298 709 2274 1349 560 539 529 541 31 156 644 649 659 1373 1378 1402 1403 1416 1431 1444 1477 307 311 1358 1368 1398 1633 769 799 888 892 951 952 1021 1096 1120 1234 350 735 739 743 744 1029 39 698 701 737 630 1747 609 643 645 647 651 652 653 655 657 658 660 661 662 663 664 665 740 38 607 650 654 656 666 1743 1745 1751 1752 1753 1754 1755 1756 1757 1758 1759 1760 1761 1762 1763 1764 1765 1766 1767 1768 1769 1770 1771 1772 1773 1774 1775 1776 1777 1778 1779 1780 1781 1782 1783 1784 1785 1786 1787 1788 1789 1790 1791 1792 1793 1794 1795 1796 1797 1798 1799 1800 1801 1802 1803 1804 1805 1806 1807 1808 1809 1810 1812 1813 1814 1815 1816 1817 1818 1819 1820 1821 1822 1823 1824 1825 1826 1827 1828 1829 1830 1831 1832 1833 1834 266 67 310 312
1412 1412 2434 673 1355 669 1553 1349 88 1613 2503 2502 2494 1354 1366 1384 1386 1395 1480 607 1360 1368 1387 642 101 314 306 156 625 46 294 235 107 49 1556 1557 1566 1567 1568 1569 1570 1571 1572 1573 1574 1575 1576 1577 1578 1579 1580 1581 1582 1583 1584 1585 1586 1587 1588 1589 1590 1591 1592 1593 1594 1595 1596 1597 1598 1599 1600 1601 1602 1603 1604 1605 1606 1607 1608 1609 1610 1611 1612 1614 342 1309 1554 1558 1560 763 791 1562 1563 1564 1565 163 637 332 519 528 682 688 697 1555 1559 1029 1552 1927 302 1866 39 701 737 711 609 631 246 129 266
1457 1457 686 294 1349 2450 2451 2452 1640 2158 2160 2391 301 2182 358 456 152 1750 1975 469 468 673 1703 189 1684 1698 625 235 291 306 709 156 190 486 487 46 1368 1354 1366 1384 1386 1395 1480 2449 607 1360
1484 1484 1359 1485 1486 1487 2422 2423 2424 2425 2426 1488 1489 1491 1492 1490 1284 401 1349
1485 1485 1359 1484 1486 1487 2422 2423 2424 2425 2426 1488 1489 1491 1492 1490 1284 401 1349
1486 1486 1359 1484 1485 1487 2422 2423 2424 2425 2426 1488 1489 1491 1492 1490 1284 401 1349
1487 1487 1359 1484 1485 1486 2422 2423 2424 2425 2426 1488 1489 1491 1492 1490 1284 401 1349
1494 1494 1495 211 20 541 208 1493 720 1516 31
1495 1495 1494 20 541 720 1516 31 211 638 243 1296 18 1295 156 1736 208 542 1348 1496 1845 1248 80 540 626 257 628 466 573 2455 2492 1847 402 2502 631 627 684 1895 679 376 1647 501 1370 718 67
1497 1497 162 1500 1501 1502 1498 656 164 1499 259 133 2275 2276 110 2355 1953 111 108 2488 745 756 1954 286 539 167 160 298 2227 2228 393 130 2454 1928 210 2133 112 113 480 107 161 67 134 2243 2244 2528 70 394 62
1512 1512 1513 1514 1507 709 190 1508 1509 1510 1511 1454 43 302 301 599
1513 1513 1512 1514 1507 709 190
1514 1514 1512 190 1513 1507 599 746 301 2182 1970 188 709 302 293 2445 625
1515 1515 80 126 1248 58 1251 1326 1278 670 1334 31 541 183 2067 2500 2066 79 2044 2218 2219 2475 2083 60 2510
1516 1516 20 466 1634 684 679 465 1517 501 464 720 1495 2249 2568 2420 2180 2500 638 243 1296 18 1295 1965 1622 467 1636 69 1635 97 685 496 2248 124 1494 2421 31 1302
1517 1517 2500 1635 1634 679 501 1516 1248 20 466 1622 684 465 496 80
1520 1520 625 1420 455 195 2158 2160 746 358 301 2182 456 152 397 2371 2123 2126 2124 2125 2127 296 500 294 673 235 589 407 406 185 190 293 194 196 486 487 295 2449 151 2537 1621 1620 749 2080 153 2079 2081 288 1302 1270 2245 614
1521 1521 1523 1525 1247 2437 1317 154 1524 471 2258 615 226 1522 84 569 151 1684 1698 632 155 2145 2146 2147 2148 2149 2150 2151 2152 2153 2154 2144 79
1523 1523 1521 1525 1247 2437 1317 154 1524 471 2258 615 226 1522 84 569
1525 1525 1521 1523 1247 2437 1317 154 1524 471 2258 615 226 1522 84 569
1528 1528 2440 1531 1530 1529 284 43 1977 128 2057 2058 1532 285 134 1872 1852 11 135 1507 130 1734 36 690
1531 1531 2440 1528 1529 134 11 1977 12 1530 43 1532 284 729 13 1619 62 1852 15 133 183
1534 1534 1535 1533 1536
1535 1535 1534 1533 1536
1540 1540 621 544 2359 2360 2361 2362 2180 1240 31 1703 1684 1698 1707 566 543 1302 466
1546 1546 286 62 259 133 287 31 745 2488 539 130 160 2227 2228 134 2454 110 210 1928 393 108 162
1550 1550 2369 1549 1551 2365 2366 2370 2364 1613
1551 1551 2369 1549 1550 2365 2366 2370 2364 1613
1552 1552 2402 673 629 630 1613 2503 2502 625 294 235 1556 1557 1566 1567 1568 1569 1570 1571 1572 1573 1574 1575 1576 1577 1578 1579 1580 1581 1582 1583 1584 1585 1586 1587 1588 1589 1590 1591 1592 1593 1594 1595 1596 1597 1598 1599 1600 1601 1602 1603 1604 1605 1606 1607 1608 1609 1610 1611 1612 1614 342 1309 1354 1366 1384 1386 1395 1480 1554 1558 1560 763 791 1562 1563 1564 1565 607 637 332 519 528 1360 1368 682 688 697 1555 1559 1029 1927 1866 39 1387 701 737 1412 642 711 609 631 101 246 1292 314 306 1553 129 266 316 132 322
1553 1553 2434 208 673 709 1412 1355 669 88 1985 211 2136 2137 2138 2139 209 1353 541 1370 2132 2134 2135 2133 377 210 1347 69 467 1613 2503 2502 1562 1563 1564 1565 2494 1368 1555 1029 39 701 737 1736 609 266 322 625 156 294 235 686 1556 1557 1566 1567 1568 1569 1570 1571 1572 1573 1574 1575 1576 1577 1578 1579 1580 1581 1582 1583 1584 1585 1586 1587 1588 1589 1590 1591 1592 1593 1594 1595 1596 1597 1598 1599 1600 1601 1602 1603 1604 1605 1606 1607 1608 1609 1610 1611 1612 1614 342 1309 1354 1366 1384 1386 1395 1480 1554 1558 1560 763 791 607 637 332 519 528 1360 682 688 697 1559 1552 1927 1866 1387 642 711 631 101 246
1561 1561 1992 1944 1943 1922 1942 323 1734 740 673 351 377 316 610 1387 711 1613 46 1737 1738 1739 1740 1741 985 1375 45 708 318 2503 648 2502 49 1736 321 43 378 291 2220 2221 2472 625 2471 294 2272 235 156 1556 1557 1566 1567 1568 1569 1570 1571 1572 1573 1574 1575 1576 1577 1578 1579 1580 1581 1582 1583 1584 1585 1586 1587 1588 1589 1590 1591 1592 1593 1594 1595 1596 1597 1598 1599 1600 1601 1602 1603 1604 1605 1606 1607 1608 1609 1610 1611 1612 1614 342 1309 1354 1366 1384 1386 1395 1480 1554 1558 1560 763 791 1562 1563 1564 1565 737 6 306 607 637 332 519 528 1360 1368 682 688 697 1555 1559 1029 642
1613 1613 2370 673 2369 2503 2502 625 294 235 1556 1557 1566 1567 1568 1569 1570 1571 1572 1573 1574 1575 1576 1577 1578 1579 1580 1581 1582 1583 1584 1585 1586 1587 1588 1589 1590 1591 1592 1593 1594 1595 1596 1597 1598 1599 1600 1601 1602 1603 1604 1605 1606 1607 1608 1609 1610 1611 1612 1614 342 1309 1354 1366 1384 1386 1395 1480 1554 1558 1560 763 791 1562 1563 1564 1565 607 637 332 519 528 1360 1368 682 688 697 1555 1559 1029 1552 1927 1866 39 1387 701 737 1412 642 711 266 609 631 101 246 314 306 1553 129 316 132 322 46 1561 172 686 107 49 163 302 1550 1551 2365 2366 547 304 2158 2160
1615 1615 1617 1931 1927 1979 1616 250 184 183 1932 12 248 2092 182 186 31 185 1724 187 673 15 80 30 690 11
1617 1617 1615 1931 1927 1979 1616 250 184 183 1932 12 248
1620 1620 25 2182 2009 1270 514 1621 2449 293 190 752 489 26 625 1272 24 294 22 1703 1275 1698 1324 1271 1273 508 746 301 2158 2160 599 1520 21 358 456 152
1621 1621 25 2182 1324 1620 1270 2449 293 190 489 26 625 24 294 22 1703 1698 514 1271 752 746 301 2009 2158 2160 599 1275 1520 21 358 456 152
1640 1640 686 1641 507 2450 2451 2452 1457 294 512 1750 1975 1490 509 510 511 508 18 673 709
1645 1645 1646 165 186 108 160
1646 1646 1645 165 186 108
1647 1647 1295 32 631 1297 2 1298 1296 20 31 147 314 1300 1495
1648 1648 1649 1650 1651 1653 1654 1652
1649 1649 1648 1650 1651 1653 1654 1652
1655 1655 2443 2444 690 1657 1658 1660 1662 1663 1664 1665 1666 1667 1668 1669 1670 1672 1673 1674 1675 1676 1677 1678 1679 1256 1404 1414 1659 691 692 1616 693 694 696 1671 699 1554 700 1680 1255 319 1360 1623 697 1555 1253 1541 680 525 1319 695 698 701 1661 642 309 318 1656 129 610 46 43 627 292
1656 1656 1712 229 690 1661 290 551 553 552 131 132 2548 231 228 496 230 130 295 1657 1658 1660 1662 1663 1664 1665 1666 1667 1668 1669 1670 1672 1673 1674 1675 1676 1677 1678 1679 1256 1404 1414 1659 691 692 1616 693 694 696 1671 699 1554 700 1680 1255 319 1360 1623 697 1555 1253 1541 680 525 1319 695 698 701 642 309 318 1655 129 610 46 43 627 292 357 1299
1661 1661 229 690 1656 2548 231 290 228 496 230 295 1712 1657 1658 1660 1662 1663 1664 1665 1666 1667 1668 1669 1670 1672 1673 1674 1675 1676 1677 1678 1679 1256 1404 1414 1659 691 692 1616 693 694 696 1671 699 1554 700 1680 1255 319 1360 1623 697 1555 1253 1541 680 525 1319 695 698 701 642 309 318 1655 129 610 46 43 627 292 500 185 2156
1685 1685 2207 2128 1703 1684 1698 199 1686 1688 1689 1690 1691 1692 1693 1697 703 387 1695 1696 621 1325 1694 558 1317 294 25 1687 1700 1701 1702 1699 200 202
1694 1694 2481 1684 1698 2482 1696 1686 1688 1689 1690 1691 1692 1693 1697 703 1325 558 1317 1685 387 621 1687 1695 1700 1701 1702 294 1699 25 1703
1699 1699 2163 236 2164 1698 2471 237 1700 1701 1702 1696 1686 1688 1689 1690 1691 1692 1693 1697 703 1325 1694 558 1317 1685 387 526 25 621 294 377 1684
1704 1704 150 614 149 152 153 473 458 151 2080 2079 2081 2075 2076 2078 2077 157 2085 472 31
1705 1705 137 1706 2495 732 581 2387 573 217 135 2144 2388 2389 2390 2446 15 218
1706 1706 217 1705 218 2438 2439 460 219 137 496 30 220
1712 1712 1656 551 553 552 131 290 132 130 229 587 357 1299 524 547 321 690 1661 291 2548 31 231 133 673
1715 1715 687 1714 1118 189 469 704 2255 2256 2254 2391 613
1730 1730 707
1731 1731 1732 1733 31
1732 1732 1731 1733
1734 1734 610 316 1737 1738 1739 1740 1741 985 1375 45 708 1387 711 318 648 46 1561 43 49 1736 2190 2042 1618 670 321 2029 128 70 690 2057 2058 1992 36 1370 1836 673 69 31 67 718 2467 2468 2469 2470 646 291 1850 1884 2466 541 1735 377 1990 1944 323 1975 1943 1922 1942 71 106 1529 68 1349 135 1528 1507 130 1976 2191 2192 185 140 116 111 107
1736 1736 1370 2467 2468 2469 2470 718 1850 1884 646 2466 541 377 111 1734 208 156 2571 378 1992 2220 2221 2472 2471 2272 6 31 211 542 1348 1496 1845 1851 1495 610 1248 540 316 80 1349 1985 1561 1353 2136 2137 2138 2139 209 1398 1429 1885 1886 68 396 1498 168 985 1747 1553 164 2132 45 708 1375 529 711 648 1499 1737 1738 1739 1740 1741 740 161 2134 2135 1387 46 107 393 2133 67 318 160 49 2428 163 43 162 210 619 351 133 626
1742 1742 267 391 392 390 1504 640 265
1744 1744 368 709 2209 1264 1351 371 369 370 372 373 374 2210 2211 2212 2213 2214 1743 1745 1751 1752 1753 1754 1755 1756 1757 1758 1759 1760 1761 1762 1763 1764 1765 1766 1767 1768 1769 1770 1771 1772 1773 1774 1775 1776 1777 1778 1779 1780 1781 1782 1783 1784 1785 1786 1787 1788 1789 1790 1791 1792 1793 1794 1795 1796 1797 1798 1799 1800 1801 1802 1803 1804 1805 1806 1807 1808 1809 1810 1812 1813 1814 1815 1816 1817 1818 1819 1820 1821 1822 1823 1824 1825 1826 1827 1828 1829 1830 1831 1832 1833 1834 37 338 339 340 565 1402 1746 1373 1378 1403 1416 1431 1444 1477 1250 1633 1748 1749 769 799 888 892 951 952 1021 1096 1120 1234 1750 1562 1563 1564 1565 1811 644 649 659 303 307 311 327 331 350 1358 1368 1398 1530 1555 735 739 743 744 1029
1747 1747 156 1838 709 541 377 153 1349 1736 378 208 1992 2220 2221 2472 1402 1373 1378 1403 1416 1431 1444 1477 2471 644 649 659 307 311 1358 1368 1398 2272 1396 1743 1745 1751 1752 1753 1754 1755 1756 1757 1758 1759 1760 1761 1762 1763 1764 1765 1766 1767 1768 1769 1770 1771 1772 1773 1774 1775 1776 1777 1778 1779 1780 1781 1782 1783 1784 1785 1786 1787 1788 1789 1790 1791 1792 1793 1794 1795 1796 1797 1798 1799 1800 1801 1802 1803 1804 1805 1806 1807 1808 1809 1810 1812 1813 1814 1815 1816 1817 1818 1819 1820 1821 1822 1823 1824 1825 1826 1827 1828 1829 1830 1831 1832 1833 1834 351 740 37 338 339 340 565 1746 1250 1633 1748 1749 769 799 888 892 951 952 1021 1096 1120 1234 1750 1562 1563 1564 1565 1811
1837 1837 178 144 179 143 2087 748 2510 2504 747 2475 31 713 714 225 2507 1945 142 58 269 2505 2506 603 90 85 1336 96 2513 2048 95 497 721
1847 1847 376 31 538 283 1846 375 626 257 628 2455 2492 573 402 2502 627 1495 1895 535 67
1850 1850 1736 1851 1370 2467 2468 2469 2470 1884 718 646 2466 541 2177 377 111 1734 208 156 2571 378 1992 2220 2221 2472
1851 1851 2177 1850 23 1736 386 387 2229 2230 2231
1863 1863 1864
1864 1864 1863
1870 1870 315 2427 291 1349
1871 1871 365 724 2479 2480 109 725 31 67
1882 1882 1883
1883 1883 1882
1884 1884 1736 111 1370 2467 2468 2469 2470 1850 718 646 2466 541 377 1734 1885 1886 68 396 1498 168 1398 1429 164 1499 161 529 393 107 160 163 162 208 67 156 133 2571 378 1992 2220 2221 2472
1887 1887 1888 1991
1888 1888 1887 1991
1890 1890 1895 1889 1935 1896 1936 163 31
1895 1895 1896 1890 31 1889 1935 626 257 628 573 2455 2492 1847 402 2502 627 1495 376 67
1896 1896 1895 1890 31 1889 1935
1899 1899 1987 1897 1898
1900 1900 2493 304 1327 2406 2407 2408 2409 2410 2411 2412 2413 754 755 2267 104 2102 69 243 18 291 673 2096 2246 2097 209
1901 1901 730 1902 1903 1978 1257 1976
1902 1902 730 1901 1903 1978 1257 1976
1903 1903 730 1901 1902 1978 1257 1976
1904 1904 2049 321 1905 1906 1907 1908 1909 1910 1911 1912 1913 1914 1915 1916 1917 1918 1919 1920 1921 734 736 738 741 742 300 317 1746 1671 1680 328 330 334 337 345 1748 1749 1560 654 666 706 335 336 735 739 743 744 1358 1559 327 331 45 310 312 698 737 1387 71 320 642 309 318 552 323 112 740 306 266 648 316 132 322 301 107 627 49
1923 1923 2567 235 1924 324 2159 2161 2162 2072 2157 2158 2160 301 733 358 456 152 233 192 291 673 625 294 2416 486 487 141
1927 1927 1615 1617 1931 673 1979 1616 250 184 183 1613 2503 2502 625 294 235 1932 1556 1557 1566 1567 1568 1569 1570 1571 1572 1573 1574 1575 1576 1577 1578 1579 1580 1581 1582 1583 1584 1585 1586 1587 1588 1589 1590 1591 1592 1593 1594 1595 1596 1597 1598 1599 1600 1601 1602 1603 1604 1605 1606 1607 1608 1609 1610 1611 1612 1614 342 1309 1354 1366 1384 1386 1395 1480 1554 1558 1560 763 791 1562 1563 1564 1565 607 637 332 519 528 1360 1368 682 688 697 1555 1559 1029 1552 1866 39 1387 701 737 1412 642 711 609 631 101 246 314 306 1553 129 266 316 132 322
1929 1929 2498 608 1930 2499 2173 609 2001 2002 2003 1811
1930 1930 2001 2002 2003 1811 1929 2498 608
1931 1931 1615 1932 1617 1927 1979 1616 250 184 183 12 248
1933 1933 1934
1934 1934 1933
1939 1939 497 458 748 496 2513 269 225 178 459 460 88 150
1945 1945 2510 2508 2504 747 203 2507 2505 2506 603 1336 90 85 178 58 96 2048 2509 389 269 225 31 2218 2219 201 82 95 748 179 287 93 143 79 1837 2044 2087 80 2475 2511 2512 2083 60 84 456 1950 1957 91 2143 1965 2142 81
1950 1950 269 2511 2512 748 2510 1949 265 225 178 2513 2507 497 1945 58
1953 1953 756 2528 162 1497 2275 2276 2355 110 259 133 1954 298 167 108 111 160 393 161 2488 745 286 539 1499 2243 2244 67 70 2227 2228
1957 1957 228 2048 81 2156 500 2529 2530 2531 2532 2533 2534 2535 2536 1958 2086 287 93 95 2504 747 232 231 230 90 155 229 496 58 96 1336 2124 2125 1350 2505 2506 2507 603 207 1945 85 2181 2266 178 2087 195 2508 2132 2548 299 1965
1958 1958 81 1959 1957 2529 2530 2531 2532 2533 2534 2535 2536 2086 155 90 58 1350 228 2048
1966 1966 1100
1973 1973 2563 2564 1974 1988 1989
1977 1977 2440 1976 1531 1528 1978 812 1314 1315 730 49 1529 1530
1978 1978 730 1976 1901 1902 1903 1257 812 1314 1315 1977 49
1985 1985 208 211 2136 2137 2138 2139 209 1353 541 1370 1553 2132 2134 2135 2133 377 210 1347 69 467 1736 156 378 2434 95 1992 2220 2221 2472 133 613
1987 1987 1899 1897
1992 1992 740 351 1561 377 378 2220 2221 2472 2471 2272 156 1736 6 1944 1943 1922 1942 208 323 1734 321 709 291 541 2428 1370 673 526 1747 2273 2164 1349 619 524 2467 2468 2469 2470 2035 2381 2382 646 1850 1884 718 2466 1985 211
1993 1993 1994 480 302 164 2377 2378 2379 6 1891 1261 600 580 1299
1994 1994 1993 480 302 164
1997 1997 547 550 2280 2281 2282 2283 2284 2285 2286 2287 2288 2289 2290 2291 2292 2293 2294 2295 2296 2297 2298 2299 2300 2301 2302 2303 2304 2305 2306 2307 2308 2309 2310 2311 2312 2313 2314 2315 2316 2317 2318 2319 2320 2321 2322 2323 2324 2325 2326 2327 2328 2329 2330 2331 2332 2333 2334 2335 2336 2337 2338 2339 2340 2341 2342 2343 2344 2345 2346 2347 2348 2349 2350 2351 2352 2353 2354 1329 2256 104 2087 613 554 548 549 677 1268 551 553 552 506 131 298 290 673
1998 1998 1999 2000
1999 1999 1998 2000
2001 2001 1930 2002 2003 1811 1929 2498 608
2004 2004 704 1118 1708 709 687
2007 2007 2580 185 2117 2119 2120 2121 2122 2118 194 183 210 196 195 1537 193 78 708 192 496 30 690 12 2092 364 248 2123 2126 296 2127 2124 2125 500
2015 2015 2588 2589 2587 2590 2591 2020 2016 2017 2018 2019 2592
2021 2021 594 135 2056
2024 2024 2070 2022 598
2025 2025 2026 2027
2026 2026 2025 2027
2027 2027 2025 2026
2029 2029 46 2028 1975 1734 36 690 673 1349
