0 0 1 2 4 5 6 7 10 12 14 16 22 24 42 43 44 46 48 49 50 52 55 57 59 60 62 63 65 66 67 69 70 71 72 73 74 75 76 77 79 81 82 87 88 89 90 91 92 93 94 95 96 97 98 99 100
1 0 1 4 5 6 7 8 9 10 11 12 13 14 16 17 18 20 21 22 23 24 26 27 28 29 30 31 32 33 35 36 39 41 42 43 44 45 46 47 48 49 50 51 52 53 55 56 57 58 59 60 62 63 65 66 67 68 69 70 71 72 73 74 75 76 77 80 83 101 102 104
2 0 2 4 5 6 7 8 10 11 12 13 14 16 17 20 21 23 24 26 27 29 30 32 33 35 36 39 41 42 46 47 48 51 53 56 57 60 62 65 68 69 70 72 73 74 75 76 78 79 81 82 85 87 88 89 90 91 92 93 94 95 96 97 98 99 100 101 102
3 3 5 6 7 8 9 13 15 17 19 20 21 23 25 26 27 28 30 31 32 34 35 36 37 38 39 40 41 47 51 53 54 56 58 61 62 65 68 70 72 74 78 80 84 85 86 102 104
4 0 1 2 4 5 6 7 10 12 14 16 22 24 42 43 44 46 48 49 50 52 55 57 59 60 62 63 65 66 67 69 70 71 72 73 74 75 76 77 79 81 82 87 88 89 90 91 92 93 94 95 96 97 98 99 100
5 0 1 2 4 5 6 8 9 10 12 13 14 16 17 20 21 22 23 24 26 27 28 30 31 32 35 36 39 41 42 43 44 46 47 48 49 50 52 53 55 56 57 58 59 60 62 63 65 66 67 68 69 71 72 73 74 75 76 77 79 80 81 82 87 88 89 90 91 92 93 94 95 96 97 98 99 100 102 104
6 0 1 2 4 5 6 8 9 10 12 13 14 16 17 20 21 22 23 24 26 27 28 30 31 32 35 36 39 41 42 43 44 46 47 48 49 50 52 53 55 56 57 58 59 60 62 63 65 66 67 68 69 71 72 73 74 75 76 77 79 80 81 82 87 88 89 90 91 92 93 94 95 96 97 98 99 100 102 104
7 0 1 2 3 4 5 6 7 8 9 10 11 12 13 14 15 16 17 19 20 21 22 23 24 25 26 27 28 29 30 31 32 33 34 35 36 37 38 39 40 41 42 43 44 45 46 47 48 49 50 51 52 53 54 55 56 57 58 59 60 61 62 63 65 66 67 68 69 70 71 72 73 74 75 76 77 78 79 80 81 82 84 85 86 87 88 89 90 91 92 93 94 95 96 97 98 99 100 101 102 104
8 0 1 2 4 5 6 8 9 10 12 13 14 16 17 20 21 22 23 24 26 27 28 30 31 32 35 36 39 41 42 43 44 46 47 48 49 50 52 53 55 56 57 58 59 60 62 63 65 66 67 68 69 71 72 73 74 75 76 77 79 80 81 82 87 88 89 90 91 92 93 94 95 96 97 98 99 100 102 104
9 1 5 6 8 9 13 15 17 20 21 22 23 25 26 27 28 30 31 32 35 36 39 41 43 44 45 47 49 50 51 52 53 55 56 58 59 62 63 65 66 67 68 71 72 74 77 80 102 104
10 0 1 2 4 5 6 7 10 12 14 16 22 24 42 43 44 46 48 49 50 52 55 57 59 60 62 63 65 66 67 69 70 71 72 73 74 75 76 77 79 81 82 87 88 89 90 91 92 93 94 95 96 97 98 99 100
11 0 1 2 4 10 11 12 14 16 22 24 34 38 40 42 43 44 46 48 49 50 52 54 55 57 59 60 62 63 64 66 67 69 71 73 75 76 77 78 79 81 82 87 88 89 90 91 92 93 94 95 96 97 98 99 100 103 105
12 0 1 2 4 5 6 7 10 12 14 16 22 24 42 43 44 46 48 49 50 52 55 57 59 60 62 63 65 66 67 69 70 71 72 73 74 75 76 77 79 81 82 87 88 89 90 91 92 93 94 95 96 97 98 99 100
13 0 1 2 3 4 5 6 7 8 9 10 11 12 13 14 15 16 17 19 20 21 22 23 24 25 26 27 28 29 30 31 32 33 34 35 36 37 38 39 40 41 42 43 44 46 47 48 49 50 51 52 53 54 55 56 57 58 59 60 61 62 63 65 66 67 68 69 70 71 72 73 74 75 76 77 78 79 80 81 82 84 85 86 87 88 89 90 91 92 93 94 95 96 97 98 99 100 102 104
14 0 1 2 4 5 6 7 10 12 14 16 22 24 42 43 44 46 48 49 50 52 55 57 59 60 62 63 65 66 67 69 70 71 72 73 74 75 76 77 79 81 82 87 88 89 90 91 92 93 94 95 96 97 98 99 100
15 0 1 2 3 4 5 6 7 8 9 10 11 12 13 14 15 16 17 19 20 21 22 23 24 25 26 27 28 29 30 31 32 33 34 35 36 37 38 39 40 41 42 43 44 46 47 48 49 50 51 52 53 54 55 56 57 58 59 60 61 62 63 65 66 67 68 69 70 71 72 73 74 75 76 77 78 79 80 81 82 84 85 86 87 88 89 90 91 92 93 94 95 96 97 98 99 100 102 104
16 0 1 2 4 5 6 7 10 12 14 16 22 24 42 43 44 46 48 49 50 52 55 57 59 60 62 63 65 66 67 69 70 71 72 73 74 75 76 77 79 81 82 87 88 89 90 91 92 93 94 95 96 97 98 99 100
17 0 1 2 3 4 5 6 7 8 9 10 11 12 13 14 15 16 17 19 20 21 22 23 24 25 26 27 28 29 30 31 32 33 34 35 36 37 38 39 40 41 42 43 44 46 47 48 49 50 51 52 53 54 55 56 57 58 59 60 61 62 63 65 66 67 68 69 70 71 72 73 74 75 76 77 78 79 80 81 82 84 85 86 87 88 89 90 91 92 93 94 95 96 97 98 99 100 102 104
18 18 45 64 83 101 103 105
19 3 5 6 7 8 9 11 13 15 17 19 20 21 23 25 26 27 28 30 31 32 34 35 36 37 38 40 41 47 51 53 54 56 58 61 62 65 68 70 72 74 78 80 84 85 86 104
20 0 1 2 4 5 6 8 9 10 12 13 14 16 17 20 21 22 23 24 26 27 28 30 31 32 35 36 39 41 42 43 44 46 47 48 49 50 52 53 55 56 57 58 59 60 62 63 65 66 67 68 69 71 72 73 74 75 76 77 79 80 81 82 87 88 89 90 91 92 93 94 95 96 97 98 99 100 102 104
21 0 1 2 3 4 5 6 7 8 9 10 11 12 13 14 15 16 17 19 20 21 22 23 24 25 26 27 28 29 30 31 32 33 34 35 36 37 38 39 40 41 42 43 44 46 47 48 49 50 51 52 53 54 55 56 57 58 59 60 61 62 63 65 66 67 68 69 70 71 72 73 74 75 76 77 78 79 80 81 82 84 85 86 87 88 89 90 91 92 93 94 95 96 97 98 99 100 102 104
22 0 1 4 5 6 7 8 9 10 11 12 13 14 16 17 18 20 21 22 23 24 26 27 28 29 30 31 32 33 35 36 39 41 42 43 44 45 46 47 48 49 50 51 52 53 55 56 57 58 59 60 62 63 65 66 67 68 69 70 71 72 73 74 75 76 77 80 83 101 102 104
23 0 1 2 3 4 5 6 7 8 9 10 11 12 13 14 15 16 17 19 20 21 22 23 24 25 26 27 28 29 30 31 32 33 34 35 36 37 38 39 40 41 42 43 44 46 47 48 49 50 51 52 53 54 55 56 57 58 59 60 61 62 63 65 66 67 68 69 70 71 72 73 74 75 76 77 78 79 80 81 82 84 85 86 87 88 89 90 91 92 93 94 95 96 97 98 99 100 102 104
24 0 1 2 4 5 6 7 10 12 14 16 22 24 42 43 44 46 48 49 50 52 55 57 59 60 62 63 65 66 67 69 70 71 72 73 74 75 76 77 79 81 82 87 88 89 90 91 92 93 94 95 96 97 98 99 100
25 0 1 2 3 4 5 6 7 8 9 10 11 12 13 14 15 16 17 19 20 21 22 23 24 25 26 27 28 29 30 31 32 33 34 35 36 37 38 39 40 41 42 43 44 46 47 48 49 50 51 52 53 54 55 56 57 58 59 60 61 62 63 65 66 67 68 69 70 71 72 73 74 75 76 77 78 79 80 81 82 84 85 86 87 88 89 90 91 92 93 94 95 96 97 98 99 100 102 104
26 0 1 2 4 5 6 8 9 10 12 13 14 16 17 20 21 22 23 24 26 27 28 30 31 32 35 36 39 41 42 43 44 46 47 48 49 50 52 53 55 56 57 58 59 60 62 63 65 66 67 68 69 71 72 73 74 75 76 77 79 80 81 82 87 88 89 90 91 92 93 94 95 96 97 98 99 100 102 104
27 0 1 2 3 4 5 6 7 8 9 10 11 12 13 14 15 16 17 19 20 21 22 23 24 25 26 27 28 29 30 31 32 33 34 35 36 37 38 39 40 41 42 43 44 46 47 48 49 50 51 52 53 54 55 56 57 58 59 60 61 62 63 65 66 67 68 69 70 71 72 73 74 75 76 77 78 79 80 81 82 84 85 86 87 88 89 90 91 92 93 94 95 96 97 98 99 100 102 104
28 1 5 6 8 9 13 15 17 20 21 22 23 25 26 27 28 30 31 32 35 36 39 41 43 44 45 47 49 50 51 52 53 55 56 58 59 62 63 65 66 67 68 71 72 74 77 80 102 104
29 0 1 2 4 5 6 7 8 10 12 14 16 22 24 29 42 43 44 46 48 49 50 52 55 57 59 60 63 64 66 67 69 70 71 73 75 76 77 79 81 82 87 88 89 90 91 92 93 94 95 96 97 98 99 100 101 103 105
30 0 1 2 3 4 5 6 7 8 9 10 11 12 13 14 15 16 17 19 20 21 22 23 24 25 26 27 28 29 30 31 32 33 34 35 36 37 38 39 40 41 42 43 44 46 47 48 49 50 51 52 53 54 55 56 57 58 59 60 61 62 63 65 66 67 68 69 70 71 72 73 74 75 76 77 78 79 80 81 82 84 85 86 87 88 89 90 91 92 93 94 95 96 97 98 99 100 102 104
31 1 5 6 8 9 13 15 17 20 21 22 23 25 26 27 28 30 31 32 35 36 39 41 43 44 45 47 49 50 51 52 53 55 56 58 59 62 63 65 66 67 68 71 72 74 77 80 102 104
32 0 1 2 4 5 6 8 9 10 12 13 14 16 17 20 21 22 23 24 26 27 28 30 31 32 35 36 39 41 42 43 44 46 47 48 49 50 52 53 55 56 57 58 59 60 62 63 65 66 67 68 69 71 72 73 74 75 76 77 79 80 81 82 87 88 89 90 91 92 93 94 95 96 97 98 99 100 102 104
33 0 1 2 4 10 12 14 16 22 24 33 42 43 44 46 48 49 50 51 52 55 57 59 60 61 63 66 67 69 71 73 75 76 77 79 81 82 87 88 89 90 91 92 93 94 95 96 97 98 99 100
34 3 5 6 7 8 9 11 15 17 19 20 21 23 25 26 27 28 30 31 32 34 35 36 37 38 40 41 47 51 53 54 56 58 61 62 64 65 68 72 74 78 80 84 85 86 103 104 105
35 0 1 2 4 5 6 8 9 10 12 13 14 16 17 20 21 22 23 24 26 27 28 30 31 32 35 36 39 41 42 43 44 46 47 48 49 50 52 53 55 56 57 58 59 60 62 63 65 66 67 68 69 71 72 73 74 75 76 77 79 80 81 82 87 88 89 90 91 92 93 94 95 96 97 98 99 100 102 104
36 0 1 2 3 4 5 6 7 8 9 10 11 12 13 14 15 16 17 19 20 21 22 23 24 25 26 27 28 29 30 31 32 33 34 35 36 37 38 39 40 41 42 43 44 46 47 48 49 50 51 52 53 54 55 56 57 58 59 60 61 62 63 65 66 67 68 69 70 71 72 73 74 75 76 77 78 79 80 81 82 84 85 86 87 88 89 90 91 92 93 94 95 96 97 98 99 100 102 104
37 0 1 2 3 4 5 6 7 8 9 10 11 12 13 14 15 16 17 19 20 21 22 23 24 25 26 27 28 29 30 31 32 33 34 35 36 37 38 39 40 41 42 43 44 46 47 48 49 50 51 52 53 54 55 56 57 58 59 60 61 62 63 65 66 67 68 69 70 71 72 73 74 75 76 77 78 79 80 81 82 84 85 86 87 88 89 90 91 92 93 94 95 96 97 98 99 100 102 104
38 3 5 6 8 9 11 13 17 19 20 21 23 25 26 27 28 30 31 32 34 35 36 37 38 39 40 41 47 51 53 54 56 58 61 62 64 65 68 72 74 78 80 84 85 86 102 103 104 105
39 0 1 2 4 5 6 8 9 10 12 13 14 16 17 20 21 22 23 24 26 27 28 30 31 32 35 36 39 41 42 43 44 46 47 48 49 50 52 53 55 56 57 58 59 60 62 63 65 66 67 68 69 71 72 73 74 75 76 77 79 80 81 82 87 88 89 90 91 92 93 94 95 96 97 98 99 100 102 104
40 3 5 6 7 8 9 11 13 15 17 19 20 21 23 25 26 27 28 30 31 32 34 35 36 37 38 40 41 47 51 53 54 56 58 61 62 65 68 70 72 74 78 80 84 85 86 104
41 0 1 2 4 5 6 8 9 10 12 13 14 16 17 20 21 22 23 24 26 27 28 30 31 32 35 36 39 41 42 43 44 46 47 48 49 50 52 53 55 56 57 58 59 60 62 63 65 66 67 68 69 71 72 73 74 75 76 77 79 80 81 82 87 88 89 90 91 92 93 94 95 96 97 98 99 100 102 104
42 0 1 2 4 5 6 7 10 12 14 16 22 24 42 43 44 46 48 49 50 52 55 57 59 60 62 63 65 66 67 69 70 71 72 73 74 75 76 77 79 81 82 87 88 89 90 91 92 93 94 95 96 97 98 99 100
43 0 1 4 5 6 7 8 9 10 11 12 13 14 16 17 18 20 21 22 23 24 26 27 28 29 30 31 32 33 35 36 39 41 42 43 44 45 46 47 48 49 50 51 52 53 55 56 57 58 59 60 62 63 65 66 67 68 69 70 71 72 73 74 75 76 77 80 83 101 102 104
44 0 1 4 5 6 7 8 9 10 11 12 13 14 16 17 18 20 21 22 23 24 26 27 28 29 30 31 32 33 35 36 39 41 42 43 44 45 46 47 48 49 50 51 52 53 55 56 57 58 59 60 62 63 65 66 67 68 69 70 71 72 73 74 75 76 77 80 83 101 102 104
45 18 45 64 83 101 103 105
46 0 1 2 4 5 6 7 10 12 14 16 22 24 42 43 44 46 48 49 50 52 55 57 59 60 62 63 65 66 67 69 70 71 72 73 74 75 76 77 79 81 82 87 88 89 90 91 92 93 94 95 96 97 98 99 100
47 0 1 2 4 5 6 8 9 10 12 13 14 16 17 20 21 22 23 24 26 27 28 30 31 32 35 36 39 41 42 43 44 46 47 48 49 50 52 53 55 56 57 58 59 60 62 63 65 66 67 68 69 71 72 73 74 75 76 77 79 80 81 82 87 88 89 90 91 92 93 94 95 96 97 98 99 100 102 104
48 0 1 2 4 5 6 7 10 12 14 16 22 24 42 43 44 46 48 49 50 52 55 57 59 60 62 63 65 66 67 69 70 71 72 73 74 75 76 77 79 81 82 87 88 89 90 91 92 93 94 95 96 97 98 99 100
49 0 1 4 5 6 7 8 9 10 11 12 13 14 16 17 18 20 21 22 23 24 26 27 28 29 30 31 32 33 35 36 39 41 42 43 44 45 46 47 48 49 50 51 52 53 55 56 57 58 59 60 62 63 65 66 67 68 69 70 71 72 73 74 75 76 77 80 83 101 102 104
50 0 1 4 5 6 7 8 9 10 11 12 13 14 16 17 18 20 21 22 23 24 26 27 28 29 30 31 32 33 35 36 39 41 42 43 44 45 46 47 48 49 50 51 52 53 55 56 57 58 59 60 62 63 65 66 67 68 69 70 71 72 73 74 75 76 77 80 83 101 102 104
51 0 1 2 3 4 5 6 7 8 9 10 11 12 13 14 15 16 17 19 20 21 22 23 24 25 26 27 28 30 31 32 33 34 35 36 37 38 39 40 41 42 43 44 46 47 48 49 50 51 52 53 54 55 56 57 58 59 60 61 62 63 65 66 67 68 69 70 71 72 73 74 75 76 77 78 79 80 81 82 84 85 86 87 88 89 90 91 92 93 94 95 96 97 98 99 100 102 104
52 0 1 4 5 6 7 8 9 10 11 12 13 14 16 17 18 20 21 22 23 24 26 27 28 29 30 31 32 33 35 36 39 41 42 43 44 45 46 47 48 49 50 51 52 53 55 56 57 58 59 60 62 63 65 66 67 68 69 70 71 72 73 74 75 76 77 80 83 101 102 104
53 0 1 2 4 5 6 8 9 10 12 13 14 16 17 20 21 22 23 24 26 27 28 30 31 32 35 36 39 41 42 43 44 46 47 48 49 50 52 53 55 56 57 58 59 60 62 63 65 66 67 68 69 71 72 73 74 75 76 77 79 80 81 82 87 88 89 90 91 92 93 94 95 96 97 98 99 100 102 104
54 3 5 6 7 8 9 11 13 15 17 18 19 20 21 23 25 26 27 28 30 31 34 36 37 38 40 45 51 54 56 58 61 62 64 65 68 70 72 78 80 83 84 85 86 101 103 104 105
55 0 1 4 5 6 7 8 9 10 11 12 13 14 16 17 18 20 21 22 23 24 26 27 28 29 30 31 32 33 35 36 39 41 42 43 44 45 46 47 48 49 50 51 52 53 55 56 57 58 59 60 62 63 65 66 67 68 69 70 71 72 73 74 75 76 77 80 83 101 102 104
56 0 1 2 3 4 5 6 7 8 9 10 11 12 13 14 15 16 17 19 20 21 22 23 24 25 26 27 28 29 30 31 32 33 34 35 36 37 38 39 40 41 42 43 44 46 47 48 49 50 51 52 53 54 55 56 57 58 59 60 61 62 63 65 66 67 68 69 70 71 72 73 74 75 76 77 78 79 80 81 82 84 85 86 87 88 89 90 91 92 93 94 95 96 97 98 99 100 102 104
57 0 1 2 4 5 6 7 10 12 14 16 22 24 42 43 44 46 48 49 50 52 55 57 59 60 62 63 65 66 67 69 70 71 72 73 74 75 76 77 79 81 82 87 88 89 90 91 92 93 94 95 96 97 98 99 100
58 3 5 6 7 8 9 13 15 17 19 20 21 23 25 26 27 28 30 31 32 33 34 35 36 37 38 39 40 41 47 51 53 54 56 58 61 62 65 68 72 74 78 80 84 86 102 104
59 0 1 4 5 6 7 8 9 10 11 12 13 14 16 17 18 20 21 22 23 24 26 27 28 29 30 31 32 33 35 36 39 41 42 43 44 45 46 47 48 49 50 51 52 53 55 56 57 58 59 60 62 63 65 66 67 68 69 70 71 72 73 74 75 76 77 80 83 101 102 104
60 0 1 2 4 5 6 7 10 12 14 16 22 24 42 43 44 46 48 49 50 52 55 57 59 60 62 63 65 66 67 69 70 71 72 73 74 75 76 77 79 81 82 87 88 89 90 91 92 93 94 95 96 97 98 99 100
61 3 5 6 7 8 9 11 13 15 17 19 20 21 23 25 26 27 28 30 31 32 33 34 35 36 37 38 40 41 47 51 53 54 56 58 61 62 65 68 70 72 78 80 84 85 86 104
62 0 1 2 3 4 5 6 7 8 9 10 11 12 13 14 15 16 17 19 20 21 22 23 24 25 26 27 28 29 30 31 32 33 34 35 36 37 38 39 40 41 42 43 44 46 47 48 49 50 51 52 53 54 55 56 57 58 59 60 61 62 63 64 65 66 67 68 69 70 71 72 73 74 75 76 77 78 79 80 81 82 84 85 86 87 88 89 90 91 92 93 94 95 96 97 98 99 100 101 102 103 104 105
63 0 1 4 5 6 7 8 9 10 11 12 13 14 16 17 18 20 21 22 23 24 26 27 28 29 30 31 32 33 35 36 39 41 42 43 44 45 46 47 48 49 50 51 52 53 55 56 57 58 59 60 62 63 65 66 67 68 69 70 71 72 73 74 75 76 77 80 83 101 102 104
64 18 29 45 64 83 101 103 105
65 0 1 2 3 4 5 6 7 8 9 10 11 12 13 14 15 16 17 19 20 21 22 23 24 25 26 27 28 29 30 31 32 33 34 35 36 37 38 39 40 41 42 43 44 46 47 48 49 50 51 52 53 54 55 56 57 58 59 60 61 62 63 65 66 67 68 69 70 71 72 73 74 75 76 77 78 79 80 81 82 84 85 86 87 88 89 90 91 92 93 94 95 96 97 98 99 100 102 104
66 0 1 4 5 6 7 8 9 10 11 12 13 14 16 17 18 20 21 22 23 24 26 27 28 29 30 31 32 33 35 36 39 41 42 43 44 45 46 47 48 49 50 51 52 53 55 56 57 58 59 60 62 63 65 66 67 68 69 70 71 72 73 74 75 76 77 80 83 101 102 104
67 0 1 4 5 6 7 8 9 10 11 12 13 14 16 17 18 20 21 22 23 24 26 27 28 29 30 31 32 33 35 36 39 41 42 43 44 45 46 47 48 49 50 51 52 53 55 56 57 58 59 60 62 63 65 66 67 68 69 70 71 72 73 74 75 76 77 80 83 101 102 104
68 0 1 2 3 4 5 6 7 8 9 10 11 12 13 14 15 16 17 19 20 21 22 23 24 25 26 27 28 29 30 31 32 33 34 35 36 37 38 39 40 41 42 43 44 46 47 48 49 50 51 52 53 54 55 56 57 58 59 60 61 62 63 65 66 67 68 69 70 71 72 73 74 75 76 77 78 79 80 81 82 84 85 86 87 88 89 90 91 92 93 94 95 96 97 98 99 100 102 104
69 0 1 2 4 5 6 7 10 12 14 16 22 24 42 43 44 46 48 49 50 52 55 57 59 60 62 63 65 66 67 69 70 71 72 73 74 75 76 77 79 81 82 87 88 89 90 91 92 93 94 95 96 97 98 99 100
70 0 1 2 3 4 10 12 13 14 15 16 19 21 22 23 24 30 42 43 44 46 48 49 50 52 55 57 59 60 63 66 67 68 69 70 71 73 75 76 77 79 81 82 84 85 86 87 88 89 90 91 92 93 94 95 96 97 98 99 100
71 0 1 4 5 6 7 8 9 10 11 12 13 14 16 17 18 20 21 22 23 24 26 27 28 29 30 31 32 33 35 36 39 41 42 43 44 45 46 47 48 49 50 51 52 53 55 56 57 58 59 60 62 63 65 66 67 68 69 70 71 72 73 74 75 76 77 80 83 101 102 104
72 0 1 2 3 4 5 6 7 8 9 10 11 12 13 14 15 16 17 19 20 21 22 23 24 25 26 27 28 29 30 31 32 33 34 35 36 37 38 39 40 41 42 43 44 46 47 48 49 50 51 52 53 54 55 56 57 58 59 60 61 62 63 65 66 67 68 69 70 71 72 73 74 75 76 77 78 79 80 81 82 84 85 86 87 88 89 90 91 92 93 94 95 96 97 98 99 100 102 104
73 0 1 2 4 5 6 7 10 12 14 16 22 24 42 43 44 46 48 49 50 52 55 57 59 60 62 63 65 66 67 69 70 71 72 73 74 75 76 77 79 81 82 87 88 89 90 91 92 93 94 95 96 97 98 99 100
74 0 1 2 4 5 6 8 9 10 12 13 14 16 17 20 21 22 23 24 26 27 28 30 31 32 35 36 39 41 42 43 44 46 47 48 49 50 52 53 55 56 57 58 59 60 62 63 65 66 67 68 69 71 72 73 74 75 76 77 79 80 81 82 87 88 89 90 91 92 93 94 95 96 97 98 99 100 102 104
75 0 1 2 4 5 6 7 10 12 14 16 22 24 42 43 44 46 48 49 50 52 55 57 59 60 62 63 65 66 67 69 70 71 72 73 74 75 76 77 79 81 82 87 88 89 90 91 92 93 94 95 96 97 98 99 100
76 0 1 2 4 5 6 7 10 12 14 16 22 24 42 43 44 46 48 49 50 52 55 57 59 60 62 63 65 66 67 69 70 71 72 73 74 75 76 77 79 81 82 87 88 89 90 91 92 93 94 95 96 97 98 99 100
77 0 1 4 5 6 7 8 9 10 11 12 13 14 16 17 18 20 21 22 23 24 26 27 28 29 30 31 32 33 35 36 39 41 42 43 44 45 46 47 48 49 50 51 52 53 55 56 57 58 59 60 62 63 65 66 67 68 69 70 71 72 73 74 75 76 77 80 83 101 102 104
78 3 7 9 15 17 19 25 27 28 31 34 36 37 38 40 51 54 56 58 61 65 72 78 80 84 85 86 104
79 0 2 4 5 6 7 8 10 11 12 13 14 16 17 20 21 23 24 26 27 29 30 32 33 35 36 39 41 42 46 47 48 51 53 56 57 60 62 65 68 69 70 72 73 74 75 76 78 79 81 82 85 87 88 89 90 91 92 93 94 95 96 97 98 99 100 101 102
81 0 2 4 5 6 7 8 10 11 12 13 14 16 17 20 21 23 24 26 27 29 30 32 33 35 36 39 41 42 46 47 48 51 53 56 57 60 62 65 68 69 70 72 73 74 75 76 78 79 81 82 85 87 88 89 90 91 92 93 94 95 96 97 98 99 100 101 102
82 0 2 4 5 6 7 8 10 11 12 13 14 16 17 20 21 23 24 26 27 29 30 32 33 35 36 39 41 42 46 47 48 51 53 56 57 60 62 65 68 69 70 72 73 74 75 76 78 79 81 82 85 87 88 89 90 91 92 93 94 95 96 97 98 99 100 101 102
87 0 2 4 5 6 7 8 10 11 12 13 14 16 17 20 21 23 24 26 27 29 30 32 33 35 36 39 41 42 46 47 48 51 53 56 57 60 62 65 68 69 70 72 73 74 75 76 78 79 81 82 85 87 88 89 90 91 92 93 94 95 96 97 98 99 100 101 102
88 0 2 4 5 6 7 8 10 11 12 13 14 16 17 20 21 23 24 26 27 29 30 32 33 35 36 39 41 42 46 47 48 51 53 56 57 60 62 65 68 69 70 72 73 74 75 76 78 79 81 82 85 87 88 89 90 91 92 93 94 95 96 97 98 99 100 101 102
89 0 2 4 5 6 7 8 10 11 12 13 14 16 17 20 21 23 24 26 27 29 30 32 33 35 36 39 41 42 46 47 48 51 53 56 57 60 62 65 68 69 70 72 73 74 75 76 78 79 81 82 85 87 88 89 90 91 92 93 94 95 96 97 98 99 100 101 102
90 0 2 4 5 6 7 8 10 11 12 13 14 16 17 20 21 23 24 26 27 29 30 32 33 35 36 39 41 42 46 47 48 51 53 56 57 60 62 65 68 69 70 72 73 74 75 76 78 79 81 82 85 87 88 89 90 91 92 93 94 95 96 97 98 99 100 101 102
91 0 2 4 5 6 7 8 10 11 12 13 14 16 17 20 21 23 24 26 27 29 30 32 33 35 36 39 41 42 46 47 48 51 53 56 57 60 62 65 68 69 70 72 73 74 75 76 78 79 81 82 85 87 88 89 90 91 92 93 94 95 96 97 98 99 100 101 102
92 0 2 4 5 6 7 8 10 11 12 13 14 16 17 20 21 23 24 26 27 29 30 32 33 35 36 39 41 42 46 47 48 51 53 56 57 60 62 65 68 69 70 72 73 74 75 76 78 79 81 82 85 87 88 89 90 91 92 93 94 95 96 97 98 99 100 101 102
93 0 2 4 5 6 7 8 10 11 12 13 14 16 17 20 21 23 24 26 27 29 30 32 33 35 36 39 41 42 46 47 48 51 53 56 57 60 62 65 68 69 70 72 73 74 75 76 78 79 81 82 85 87 88 89 90 91 92 93 94 95 96 97 98 99 100 101 102
85 0 2 3 4 10 12 13 14 15 16 19 21 23 24 30 40 42 46 48 54 57 60 61 62 65 68 69 70 72 73 74 75 76 79 81 82 84 85 86 87 88 89 90 91 92 93 94 95 96 97 98 99 100
94 0 2 4 5 6 7 8 10 11 12 13 14 16 17 20 21 23 24 26 27 29 30 32 33 35 36 39 41 42 46 47 48 51 53 56 57 60 62 65 68 69 70 72 73 74 75 76 78 79 81 82 85 87 88 89 90 91 92 93 94 95 96 97 98 99 100 101 102
95 0 2 4 5 6 7 8 10 11 12 13 14 16 17 20 21 23 24 26 27 29 30 32 33 35 36 39 41 42 46 47 48 51 53 56 57 60 62 65 68 69 70 72 73 74 75 76 78 79 81 82 85 87 88 89 90 91 92 93 94 95 96 97 98 99 100 101 102
96 0 2 4 5 6 7 8 10 11 12 13 14 16 17 20 21 23 24 26 27 29 30 32 33 35 36 39 41 42 46 47 48 51 53 56 57 60 62 65 68 69 70 72 73 74 75 76 78 79 81 82 85 87 88 89 90 91 92 93 94 95 96 97 98 99 100 101 102
97 0 2 4 5 6 7 8 10 11 12 13 14 16 17 20 21 23 24 26 27 29 30 32 33 35 36 39 41 42 46 47 48 51 53 56 57 60 62 65 68 69 70 72 73 74 75 76 78 79 81 82 85 87 88 89 90 91 92 93 94 95 96 97 98 99 100 101 102
98 0 2 4 5 6 7 8 10 11 12 13 14 16 17 20 21 23 24 26 27 29 30 32 33 35 36 39 41 42 46 47 48 51 53 56 57 60 62 65 68 69 70 72 73 74 75 76 78 79 81 82 85 87 88 89 90 91 92 93 94 95 96 97 98 99 100 101 102
99 0 2 4 5 6 7 8 10 11 12 13 14 16 17 20 21 23 24 26 27 29 30 32 33 35 36 39 41 42 46 47 48 51 53 56 57 60 62 65 68 69 70 72 73 74 75 76 78 79 81 82 85 87 88 89 90 91 92 93 94 95 96 97 98 99 100 101 102
100 0 2 4 5 6 7 8 10 11 12 13 14 16 17 20 21 23 24 26 27 29 30 32 33 35 36 39 41 42 46 47 48 51 53 56 57 60 62 65 68 69 70 72 73 74 75 76 78 79 81 82 85 87 88 89 90 91 92 93 94 95 96 97 98 99 100 101 102
83 18 45 64 83 101 103 105
84 3 5 6 7 8 9 11 13 15 17 19 20 21 23 25 26 27 28 30 31 32 34 35 36 37 38 40 41 47 51 53 54 56 58 61 62 65 68 70 72 74 78 80 84 85 86 104
86 3 5 6 7 8 9 11 13 15 17 19 20 21 23 25 26 27 28 30 31 32 34 35 36 37 38 40 41 47 51 53 54 56 58 61 62 65 68 70 72 74 78 80 84 85 86 104
101 18 29 45 64 83 101 103 105
102 0 1 2 4 5 6 8 9 10 12 13 14 16 17 20 21 22 23 24 26 27 28 30 31 32 35 36 39 41 42 43 44 46 47 48 49 50 52 53 55 56 57 58 59 60 62 63 65 66 67 68 69 71 72 73 74 75 76 77 79 80 81 82 87 88 89 90 91 92 93 94 95 96 97 98 99 100 102 104
80 3 5 6 7 8 9 13 15 17 19 20 21 23 25 26 27 28 30 31 32 33 34 35 36 37 38 39 40 41 47 51 53 54 56 58 61 62 65 68 72 74 78 80 84 86 102 104
104 3 5 6 7 8 9 13 15 17 19 20 21 23 25 26 27 28 30 31 32 33 34 35 36 37 38 39 40 41 47 51 53 54 56 58 61 62 65 68 72 74 78 80 84 86 102 104
103 18 29 45 64 83 101 103 105
105 18 29 45 64 83 101 103 105
