0 0 1 2 22 43 44 49 50 52 55 59 63 66 67 71 77 4 10 12 14 16 24 42 46 48 57 60 69 73 75 76 79 81 82 87 88 89 90 91 92 93 94 95 96 97 98 99 100 74 70 65 72 62 5 6 7 8 11 20 26 29 32 33 35 41 47 53 68 45 85 56 21 23 30 51 78 101 9 28 31 13 17 27 36 39 102 58 80 104 61 15 25 34 37 38 64 103 105 54 3 40 18 83 19 84 86
1 1 22 43 44 49 50 52 55 59 63 66 67 71 77 45 24 42 46 48 57 60 69 73 75 76 0 4 9 10 12 14 16 28 31 74 70 65 72 62 26 29 32 33 35 41 47 53 68 5 6 7 8 11 20 56 21 23 30 51 101 27 36 39 102 13 17 18 58 83 80 104 61 25 34 37 64 103 105 38 15 54 3 78 40 19 84 86 85 2 79 81 82 87 88 89 90 91 92 93 94 95 96 97 98 99 100
2 2 79 81 82 87 88 89 90 91 92 93 94 95 96 97 98 99 100 85 4 10 12 14 16 24 42 46 48 57 60 69 73 75 76 0 74 70 65 72 62 5 6 7 8 11 20 26 29 32 33 35 41 47 53 68 56 21 23 30 51 13 17 27 36 39 101 78 102 38 61 58 15 25 34 37 80 104 54 64 3 40 103 105 9 28 31 19 84 86 18 83 1 22 43 44 49 50 52 55 59 63 66 67 71 77 45
3 3 38 19 84 86 61 78 25 37 85 15 54 58 80 104 13 21 23 30 68 70 17 27 36 65 72 7 51 34 40 62 9 28 31 56 5 6 8 20 26 32 35 41 47 53 74 39 102 1 2 22 43 44 49 50 52 55 59 63 66 67 71 77 0 4 10 12 14 16 24 42 46 48 57 60 69 73 75 76 79 81 82 87 88 89 90 91 92 93 94 95 96 97 98 99 100 64 11 29 33 103 105 101 45 18 83
4 4 1 2 22 43 44 49 50 52 55 59 63 66 67 71 77 0 10 12 14 16 24 42 46 48 57 60 69 73 75 76 79 81 82 87 88 89 90 91 92 93 94 95 96 97 98 99 100 74 70 65 72 62 5 6 7 8 11 20 26 29 32 33 35 41 47 53 68 45 85 56 21 23 30 51 78 101 9 28 31 13 17 27 36 39 102 58 80 104 61 15 25 34 37 38 64 103 105 54 3 40 18 83 19 84 86
5 5 58 80 104 9 28 31 6 8 20 26 32 35 41 47 53 74 65 72 62 56 21 23 30 68 1 2 22 43 44 49 50 52 55 59 63 66 67 71 77 0 4 10 12 14 16 24 42 46 48 57 60 69 73 75 76 79 81 82 87 88 89 90 91 92 93 94 95 96 97 98 99 100 13 17 27 36 39 102 51 70 15 25 34 37 38 78 61 85 7 11 29 33 3 54 45 40 101 64 103 105 19 84 86 18 83
6 6 58 80 104 9 28 31 5 8 20 26 32 35 41 47 53 74 65 72 62 56 21 23 30 68 1 2 22 43 44 49 50 52 55 59 63 66 67 71 77 0 4 10 12 14 16 24 42 46 48 57 60 69 73 75 76 79 81 82 87 88 89 90 91 92 93 94 95 96 97 98 99 100 13 17 27 36 39 102 51 70 15 25 34 37 38 78 61 85 7 11 29 33 3 54 45 40 101 64 103 105 19 84 86 18 83
7 7 61 78 17 27 36 65 72 51 15 25 34 37 3 1 2 22 43 44 49 50 52 55 59 63 66 67 71 77 0 4 10 12 14 16 24 42 46 48 57 60 69 73 75 76 79 81 82 87 88 89 90 91 92 93 94 95 96 97 98 99 100 54 58 80 104 70 40 85 62 56 38 5 6 8 11 20 26 29 32 33 35 41 47 53 74 21 23 30 68 45 101 19 84 86 9 28 31 13 39 102 64 103 105 18 83
8 8 58 80 104 9 28 31 5 6 20 26 32 35 41 47 53 74 65 72 62 56 21 23 30 68 1 2 22 43 44 49 50 52 55 59 63 66 67 71 77 0 4 10 12 14 16 24 42 46 48 57 60 69 73 75 76 79 81 82 87 88 89 90 91 92 93 94 95 96 97 98 99 100 13 17 27 36 39 102 51 70 15 25 34 37 38 78 61 85 7 11 29 33 3 54 45 40 101 64 103 105 19 84 86 18 83
9 9 58 80 104 28 31 1 22 43 44 49 50 52 55 59 63 66 67 71 77 5 6 8 20 26 32 35 41 47 53 74 65 72 62 56 21 23 30 68 13 17 27 36 39 102 51 45 15 25 34 37 38 61 0 4 10 12 14 16 24 42 46 48 57 60 69 73 75 76 2 79 81 82 87 88 89 90 91 92 93 94 95 96 97 98 99 100 78 3 54 70 40 85 7 11 29 33 101 19 84 86 18 83 64 103 105
10 10 1 2 22 43 44 49 50 52 55 59 63 66 67 71 77 0 4 12 14 16 24 42 46 48 57 60 69 73 75 76 79 81 82 87 88 89 90 91 92 93 94 95 96 97 98 99 100 74 70 65 72 62 5 6 7 8 11 20 26 29 32 33 35 41 47 53 68 45 85 56 21 23 30 51 78 101 9 28 31 13 17 27 36 39 102 58 80 104 61 15 25 34 37 38 64 103 105 54 3 40 18 83 19 84 86
11 11 54 62 34 64 103 105 38 40 78 1 2 22 43 44 49 50 52 55 59 63 66 67 71 77 0 4 10 12 14 16 24 42 46 48 57 60 69 73 75 76 79 81 82 87 88 89 90 91 92 93 94 95 96 97 98 99 100 101 61 70 58 80 104 56 85 65 72 5 6 7 8 20 26 29 32 33 35 41 47 53 74 21 23 30 68 45 19 84 86 51 9 28 31 13 17 27 36 39 102 15 25 37 3 18 83
12 12 1 2 22 43 44 49 50 52 55 59 63 66 67 71 77 0 4 10 14 16 24 42 46 48 57 60 69 73 75 76 79 81 82 87 88 89 90 91 92 93 94 95 96 97 98 99 100 74 70 65 72 62 5 6 7 8 11 20 26 29 32 33 35 41 47 53 68 45 85 56 21 23 30 51 78 101 9 28 31 13 17 27 36 39 102 58 80 104 61 15 25 34 37 38 64 103 105 54 3 40 18 83 19 84 86
13 13 19 84 86 85 70 21 23 30 68 58 80 104 15 9 28 31 3 5 6 8 20 26 32 35 41 47 53 74 65 72 62 56 61 54 40 1 2 22 43 44 49 50 52 55 59 63 66 67 71 77 0 4 10 12 14 16 24 42 46 48 57 60 69 73 75 76 79 81 82 87 88 89 90 91 92 93 94 95 96 97 98 99 100 17 27 36 39 78 102 51 38 25 34 37 7 11 29 33 45 101 64 103 105 18 83
14 14 1 2 22 43 44 49 50 52 55 59 63 66 67 71 77 0 4 10 12 16 24 42 46 48 57 60 69 73 75 76 79 81 82 87 88 89 90 91 92 93 94 95 96 97 98 99 100 74 70 65 72 62 5 6 7 8 11 20 26 29 32 33 35 41 47 53 68 45 85 56 21 23 30 51 78 101 9 28 31 13 17 27 36 39 102 58 80 104 61 15 25 34 37 38 64 103 105 54 3 40 18 83 19 84 86
15 15 19 84 86 61 85 70 3 7 13 21 23 30 68 17 27 36 65 72 78 58 80 104 51 25 34 37 54 40 9 28 31 62 56 5 6 8 20 26 32 35 41 47 53 74 38 1 2 22 43 44 49 50 52 55 59 63 66 67 71 77 0 4 10 12 14 16 24 42 46 48 57 60 69 73 75 76 79 81 82 87 88 89 90 91 92 93 94 95 96 97 98 99 100 39 102 11 29 33 45 101 64 103 105 18 83
16 16 1 2 22 43 44 49 50 52 55 59 63 66 67 71 77 0 4 10 12 14 24 42 46 48 57 60 69 73 75 76 79 81 82 87 88 89 90 91 92 93 94 95 96 97 98 99 100 74 70 65 72 62 5 6 7 8 11 20 26 29 32 33 35 41 47 53 68 45 85 56 21 23 30 51 78 101 9 28 31 13 17 27 36 39 102 58 80 104 61 15 25 34 37 38 64 103 105 54 3 40 18 83 19 84 86
17 17 61 7 27 36 65 72 58 80 104 78 51 15 25 34 37 9 28 31 3 5 6 8 20 26 32 35 41 47 53 74 62 56 54 21 23 30 68 40 38 1 2 22 43 44 49 50 52 55 59 63 66 67 71 77 0 4 10 12 14 16 24 42 46 48 57 60 69 73 75 76 79 81 82 87 88 89 90 91 92 93 94 95 96 97 98 99 100 13 39 102 70 85 19 84 86 11 29 33 45 101 64 103 105 18 83
18 18 83 45 64 103 105 101 54 1 22 43 44 49 50 52 55 59 63 66 67 71 77 62 0 4 9 10 12 14 16 24 28 31 42 46 48 57 60 69 73 75 76 2 79 81 82 87 88 89 90 91 92 93 94 95 96 97 98 99 100 70 5 6 7 8 11 20 26 29 32 33 35 41 47 53 74 58 65 72 80 104 56 21 23 30 68 51 13 17 27 36 39 85 61 102 78 15 25 34 37 38 3 40 19 84 86
19 19 84 86 85 70 68 13 21 23 30 15 3 40 54 61 58 80 104 38 78 34 56 62 17 27 36 65 72 11 7 9 28 31 51 25 37 5 6 8 20 26 32 35 41 47 53 74 39 102 64 103 105 101 1 2 22 43 44 49 50 52 55 59 63 66 67 71 77 0 4 10 12 14 16 24 42 46 48 57 60 69 73 75 76 79 81 82 87 88 89 90 91 92 93 94 95 96 97 98 99 100 29 33 45 18 83
20 20 58 80 104 9 28 31 5 6 8 26 32 35 41 47 53 74 65 72 62 56 21 23 30 68 1 2 22 43 44 49 50 52 55 59 63 66 67 71 77 0 4 10 12 14 16 24 42 46 48 57 60 69 73 75 76 79 81 82 87 88 89 90 91 92 93 94 95 96 97 98 99 100 13 17 27 36 39 102 51 70 15 25 34 37 38 78 61 85 7 11 29 33 3 54 45 40 101 64 103 105 19 84 86 18 83
21 21 19 84 86 85 70 13 23 30 68 58 80 104 15 9 28 31 3 5 6 8 20 26 32 35 41 47 53 74 65 72 62 56 61 54 40 1 2 22 43 44 49 50 52 55 59 63 66 67 71 77 0 4 10 12 14 16 24 42 46 48 57 60 69 73 75 76 79 81 82 87 88 89 90 91 92 93 94 95 96 97 98 99 100 17 27 36 39 78 102 51 38 25 34 37 7 11 29 33 45 101 64 103 105 18 83
22 22 1 43 44 49 50 52 55 59 63 66 67 71 77 45 24 42 46 48 57 60 69 73 75 76 0 4 9 10 12 14 16 28 31 74 70 65 72 62 26 29 32 33 35 41 47 53 68 5 6 7 8 11 20 56 21 23 30 51 101 27 36 39 102 13 17 18 58 83 80 104 61 25 34 37 64 103 105 38 15 54 3 78 40 19 84 86 85 2 79 81 82 87 88 89 90 91 92 93 94 95 96 97 98 99 100
23 23 19 84 86 85 70 13 21 30 68 58 80 104 15 9 28 31 3 5 6 8 20 26 32 35 41 47 53 74 65 72 62 56 61 54 40 1 2 22 43 44 49 50 52 55 59 63 66 67 71 77 0 4 10 12 14 16 24 42 46 48 57 60 69 73 75 76 79 81 82 87 88 89 90 91 92 93 94 95 96 97 98 99 100 17 27 36 39 78 102 51 38 25 34 37 7 11 29 33 45 101 64 103 105 18 83
24 24 1 2 22 43 44 49 50 52 55 59 63 66 67 71 77 0 4 10 12 14 16 42 46 48 57 60 69 73 75 76 79 81 82 87 88 89 90 91 92 93 94 95 96 97 98 99 100 74 70 65 72 62 5 6 7 8 11 20 26 29 32 33 35 41 47 53 68 45 85 56 21 23 30 51 78 101 9 28 31 13 17 27 36 39 102 58 80 104 61 15 25 34 37 38 64 103 105 54 3 40 18 83 19 84 86
25 25 38 61 78 37 3 58 80 104 17 27 36 65 72 7 54 51 15 34 9 28 31 62 5 6 8 20 26 32 35 41 47 53 74 56 21 23 30 68 40 13 39 1 2 102 22 43 44 49 50 52 55 59 63 66 67 71 77 0 4 10 12 14 16 24 42 46 48 57 60 69 73 75 76 79 81 82 87 88 89 90 91 92 93 94 95 96 97 98 99 100 70 85 19 84 86 11 29 33 101 45 64 103 105 18 83
26 26 58 80 104 9 28 31 5 6 8 20 32 35 41 47 53 74 65 72 62 56 21 23 30 68 1 2 22 43 44 49 50 52 55 59 63 66 67 71 77 0 4 10 12 14 16 24 42 46 48 57 60 69 73 75 76 79 81 82 87 88 89 90 91 92 93 94 95 96 97 98 99 100 13 17 27 36 39 102 51 70 15 25 34 37 38 78 61 85 7 11 29 33 3 54 45 40 101 64 103 105 19 84 86 18 83
27 27 61 7 17 36 65 72 58 80 104 78 51 15 25 34 37 9 28 31 3 5 6 8 20 26 32 35 41 47 53 74 62 56 54 21 23 30 68 40 38 1 2 22 43 44 49 50 52 55 59 63 66 67 71 77 0 4 10 12 14 16 24 42 46 48 57 60 69 73 75 76 79 81 82 87 88 89 90 91 92 93 94 95 96 97 98 99 100 13 39 102 70 85 19 84 86 11 29 33 45 101 64 103 105 18 83
28 28 58 80 104 9 31 1 22 43 44 49 50 52 55 59 63 66 67 71 77 5 6 8 20 26 32 35 41 47 53 74 65 72 62 56 21 23 30 68 13 17 27 36 39 102 51 45 15 25 34 37 38 61 0 4 10 12 14 16 24 42 46 48 57 60 69 73 75 76 2 79 81 82 87 88 89 90 91 92 93 94 95 96 97 98 99 100 78 3 54 70 40 85 7 11 29 33 101 19 84 86 18 83 64 103 105
29 29 101 64 103 105 1 2 22 43 44 49 50 52 55 59 63 66 67 71 77 0 4 10 12 14 16 24 42 46 48 57 60 69 73 75 76 79 81 82 87 88 89 90 91 92 93 94 95 96 97 98 99 100 70 5 6 7 8 11 20 26 32 33 35 41 47 53 74 45 65 72 85 62 56 21 23 30 68 51 58 78 80 104 9 28 31 13 17 27 36 39 102 15 25 34 37 38 61 54 3 40 18 83 19 84 86
30 30 19 84 86 85 70 13 21 23 68 58 80 104 15 9 28 31 3 5 6 8 20 26 32 35 41 47 53 74 65 72 62 56 61 54 40 1 2 22 43 44 49 50 52 55 59 63 66 67 71 77 0 4 10 12 14 16 24 42 46 48 57 60 69 73 75 76 79 81 82 87 88 89 90 91 92 93 94 95 96 97 98 99 100 17 27 36 39 78 102 51 38 25 34 37 7 11 29 33 45 101 64 103 105 18 83
31 31 58 80 104 9 28 1 22 43 44 49 50 52 55 59 63 66 67 71 77 5 6 8 20 26 32 35 41 47 53 74 65 72 62 56 21 23 30 68 13 17 27 36 39 102 51 45 15 25 34 37 38 61 0 4 10 12 14 16 24 42 46 48 57 60 69 73 75 76 2 79 81 82 87 88 89 90 91 92 93 94 95 96 97 98 99 100 78 3 54 70 40 85 7 11 29 33 101 19 84 86 18 83 64 103 105
32 32 58 80 104 9 28 31 5 6 8 20 26 35 41 47 53 74 65 72 62 56 21 23 30 68 1 2 22 43 44 49 50 52 55 59 63 66 67 71 77 0 4 10 12 14 16 24 42 46 48 57 60 69 73 75 76 79 81 82 87 88 89 90 91 92 93 94 95 96 97 98 99 100 13 17 27 36 39 102 51 70 15 25 34 37 38 78 61 85 7 11 29 33 3 54 45 40 101 64 103 105 19 84 86 18 83
33 33 51 61 1 2 22 43 44 49 50 52 55 59 63 66 67 71 77 0 4 10 12 14 16 24 42 46 48 57 60 69 73 75 76 79 81 82 87 88 89 90 91 92 93 94 95 96 97 98 99 100 58 80 104 65 72 70 78 5 6 7 8 11 20 26 29 32 35 41 47 53 74 45 85 62 56 21 23 30 68 101 9 28 31 13 17 27 36 39 102 15 25 34 37 38 64 103 105 54 3 40 18 83 19 84 86
34 34 54 61 11 62 78 7 17 27 36 65 72 40 58 80 104 38 51 15 25 37 56 9 28 31 3 5 6 8 20 26 32 35 41 47 53 74 64 103 105 21 23 30 68 19 84 86 85 70 1 2 13 39 22 43 44 49 50 52 55 59 63 66 67 71 77 0 4 10 12 14 16 24 42 46 48 57 60 69 73 75 76 79 81 82 87 88 89 90 91 92 93 94 95 96 97 98 99 100 102 101 29 33 45 18 83
35 35 58 80 104 9 28 31 5 6 8 20 26 32 41 47 53 74 65 72 62 56 21 23 30 68 1 2 22 43 44 49 50 52 55 59 63 66 67 71 77 0 4 10 12 14 16 24 42 46 48 57 60 69 73 75 76 79 81 82 87 88 89 90 91 92 93 94 95 96 97 98 99 100 13 17 27 36 39 102 51 70 15 25 34 37 38 78 61 85 7 11 29 33 3 54 45 40 101 64 103 105 19 84 86 18 83
36 36 61 7 17 27 65 72 58 80 104 78 51 15 25 34 37 9 28 31 3 5 6 8 20 26 32 35 41 47 53 74 62 56 54 21 23 30 68 40 38 1 2 22 43 44 49 50 52 55 59 63 66 67 71 77 0 4 10 12 14 16 24 42 46 48 57 60 69 73 75 76 79 81 82 87 88 89 90 91 92 93 94 95 96 97 98 99 100 13 39 102 70 85 19 84 86 11 29 33 45 101 64 103 105 18 83
37 37 38 61 78 25 3 58 80 104 17 27 36 65 72 7 54 51 15 34 9 28 31 62 5 6 8 20 26 32 35 41 47 53 74 56 21 23 30 68 40 13 39 1 2 102 22 43 44 49 50 52 55 59 63 66 67 71 77 0 4 10 12 14 16 24 42 46 48 57 60 69 73 75 76 79 81 82 87 88 89 90 91 92 93 94 95 96 97 98 99 100 70 85 19 84 86 11 29 33 101 45 64 103 105 18 83
38 38 78 25 37 3 54 61 40 58 80 104 62 11 34 56 19 84 86 9 28 31 5 6 8 20 26 32 35 41 47 53 74 85 64 103 105 13 17 21 23 27 30 36 39 65 68 72 102 51 1 2 15 22 43 44 49 50 52 55 59 63 66 67 71 77 0 4 10 12 14 16 24 42 46 48 57 60 69 73 75 76 79 81 82 87 88 89 90 91 92 93 94 95 96 97 98 99 100 101 7 29 33 70 45 18 83
39 39 102 58 80 104 9 28 31 5 6 8 20 26 32 35 41 47 53 74 65 72 62 56 21 23 30 68 1 2 22 43 44 49 50 52 55 59 63 66 67 71 77 0 4 10 12 14 16 24 42 46 48 57 60 69 73 75 76 79 81 82 87 88 89 90 91 92 93 94 95 96 97 98 99 100 13 17 27 36 51 70 15 25 34 37 38 78 61 85 7 11 29 33 3 54 45 40 101 64 103 105 19 84 86 18 83
40 40 56 78 54 61 38 19 84 86 34 11 62 15 85 58 7 17 27 36 65 72 80 104 3 13 21 23 30 68 51 70 25 37 9 28 31 5 6 8 20 26 32 35 41 47 53 74 64 103 105 39 102 1 2 101 22 43 44 49 50 52 55 59 63 66 67 71 77 0 4 10 12 14 16 24 42 46 48 57 60 69 73 75 76 79 81 82 87 88 89 90 91 92 93 94 95 96 97 98 99 100 29 33 45 18 83
41 41 58 80 104 9 28 31 5 6 8 20 26 32 35 47 53 74 65 72 62 56 21 23 30 68 1 2 22 43 44 49 50 52 55 59 63 66 67 71 77 0 4 10 12 14 16 24 42 46 48 57 60 69 73 75 76 79 81 82 87 88 89 90 91 92 93 94 95 96 97 98 99 100 13 17 27 36 39 102 51 70 15 25 34 37 38 78 61 85 7 11 29 33 3 54 45 40 101 64 103 105 19 84 86 18 83
42 42 1 2 22 43 44 49 50 52 55 59 63 66 67 71 77 0 4 10 12 14 16 24 46 48 57 60 69 73 75 76 79 81 82 87 88 89 90 91 92 93 94 95 96 97 98 99 100 74 70 65 72 62 5 6 7 8 11 20 26 29 32 33 35 41 47 53 68 45 85 56 21 23 30 51 78 101 9 28 31 13 17 27 36 39 102 58 80 104 61 15 25 34 37 38 64 103 105 54 3 40 18 83 19 84 86
43 43 1 22 44 49 50 52 55 59 63 66 67 71 77 45 24 42 46 48 57 60 69 73 75 76 0 4 9 10 12 14 16 28 31 74 70 65 72 62 26 29 32 33 35 41 47 53 68 5 6 7 8 11 20 56 21 23 30 51 101 27 36 39 102 13 17 18 58 83 80 104 61 25 34 37 64 103 105 38 15 54 3 78 40 19 84 86 85 2 79 81 82 87 88 89 90 91 92 93 94 95 96 97 98 99 100
44 44 1 22 43 49 50 52 55 59 63 66 67 71 77 45 24 42 46 48 57 60 69 73 75 76 0 4 9 10 12 14 16 28 31 74 70 65 72 62 26 29 32 33 35 41 47 53 68 5 6 7 8 11 20 56 21 23 30 51 101 27 36 39 102 13 17 18 58 83 80 104 61 25 34 37 64 103 105 38 15 54 3 78 40 19 84 86 85 2 79 81 82 87 88 89 90 91 92 93 94 95 96 97 98 99 100
45 45 18 83 64 103 105 101 1 22 43 44 49 50 52 55 59 63 66 67 71 77 0 4 9 10 12 14 16 24 28 31 42 46 48 57 60 69 73 75 76 74 70 65 72 62 5 6 7 8 11 20 26 29 32 33 35 41 47 53 68 2 79 81 82 87 88 89 90 91 92 93 94 95 96 97 98 99 100 56 21 23 30 51 13 17 27 36 39 102 58 80 104 61 78 15 25 34 37 38 85 54 3 40 19 84 86
46 46 1 2 22 43 44 49 50 52 55 59 63 66 67 71 77 0 4 10 12 14 16 24 42 48 57 60 69 73 75 76 79 81 82 87 88 89 90 91 92 93 94 95 96 97 98 99 100 74 70 65 72 62 5 6 7 8 11 20 26 29 32 33 35 41 47 53 68 45 85 56 21 23 30 51 78 101 9 28 31 13 17 27 36 39 102 58 80 104 61 15 25 34 37 38 64 103 105 54 3 40 18 83 19 84 86
47 47 58 80 104 9 28 31 5 6 8 20 26 32 35 41 53 74 65 72 62 56 21 23 30 68 1 2 22 43 44 49 50 52 55 59 63 66 67 71 77 0 4 10 12 14 16 24 42 46 48 57 60 69 73 75 76 79 81 82 87 88 89 90 91 92 93 94 95 96 97 98 99 100 13 17 27 36 39 102 51 70 15 25 34 37 38 78 61 85 7 11 29 33 3 54 45 40 101 64 103 105 19 84 86 18 83
48 48 1 2 22 43 44 49 50 52 55 59 63 66 67 71 77 0 4 10 12 14 16 24 42 46 57 60 69 73 75 76 79 81 82 87 88 89 90 91 92 93 94 95 96 97 98 99 100 74 70 65 72 62 5 6 7 8 11 20 26 29 32 33 35 41 47 53 68 45 85 56 21 23 30 51 78 101 9 28 31 13 17 27 36 39 102 58 80 104 61 15 25 34 37 38 64 103 105 54 3 40 18 83 19 84 86
49 49 1 22 43 44 50 52 55 59 63 66 67 71 77 45 24 42 46 48 57 60 69 73 75 76 0 4 9 10 12 14 16 28 31 74 70 65 72 62 26 29 32 33 35 41 47 53 68 5 6 7 8 11 20 56 21 23 30 51 101 27 36 39 102 13 17 18 58 83 80 104 61 25 34 37 64 103 105 38 15 54 3 78 40 19 84 86 85 2 79 81 82 87 88 89 90 91 92 93 94 95 96 97 98 99 100
50 50 1 22 43 44 49 52 55 59 63 66 67 71 77 45 24 42 46 48 57 60 69 73 75 76 0 4 9 10 12 14 16 28 31 74 70 65 72 62 26 29 32 33 35 41 47 53 68 5 6 7 8 11 20 56 21 23 30 51 101 27 36 39 102 13 17 18 58 83 80 104 61 25 34 37 64 103 105 38 15 54 3 78 40 19 84 86 85 2 79 81 82 87 88 89 90 91 92 93 94 95 96 97 98 99 100
51 51 33 61 7 17 27 36 65 72 58 80 104 78 15 25 34 37 9 28 31 3 5 6 8 20 26 32 35 41 47 53 74 62 56 54 21 23 30 68 40 38 1 2 22 43 44 49 50 52 55 59 63 66 67 71 77 0 4 10 12 14 16 24 42 46 48 57 60 69 73 75 76 79 81 82 87 88 89 90 91 92 93 94 95 96 97 98 99 100 13 39 102 70 85 19 84 86 11 29 45 101 64 103 105 18 83
52 52 1 22 43 44 49 50 55 59 63 66 67 71 77 45 24 42 46 48 57 60 69 73 75 76 0 4 9 10 12 14 16 28 31 74 70 65 72 62 26 29 32 33 35 41 47 53 68 5 6 7 8 11 20 56 21 23 30 51 101 27 36 39 102 13 17 18 58 83 80 104 61 25 34 37 64 103 105 38 15 54 3 78 40 19 84 86 85 2 79 81 82 87 88 89 90 91 92 93 94 95 96 97 98 99 100
53 53 58 80 104 9 28 31 5 6 8 20 26 32 35 41 47 74 65 72 62 56 21 23 30 68 1 2 22 43 44 49 50 52 55 59 63 66 67 71 77 0 4 10 12 14 16 24 42 46 48 57 60 69 73 75 76 79 81 82 87 88 89 90 91 92 93 94 95 96 97 98 99 100 13 17 27 36 39 102 51 70 15 25 34 37 38 78 61 85 7 11 29 33 3 54 45 40 101 64 103 105 19 84 86 18 83
54 54 11 62 34 64 103 105 40 38 78 61 101 19 84 86 3 25 37 56 15 18 83 58 80 104 85 17 27 36 65 72 7 13 21 23 30 68 51 70 45 9 28 31 5 6 8 20 26 32 35 41 47 53 74 39 102 1 2 22 43 44 49 50 52 55 59 63 66 67 71 77 0 4 10 12 14 16 24 42 46 48 57 60 69 73 75 76 79 81 82 87 88 89 90 91 92 93 94 95 96 97 98 99 100 29 33
55 55 1 22 43 44 49 50 52 59 63 66 67 71 77 45 24 42 46 48 57 60 69 73 75 76 0 4 9 10 12 14 16 28 31 74 70 65 72 62 26 29 32 33 35 41 47 53 68 5 6 7 8 11 20 56 21 23 30 51 101 27 36 39 102 13 17 18 58 83 80 104 61 25 34 37 64 103 105 38 15 54 3 78 40 19 84 86 85 2 79 81 82 87 88 89 90 91 92 93 94 95 96 97 98 99 100
56 56 40 78 58 80 104 54 9 28 31 62 5 6 8 20 26 32 35 41 47 53 74 65 72 61 21 23 30 68 13 17 27 36 39 1 2 102 22 43 44 49 50 52 55 59 63 66 67 71 77 0 4 10 12 14 16 24 42 46 48 57 60 69 73 75 76 79 81 82 87 88 89 90 91 92 93 94 95 96 97 98 99 100 70 85 19 51 84 86 15 25 34 37 38 3 7 11 29 33 45 101 64 103 105 18 83
57 57 1 2 22 43 44 49 50 52 55 59 63 66 67 71 77 0 4 10 12 14 16 24 42 46 48 60 69 73 75 76 79 81 82 87 88 89 90 91 92 93 94 95 96 97 98 99 100 74 70 65 72 62 5 6 7 8 11 20 26 29 32 33 35 41 47 53 68 45 85 56 21 23 30 51 78 101 9 28 31 13 17 27 36 39 102 58 80 104 61 15 25 34 37 38 64 103 105 54 3 40 18 83 19 84 86
58 58 80 104 9 28 31 5 6 8 20 26 32 35 41 47 53 74 65 72 62 56 21 23 30 68 13 17 27 36 39 102 15 25 34 37 51 38 61 3 54 40 78 19 84 86 33 7 11 85 70 64 103 105 101 1 2 22 43 44 49 50 52 55 59 63 66 67 71 77 0 4 10 12 14 16 24 42 46 48 57 60 69 73 75 76 79 81 82 87 88 89 90 91 92 93 94 95 96 97 98 99 100 18 83 29 45
59 59 1 22 43 44 49 50 52 55 63 66 67 71 77 45 24 42 46 48 57 60 69 73 75 76 0 4 9 10 12 14 16 28 31 74 70 65 72 62 26 29 32 33 35 41 47 53 68 5 6 7 8 11 20 56 21 23 30 51 101 27 36 39 102 13 17 18 58 83 80 104 61 25 34 37 64 103 105 38 15 54 3 78 40 19 84 86 85 2 79 81 82 87 88 89 90 91 92 93 94 95 96 97 98 99 100
60 60 1 2 22 43 44 49 50 52 55 59 63 66 67 71 77 0 4 10 12 14 16 24 42 46 48 57 69 73 75 76 79 81 82 87 88 89 90 91 92 93 94 95 96 97 98 99 100 74 70 65 72 62 5 6 7 8 11 20 26 29 32 33 35 41 47 53 68 45 85 56 21 23 30 51 78 101 9 28 31 13 17 27 36 39 102 58 80 104 61 15 25 34 37 38 64 103 105 54 3 40 18 83 19 84 86
61 61 7 78 65 72 17 27 36 15 25 34 37 51 3 40 38 54 19 84 86 58 80 104 33 56 62 11 85 13 21 23 30 68 9 28 31 70 5 6 8 20 26 32 35 41 47 53 74 39 102 64 103 105 101 1 2 22 43 44 49 50 52 55 59 63 66 67 71 77 0 4 10 12 14 16 24 42 46 48 57 60 69 73 75 76 79 81 82 87 88 89 90 91 92 93 94 95 96 97 98 99 100 29 45 18 83
62 62 54 11 34 58 80 104 38 9 28 31 40 56 5 6 8 20 26 32 35 41 47 53 74 64 78 103 105 65 72 61 21 23 30 68 1 2 13 17 27 36 39 22 43 44 49 50 52 55 59 63 66 67 71 77 0 4 10 12 14 16 24 42 46 48 57 60 69 73 75 76 79 81 82 87 88 89 90 91 92 93 94 95 96 97 98 99 100 102 101 51 70 85 15 25 37 19 84 86 3 7 29 33 45 18 83
63 63 1 22 43 44 49 50 52 55 59 66 67 71 77 45 24 42 46 48 57 60 69 73 75 76 0 4 9 10 12 14 16 28 31 74 70 65 72 62 26 29 32 33 35 41 47 53 68 5 6 7 8 11 20 56 21 23 30 51 101 27 36 39 102 13 17 18 58 83 80 104 61 25 34 37 64 103 105 38 15 54 3 78 40 19 84 86 85 2 79 81 82 87 88 89 90 91 92 93 94 95 96 97 98 99 100
64 64 103 105 101 18 83 29 45 54 11 62 34 38 40 1 2 22 43 44 49 50 52 55 59 63 66 67 71 77 0 4 10 12 14 16 24 42 46 48 57 60 69 73 75 76 79 81 82 87 88 89 90 91 92 93 94 95 96 97 98 99 100 61 70 78 58 80 104 56 85 5 6 7 8 20 26 32 33 35 41 47 53 74 21 23 30 68 19 84 86 51 9 28 31 13 17 27 36 39 65 72 102 15 25 37 3
65 65 61 7 17 27 36 72 58 80 104 78 51 15 25 34 37 9 28 31 3 5 6 8 20 26 32 35 41 47 53 74 62 56 54 21 23 30 68 40 38 1 2 22 43 44 49 50 52 55 59 63 66 67 71 77 0 4 10 12 14 16 24 42 46 48 57 60 69 73 75 76 79 81 82 87 88 89 90 91 92 93 94 95 96 97 98 99 100 13 39 102 70 85 19 84 86 11 29 33 45 101 64 103 105 18 83
66 66 1 22 43 44 49 50 52 55 59 63 67 71 77 45 24 42 46 48 57 60 69 73 75 76 0 4 9 10 12 14 16 28 31 74 70 65 72 62 26 29 32 33 35 41 47 53 68 5 6 7 8 11 20 56 21 23 30 51 101 27 36 39 102 13 17 18 58 83 80 104 61 25 34 37 64 103 105 38 15 54 3 78 40 19 84 86 85 2 79 81 82 87 88 89 90 91 92 93 94 95 96 97 98 99 100
67 67 1 22 43 44 49 50 52 55 59 63 66 71 77 45 24 42 46 48 57 60 69 73 75 76 0 4 9 10 12 14 16 28 31 74 70 65 72 62 26 29 32 33 35 41 47 53 68 5 6 7 8 11 20 56 21 23 30 51 101 27 36 39 102 13 17 18 58 83 80 104 61 25 34 37 64 103 105 38 15 54 3 78 40 19 84 86 85 2 79 81 82 87 88 89 90 91 92 93 94 95 96 97 98 99 100
68 68 19 84 86 85 70 13 21 23 30 58 80 104 15 9 28 31 3 5 6 8 20 26 32 35 41 47 53 74 65 72 62 56 61 54 40 1 2 22 43 44 49 50 52 55 59 63 66 67 71 77 0 4 10 12 14 16 24 42 46 48 57 60 69 73 75 76 79 81 82 87 88 89 90 91 92 93 94 95 96 97 98 99 100 17 27 36 39 78 102 51 38 25 34 37 7 11 29 33 45 101 64 103 105 18 83
69 69 1 2 22 43 44 49 50 52 55 59 63 66 67 71 77 0 4 10 12 14 16 24 42 46 48 57 60 73 75 76 79 81 82 87 88 89 90 91 92 93 94 95 96 97 98 99 100 74 70 65 72 62 5 6 7 8 11 20 26 29 32 33 35 41 47 53 68 45 85 56 21 23 30 51 78 101 9 28 31 13 17 27 36 39 102 58 80 104 61 15 25 34 37 38 64 103 105 54 3 40 18 83 19 84 86
70 70 19 84 86 85 13 21 23 30 68 15 3 1 2 22 43 44 49 50 52 55 59 63 66 67 71 77 0 4 10 12 14 16 24 42 46 48 57 60 69 73 75 76 79 81 82 87 88 89 90 91 92 93 94 95 96 97 98 99 100 58 40 80 104 54 61 78 56 62 65 72 5 6 7 8 11 20 26 29 32 33 35 41 47 53 74 45 101 51 9 28 31 17 27 36 39 102 38 64 103 105 25 34 37 18 83
71 71 1 22 43 44 49 50 52 55 59 63 66 67 77 45 24 42 46 48 57 60 69 73 75 76 0 4 9 10 12 14 16 28 31 74 70 65 72 62 26 29 32 33 35 41 47 53 68 5 6 7 8 11 20 56 21 23 30 51 101 27 36 39 102 13 17 18 58 83 80 104 61 25 34 37 64 103 105 38 15 54 3 78 40 19 84 86 85 2 79 81 82 87 88 89 90 91 92 93 94 95 96 97 98 99 100
72 72 61 7 17 27 36 65 58 80 104 78 51 15 25 34 37 9 28 31 3 5 6 8 20 26 32 35 41 47 53 74 62 56 54 21 23 30 68 40 38 1 2 22 43 44 49 50 52 55 59 63 66 67 71 77 0 4 10 12 14 16 24 42 46 48 57 60 69 73 75 76 79 81 82 87 88 89 90 91 92 93 94 95 96 97 98 99 100 13 39 102 70 85 19 84 86 11 29 33 45 101 64 103 105 18 83
73 73 1 2 22 43 44 49 50 52 55 59 63 66 67 71 77 0 4 10 12 14 16 24 42 46 48 57 60 69 75 76 79 81 82 87 88 89 90 91 92 93 94 95 96 97 98 99 100 74 70 65 72 62 5 6 7 8 11 20 26 29 32 33 35 41 47 53 68 45 85 56 21 23 30 51 78 101 9 28 31 13 17 27 36 39 102 58 80 104 61 15 25 34 37 38 64 103 105 54 3 40 18 83 19 84 86
74 74 58 80 104 9 28 31 5 6 8 20 26 32 35 41 47 53 65 72 62 56 21 23 30 68 1 2 22 43 44 49 50 52 55 59 63 66 67 71 77 0 4 10 12 14 16 24 42 46 48 57 60 69 73 75 76 79 81 82 87 88 89 90 91 92 93 94 95 96 97 98 99 100 13 17 27 36 39 102 51 70 15 25 34 37 38 78 61 85 7 11 29 33 3 54 45 40 101 64 103 105 19 84 86 18 83
75 75 1 2 22 43 44 49 50 52 55 59 63 66 67 71 77 0 4 10 12 14 16 24 42 46 48 57 60 69 73 76 79 81 82 87 88 89 90 91 92 93 94 95 96 97 98 99 100 74 70 65 72 62 5 6 7 8 11 20 26 29 32 33 35 41 47 53 68 45 85 56 21 23 30 51 78 101 9 28 31 13 17 27 36 39 102 58 80 104 61 15 25 34 37 38 64 103 105 54 3 40 18 83 19 84 86
76 76 1 2 22 43 44 49 50 52 55 59 63 66 67 71 77 0 4 10 12 14 16 24 42 46 48 57 60 69 73 75 79 81 82 87 88 89 90 91 92 93 94 95 96 97 98 99 100 74 70 65 72 62 5 6 7 8 11 20 26 29 32 33 35 41 47 53 68 45 85 56 21 23 30 51 78 101 9 28 31 13 17 27 36 39 102 58 80 104 61 15 25 34 37 38 64 103 105 54 3 40 18 83 19 84 86
77 77 1 22 43 44 49 50 52 55 59 63 66 67 71 45 24 42 46 48 57 60 69 73 75 76 0 4 9 10 12 14 16 28 31 74 70 65 72 62 26 29 32 33 35 41 47 53 68 5 6 7 8 11 20 56 21 23 30 51 101 27 36 39 102 13 17 18 58 83 80 104 61 25 34 37 64 103 105 38 15 54 3 78 40 19 84 86 85 2 79 81 82 87 88 89 90 91 92 93 94 95 96 97 98 99 100
78 78 38 40 61 25 37 56 3 54 7 17 27 36 65 72 58 80 104 51 19 15 34 9 28 31 84 86 85 2 79 81 82 87 88 89 90 91 92 93 94 95 96 97 98 99 100 1 22 43 44 49 50 52 55 59 63 66 67 71 77 62 70 45 21 23 30 68 0 4 10 12 14 16 24 42 46 48 57 60 69 73 75 76 64 103 105 101 18 83 5 6 8 11 20 26 29 32 33 35 41 47 53 74 13 39 102
79 79 2 81 82 87 88 89 90 91 92 93 94 95 96 97 98 99 100 85 4 10 12 14 16 24 42 46 48 57 60 69 73 75 76 0 74 70 65 72 62 5 6 7 8 11 20 26 29 32 33 35 41 47 53 68 56 21 23 30 51 13 17 27 36 39 101 78 102 38 61 58 15 25 34 37 80 104 54 64 3 40 103 105 9 28 31 19 84 86 18 83 1 22 43 44 49 50 52 55 59 63 66 67 71 77 45
81 81 2 79 82 87 88 89 90 91 92 93 94 95 96 97 98 99 100 85 4 10 12 14 16 24 42 46 48 57 60 69 73 75 76 0 74 70 65 72 62 5 6 7 8 11 20 26 29 32 33 35 41 47 53 68 56 21 23 30 51 13 17 27 36 39 101 78 102 38 61 58 15 25 34 37 80 104 54 64 3 40 103 105 9 28 31 19 84 86 18 83 1 22 43 44 49 50 52 55 59 63 66 67 71 77 45
82 82 2 79 81 87 88 89 90 91 92 93 94 95 96 97 98 99 100 85 4 10 12 14 16 24 42 46 48 57 60 69 73 75 76 0 74 70 65 72 62 5 6 7 8 11 20 26 29 32 33 35 41 47 53 68 56 21 23 30 51 13 17 27 36 39 101 78 102 38 61 58 15 25 34 37 80 104 54 64 3 40 103 105 9 28 31 19 84 86 18 83 1 22 43 44 49 50 52 55 59 63 66 67 71 77 45
87 87 2 79 81 82 88 89 90 91 92 93 94 95 96 97 98 99 100 85 4 10 12 14 16 24 42 46 48 57 60 69 73 75 76 0 74 70 65 72 62 5 6 7 8 11 20 26 29 32 33 35 41 47 53 68 56 21 23 30 51 13 17 27 36 39 101 78 102 38 61 58 15 25 34 37 80 104 54 64 3 40 103 105 9 28 31 19 84 86 18 83 1 22 43 44 49 50 52 55 59 63 66 67 71 77 45
88 88 2 79 81 82 87 89 90 91 92 93 94 95 96 97 98 99 100 85 4 10 12 14 16 24 42 46 48 57 60 69 73 75 76 0 74 70 65 72 62 5 6 7 8 11 20 26 29 32 33 35 41 47 53 68 56 21 23 30 51 13 17 27 36 39 101 78 102 38 61 58 15 25 34 37 80 104 54 64 3 40 103 105 9 28 31 19 84 86 18 83 1 22 43 44 49 50 52 55 59 63 66 67 71 77 45
89 89 2 79 81 82 87 88 90 91 92 93 94 95 96 97 98 99 100 85 4 10 12 14 16 24 42 46 48 57 60 69 73 75 76 0 74 70 65 72 62 5 6 7 8 11 20 26 29 32 33 35 41 47 53 68 56 21 23 30 51 13 17 27 36 39 101 78 102 38 61 58 15 25 34 37 80 104 54 64 3 40 103 105 9 28 31 19 84 86 18 83 1 22 43 44 49 50 52 55 59 63 66 67 71 77 45
90 90 2 79 81 82 87 88 89 91 92 93 94 95 96 97 98 99 100 85 4 10 12 14 16 24 42 46 48 57 60 69 73 75 76 0 74 70 65 72 62 5 6 7 8 11 20 26 29 32 33 35 41 47 53 68 56 21 23 30 51 13 17 27 36 39 101 78 102 38 61 58 15 25 34 37 80 104 54 64 3 40 103 105 9 28 31 19 84 86 18 83 1 22 43 44 49 50 52 55 59 63 66 67 71 77 45
91 91 2 79 81 82 87 88 89 90 92 93 94 95 96 97 98 99 100 85 4 10 12 14 16 24 42 46 48 57 60 69 73 75 76 0 74 70 65 72 62 5 6 7 8 11 20 26 29 32 33 35 41 47 53 68 56 21 23 30 51 13 17 27 36 39 101 78 102 38 61 58 15 25 34 37 80 104 54 64 3 40 103 105 9 28 31 19 84 86 18 83 1 22 43 44 49 50 52 55 59 63 66 67 71 77 45
92 92 2 79 81 82 87 88 89 90 91 93 94 95 96 97 98 99 100 85 4 10 12 14 16 24 42 46 48 57 60 69 73 75 76 0 74 70 65 72 62 5 6 7 8 11 20 26 29 32 33 35 41 47 53 68 56 21 23 30 51 13 17 27 36 39 101 78 102 38 61 58 15 25 34 37 80 104 54 64 3 40 103 105 9 28 31 19 84 86 18 83 1 22 43 44 49 50 52 55 59 63 66 67 71 77 45
93 93 2 79 81 82 87 88 89 90 91 92 94 95 96 97 98 99 100 85 4 10 12 14 16 24 42 46 48 57 60 69 73 75 76 0 74 70 65 72 62 5 6 7 8 11 20 26 29 32 33 35 41 47 53 68 56 21 23 30 51 13 17 27 36 39 101 78 102 38 61 58 15 25 34 37 80 104 54 64 3 40 103 105 9 28 31 19 84 86 18 83 1 22 43 44 49 50 52 55 59 63 66 67 71 77 45
85 85 19 84 86 70 68 13 21 23 30 15 2 79 81 82 87 88 89 90 91 92 93 94 95 96 97 98 99 100 3 40 54 61 62 65 72 0 4 10 12 14 16 24 42 46 48 57 60 69 73 75 76 74 58 80 104 1 9 28 31 22 43 44 49 50 52 55 59 63 66 67 71 77 56 5 6 7 8 11 20 26 29 32 33 35 41 47 53 38 45 101 51 78 17 27 36 39 102 64 103 105 25 34 37 18 83
94 94 2 79 81 82 87 88 89 90 91 92 93 95 96 97 98 99 100 85 4 10 12 14 16 24 42 46 48 57 60 69 73 75 76 0 74 70 65 72 62 5 6 7 8 11 20 26 29 32 33 35 41 47 53 68 56 21 23 30 51 13 17 27 36 39 101 78 102 38 61 58 15 25 34 37 80 104 54 64 3 40 103 105 9 28 31 19 84 86 18 83 1 22 43 44 49 50 52 55 59 63 66 67 71 77 45
95 95 2 79 81 82 87 88 89 90 91 92 93 94 96 97 98 99 100 85 4 10 12 14 16 24 42 46 48 57 60 69 73 75 76 0 74 70 65 72 62 5 6 7 8 11 20 26 29 32 33 35 41 47 53 68 56 21 23 30 51 13 17 27 36 39 101 78 102 38 61 58 15 25 34 37 80 104 54 64 3 40 103 105 9 28 31 19 84 86 18 83 1 22 43 44 49 50 52 55 59 63 66 67 71 77 45
96 96 2 79 81 82 87 88 89 90 91 92 93 94 95 97 98 99 100 85 4 10 12 14 16 24 42 46 48 57 60 69 73 75 76 0 74 70 65 72 62 5 6 7 8 11 20 26 29 32 33 35 41 47 53 68 56 21 23 30 51 13 17 27 36 39 101 78 102 38 61 58 15 25 34 37 80 104 54 64 3 40 103 105 9 28 31 19 84 86 18 83 1 22 43 44 49 50 52 55 59 63 66 67 71 77 45
97 97 2 79 81 82 87 88 89 90 91 92 93 94 95 96 98 99 100 85 4 10 12 14 16 24 42 46 48 57 60 69 73 75 76 0 74 70 65 72 62 5 6 7 8 11 20 26 29 32 33 35 41 47 53 68 56 21 23 30 51 13 17 27 36 39 101 78 102 38 61 58 15 25 34 37 80 104 54 64 3 40 103 105 9 28 31 19 84 86 18 83 1 22 43 44 49 50 52 55 59 63 66 67 71 77 45
98 98 2 79 81 82 87 88 89 90 91 92 93 94 95 96 97 99 100 85 4 10 12 14 16 24 42 46 48 57 60 69 73 75 76 0 74 70 65 72 62 5 6 7 8 11 20 26 29 32 33 35 41 47 53 68 56 21 23 30 51 13 17 27 36 39 101 78 102 38 61 58 15 25 34 37 80 104 54 64 3 40 103 105 9 28 31 19 84 86 18 83 1 22 43 44 49 50 52 55 59 63 66 67 71 77 45
99 99 2 79 81 82 87 88 89 90 91 92 93 94 95 96 97 98 100 85 4 10 12 14 16 24 42 46 48 57 60 69 73 75 76 0 74 70 65 72 62 5 6 7 8 11 20 26 29 32 33 35 41 47 53 68 56 21 23 30 51 13 17 27 36 39 101 78 102 38 61 58 15 25 34 37 80 104 54 64 3 40 103 105 9 28 31 19 84 86 18 83 1 22 43 44 49 50 52 55 59 63 66 67 71 77 45
100 100 2 79 81 82 87 88 89 90 91 92 93 94 95 96 97 98 99 85 4 10 12 14 16 24 42 46 48 57 60 69 73 75 76 0 74 70 65 72 62 5 6 7 8 11 20 26 29 32 33 35 41 47 53 68 56 21 23 30 51 13 17 27 36 39 101 78 102 38 61 58 15 25 34 37 80 104 54 64 3 40 103 105 9 28 31 19 84 86 18 83 1 22 43 44 49 50 52 55 59 63 66 67 71 77 45
83 83 18 45 64 103 105 101 54 1 22 43 44 49 50 52 55 59 63 66 67 71 77 62 0 4 9 10 12 14 16 24 28 31 42 46 48 57 60 69 73 75 76 2 79 81 82 87 88 89 90 91 92 93 94 95 96 97 98 99 100 70 5 6 7 8 11 20 26 29 32 33 35 41 47 53 74 58 65 72 80 104 56 21 23 30 68 51 13 17 27 36 39 85 61 102 78 15 25 34 37 38 3 40 19 84 86
84 84 19 86 85 70 68 13 21 23 30 15 3 40 54 61 58 80 104 38 78 34 56 62 17 27 36 65 72 11 7 9 28 31 51 25 37 5 6 8 20 26 32 35 41 47 53 74 39 102 64 103 105 101 1 2 22 43 44 49 50 52 55 59 63 66 67 71 77 0 4 10 12 14 16 24 42 46 48 57 60 69 73 75 76 79 81 82 87 88 89 90 91 92 93 94 95 96 97 98 99 100 29 33 45 18 83
86 86 19 84 85 70 68 13 21 23 30 15 3 40 54 61 58 80 104 38 78 34 56 62 17 27 36 65 72 11 7 9 28 31 51 25 37 5 6 8 20 26 32 35 41 47 53 74 39 102 64 103 105 101 1 2 22 43 44 49 50 52 55 59 63 66 67 71 77 0 4 10 12 14 16 24 42 46 48 57 60 69 73 75 76 79 81 82 87 88 89 90 91 92 93 94 95 96 97 98 99 100 29 33 45 18 83
101 101 29 64 103 105 18 83 45 54 11 62 1 2 22 43 44 49 50 52 55 59 63 66 67 71 77 0 4 10 12 14 16 24 42 46 48 57 60 69 73 75 76 79 81 82 87 88 89 90 91 92 93 94 95 96 97 98 99 100 34 70 78 38 5 6 7 8 20 26 32 33 35 41 47 53 74 85 56 65 72 58 80 104 21 23 30 68 40 61 51 9 28 31 13 17 27 36 39 102 15 25 37 3 19 84 86
102 102 39 58 80 104 9 28 31 5 6 8 20 26 32 35 41 47 53 74 65 72 62 56 21 23 30 68 1 2 22 43 44 49 50 52 55 59 63 66 67 71 77 0 4 10 12 14 16 24 42 46 48 57 60 69 73 75 76 79 81 82 87 88 89 90 91 92 93 94 95 96 97 98 99 100 13 17 27 36 51 70 15 25 34 37 38 78 61 85 7 11 29 33 3 54 45 40 101 64 103 105 19 84 86 18 83
80 80 58 104 9 28 31 5 6 8 20 26 32 35 41 47 53 74 65 72 62 56 21 23 30 68 13 17 27 36 39 102 15 25 34 37 51 38 61 3 54 40 78 19 84 86 33 7 11 85 70 64 103 105 101 1 2 22 43 44 49 50 52 55 59 63 66 67 71 77 0 4 10 12 14 16 24 42 46 48 57 60 69 73 75 76 79 81 82 87 88 89 90 91 92 93 94 95 96 97 98 99 100 18 83 29 45
104 104 58 80 9 28 31 5 6 8 20 26 32 35 41 47 53 74 65 72 62 56 21 23 30 68 13 17 27 36 39 102 15 25 34 37 51 38 61 3 54 40 78 19 84 86 33 7 11 85 70 64 103 105 101 1 2 22 43 44 49 50 52 55 59 63 66 67 71 77 0 4 10 12 14 16 24 42 46 48 57 60 69 73 75 76 79 81 82 87 88 89 90 91 92 93 94 95 96 97 98 99 100 18 83 29 45
103 103 64 105 101 18 83 29 45 54 11 62 34 38 40 1 2 22 43 44 49 50 52 55 59 63 66 67 71 77 0 4 10 12 14 16 24 42 46 48 57 60 69 73 75 76 79 81 82 87 88 89 90 91 92 93 94 95 96 97 98 99 100 61 70 78 58 80 104 56 85 5 6 7 8 20 26 32 33 35 41 47 53 74 21 23 30 68 19 84 86 51 9 28 31 13 17 27 36 39 65 72 102 15 25 37 3
105 105 64 103 101 18 83 29 45 54 11 62 34 38 40 1 2 22 43 44 49 50 52 55 59 63 66 67 71 77 0 4 10 12 14 16 24 42 46 48 57 60 69 73 75 76 79 81 82 87 88 89 90 91 92 93 94 95 96 97 98 99 100 61 70 78 58 80 104 56 85 5 6 7 8 20 26 32 33 35 41 47 53 74 21 23 30 68 19 84 86 51 9 28 31 13 17 27 36 39 65 72 102 15 25 37 3
