0 0 108 48 310 120 36 476 445 134
2 2 78 163 119 130 66 281 6 153 249 204 137 70 11 168 427 92 52 140 60 207 69 100 159 283 96 329 37 155 157 205 10 187 158 141 109 29 287 127 257 131 129 166 40 391 225 296 89 125 25 364 351 113 297 63 253 74 71 186 416 16 38 323 122 5 147 123 322 340 355 107 389 430 142 103 42 44 270 83 47 76 50 203 62 79 151 242 126 116 82 144 313 22 33 59 145 148 128 27 401 111 248 55 41 88
5 5 157 168 190 433 441 233 66 69 107 283 153 205 482 350 36 476 166 151 242 60 142 207 59 158 6 96 2 159 78 340 389 141 37 11 71 42 119 40 155 140 29 22 297 83 127 253 296 130 287 257 391 249 163 187 125 123 351 355 137 52 131 129 74 329 38 416 89 92 323 10 103 100 44 364 322 113 122 204 70 16 147 47 186 270 62 79 50 126 225 430 203 76 313 25 144 33 116 109 82 145 148 401 63 248 27 88
6 6 159 163 29 131 66 2 204 385 70 69 283 296 322 391 169 96 430 168 205 155 89 153 78 40 60 166 157 207 140 147 37 71 50 122 257 203 125 119 130 82 141 249 109 416 11 313 145 148 128 187 323 127 340 129 52 389 25 76 297 92 142 63 42 137 253 113 27 100 47 103 364 44 107 357 287 270 111 158 5 144 83 33 401 329 248 10 62 225 351 55 41 22 151 242 88 116 74 16 38 186 59 79 126 123 355 260
10 10 119 158 186 113 153 130 129 123 37 355 107 263 369 200 100 122 2 287 11 329 155 157 151 242 127 225 60 296 187 147 249 59 66 131 69 52 78 283 47 364 140 351 142 74 6 71 38 205 168 257 96 297 166 163 253 29 16 391 270 430 159 89 203 92 22 137 40 207 204 340 70 5 389 50 322 42 141 82 313 145 148 128 79 83 126 103 44 401 76 27 248 144 33 62 109 88 25 41
11 11 406 257 37 16 140 129 119 130 66 408 391 153 405 249 296 2 96 155 287 52 385 29 78 100 40 158 113 147 168 89 329 60 92 207 71 127 69 6 131 10 187 283 225 157 76 186 122 322 205 107 141 137 163 364 144 33 166 270 103 44 123 355 159 351 297 253 74 430 38 151 204 5 242 142 62 70 340 59 389 50 42 203 125 82 416 313 83 145 148 128 47 22 79 126 27 109 357 116 401 111 25 63 248 55 41 88
15 15 260 323 379 112 56 19 370 416 395 125 388 445 302 374 284 303 362 420 50 116 313 83 25 204 70 111 203 69 283 131 205 166 128 109 401 163 248 63 340 389 88 42 82 41
16 16 11 363 257 37 275 140 129 119 130 66 391 388 476 153 385 447 249 95 296 49 2 96 155 287 52 29 78 100 40 158 113 147 168 89 329 60 92 207 71 127 69 6 131 10 283 225 157 187 76 186 122 322 205 107 141 137 163 144 33 364 166 270 103 44 123 355 159 351 297 253 74 430 38 151 204 5 242 142 203 62 70 340 59 389 50 42 125 82 416 313 83 145 148 128 47 22 79 126 401 111 27 109 116 248 25 88 63 41
19 19 260 323 379 112 15 56 382 125 413 416 415 229 410 258 402 400 279 420 397 417 295 201 50 116 313 83 25 204 70 111 203 69 283 131 205 166 128 109 401 163 248 63 340 389 88 42 82 41
22 22 142 228 69 107 283 157 392 205 477 234 289 166 388 151 242 246 198 153 59 158 436 316 196 340 389 159 71 42 78 37 83 168 119 6 5 125 140 29 416 123 129 127 323 296 355 10 137 155 287 351 249 89 2 66 74 187 130 113 38 92 52 186 322 391 96 131 11 100 364 147 163 50 257 40 329 70 116 122 225 313 270 25 207 76 111 141 16 103 44 144 33 109 82 62
25 25 204 125 416 70 323 109 50 163 281 116 392 63 313 83 429 6 2 260 111 203 69 131 283 205 159 78 187 166 128 379 66 112 15 430 401 364 56 157 19 119 130 155 248 357 153 29 340 96 147 389 88 122 60 137 42 37 168 142 140 82 296 329 249 11 55 145 391 148 41 129 207 40 92 127 52 322 351 113 107 100 27 38 257 287 47 89 141 297 5 253 270 22 71 103 44 225 151 242 16 59 76 74 62 144 33 79 126
27 27 148 131 451 480 466 475 479 477 289 234 430 318 155 176 320 198 316 446 134 315 147 6 50 436 122 203 96 82 313 145 128 187 129 125 357 127 111 270 60 416 47 401 153 323 364 113 159 248 66 55 41 163 103 249 88 116 44 287 158 29 140 40 329 119 37 11 52 2 297 253 391 257 78 62 100 186 204 168 89 70 130 69 10 283 83 351 296 322 25 207 157 71 38 107 205 225 123 355 166 141 74 92 137 79 16 126 76 151 242 109 59 340 5 144 389 33 42
29 29 322 296 391 6 89 71 140 488 40 208 37 257 179 76 350 444 445 96 66 11 159 144 33 107 163 249 78 153 131 2 92 69 157 52 283 113 168 151 119 242 129 205 130 204 60 70 59 100 207 158 166 142 16 103 44 329 430 155 137 287 187 141 186 127 225 5 147 62 340 364 125 50 122 389 203 297 253 22 42 416 82 109 313 123 145 148 128 351 355 83 74 38 47 25 10 63 27 270 116 357 401 111 248 79 126 55 41 88
33 33 391 76 144 257 29 40 296 450 322 11 6 89 140 96 71 66 37 153 249 16 2 159 168 78 129 119 130 52 107 60 92 69 207 163 113 155 283 103 44 100 131 158 287 205 329 141 147 157 127 151 166 242 122 137 62 10 70 225 59 297 253 5 186 142 123 340 47 355 74 389 270 42 82 109 22 79 126
37 37 296 113 11 69 100 283 205 329 476 122 166 29 225 186 119 130 391 157 187 10 257 153 6 16 340 140 389 159 322 60 2 129 89 364 42 78 47 66 131 142 71 40 249 83 96 155 52 168 287 125 158 76 163 92 416 297 107 253 351 127 203 147 323 430 22 137 38 144 33 50 207 204 5 70 313 151 242 123 74 355 141 82 270 103 44 59 145 148 128 401 79 126 248 111 116 27 62 357 88 25 109 63 55 41
38 38 351 187 364 153 95 49 329 119 8 138 121 39 203 127 287 118 489 137 51 74 155 60 123 130 355 66 107 158 401 100 129 248 2 297 88 253 116 157 151 242 225 131 11 168 37 59 270 147 10 249 113 6 96 207 142 125 111 52 186 71 416 69 47 140 296 283 323 78 141 163 430 257 79 40 205 126 29 5 128 166 22 16 70 89 50 122 159 357 92 82 103 44 313 145 322 148 340 389 42 83 27 55 62 41 25 109
40 40 257 96 391 29 66 423 214 488 11 6 140 392 370 296 322 405 168 103 89 153 44 431 76 131 60 207 37 2 71 144 33 62 155 249 141 157 119 130 159 52 163 16 92 430 297 253 129 147 107 113 187 69 5 287 122 100 283 158 78 204 329 50 127 203 70 205 364 82 351 313 270 145 166 148 128 151 242 74 225 38 186 10 47 142 59 79 27 126 123 125 355 357 137 111 416 401 340 389 109 248 42 25 83 22 55 41 88 116 63
41 41 128 357 111 252 55 131 281 116 428 431 334 430 125 155 416 323 147 6 50 122 203 96 82 313 145 148 187 129 27 127 270 60 47 401 364 153 113 159 83 248 66 25 69 260 163 103 249 88 44 287 158 283 29 140 40 329 119 11 37 52 2 205 297 253 78 257 62 166 351 100 186 168 89 70 38 130 10 296 322 207 71 225 112 123 340 15 355 389 141 137 19 92 42 74 79 16 126 109
42 42 283 69 205 166 157 340 389 159 78 37 142 444 83 6 125 416 107 323 296 22 137 168 249 2 5 113 153 92 52 151 242 11 140 100 158 29 59 163 66 71 50 204 119 130 329 70 122 116 313 187 89 225 131 391 96 129 186 10 25 60 322 260 287 155 364 203 127 40 257 111 147 16 123 355 47 207 430 351 109 74 38 297 253 128 141 76 63 401 103 44 112 15 248 82 144 33 270 145 19 148 88 62 27 41 79 126
44 44 62 96 103 140 444 445 40 131 66 257 89 391 6 430 29 168 249 155 11 153 71 78 60 92 52 207 147 2 50 122 203 129 296 82 141 322 157 313 145 148 128 187 127 119 130 158 159 287 107 163 297 76 137 253 27 47 125 37 364 357 270 16 111 69 5 416 113 283 401 144 33 329 100 248 205 151 242 70 10 351 55 166 41 88 59 116 74 142 38 225 79 126 123 186 355 83 25 340 389 42 109 22
47 47 60 122 297 253 113 329 155 131 187 37 79 95 160 126 66 100 186 430 364 119 6 127 147 203 96 270 50 296 225 10 82 168 313 145 148 128 153 129 130 207 69 2 351 27 283 125 401 357 111 38 159 416 205 141 157 248 163 11 323 287 29 40 140 249 166 103 44 88 158 116 55 52 391 41 257 5 89 62 70 107 78 340 83 322 389 71 42 142 92 123 25 74 355 16 151 242 76 59 137 109 22 144 33
50 50 313 125 416 323 131 430 155 116 83 147 6 122 25 203 111 204 96 260 82 70 145 148 128 69 283 187 129 27 357 205 127 270 60 47 401 153 166 364 113 159 248 66 379 109 112 37 15 55 41 157 163 103 249 88 56 78 44 287 158 19 29 140 40 329 119 63 11 340 52 2 389 297 253 391 42 100 257 62 142 186 168 107 89 130 10 351 296 322 207 137 71 38 225 123 355 151 141 242 5 22 74 92 79 16 126 59 76 144 33
52 52 249 78 140 129 137 92 155 287 429 158 11 2 147 89 153 447 446 263 96 71 69 283 119 29 131 205 66 6 107 37 60 166 130 127 391 270 296 257 40 16 123 163 10 157 355 322 151 242 430 187 103 340 44 389 168 159 329 59 297 100 42 122 253 351 204 142 364 186 74 207 50 70 38 113 203 62 83 76 82 313 47 141 145 225 148 125 128 5 144 416 33 22 27 111 357 79 126 401 109 25 116 248 55 63 41 88
55 357 55 128 286 293 264 252 111 255 214 275 433 41 131 236 213 219 36 476 116 202 385 430 125 155 416 323 147 6 50 122 203 96 82 313 145 148 187 129 27 127 270 47 401 60 364 113 159 66 83 248 25 70 260 163 103 249 88 44 287 158 40 29 140 11 52 2 257 62 186 89 207 322 109 112 15 141 19
56 56 379 260 323 112 382 15 19 413 415 229 410 402 400 279 125 397 417 201 295 362 416 50 116 313 83 25 204 70 111 203 69 283 205 166 109 401 248 63 340 389 88 42
59 59 481 107 151 242 157 153 158 142 388 71 249 217 69 283 119 22 168 205 140 123 127 355 10 29 5 129 166 155 287 351 74 38 187 89 11 296 6 52 130 66 340 322 391 186 389 96 159 364 147 42 78 37 92 2 60 131 257 113 83 329 40 270 125 100 416 163 122 16 203 137 207 76 430 297 253 103 50 44 225 141 144 33 47 313 62 82 401 145 148 248 79 126 27 88
60 60 297 253 329 155 432 47 187 79 126 66 122 364 427 205 127 325 204 323 309 422 270 367 131 100 168 113 153 129 207 6 203 96 2 351 225 38 147 430 141 37 119 130 11 287 40 158 249 186 157 257 50 10 52 296 163 401 5 391 29 82 140 78 159 313 145 248 148 128 107 103 44 125 69 111 88 116 283 27 416 89 74 70 16 357 322 62 71 92 123 166 355 151 242 137 142 76 59 55 41 144 25 83 33 340 389 109 42
62 62 44 96 103 140 364 40 131 358 427 66 257 89 391 6 430 29 168 249 155 11 153 71 78 60 92 52 207 147 2 50 122 203 129 296 82 141 322 157 313 145 148 128 187 127 119 130 158 159 287 107 163 297 76 137 253 27 47 125 37 357 270 16 111 69 5 416 113 283 401 144 33 329 100 248 205 151 242 70 10 351 55 166 41 88 59 116 74 142 225 79 126 123 186 83 25 340 389 42 109 22
63 204 63 487 70 465 206 370 209 231 459 395 109 416 373 163 447 374 302 369 25 284 169 303 188 430 125 236 371 305 372 57 6 2 323 50 66 78 159 116 313 83 119 130 69 153 29 283 131 260 205 203 111 168 137 166 96 140 11 157 207 249 37 296 322 40 92 52 128 89 141 100 257 340 379 401 389 112 147 15 42 71 248 56 19 82 225 88 5 145 148 74 103 16 41
66 66 168 153 60 207 6 96 2 467 488 141 449 11 208 40 457 179 157 297 253 155 257 163 119 130 5 391 29 140 78 131 159 329 187 127 287 103 44 351 204 296 37 249 364 89 74 70 16 38 47 158 322 122 129 100 69 52 71 62 79 283 126 92 123 430 355 107 270 137 147 113 205 76 10 166 225 50 203 186 144 125 33 151 109 242 82 142 313 416 145 148 128 323 59 25 340 389 63 27 42 357 116 401 111 83 22 248 55 41 88
69 69 283 205 166 338 486 440 226 247 157 437 340 389 467 159 42 78 37 488 142 208 83 179 482 6 125 36 350 416 107 323 296 22 137 168 249 2 5 113 153 92 52 151 242 11 140 100 158 29 59 163 66 71 50 204 119 130 329 70 122 116 313 89 225 131 391 96 129 186 10 25 60 322 260 203 287 155 187 127 40 257 111 147 16 123 355 47 351 207 430 109 38 74 297 253 128 141 76 63 401 103 379 44 248 112 15 82 144 33 270 56 145 19 148 88 62 27 41 79 126
70 70 204 109 163 25 63 125 416 6 2 323 482 478 352 344 349 442 171 452 50 66 78 159 116 313 83 119 130 69 153 29 283 131 260 205 203 111 168 137 166 96 187 140 60 11 157 207 249 37 296 322 391 40 430 155 92 52 364 257 89 141 100 340 379 129 127 158 401 389 329 112 147 15 42 71 107 248 122 56 113 10 142 297 19 253 287 82 351 225 88 5 145 148 128 74 186 103 16 44 38 47 76 151 242 27 123 270 355 22 59 62 144 33 79 126 41
71 71 140 29 107 89 275 157 151 242 296 322 391 213 153 249 59 283 96 158 6 149 176 92 202 241 52 198 78 142 279 11 37 257 40 66 129 69 168 119 2 155 76 205 22 131 137 159 166 123 103 144 127 44 355 33 10 147 5 130 287 163 16 351 113 60 74 207 187 38 100 62 329 186 340 430 389 42 204 141 270 364 70 125 225 83 50 122 203 297 416 253 82 313 145 148 128 47 27 109 401 25 248 79 63 126 41 88
74 74 153 127 287 351 38 187 155 123 119 130 334 355 66 107 158 364 129 427 2 157 151 242 329 11 168 59 10 249 147 270 60 207 100 142 6 52 96 71 203 131 140 37 78 141 69 163 186 257 283 40 225 5 29 391 205 296 297 113 253 22 16 166 122 89 204 70 430 401 159 92 137 322 248 103 44 125 340 50 389 88 416 116 47 42 76 82 62 79 126 313 111 145 148 128 83 144 109 33 27 25 63 41
76 76 391 144 33 257 29 450 474 40 296 322 11 6 89 140 96 71 66 37 153 249 16 2 159 168 78 129 119 130 52 107 60 92 69 207 163 113 155 283 103 44 100 131 158 287 205 329 141 147 157 127 151 166 242 122 137 62 10 70 225 59 297 253 5 186 142 123 340 47 355 74 389 270 42 82 109 22 79 126
78 78 137 249 2 92 52 69 283 140 179 205 166 444 341 430 163 157 129 119 130 11 6 66 89 96 340 389 153 159 42 71 37 204 29 142 155 70 287 107 83 158 147 391 131 168 125 100 257 60 416 207 127 16 322 323 296 329 10 22 151 242 5 113 103 187 44 59 225 141 109 122 186 25 40 50 270 123 364 355 203 351 297 62 63 253 313 76 74 38 144 82 33 116 145 148 128 111 401 27 47 248 79 126 88 41
79 79 60 297 253 329 155 47 187 432 449 120 459 126 66 122 364 431 334 127 434 270 131 100 168 113 153 129 207 6 203 96 2 351 225 38 147 430 141 37 119 130 11 287 40 158 249 186 157 257 50 10 52 296 163 401 5 391 29 82 140 78 159 313 145 248 148 128 69 283 107 103 44 125 111 88 116 27 205 416 89 74 70 16 357 322 166 62 71 92 123 355 151 242 137 76 55 59 41 340 83 389 144 25 33 42 109
82 82 131 430 412 155 147 6 50 122 203 96 313 145 148 128 334 187 129 27 125 357 127 111 270 60 416 47 401 323 364 113 159 248 66 153 55 287 41 163 103 249 88 116 44 158 29 140 40 329 37 119 11 52 2 297 253 257 78 62 100 186 204 168 351 89 70 69 130 38 10 283 83 296 322 391 25 207 157 71 205 107 225 260 166 123 141 355 92 137 79 16 126 74 109 151 242 142 340 5 389 59 76 63 42 112 144 15 33 19 22
83 83 125 416 323 283 69 205 166 50 157 116 405 340 313 389 219 159 25 42 78 37 204 446 260 142 70 111 203 6 131 107 296 22 137 187 168 163 128 379 249 2 5 109 112 15 113 401 364 153 92 430 52 56 151 19 242 155 122 248 11 140 357 100 158 29 63 59 147 96 66 71 88 60 119 130 329 82 89 55 225 391 127 41 129 186 145 148 10 351 322 38 40 47 287 27 257 270 297 16 253 123 355 207 103 44 74 141 62 79 126
85 237 85 162 449 443 482 476 349 442 434 478 352 344
88 88 203 187 401 364 248 116 131 329 429 476 111 125 366 351 489 416 160 368 292 323 38 430 155 153 60 147 6 50 122 96 82 313 145 148 128 100 129 297 83 27 253 47 25 357 204 127 270 70 260 287 37 225 113 159 69 66 119 130 283 55 41 163 103 249 205 44 158 296 29 140 40 74 11 166 52 2 123 79 126 355 10 257 62 109 379 186 89 112 15 56 19 322 207 63 340 389 42 141 16
89 89 140 29 249 296 322 391 71 96 6 92 52 78 11 303 37 257 40 66 107 2 76 129 153 131 159 137 157 69 103 158 155 144 44 283 33 151 242 168 163 205 16 147 287 113 59 60 119 130 166 142 62 207 100 430 127 329 187 204 141 70 186 5 10 340 50 122 225 203 364 123 389 270 355 22 297 125 253 42 82 351 313 145 148 416 128 74 38 83 47 27 357 109 116 401 111 25 248 63 79 126 55 41 88
91 91 328 460 470 405 211 220 338 463 420 406 456 468 471
92 92 78 140 249 137 52 2 89 96 71 69 388 11 283 302 263 29 205 129 166 66 6 153 119 130 296 391 37 107 155 163 40 157 158 322 287 147 103 340 44 257 389 159 16 42 168 131 204 142 151 242 70 127 60 100 62 83 207 59 10 329 113 125 76 187 141 270 123 416 5 225 186 355 122 430 323 22 144 33 351 364 297 50 74 253 38 109 25 313 47 82 63 145 148 128 27 79 126 41
96 96 103 44 140 40 131 66 62 388 257 263 89 391 6 430 29 168 249 155 11 153 71 78 60 92 52 207 147 2 50 122 203 129 296 82 141 322 157 313 145 148 128 187 127 119 130 158 159 287 107 163 297 76 137 253 27 47 125 37 364 357 270 16 111 69 5 416 113 283 401 144 33 323 329 204 100 248 205 151 242 70 10 351 55 166 41 88 59 116 74 142 38 225 79 126 123 186 355 83 25 340 389 42 109 22 63
100 100 329 225 37 113 187 119 360 130 364 60 432 449 392 172 296 122 153 186 11 213 2 36 415 431 334 10 297 253 69 351 158 47 283 155 66 38 205 203 131 6 78 166 29 257 391 16 129 127 140 157 96 163 249 287 168 79 126 40 147 74 52 340 89 430 389 401 159 322 207 137 270 142 71 42 92 248 123 204 355 107 70 50 83 116 141 88 76 5 82 313 125 111 145 148 128 103 44 22 151 242 144 33 59 27 62 109 25 63 41
103 103 96 454 44 140 40 131 66 62 350 257 222 89 391 6 430 29 168 249 155 11 153 71 78 60 92 52 207 147 2 50 122 203 129 296 82 141 322 157 313 145 148 128 187 127 119 130 158 159 287 107 163 297 76 137 253 27 47 125 37 364 357 270 16 111 69 5 416 113 283 401 144 33 323 329 204 100 248 205 151 242 70 10 351 55 166 41 88 59 116 74 142 38 225 79 126 123 186 355 83 25 340 389 42 109 22 63
104 104 353 469 451 480 475 453 479 477 289 318 246 320 198 446 279 316
107 107 151 242 157 59 153 158 293 252 142 71 214 392 213 69 283 219 119 36 149 22 168 205 140 123 127 355 10 29 5 129 166 155 287 351 74 38 249 187 89 11 296 6 52 130 66 340 322 391 186 389 96 159 364 147 42 78 37 92 60 2 131 257 113 83 40 270 329 125 100 416 163 122 16 323 203 137 207 297 253 76 430 103 50 44 225 70 141 47 144 33 313 62 116 82 401 145 148 248 79 126 27 25 88 109
108 108 0 228 469 480 423 466 475 479 477 234 289 318 36 476 445 176
109 109 204 70 163 25 432 63 125 416 6 2 323 476 50 66 78 159 116 313 83 119 130 69 153 29 283 131 260 205 203 111 168 137 166 96 140 60 11 157 207 249 187 37 155 296 322 391 40 430 92 52 257 89 141 364 100 340 129 379 401 389 329 112 158 147 15 42 71 107 248 127 122 56 113 10 142 351 297 19 253 38 287 82 225 88 5 145 148 128 74 186 103 16 44 123 47 355 76 270 151 242 27 22 59 62 144 33 79 126 41
110 110 244 408 405
111 111 116 128 357 125 203 416 459 323 131 55 41 430 187 447 49 132 401 50 8 268 364 248 313 155 88 83 147 25 6 122 204 260 96 329 70 82 145 148 351 69 60 283 38 129 27 153 205 127 159 47 270 163 166 113 379 66 37 109 112 287 15 2 297 56 157 19 253 103 249 78 44 158 100 29 140 40 63 296 11 340 52 389 130 42 257 62 186 142 225 89 322 207 92 137 74 79 126 141 22 16
112 112 260 323 379 412 19 15 56 125 410 258 402 416 400 279 397 243 201 484 295 436 417 411 418 285 268 420 398 205 50 116 313 83 25 204 70 111 203 69 283 131 166 128 109 401 163 248 63 340 389 88 42 82 41
113 113 122 37 186 100 119 329 10 225 296 60 47 429 187 131 158 130 263 262 11 69 364 283 155 297 253 153 205 430 2 166 29 6 203 147 391 157 50 127 96 107 351 257 123 355 16 340 82 38 140 389 313 159 322 145 148 128 129 79 89 270 42 126 125 71 78 163 66 40 142 287 416 249 401 151 27 242 83 111 323 357 248 52 168 59 116 70 74 88 76 92 103 22 44 137 55 41 144 33 207 5 62 141 109 25
116 116 111 125 203 416 323 469 187 466 475 128 401 479 364 477 289 234 248 50 318 476 357 176 246 320 198 88 446 316 313 292 83 436 131 25 204 260 55 329 41 70 351 69 283 38 430 205 155 60 166 153 379 147 6 122 109 112 163 15 96 56 157 19 82 159 145 148 63 37 340 100 389 2 297 253 42 129 78 66 27 142 127 270 287 47 130 225 113 11 168 296 103 44 40 22 137 74 79 126 207 5 62 141 16
119 119 10 130 158 95 49 153 186 138 8 2 121 38 4 39 113 11 20 100 137 118 51 1 129 329 123 37 355 107 66 225 155 187 122 78 127 163 249 287 364 351 60 157 257 6 52 74 16 151 242 147 140 131 296 168 59 96 204 29 47 391 70 69 142 71 207 283 92 40 270 297 205 253 203 159 430 141 166 5 322 89 22 125 50 109 416 76 103 82 340 44 389 313 145 401 148 128 25 42 63 79 126 144 248 33 111 116 62 27 83 88 41
122 122 47 113 60 131 236 219 37 149 186 329 430 297 202 241 253 100 262 155 119 292 188 204 235 254 147 6 50 10 203 296 96 225 82 313 145 148 128 158 66 153 11 79 187 130 129 126 27 125 69 357 127 111 283 270 2 416 401 323 364 159 205 248 287 168 166 257 40 78 55 41 163 103 249 88 116 44 29 140 391 207 107 52 157 123 351 355 16 83 38 62 340 141 389 89 70 42 137 151 142 242 322 25 71 74 5 59 76 92 144 22 33 109
123 123 355 153 158 433 233 119 449 127 107 10 129 155 482 287 351 350 476 74 352 478 38 444 445 187 157 151 242 130 66 186 59 364 147 11 249 142 2 52 71 270 113 140 131 329 168 69 78 283 60 122 37 207 100 257 205 6 22 203 96 29 5 391 166 16 89 296 430 141 92 163 40 225 137 297 253 50 322 340 389 401 82 70 42 159 313 145 248 148 128 76 103 44 83 88 27 144 47 33 62 79 126 109 41
124 178 124 302
125 125 416 323 465 386 50 116 313 83 206 370 231 459 25 395 204 260 70 111 203 373 302 169 430 369 374 284 69 303 362 283 420 450 249 131 205 187 166 379 128 109 112 15 401 163 364 56 157 19 6 248 357 159 63 155 340 389 88 2 42 147 78 37 122 142 96 55 82 41 153 60 145 148 329 66 296 129 168 351 107 27 113 22 38 127 137 140 11 270 100 47 52 29 158 130 5 297 253 92 151 40 242 71 103 44 287 257 89 225 59 186 207 322 62 74 141 16 79 126
126 126 60 297 253 425 329 155 438 451 480 47 423 214 466 408 187 475 477 79 479 66 234 289 122 364 318 320 176 198 246 385 127 446 270 131 100 168 113 153 129 207 6 203 96 2 351 225 38 147 430 141 37 119 130 11 287 40 158 249 186 157 257 50 10 52 296 163 401 5 391 29 82 140 78 159 313 145 248 148 128 69 283 107 103 44 125 111 88 116 27 205 416 89 74 70 16 357 322 166 62 71 92 123 355 151 242 137 76 55 59 41 340 83 389 144 25 33 42 109
127 127 155 153 270 60 350 352 129 287 355 171 351 356 74 158 131 38 348 237 175 474 357 187 346 297 4 123 253 394 119 372 130 66 107 329 147 364 11 249 430 2 6 52 157 151 242 10 96 203 47 140 168 59 50 122 78 79 126 207 100 37 142 82 257 313 145 148 128 186 71 69 163 283 113 391 16 141 29 296 401 125 89 27 205 40 159 92 225 5 111 248 416 166 137 323 22 204 103 44 70 88 116 322 55 41 62 340 389 76 83 42 25 144 33 109
128 128 357 111 55 41 131 116 432 430 428 125 431 334 155 416 323 147 6 50 122 203 96 82 313 145 148 187 129 27 127 270 60 47 401 153 364 113 159 83 248 66 25 69 260 163 103 249 88 44 287 158 283 29 140 40 329 119 11 37 52 2 205 297 253 78 257 62 166 100 186 168 89 70 130 10 351 296 322 207 71 38 379 225 123 112 340 15 355 389 141 137 56 19 74 92 42 79 16 126 109
129 129 155 287 158 147 249 153 52 11 488 208 131 127 395 119 270 140 60 78 444 10 123 355 107 257 37 430 96 16 187 2 130 157 297 92 66 351 253 6 186 151 71 122 242 74 391 137 89 29 38 364 329 50 203 59 82 296 69 313 142 47 145 283 148 128 100 40 205 113 168 125 163 159 27 322 166 357 103 44 111 416 79 207 126 323 401 225 76 22 5 248 62 141 70 55 41 340 144 88 33 116 389 42 83 25 109
130 130 119 463 153 458 2 11 100 363 281 10 275 310 329 120 37 66 158 225 187 234 78 127 388 113 186 163 155 287 364 351 60 257 6 129 74 16 38 140 249 296 168 123 96 204 52 355 107 391 137 70 29 69 122 207 283 92 131 40 157 297 205 253 159 147 141 166 203 270 151 242 71 47 89 322 142 59 5 430 109 125 76 103 340 44 389 416 25 42 63 79 126 401 50 144 33 22 62 248 82 83 116 313 145 148 128 111 88 27 41
131 131 486 430 155 147 467 6 50 122 203 96 488 82 313 145 120 208 148 128 479 457 179 482 187 129 36 350 476 27 125 357 127 111 270 60 416 47 401 323 364 113 159 248 66 153 55 287 41 163 103 249 88 116 44 158 29 140 40 329 37 119 11 52 2 297 253 257 78 62 100 186 204 168 351 89 70 69 130 38 10 283 83 296 322 391 25 207 157 71 205 107 225 260 166 123 141 355 92 137 79 16 126 74 109 151 242 142 340 5 389 59 76 63 42 112 144 15 33 19 22
136 210 136 206 150 211 220
137 137 78 249 2 92 52 69 318 283 140 95 49 205 119 349 341 439 166 237 8 105 138 409 121 38 4 163 157 129 130 11 6 66 89 96 340 389 153 159 42 71 37 204 29 142 155 70 287 107 83 158 147 391 131 168 125 100 257 60 416 207 127 16 322 323 296 329 10 22 151 242 5 113 103 187 44 59 225 141 109 430 186 25 122 40 50 270 123 364 355 203 351 297 62 63 253 313 76 74 47 144 82 33 116 145 148 128 111 401 27 248 79 126 88 41
140 140 89 249 96 92 52 71 78 11 29 444 129 391 296 137 2 40 107 66 322 6 103 153 44 257 37 155 158 16 157 131 69 287 147 119 130 283 151 242 62 205 168 59 163 159 142 127 166 76 60 207 100 430 10 144 113 33 187 122 329 270 204 123 141 70 355 340 5 186 389 50 364 22 203 225 42 351 297 82 253 74 125 38 313 145 148 128 47 83 416 27 357 109 116 401 25 111 248 63 79 126 55 41 88
141 141 66 168 153 60 207 423 6 96 2 11 40 429 385 157 297 253 155 257 163 119 130 5 391 29 140 78 131 159 329 187 127 287 103 44 351 204 296 37 249 364 89 74 70 16 38 47 158 322 122 129 100 69 52 71 62 79 283 126 92 123 430 355 107 270 137 147 113 205 76 10 166 225 50 203 186 144 125 33 151 109 242 82 142 313 416 145 148 128 59 25 340 389 63 27 42 357 116 401 111 83 22 248 55 41 88
142 142 22 283 69 107 157 205 214 166 151 213 242 153 318 59 241 158 246 262 292 216 222 315 340 316 254 221 389 159 71 42 78 37 83 168 119 6 5 125 140 29 416 123 129 127 323 296 355 10 137 155 287 351 249 89 2 66 74 187 130 113 38 92 391 52 186 322 96 131 11 100 364 60 147 163 50 40 329 70 116 122 203 225 313 270 25 207 297 76 253 257 111 141 16 103 47 44 144 33 401 109 82 145 148 248 62 88 79 126
144 144 391 76 33 257 29 302 40 368 450 296 322 11 6 89 140 96 71 66 37 153 249 16 2 159 168 78 129 119 130 52 107 60 92 69 207 163 113 155 283 103 44 100 131 158 287 205 329 141 147 157 127 151 166 242 122 137 62 10 70 225 59 297 253 5 186 142 123 340 47 355 74 389 270 42 82 109 22 79 126
145 430 145 131 412 382 155 413 147 6 229 415 50 122 203 258 402 96 82 313 148 128 187 129 27 125 357 127 111 270 60 416 47 401 153 323 364 113 159 248 66 55 41 163 103 249 88 116 44 287 158 29 140 40 329 119 37 11 52 2 297 253 391 257 78 62 100 186 204 168 89 70 130 69 10 283 83 351 296 322 25 207 157 71 38 107 205 225 123 355 166 141 74 92 137 79 16 126 76 151 242 109 59 340 5 144 389 33 63 42
147 147 129 131 155 287 158 430 249 153 52 11 368 6 50 122 203 127 96 270 82 60 313 145 148 128 140 119 187 78 27 125 10 123 357 66 111 355 47 107 37 257 416 401 2 323 364 297 113 159 253 16 248 351 329 391 186 89 157 92 71 38 55 130 41 296 163 103 88 74 40 116 44 69 151 242 100 29 137 283 168 59 205 142 207 62 166 204 225 70 83 79 126 322 25 141 76 5 340 22 389 144 33 42 109 63
148 148 27 131 430 432 155 459 213 147 6 50 122 203 334 385 96 82 313 145 128 187 129 125 357 127 111 270 60 416 47 401 153 323 364 113 159 248 66 55 41 163 103 249 88 116 44 287 158 29 140 40 329 119 37 11 52 2 297 253 391 257 78 62 100 186 204 168 89 70 130 69 10 283 83 351 296 322 25 207 157 71 38 107 205 225 123 355 166 141 74 92 137 79 16 126 76 151 242 109 59 340 5 144 389 33 63 42
151 151 107 157 242 153 59 158 149 262 142 71 288 240 199 238 69 259 283 119 22 168 205 140 123 127 355 10 29 5 129 166 155 287 351 74 38 249 187 89 11 296 6 52 130 66 340 322 391 186 389 96 159 364 147 42 78 37 92 2 60 131 257 113 83 329 40 270 125 100 416 163 122 16 203 137 207 76 430 297 253 103 50 44 225 141 144 33 47 313 62 82 401 145 148 248 79 126 27 88
153 153 127 38 287 236 351 74 213 219 187 149 155 241 123 119 130 283 134 355 66 107 262 158 222 216 364 129 188 235 204 277 199 240 212 2 251 398 157 151 242 329 11 168 59 10 249 147 270 60 207 100 142 6 52 96 71 203 131 140 37 78 141 69 163 186 257 40 225 5 29 391 205 296 297 113 253 22 16 166 122 89 70 430 401 159 92 137 322 248 103 44 125 340 50 389 88 416 116 47 42 76 82 62 79 126 313 111 145 148 128 83 144 109 33 27 25 63 41
155 155 127 270 60 153 129 131 219 149 202 297 253 292 221 147 204 347 329 240 287 158 430 238 249 187 47 52 11 66 6 50 122 119 203 351 79 364 126 96 38 82 123 74 313 145 355 148 107 128 140 130 2 100 78 27 125 10 357 168 111 257 157 37 416 401 151 242 323 113 159 207 71 40 16 248 391 225 59 186 89 92 55 69 41 142 296 163 103 88 116 44 283 141 29 137 205 5 166 62 70 22 322 25 83 76 340 389 144 33 42 109
157 157 283 168 5 69 107 149 205 241 151 242 166 222 221 254 188 204 142 153 59 240 158 199 238 66 340 194 278 389 159 71 42 78 37 22 83 119 6 125 140 29 96 60 416 123 129 207 155 127 323 296 355 10 137 287 351 249 40 89 2 141 74 187 130 113 38 131 92 391 52 186 322 11 100 297 253 364 147 163 50 329 70 103 203 116 44 270 122 225 430 313 47 25 62 76 257 111 79 16 126 82 144 33 401 145 148 109 248 63 27 88
158 158 290 119 10 153 129 123 355 107 149 283 202 241 186 239 155 262 157 151 242 200 222 287 254 147 235 249 59 204 127 240 288 130 52 142 113 11 71 140 351 187 131 74 2 38 69 60 66 270 100 122 168 364 78 22 329 205 96 166 29 6 5 89 257 225 37 430 391 16 92 297 296 47 253 159 163 40 137 340 207 50 203 389 322 42 82 313 125 145 148 128 141 103 44 70 83 416 27 76 79 357 126 116 62 401 111 144 33 248 55 41 25 88 109
159 159 182 6 361 283 69 264 360 205 161 180 166 172 179 36 157 176 163 134 29 430 131 340 66 222 389 169 171 2 358 341 170 42 78 308 37 175 142 296 204 83 70 125 322 391 96 107 416 168 155 140 323 89 153 40 60 22 137 207 11 5 147 119 257 130 71 50 122 113 203 249 158 151 242 82 187 129 141 92 109 52 25 313 145 148 128 127 59 100 329 76 111 116 364 297 63 253 287 27 10 47 103 44 357 270 144 186 33 401 225 16 248 62 260 351 55 41 88 74 38 79 126 123 355 112 15 19
162 162 237 85 360 172 209 134 443 169 427 170
163 163 204 6 2 70 66 78 159 109 119 130 25 153 63 29 125 131 416 69 323 168 283 137 96 140 60 11 205 207 249 296 322 391 157 37 40 430 166 155 92 52 257 89 141 100 187 127 329 129 158 287 147 71 83 50 122 10 203 116 297 113 253 364 340 389 82 351 225 313 111 5 145 142 148 128 42 107 74 103 16 186 44 38 47 260 76 27 123 270 355 357 62 144 33 401 151 242 22 248 79 126 59 55 41 88 112 15 56 19
166 166 283 69 205 299 157 159 430 170 325 340 175 389 42 78 335 327 296 168 37 142 184 326 183 83 223 28 333 287 60 98 182 1 165 6 125 416 107 323 22 137 249 2 5 113 153 92 52 151 242 11 140 100 158 29 59 163 66 71 50 204 119 130 329 70 122 116 313 187 89 225 131 391 96 129 186 10 25 322 260 155 364 203 127 40 257 111 147 16 123 355 47 207 351 109 74 297 38 253 128 141 76 63 401 103 44 112 15 248 82 144 33 270 145 19 148 88 62 27 79 41 126
168 168 157 5 66 153 166 60 325 253 323 207 309 422 6 96 2 69 107 283 227 327 335 141 11 205 40 297 155 257 151 242 158 163 119 130 142 391 29 140 59 78 131 159 329 71 187 127 287 340 103 44 389 351 204 296 42 37 249 364 89 74 70 16 38 47 322 122 129 100 52 22 83 62 125 10 79 126 92 123 430 355 270 137 147 416 113 76 186 225 50 203 144 33 109 82 313 145 148 128 25 63 111 116 27 401 248 41 88
178 178 124 171 175 167 173 184 441 118 98 1 182 73 159
186 186 119 10 113 250 472 158 161 473 255 408 122 365 37 457 179 100 413 414 405 36 350 130 431 334 364 176 153 366 434 478 400 352 329 262 435 279 373 263 216 299 369 377 374 442 356 341 349 225 296 60 47 129 123 187 131 355 107 155 2 11 287 69 157 283 147 127 297 253 205 151 242 249 430 351 166 29 6 59 142 38 52 203 71 74 163 391 270 50 96 257 16 340 82 140 389 313 159 322 145 125 148 128 168 79 89 42 126 78 22 66 40 416 70 401 27 83 5 111 357 248 88 76 116 92 103 44 137 55 41 144 25 33 207 109 62 141
187 187 489 364 462 419 239 329 365 351 38 414 457 203 366 362 290 160 153 60 367 461 464 308 401 331 248 100 230 88 116 297 253 131 155 225 127 111 119 130 125 113 37 287 66 416 323 74 47 430 158 2 11 79 126 123 355 129 107 296 10 147 6 186 50 270 122 168 96 157 82 313 145 69 148 128 207 151 78 283 242 140 257 29 163 205 59 83 27 249 40 141 142 25 357 16 166 52 89 70 71 159 5 92 322 137 55 41 103 44 340 22 389 42 62
203 203 187 401 364 248 88 116 382 131 416 413 414 329 415 229 388 111 125 410 258 402 400 279 351 369 397 417 201 295 268 411 323 243 484 38 285 418 205 398 430 155 153 60 147 6 50 122 96 82 313 145 148 128 100 129 297 83 27 253 47 25 357 204 127 270 70 260 287 37 119 225 113 159 69 66 130 283 55 41 163 103 249 44 158 296 29 140 40 74 11 166 52 2 157 107 123 79 126 78 355 257 62 109 379 186 168 89 112 15 10 56 19 142 322 207 63 340 71 389 151 242 92 42 59 141 16
204 204 63 236 70 292 368 188 240 199 297 487 109 163 278 242 157 25 245 155 153 125 276 156 122 43 158 60 241 143 416 17 149 90 218 61 6 154 2 323 50 66 78 159 116 313 83 119 130 69 29 283 131 260 205 203 111 168 137 166 96 140 391 11 207 249 37 296 322 40 430 92 52 128 89 141 100 257 340 379 401 389 112 147 15 42 71 248 56 19 82 225 88 5 145 148 74 103 16 41 27
205 205 424 283 69 166 417 268 157 398 411 224 340 164 389 159 42 396 78 146 37 142 332 270 272 261 83 415 60 382 410 203 402 243 260 397 412 484 258 56 413 23 112 400 19 139 418 6 125 416 107 323 296 22 137 168 249 2 5 113 153 92 52 151 242 11 140 100 158 29 59 163 66 71 50 204 119 130 329 70 122 116 313 187 89 225 131 391 96 129 186 10 25 322 287 155 364 127 40 257 111 147 16 123 355 47 207 430 351 109 74 297 38 253 128 141 76 63 401 103 44 15 248 82 144 33 145 148 88 62 27 79 41 126
207 207 66 180 168 153 60 6 96 2 258 141 344 11 430 40 416 325 308 157 309 297 253 155 257 163 119 130 5 391 29 140 78 131 159 329 187 127 287 103 44 351 204 296 37 249 364 89 74 70 16 38 47 158 322 122 129 100 69 52 71 62 79 283 126 92 123 355 107 270 137 147 113 205 76 10 166 225 50 203 186 144 125 33 151 109 242 82 142 313 145 148 128 59 25 340 389 63 27 42 357 116 401 111 83 22 248 55 41 88
210 210 136 150 211 220 190 226 247 265 286 290 48 228 250 293 233 239 252 264 255 214 281 275 206 208 209 231 236 213 234 289 219 36 149 229
225 225 100 329 432 37 113 364 209 187 119 130 60 344 299 377 49 297 296 122 153 422 323 418 186 11 421 2 10 253 69 351 158 47 283 155 66 38 205 203 131 6 78 166 29 257 391 16 129 127 140 157 96 163 249 287 168 79 126 40 147 74 52 340 89 430 389 401 159 322 207 137 270 142 71 42 92 125 248 123 204 355 107 70 416 83 141 50 88 116 76 5 82 313 111 145 148 128 103 44 22 151 242 144 33 59 27 62 109 25 63 41
237 237 85 443 162 434 349 452 442 448 105 357 346 379 102 355 87 354 352 353 127 28 24 137 478 351 347 298 449 291 453 70
242 242 107 250 255 157 151 275 236 153 213 59 158 36 142 262 216 222 292 71 221 254 188 235 204 387 240 212 199 69 259 194 283 119 22 168 205 140 123 127 355 10 29 5 129 166 155 287 351 74 38 249 187 89 11 296 6 52 130 66 340 322 391 186 389 96 159 364 147 42 78 37 92 2 60 131 257 113 83 329 40 270 125 100 416 163 122 16 203 137 207 76 430 297 253 103 50 44 225 141 144 33 47 313 62 82 401 145 148 248 79 126 27 88
244 244 110 392 362 439 387
248 248 203 187 401 364 88 116 131 176 329 111 125 188 489 170 309 351 416 422 347 323 38 430 155 153 60 147 6 50 122 96 82 313 145 148 128 100 129 297 83 27 253 47 25 357 204 127 270 70 260 287 37 225 113 159 69 66 119 130 283 55 41 163 103 249 205 44 158 296 29 140 40 74 11 166 52 2 123 79 126 355 10 257 62 109 379 186 89 112 15 56 19 322 207 63 340 389 42 141 16
249 249 52 78 303 140 129 2 89 137 92 155 59 287 158 11 147 35 125 153 96 71 69 283 119 29 131 205 66 6 107 37 60 166 130 127 391 270 296 257 40 16 123 163 10 157 355 322 151 242 430 187 103 340 44 389 168 159 329 297 100 42 122 253 351 204 142 364 186 74 207 50 70 38 113 203 62 83 76 82 313 47 141 145 225 148 128 5 416 144 33 22 27 357 79 116 126 401 111 109 25 248 55 63 41 88
253 253 60 297 329 155 325 47 187 79 126 270 227 66 259 168 321 313 153 122 364 326 280 225 296 287 337 181 223 127 131 100 113 129 207 6 203 96 2 351 38 147 430 141 37 119 130 11 40 158 249 186 157 257 50 10 52 163 401 5 391 29 82 140 78 159 145 248 148 128 107 103 44 125 69 111 88 116 27 416 89 74 70 16 357 322 62 71 92 123 355 151 242 137 76 59 55 41 144 25 83 33 109
257 257 391 11 40 76 29 179 96 66 144 33 445 296 37 16 442 284 140 6 322 153 129 89 119 130 168 2 71 60 249 131 155 207 103 44 287 78 52 100 158 113 157 147 329 141 159 163 127 107 187 62 122 92 69 430 297 10 283 225 253 186 364 137 204 205 5 70 351 151 242 123 270 166 74 50 355 38 203 59 142 82 313 145 148 128 47 79 340 126 27 389 357 42 109 22 401 111 83 248 25 63 55 41 88
260 260 323 379 112 15 19 412 56 125 413 416 229 410 420 258 402 400 279 377 364 397 201 243 484 418 417 411 398 285 205 268 50 116 313 83 25 204 70 111 203 69 283 131 166 128 109 6 401 163 248 357 63 340 389 159 88 42 55 82 41
270 270 155 127 60 382 413 153 415 129 253 410 131 402 258 400 279 397 295 417 201 297 418 285 205 268 308 398 147 411 243 484 288 195 224 396 329 287 158 430 249 187 47 52 11 66 6 50 122 119 203 351 79 364 126 96 38 82 123 74 313 145 355 148 107 128 140 130 2 100 78 27 125 10 357 168 111 257 157 37 416 401 151 242 323 113 159 207 71 40 16 248 391 225 59 186 89 92 55 69 41 142 296 163 103 88 116 44 283 141 29 137 5 70 166 62 22 322 83 76 25 340 389 144 33 42 109
274 278 274 172 424 428 431 320 434 299 132
278 278 274 424 241 262 283 221 417 254 235 204 288 212 240 238 331 259 232 317 194 383 321 157
283 283 69 205 166 222 254 157 240 278 142 340 389 83 232 159 245 153 42 78 158 37 143 424 17 71 241 61 21 150 55 216 6 125 416 107 323 296 22 137 168 210 249 2 5 113 92 52 151 242 11 140 100 29 59 163 66 50 204 119 130 329 70 122 116 313 187 89 225 131 391 96 129 186 10 25 60 322 260 287 155 364 127 203 40 257 111 147 16 123 355 47 207 430 351 109 74 38 297 253 128 141 76 63 401 103 44 112 15 248 82 144 33 270 145 19 148 88 62 27 41 79 126
287 287 153 129 172 209 155 127 428 158 147 431 334 249 351 299 119 52 74 38 188 427 11 123 187 355 107 170 325 130 422 323 309 66 421 166 319 131 60 364 2 270 140 157 78 151 242 329 10 96 59 168 6 257 71 37 430 100 16 297 203 142 253 207 29 69 92 186 283 122 40 163 391 137 89 141 50 205 225 113 47 5 159 82 296 313 145 148 128 22 322 103 204 44 401 125 70 79 248 27 416 126 111 357 340 62 88 389 116 76 42 55 41 83 144 33 25 109 63
296 296 37 29 209 428 322 391 431 334 113 299 6 89 166 11 69 170 325 100 422 323 309 140 283 71 421 297 26 253 257 426 327 40 335 326 215 205 329 122 225 159 66 186 76 157 119 130 153 96 2 249 187 10 144 60 33 107 52 16 340 389 92 163 142 129 364 47 42 131 78 168 155 158 83 207 151 242 287 204 127 125 147 70 59 351 5 416 22 103 44 141 38 430 203 137 123 355 74 62 270 50 82 25 109 116 313 79 145 148 128 126 401 111 248 63 27 88 41
297 297 60 253 329 155 368 309 204 421 47 187 79 126 327 66 335 330 326 122 364 280 184 225 287 223 296 333 127 98 324 270 131 100 168 113 153 129 207 6 203 96 2 351 38 147 430 141 37 119 130 11 40 158 249 186 157 257 50 10 52 163 401 5 391 29 82 140 78 159 313 145 248 148 128 107 103 44 125 69 111 88 116 27 416 89 74 70 16 357 322 62 71 92 123 355 151 242 137 76 59 55 41 144 25 83 33 109
313 313 50 125 416 323 131 430 253 331 39 155 116 20 185 83 147 6 122 25 203 111 204 96 260 82 70 145 148 128 69 283 187 129 27 357 205 127 270 60 47 401 153 166 364 113 159 248 66 379 109 112 37 15 55 41 157 163 103 249 88 56 78 44 287 158 19 29 140 40 329 119 63 11 340 52 2 389 297 42 100 257 62 142 186 168 107 89 130 10 351 296 322 207 137 71 38 225 123 355 151 141 242 5 22 74 92 79 16 126 59
322 322 29 296 391 6 89 71 402 400 140 295 40 285 268 308 37 257 411 398 195 76 96 66 11 159 144 33 107 163 249 78 153 131 2 92 69 157 52 283 113 168 151 119 242 129 205 130 204 60 70 59 100 207 158 166 142 16 103 44 329 430 155 137 287 187 141 186 127 225 5 147 62 340 364 125 50 122 389 203 297 253 22 42 416 82 109 313 123 145 148 128 351 355 83 74 38 47 25 10 63 27 270 116 401 111 248 79 126 55 41 88
323 323 420 260 125 416 422 379 421 112 15 215 327 335 50 56 19 326 390 116 280 168 223 333 296 313 83 485 25 225 287 273 60 162 191 204 174 72 70 111 203 69 283 131 205 187 166 128 109 401 163 364 157 6 430 248 357 159 63 155 340 389 88 2 42 147 78 37 122 142 96 55 82 41 145 148 329 129 351 27 113 22 38 127 137 270 47 5 92 103
328 328 91 460 470 211 220 338 463 420 406 456 468 471 190 226 247 265 286 440 461 454 361 290 228 424 433 462 464 437 465 233 239 252 264 419 472 161 386 467 469 473 180 255 451 363 214 281 423 466 408 275 310 365 475 120 172 206 208 392 209 236 459 457 213 234 405
329 329 187 364 461 464 60 419 365 100 414 297 253 366 489 362 351 225 368 203 160 367 38 155 462 153 37 113 239 119 122 130 13 47 79 126 66 127 401 296 11 2 248 186 131 270 10 88 116 158 287 129 69 168 283 6 96 111 74 207 78 29 205 125 257 147 391 430 249 140 416 163 166 16 157 123 323 355 107 141 52 159 40 89 50 71 70 322 142 82 5 340 137 92 389 313 145 148 128 83 151 242 42 103 44 59 76 27 22 144 62 33 25 109 41
340 340 283 69 205 166 457 157 389 159 445 42 78 37 142 341 83 105 192 6 125 416 107 323 296 22 137 168 249 2 5 113 153 92 52 151 242 11 140 100 158 29 59 163 66 71 50 204 119 130 329 70 122 116 313 187 89 225 131 391 96 129 186 10 25 60 322 260 287 155 364 203 127 40 257 111 147 16 123 355 47 207 430 351 109 74 38 297 253 128 141 76 63 401 103 44 112 15 248 82 144 33 270 145 19 148 88 62 27 41 79 126
351 351 38 187 364 153 472 473 449 329 459 482 219 350 203 127 478 434 377 287 489 442 356 303 349 74 285 346 237 155 448 60 357 380 462 347 348 123 119 130 355 66 107 158 401 100 129 248 2 297 88 253 116 157 151 242 225 131 11 168 37 59 270 147 10 249 113 6 96 207 111 142 125 52 186 71 416 47 69 140 296 323 283 78 141 163 430 257 79 40 126 29 205 5 391 166 22 16 70 89 50 122 159 92 82 103 44 137 313 83 145 322 148 128 340 389 42 27 62 25 109 41
353 353 104 453 478 434 352 377 442 452 349 171 356 448 348 347 237 357 175 346 394 379
355 355 123 153 158 350 478 352 127 344 349 119 442 452 171 356 448 347 348 357 237 107 10 175 129 346 155 394 287 343 256 378 351 354 74 38 187 157 151 242 130 66 186 59 364 147 11 249 142 2 52 71 270 113 140 131 329 168 69 78 283 60 37 207 122 100 257 205 6 22 203 96 29 5 391 166 16 89 296 430 141 92 163 40 225 137 297 47 253 50 322 340 389 401 82 42 159 313 145 248 148 128 76 103 44 83 88 27 144 33 62 79 126 41
357 357 433 55 449 128 478 442 111 356 348 347 237 346 394 379 378 41 131 343 355 354 127 353 152 351 298 443 349 24 116 430 125 155 416 323 147 6 50 122 203 96 82 313 145 148 60 187 129 27 270 401 47 364 113 159 83 248 66 25 70 29 297 163 103 253 88 44 287 40 62 186 322 207 109 79 126 141
364 364 187 461 462 464 239 365 414 329 366 290 368 160 362 367 351 38 419 203 489 153 60 225 98 401 260 139 218 62 186 248 363 0 100 85 88 116 297 253 131 155 127 111 119 130 125 113 37 287 66 416 323 74 47 430 158 2 11 79 126 123 355 129 107 296 10 147 6 50 270 122 168 96 82 69 283 313 145 148 128 207 157 78 151 242 140 257 205 29 163 59 83 70 27 249 40 166 141 25 357 16 142 52 89 71 159 5 92 137 322 55 340 41 103 389 44 42 109 22
379 379 56 260 323 15 348 237 112 346 357 381 19 378 353 125 416 50 116 313 83 25 204 70 111 203 109 401 248 63 88
389 389 283 69 205 166 408 157 340 159 42 385 78 37 142 263 368 83 439 8 217 277 6 125 416 107 323 296 22 137 168 249 2 5 113 153 92 52 151 242 11 140 100 158 29 59 163 66 71 50 204 119 130 329 70 122 116 313 187 89 225 131 391 96 129 186 10 25 60 322 260 287 155 364 203 127 40 257 111 147 16 123 355 47 207 430 351 109 74 38 297 253 128 141 76 63 401 103 44 112 15 248 82 144 33 270 145 19 148 88 62 27 41 79 126
391 391 76 144 33 257 29 428 40 296 322 26 11 381 6 89 140 96 71 66 37 153 249 16 2 159 168 78 129 119 130 52 107 60 92 69 207 163 113 155 283 103 44 100 131 158 287 205 329 141 147 157 127 151 166 242 122 137 62 10 70 225 59 297 253 5 186 142 351 123 340 47 355 74 389 270 42 83 82 109 145 148 22 79 126
401 401 203 187 364 248 415 88 116 400 131 397 418 329 268 111 411 125 398 224 351 195 416 323 38 430 155 153 60 147 6 50 122 96 82 313 145 148 128 100 129 297 83 27 253 47 25 357 204 127 270 70 260 287 37 225 113 159 69 66 119 130 283 55 41 163 103 249 205 44 158 296 29 140 40 74 11 166 52 2 123 79 126 355 10 257 62 109 379 186 89 112 15 56 19 322 207 63 340 389 42 141 16
416 416 125 323 169 430 57 50 116 304 375 13 313 83 173 25 65 203 300 330 3 204 260 81 301 70 97 63 111 15 374 207 342 487 35 31 386 69 370 283 131 205 187 166 379 128 109 112 401 163 364 56 157 19 6 248 357 159 155 340 389 88 2 42 147 78 37 122 142 96 55 82 41 145 60 148 329 153 66 296 351 129 168 107 27 113 249 22 38 127 137 140 11 270 100 47 52 29 130 5 297 287 253 92 151 40 242 71 103 44 89 225 59 186 62 141 16 79 126
430 430 145 374 131 416 288 166 304 375 185 173 65 300 155 81 301 125 111 159 165 291 207 63 487 35 147 78 31 386 6 50 122 54 203 96 82 313 148 128 187 129 27 357 127 270 60 47 401 153 323 364 113 248 66 55 41 163 103 249 88 116 44 287 158 29 140 40 329 119 37 11 52 2 297 253 391 257 62 100 186 204 168 89 70 130 69 10 283 83 351 296 322 25 157 71 38 107 205 225 123 355 141 74 92 137 79 16 126 76 151 242 109 59 340 5 144 389 33 42
