128 1410 544 1480 846 605 1500 571 636 1514 1799 516 128 802 644 759 514 812 1452 585 1572 737 1770 1457 1416 618 616 648 533 551 602 776 529 615 1666 1448 1622 1556 853 675 555 1421 630 696 818 1618 1629 1481 647 1398 811 1385 1522 558 491 772 655 531 694 432 499 840 527 589 1594 1499 526 560 657 612 1506 1425 1748 125 559 428 785 431 334 416 880 1445 6 50 122 148 60 103 163 119 140 11 78 257 89 15 355 340 389 19 74 92 109 144 33
257 529 880 1445 1385 1398 811 585 785 257 555 630 696 560 526 1499 533 551 618 657 491 636 776 1421 589 1618 1594 648 1522 602 1500 571 675 1506 616 499 647 596 818 640 548 731 615 1666 1448 1622 1416 612 644 759 11 1514 1799 516 840 527 559 631 646 1556 853 802 558 772 655 531 694 1410 179 514 693 1572 552 144 737 1770 1457 33 1452 445 544 1480 846 442 284 605 6 140 89 119 60 103 78 163 122 92 5 74 355 50 125 148 128 416 340 389 22 109
389 558 772 655 531 694 648 1452 631 646 389 526 1506 785 596 640 548 731 657 602 491 1421 1618 589 1594 514 812 560 1398 811 675 1385 605 802 647 1499 499 559 555 630 696 529 408 1522 776 818 1480 612 618 1416 636 693 552 340 1500 571 585 880 1445 1629 1481 616 385 78 1556 853 1572 263 737 1770 1457 644 759 840 527 1410 368 439 1514 615 1666 1448 1622 1799 533 551 1425 1748 516 8 217 277 6 125 416 22 5 92 11 140 163 50 119 122 89 60 257 355 109 74 128 15 144 33 103 19 148
6 648 1398 811 555 491 630 696 1500 571 559 6 785 529 657 560 636 1514 1799 585 558 772 655 531 694 516 514 693 552 880 1445 802 1506 1499 526 1410 644 533 1452 759 551 1416 616 1421 1618 1572 737 1770 1457 631 646 1385 589 618 602 1594 605 776 1522 615 1666 1448 1622 596 640 548 731 544 1480 846 499 647 812 675 1556 853 163 840 612 527 818 385 169 1629 1481 89 78 60 140 257 50 122 125 119 109 416 11 148 128 340 389 92 5 103 144 33 22 74 355 15 19
5 657 646 555 630 696 596 640 548 731 558 772 655 531 694 631 5 648 1452 560 491 529 1522 647 585 1385 776 612 1499 615 1666 1448 1622 1398 811 616 526 1506 533 551 840 527 499 644 759 618 190 1416 785 636 675 433 818 880 1445 559 1500 571 441 233 602 1556 853 1421 1618 802 589 1594 514 812 693 552 1514 1799 516 482 605 1572 737 1770 1457 350 36 476 1480 6 60 340 389 11 119 78 140 22 257 163 125 355 89 74 416 103 122 50 92 144 33 109 148 128
11 1385 526 1499 618 555 529 785 630 696 636 776 1421 589 1618 1594 491 602 880 1445 585 11 1398 811 675 560 657 1522 1506 499 647 616 644 759 818 533 612 551 1416 648 596 1500 640 548 731 571 558 772 655 531 694 615 1666 1448 1622 840 527 406 1556 853 631 646 1514 1799 1452 516 559 257 802 140 514 119 1410 408 693 552 1572 737 1770 1457 405 605 544 1480 846 385 78 89 60 92 6 122 163 144 33 355 103 74 5 340 389 50 125 148 128 22 416 109
140 560 1421 1618 585 1385 1506 1398 811 529 533 551 785 618 140 491 596 640 548 731 636 776 555 880 630 696 1445 526 1499 647 648 631 646 1522 644 616 759 1500 657 571 612 558 772 655 531 694 499 589 675 1594 602 1514 1799 89 516 1452 1416 559 615 1666 1448 1622 818 840 527 92 802 78 11 514 1410 1556 853 693 552 1572 737 1770 1457 605 544 1480 846 444 6 103 257 119 60 163 144 33 355 122 5 340 22 389 50 74 125 148 128 416 109
15 1629 1481 812 1425 1748 15 514 1452 605 802 1480 559 19 693 1572 552 737 1770 1457 370 416 1410 395 125 558 772 655 531 694 388 445 1500 571 302 374 544 284 846 303 362 648 50 128 109 163 340 389
144 880 1445 1398 811 529 144 785 560 1385 585 526 555 630 696 648 533 551 657 491 1499 33 1421 1618 602 618 257 589 1594 596 640 548 731 636 1506 1500 571 1522 616 675 776 499 647 558 631 646 772 655 531 694 1416 644 818 759 612 1514 1799 615 1666 1448 1622 559 516 302 368 1452 840 450 527 802 11 89 6 140 78 119 60 103 163 92 122 5 50 355 74 340 389 148 22 109
19 1629 1481 812 1425 1748 19 514 1452 605 802 1480 559 15 693 1572 552 737 1770 1457 382 1410 125 558 772 655 531 694 413 416 415 229 1500 571 410 258 402 544 400 846 279 648 397 417 201 50 128 109 163 340 389
148 516 1500 571 636 1514 1799 802 1410 148 644 759 585 1572 737 1770 1457 1416 544 1480 618 846 605 616 648 533 551 602 776 529 615 1666 1448 1622 1556 853 675 555 1421 630 696 818 1618 514 647 1452 1398 811 1385 812 1522 491 499 840 527 526 589 1594 1499 560 657 612 559 1506 785 432 459 596 640 548 731 213 646 558 772 655 531 694 693 552 6 50 122 334 385 631 880 128 60 125 416 103 163 119 140 11 257 78 89 355 74 92 109 5 340 389
22 631 596 640 548 731 558 772 655 531 694 646 22 648 1452 560 647 526 657 1522 1506 612 776 499 785 1398 811 616 675 618 228 840 527 1499 602 491 1421 1618 589 1594 514 812 529 636 555 630 696 644 759 392 1385 605 477 802 585 234 289 1500 559 571 880 1445 1556 388 853 246 198 1416 818 1480 533 551 436 1572 316 737 1770 1457 196 1514 340 389 78 119 6 5 125 140 416 355 89 74 92 11 60 163 50 257 122 103 144 33 109 148
416 416 514 812 1452 605 802 1480 559 1629 1481 693 1572 552 737 1770 1457 1425 1748 125 1410 558 772 655 531 694 1500 571 648 544 846 1556 853 636 1514 631 646 1799 516 491 169 430 526 1506 57 50 644 759 304 375 13 818 840 527 585 173 1416 602 785 657 65 300 330 589 596 1594 640 548 731 3 618 1499 81 301 616 1421 97 1618 776 15 1385 533 374 551 207 63 342 487 555 35 630 696 675 31 1522 386 615 1666 1448 1622 203 370 128 109 163 19 340 389 78 6 122 60 148 22 11 5 140 92 103 74
33 880 1445 1398 811 529 33 785 560 1385 585 526 555 630 696 648 533 551 657 491 1499 144 1421 1618 602 618 257 589 1594 596 640 548 731 636 1506 1500 571 1522 616 675 776 499 647 558 631 646 772 655 531 694 1416 644 818 759 612 1514 1799 615 1666 1448 1622 559 516 1452 840 527 802 11 89 6 140 78 119 60 103 163 92 122 5 50 355 74 340 389 148 22 109
163 491 559 514 693 552 648 1499 1506 555 630 696 163 1398 811 657 529 1500 571 1452 785 585 1385 558 1421 1522 1618 772 655 531 694 812 589 1594 526 560 776 636 1514 1799 605 616 516 499 6 675 533 551 618 602 880 1445 615 1666 1448 1622 1416 802 647 818 644 759 1410 631 646 840 612 527 596 640 548 731 1572 1556 737 1770 1457 853 1629 544 1480 1481 846 78 109 119 1425 1748 125 416 140 11 60 92 257 89 50 122 340 5 389 74 148 128 103 355 144 33 22 15 19
50 802 1500 571 514 812 1452 605 636 1514 50 1799 516 1480 1572 737 1770 1457 1410 559 644 759 1629 1481 585 1416 648 544 618 846 693 552 616 1425 1748 533 551 602 125 558 772 655 531 694 416 1556 853 776 529 615 1666 1448 1622 818 491 1421 1618 675 555 630 696 526 840 647 527 785 1385 1398 811 631 646 1522 1499 499 589 1594 560 657 612 596 640 548 731 1506 880 1445 6 122 148 128 60 163 109 15 19 103 119 11 140 340 389 257 78 89 355 92 5 74 22 144 33
178 178 124 171 175 167 173 184 441 118 98 1 182 73 159
60 615 1666 1448 1622 1416 818 644 759 60 555 616 630 696 1556 853 589 1594 602 657 840 527 618 675 776 1499 636 491 529 1522 585 1500 1385 571 526 1572 737 1770 1457 533 785 551 648 612 646 1514 1799 647 1421 1618 432 516 1398 811 605 1506 560 802 1410 596 640 548 731 880 1445 559 122 558 772 655 531 694 499 514 427 205 1452 631 204 325 323 544 1480 846 309 422 367 6 119 11 257 140 163 78 5 74 355 103 50 89 125 148 128 92 416 340 144 33 389 109 22
74 1522 776 616 840 612 527 1499 647 74 596 640 548 731 644 759 555 630 696 618 1556 853 491 499 1385 657 818 675 631 646 560 636 589 1594 529 585 1421 1618 526 1500 571 1506 1572 737 1770 1457 785 602 1398 615 1666 1448 1622 811 558 772 655 531 694 533 551 648 1514 1799 516 880 559 1445 1416 605 802 1452 1480 119 1410 355 334 514 693 552 427 11 60 6 140 78 257 163 5 22 122 89 92 125 50 103 416 340 389 148 128 144 33 109
78 1506 491 1421 1618 558 772 655 531 694 78 1499 618 648 1452 560 1385 631 646 555 776 630 696 585 636 559 1398 811 526 647 589 1594 514 596 657 640 548 731 529 499 533 551 1522 693 675 552 616 644 759 785 612 602 1500 571 880 1445 818 92 802 1514 1799 140 812 840 527 516 615 1666 1448 1622 179 1556 853 605 1480 444 1410 1572 1416 737 1770 1457 341 163 119 6 11 89 340 389 125 257 416 60 22 5 103 109 122 50 355 74 144 33 148 128
340 558 772 655 531 694 648 1452 631 646 340 526 1506 785 596 640 548 731 657 602 491 1421 1618 589 1594 514 812 560 1398 811 675 1385 605 802 647 1499 499 559 555 630 696 529 1522 776 818 457 1480 612 618 1416 636 693 552 1500 571 389 585 880 1445 1629 1481 616 445 78 1556 853 1572 737 1770 1457 644 759 840 527 341 1410 1514 615 1666 1448 1622 1799 533 551 105 1425 1748 516 192 6 125 416 22 5 92 11 140 163 50 119 122 89 60 257 355 109 74 128 15 144 33 103 19 148
89 1398 811 560 785 529 1421 1618 89 880 1445 585 1385 1506 526 648 533 551 596 640 548 731 555 630 696 491 618 636 657 602 647 631 646 776 140 1500 571 589 1594 1499 558 772 655 531 694 1522 675 616 612 644 759 499 1416 1514 1799 1452 516 818 559 615 1666 1448 1622 802 840 527 1410 1556 853 514 693 552 6 92 1572 737 1770 1457 78 605 11 303 257 544 1480 846 249 144 33 103 163 60 119 122 5 355 340 389 22 50 125 74 416 148 128 109
92 1506 1421 1618 560 491 585 92 1385 618 1398 811 558 772 655 531 694 529 1499 533 551 785 776 636 555 630 696 596 648 1452 640 548 731 526 78 647 631 646 140 880 657 1445 644 589 759 1594 499 616 1522 559 675 612 602 1500 571 514 818 693 552 1416 840 527 1514 1799 615 1666 1448 1622 89 802 516 388 1556 853 11 812 605 1480 1410 1572 302 263 737 1770 1457 6 119 163 103 340 257 389 60 125 355 416 5 122 22 144 33 50 74 109 148 128
355 612 647 1522 355 499 776 616 596 640 548 731 618 840 675 527 1499 644 636 759 631 646 560 555 630 696 602 1385 1421 1556 1618 853 491 818 657 589 1594 1500 571 615 1666 1448 1622 1506 529 526 558 772 655 531 694 350 785 1398 811 648 585 478 1572 352 737 1770 1457 119 1514 344 1799 1416 349 442 452 516 171 356 1452 880 448 1445 347 348 357 237 533 175 551 802 346 394 1410 343 256 378 559 354 74 11 60 140 78 122 22 5 6 257 89 163 92 50 340 389 148 128 103 144 33 109
103 585 533 551 529 555 630 696 1500 571 103 657 560 1398 811 636 1514 1799 1421 516 1618 1385 491 785 880 802 1445 1506 648 618 644 1416 1410 759 776 616 1499 1522 1572 737 1770 1457 615 1666 1448 1622 454 646 544 1480 846 605 647 602 596 640 548 731 526 589 1594 499 1556 853 559 840 612 514 527 818 140 558 772 655 531 694 1452 631 675 693 552 350 812 6 257 222 11 89 60 78 92 50 122 148 128 163 119 5 125 144 33 416 74 355 340 389 109 22
108 1369 108 228 469 480 423 466 475 479 477 234 289 318 36 476 176
109 559 514 693 552 491 109 812 1452 648 605 802 1499 1506 1480 555 630 696 1398 811 1629 1481 558 772 655 531 694 657 529 1500 1572 571 737 1770 1457 163 785 585 1425 1385 1748 1421 1522 1618 526 432 125 589 1594 560 636 1514 416 1799 616 516 631 646 499 618 6 675 602 476 1556 533 853 551 776 647 880 1445 615 1666 1448 1622 1416 818 644 759 596 640 548 731 1410 840 612 527 50 78 119 140 11 60 92 257 340 89 389 15 19 5 122 74 148 128 103 355 22 144 33
119 499 1499 675 119 647 602 491 589 1594 612 1385 1522 526 776 618 596 818 640 548 731 616 785 555 630 696 1416 1506 636 840 527 1421 1618 644 759 560 1556 853 657 529 631 646 1398 811 648 559 615 1666 1448 1622 1500 558 571 772 655 531 694 585 95 49 514 693 552 1514 1452 880 1799 1445 533 551 516 1572 138 737 1770 1457 8 121 4 802 38 39 11 20 1410 1480 605 118 137 51 1 355 122 78 60 163 6 257 74 140 92 5 89 340 125 389 22 416 50 109 103 148 128 144 33
122 1416 602 675 1500 571 615 1666 1448 1622 589 1594 526 636 1514 1799 122 499 818 516 802 785 1410 644 759 585 1572 737 1770 1457 1556 853 1499 647 618 648 544 1480 846 555 605 630 696 616 529 776 533 551 491 1385 1398 811 840 527 612 657 60 1452 558 772 655 531 694 1522 1421 1618 560 596 514 640 548 731 812 236 880 1445 219 149 631 646 559 202 241 119 262 292 188 204 235 1506 254 6 50 148 128 11 125 416 140 257 103 163 355 89 340 389 78 5 74 92 144 33 22 109
124 178 124 302
125 514 812 1452 605 802 1480 559 1629 1481 125 693 1572 552 737 1770 1457 1425 1748 1410 558 772 655 531 694 416 1500 571 648 544 846 1556 853 636 1514 631 646 1799 516 491 465 526 1506 386 50 644 759 818 840 527 585 206 370 231 1416 602 785 657 459 589 596 395 1594 640 548 731 1499 618 616 1421 1618 533 555 551 630 696 1522 675 373 615 1666 1448 1622 302 169 369 374 1398 811 284 560 529 499 303 362 647 776 1385 430 450 249 128 109 15 163 19 340 389 78 6 122 60 148 22 119 140 5 11 92 89 103 74
