0 0 108 48 310 120 36 476 445 134
257 529 880 811 585 785 555 630 696 257 560 526 533 551 618 657 491 776 636 589 648 602 675 571 499 616 647 818 615 596 640 548 731 644 612 759 11 516 559 840 527 802 631 646 558 772 655 531 694 853 76 29 179 514 693 552 737 144 33 445 544 846 16 605 6 140 442 284 153 89 119 130 60 249 131 103 78 52 163 187 430 92 122 297 253 225 5 137 47 355 50 74 203 125 145 148 128 416 79 340 389 109 22 401 111 83 41 88
130 491 589 499 675 526 602 818 647 776 616 555 630 696 840 612 527 130 618 785 853 657 529 644 759 119 559 648 636 585 811 596 640 548 731 615 560 558 772 655 531 694 514 693 463 552 880 153 571 533 551 458 737 631 646 516 11 802 363 281 275 310 120 605 225 187 812 78 234 388 163 544 846 60 6 257 74 249 16 140 52 355 137 29 122 131 92 297 253 203 47 89 430 125 5 109 416 76 340 103 389 401 79 50 144 33 83 145 148 128 88 22 111 41
131 571 636 516 802 644 759 585 737 544 846 618 616 648 131 533 602 551 776 529 605 615 675 853 514 555 630 696 812 818 647 811 589 526 491 499 486 840 527 560 657 559 430 612 785 596 640 548 731 558 772 655 531 694 693 552 467 6 50 122 203 880 488 145 120 208 148 128 479 457 179 60 482 187 631 646 36 350 476 125 111 416 401 47 153 297 249 253 41 163 103 88 119 29 140 11 52 257 78 89 130 83 225 79 260 355 137 92 16 74 109 5 340 389 379 76 112 15 144 56 33 19 22
128 544 846 605 571 636 516 128 802 644 759 514 812 585 737 618 616 648 533 602 111 551 529 776 615 41 131 675 853 555 630 696 818 647 811 589 491 558 772 655 531 694 499 432 526 560 657 612 559 430 125 785 840 527 428 416 880 431 334 6 50 122 203 145 148 60 187 153 401 47 83 260 297 249 253 163 103 88 119 29 140 11 52 78 257 130 89 379 112 15 225 79 340 355 56 389 19 137 74 16 92 76 109 144 33
389 558 772 655 531 694 648 631 646 526 389 785 657 596 640 548 731 602 491 514 812 589 560 811 675 605 802 647 559 499 555 630 696 529 776 818 618 612 408 636 571 693 552 585 340 880 616 78 644 737 759 853 516 385 840 527 533 551 615 83 263 368 6 439 125 544 846 8 217 277 416 22 137 249 5 153 92 52 29 140 11 163 50 119 131 122 130 89 187 225 60 260 203 111 430 257 355 47 16 109 128 297 74 253 76 379 401 112 15 144 103 33 145 148 56 19 88 41 79
6 648 811 491 555 630 696 571 559 785 6 529 657 560 636 516 585 558 772 655 531 694 514 693 552 802 880 526 533 551 644 759 631 646 616 737 615 589 602 618 776 544 846 499 596 640 548 731 675 812 818 647 840 527 605 163 612 29 131 853 385 430 169 89 60 78 153 140 257 50 122 203 119 130 249 125 109 11 416 145 148 128 340 52 389 297 253 92 76 137 5 187 47 83 103 111 144 33 401 225 22 41 88 74 16 79 355 260 112 15 19
260 812 260 514 605 802 559 379 112 15 56 412 19 693 552 737 558 125 772 655 531 694 416 413 571 229 544 410 846 258 402 648 400 279 377 364 397 201 243 484 417 636 411 418 516 853 398 285 631 646 268 205 50 83 111 203 131 187 128 109 401 6 163 430 340 389 88 41 145 148 22
136 210 136 206
137 491 137 558 772 655 531 694 648 618 560 78 631 646 555 630 696 585 811 636 776 559 526 596 640 548 731 514 589 657 529 533 551 499 647 693 552 616 675 785 644 759 249 602 880 571 612 818 92 52 802 615 840 527 140 516 812 318 853 605 95 119 49 349 341 439 737 237 8 105 138 409 121 38 163 4 11 6 130 153 89 340 389 29 83 131 257 125 60 416 16 187 22 5 103 109 225 430 122 50 297 355 253 74 76 203 144 33 145 148 128 111 47 79 401 88 41
5 657 646 555 630 696 596 640 548 731 558 772 655 531 694 631 5 560 648 491 529 647 585 612 615 811 776 616 526 533 551 618 840 527 644 759 499 636 190 785 675 880 559 818 433 571 441 233 602 853 802 693 552 514 812 589 516 153 605 737 482 350 36 476 6 60 340 389 11 119 78 140 29 22 297 130 253 257 83 163 187 125 131 355 89 416 74 103 137 122 16 249 47 430 50 92 79 52 203 76 144 33 109 225 111 145 148 128 401 88 41
11 526 618 529 555 776 785 630 696 636 589 491 602 880 585 811 11 675 560 657 499 647 616 644 759 818 533 551 612 648 571 558 596 772 655 531 694 615 640 548 731 406 840 527 631 646 853 516 559 257 802 16 140 737 119 130 514 693 552 408 153 249 405 544 846 29 52 78 812 605 385 89 60 92 131 187 225 6 76 122 137 163 144 33 297 103 253 355 430 47 5 74 203 340 389 125 50 416 145 148 128 83 79 22 401 109 111 88 41
140 560 585 811 529 533 551 785 618 140 491 596 640 548 731 636 776 880 555 630 696 526 647 648 631 646 644 759 657 571 558 772 655 531 694 616 499 612 675 589 602 249 516 89 559 615 818 92 52 802 78 514 840 11 527 29 693 552 853 737 605 544 846 444 137 6 103 153 257 16 131 119 130 60 163 76 430 144 187 33 122 355 5 340 297 389 253 22 50 225 203 125 74 47 145 416 83 148 128 109 401 111 79 41 88
15 812 15 514 260 605 802 559 379 112 56 19 693 552 737 416 370 558 125 772 655 531 694 395 571 388 544 846 445 648 302 374 284 303 362 636 516 853 631 646 50 83 111 203 131 187 128 109 401 6 163 430 340 389 88 41 145 148 22
16 526 618 529 555 776 785 630 696 636 589 16 491 602 880 585 811 675 560 657 499 647 616 644 759 818 533 551 11 612 648 571 558 596 772 655 531 694 615 640 548 731 840 527 631 646 853 516 559 257 802 363 140 737 275 119 130 514 693 552 153 249 388 476 544 846 385 447 29 95 52 78 812 49 605 89 60 92 131 187 225 6 76 122 137 163 144 33 297 103 253 355 430 47 5 74 203 340 389 125 50 416 145 148 128 83 79 22 401 109 111 88 41
145 571 636 516 430 802 644 759 145 585 737 544 846 618 616 648 533 602 551 529 776 605 615 131 675 853 514 555 630 696 812 818 647 811 589 526 491 499 560 657 612 559 412 785 840 527 382 596 640 548 731 646 558 772 655 531 694 693 552 413 6 50 122 203 229 415 880 631 258 402 148 128 60 187 125 111 416 153 401 47 297 249 253 41 163 103 88 119 29 140 11 52 257 78 130 89 83 225 79 355 260 74 137 92 16 109 340 5 389 76 112 15 144 22 33 19
401 737 605 853 401 571 818 840 527 636 516 203 802 514 812 644 759 589 187 585 615 544 846 776 618 616 648 559 533 602 551 88 529 526 612 415 693 552 131 785 675 558 772 655 531 694 555 400 630 696 397 111 647 811 125 491 418 499 268 596 416 640 548 731 631 646 411 560 657 398 224 430 195 60 153 6 50 122 145 148 128 297 253 83 260 119 47 225 130 249 41 11 163 103 74 29 140 79 52 78 355 379 109 257 112 15 89 56 340 19 389 92 137 16 5 22
19 812 19 514 260 605 802 559 379 112 15 56 693 552 737 558 125 772 655 531 694 382 416 571 413 544 846 415 229 648 410 258 402 400 279 636 516 853 397 417 201 631 646 50 83 111 203 131 187 128 109 401 6 163 430 340 389 88 41 145 148 22
148 516 571 636 802 644 759 148 585 737 544 846 618 616 648 533 602 551 529 776 605 615 131 675 853 514 555 630 696 812 818 647 811 589 526 491 499 560 657 612 559 430 785 840 527 432 596 640 548 731 459 646 558 772 655 531 694 693 552 213 6 50 122 203 880 334 631 385 145 128 60 187 125 111 416 153 401 47 297 249 253 41 163 103 88 119 29 140 11 52 257 78 130 89 83 225 79 355 260 74 137 92 16 109 340 5 389 76 112 15 144 22 33 19
144 880 811 529 785 144 560 585 526 555 630 696 648 533 551 76 657 491 618 602 589 257 33 776 596 640 548 731 636 29 499 675 647 616 558 772 655 531 694 631 646 818 571 644 612 759 615 559 302 840 527 11 516 368 514 693 552 89 6 140 153 249 16 78 119 130 52 60 103 92 163 131 122 137 225 297 5 253 430 355 340 74 389 22 83 109 47 145 148 79
22 631 596 640 548 731 558 772 655 531 694 646 648 560 22 647 657 526 612 499 785 811 776 616 618 675 840 527 602 228 491 636 514 812 589 644 759 555 529 630 696 585 605 802 392 559 880 477 853 234 289 533 551 388 153 818 246 615 198 571 693 552 737 340 436 316 389 196 78 83 119 6 125 5 140 29 416 355 137 249 89 187 74 130 92 52 60 11 163 50 131 122 203 225 260 297 253 76 111 103 257 16 144 33 47 109 401 112 79 15 88 19
278 763 278 424 241 262 283 221 417 254 235 204 288 212 240 238 331 259 232 317 194 383 321 157 271
153 776 616 840 612 527 153 647 596 640 548 731 644 759 555 630 696 618 853 499 491 657 675 818 636 631 646 560 589 529 585 571 737 526 785 602 615 811 533 558 551 772 655 531 694 648 516 559 236 880 74 213 802 187 605 219 149 241 119 355 130 514 693 134 552 262 283 222 216 188 235 204 544 846 277 199 240 212 251 398 11 249 60 131 6 203 52 140 78 163 257 5 225 29 430 297 122 22 253 16 89 401 92 137 125 50 103 416 88 340 389 145 148 128 111 47 76 79 83 109 144 33 41
29 811 785 560 529 880 526 648 585 29 555 630 696 596 640 548 731 533 551 602 491 657 589 618 631 646 571 558 559 772 655 531 694 675 776 647 636 516 818 499 514 693 552 89 616 6 612 615 802 140 488 644 853 759 840 527 737 208 605 257 179 544 846 76 350 812 11 444 445 144 33 249 163 78 153 131 92 52 119 130 103 60 16 430 137 187 225 5 125 340 389 297 50 122 253 416 22 203 109 355 145 148 128 83 74 47 401 111 79 41 88
416 514 812 416 605 802 559 693 552 737 125 558 772 655 531 694 571 544 846 648 636 516 853 631 646 491 526 169 430 50 644 759 57 818 585 840 602 527 657 83 785 304 375 618 13 203 596 260 640 548 731 173 65 616 555 330 300 630 696 3 533 111 551 675 529 560 615 81 301 97 15 811 776 499 647 374 207 63 342 487 589 35 31 386 370 612 218 131 187 379 128 109 112 401 163 56 19 340 6 389 88 78 122 41 153 60 145 148 22 137 11 249 119 130 29 47 5 140 297 253 92 52 257 103 89 355 74 16 225 79
33 880 811 529 785 33 560 585 526 555 630 696 648 533 551 76 657 491 618 602 589 144 257 776 596 640 548 731 636 29 499 675 647 616 558 772 655 531 694 631 646 818 571 644 612 759 615 559 840 527 11 516 514 693 552 89 6 140 153 249 16 78 119 130 52 60 103 92 163 131 122 137 225 297 5 253 430 355 340 74 389 22 83 109 47 145 148 79
163 491 559 514 693 552 648 555 630 696 163 811 657 529 571 785 585 558 772 655 531 694 812 589 526 560 636 776 516 499 605 616 675 6 533 551 602 618 615 802 880 818 647 631 646 840 527 612 644 759 737 596 640 548 731 544 846 78 109 119 130 125 153 29 131 853 416 137 140 60 11 249 430 92 52 257 89 83 297 50 122 253 203 340 5 389 111 225 145 148 128 74 103 16 260 47 76 187 355 144 33 401 22 79 379 41 88 112 15 56 19
297 615 297 818 644 759 555 616 630 696 853 60 589 602 657 840 527 618 636 571 776 675 526 585 491 529 253 737 785 516 648 533 551 499 612 646 802 647 811 368 560 605 47 187 309 204 421 79 880 559 596 544 640 548 731 846 558 772 655 531 694 514 122 327 335 631 330 326 225 280 184 223 693 552 296 333 153 287 98 324 131 6 119 203 11 130 430 257 140 249 163 50 78 401 29 5 52 74 103 145 148 128 355 125 89 111 88 16 416 92 137 76 340 41 389 83 144 33 109 22
41 544 846 605 571 636 516 41 802 644 759 128 514 812 585 737 618 616 648 533 602 111 551 529 776 615 131 675 853 555 252 630 696 818 647 811 589 491 558 772 655 531 694 281 499 526 560 657 612 559 430 125 785 840 527 428 416 880 431 334 6 50 122 203 145 148 60 187 153 401 47 83 260 297 249 253 163 103 88 119 29 140 11 52 78 257 130 89 379 112 15 225 79 340 355 56 389 19 137 74 16 92 76 109 144 33
430 430 571 636 516 802 644 759 585 737 544 846 618 616 648 145 533 602 551 529 776 605 615 131 675 853 514 555 630 696 374 812 818 416 647 811 589 526 491 499 288 560 657 612 166 559 304 785 375 840 527 185 173 65 300 596 640 548 731 646 558 772 655 531 694 693 552 125 111 81 301 6 165 50 122 291 203 207 159 63 487 35 880 631 31 386 78 54 148 128 60 187 153 401 47 297 249 253 41 163 103 88 119 29 140 11 52 257 130 89 83 225 79 355 260 74 137 92 16 109 340 5 389 76 112 15 144 22 33 19
47 615 602 818 675 571 644 759 589 47 526 636 516 499 555 616 630 696 785 802 853 60 585 737 122 657 840 648 527 618 544 533 846 551 776 491 529 297 253 605 558 772 655 531 694 646 811 514 131 612 560 812 647 559 631 880 187 79 596 430 640 548 731 693 95 552 160 119 6 203 153 50 225 145 148 128 130 125 401 111 416 11 163 140 29 103 88 257 41 249 78 5 89 52 340 74 83 389 355 92 16 137 76 109 22 144 33
50 802 571 514 812 605 636 516 50 559 644 759 585 737 544 846 693 552 618 616 648 558 533 602 772 655 531 694 551 125 416 529 776 615 131 675 853 555 630 696 526 818 589 647 811 631 646 491 499 560 657 612 596 430 640 548 731 785 840 527 880 83 6 122 111 203 260 145 148 128 60 187 153 401 47 379 109 112 15 297 249 56 253 78 41 19 119 163 103 88 11 29 140 340 52 389 257 130 89 137 225 79 355 5 22 16 74 92 76 144 33
178 178 124 171 175 167 173 184 441 118 98 1 182 159 73
52 618 636 776 560 491 647 52 644 759 249 585 811 529 558 616 772 655 531 694 785 499 612 533 551 596 640 548 731 571 526 555 630 696 675 648 880 78 840 589 527 516 657 615 631 646 140 602 802 559 818 853 514 737 693 552 137 92 544 846 153 11 429 89 605 447 446 263 119 29 131 6 130 60 257 16 163 187 430 355 103 340 389 74 297 122 253 50 203 83 76 47 225 145 125 148 128 5 416 144 33 22 111 79 401 109 41 88
56 812 56 379 514 260 605 802 559 112 15 382 19 693 552 737 413 415 229 558 125 772 655 531 694 410 402 400 279 416 397 417 571 201 295 362 50 83 111 203 131 128 109 401 163 340 389 88 41
187 853 818 840 527 737 187 489 589 605 615 616 602 776 462 571 419 239 612 526 644 759 675 365 499 555 630 696 491 636 516 414 457 785 618 203 647 596 640 548 731 802 514 812 364 657 366 362 290 153 160 529 60 585 367 631 646 308 464 461 811 544 401 846 560 558 772 655 531 694 648 559 329 331 533 551 880 88 297 230 253 131 225 119 111 130 125 416 74 47 430 11 79 355 6 50 122 78 145 148 128 140 257 29 249 83 16 260 52 89 5 92 137 41 340 163 103 22 389 76 109 112 144 15 33 19
60 615 818 644 759 60 555 616 630 696 853 589 602 657 840 527 618 636 571 776 675 526 585 491 529 297 253 737 785 516 648 533 551 499 612 646 802 647 432 811 560 605 47 187 79 880 559 596 544 640 548 731 846 558 772 655 531 694 514 122 631 427 205 204 325 693 323 552 309 422 367 153 131 6 119 203 225 11 130 430 257 140 249 163 50 78 401 29 5 52 74 103 145 148 128 355 125 89 111 88 16 416 92 137 76 340 41 389 83 144 33 109 22
74 776 616 840 612 527 647 596 640 548 731 644 759 74 555 630 696 618 853 499 153 491 657 675 818 636 631 646 560 589 529 585 571 737 526 785 602 615 811 533 558 551 772 655 531 694 648 516 559 880 802 187 605 119 355 130 514 693 552 334 544 846 427 11 249 60 131 6 203 52 140 78 163 257 5 225 29 430 297 122 22 253 16 89 401 92 137 125 50 103 416 88 340 389 145 148 128 111 47 76 79 83 109 144 33 41
203 737 605 853 571 818 840 527 203 636 516 802 514 812 644 759 589 187 585 615 544 401 846 776 618 616 648 559 533 602 551 88 529 526 612 693 552 382 131 785 675 558 772 655 531 694 555 630 696 416 413 414 111 647 811 415 229 388 125 491 410 499 596 258 402 640 548 731 400 631 646 279 560 369 397 417 657 201 295 411 268 243 430 484 285 418 205 60 153 6 50 122 145 148 128 297 253 83 260 119 47 225 130 249 41 11 163 103 74 29 140 79 52 78 355 379 109 257 112 15 89 56 340 19 389 92 137 16 5 22
76 880 811 529 76 785 560 585 526 555 630 696 648 533 551 657 491 618 602 589 144 257 33 776 596 640 548 731 636 29 499 675 647 616 558 772 655 531 694 631 646 818 571 644 612 759 615 559 450 840 474 527 11 516 514 693 552 89 6 140 153 249 16 78 119 130 52 60 103 92 163 131 122 137 225 297 5 253 430 355 340 74 389 22 83 109 47 145 148 79
78 491 558 772 655 531 694 78 648 618 560 631 646 555 630 696 585 811 636 776 559 526 596 640 548 731 514 589 657 529 533 551 499 647 693 552 616 137 675 785 644 759 249 602 880 571 612 818 92 52 802 615 840 527 140 516 812 179 853 605 444 737 341 163 430 119 11 6 130 153 89 340 389 29 83 131 257 125 60 416 16 187 22 5 103 109 225 122 50 297 355 253 74 76 203 144 33 145 148 128 111 47 79 401 88 41
79 615 818 644 759 555 616 630 696 853 79 60 589 602 657 840 527 618 636 571 776 675 526 585 491 529 297 253 737 785 516 648 533 551 499 612 646 802 647 811 560 605 47 187 880 559 596 432 449 544 640 548 731 846 558 772 655 531 694 120 514 122 459 631 431 334 693 552 153 434 131 6 119 203 225 11 130 430 257 140 249 163 50 78 401 29 5 52 74 103 145 148 128 355 125 89 111 88 16 416 92 137 76 340 41 389 83 144 33 109 22
210 210 136 150 211 220 190 226 247 265 286 290 48 228 250 293 233 239 252 264 255 214 281 275 206 208 209 231 236 213 234 289 219 36 149 229 202 241 246 198 258
83 558 772 655 531 694 514 812 605 802 648 631 646 559 83 526 693 552 737 785 596 125 640 548 731 657 416 602 571 491 544 846 589 560 811 636 675 516 853 555 630 696 647 818 499 529 618 776 840 527 50 612 616 644 759 615 585 340 880 405 389 219 260 78 446 111 203 6 131 22 187 137 163 379 128 249 109 112 5 401 15 56 19 92 52 29 153 430 140 11 122 60 88 119 130 89 41 225 145 148 297 47 253 257 16 355 76 74 144 103 33 79
340 558 772 655 531 694 648 631 646 340 526 785 657 596 640 548 731 602 491 514 812 589 560 811 675 605 802 647 559 499 555 630 696 529 776 818 618 612 636 571 693 552 457 585 880 389 616 78 644 737 759 853 445 516 840 527 533 551 615 83 341 6 125 105 544 846 192 416 22 137 249 5 153 92 52 29 140 11 163 50 119 131 122 130 89 187 225 60 260 203 111 430 257 355 47 16 109 128 297 74 253 76 379 401 112 15 144 103 33 145 148 56 19 88 41 79
88 737 605 853 571 818 840 527 88 636 516 203 802 514 812 644 759 589 187 585 615 544 401 846 776 618 616 648 559 533 602 551 529 526 612 693 552 131 785 675 558 772 655 531 694 555 630 696 111 647 811 125 491 429 476 499 596 416 640 548 731 631 646 560 657 430 366 160 368 292 60 153 6 50 122 145 148 128 297 253 83 260 119 47 225 130 249 41 11 163 103 74 29 140 79 52 78 355 379 109 257 112 15 89 56 340 19 389 92 137 16 5 22
89 811 560 785 529 585 880 89 526 533 551 648 596 640 548 731 491 555 630 696 618 636 776 602 657 647 631 646 571 140 558 772 655 531 694 589 29 499 616 644 759 612 675 516 559 818 615 802 249 840 527 514 693 552 853 6 737 92 52 605 78 544 11 846 303 257 812 76 153 137 131 103 144 33 163 16 60 119 130 430 187 5 340 225 297 389 253 50 122 355 203 125 22 416 145 148 128 74 83 47 109 401 111 79 41 88
92 560 491 585 92 811 618 558 772 655 531 694 529 533 785 551 636 555 630 696 776 648 596 640 548 731 526 647 78 631 646 880 657 140 616 499 589 644 759 559 612 675 602 249 514 571 818 693 552 137 52 615 840 527 802 516 89 853 11 812 388 737 29 302 263 605 6 153 119 130 163 103 340 257 389 16 60 131 83 187 125 76 355 416 5 225 430 297 122 253 144 22 74 33 50 203 109 47 145 148 128 111 79 401 88 41
225 589 818 602 526 675 785 225 853 499 491 615 840 527 647 555 630 696 558 772 655 531 694 811 737 644 759 776 616 529 618 636 571 560 657 648 612 585 631 646 880 187 516 432 605 209 119 802 559 533 130 551 596 640 548 731 60 514 122 693 552 344 299 377 364 49 153 11 544 846 323 422 418 421 297 253 47 203 131 6 78 29 257 16 140 249 163 79 430 52 89 74 401 340 389 137 92 355 50 88 83 76 5 111 125 145 148 128 103 416 144 22 33 109 41
353 593 353 453 478 434 352 377 442 452 349 171 356 448 348 347 237 357 175 346 394 379
355 612 647 499 355 776 616 618 596 640 548 731 840 675 527 636 644 759 631 646 560 555 630 696 602 853 153 491 657 818 589 571 526 558 772 655 531 694 785 529 811 585 350 516 119 478 352 737 880 344 802 349 615 442 452 171 533 356 551 648 448 347 348 357 237 175 559 346 74 394 343 256 187 378 354 130 249 11 52 140 131 78 122 60 257 22 6 5 29 430 89 16 203 92 163 225 137 297 50 253 340 389 145 148 128 401 76 83 103 144 33 88 47 79 109 41
103 585 533 551 529 555 630 696 571 103 657 811 560 636 516 785 491 880 802 618 648 776 644 759 615 616 737 646 454 544 846 526 647 596 640 548 731 589 602 818 499 840 527 559 514 612 558 605 772 655 531 694 140 631 131 675 853 693 552 812 350 257 29 6 430 222 249 60 11 89 153 78 92 52 50 122 203 145 148 297 128 119 253 130 163 76 137 47 187 5 125 16 111 144 416 33 401 74 41 88 79 225 355 83 340 389 109 22
108 108 0 228 469 480 423 466 475 479 477 234 289 318 36 476 176
109 559 514 693 552 491 109 812 648 802 605 555 630 696 811 558 657 772 655 531 694 529 571 737 163 785 585 526 125 589 560 636 776 516 432 416 499 616 631 646 675 6 602 533 818 551 618 615 880 647 840 527 476 596 640 548 731 853 612 644 759 50 78 83 119 130 153 260 29 131 111 203 137 140 60 11 249 430 187 92 52 379 257 89 340 401 389 112 15 56 19 297 122 253 5 88 225 145 148 128 74 103 16 47 76 355 22 144 33 79 41
111 605 544 846 737 111 514 812 802 571 853 636 516 559 818 840 527 644 759 128 585 693 552 618 558 772 655 531 694 203 125 616 648 533 602 551 416 589 459 529 776 526 615 41 187 131 785 675 430 555 631 646 630 696 447 401 647 811 49 612 491 132 50 499 8 268 88 83 260 6 122 145 148 153 60 379 47 109 112 15 56 19 119 78 297 249 253 340 163 103 389 29 140 11 52 130 225 257 89 137 74 355 92 22 79 16
112 812 112 514 260 605 802 559 379 15 412 56 19 693 552 737 558 125 772 655 531 694 416 571 410 544 846 258 402 400 648 279 397 243 201 484 295 436 417 411 285 636 268 516 853 398 418 205 631 646 50 83 111 203 131 187 128 109 401 6 163 430 340 389 88 41 145 148 22
125 514 812 605 802 559 125 693 552 737 558 772 655 531 694 416 571 544 846 648 636 516 853 631 646 491 465 526 386 50 644 759 818 585 840 602 527 657 83 206 370 785 231 459 618 596 260 640 548 731 395 616 555 630 696 533 111 551 675 529 560 615 203 811 373 776 302 430 499 169 647 369 374 284 589 303 362 450 249 612 131 187 379 128 109 112 401 15 163 56 19 340 6 389 88 78 122 41 153 60 145 148 22 137 11 119 130 29 47 5 140 297 253 92 52 257 103 89 355 74 16 225 79
119 499 675 119 647 602 491 589 612 618 526 596 818 640 548 731 776 616 555 630 696 636 840 527 644 759 785 560 853 657 529 631 646 559 130 648 571 811 585 615 558 772 655 531 694 95 514 693 552 49 516 880 153 533 551 737 802 138 8 121 4 38 39 11 20 137 118 605 544 51 846 1 355 122 225 187 78 249 163 60 6 257 52 131 74 16 140 47 29 92 297 430 253 203 5 125 89 22 416 50 109 340 389 76 103 145 401 148 128 79 144 83 33 111 88 41
249 249 618 636 776 560 491 647 644 759 585 52 811 529 558 616 772 655 531 694 785 499 612 533 551 596 640 548 731 571 526 555 630 696 675 648 880 78 840 589 527 516 657 615 631 646 140 602 303 802 559 818 853 514 737 89 693 552 137 92 544 846 153 11 605 59 35 125 119 29 131 6 130 60 257 16 163 187 430 355 103 340 389 74 297 122 253 50 203 83 76 47 225 145 148 128 5 416 144 33 22 111 79 401 109 41 88
122 602 675 571 615 589 526 636 516 818 122 499 802 785 644 759 585 737 647 544 846 618 555 630 696 616 648 533 551 491 776 529 47 612 605 558 772 655 531 694 657 60 131 853 514 812 596 640 548 731 840 811 527 236 560 880 631 646 559 430 219 297 149 253 119 202 241 262 292 188 204 693 552 235 254 6 50 203 225 145 148 128 153 11 79 130 187 125 111 416 401 78 257 249 41 163 103 88 29 140 355 52 16 83 340 389 89 137 74 5 76 92 144 22 33 109
379 812 379 56 514 260 605 802 559 112 15 348 19 237 693 552 346 737 357 381 378 558 125 772 655 531 694 416 571 353 50 83 111 203 131 128 109 401 163 340 389 88 41
124 178 124 302
253 615 818 253 644 759 555 616 630 696 853 60 589 602 657 840 527 618 636 571 776 675 526 585 491 529 297 737 785 516 648 533 551 499 612 646 802 647 811 560 605 47 187 325 79 880 559 596 544 640 548 731 846 558 772 655 531 694 514 122 227 259 321 631 313 326 280 693 552 337 181 296 223 168 153 131 6 119 203 225 11 130 430 257 140 249 163 50 78 401 29 5 52 74 103 145 148 128 355 125 89 111 88 16 416 92 137 76 340 41 389 83 144 33 109 22
