0 0 108 48 310 120 36 476 445 228 366 160 134
257 529 880 811 585 257 785 555 630 696 526 560 533 551 618 657 491 776 636 589 648 602 571 675 616 647 818 615 596 499 640 548 731 646 644 759 612 11 76 516 840 527 631 558 559 772 655 531 694 179 802 29 853 144 33 445 514 693 552 737 442 284 16 6 140 153 89 130 119 60 131 103 249 78 52 163 187 122 297 92 253 225 430 5 137 47 355 50 74 203 145 148 128 79 340 389 22 109 401 83 41 88
130 491 589 499 675 818 602 526 776 616 647 555 630 696 130 840 612 527 785 618 119 657 853 529 644 759 559 636 648 585 596 640 548 731 615 811 560 463 558 772 655 531 694 153 514 693 552 458 571 533 551 880 631 646 737 11 363 281 516 275 310 120 802 225 234 187 78 605 388 95 163 60 6 257 74 16 140 249 52 355 122 137 29 131 92 297 253 203 47 89 5 125 109 430 340 103 389 416 76 79 50 401 144 83 33 145 148 128 22 88 111 41
131 571 636 516 802 644 759 585 737 618 544 846 616 131 648 533 551 602 776 529 605 615 555 630 696 675 853 514 647 812 818 811 589 486 526 491 499 657 430 560 840 527 612 559 785 467 596 558 640 548 731 772 655 531 694 6 50 646 122 203 693 552 488 631 880 120 208 145 148 128 479 457 179 482 36 350 476 60 187 125 111 401 416 47 153 103 249 41 297 88 163 140 253 29 119 11 52 257 78 89 130 83 225 355 79 260 92 16 137 74 109 5 340 389 76 22 112 144 15 33 19
128 544 846 605 571 636 128 516 802 644 759 585 737 514 812 618 111 616 648 533 551 602 41 776 529 131 615 555 630 696 675 853 818 647 432 811 491 499 785 840 527 657 558 612 772 655 531 694 589 560 428 526 431 334 559 430 125 416 6 50 122 203 145 148 60 187 153 401 47 83 103 249 260 297 88 163 140 253 11 119 29 52 257 78 89 130 355 79 112 15 340 225 74 389 16 137 92 19 109
389 558 772 655 531 694 648 631 646 389 526 785 596 640 548 731 657 602 491 589 560 675 514 812 811 647 408 499 605 559 555 630 696 802 529 818 612 776 618 636 340 571 385 693 552 585 263 880 616 78 368 439 644 759 8 217 615 853 83 840 277 527 6 125 22 416 137 5 249 153 92 29 52 11 140 163 122 130 119 131 50 187 225 60 89 260 203 257 355 16 111 47 297 253 109 74 76 144 33 103 145 148 112 15 19 79
6 648 811 555 630 696 491 571 6 559 785 529 657 560 636 558 772 655 531 694 585 514 693 552 516 880 526 802 533 551 644 759 631 646 616 615 737 618 589 602 776 544 846 596 640 548 731 499 675 647 818 840 163 527 812 605 29 612 131 853 385 169 430 60 153 89 78 140 50 257 122 203 130 119 125 11 109 145 148 340 128 249 389 416 297 52 253 76 5 92 137 83 103 187 47 111 144 33 401 225 22 74 41 88 16 79 355
260 812 260 514 605 802 112 379 15 559 19 56 412 693 552 737 125 413 416 229 558 772 655 531 694 410 258 402 400 279 571 377 364 397 418 201 243 484 417 411 398 285 268 205 50 83 111 203 131 109 128 401 163 88 340 389 41
136 210 136 206 150 211 220 190 226 247 265 286
137 491 137 558 772 655 531 694 648 78 618 560 631 646 555 630 696 585 636 776 559 526 811 596 640 548 731 657 589 529 514 533 551 249 647 499 616 693 785 552 675 644 602 759 612 571 318 92 818 52 880 95 49 615 349 840 527 341 119 439 140 802 237 8 105 138 409 812 121 38 516 4 39 163 130 6 11 153 340 389 89 29 83 60 131 257 125 22 5 416 16 187 225 103 109 122 297 253 355 50 430 74 76 47 144 33 145 148 79
5 657 646 555 630 696 596 640 548 731 558 772 655 531 694 631 5 648 560 491 529 647 585 612 615 526 776 616 533 811 551 618 190 840 499 527 644 759 636 785 433 675 818 441 233 880 559 571 602 853 589 693 802 552 482 153 514 812 350 36 476 516 6 60 340 389 11 119 78 140 29 22 130 297 83 257 253 163 187 355 131 89 125 74 103 416 137 16 122 47 249 79 92 52 50 430 76 144 33 109 225 145 148
11 526 618 555 785 630 696 776 529 636 589 491 602 11 585 880 675 560 657 811 647 499 644 759 616 818 533 551 612 648 558 772 655 531 694 571 406 596 615 640 548 731 840 631 646 527 853 16 257 516 559 119 140 802 130 408 249 737 514 693 552 153 405 605 544 846 385 52 29 78 60 89 92 131 6 225 187 122 76 163 137 144 297 33 253 103 355 5 47 74 430 203 340 389 50 125 83 145 148 79 128 416 22 401 109 111 88 41
140 560 585 811 533 551 529 140 785 618 596 640 548 731 491 636 776 555 630 696 526 880 647 631 646 648 657 644 571 759 616 612 499 558 772 655 531 694 589 675 89 249 602 92 516 52 615 818 559 11 802 78 840 527 29 853 737 514 693 552 444 605 544 846 137 6 103 153 257 16 131 130 119 60 163 76 187 430 144 122 33 355 5 297 22 253 50 340 203 389 225 74 125 145 47 148 128 416 83 109 401 111 79 41 88
15 812 15 260 514 605 802 379 112 559 19 370 56 395 693 416 552 388 737 125 445 302 374 284 303 362 558 772 655 531 694 571 50 83 111 203 131 109 128 163 401 340 88 389 41
16 526 618 16 555 785 630 696 776 529 636 589 491 602 585 880 675 560 657 811 647 499 11 644 759 616 818 533 551 612 648 558 772 655 531 694 571 596 615 640 548 731 840 631 646 527 363 853 275 257 516 559 140 802 388 476 130 119 737 385 447 95 514 693 552 49 153 249 52 29 78 60 89 92 131 6 225 187 122 76 163 137 144 297 33 253 103 355 5 47 74 430 203 340 389 50 83 145 148 79 128 22 401 109 88 41
145 571 430 636 516 145 802 644 759 585 737 618 544 846 616 648 533 551 602 776 529 605 131 615 555 630 696 675 853 514 647 812 818 811 412 589 491 499 526 657 612 560 382 559 785 840 527 413 880 229 415 596 640 548 731 558 646 772 655 531 694 6 50 258 402 122 203 148 128 60 187 125 111 153 401 416 47 103 249 41 297 88 163 140 253 11 119 29 52 257 78 130 89 83 355 225 79 74 16 92 137 76 109 5 340 389 144 33
401 737 605 401 853 571 818 840 527 203 636 516 514 812 802 187 644 759 589 585 615 618 776 544 846 616 415 648 559 533 551 602 400 88 397 526 612 131 418 693 552 268 529 555 785 411 630 696 491 675 398 558 111 224 772 655 531 694 195 647 489 811 125 416 430 60 153 6 50 122 145 148 128 297 83 253 260 225 47 130 11 103 249 29 41 163 140 74 52 79 355 109 112 15 19 340 389 16
19 812 19 260 514 605 802 112 379 15 559 56 382 693 552 413 737 125 415 229 410 258 402 400 416 279 558 772 655 531 694 397 417 205 295 268 418 201 411 243 571 285 484 50 83 111 203 131 109 128 163 401 340 88 389 41
148 516 571 636 802 148 644 759 585 737 618 544 846 616 648 533 551 602 776 529 605 131 615 555 630 696 675 853 514 647 812 818 811 589 491 499 526 657 612 560 432 459 559 430 785 840 527 213 880 596 640 548 731 334 558 646 772 655 531 694 385 6 50 122 203 145 128 60 187 125 111 153 401 416 47 103 249 41 297 88 163 140 253 11 119 29 52 257 78 130 89 83 355 225 79 74 16 92 137 76 109 5 340 389 144 33
144 880 811 144 529 785 560 585 526 555 630 696 76 648 533 551 33 657 491 602 257 618 596 640 548 731 589 776 29 636 675 647 499 631 646 558 772 655 531 694 616 302 818 368 450 571 612 644 759 615 11 89 6 140 153 16 249 130 78 119 60 103 52 163 92 131 122 225 5 297 137 253 355 340 47 389 74 22 79
22 631 596 640 548 731 558 772 655 531 694 646 22 648 560 647 526 612 657 499 785 228 675 811 618 776 616 602 840 527 491 636 589 392 644 759 555 630 696 477 529 234 289 514 812 585 388 246 198 605 571 880 559 802 853 436 153 316 818 196 340 389 78 83 119 6 5 140 29 125 355 416 137 89 187 249 74 130 92 52 131 11 163 257 122 50 225 76 103 16 144 33 109
278 763 278 424 241 262 283 221 417 254 235 204 288 212 240 238 331 259 232 317 194 383 321 157
153 776 616 840 612 527 153 647 596 640 548 731 644 759 555 630 696 618 853 491 499 657 636 631 646 560 818 675 589 529 585 571 526 737 785 602 615 811 533 551 558 772 655 531 694 74 648 236 355 213 516 559 219 187 880 149 241 802 605 134 130 262 119 283 222 216 188 514 693 552 235 204 277 199 240 253 212 251 398 11 60 131 249 6 52 203 140 78 163 257 5 29 225 22 297 122 430 16 89 401 92 137 50 103 125 340 389 416 145 148 88 128 47 111 76 79 83 144 109 33 41
29 811 785 560 529 880 526 648 585 29 555 630 696 596 640 548 731 533 551 602 491 657 589 631 646 558 772 655 531 694 571 618 675 776 559 647 89 499 818 636 6 612 616 514 693 552 516 615 802 488 140 840 208 527 644 759 853 257 179 737 76 350 444 445 11 144 33 163 153 131 249 78 92 119 52 130 60 103 16 187 430 225 137 5 340 389 22 297 253 125 50 122 203 355 416 109 83 145 148 128 74 47 401 79 41 88
416 416 514 812 605 802 559 693 552 737 125 558 772 655 531 694 571 544 648 846 169 430 636 853 631 646 491 57 516 304 50 375 13 526 173 65 300 330 644 759 203 83 3 585 818 840 81 301 527 97 260 602 785 374 15 207 63 342 487 35 618 31 386 589 596 640 548 731 111 370 616 131 187 109 379 128 112 163 401 56 19 88 340 6 389 78 122 41 148 22 137 130 5 47 92 225 103 145
33 880 811 33 529 785 560 585 526 555 630 696 76 648 533 551 144 657 491 602 257 618 596 640 548 731 589 776 29 636 675 647 499 631 646 558 772 655 531 694 616 818 571 612 644 450 759 615 11 89 6 140 153 16 249 130 78 119 60 103 52 163 92 131 122 225 5 297 137 253 355 340 47 389 74 22 79
163 491 559 514 693 552 648 555 630 696 163 811 657 529 571 585 785 558 772 655 531 694 812 589 526 6 560 636 605 776 616 533 551 516 499 675 602 615 618 880 818 631 646 802 647 840 612 527 644 759 737 596 640 548 731 853 544 78 846 109 130 119 125 153 29 131 416 137 60 11 140 249 92 52 257 430 187 89 83 297 253 50 122 5 203 340 389 225 103 145 148 128 74 260 16 47 76 355 144 33 22 401 111 79 41 88 112 15 56 19
297 615 297 818 644 759 555 616 630 696 60 853 589 657 602 618 840 527 636 253 776 571 491 529 585 526 675 785 737 533 499 551 368 648 612 516 309 204 646 647 421 802 811 560 47 187 327 335 605 79 330 326 280 184 596 640 548 731 225 223 880 558 772 655 531 694 296 333 559 287 98 324 122 153 131 6 203 11 130 119 430 257 140 163 249 78 5 29 50 52 401 74 103 355 145 148 128 89 16 88 111 92 137 76 340 389 41 144 33 109
41 544 846 605 571 41 636 516 802 128 644 759 585 737 514 812 618 111 616 648 533 551 252 602 776 529 281 131 559 555 630 696 615 675 853 647 428 811 491 818 693 431 334 552 657 499 430 125 416 6 50 122 203 145 148 60 187 153 401 47 83 103 249 260 88 163 140 297 11 29 253 52 257 89 109 112 79 15 74 16 19
430 430 571 636 516 802 644 759 145 585 737 618 544 846 616 648 533 551 374 602 416 776 529 605 131 288 166 615 555 630 696 675 304 514 853 375 818 647 812 185 173 65 811 300 491 499 840 527 657 589 81 612 301 560 526 165 291 111 125 207 159 63 487 35 559 31 386 78 785 558 772 655 531 694 6 50 122 203 148 128 60 187 153 401 47 103 249 41 297 88 163 140 253 11 119 29 52 257 89 130 83 355 79 225 74 16 92 137 340 389 109
47 615 602 818 675 47 571 644 759 589 526 636 555 616 630 696 499 785 516 60 122 853 802 585 657 737 618 840 527 297 253 533 648 551 776 491 529 544 846 558 772 655 531 694 605 646 811 612 131 647 514 560 596 640 548 731 187 812 559 95 631 160 79 119 430 6 203 153 225 50 130 145 148 128 11 125 401 111 140 163 416 29 103 257 88 249 78 5 41 52 89 74 340 389 355 83 16 92 137 22 109
50 802 571 514 812 605 50 636 516 559 644 759 585 737 618 693 552 544 846 616 648 533 551 416 125 602 558 772 655 531 694 776 529 131 615 555 630 696 675 853 647 526 589 818 811 631 646 491 499 657 612 560 596 640 548 731 430 785 840 527 83 6 122 203 111 260 145 148 128 60 187 153 401 47 109 379 112 15 103 249 56 41 297 19 88 163 140 11 253 78 119 29 52 340 389 257 130 89 225 137 355 79 5 74 16 92 22
178 178 124 171 175 167 173 184 441 118 98 1 182 159 73
52 618 636 776 560 52 491 249 647 644 759 585 616 529 558 772 655 531 694 499 612 811 596 533 640 548 731 785 551 571 526 555 630 696 675 648 78 840 527 657 589 615 880 140 631 646 516 602 818 802 559 853 737 137 92 514 693 429 552 605 153 11 544 846 447 446 263 89 119 131 29 6 60 130 257 16 163 187 355 430 103 340 389 74 297 122 253 50 203 125 83 145 47 148 128 76 416 225 5 144 22 33 79 401 111 109 41 88
56 812 56 379 260 514 605 802 112 15 559 382 413 19 415 229 410 693 552 402 400 279 397 417 737 201 295 268 411 125 205 418 362 285 243 416 50 83 111 203 109 401 88
187 853 818 840 527 187 737 489 589 605 615 616 602 462 776 419 239 526 571 612 365 644 675 759 555 630 696 414 457 499 491 785 636 203 618 647 364 596 516 640 548 731 366 362 290 657 514 812 802 160 153 60 367 529 308 464 461 585 631 646 401 811 560 559 329 331 558 772 655 531 694 544 846 648 533 551 88 297 253 225 131 130 111 119 125 416 74 47 11 79 430 355 6 50 122 78 145 148 128 140 29 257 163 249 83 16 52 5 89 92 137 340 22 103 389 41 109
60 615 818 644 759 60 555 616 630 696 853 589 657 602 618 297 840 527 253 636 776 571 491 529 585 526 675 785 737 533 551 648 612 516 499 646 432 647 187 802 79 811 560 47 605 596 640 548 731 880 558 772 655 531 694 559 544 846 427 122 514 631 205 204 325 323 489 309 422 367 153 131 6 119 203 225 11 130 430 257 140 163 249 78 5 29 50 52 401 74 103 355 145 148 128 89 16 88 125 111 92 137 76 340 389 83 41 144 33 109 22
74 776 616 840 612 527 74 647 596 640 548 731 644 759 555 630 696 618 153 853 491 499 657 636 631 646 560 818 675 589 529 585 571 526 737 785 602 615 811 533 551 558 772 655 531 694 648 516 559 187 334 880 802 605 355 130 119 427 11 60 131 249 6 52 203 140 78 163 257 5 29 225 22 297 253 122 430 16 89 401 92 137 50 103 340 389 145 148 88 128 47 111 76 79 83 144 109 33 41
203 737 605 853 571 203 818 840 527 636 516 514 812 802 187 644 759 401 589 585 615 618 776 544 846 616 88 648 559 533 551 602 529 526 382 612 131 416 693 552 413 414 785 555 630 696 675 415 229 388 558 772 655 531 694 111 489 647 410 125 258 402 400 279 811 560 369 397 417 491 499 201 268 295 411 243 484 596 285 418 640 548 731 657 398 205 430 60 153 6 50 122 145 148 128 297 83 253 260 119 225 47 130 103 249 41 163 140 29 74 11 52 79 355 109 257 379 112 15 89 56 19 340 389 16
76 880 76 811 529 785 560 585 526 555 630 696 648 533 551 144 33 657 491 602 257 618 596 640 548 731 589 776 29 636 675 647 450 499 631 646 558 772 655 531 694 616 818 474 571 612 644 759 615 11 89 6 140 153 16 249 130 78 119 60 103 52 163 92 131 122 225 5 297 137 253 355 340 47 389 74 22 79
78 491 558 772 655 531 694 78 648 618 560 631 646 555 630 696 585 636 776 559 526 137 811 596 640 548 731 657 589 529 514 533 551 249 647 616 499 693 785 552 675 644 602 759 92 612 571 818 52 880 615 840 527 179 140 802 812 516 444 853 605 341 737 430 163 130 119 6 11 153 340 389 89 29 83 60 131 257 125 22 5 416 16 187 225 103 109 122 297 253 355 50 74 203 76 144 33 145 148 128 111 47 79 401 88
79 615 818 644 759 79 555 616 630 696 60 853 589 657 602 618 840 527 297 253 636 776 571 491 529 585 526 675 785 737 533 499 551 648 612 516 646 647 432 449 802 120 811 459 560 47 187 605 596 640 548 731 431 334 880 558 772 655 531 694 559 434 122 153 131 6 203 225 11 130 119 430 257 140 163 249 78 5 29 50 52 401 74 103 355 145 148 128 89 16 88 111 92 137 76 340 389 41 144 33 109
210 210 136 150 211 220 190 226 247 265 286 290 48 228 250 293 233 239 252 264 255 214 281 275 206 208 209 231 236
83 558 772 655 531 694 514 812 605 648 802 631 646 83 559 526 693 552 785 737 125 596 416 640 548 731 657 602 491 571 589 560 675 811 544 846 555 630 696 636 647 853 818 618 499 529 516 776 50 405 840 612 527 616 219 340 644 759 389 880 585 615 446 78 260 111 203 6 22 131 137 163 187 5 109 249 379 128 112 401 15 153 29 92 56 52 19 11 122 140 88 60 430 130 119 225 89 41 145 148 257 297 47 253 16 355 74 76 144 33 103 79
340 558 772 655 531 694 648 340 631 646 526 785 596 640 548 731 657 602 491 589 560 675 514 812 811 647 499 605 457 559 555 630 696 802 529 818 612 776 618 636 445 571 389 693 552 585 880 616 78 341 644 759 105 615 853 83 840 527 192 6 125 22 416 137 5 249 153 92 29 52 11 140 163 122 130 119 131 50 187 225 60 89 260 203 257 355 16 111 47 297 253 109 74 76 144 33 103 145 148 112 15 19 79
88 737 605 853 88 571 818 840 527 203 636 516 514 812 802 187 644 759 401 589 585 615 618 776 544 846 616 648 559 533 551 602 526 612 131 429 476 693 552 529 489 555 785 630 696 491 675 558 111 772 655 531 694 366 647 160 811 125 368 292 416 430 60 153 6 50 122 145 148 128 297 83 253 260 225 47 130 11 103 249 29 41 163 140 74 52 79 355 109 112 15 19 340 389 16
89 811 560 785 89 529 585 880 526 533 551 596 648 640 548 731 555 630 696 491 618 636 776 140 602 657 631 646 647 571 29 589 558 772 655 531 694 499 616 675 644 612 759 818 516 559 249 615 802 840 527 6 92 514 693 552 52 853 303 737 11 78 257 76 153 131 103 144 33 137 60 163 16 130 119 187 430 5 225 297 340 355 50 122 22 253 389 203 145 148 128 74 83 47 109 401 79 41 88
92 560 491 92 585 558 618 772 655 531 694 811 529 533 551 785 555 630 696 636 596 648 776 640 548 731 78 526 647 140 631 646 657 880 616 589 644 759 249 499 612 559 675 602 137 571 514 818 52 693 552 615 840 527 89 388 802 516 853 11 302 263 29 153 6 130 119 163 103 340 389 257 16 60 131 83 187 76 355 125 5 225 122 22 297 253 416 430 74 144 33 50 109 47 145 148 79
225 589 818 602 526 225 675 785 499 853 491 615 840 527 647 558 772 655 531 694 555 630 696 811 644 759 737 529 776 616 618 636 571 432 648 560 657 209 585 612 631 646 187 880 130 119 605 533 551 516 344 299 377 364 49 559 297 60 253 596 640 548 731 802 514 323 422 418 122 421 153 11 47 203 29 131 6 78 257 16 140 163 249 79 340 89 52 389 74 401 430 137 92 355 125 83 50 416 88 5 76 111 22 145 148 103 128 144 33 109 41
353 593 353 453 478 434 352 377 442 452 349 171 356 448 348 347 237 357 175 346 394 379
355 612 647 355 499 776 616 618 596 640 548 731 675 840 527 636 644 759 631 646 560 602 555 630 696 153 853 491 657 818 571 589 350 478 352 558 526 772 655 531 694 529 785 344 811 349 648 442 585 452 171 119 356 448 347 348 357 516 237 175 346 615 394 880 737 802 533 551 343 256 378 74 187 130 11 249 52 131 140 78 122 60 22 257 5 6 29 89 16 430 203 92 163 225 137 47 50 297 253 340 389 145 148 128 401 83 103 76 144 33 88 79
103 585 533 551 529 555 630 696 103 571 657 811 560 636 516 491 785 880 802 618 648 454 776 644 759 615 616 737 646 544 846 647 526 596 640 548 731 589 818 602 840 527 499 140 612 559 514 605 558 631 772 655 531 694 131 350 675 853 693 552 222 257 29 6 60 153 11 89 430 249 92 78 52 50 122 203 145 148 128 297 253 130 163 119 76 5 47 187 137 16 125 111 144 33 401 416 74 41 79 88 225 355 83 340 389 109 22
108 108 0 228 469 480 423 466 475 479 477 234 289 48 445 318 36 476 176
109 559 514 693 552 109 491 812 605 648 802 555 630 696 811 657 558 772 655 531 694 163 529 432 737 571 125 585 785 526 476 416 589 560 636 6 631 646 880 533 551 516 499 50 78 83 130 119 260 153 29 131 203 111 137 60 11 140 249 92 52 128 430 401 340 379 257 112 89 389 15 56 19 5 88 225 103 145 148 74 76 16 41 22 144 33
111 605 544 846 737 111 514 812 571 802 853 636 516 559 128 818 840 644 527 759 693 585 552 416 125 203 618 616 459 558 772 655 531 694 648 533 551 602 615 776 589 447 187 41 430 131 49 526 529 132 555 630 696 785 675 8 268 401 50 88 83 260 6 122 60 145 148 153 109 379 112 15 47 56 297 19 253 103 29 163 340 389 225 74 79
112 812 112 260 514 605 802 412 379 15 559 19 56 693 552 410 737 125 258 402 400 279 397 243 201 484 295 436 417 416 558 418 411 772 655 531 694 285 268 398 205 571 50 83 111 203 131 109 128 163 401 340 88 389 41
125 514 812 605 802 559 125 693 552 737 416 558 772 655 531 694 571 544 648 846 636 465 853 631 646 491 516 386 50 526 644 759 206 370 83 231 459 585 818 840 527 395 260 602 785 618 589 596 640 548 731 111 616 203 555 630 696 373 776 302 169 533 369 657 374 551 284 529 430 560 303 362 675 450 249 615 131 187 109 379 128 112 163 401 15 56 19 88 340 6 389 78 122 41 153 60 145 148 22 137 11 130 140 5 52 29 47 297 253 92 225 103 74 16 79
119 499 675 119 647 602 491 589 612 618 596 640 548 731 818 526 776 616 636 555 630 696 840 527 644 759 785 560 130 657 631 646 853 529 571 559 648 95 811 585 49 615 558 772 655 531 694 153 138 8 514 693 552 121 533 551 880 4 38 516 39 737 20 802 137 11 118 310 51 1 355 122 225 187 78 163 249 60 52 6 257 131 74 16 140 47 29 92 297 253 203 430 5 22 89 50 340 389 109 103 145 148 128 76 401 79 83 144 33 88 41
249 249 618 636 776 560 491 647 644 759 52 585 616 529 558 772 655 531 694 499 612 811 596 533 640 548 731 785 551 571 526 555 630 696 675 303 648 78 840 527 657 589 615 880 140 631 646 516 602 818 802 559 89 853 59 737 137 35 92 153 11 119 131 29 6 60 130 257 16 163 187 355 430 103 340 389 74 297 122 253 50 203 83 145 47 148 76 128 225 5 144 22 33 79 401 109 41 88
122 602 675 571 589 122 526 615 636 499 818 516 785 802 644 759 585 737 647 618 544 846 616 648 555 630 696 533 47 551 776 529 491 612 558 772 655 531 694 605 131 657 60 853 514 596 640 548 731 236 812 840 811 527 219 631 646 149 560 202 241 880 262 119 559 292 430 297 188 253 204 235 254 6 50 203 225 145 148 128 11 130 153 187 79 125 111 401 416 257 78 103 249 41 88 163 140 355 29 52 16 340 83 389 89 137 5 74 76 92 22 144 33 109
379 379 812 56 260 514 605 802 348 237 15 346 357 381 559 378 112 353 19 125 416 50 83 111 109
124 178 124 302 167 171
253 615 253 818 644 759 555 616 630 696 60 853 589 657 602 618 840 297 527 636 776 571 491 529 585 526 675 785 737 533 499 551 648 612 516 325 646 647 79 802 811 560 47 227 187 259 153 605 321 313 326 280 596 640 548 731 225 880 337 181 558 296 223 772 655 531 694 168 559 270 287 485 122 131 6 203 11 130 119 430 257 140 163 249 78 5 29 50 52 401 74 103 355 145 148 128 89 16 88 111 92 137 76 340 389 41 144 33 109
