0 0 108 48 310 120 36 476 445 228 366 160 134
257 529 880 811 585 257 785 555 630 696 526 560 533 551 618 657 491 776 636 589 648 602 571 675 616 647 818 615 596 640 548 731 646 499 644 759 11 612 76 516 840 631 527 558 772 655 531 694 559 179 29 802 853 144 445 33 737 514 693 552 442 284 16 6 140 153 89 130 119 60 131 103 249 78 52 163 187 122 297 92 253 225 430 5 137 47 355 50 203 74 145 148 128 79 340 389 22 109 401 83 41 88
130 491 589 499 675 818 602 526 776 616 647 555 630 696 130 840 612 527 785 618 119 657 853 529 644 759 559 636 585 648 596 640 548 731 615 811 463 560 558 772 655 531 694 153 514 693 552 458 533 571 551 880 631 646 737 11 363 281 275 310 516 120 802 225 234 187 78 388 605 95 49 163 60 257 6 74 16 140 249 355 52 122 137 29 131 92 297 253 203 47 89 5 125 109 340 430 103 389 416 76 79 50 401 83 144 33 145 148 128 22 88 111 41
131 571 636 516 802 644 759 585 737 618 544 846 616 131 648 533 551 602 776 529 605 615 555 630 696 675 853 647 514 812 486 818 811 589 526 499 491 657 430 560 840 527 612 559 785 467 596 558 640 548 731 772 655 531 694 6 50 122 646 203 488 693 552 631 120 208 880 145 148 128 479 457 179 482 36 350 476 60 187 125 111 401 416 47 153 103 249 41 140 88 163 297 253 29 119 11 52 257 78 89 130 83 225 355 79 260 92 16 137 74 5 109 340 389 76 22 144 112 33 15 19
128 544 846 605 571 636 128 516 802 644 759 585 737 514 812 618 111 616 648 533 551 41 602 776 529 131 559 615 555 630 696 675 853 647 818 432 811 693 552 499 491 785 840 527 657 612 428 589 558 560 772 655 531 694 431 334 526 125 430 416 6 50 122 203 145 148 60 187 153 401 47 83 103 249 260 140 88 163 297 253 11 119 29 52 257 78 89 130 109 355 79 112 15 225 340 74 16 389 92 137 19
389 558 772 655 531 694 648 389 631 646 526 785 596 640 548 731 602 657 491 589 560 675 811 514 812 647 555 408 630 696 499 605 559 529 802 818 612 776 585 618 385 636 340 571 263 693 552 880 368 78 439 616 615 533 8 217 551 644 277 759 83 6 125 22 416 137 5 249 153 92 29 52 11 140 163 122 130 119 60 131 50 225 89 260 257 16 355 111 297 253 47 109 74 76 103 144 33 79
6 648 811 555 630 696 491 571 6 559 785 529 657 560 636 558 772 655 531 694 585 514 693 552 516 880 526 802 533 551 644 759 631 646 616 615 737 618 589 776 602 544 846 596 640 548 731 499 675 647 818 163 840 527 812 605 29 131 612 853 385 169 60 430 153 89 78 140 50 122 257 203 130 119 11 125 109 145 340 148 128 389 249 297 416 253 52 5 76 83 103 92 137 187 47 144 111 33 401 225 22 74 41 16 88 79 355
260 812 260 514 605 802 112 379 15 559 19 56 412 693 552 737 125 413 229 416 410 558 772 655 531 694 258 402 400 279 377 364 397 571 418 201 243 484 417 411 398 285 268 205 50 83 111 203 131 109 128 401 163 88 340 389 41
136 210 136 206 150 211 220
137 491 137 558 772 655 531 694 78 648 618 631 646 560 555 630 696 585 636 776 526 559 596 657 811 640 548 731 589 529 514 249 533 551 647 785 616 499 693 552 675 602 644 759 612 318 571 92 818 52 95 880 49 349 615 341 119 439 840 527 237 8 105 140 138 409 802 121 38 4 39 163 130 6 11 153 340 389 89 29 83 60 131 257 125 22 5 416 16 225 103 109 122 297 253 355 50 74 76 47 144 33 145 148 79
5 657 646 555 630 696 596 640 548 731 558 772 655 531 694 631 5 648 560 491 529 647 585 612 615 526 776 616 533 551 811 618 190 840 499 527 644 759 433 636 785 675 441 233 818 880 559 571 602 853 589 482 693 552 153 802 514 812 350 36 476 516 6 60 340 389 11 119 78 140 29 22 130 83 297 257 253 163 187 355 131 89 125 74 103 416 137 16 122 47 249 79 92 52 50 76 430 144 33 109 225 145 148
11 526 618 555 785 630 696 776 529 636 589 491 602 11 585 880 675 657 560 811 647 499 644 759 616 818 533 551 612 558 648 772 655 531 694 406 571 596 615 640 548 731 631 646 840 527 853 16 257 516 559 119 140 802 408 130 249 737 514 693 552 153 405 605 385 52 29 78 60 89 92 131 6 225 187 122 76 163 137 144 297 33 253 103 355 5 47 74 430 203 340 389 50 125 83 145 148 79 128 22 416 401 111 109 88 41
140 560 585 811 533 551 529 140 618 785 596 640 548 731 491 636 776 555 630 696 526 880 647 631 646 648 657 571 644 759 616 612 499 558 772 655 531 694 589 675 89 249 602 92 52 516 615 818 11 559 802 78 840 527 29 853 737 514 693 552 444 605 544 137 103 6 153 257 16 131 130 119 60 163 76 187 430 122 144 33 355 5 297 22 253 50 340 203 225 389 74 125 145 148 47 128 83 401 109 111 79 41 88
15 812 15 260 514 605 802 379 112 559 19 370 56 395 416 693 388 552 445 737 125 302 374 284 303 362 50 83 111 203 109 163 401 88
16 526 618 16 555 785 630 696 776 529 636 589 491 602 585 880 675 657 560 811 647 11 499 644 759 616 818 533 551 612 558 648 772 655 531 694 571 596 615 640 548 731 363 631 646 840 527 275 853 257 516 559 140 388 476 802 385 130 447 119 737 95 49 153 249 52 29 78 60 89 92 131 6 225 187 122 76 163 137 144 297 33 253 103 355 5 47 74 430 203 340 389 50 83 145 148 79 128 22 401 109 88 41
145 571 430 636 516 145 802 644 759 585 737 618 544 846 616 648 533 551 602 776 529 605 131 615 555 630 696 675 853 647 514 412 812 818 811 589 499 491 612 657 526 560 382 559 413 785 840 527 229 415 880 596 640 548 731 258 402 558 772 655 531 694 6 50 122 203 148 128 60 187 125 111 153 401 416 47 103 249 41 140 88 163 297 11 253 119 29 52 257 78 130 89 83 355 225 79 74 16 92 137 76 5 109 340 389 144 33
401 737 605 401 853 571 818 840 527 203 636 516 514 812 802 187 644 759 589 585 615 618 776 544 415 846 616 559 648 533 551 400 397 602 88 418 526 268 131 693 411 552 529 555 647 630 696 398 785 612 489 224 491 675 195 111 125 416 430 60 153 6 50 122 145 148 128 297 83 253 260 225 47 130 11 140 103 29 41 163 52 74 79 109 355 112 15 19 16
19 812 19 260 514 605 802 112 15 379 559 56 382 693 413 552 415 229 737 125 410 258 402 400 279 411 268 295 416 397 417 243 418 285 484 201 205 50 83 111 203 109 163 401 88
148 516 571 636 148 802 644 759 585 737 618 544 846 616 648 533 551 602 776 529 605 131 615 555 630 696 675 853 647 514 812 818 811 589 499 491 612 657 526 432 560 459 430 559 785 213 840 527 880 334 596 640 548 731 385 558 772 655 531 694 6 50 122 203 145 128 60 187 125 111 153 401 416 47 103 249 41 140 88 163 297 11 253 119 29 52 257 78 130 89 83 355 225 79 74 16 92 137 76 5 109 340 389 144 33
144 880 811 144 529 785 560 585 526 555 76 630 696 648 533 551 33 657 491 257 602 618 596 640 548 731 589 776 29 636 646 675 647 631 499 302 558 772 655 531 694 368 450 11 89 6 140 153 16 249 130 78 119 103 52 163 92 131 122 225 137 5 340 389 74 22
22 631 596 640 548 731 558 772 655 531 694 646 22 648 560 647 526 612 657 499 228 785 675 618 811 776 616 602 840 527 491 636 392 589 477 644 759 555 630 696 234 289 529 514 812 388 585 246 198 571 605 880 818 436 559 316 196 153 340 389 78 83 119 6 5 140 29 125 355 416 137 89 74 130 249 187 92 52 131 11 163 257 122 50 225 76 103 16 144 33 109
278 763 278 424 241 262 283 221 417 254 235 204 288 212 240 238 331 259 232 317 194 383 321 157
153 776 616 840 612 527 153 647 596 640 548 731 644 759 555 630 696 618 853 491 499 657 636 631 646 560 818 675 589 529 585 571 526 737 785 602 615 811 533 551 74 558 772 655 531 694 648 236 355 213 516 219 187 559 149 880 241 802 605 134 130 262 283 119 222 216 188 235 514 693 204 552 277 199 240 253 212 251 398 11 60 131 249 6 52 203 140 78 163 257 5 29 225 22 297 122 430 16 89 401 92 50 103 137 125 340 389 145 148 128 416 88 47 111 76 79 83 144 109 33 41
29 811 785 560 529 880 526 648 585 29 555 596 630 696 640 548 731 533 551 602 491 657 589 631 646 558 772 655 531 694 675 571 618 776 559 647 89 499 818 636 6 612 616 514 693 552 516 615 488 802 140 208 840 527 644 759 257 853 179 737 350 76 444 445 11 144 33 163 153 131 249 78 92 119 52 60 130 103 16 187 225 430 5 137 340 389 22 297 253 50 122 125 203 355 416 83 109 145 148 128 74 47 401 79 41 88
416 416 514 812 605 802 559 693 552 737 125 558 772 655 531 694 571 169 648 544 846 430 636 57 853 631 646 491 516 304 375 13 50 173 526 65 300 330 203 3 644 83 759 81 301 97 585 818 840 527 260 374 15 207 63 342 487 35 602 785 31 386 618 370 111 131 187 109 112 163 128 379 401 56 19 88 340 6 389 78 122 41 148 22 137 5 47 92 145 103
33 880 811 33 529 785 560 585 526 555 76 630 696 648 533 551 144 657 491 257 602 618 596 640 548 731 589 776 29 636 646 675 647 631 499 558 772 655 531 694 450 11 89 6 140 153 16 249 130 78 119 103 52 163 92 131 122 225 137 5 340 389 74 22
163 491 559 514 693 552 648 555 630 696 163 811 657 529 571 585 785 558 772 655 531 694 812 589 526 6 560 636 605 776 616 533 551 516 499 602 615 675 618 818 880 631 646 802 647 840 612 527 644 759 737 596 640 548 731 853 78 544 846 109 130 119 125 153 29 131 416 137 60 11 140 249 92 52 257 430 187 89 83 297 253 50 5 122 340 203 389 225 103 145 148 128 74 260 16 47 76 355 144 33 22 401 111 79 41 88 112 15 19
297 615 297 818 644 759 555 616 630 696 60 853 589 657 602 618 840 253 527 636 776 491 529 585 571 526 675 785 737 368 533 551 499 648 309 204 612 516 421 647 646 802 327 811 47 335 187 560 330 326 605 79 280 184 225 223 596 640 548 731 296 333 287 98 324 880 558 122 153 131 6 203 11 130 119 430 257 140 163 249 78 5 29 50 52 401 74 103 355 145 148 128 16 89 88 111 92 137 41
41 544 846 605 571 41 636 516 128 802 644 759 585 737 514 812 111 618 616 648 533 252 551 602 776 281 529 131 559 555 630 696 615 675 853 647 428 431 334 811 125 430 416 6 50 122 203 145 148 187 60 153 401 47 83 103 249 260 140 88 163 11 297 29 52 253 257 89 109 79 74 16
430 430 571 636 516 802 644 759 145 585 737 618 544 846 616 648 533 551 374 416 602 776 529 288 605 131 166 304 615 375 555 630 696 675 853 185 647 173 818 65 514 812 300 811 499 491 81 301 559 785 165 840 527 657 612 291 111 589 560 125 207 159 63 487 35 31 386 526 78 6 50 122 203 148 128 60 187 153 401 47 103 249 41 140 88 163 297 253 11 119 29 52 257 89 130 83 355 79 225 74 16 109
47 615 602 818 675 47 571 644 759 589 526 636 555 616 630 696 499 60 785 516 122 853 585 802 657 737 618 297 840 527 253 533 776 551 648 491 529 544 846 558 772 655 531 694 605 646 612 811 131 647 560 631 596 640 548 731 95 187 160 79 119 430 6 153 203 225 50 130 145 148 128 11 125 401 111 140 163 416 29 103 78 257 88 249 5 41 52 89 74 340 355 389 83 92 16 137 22
50 802 571 514 812 605 50 636 516 559 644 759 585 737 618 693 552 544 846 616 125 648 533 416 551 602 558 772 655 531 694 776 529 131 615 555 630 696 675 853 647 526 589 818 811 499 491 631 646 612 657 560 596 640 548 731 430 785 840 527 83 6 122 203 111 260 145 148 128 60 187 153 401 47 109 112 379 15 103 249 56 41 140 88 19 163 11 297 253 119 78 29 52 340 257 389 130 89 355 225 137 79 5 74 16 92 22
178 178 124 171 175 167 173 184 441 118 98 1 182 73 159
52 618 636 776 560 52 249 491 647 644 759 585 616 558 529 772 655 531 694 499 612 811 596 533 640 548 731 551 785 571 526 555 630 696 675 78 648 840 527 657 589 140 615 631 646 880 516 602 818 802 559 853 737 137 92 429 514 693 153 552 605 11 544 447 846 446 263 89 119 131 29 6 60 130 257 16 163 187 355 103 430 340 389 74 297 122 253 50 203 125 83 145 148 47 128 76 416 225 5 22 144 33 79 401 111 109 41 88
56 812 56 379 260 514 605 802 112 15 382 559 413 415 229 19 410 402 400 693 552 279 397 417 201 268 295 411 205 418 285 362 737 243 125 416 50 83 111 203 109 401 88
187 853 818 840 527 187 737 489 589 605 615 616 462 602 776 419 239 526 612 571 365 675 644 759 555 630 696 414 457 499 785 203 491 636 618 364 647 596 640 548 731 516 366 362 290 657 514 812 60 160 802 153 367 308 529 464 461 585 631 646 401 329 811 560 331 559 558 772 655 531 694 544 846 648 533 230 551 297 88 253 225 131 130 111 119 125 416 74 47 11 79 355 430 6 50 122 78 145 148 128 29 140 257 163 249 83 16 52 5 89 92 137 22 340 103 389 41 109
60 615 818 644 759 60 555 616 630 696 853 589 657 602 618 297 253 840 527 636 776 491 529 585 571 526 675 785 737 533 551 648 612 499 516 432 647 646 187 47 79 802 811 560 605 596 640 548 731 880 558 772 655 531 694 559 427 544 846 122 205 631 204 325 489 323 309 422 367 153 131 6 119 203 225 11 130 430 257 140 163 249 78 5 29 50 52 401 74 103 355 145 148 128 16 89 88 111 92 137 76 340 389 144 41 33 109 22
74 776 616 840 612 527 74 647 596 640 548 731 644 759 555 630 696 153 618 853 491 499 657 636 631 646 560 818 675 589 529 585 571 526 737 785 602 615 811 533 551 558 772 655 531 694 648 334 516 187 559 880 802 605 355 130 119 427 11 60 131 249 6 52 203 140 78 163 257 5 29 225 22 297 253 122 430 16 89 401 92 50 103 137 340 389 145 148 128 88 47 111 76 79 83 144 109 33 41
203 737 605 853 203 571 818 840 527 636 516 514 812 802 187 644 759 401 589 585 615 618 776 544 846 616 88 559 648 533 551 602 529 526 382 416 131 612 693 552 413 414 785 489 555 630 696 415 229 388 675 111 558 772 655 531 694 410 647 125 258 402 400 279 811 369 397 417 201 268 295 499 411 491 243 484 285 418 398 205 430 60 153 6 50 122 145 148 128 297 83 253 260 119 225 47 130 103 249 41 140 163 29 11 52 74 79 355 109 257 112 379 15 89 56 19 340 389 16
76 880 76 811 529 785 560 585 526 555 630 696 648 533 551 144 33 657 491 257 602 618 596 640 548 731 589 776 29 636 646 450 675 647 631 499 558 772 655 531 694 474 11 89 6 140 153 16 249 130 78 119 103 52 163 92 131 122 225 137 5 340 389 74 22
78 491 558 772 655 531 694 78 648 618 631 646 560 555 630 696 585 636 776 526 559 137 596 657 811 640 548 731 589 529 514 249 533 551 647 785 616 693 552 499 675 602 644 92 759 612 571 818 52 880 615 840 179 527 140 802 812 444 516 853 605 341 430 737 163 130 119 6 11 153 340 389 89 29 83 60 131 257 125 22 5 416 16 187 225 103 109 122 297 253 355 50 74 203 76 144 33 145 148 128 47 111 79 401 88
79 615 818 644 759 79 555 616 630 696 60 853 589 657 602 618 297 253 840 527 636 776 491 529 585 571 526 675 785 737 533 551 499 648 612 516 647 432 449 646 120 802 459 811 47 187 560 605 431 334 558 772 655 531 694 596 640 548 731 434 122 153 131 6 203 225 11 130 119 430 257 140 163 249 78 5 29 50 52 401 74 103 355 145 148 128 16 89 88 111 92 137 340 389 41
210 210 136 150 211 220 190 226 247 265 286 290 48 228 250 293 233 239 252 264 255 214 281 275 206 208 209 231 236
83 558 772 655 531 694 514 812 605 648 802 631 646 83 559 526 693 552 785 125 737 416 596 640 548 731 602 657 491 589 571 560 675 811 544 846 555 630 696 647 636 818 853 499 618 529 776 516 585 50 405 612 840 219 527 616 340 389 644 759 446 78 260 111 203 6 22 131 137 163 187 5 109 249 112 128 379 401 15 153 29 92 56 52 19 11 122 140 88 60 430 130 119 225 89 41 145 148 257 47 16 355 74 103
340 558 772 655 531 694 648 340 631 646 526 785 596 640 548 731 602 657 491 589 560 675 811 514 812 647 555 630 696 499 457 605 559 529 802 818 612 776 585 618 445 636 571 389 693 552 880 341 78 616 105 615 533 551 644 759 192 83 6 125 22 416 137 5 249 153 92 29 52 11 140 163 122 130 119 60 131 50 225 89 260 257 16 355 111 297 253 47 109 74 76 103 144 33 79
88 737 605 853 88 571 818 840 527 203 636 516 514 812 802 187 644 759 401 589 585 615 618 776 544 846 616 559 648 533 551 602 429 476 489 526 131 693 552 529 555 647 630 696 785 612 366 491 675 160 368 292 111 125 416 430 60 153 6 50 122 145 148 128 297 83 253 260 225 47 130 11 140 103 29 41 163 52 74 79 109 355 112 15 19 16
89 811 560 785 89 529 585 880 526 533 551 596 640 548 731 648 555 630 696 491 618 636 140 776 602 657 631 646 647 571 29 589 558 772 655 531 694 499 675 616 612 644 759 818 516 249 559 615 802 840 527 6 92 52 303 514 693 552 853 737 11 78 257 76 153 131 103 144 33 137 60 163 16 130 119 187 430 5 225 297 340 355 22 50 122 253 389 203 145 148 128 74 83 47 109 401 79 41 88
92 560 491 92 585 558 772 655 531 694 618 811 529 533 551 785 555 630 696 636 78 596 648 640 548 731 776 526 140 647 631 646 657 880 616 589 249 644 759 499 612 559 675 602 137 571 514 52 818 693 552 615 840 527 89 388 516 802 302 263 11 29 153 6 130 119 163 103 340 389 257 16 60 131 83 187 5 355 76 125 122 225 22 297 253 416 74 430 144 33 50 109 47 145 148 79
225 589 818 602 526 225 675 785 499 853 491 615 840 527 647 558 772 655 531 694 555 630 696 811 644 759 737 529 776 616 618 432 636 571 648 209 560 657 585 612 631 646 187 880 130 119 344 299 377 364 605 49 533 551 516 297 559 60 253 596 640 548 731 323 422 418 802 122 421 153 11 47 203 29 78 131 6 257 16 140 163 79 249 340 89 389 52 74 401 137 430 92 355 83 50 88 5 76 22 111 145 103 148 128 144 33 109
353 593 353 453 478 434 352 377 442 452 349 171 356 448 348 347 237 357 175 346 394 379
355 612 647 355 499 776 616 618 596 640 548 731 675 840 527 636 644 759 631 646 560 602 555 630 696 153 853 491 657 818 571 350 589 478 352 558 772 655 531 694 529 526 344 349 442 785 452 811 648 171 585 356 119 448 347 348 357 237 175 346 516 394 615 343 256 378 880 533 74 187 130 11 249 52 131 140 78 122 60 22 5 257 29 6 89 16 203 430 163 92 225 47 137 50 297 253 340 389 145 148 83 103 76 144 33 79
103 585 533 551 529 555 630 696 103 571 657 560 811 636 491 516 785 880 802 618 454 648 776 644 759 615 616 737 646 544 846 647 526 596 640 548 731 589 818 602 840 527 499 140 612 559 605 514 131 631 350 558 772 655 531 694 675 853 222 257 29 6 60 153 11 89 430 249 92 52 78 50 122 203 145 148 128 297 253 130 163 119 5 76 47 187 137 16 125 111 144 33 401 416 74 79 41 88 225 355 83 340 389 109 22
108 108 0 228 469 480 423 466 475 479 477 234 48 289 445 318 36 476 176
109 559 514 693 552 109 491 812 605 648 802 555 630 696 811 657 558 772 655 531 694 432 163 529 737 571 125 585 785 476 526 416 589 560 636 6 631 646 533 50 78 83 130 260 119 153 29 111 203 131 137 11 140 249 92 52 128 401 340 112 257 379 15 89 389 56 19 5 88 225 103 145 148 74 16 41 22
111 605 544 846 737 111 514 812 571 802 853 636 516 559 128 644 818 840 759 527 693 552 585 416 125 203 618 459 616 558 772 655 531 694 648 533 551 602 615 776 447 589 430 187 49 41 131 132 529 526 555 630 696 8 268 401 50 88 83 260 6 122 60 145 148 153 109 112 379 15 47 56 297 19 253 103 163 340 389 225 74 79
112 812 112 260 514 605 802 412 379 15 559 19 56 693 552 410 258 402 400 737 125 279 397 243 201 484 295 436 417 418 411 285 398 268 416 205 50 83 111 203 109 163 401 88
125 514 812 605 802 559 125 693 552 737 416 558 772 655 531 694 571 648 544 846 465 636 853 631 646 491 50 516 386 526 83 206 370 644 231 759 459 585 395 818 840 527 260 785 602 618 111 589 596 640 548 731 203 616 555 373 630 696 302 169 369 374 776 284 533 430 551 303 362 657 560 450 249 529 675 131 187 109 112 163 128 379 401 15 56 19 88 340 6 389 78 122 41 153 60 145 148 22 11 137 130 29 140 5 52 47 92 225 103 16
119 499 675 119 647 602 491 589 612 618 596 640 548 731 818 526 776 616 636 555 630 696 840 527 644 759 785 560 130 631 646 657 853 529 571 95 559 648 49 585 811 558 615 772 655 531 694 138 8 153 121 514 693 552 533 4 551 38 880 39 516 20 137 802 118 11 310 51 1 355 122 225 187 78 163 249 60 52 257 6 131 74 16 140 47 29 92 297 253 430 5 22 203 89 50 340 389 109 103 145 148 128 76 79 83 144 33 41
249 249 618 636 776 560 491 647 644 759 52 585 616 558 529 772 655 531 694 499 612 811 596 533 640 548 731 551 785 571 526 555 630 696 303 675 648 78 840 527 657 589 140 615 631 646 880 516 602 818 802 89 559 59 853 35 137 92 153 11 119 131 29 6 60 130 257 16 163 187 355 103 430 340 389 74 297 122 253 50 203 83 145 148 47 128 76 225 5 144 22 33 79 109 41
122 602 675 571 589 122 526 636 615 499 818 516 785 802 644 759 585 647 737 618 544 846 616 648 47 555 533 630 696 551 776 529 491 612 558 772 655 531 694 605 131 657 60 853 596 640 548 731 514 236 812 840 811 527 219 149 631 646 202 241 560 262 880 119 292 188 430 559 204 297 235 254 253 6 50 203 225 145 148 128 11 130 153 187 79 125 111 401 416 257 78 103 249 41 140 88 163 355 29 52 16 340 389 83 89 137 5 74 76 92 22 144 33 109
379 379 812 56 260 514 605 802 348 237 15 346 357 381 378 559 112 353 19 125 416 50 83 111 109
124 178 124 302 167 171
253 615 253 818 644 759 555 616 630 696 60 853 589 657 602 618 297 840 527 636 776 491 529 585 571 526 675 785 737 533 551 499 648 612 325 516 647 646 79 802 227 811 47 259 187 560 321 153 313 326 605 280 225 596 337 181 640 548 731 296 223 168 880 270 558 287 122 131 6 203 11 130 119 430 257 140 163 249 78 5 29 50 52 401 74 103 355 145 148 128 16 89 88 111 92 137 41
