128 1410 544 1480 846 605 1500 571 636 1514 1799 516 128 3293 3584 3218 3290 802 644 759 514 812 1452 1416 585 1572 737 1770 1457 618 616 648 533 602 551 3331 529 776 1556 853 675 555 1629 630 696 1421 1481 3183 1618 3228 615 1666 1448 1622 647 1398 811 3257 3425 558 589 772 655 531 694 3557 3508 1594 491 1385 526 1522 818 499 432 840 527 1499 560 657 1425 1748 612 559 3277 3246 1506 785 3260 428 431 334 880 1445 3201 6 148 103 119 140 11 355 19 74 144
355 612 647 1522 355 499 776 616 596 640 548 731 618 840 675 527 1499 644 636 759 631 646 560 555 630 696 602 1385 3173 1421 1556 1618 853 491 818 657 3290 589 3260 1594 3425 3257 1500 3228 571 615 1666 1448 1622 3246 3331 1506 526 558 529 772 655 531 694 3557 3508 785 1398 811 350 648 585 478 1572 737 1770 1457 119 352 1514 1416 1799 344 516 349 442 452 171 1452 356 880 1445 3201 3218 802 448 533 347 348 551 357 237 175 346 1410 559 3277 394 1480 343 256 378 74 605 354 11 140 22 6 148 128 103 144
6 648 3331 1398 811 491 555 630 696 1500 571 559 3277 785 3257 6 529 657 560 514 636 1514 1799 585 558 772 655 531 694 3557 3508 516 693 552 3425 3173 3218 3290 802 3246 1506 880 1445 3201 3260 1499 526 1410 1416 644 533 1452 759 551 1421 1618 616 1572 737 1770 1457 1385 631 646 602 589 1594 618 776 1522 3228 615 1666 1448 1622 596 544 1480 640 548 731 846 3293 3584 605 499 647 675 1556 853 812 840 612 818 527 385 169 140 119 11 148 128 103 144 22 74 355
103 585 533 551 529 555 630 696 3425 1500 571 103 3257 3260 657 1398 560 811 636 1514 1799 516 1421 1618 1385 491 785 3173 3218 3290 3246 802 880 1506 1445 3201 3331 648 618 1416 1410 644 759 776 616 1499 1522 3228 615 1666 1448 1622 1572 737 1770 1457 454 646 544 1480 846 602 647 596 605 640 548 731 526 589 1594 499 559 3277 558 514 3293 772 655 531 694 3557 3508 1452 1556 3584 853 840 612 818 527 140 675 693 552 812 631 350 6 222 11 148 128 119 144 74 355 22
74 1522 776 616 840 612 527 1499 647 596 640 548 731 74 644 759 555 630 696 618 1556 853 491 499 1385 657 3173 818 675 631 646 560 636 589 1594 3331 3425 529 585 1421 1618 3260 3246 1506 526 1500 571 1572 3257 737 1770 1457 785 602 3228 3290 615 1666 1448 1622 1398 811 558 772 655 531 694 3557 3508 533 551 648 1514 1799 516 559 3277 880 1445 3201 1416 3218 802 605 1452 1480 1410 119 355 514 693 552 334 3293 3584 427 544 11 6 140 22 103 148 128 144
11 1385 3425 526 1499 618 529 555 785 630 696 636 776 1421 3257 3260 1618 589 1594 491 602 880 1445 3201 1398 811 11 675 560 657 3246 1506 1522 585 499 647 616 644 759 818 3331 3173 612 3290 1416 533 551 648 596 640 548 731 558 3228 772 655 531 694 3557 3508 615 1666 1448 1622 1500 571 840 527 406 1556 853 631 646 1452 1514 1799 559 3277 516 3218 802 514 140 119 693 1410 408 552 1572 737 1770 1457 405 3293 605 3584 544 1480 846 385 6 144 355 74 103 22 148 128
140 3257 3260 560 1421 1618 585 3246 1506 1385 1398 811 529 533 551 785 618 140 491 3425 596 640 548 731 636 880 776 1445 3201 555 630 696 526 1499 3331 647 648 631 646 3173 1522 644 616 759 1500 657 571 558 772 655 531 694 3557 3508 612 499 589 675 1594 602 3290 1514 1799 1452 1416 516 559 3277 3228 615 1666 1448 1622 818 840 527 3218 802 514 11 1410 1556 693 853 552 1572 737 1770 1457 605 3293 3584 544 1480 846 444 6 103 119 144 355 22 74 148 128
144 880 1445 3201 3425 1398 811 529 144 785 3257 560 1385 526 585 555 630 696 3260 648 533 551 657 1421 1499 491 3331 1618 618 602 3246 1506 589 1594 3173 596 776 640 548 731 636 1522 499 675 647 616 3290 558 772 655 531 694 3557 3508 631 646 818 1416 1500 612 644 571 759 3228 615 1666 1448 1622 559 3277 302 1452 368 840 527 11 6 140 119 103 355 74 22
19 1629 1481 3183 812 1425 1748 3293 3584 19 514 1452 605 3218 802 1480 559 3277 693 552 1572 737 1770 1457 1410 558 772 655 531 694 3557 3508 3331 382 1500 571 413 415 229 544 846 410 648 258 402 400 279 636 1514 1799 397 417 201 128 6 148
148 516 1500 571 636 1514 1799 3218 3290 802 1410 148 644 759 1416 585 1572 737 1770 1457 544 1480 846 618 616 648 605 533 602 551 3293 3584 3331 529 776 514 1556 853 675 1452 555 630 696 1421 812 1618 3228 615 1666 1448 1622 647 3425 1398 811 3257 589 1594 526 491 1385 1522 818 499 840 527 1499 560 657 612 3246 559 1506 3277 785 3260 432 459 3173 596 640 548 731 646 213 558 772 655 531 694 3557 3508 693 552 1629 6 1481 3183 334 385 880 631 1445 3201 128 103 119 140 11 355 74 19 144 22
22 631 596 640 548 731 558 772 655 531 694 3557 3508 646 22 648 1452 560 3173 647 657 526 3246 1506 1522 612 776 499 3257 785 3260 1398 811 616 675 3293 3584 618 228 840 527 1499 602 491 1421 1618 3331 514 812 589 1594 529 636 555 630 696 644 759 3425 392 1385 605 3218 802 585 477 559 3277 234 1500 571 289 3290 880 1445 3201 1556 853 388 246 198 1480 818 533 551 3228 615 1666 1448 1622 1572 737 1770 1457 693 552 1514 436 1799 316 1416 196 516 119 6 140 355 74 11 103 144 148
119 499 1499 675 119 647 602 491 589 1594 612 1385 1522 526 776 618 3290 3331 596 818 640 548 731 616 785 555 630 696 1416 3246 1506 3425 636 840 527 1421 1618 3260 644 759 560 529 1556 853 657 3173 1398 631 646 811 648 559 3277 3228 615 1666 1448 1622 1500 558 571 772 655 531 694 3557 3508 585 95 3257 49 514 693 552 880 1445 3201 1514 1452 1799 516 1572 737 1770 1457 138 8 533 551 3218 121 802 4 38 39 1410 11 3293 3584 1480 20 605 118 137 51 1 355 6 74 140 22 148 128 103 144
