128 1410 544 1480 846 605 1500 571 636 1514 1799 516 128 3293 3584 3218 3290 802 644 759 514 812 1452 1416 585 1572 737 1770 1457 618 616 648 533 602 551 3331 776 529 1556 853 675 1629 555 1421 1481 3183 630 696 1618 3228 615 1666 1448 1622 647 1398 3425 811 3257 589 558 1594 772 655 531 694 3557 3508 491 1522 526 818 1385 432 499 840 527 1499 1425 657 560 1748 612 559 3277 3246 1506 428 785 3260 431 334 880 6 148 103 119 140 11 355 19 74
355 612 647 1522 355 499 776 616 596 640 548 731 618 840 675 527 1499 644 636 759 631 646 560 555 630 696 602 3173 1385 1421 1556 1618 853 491 818 657 3290 589 1594 3260 3425 3257 1500 3228 571 615 1666 1448 1622 3246 3331 1506 350 529 558 526 772 655 531 694 3557 3508 785 1398 811 478 648 352 585 1572 737 1770 1457 344 119 349 442 452 1514 1416 1799 171 356 516 448 1452 347 348 880 1445 3201 357 237 175 3218 802 346 533 551 394 343 256 378 559 3277 354 74 11 140 22 6 148 128 103 144
6 648 3331 1398 811 491 555 630 696 1500 571 559 3277 6 785 3257 529 657 560 514 636 1514 1799 585 558 693 772 655 531 694 3557 3508 552 516 3425 3173 3218 3290 802 3246 1506 880 1445 3201 3260 1499 526 1416 644 533 1452 759 1410 551 1421 1618 616 1572 737 1770 1457 631 646 602 589 1385 1594 618 1522 3228 776 615 1666 1448 1622 596 640 548 731 544 1480 846 3293 3584 605 499 647 675 1556 853 812 840 612 818 527 385 169 140 119 11 148 128 103 144 22 74 355
103 585 533 551 529 555 630 696 103 3425 1500 571 3257 3260 657 1398 811 560 636 1514 1799 1421 1618 1385 516 491 3173 3218 3290 785 802 880 3246 1445 3201 1506 3331 648 618 1416 644 759 1410 776 616 1499 454 1522 3228 615 1666 1448 1622 1572 737 1770 1457 646 544 1480 846 602 647 596 605 640 548 731 589 526 1594 499 559 3277 3293 514 558 1556 3584 1452 772 655 531 694 3557 3508 853 840 612 818 527 140 675 693 552 812 350 631 222 6 11 148 128 119 144 74 355 22
74 1522 776 616 840 612 527 1499 74 647 596 640 548 731 644 759 555 630 696 618 1556 853 491 499 1385 657 3173 818 675 631 646 560 636 589 1594 3331 529 3425 585 1421 1618 3260 3246 1506 526 1500 571 1572 737 1770 1457 3257 785 602 3228 3290 615 1666 1448 1622 1398 811 558 772 655 531 694 3557 3508 533 551 648 1514 1799 559 3277 880 1445 3201 516 1416 3218 802 605 1452 1480 334 119 355 1410 514 693 552 3293 3584 427 11 6 140 22 103 148 128 144
11 1385 3425 526 1499 618 529 555 785 630 696 636 776 1421 589 1618 1594 3257 3260 491 602 880 1445 3201 1398 11 811 675 560 657 3246 1506 1522 585 647 499 616 644 759 818 3331 3173 612 3290 1416 533 551 596 648 640 548 731 558 3228 772 655 531 694 3557 3508 615 1666 1448 1622 1500 840 571 527 406 1556 853 631 646 1452 1514 1799 559 3277 516 3218 802 140 514 119 408 693 552 1410 1572 737 1770 1457 405 3293 3584 605 544 1480 846 385 6 144 355 74 103 22 148 128
140 3257 3260 560 1421 1618 585 3246 1506 1385 1398 811 529 533 551 785 618 140 491 3425 596 640 548 731 636 880 1445 3201 776 555 630 696 526 1499 3331 647 648 631 646 3173 1522 644 616 759 1500 571 657 558 772 655 531 694 3557 3508 612 499 589 675 1594 602 3290 1514 1799 1452 1416 559 3277 516 3228 615 1666 1448 1622 818 840 527 3218 802 514 11 1410 1556 693 853 552 1572 737 1770 1457 605 3293 3584 544 1480 444 846 6 103 119 144 355 22 74 148 128
144 880 1445 3201 3425 1398 811 529 144 785 3257 560 1385 585 526 555 630 696 3260 648 533 551 657 491 1499 1421 3331 1618 618 602 3246 1506 589 1594 3173 596 640 548 731 776 636 1522 675 499 647 616 3290 558 772 655 531 694 3557 3508 631 646 818 1416 612 1500 644 571 759 3228 615 1666 1448 1622 559 3277 302 368 11 6 140 119 103 355 74 22
19 1629 1481 3183 812 1425 1748 3293 3584 19 514 1452 605 3218 802 1480 559 3277 693 552 1572 737 1770 1457 382 1410 558 3331 772 655 531 694 3557 3508 413 1500 571 415 229 410 258 402 400 544 279 846 648 397 417 201 128 6
148 516 1500 571 636 1514 1799 3218 3290 802 148 1410 644 759 1416 585 1572 737 1770 1457 618 544 1480 846 616 605 648 533 602 551 3293 3584 3331 776 529 514 1556 853 675 1452 555 1421 812 630 696 1618 3228 615 1666 1448 1622 647 1398 3425 811 589 3257 1594 526 491 1522 818 1385 499 840 527 1499 657 560 612 3246 1506 559 3277 785 3260 432 459 880 1445 3201 213 596 3173 640 548 731 646 558 772 655 531 694 3557 3508 693 552 1629 6 334 1481 3183 385 128 103 119 140 11 355 74 144 19
22 631 596 640 548 731 558 772 655 531 694 3557 3508 646 22 648 1452 560 3173 647 657 526 3246 1506 1522 612 776 499 785 3260 3257 1398 811 616 675 3293 228 3584 618 840 527 1499 602 491 1421 1618 3331 514 812 589 1594 529 636 555 630 696 644 392 759 3425 477 605 3218 802 1385 234 289 585 559 3277 1500 388 571 3290 880 1445 3201 1556 853 246 198 1480 818 436 316 196 533 551 119 6 140 355 74 11 103 144
119 499 1499 675 119 647 602 491 589 1594 612 1385 1522 526 776 618 3290 3331 596 818 640 548 731 616 785 555 1416 3246 630 696 1506 636 3425 840 527 1421 1618 3260 644 759 560 1556 529 853 657 3173 631 646 1398 811 559 648 3277 3228 615 1666 1448 1622 1500 558 571 772 655 531 694 3557 3508 95 585 49 3257 514 693 552 880 1445 3201 1514 1452 1799 138 8 1572 737 1770 1457 516 121 533 3218 551 802 4 38 39 20 11 3293 3584 1410 1480 605 118 137 51 1 355 6 74 140 22 148 128 103 144
