0 0 108 48 310 120 36 476 445 134
2 2 78 163 119 130 66 281 6 153 204 70 137 249 11 168 140 92 52 427 60 159 207 69 100 283 96 329 37 155 157 10 158 187 205 109 29 141 287 127 257 131 129 391 166 296 40 225 125 89 364 63 25 113 416 351 297 186 71 253 323 38 74 16 122 5 147 322 123 355 430 340 107 389 142 103 42 44 270 76 83 47 50 62 203 116 151 242 79 126 82 144 313 33 22 145 148 59 128 27 357 401 111 248 55 41 88
5 5 157 168 190 433 66 441 233 69 107 283 153 205 482 166 350 36 476 151 242 60 142 207 59 6 158 96 2 159 78 340 389 141 37 11 119 71 42 40 155 140 29 22 297 127 253 296 83 130 257 287 391 249 163 187 125 123 355 351 52 131 137 129 416 38 74 329 89 92 323 364 10 100 103 44 322 204 122 113 70 16 147 47 186 270 62 430 50 79 225 126 203 76 313 25 144 33 116 109 82 111 145 148 128 401 63 248 27 88 41
6 6 159 163 29 131 66 2 204 70 69 385 283 296 322 391 430 96 169 205 168 155 89 153 78 166 157 40 60 140 207 37 147 71 125 257 50 122 203 119 130 249 416 109 82 141 323 313 11 187 145 148 128 340 127 52 129 389 63 25 92 76 137 142 42 297 113 27 100 253 364 357 47 103 44 107 287 270 111 158 5 83 144 33 401 329 10 62 248 225 22 55 351 151 41 242 88 116 38 74 186 16 59 79 260 126 123 355 112 15 19
10 10 119 158 186 113 153 130 37 129 123 355 107 100 122 263 369 200 2 11 287 329 155 60 157 225 187 127 296 151 242 147 249 59 131 66 69 364 47 78 283 52 140 351 142 6 38 74 205 71 168 297 96 253 257 166 29 163 391 16 430 270 159 203 89 92 137 22 40 204 207 340 70 389 50 125 5 322 42 416 82 141 313 145 79 148 128 126 83 103 401 76 44 27 357 248 111 144 33 62 109 88 116 63 25 55 41
11 11 406 257 37 16 140 129 119 130 66 408 391 153 249 405 296 96 2 155 29 287 52 78 40 385 100 158 113 147 89 168 329 60 92 127 71 207 187 10 69 131 157 225 6 283 76 186 122 322 205 107 137 364 141 163 144 33 166 270 103 44 123 355 159 430 351 297 253 38 74 204 151 5 242 142 62 70 340 59 389 50 125 203 42 416 82 313 145 148 128 83 47 22 79 126 27 357 109 116 401 111 63 25 248 55 41 88
15 15 260 323 379 112 56 19 416 370 125 395 388 445 302 374 284 303 362 50 116 313 83 25 204 70 111 203 69 283 131 205 187 166 128 109 6 401 163 364 430 157 357 63 248 340 389 159 88 42 147 142 55 41 82 145 148 27 22
16 16 11 257 37 363 140 129 275 119 130 66 391 153 249 388 476 296 385 96 2 447 155 29 287 95 52 78 49 40 100 158 113 147 89 168 329 60 92 127 71 207 187 10 69 131 157 225 6 283 76 186 122 322 205 107 137 364 141 163 144 33 166 270 103 44 123 355 159 430 351 297 253 38 74 204 151 5 242 142 62 70 340 59 389 50 125 203 42 416 82 313 145 148 128 83 47 22 79 126 27 357 109 116 401 111 63 25 248 55 41 88
19 19 260 323 379 112 15 56 125 382 416 413 415 229 410 258 402 400 279 397 417 201 50 116 313 83 25 204 70 111 203 69 283 131 205 187 166 128 109 6 401 163 364 430 157 357 63 248 340 389 159 88 42 147 142 55 41 82 145 148 27 22
22 22 142 228 69 107 283 157 205 392 166 477 151 242 234 289 388 153 59 158 246 198 340 436 316 389 196 159 71 42 78 37 168 83 119 6 125 5 140 29 416 129 323 123 355 127 296 10 155 137 287 249 89 351 66 2 187 38 130 74 113 391 186 96 92 322 52 60 11 364 100 147 163 204 50 70 40 122 329 116 313 131 270 225 203 25 207 260 297 253 76 111 257 103 44 141 16 144 33 109 47 401 62 63 248 112 15 79 126 88 82 19
25 25 204 125 70 416 323 109 163 50 281 63 116 313 392 83 6 260 2 429 111 203 69 131 283 205 159 78 187 166 379 128 66 112 430 15 401 364 56 357 19 157 119 130 155 248 153 29 340 96 389 147 137 88 122 42 329 140 60 168 37 142 249 296 11 82 55 41 129 145 148 207 92 40 52 127 322 391 351 113 107 257 158 27 100 38 287 47 5 89 141 270 22 297 253 10 71 186 103 225 44 151 242 16 59 123 355 74 62 76 144 33 79 126
27 27 148 131 451 480 466 430 475 479 477 155 289 234 318 147 176 6 320 50 122 198 203 316 446 134 315 96 82 436 313 145 128 129 187 357 125 111 127 416 60 270 47 153 401 323 364 113 159 248 66 55 249 41 287 158 163 103 88 116 44 119 29 40 140 329 37 11 52 2 297 253 257 78 62 100 204 186 168 130 89 70 10 69 283 157 83 351 25 296 322 391 207 107 38 71 205 225 123 355 260 166 74 141 137 92 16 79 126 151 242 142 109 59 340 5 389 63 76 42 112 15 144 22 33 19
29 29 296 322 391 6 89 71 140 488 40 37 208 257 179 76 350 11 96 66 444 445 159 144 107 33 249 78 163 153 131 69 92 2 157 52 283 113 119 129 168 151 205 242 204 130 70 60 100 166 59 207 158 142 16 137 329 103 430 44 287 155 187 141 186 225 127 5 62 364 125 340 147 389 50 122 297 416 22 203 253 42 323 109 82 313 123 355 351 145 148 128 83 38 74 47 63 25 10 27 357 116 270 401 111 248 79 126 55 41 88
33 33 391 76 144 257 29 40 296 322 11 6 89 140 96 66 37 71 153 249 16 2 78 168 159 129 119 52 130 107 60 92 207 113 69 155 163 283 103 100 44 157 158 131 329 287 205 141 147 127 122 151 137 62 242 166 204 225 186 70 142 59 297 5 253 10 430 351 123 355 340 38 74 389 270 42 22 83 109 47 82 145 148 79 126 63 25 27
37 37 296 113 11 69 100 283 205 329 29 122 476 166 225 186 119 130 391 187 157 10 257 6 153 16 340 322 140 389 364 60 89 2 159 129 47 131 42 78 66 142 71 40 249 96 83 155 168 52 287 125 158 76 163 416 297 430 203 92 107 351 253 127 323 147 38 22 137 144 33 50 204 70 5 207 313 151 242 123 355 74 82 270 103 141 44 59 145 401 148 128 248 79 111 126 27 116 357 62 88 109 25 63 55 41
38 38 351 187 364 153 95 329 49 119 8 138 203 127 121 39 287 155 60 74 118 137 51 123 355 130 158 66 107 401 129 100 248 297 2 253 88 116 157 151 225 242 131 37 270 11 147 249 10 168 59 113 6 111 96 125 52 207 142 186 416 71 69 47 296 323 140 283 78 430 163 141 79 257 126 205 29 5 40 391 166 22 70 16 89 50 122 159 92 82 313 83 103 44 322 145 148 128 340 389 27 42 62 25 76 109 144 33 41
40 40 257 96 391 29 66 423 214 488 11 140 6 296 322 392 370 168 405 103 89 44 153 76 131 431 60 37 207 71 2 144 33 62 249 155 157 141 119 130 159 52 163 92 16 430 297 129 253 147 107 113 69 5 187 283 287 100 122 158 204 78 50 329 70 127 205 203 364 82 166 313 270 351 145 151 186 148 242 225 128 10 38 74 47 142 59 27 79 357 125 126 123 355 137 111 416 340 401 389 109 42 248 25 83 22 63 55 41 88 116
41 41 128 357 111 55 131 252 116 281 430 125 428 416 155 431 334 323 147 6 50 122 203 96 82 313 145 148 129 187 27 127 60 270 47 153 401 364 113 83 159 25 248 66 260 69 249 283 287 158 163 103 88 44 119 29 40 140 329 205 37 11 52 2 78 297 253 391 166 62 257 100 186 168 130 89 70 10 379 351 296 322 207 38 71 112 15 225 340 123 355 389 56 19 137 42 74 141 92 16 79 126 76 109 144 33
42 42 69 283 205 166 157 340 389 159 78 37 142 83 444 6 125 416 107 323 168 296 22 137 249 5 2 153 113 92 151 52 242 140 11 29 158 100 59 163 66 71 204 50 70 119 122 130 329 116 313 89 391 131 96 225 10 186 129 25 60 322 260 203 287 155 187 127 111 40 257 147 123 355 16 47 430 351 364 207 109 38 74 128 297 253 63 141 379 76 401 103 44 357 112 248 15 144 56 82 33 19 270 145 148 88 62 27 55 41 79 126
44 44 62 96 103 140 40 131 66 444 445 257 391 89 430 6 29 249 168 155 11 71 153 78 60 92 52 207 147 2 50 122 129 203 296 157 82 322 141 313 187 145 148 128 127 158 119 107 287 130 76 159 163 137 297 27 253 364 357 125 47 37 69 270 111 16 5 283 416 144 113 33 401 323 329 205 100 248 151 242 70 10 166 55 351 41 59 142 88 116 38 74 225 79 186 126 123 355 83 340 25 389 42 22 109
47 47 60 122 297 253 113 329 131 155 187 37 79 126 430 95 186 100 66 160 364 119 6 127 147 203 96 270 296 10 50 225 82 313 168 145 148 128 130 153 129 69 207 27 283 125 351 357 2 401 111 38 416 159 205 157 323 248 141 163 11 287 29 166 249 140 40 103 44 158 88 116 391 55 52 41 257 204 5 62 107 70 89 78 340 83 389 322 71 42 142 25 92 74 16 151 242 59 76 123 355 137 109 22 144 33 63
50 50 313 125 416 323 131 430 155 116 83 147 6 204 25 122 111 203 260 70 96 82 145 148 128 69 283 129 187 27 357 205 127 60 270 47 153 166 401 364 379 113 159 109 248 66 112 37 15 157 55 249 56 78 41 19 287 158 163 103 88 63 119 44 29 40 140 329 340 11 52 389 2 297 253 391 42 100 62 257 142 186 107 168 130 89 10 351 137 296 322 207 38 71 225 123 355 151 242 5 22 74 141 92 59 16 79 126 76 144 33
52 52 249 78 140 129 137 92 155 287 158 11 2 147 429 153 89 447 446 263 96 71 69 283 119 29 131 205 6 66 107 60 37 130 166 127 391 296 270 257 40 16 123 163 355 10 157 430 322 187 151 242 103 340 44 168 389 329 59 159 297 100 351 122 364 204 253 42 186 38 74 50 142 70 207 113 62 203 83 76 313 82 47 225 145 125 148 141 128 5 416 144 33 27 22 357 111 79 401 109 126 25 116 248 63 55 41 88
55 357 55 128 286 293 111 264 252 255 214 41 131 275 236 116 213 219 36 476 202 385 430 125 416 155 323 147 6 50 122 203 96 82 313 145 148 129 187 27 127 60 270 47 401 153 204 364 113 83 159 70 248 66 25 260 69 249 283 287 158 163 103 88 44 119 29 40 140 329 37 11 52 205 2 297 253 296 166 62 257 100 351 186 38 130 89 10 109 322 207 112 15 225 63 340 19 389 141 42 74 16 79 126
56 56 379 260 323 112 15 382 19 413 415 229 125 410 402 400 279 416 397 417 201 295 362 50 116 313 83 25 204 70 111 203 69 283 131 205 166 128 109 401 163 63 248 340 389 88 42 41 82
59 59 481 107 157 151 242 153 158 142 71 388 249 69 283 119 22 168 217 205 140 123 355 127 10 29 5 129 166 155 287 351 38 74 89 187 11 6 296 52 130 340 322 391 186 66 389 96 364 159 147 42 78 60 92 37 2 131 257 113 83 270 40 329 125 416 122 100 163 323 16 203 430 297 137 253 207 76 50 103 44 70 47 225 144 33 141 313 62 116 82 401 145 111 148 128 248 79 126 27 25 109 88
60 60 297 253 329 155 432 187 47 79 126 66 364 122 427 127 205 325 204 270 323 309 422 367 131 100 113 168 153 129 207 203 351 6 96 2 38 225 430 147 119 37 130 141 11 287 40 186 157 249 158 10 50 257 296 52 401 163 5 391 29 82 313 140 248 78 145 148 159 128 107 125 69 103 111 44 88 283 116 27 416 357 70 89 74 16 322 62 166 71 92 151 242 123 355 137 142 76 59 55 41 25 83 144 33 340 109 389 42 22 63
62 62 44 96 103 140 40 131 66 364 358 427 257 391 89 430 6 29 249 168 155 11 71 153 78 60 92 52 207 147 2 50 122 129 203 296 157 82 322 141 313 187 145 148 128 127 158 119 107 287 130 76 159 163 137 297 27 253 357 125 47 37 69 270 111 16 5 283 416 144 113 33 401 323 329 205 100 248 151 242 70 10 166 55 351 41 59 142 88 116 38 74 225 79 186 126 123 355 83 340 25 389 42 22 109
63 204 63 487 70 465 206 370 209 231 459 109 395 416 163 25 125 373 447 374 302 369 284 169 303 188 6 323 430 2 371 305 372 57 50 66 78 159 116 313 83 119 69 130 283 153 29 260 131 205 203 111 168 166 137 96 157 140 11 155 60 249 37 207 296 322 391 40 92 52 128 379 257 340 89 141 100 389 401 129 112 15 357 42 56 147 248 10 71 19 113 127 142 122 297 253 287 82 88 5 225 186 145 148 74 103 16 44 270 47 55 41 76 27 22 62 144 33 79 126
66 66 168 153 60 207 6 96 2 467 488 141 449 11 208 40 157 457 179 297 155 253 257 119 163 130 5 391 29 140 78 131 159 187 329 127 287 103 44 204 249 296 351 364 70 37 89 38 74 16 47 69 122 158 322 100 52 71 62 129 283 430 79 92 126 123 355 270 137 107 147 113 205 76 10 166 225 186 50 125 144 203 33 109 416 151 242 82 313 142 323 145 148 128 63 59 25 340 389 27 42 357 116 401 111 83 22 248 55 41 88
69 69 283 205 338 486 166 440 226 247 157 437 340 389 159 467 42 78 37 142 488 208 83 179 482 6 125 36 350 416 107 323 168 296 22 137 249 5 2 153 113 92 151 52 242 140 11 29 158 100 59 163 66 71 204 50 70 119 122 130 329 116 313 89 391 131 96 225 10 186 129 25 60 322 260 203 287 155 187 127 111 40 257 147 123 355 16 47 430 351 364 207 109 38 74 128 297 253 63 141 379 76 401 103 44 357 112 248 15 144 56 82 33 19 270 145 148 88 62 27 55 41 79 126
70 70 204 109 163 63 25 125 416 6 323 2 482 478 352 344 349 442 171 452 50 66 78 159 116 313 83 119 69 130 283 153 29 260 131 205 203 111 168 166 137 187 96 157 140 11 60 249 37 207 296 322 391 430 364 40 92 155 52 379 257 340 89 141 158 129 100 389 401 127 329 112 15 42 107 56 147 248 10 71 19 113 142 122 297 253 287 82 88 5 225 351 186 145 148 128 38 74 103 16 44 47 151 242 76 27 123 355 270 22 59 62 144 33 79 126 41
71 71 140 29 107 89 157 275 151 242 296 322 391 249 153 213 59 96 158 6 149 78 92 52 176 202 241 142 198 11 279 37 257 40 66 129 69 283 168 119 2 155 205 76 22 137 131 159 166 123 355 103 144 44 127 33 147 10 5 130 163 287 16 113 351 60 207 187 62 38 100 74 329 186 430 340 389 204 42 364 270 141 70 125 225 83 416 50 122 297 203 253 82 313 145 148 128 47 27 116 357 109 401 111 63 25 248 79 126 55 41 88
74 74 153 127 287 351 38 187 155 119 123 355 130 158 66 107 364 129 334 2 427 157 151 329 242 11 10 168 249 59 147 270 60 207 52 100 142 6 96 203 71 131 140 37 78 186 69 141 163 283 257 5 40 225 29 391 205 296 297 113 22 253 166 16 122 204 89 430 70 401 92 159 137 248 322 125 103 44 416 340 50 88 116 389 47 76 42 82 62 111 313 145 79 148 128 126 83 109 144 33 27 63 25 41
76 76 391 144 257 33 29 450 40 296 322 474 11 6 89 140 96 66 37 71 153 249 16 2 78 168 159 129 119 52 130 107 60 92 207 113 69 155 163 283 103 100 44 157 158 131 329 287 205 141 147 127 122 151 137 62 242 166 204 225 186 70 142 59 297 5 253 10 430 351 123 355 340 38 74 389 270 42 22 83 109 47 82 145 148 79 126 63 25 27
78 78 137 249 2 92 52 69 140 283 179 205 166 444 341 163 430 129 157 119 11 6 130 66 89 96 340 153 389 159 29 204 71 42 37 142 70 155 107 287 83 391 158 131 147 168 125 257 100 416 60 322 127 207 16 323 10 329 151 296 22 187 242 5 113 103 44 59 109 225 122 141 186 364 25 50 40 270 123 355 62 63 76 351 313 297 253 203 38 74 144 33 82 116 145 148 128 111 27 401 47 79 248 126 88 41
79 79 60 297 253 329 155 187 47 126 432 449 66 120 364 122 459 127 431 334 270 434 131 100 113 168 153 129 207 203 351 6 96 2 38 225 430 147 119 37 130 141 11 287 40 186 157 249 158 10 50 257 296 52 401 163 5 391 29 82 313 140 248 78 145 148 159 128 107 125 69 103 111 44 88 283 116 204 27 416 357 70 89 74 205 16 322 62 166 71 92 151 242 123 355 137 142 76 59 55 41 25 83 144 33 340 109 389 42 22 63
82 82 131 430 155 412 147 6 50 122 203 96 313 145 148 128 334 129 187 27 357 125 111 127 416 60 270 47 401 323 364 113 159 248 66 153 287 55 249 41 158 163 103 88 116 44 119 29 40 140 329 37 11 52 2 297 253 257 78 62 100 204 186 351 168 89 70 10 69 38 130 283 83 25 296 322 391 207 107 71 205 225 157 260 166 123 355 141 137 92 16 79 126 151 74 242 109 59 340 5 389 63 379 76 42 142 112 15 144 56 33 19 22
83 83 125 416 323 69 283 205 166 50 157 116 313 340 405 389 159 25 219 204 42 260 78 37 142 70 446 111 203 6 131 107 187 168 296 22 137 379 163 128 249 109 112 5 2 15 364 430 401 153 113 56 19 357 92 151 52 242 155 122 63 248 140 11 29 158 100 59 147 96 66 71 88 60 119 130 329 55 41 89 82 391 127 225 10 145 186 351 129 148 38 322 40 47 287 27 297 270 253 257 123 355 16 207 103 44 74 141 76 62 144 33 79 126
85 237 85 162 449 482 476 434 478 352
88 88 203 187 401 364 248 116 131 329 111 125 429 476 416 351 323 38 430 366 160 368 292 155 153 60 147 6 50 122 96 82 313 145 148 128 100 297 129 83 27 253 204 357 47 25 70 127 260 287 119 270 69 37 225 283 113 159 130 66 205 55 249 41 158 163 103 296 166 44 29 74 40 140 157 11 52 2 107 123 78 355 79 379 126 109 62 257 186 112 15 168 89 10 56 63 340 142 19 389 322 207 42 151 71 242 92 137 59 141 5 16 22
89 89 140 29 249 296 322 391 71 96 6 92 52 78 11 37 257 303 40 66 107 2 76 153 129 131 137 159 157 69 283 158 155 103 144 44 33 151 242 205 168 163 16 147 113 287 59 166 62 60 142 119 130 207 100 430 127 187 329 204 70 141 186 5 10 364 340 225 389 123 50 122 355 203 125 22 270 297 42 253 416 82 351 313 323 145 148 128 38 74 83 47 27 357 109 116 401 111 63 25 248 79 126 55 41 88
91 91 328 405
92 92 78 140 249 137 52 2 89 96 71 69 283 11 388 29 205 129 302 263 6 166 66 153 119 130 296 391 107 37 155 163 40 158 157 322 287 147 103 340 44 257 389 159 16 204 168 42 131 151 242 142 70 127 100 62 60 207 10 83 59 329 113 125 76 187 270 141 416 123 186 355 5 225 430 323 122 144 22 364 33 351 297 50 38 74 253 203 109 25 313 47 63 82 145 148 128 111 116 27 401 79 126 248 88 41
96 96 103 44 140 40 131 66 62 388 257 391 89 263 430 6 29 249 168 155 11 71 153 78 60 92 52 207 147 2 50 122 129 203 296 157 82 322 141 313 187 145 148 128 127 158 119 107 287 130 76 159 163 137 297 27 253 364 357 125 47 37 69 270 111 16 5 283 416 144 113 33 401 323 204 329 205 100 248 151 242 70 10 166 55 351 41 59 142 88 116 38 74 225 79 186 126 123 355 83 340 25 389 42 22 109 63
100 100 329 225 37 113 187 119 130 360 364 60 432 449 296 122 392 172 153 186 11 213 10 2 36 415 431 334 297 158 253 351 69 47 283 155 38 66 203 205 131 6 78 29 166 257 391 16 129 127 140 96 157 249 163 287 168 79 40 430 147 126 52 89 74 401 340 322 389 207 159 270 137 71 204 142 92 248 42 123 355 70 107 50 116 141 88 83 76 313 5 82 111 125 145 148 128 103 416 44 144 22 33 151 242 27 357 59 62 109 25 63 55 41
103 103 96 454 44 140 40 131 66 62 350 257 391 89 430 6 222 29 249 168 155 11 71 153 78 60 92 52 207 147 2 50 122 129 203 296 157 82 322 141 313 187 145 148 128 127 158 119 107 287 130 76 159 163 137 297 27 253 364 357 125 47 37 69 270 111 16 5 283 416 144 113 33 401 323 204 329 205 100 248 151 242 70 10 166 55 351 41 59 142 88 116 38 74 225 79 186 126 123 355 83 340 25 389 42 22 109 63
104 104 353 469 451 480 475 479 477 289 318 246 320 198 446 279 316
107 107 157 151 242 153 59 158 293 252 142 71 214 392 69 213 283 119 22 168 219 36 149 205 140 123 355 127 10 29 5 129 166 155 287 351 249 38 74 89 187 11 6 296 52 130 340 322 391 186 66 389 96 364 159 147 42 78 60 92 37 2 131 257 113 83 270 40 329 125 416 122 100 163 323 16 203 430 297 137 253 207 76 50 103 44 70 47 225 144 33 141 313 62 116 82 401 145 111 148 128 248 79 126 27 25 109 88 41
108 108 0 228 469 480 423 466 475 479 477 234 289 318 36 476 176
109 109 204 70 163 63 25 125 432 416 6 323 2 476 50 66 78 159 116 313 83 119 69 130 283 153 29 260 131 205 203 111 168 166 137 187 96 157 140 11 60 249 37 207 296 322 391 430 364 40 92 155 52 379 257 340 89 141 129 100 389 401 127 329 112 15 107 158 42 56 147 248 10 71 19 113 142 122 297 253 287 82 88 5 225 351 186 145 148 128 38 74 103 16 44 151 242 47 76 27 123 59 355 270 22 62 144 33 79 126 41
110 110 244 408 405
111 111 116 128 357 125 203 416 323 459 131 55 41 187 430 447 49 401 364 132 50 8 248 268 313 88 155 83 147 25 204 6 122 260 70 329 96 82 145 148 69 351 283 60 38 129 27 153 205 127 159 47 163 270 166 379 113 109 112 66 2 15 37 287 249 119 56 297 19 157 253 158 100 63 103 44 11 29 40 140 52 340 296 389 130 42 257 78 62 107 142 186 225 168 89 10 322 207 123 355 71 74 92 79 151 126 242 5 22 16 141 137 59
112 112 260 323 379 15 412 56 19 125 416 410 258 402 400 279 397 243 201 484 295 436 417 411 285 205 268 398 418 50 116 313 83 25 204 70 111 203 69 283 131 187 166 128 109 6 401 163 364 430 157 357 63 248 340 389 159 88 42 147 142 55 41 82 145 148 27 22
113 113 122 37 186 100 119 10 329 225 296 60 47 158 187 131 429 130 263 262 364 11 69 283 155 297 253 153 205 430 29 2 6 166 203 147 391 127 107 157 50 96 123 351 355 257 38 16 82 340 313 322 140 389 79 145 89 159 270 148 128 126 125 129 71 163 40 42 78 66 416 287 142 249 401 151 242 27 323 111 357 83 204 248 59 168 52 116 70 76 88 74 92 103 22 44 137 55 41 144 33 5 207 62 109 141 25 63
116 116 111 125 203 416 323 187 469 128 466 401 475 364 479 248 477 357 289 234 50 318 476 176 88 246 320 313 198 446 316 83 292 131 436 25 204 260 55 41 70 329 69 351 283 38 430 205 155 60 166 379 153 109 147 112 163 15 6 122 56 19 157 96 63 82 159 37 145 148 340 2 100 389 297 253 42 129 78 66 27 142 127 270 287 119 130 47 225 168 11 113 107 140 296 249 29 52 22 103 44 137 40 74 71 79 89 126 151 242 207 5 62 322 92 59 141 16
119 119 10 130 158 95 153 186 49 2 138 8 121 113 38 4 11 39 100 20 137 118 129 51 329 1 123 355 37 107 66 155 187 122 225 78 127 249 163 364 287 60 157 351 6 257 52 131 151 74 242 147 16 296 140 168 59 204 47 29 96 391 70 69 142 71 283 207 92 270 40 297 430 205 253 203 159 141 166 5 322 89 22 125 50 109 416 82 76 313 103 44 340 145 401 148 128 389 63 25 42 79 248 111 126 144 116 33 27 357 62 83 88 55 41
122 122 47 113 60 131 236 37 329 186 430 219 297 149 253 119 100 202 241 155 262 292 188 204 235 147 254 10 6 50 203 296 225 96 82 313 158 145 148 128 66 153 11 79 130 129 126 187 27 357 125 69 111 283 127 2 416 270 401 323 364 205 159 248 287 168 166 78 257 40 55 249 41 163 103 391 88 116 44 107 29 207 140 123 355 52 157 351 16 38 83 62 340 141 389 89 70 42 151 242 137 142 25 322 5 74 71 59 76 92 144 22 33 109 63
123 123 355 153 158 433 233 119 127 449 107 10 129 155 287 482 351 38 74 350 476 187 444 445 157 151 242 130 186 66 364 59 147 249 11 142 52 2 113 270 71 140 131 329 69 168 78 283 122 60 37 205 207 257 203 22 100 6 5 29 96 391 430 166 89 16 296 92 141 163 40 225 137 297 50 253 322 340 401 125 389 82 313 70 42 416 145 248 148 128 159 76 111 83 103 44 27 88 116 144 33 47 62 79 126 25 109 41
124 178 124 302
125 125 416 323 465 386 50 116 313 83 206 370 231 459 25 204 260 395 70 111 203 69 373 430 302 169 369 374 283 284 303 362 131 249 450 205 187 166 379 128 109 112 15 401 163 364 56 19 6 157 357 63 248 159 155 340 389 2 88 42 147 78 37 142 122 55 41 96 82 60 153 329 145 148 66 168 296 129 351 107 27 113 38 22 137 127 140 11 270 100 119 47 29 130 158 52 5 297 287 253 92 151 242 40 71 257 89 103 10 225 44 59 186 207 322 62 123 355 141 16 74 79 126
126 60 126 297 253 329 425 155 438 187 47 451 480 79 423 214 466 408 475 477 66 364 122 479 234 289 127 318 270 320 176 198 246 385 446 131 100 113 168 153 129 207 203 351 6 96 2 38 225 430 147 119 37 130 141 11 287 40 186 157 249 158 10 50 257 296 52 401 163 5 391 29 82 313 140 248 78 145 148 159 128 107 125 69 103 111 44 88 283 116 204 27 416 357 70 89 74 205 16 322 62 166 71 92 151 242 123 355 137 142 76 59 55 41 25 83 144 33 340 109 389 42 22 63
127 127 155 153 270 60 350 129 352 287 351 171 158 38 74 131 356 187 348 237 175 474 357 297 253 346 119 123 355 130 4 329 147 66 107 394 372 364 11 249 430 2 52 6 10 157 151 242 203 96 47 140 168 59 78 50 122 79 126 37 207 100 82 142 257 186 313 145 69 148 128 71 163 283 391 113 16 29 141 296 401 27 89 205 125 92 159 5 40 225 111 416 248 137 166 204 323 22 103 44 70 88 116 322 55 41 62 340 389 76 83 42 25 144 33 109 63
128 128 357 111 55 41 131 116 432 430 125 428 416 431 334 155 323 147 6 50 122 203 96 82 313 145 148 129 187 27 127 60 270 47 153 401 364 113 83 159 25 248 66 260 69 249 283 287 158 163 103 88 44 119 29 40 140 329 205 37 11 52 2 78 297 253 391 166 62 257 100 186 168 130 89 70 10 379 351 296 322 207 38 71 112 15 225 340 123 355 389 56 19 137 42 74 141 92 16 79 126 76 109 144 33
129 129 155 287 158 147 249 153 52 11 488 131 208 119 127 395 270 140 60 78 444 10 123 355 107 430 257 37 96 187 16 2 157 351 92 297 130 253 6 66 186 38 74 364 151 122 71 29 242 391 137 89 50 329 203 59 82 313 69 296 47 142 145 283 148 128 40 100 205 113 125 27 163 322 159 357 168 416 166 103 111 44 323 79 401 207 126 225 22 76 5 204 248 62 70 55 141 41 144 340 88 33 116 389 42 83 25 109 63
130 130 119 463 153 2 458 11 100 363 10 281 329 275 310 158 37 120 66 187 225 78 234 127 186 113 388 155 163 364 287 60 351 6 257 129 38 74 249 16 296 140 168 204 96 52 123 355 391 70 29 137 107 122 69 283 207 131 92 40 157 297 205 253 159 147 203 141 166 270 47 151 242 71 322 89 142 430 59 5 125 109 416 76 103 44 340 323 389 63 25 42 401 79 50 126 144 33 22 62 248 116 82 313 83 145 148 128 111 88 27 357 55 41
131 131 486 430 155 147 467 6 50 122 203 96 488 82 313 145 148 120 208 128 479 457 179 482 129 187 27 36 350 476 357 125 111 127 416 60 270 47 401 323 364 113 159 248 66 153 287 55 249 41 158 163 103 88 116 44 119 29 40 140 329 37 11 52 2 297 253 257 78 62 100 204 186 351 168 89 70 10 69 38 130 283 83 25 296 322 391 207 107 71 205 225 157 260 166 123 355 141 137 92 16 79 126 151 74 242 109 59 340 5 389 63 379 76 42 142 112 15 144 56 33 19 22
136 210 136 206
137 137 78 249 2 92 52 69 140 283 318 205 95 119 49 166 349 341 439 237 8 105 138 409 38 121 163 4 129 157 11 6 130 66 89 96 340 153 389 159 29 204 71 42 37 142 70 155 107 287 83 391 158 131 147 168 125 257 100 416 60 322 127 207 16 323 10 329 151 296 22 187 242 5 113 103 44 59 109 225 430 122 141 186 364 25 50 40 270 123 355 62 63 76 351 313 297 253 203 74 144 33 82 116 145 148 128 111 27 401 47 79 248 126 88 41
140 140 249 89 96 92 52 78 71 11 29 129 391 444 296 137 2 40 107 322 66 6 153 103 44 155 257 158 37 16 157 69 131 287 283 147 119 130 62 151 242 205 163 59 159 168 76 166 142 127 60 207 430 10 100 144 33 187 204 113 329 122 270 70 123 355 141 5 340 186 389 364 22 50 225 42 203 351 297 125 38 74 253 82 313 47 145 416 83 148 128 27 357 109 116 25 401 111 63 248 79 126 55 41 88
141 141 66 168 153 60 207 6 96 2 423 11 40 157 429 297 155 253 257 385 119 163 130 5 391 29 140 78 131 159 187 329 127 287 103 44 204 249 296 351 364 70 37 89 38 74 16 47 69 122 158 322 100 52 71 62 129 283 430 79 92 126 123 355 270 137 107 147 113 205 76 10 166 225 186 50 125 144 203 33 109 416 151 242 82 313 142 323 145 148 128 63 59 25 340 389 27 42 357 116 401 111 83 22 248 55 41 88
142 142 22 283 69 107 157 205 214 166 151 242 213 153 59 318 158 241 246 262 292 340 216 222 315 389 316 254 221 159 71 42 78 37 168 83 119 6 125 5 140 29 416 129 323 123 355 127 296 10 155 137 287 249 89 351 66 2 187 38 130 74 113 391 186 96 92 322 52 60 11 364 100 147 163 204 50 70 40 122 329 116 313 131 270 225 203 25 207 260 297 253 76 111 257 103 44 141 16 144 33 109 47 401 62 63 248 112 15 79 126 88 82 19
144 144 391 76 257 33 29 40 296 322 302 11 368 6 89 140 96 66 37 71 153 249 16 2 78 168 159 129 119 52 130 107 60 92 207 113 69 155 163 283 103 100 44 157 158 131 329 287 205 141 147 127 122 151 137 62 242 166 204 225 186 70 142 59 297 5 253 10 430 351 123 355 340 38 74 389 270 42 22 83 109 47 82 145 148 79 126 63 25 27
145 430 145 131 412 155 382 147 413 6 50 122 203 229 415 96 82 258 402 313 148 128 129 187 27 357 125 111 127 416 60 270 47 153 401 323 364 113 159 248 66 55 249 41 287 158 163 103 88 116 44 119 29 40 140 329 37 11 52 2 297 253 257 78 62 100 204 186 168 130 89 70 10 69 283 157 83 351 25 296 322 391 207 107 38 71 205 225 123 355 260 166 74 141 137 92 16 79 126 151 242 142 109 59 340 5 389 63 76 42 112 15 144 22 33 19
147 147 129 131 155 430 287 158 249 153 52 11 6 50 122 203 368 127 270 96 60 82 313 145 140 148 119 128 78 187 27 357 125 10 123 355 66 107 47 111 416 37 257 401 323 2 364 297 113 253 159 351 16 248 391 329 186 38 157 89 92 71 55 130 74 296 41 69 151 163 103 40 242 88 100 116 44 283 137 29 168 59 205 142 62 207 166 204 225 70 83 79 126 25 322 141 76 5 260 22 340 389 144 33 42 109 63 112 15 19
148 148 27 131 430 155 432 459 147 213 6 50 122 203 334 96 82 385 313 145 128 129 187 357 125 111 127 416 60 270 47 153 401 323 364 113 159 248 66 55 249 41 287 158 163 103 88 116 44 119 29 40 140 329 37 11 52 2 297 253 257 78 62 100 204 186 168 130 89 70 10 69 283 157 83 351 25 296 322 391 207 107 38 71 205 225 123 355 260 166 74 141 137 92 16 79 126 151 242 142 109 59 340 5 389 63 76 42 112 15 144 22 33 19
151 151 107 157 242 153 59 158 149 142 71 262 288 69 240 283 119 199 22 168 238 259 205 140 123 355 127 10 29 5 129 166 155 287 351 249 38 74 89 187 11 6 296 52 130 340 322 391 186 66 389 96 364 159 147 42 78 60 92 37 2 131 257 113 83 270 40 329 125 416 122 100 163 323 16 203 430 297 137 253 207 76 50 103 44 70 47 225 144 33 141 313 62 116 82 401 145 111 148 128 248 79 126 27 25 109 88
153 153 127 287 351 236 38 74 213 187 155 219 149 241 119 123 355 130 283 158 66 134 107 262 364 222 216 129 188 204 235 277 199 2 240 212 251 398 157 151 329 242 11 10 168 249 59 147 270 60 207 52 100 142 6 96 203 71 131 140 37 78 186 69 141 163 257 5 40 225 29 391 205 296 297 113 22 253 166 16 122 89 430 70 401 92 159 137 248 322 125 103 44 416 340 50 88 116 389 47 76 42 82 62 111 313 145 79 148 128 126 83 109 144 33 27 63 25 41
155 155 127 270 60 153 129 131 219 149 202 297 253 292 221 147 204 347 329 430 287 158 240 249 238 187 47 52 119 11 66 351 6 50 122 203 364 38 79 126 96 74 123 355 82 313 107 145 140 148 130 128 2 100 78 27 357 125 10 168 157 111 257 416 37 151 242 401 323 113 159 71 207 391 225 40 16 248 59 186 89 92 69 142 55 283 296 41 163 103 88 116 44 141 137 29 205 5 166 62 70 22 25 76 322 83 340 389 144 33 42 109
157 157 168 283 5 69 107 205 149 241 166 151 222 242 221 254 188 204 142 153 59 158 66 240 199 238 340 389 194 278 159 71 42 78 37 22 83 119 6 125 140 96 60 29 416 207 155 129 323 123 355 127 296 10 137 287 40 249 141 89 351 2 187 38 130 74 113 391 186 92 322 52 297 253 11 364 100 147 163 50 70 103 44 122 270 329 116 313 131 225 47 203 25 62 260 76 111 79 257 126 16 144 33 109 401 63 248 112 15 88 82 19
158 158 290 119 10 153 129 123 355 107 149 186 283 155 202 241 239 157 262 151 242 287 200 222 147 249 254 235 127 59 204 130 240 288 52 113 142 11 71 187 140 351 2 131 38 74 100 69 60 122 168 66 270 364 329 78 22 205 96 166 6 225 29 5 89 430 257 37 391 92 16 47 297 296 253 163 159 40 137 50 340 207 203 389 322 42 82 313 125 145 148 128 70 141 416 103 44 83 27 76 357 79 116 126 62 401 111 144 33 248 25 55 41 109 88
159 159 182 6 361 69 283 264 360 161 205 180 166 172 179 157 36 163 176 29 430 131 134 340 66 389 2 222 169 171 42 358 341 78 170 37 142 204 308 296 70 83 125 322 391 96 416 107 140 168 155 323 89 153 22 40 60 137 207 5 119 11 130 257 147 71 113 50 122 249 203 158 151 242 187 129 109 82 25 141 313 92 52 145 148 128 127 59 329 100 63 111 364 116 76 10 297 27 287 253 357 47 103 44 270 186 144 33 401 225 16 260 62 248 55 351 41 88 38 74 79 126 123 355 112 15 19
162 162 237 85 360 172 209 134 169 427 170
163 163 204 6 2 70 66 78 159 109 119 130 63 25 153 125 29 131 416 323 69 168 283 137 96 140 11 60 205 249 207 157 296 37 322 391 430 166 40 92 155 52 257 187 89 141 100 127 329 158 129 287 83 147 10 71 116 50 122 364 113 297 203 253 340 389 111 82 5 225 351 313 142 42 186 145 107 148 128 38 74 103 16 44 260 47 76 27 123 357 355 270 62 144 33 401 151 242 22 248 79 126 59 379 55 41 88 112 15 56 19
166 166 69 283 205 157 299 430 340 170 325 389 159 175 42 78 37 142 168 296 335 327 83 184 326 183 6 223 125 28 333 287 60 98 1 416 165 107 323 22 137 249 5 2 153 113 92 151 52 242 140 11 29 158 100 59 163 66 71 204 50 70 119 122 130 329 116 313 89 391 131 96 225 10 186 129 25 322 260 203 155 187 127 111 40 257 147 123 355 16 47 351 364 207 109 38 74 128 297 253 63 141 379 76 401 103 44 357 112 248 15 144 56 82 33 19 270 145 148 88 62 27 55 41 79 126
168 168 157 5 66 153 166 60 207 253 325 323 6 69 96 2 309 107 422 283 205 141 227 327 11 40 297 151 155 242 257 158 119 142 163 130 391 59 29 140 78 71 131 159 187 329 127 340 287 389 103 44 204 42 249 296 351 364 70 37 89 38 74 16 22 125 47 83 122 10 322 100 52 62 129 430 416 79 92 126 123 355 270 137 147 113 76 186 225 50 144 203 33 109 82 313 145 148 128 116 63 25 27 357 401 111 248 55 41 88
178 178 124 171 175 167 173 184 441 118 98 1 182 159 73
186 186 119 10 113 250 158 472 161 473 122 255 37 408 365 100 457 179 130 413 414 405 153 36 350 364 431 334 329 176 366 434 478 400 352 225 262 435 279 296 60 373 263 216 299 369 377 374 47 442 356 341 349 129 123 187 355 131 155 2 107 287 11 69 157 127 283 147 297 253 205 151 249 242 430 351 29 38 6 166 59 142 52 203 71 163 74 391 270 50 96 257 16 82 340 313 322 125 168 140 389 204 79 145 89 159 148 128 126 22 40 42 416 70 78 66 401 27 357 5 111 83 248 76 88 116 92 103 44 137 55 25 41 144 33 109 207 62 63 141
187 187 489 364 462 419 239 329 365 351 414 457 203 38 366 362 290 153 160 60 367 308 464 461 401 248 331 100 88 116 297 230 253 131 155 225 127 119 111 130 125 113 37 287 66 416 323 74 47 430 158 2 11 79 126 123 355 129 107 10 296 186 147 270 6 50 122 168 157 96 82 69 313 78 207 283 145 148 128 151 140 242 257 29 391 205 249 59 83 27 40 357 142 141 25 16 166 70 260 52 89 5 71 159 92 137 322 55 41 340 163 103 22 44 389 42 76 109 62 112 144 15 33 19
203 203 187 401 364 248 88 116 382 131 416 413 414 329 111 415 229 388 125 410 258 402 400 351 279 323 369 397 417 38 201 295 411 268 243 430 484 205 285 418 155 153 60 147 6 50 122 96 82 313 145 148 128 100 297 129 83 27 253 204 357 47 25 70 127 260 287 119 270 69 37 225 283 113 159 130 66 55 249 41 158 163 103 296 166 44 29 74 40 140 157 11 52 2 107 123 78 355 79 379 126 109 62 257 186 112 15 168 89 10 56 63 340 142 19 389 322 207 42 151 71 242 92 137 59 141 5 16 22
204 204 63 70 236 292 368 188 240 109 199 297 163 278 25 242 157 125 245 155 153 416 276 122 6 323 156 43 60 158 2 241 143 17 149 90 218 61 154 50 66 78 159 116 313 83 119 69 130 283 29 260 131 205 203 111 168 166 137 96 140 11 249 37 207 296 322 391 430 40 92 52 128 379 257 340 89 141 100 389 401 129 112 15 357 42 56 147 248 10 71 19 113 127 142 253 287 82 88 5 225 186 145 148 74 103 16 44 270 47 55 41 76 27 22 62 144 33 79 126
205 205 424 69 283 166 417 157 268 398 411 340 389 224 159 164 42 78 37 142 396 146 332 83 270 272 261 60 415 6 382 125 203 410 260 402 243 397 412 484 258 56 413 23 112 19 400 139 418 416 107 323 168 296 22 137 249 5 2 153 113 92 151 52 242 140 11 29 158 100 59 163 66 71 204 50 70 119 122 130 329 116 313 89 391 131 96 225 10 186 129 25 322 287 155 187 127 111 40 257 147 123 355 16 47 430 351 364 207 109 38 74 128 297 253 63 141 379 76 401 103 44 357 248 15 144 82 33 145 148 88 62 27 55 41 79 126
207 207 66 168 180 153 60 6 96 2 141 11 258 40 157 344 430 416 297 155 253 325 257 308 309 119 163 130 5 391 29 140 78 131 159 187 329 127 287 103 44 204 249 296 351 364 70 37 89 38 74 16 47 69 122 158 322 100 52 71 62 129 283 79 92 126 123 355 270 137 107 147 113 205 76 10 166 225 186 50 125 144 203 33 109 151 242 82 313 142 323 145 148 128 63 59 25 340 389 27 42 357 116 401 111 83 22 248 55 41 88
210 210 136 150 211 220 190 226 247 265 286 290 48 228 250 293 233 239 252 264 255 214 281 275 206 208 209 231 236 213 234 289 219 36 149 229 202 241 246 198 258
225 225 100 329 37 113 187 364 432 209 119 130 60 296 122 344 299 377 153 49 186 11 10 2 422 323 418 421 297 158 253 351 69 47 283 155 38 66 203 205 131 6 78 29 166 257 391 16 129 127 140 96 157 249 163 287 168 79 40 430 147 126 52 89 74 401 340 322 389 207 159 270 137 71 204 142 92 248 42 123 355 70 107 50 116 141 88 83 76 313 5 82 111 125 145 148 128 103 416 44 144 22 33 151 242 27 357 59 62 109 25 63 55 41
237 237 85 443 162 434 349 452 442 448 105 357 346 379 102 355 87 354 352 353 127 28 24 137 351 347 298 478 291 453 70
242 242 107 250 255 157 151 275 153 236 59 158 213 36 142 71 262 216 222 292 221 254 188 235 204 387 240 69 212 283 119 199 22 168 259 194 205 140 123 355 127 10 29 5 129 166 155 287 351 249 38 74 89 187 11 6 296 52 130 340 322 391 186 66 389 96 364 159 147 42 78 60 92 37 2 131 257 113 83 270 40 329 125 416 122 100 163 323 16 203 430 297 137 253 207 76 50 103 44 70 47 225 144 33 141 313 62 116 82 401 145 111 148 128 248 79 126 27 25 109 88
244 244 110 392 362 439
248 248 203 187 401 364 88 116 131 176 329 111 125 416 351 188 323 38 170 309 430 422 347 155 153 60 147 6 50 122 96 82 313 145 148 128 100 297 129 83 27 253 204 357 47 25 70 127 260 287 119 270 69 37 225 283 113 159 130 66 205 55 249 41 158 163 103 296 166 44 29 74 40 140 157 11 52 2 107 123 78 355 79 379 126 109 62 257 186 112 15 168 89 10 56 63 340 142 19 389 322 207 42 151 71 242 92 137 59 141 5 16 22
249 249 52 78 140 303 129 89 137 92 155 287 158 11 2 147 153 59 35 125 96 71 69 283 119 29 131 205 6 66 107 60 37 130 166 127 391 296 270 257 40 16 123 163 355 10 157 430 322 187 151 242 103 340 44 168 389 329 159 297 100 351 122 364 204 253 42 186 38 74 50 142 70 207 113 62 203 83 76 313 82 47 225 145 148 141 128 5 416 144 33 27 22 357 111 79 401 109 126 25 116 248 63 55 41 88
253 253 60 297 329 155 187 47 325 79 126 66 364 122 227 168 259 321 313 326 127 280 296 337 270 181 223 131 100 113 153 129 207 203 351 6 96 2 38 225 430 147 119 37 130 141 11 287 40 186 157 249 158 10 50 257 52 401 163 5 391 29 82 140 248 78 145 148 159 128 107 125 69 103 111 44 88 283 116 204 27 416 357 70 89 74 205 16 322 62 166 71 92 151 242 123 355 137 142 76 59 55 41 25 83 144 33 340 109 389 42 22 63
257 257 391 11 40 76 29 96 179 66 144 33 445 296 37 16 6 140 442 284 322 153 129 89 119 130 168 2 71 249 131 60 155 207 103 44 78 287 52 157 100 158 113 329 147 159 141 163 187 107 62 127 122 430 92 10 69 297 225 283 253 364 186 204 137 5 205 70 151 242 351 123 355 270 50 38 74 166 203 59 142 125 82 313 145 148 128 416 47 27 79 340 357 126 389 109 42 22 401 111 116 63 25 248 83 55 41 88
260 260 323 379 112 15 56 412 19 125 416 413 229 410 258 402 400 279 364 377 397 201 243 484 417 411 418 205 398 285 268 50 116 313 83 25 204 70 111 203 69 283 131 187 166 128 109 6 401 163 430 157 357 63 248 340 389 159 88 42 147 142 55 41 82 145 148 27 22
270 270 155 127 60 153 382 129 413 131 415 410 297 402 258 400 253 279 397 295 417 201 147 418 285 205 268 308 398 411 243 329 484 430 287 158 288 195 249 224 396 187 47 52 119 11 66 351 6 50 122 203 364 38 79 126 96 74 123 355 82 313 107 145 140 148 130 128 2 100 78 27 357 125 10 168 157 111 257 416 37 151 242 401 323 113 159 71 207 391 225 40 16 248 59 186 89 92 69 142 55 283 296 41 163 103 88 116 44 141 137 29 5 166 62 70 22 25 76 322 83 340 389 144 33 42 109
274 278 274 172 428 431 320 434 299 132
278 278 274 424 241 262 283 221 417 254 235 204 288 212 240 238 331 259 232 317 194 383 321 157 271
283 283 69 205 166 222 254 157 240 340 142 389 278 159 42 232 78 153 37 245 158 83 143 424 71 6 125 17 241 61 21 150 416 55 216 107 323 168 296 22 137 249 5 210 2 113 92 151 52 242 140 11 29 100 59 163 66 204 50 70 119 122 130 329 116 313 89 391 131 96 225 10 186 129 25 60 322 260 203 287 155 187 127 111 40 257 147 123 355 16 47 430 351 364 207 109 38 74 128 297 253 63 141 379 76 401 103 44 357 112 248 15 144 56 82 33 19 270 145 148 88 62 27 41 79 126
287 287 153 129 155 127 172 209 158 147 249 428 431 334 351 119 52 38 74 299 187 11 123 355 107 188 427 130 66 170 325 323 422 309 421 166 319 131 364 60 2 270 140 78 157 329 151 242 10 96 59 6 168 430 257 71 37 203 100 297 16 29 253 142 207 69 92 186 283 122 163 40 391 137 89 50 205 141 225 5 47 159 113 82 313 296 145 148 128 322 22 204 125 103 401 44 70 416 27 248 357 111 79 126 62 340 88 116 389 76 42 55 41 144 83 33 25 109 63
296 296 37 29 209 428 322 391 431 334 113 6 89 299 166 11 69 100 140 283 71 170 325 422 323 309 257 421 297 40 205 26 253 329 426 327 335 326 215 227 122 225 159 66 186 76 157 119 153 130 96 249 2 187 10 60 144 107 33 52 16 340 92 389 364 163 142 47 129 42 131 78 155 168 158 83 151 207 242 287 204 125 127 147 70 59 351 416 5 22 38 103 44 141 203 430 137 123 355 62 74 270 50 25 109 82 313 79 401 126 145 148 128 63 248 111 116 27 88 41
297 297 60 253 329 155 368 187 47 309 204 421 79 126 66 364 122 327 335 330 326 127 225 280 184 287 296 223 270 333 98 324 131 100 113 168 153 129 207 203 351 6 96 2 38 430 147 119 37 130 141 11 40 186 157 249 158 10 50 257 52 401 163 5 391 29 82 313 140 248 78 145 148 159 128 107 125 69 103 111 44 88 283 116 27 416 357 70 89 74 205 16 322 62 166 71 92 151 242 123 355 137 142 76 59 55 41 25 83 144 33 340 109 389 42 22 63
313 313 50 125 416 323 131 430 155 116 253 331 39 83 20 147 185 6 204 25 122 111 203 260 70 96 82 145 148 128 69 283 129 187 27 357 205 127 60 270 47 153 166 401 364 379 113 159 109 248 66 112 37 15 157 55 249 56 78 41 19 287 158 163 103 88 63 119 44 29 40 140 329 340 11 52 389 2 297 391 42 100 62 257 142 186 107 168 130 89 10 351 137 296 322 207 38 71 225 123 355 151 242 5 22 74 141 92 59 16 79 126 76 144 33
322 322 29 296 391 6 89 71 140 402 400 40 295 37 257 285 268 308 411 76 398 11 96 66 195 159 144 107 33 249 78 163 153 131 69 92 2 157 52 283 113 119 129 168 151 205 242 204 130 70 60 100 166 59 207 158 142 16 137 329 103 430 44 287 155 187 141 186 225 127 5 62 364 125 340 147 389 50 122 297 416 22 203 253 42 323 109 82 313 123 355 351 145 148 128 83 38 74 47 63 25 10 27 357 116 270 401 111 248 79 126 55 41 88
323 323 420 125 260 416 379 422 421 112 15 50 56 215 327 19 335 116 326 390 313 280 83 168 223 333 296 25 485 204 225 287 273 60 70 162 191 174 72 111 203 69 283 131 205 187 166 128 109 401 163 364 430 6 157 357 63 248 159 155 340 389 2 88 42 147 78 37 142 122 55 41 96 82 329 145 148 66 129 351 107 27 113 249 38 22 137 29 127 11 270 100 47 130 52 5 92 40 151 242 103 44 59 322 207 62 141
328 328 91 460 470 211 220 338 463 420 406 456 468 471 190 226 247 265 286 440 461 454 361 290 228 424 433 462 464 437 465 233 239 252 264 419 472 161 386 467 469 473 180 255 451 363 214 281 423 466 408 275 310 365 475 120 172 206 208 392 209 236 459 457 213 234 405
329 329 187 364 461 464 60 419 365 100 414 297 253 366 351 225 362 203 38 368 160 367 155 153 37 113 489 462 122 119 130 239 47 13 79 126 66 127 401 296 11 2 248 186 10 131 270 158 88 116 287 129 69 168 283 6 96 111 29 74 125 78 205 257 207 147 430 391 249 416 140 163 166 323 16 123 157 355 107 52 141 159 204 89 40 50 71 70 322 5 142 137 82 92 340 313 389 145 83 148 151 128 242 42 103 44 59 76 27 357 144 22 62 33 25 109 63 55 41
340 340 69 283 205 166 157 457 389 159 42 78 37 142 445 83 341 6 125 105 192 416 107 323 168 296 22 137 249 5 2 153 113 92 151 52 242 140 11 29 158 100 59 163 66 71 204 50 70 119 122 130 329 116 313 89 391 131 96 225 10 186 129 25 60 322 260 203 287 155 187 127 111 40 257 147 123 355 16 47 430 351 364 207 109 38 74 128 297 253 63 141 379 76 401 103 44 357 112 248 15 144 56 82 33 19 270 145 148 88 62 27 55 41 79 126
351 351 38 187 364 153 472 473 329 449 459 482 203 219 350 127 478 434 287 377 442 356 303 155 349 60 74 285 346 237 448 357 380 347 348 119 123 355 130 158 66 107 401 129 100 248 297 2 253 88 116 157 151 225 242 131 37 270 11 147 249 10 168 59 113 6 111 96 125 52 207 142 186 416 71 69 47 296 323 140 283 78 430 163 141 79 257 126 205 29 5 40 391 204 166 22 70 16 89 50 122 159 92 82 313 137 83 103 44 322 145 148 128 340 389 27 42 62 25 76 109 144 33 41
353 353 104 453 478 434 352 377 442 452 349 171 356 448 348 347 237 357 175 346 394 379
355 355 123 153 158 350 119 478 352 344 349 442 452 127 107 10 171 129 356 155 448 347 348 287 357 237 175 351 346 38 74 394 343 187 256 378 354 157 151 242 130 186 66 364 59 147 249 11 142 52 2 113 270 71 140 131 329 69 168 78 283 122 60 37 205 207 257 203 22 100 6 5 29 96 391 430 166 89 16 296 92 141 163 40 225 137 297 50 253 322 340 401 125 389 82 313 70 42 145 248 148 128 159 76 111 83 103 44 27 88 116 144 33 47 62 79 126 25 109 41
357 357 433 55 449 128 478 111 442 356 348 347 237 346 41 394 131 379 378 116 343 355 354 127 353 351 152 298 443 349 24 430 125 416 155 323 147 6 50 122 203 96 82 313 145 148 129 187 27 60 270 47 401 153 204 364 113 83 159 70 248 66 25 260 69 249 283 287 158 163 103 88 44 119 29 40 140 329 37 11 52 205 2 297 253 296 166 62 257 100 186 38 130 89 10 109 322 207 112 15 225 63 340 19 389 141 42 74 16 79 126
364 364 187 461 462 464 239 365 414 329 366 290 351 368 160 362 367 203 38 419 153 489 60 225 401 98 248 100 260 139 186 218 62 363 0 85 88 116 297 253 131 155 127 119 111 130 125 113 37 287 66 416 323 74 47 430 158 2 11 79 126 123 355 129 107 10 296 147 270 6 50 122 168 157 96 82 69 313 78 207 283 145 148 128 151 140 242 257 29 391 205 249 59 83 27 40 357 142 141 25 16 166 70 52 89 5 71 159 92 137 322 55 41 340 163 103 22 44 389 42 76 109 112 144 15 33 19
379 379 56 260 323 112 15 348 19 237 346 357 381 378 125 416 353 50 116 313 83 25 204 70 111 203 69 283 131 205 166 128 109 401 163 63 248 340 389 88 42 41 82
389 389 69 283 205 166 157 408 340 159 42 78 37 142 385 83 263 368 6 439 125 8 217 277 416 107 323 168 296 22 137 249 5 2 153 113 92 151 52 242 140 11 29 158 100 59 163 66 71 204 50 70 119 122 130 329 116 313 89 391 131 96 225 10 186 129 25 60 322 260 203 287 155 187 127 111 40 257 147 123 355 16 47 430 351 364 207 109 38 74 128 297 253 63 141 379 76 401 103 44 357 112 248 15 144 56 82 33 19 270 145 148 88 62 27 55 41 79 126
391 391 76 144 257 33 29 428 40 296 322 11 26 381 6 89 140 96 66 37 71 153 249 16 2 78 168 159 129 119 52 130 107 60 92 207 113 69 155 163 283 103 100 44 157 158 131 329 287 205 141 147 127 122 151 137 62 242 166 204 225 186 70 142 59 297 5 253 10 430 351 123 355 340 38 74 389 270 42 22 83 109 47 82 145 148 79 126 63 25 27
401 401 203 187 364 248 88 116 415 131 400 397 329 111 125 418 268 416 351 411 323 38 398 224 430 195 155 153 60 147 6 50 122 96 82 313 145 148 128 100 297 129 83 27 253 204 357 47 25 70 127 260 287 119 270 69 37 225 283 113 159 130 66 205 55 249 41 158 163 103 296 166 44 29 74 40 140 157 11 52 2 107 123 78 355 79 379 126 109 62 257 186 112 15 168 89 10 56 63 340 142 19 389 322 207 42 151 71 242 92 137 59 141 5 16 22
416 416 125 323 169 430 50 57 116 313 83 304 375 25 13 204 203 260 173 65 70 330 300 3 111 81 301 63 97 15 69 283 374 207 342 487 35 31 386 131 370 218 205 187 166 379 128 109 112 401 163 364 56 19 6 157 357 248 159 155 340 389 2 88 42 147 78 37 142 122 55 41 96 82 60 153 329 145 148 66 168 296 129 351 107 27 113 249 38 22 137 127 140 11 270 100 119 47 29 130 158 52 5 297 287 253 92 151 242 40 71 257 89 103 10 225 44 59 186 322 62 123 141 16 74 79 126
430 430 145 131 374 416 288 166 304 375 185 173 155 65 300 125 147 111 81 159 301 6 165 50 122 291 203 207 63 487 35 96 31 78 386 82 54 313 148 128 129 187 27 357 127 60 270 47 153 401 323 364 113 248 66 55 249 41 287 158 163 103 88 116 44 119 29 40 140 329 37 11 52 2 297 253 257 62 100 204 186 168 130 89 70 10 69 283 157 83 351 25 296 322 391 107 38 71 205 225 123 355 260 74 141 137 92 16 79 126 151 242 142 109 59 340 5 389 76 42 112 15 144 22 33 19
