0 0 108 48 310 120 36 476 445 134
257 529 880 811 585 785 257 555 630 696 560 526 533 551 618 657 491 776 636 589 648 602 675 571 616 499 647 818 615 596 640 548 731 644 759 612 11 516 559 840 527 631 646 802 558 772 655 531 694 853 76 29 179 514 693 552 144 737 33 445 544 846 16 442 6 605 284 140 153 89 119 130 60 131 249 103 78 52 163 187 92 122 297 430 253 225 5 137 47 355 50 74 203 125 145 148 128 416 79 340 389 109 22 401 111 83 41 88
130 491 589 499 675 526 818 602 776 616 647 555 630 696 130 840 612 527 618 785 657 853 529 119 644 759 559 648 636 585 596 811 640 548 731 615 560 558 772 655 531 694 463 514 693 552 153 880 571 533 551 458 737 631 646 11 516 363 802 281 275 310 120 605 225 187 78 234 812 388 163 60 6 257 74 16 249 140 52 355 137 29 122 131 92 297 253 203 47 89 430 125 5 109 416 340 76 103 389 79 401 50 144 33 83 145 148 128 22 88 111 41
131 571 636 516 802 644 759 585 737 544 846 618 616 648 131 533 551 602 776 529 605 615 675 853 514 555 630 696 812 647 818 811 589 526 491 499 486 840 527 560 657 559 612 430 785 596 640 548 731 558 772 655 531 694 693 552 467 6 50 122 203 880 488 145 120 208 148 128 479 457 179 482 60 187 36 350 476 631 646 125 111 416 401 47 153 249 297 41 253 103 163 88 119 140 29 11 52 257 78 89 130 83 225 79 260 355 137 92 16 74 109 5 340 389 76 379 112 15 144 56 33 19 22
128 544 846 605 571 636 516 128 802 644 759 514 585 812 737 618 616 648 111 533 551 602 529 776 615 41 131 675 853 555 630 696 647 818 811 589 491 558 499 772 655 531 694 432 526 560 657 612 559 430 125 785 428 840 527 431 334 416 880 6 50 122 203 145 148 60 187 153 401 47 83 260 249 297 253 103 163 88 119 140 29 11 52 78 257 130 89 379 112 225 15 355 79 340 56 389 19 137 74 16 92 76 109 144 33
389 558 772 655 531 694 648 631 646 389 526 785 657 596 640 548 731 602 491 589 514 812 560 811 675 605 647 802 499 559 555 630 696 529 408 776 818 612 618 636 571 693 552 340 585 880 616 78 385 644 759 737 853 263 840 516 527 83 533 551 615 368 439 6 8 217 125 277 416 22 137 249 5 153 92 52 29 11 140 163 50 122 119 131 130 89 187 225 60 260 203 111 257 430 355 16 47 109 297 74 128 253 76 401 379 144 112 103 33 15 145 148 56 19 88 41 79
6 648 811 491 555 630 696 571 559 6 785 529 657 560 636 558 585 516 772 655 531 694 514 693 552 802 880 526 533 551 644 759 631 646 616 737 615 589 602 618 776 544 846 499 596 640 548 731 675 818 647 812 840 527 605 163 29 612 131 853 385 169 430 60 89 153 78 140 257 50 122 203 119 130 125 249 109 11 145 148 416 128 340 389 52 297 253 76 92 137 5 187 47 83 103 111 144 33 401 225 22 41 88 74 16 79 355 260
260 812 260 514 605 802 379 559 112 15 412 56 19 693 552 737 125 558 772 655 531 694 413 416 571 229 410 258 402 544 846 400 279 648 377 364 397 201 243 484 417 418 411 398 285 268 636 205 853 50 83 111 203 131 187 128 109 401 6 163 340 88 389 41 145 148
136 210 136 206 150 211 220
137 491 137 558 772 655 531 694 648 618 560 78 631 646 555 630 696 585 636 776 559 811 526 596 640 548 731 589 514 657 529 533 551 499 647 693 616 552 675 785 644 759 602 249 612 571 880 818 92 52 802 615 840 527 318 140 516 812 95 49 119 853 349 605 341 439 737 237 8 105 138 409 121 38 4 163 6 130 11 153 89 340 389 29 83 131 257 60 125 416 16 22 5 187 103 225 109 122 430 50 297 355 253 74 203 76 144 33 145 148 128 111 47 401 79 88 41
5 657 646 555 630 696 596 640 548 731 558 772 655 531 694 631 5 648 560 491 529 647 585 612 615 811 526 776 616 533 551 618 840 527 644 759 499 636 190 785 675 818 880 559 433 571 441 233 602 853 802 693 589 552 514 812 516 153 605 482 737 350 36 476 6 60 340 389 11 119 78 140 29 22 297 130 253 83 257 163 187 125 355 131 89 74 416 103 137 122 16 249 47 430 50 92 79 52 203 76 144 33 109 225 145 111 148 128 401 88 41
11 526 618 529 555 776 785 630 696 636 589 491 602 880 585 11 811 675 560 657 499 647 616 644 759 818 533 551 612 648 571 558 772 655 531 694 596 615 640 548 731 406 840 527 631 646 853 516 559 257 16 802 140 737 119 130 408 514 693 552 605 153 249 405 544 846 29 52 385 78 89 60 92 131 187 225 6 76 122 137 163 144 33 297 103 253 355 430 5 47 74 203 340 389 50 125 416 145 83 148 128 79 22 401 109 111 88 41
140 560 585 811 529 533 551 785 618 140 491 596 640 548 731 636 776 880 555 630 696 526 647 648 631 646 644 759 657 571 558 616 772 655 531 694 499 612 589 675 602 249 89 516 559 615 818 92 52 802 78 11 840 527 514 29 693 552 853 737 605 544 846 444 137 6 103 153 257 16 131 119 130 60 163 76 430 187 144 33 122 355 5 297 340 253 22 389 50 225 203 74 125 47 145 148 128 83 416 109 401 111 79 41 88
15 812 15 514 260 605 802 379 559 112 56 19 693 552 737 370 416 125 558 395 772 655 531 694 388 571 445 302 544 846 374 284 648 303 362 50 83 111 203 131 128 109 401 6 163 340 88 389 41
16 526 618 529 555 776 785 630 696 16 636 589 491 602 880 585 811 675 560 657 499 647 616 644 759 818 533 551 11 612 648 571 558 772 655 531 694 596 615 640 548 731 840 527 631 646 853 516 559 363 257 802 275 140 737 119 130 514 693 552 605 388 476 153 385 249 447 544 846 95 49 29 52 78 89 60 92 131 187 225 6 76 122 137 163 144 33 297 103 253 355 430 5 47 74 203 340 389 50 125 416 145 83 148 128 79 22 401 109 111 88 41
145 571 636 516 430 802 145 644 759 585 737 544 846 618 616 648 533 551 602 529 776 605 615 131 675 853 514 555 630 696 812 647 818 811 589 526 491 499 560 657 412 612 559 785 840 527 382 596 640 548 731 646 413 558 772 655 531 694 693 552 6 50 122 229 415 203 631 880 258 402 148 128 60 187 125 111 416 153 401 47 249 297 41 253 103 163 88 119 140 29 11 52 257 78 130 89 83 225 355 79 260 74 137 92 16 109 5 340 389 76 112 15 144 22 33 19
401 737 605 853 401 571 818 840 527 636 203 516 514 812 802 644 759 589 187 585 615 544 776 846 618 616 648 559 533 551 602 88 526 415 529 612 693 552 131 400 785 675 397 558 772 655 531 694 555 630 696 111 647 418 125 811 268 491 411 499 596 416 640 548 731 398 631 646 224 195 560 657 430 60 153 6 50 122 145 148 128 297 253 83 260 119 47 225 130 249 41 103 163 140 74 29 11 52 79 355 78 109 379 257 112 15 89 56 19 340 389 92 137 5 16 22
19 812 19 514 260 605 802 559 379 112 15 56 693 552 737 125 382 558 772 655 531 694 416 413 571 415 229 410 544 846 258 402 400 648 279 397 417 201 50 83 111 203 131 128 109 401 6 163 340 88 389 41
148 516 571 636 802 148 644 759 585 737 544 846 618 616 648 533 551 602 529 776 605 615 131 675 853 514 555 630 696 812 647 818 811 589 526 491 499 560 657 612 559 430 785 840 527 432 459 596 640 548 731 646 558 213 772 655 531 694 693 552 6 50 122 203 334 631 385 880 145 128 60 187 125 111 416 153 401 47 249 297 41 253 103 163 88 119 140 29 11 52 257 78 130 89 83 225 355 79 260 74 137 92 16 109 5 340 389 76 112 15 144 22 33 19
144 880 811 529 144 785 560 585 526 555 630 696 648 533 551 76 657 491 618 602 257 589 33 596 640 548 731 776 636 29 499 675 647 616 558 772 655 531 694 631 646 818 571 644 612 759 615 559 302 368 840 11 527 450 89 6 140 153 16 249 78 119 130 52 60 103 92 163 131 122 137 225 297 5 253 47 355 340 74 389 22 83 109 79
22 631 596 640 548 731 558 772 655 531 694 646 22 648 560 647 657 526 612 499 785 811 776 616 675 618 228 840 527 602 491 636 589 514 812 644 555 759 630 696 529 585 392 605 802 477 571 880 234 559 289 853 388 533 551 246 153 198 818 615 737 693 516 436 552 316 196 340 389 78 83 119 6 5 140 125 29 416 355 137 89 249 187 74 130 92 52 131 11 60 163 50 203 122 225 430 297 253 76 111 257 103 16 144 33 109 401 47 145 148 88 79
278 763 278 424 241 262 283 221 417 254 235 204 288 212 240 238 331 259 232 317 194 383 321 157
153 776 616 840 612 527 153 647 596 640 548 731 644 759 555 630 696 618 853 499 491 657 636 818 675 631 646 560 589 529 585 571 526 737 785 602 615 811 533 558 551 772 655 531 694 648 516 236 559 880 74 213 802 187 219 605 149 241 119 355 130 134 262 283 514 693 552 222 216 188 235 204 544 277 846 199 240 212 251 398 11 249 60 131 6 203 52 140 78 163 257 5 225 29 297 430 22 253 122 16 89 401 92 137 125 50 103 416 340 88 389 145 148 128 111 47 76 79 83 109 144 33 41
29 811 785 560 529 880 526 648 585 29 555 630 696 596 640 548 731 533 551 602 491 657 589 631 646 618 571 558 772 655 531 694 559 675 776 647 636 818 499 516 514 693 552 89 6 616 612 615 802 140 488 644 840 853 759 527 208 737 257 605 179 544 846 76 350 11 812 444 445 144 33 249 163 78 153 131 92 52 119 130 103 60 16 430 137 187 225 5 340 125 389 297 50 122 253 22 203 416 109 355 145 148 128 83 74 47 401 111 79 41 88
416 514 812 416 605 802 559 693 552 737 125 558 772 655 531 694 571 544 846 648 636 853 516 631 646 491 169 430 526 50 57 644 759 818 585 304 840 527 375 602 83 13 657 203 785 173 618 65 260 596 300 330 640 548 731 3 616 555 630 696 81 301 111 97 533 551 529 15 675 560 615 374 207 63 342 487 35 811 776 31 386 647 370 589 131 187 379 128 109 112 401 163 56 19 340 6 88 389 78 122 41 153 60 145 148 22 137 11 130 249 29 5 47 140 297 253 92 52 257 103 89 74 16 79
33 880 811 529 33 785 560 585 526 555 630 696 648 533 551 76 657 491 618 602 144 257 589 596 640 548 731 776 636 29 499 675 647 616 558 772 655 531 694 631 646 818 571 644 612 759 615 559 840 11 527 89 6 140 153 16 249 78 119 130 52 60 103 92 163 131 122 137 225 297 5 253 47 355 340 74 389 22 83 109 79
163 491 559 514 693 552 648 555 630 696 163 811 657 529 571 785 585 558 772 655 531 694 812 589 526 560 636 776 516 605 499 616 6 675 533 551 602 618 615 802 880 818 647 631 646 840 527 612 644 759 737 596 640 548 731 544 846 78 109 119 130 125 153 29 131 416 137 60 140 11 249 430 92 52 257 89 83 297 50 122 253 203 5 340 389 111 225 145 148 128 74 103 16 260 47 76 187 355 144 33 401 22 79 379 41 88 112 15 56 19
297 615 297 818 644 759 555 616 630 696 853 60 589 602 657 840 527 618 636 571 776 526 675 585 491 529 253 737 785 516 533 648 551 499 612 646 802 647 368 811 560 309 204 605 47 187 421 79 880 596 640 548 731 559 558 772 655 531 694 544 327 846 335 514 122 330 326 280 184 225 631 223 296 333 287 98 324 153 131 6 119 203 11 130 430 257 140 249 163 50 78 29 5 401 52 74 103 145 148 355 128 89 125 16 111 88 416 92 137 76 340 389 41 83 144 33 109 22
41 544 846 605 571 636 516 41 802 644 759 128 514 585 812 737 618 616 648 111 533 551 602 529 776 615 252 131 675 853 555 630 696 647 818 281 811 589 491 558 499 772 655 531 694 526 560 657 612 559 430 428 125 785 840 431 334 527 416 6 50 122 203 145 148 60 187 153 401 47 83 260 249 297 253 103 163 88 119 140 29 11 52 78 257 130 89 379 112 225 15 355 79 340 56 389 19 137 74 16 92 109
430 430 571 636 516 802 644 759 585 737 544 846 618 145 616 648 533 551 602 529 776 605 615 131 374 675 853 514 555 416 630 696 812 647 818 811 589 491 288 499 166 526 304 560 657 612 375 559 185 173 785 65 840 527 300 880 81 301 111 125 596 640 548 731 165 646 558 772 655 531 694 291 693 207 552 159 63 6 487 35 50 122 78 31 386 203 54 148 128 60 187 153 401 47 249 297 41 253 103 163 88 119 140 11 29 52 257 130 89 83 225 355 79 260 74 137 16 92 76 109 5 340 144 389 33
47 615 602 818 675 571 644 759 47 589 526 636 516 499 555 616 630 696 785 853 802 60 585 122 737 657 840 527 648 618 533 551 544 846 776 491 529 297 253 605 558 772 655 531 694 646 811 514 612 131 560 647 812 559 631 187 880 79 95 596 160 640 548 731 430 119 6 203 153 225 50 145 148 128 130 125 401 111 11 416 140 163 29 103 88 257 41 249 78 5 89 52 74 340 83 389 355 92 16 137 76 22 109 144 33
50 802 571 514 812 605 636 50 516 559 644 759 585 737 544 693 846 618 552 616 648 533 551 602 558 772 655 531 694 125 416 529 776 615 131 675 853 555 630 696 526 647 818 589 811 631 646 491 499 560 657 612 596 640 548 731 430 785 840 527 880 83 6 122 111 203 260 145 148 128 60 187 153 401 47 379 109 112 15 249 297 56 41 253 19 78 103 163 88 119 11 140 29 52 340 389 257 130 89 137 225 355 79 5 22 74 16 92 76 144 33
178 178 124 171 175 167 173 184 441 118 98 1 182 159 73
52 618 636 776 560 491 647 52 249 644 759 585 811 529 616 558 772 655 531 694 785 499 612 533 596 551 640 548 731 571 526 555 630 696 675 648 78 880 840 527 589 657 516 615 631 646 140 602 802 559 818 853 514 737 137 693 552 92 544 846 153 11 429 89 605 447 446 263 119 131 29 6 60 130 257 16 163 187 430 355 103 340 389 74 297 122 253 50 203 83 76 47 145 148 225 128 125 5 144 416 33 22 111 79 401 109 41 88
56 812 56 379 514 260 605 802 559 112 15 382 19 413 693 552 737 415 229 410 125 402 558 400 772 655 531 694 279 397 417 416 201 571 295 362 50 83 111 203 131 128 109 401 163 340 389 88 41
187 853 818 840 527 737 187 489 589 605 615 616 602 776 462 419 239 571 612 526 644 759 365 675 555 630 696 499 491 636 414 457 516 785 203 618 647 596 364 640 548 731 514 812 802 657 366 362 290 153 160 60 529 585 367 308 631 646 464 461 811 401 544 846 560 558 772 655 531 694 329 648 559 331 533 551 880 88 230 297 253 131 225 119 111 130 125 416 74 47 430 11 79 355 6 50 122 78 145 148 128 140 257 29 249 83 16 260 52 89 5 92 137 41 340 22 103 163 389 76 109 112 144 15 33 19
60 615 818 644 759 60 555 616 630 696 853 589 602 657 840 527 618 636 571 776 526 675 297 585 491 529 253 737 785 516 533 648 551 499 612 646 802 647 432 811 560 605 47 187 79 880 596 640 548 731 559 558 772 655 531 694 544 846 514 122 631 427 205 204 325 323 309 422 693 552 367 153 131 6 119 203 225 11 130 430 257 140 249 163 50 78 29 5 401 52 74 103 145 148 355 128 89 125 16 111 88 416 92 137 76 340 389 41 83 144 33 109 22
74 776 616 840 612 527 647 596 640 548 731 74 644 759 555 630 696 618 853 153 499 491 657 636 818 675 631 646 560 589 529 585 571 526 737 785 602 615 811 533 558 551 772 655 531 694 648 516 559 880 802 187 605 119 355 130 334 514 693 552 544 427 846 11 249 60 131 6 203 52 140 78 163 257 5 225 29 297 430 22 253 122 16 89 401 92 137 125 50 103 416 340 88 389 145 148 128 111 47 76 79 83 109 144 33 41
203 737 605 853 571 818 840 203 527 636 516 514 812 802 644 759 589 187 585 615 401 544 776 846 618 616 648 559 533 551 602 88 529 526 612 693 552 382 131 785 675 416 558 772 655 531 694 555 630 696 413 414 111 647 415 229 388 125 811 410 491 258 402 499 400 596 640 548 731 279 631 646 369 397 417 201 560 657 295 411 268 243 484 285 418 430 205 60 153 6 50 122 145 148 128 297 253 83 260 119 47 225 130 249 41 11 103 163 140 74 29 52 79 355 78 109 379 257 112 15 89 56 19 340 389 92 137 16 5 22
76 880 811 76 529 785 560 585 526 555 630 696 648 533 551 657 491 618 602 144 257 589 33 596 640 548 731 776 636 29 499 675 647 616 558 772 655 531 694 631 646 818 571 644 612 759 615 559 450 474 840 11 527 89 6 140 153 16 249 78 119 130 52 60 103 92 163 131 122 137 225 297 5 253 47 355 340 74 389 22 83 109 79
78 491 558 772 655 531 694 78 648 618 560 631 646 555 630 696 585 636 776 559 811 526 596 640 548 731 589 514 657 529 533 137 551 499 647 693 616 552 675 785 644 759 602 249 612 571 880 818 92 52 802 615 840 527 140 516 812 179 853 605 444 737 341 430 163 119 6 130 11 153 89 340 389 29 83 131 257 60 125 416 16 187 22 5 103 225 109 122 50 297 355 253 74 76 203 144 33 145 148 128 111 47 79 401 88 41
79 615 818 644 759 555 616 630 696 79 853 60 589 602 657 840 527 618 636 571 776 526 675 585 491 529 297 253 737 785 516 533 648 551 499 612 646 802 647 811 560 605 47 187 432 449 120 880 596 640 548 731 559 459 558 772 655 531 694 544 846 514 122 631 431 334 434 153 131 6 119 203 225 11 130 430 257 140 249 163 50 78 29 5 401 52 74 103 145 148 355 128 89 125 16 111 88 416 92 137 76 340 389 41 83 144 33 109 22
210 210 136 150 211 220 190 226 247 265 286 290 48 228 250 293 233 239 252 264 255 214 281 275 206 208 209 231 236 213 234 289 219 36 149 229
83 558 772 655 531 694 514 812 605 802 648 631 646 559 83 526 693 552 737 785 596 125 640 548 731 657 416 602 571 491 544 846 589 560 811 675 555 636 630 696 853 516 647 818 499 529 618 776 50 840 527 612 616 644 759 585 615 405 340 880 389 219 260 78 446 111 203 6 131 22 137 187 163 379 128 109 249 5 112 401 15 56 19 92 29 52 153 140 11 430 122 60 88 119 130 89 225 41 145 148 297 47 253 257 16 355 76 74 144 103 33 79
340 558 772 655 531 694 648 631 646 340 526 785 657 596 640 548 731 602 491 589 514 812 560 811 675 605 647 802 499 559 555 630 696 529 776 818 612 618 457 636 571 693 552 585 389 880 616 445 78 644 759 737 853 840 516 527 83 533 341 551 615 105 6 125 192 416 22 137 249 5 153 92 52 29 11 140 163 50 122 119 131 130 89 187 225 60 260 203 111 257 430 355 16 47 109 297 74 128 253 76 401 379 144 112 103 33 15 145 148 56 19 88 41 79
88 737 605 853 571 818 840 88 527 636 516 203 514 812 802 644 759 589 187 585 615 401 544 776 846 618 616 648 559 533 551 602 526 529 612 693 552 131 785 675 558 772 655 531 694 555 630 696 111 647 429 476 125 811 491 499 596 416 640 548 731 631 646 366 560 657 160 368 292 430 60 153 6 50 122 145 148 128 297 253 83 260 119 47 225 130 249 41 103 163 140 74 29 11 52 79 355 78 109 379 257 112 15 89 56 19 340 389 92 137 5 16 22
89 811 560 785 529 585 89 880 526 533 551 648 596 640 548 731 555 491 630 696 618 636 776 602 657 647 631 646 571 140 589 558 772 655 531 694 29 499 616 644 759 612 675 516 559 818 615 802 249 840 527 514 693 552 6 853 737 92 52 78 11 544 846 303 257 605 76 153 131 137 103 144 33 163 60 16 119 130 430 187 5 225 340 297 50 253 122 389 355 125 22 203 416 145 148 128 74 83 47 109 401 111 79 41 88
92 560 491 585 92 618 811 558 772 655 531 694 529 533 551 785 636 555 630 696 776 596 648 640 548 731 526 78 647 631 646 880 140 657 616 589 499 644 759 559 612 675 249 602 514 571 818 137 693 552 52 615 840 527 89 802 516 853 388 11 812 605 29 737 302 263 153 6 119 130 163 103 340 257 389 16 60 131 83 187 125 76 355 5 416 225 122 297 430 253 22 144 74 33 50 109 203 47 145 148 128 111 79 401 88 41
225 589 818 602 526 675 225 785 853 499 491 615 840 527 647 558 555 772 655 531 694 630 696 811 737 644 759 776 616 529 618 636 571 560 648 657 612 585 631 646 880 432 187 516 209 605 119 130 533 551 559 802 596 640 548 731 60 514 344 299 377 364 297 49 122 693 552 153 11 323 422 418 421 544 846 253 47 203 131 6 78 29 257 16 140 249 163 79 52 89 430 74 340 401 389 137 92 355 50 83 88 76 5 111 125 145 148 128 103 22 144 33 109 41
353 593 353 453 478 434 352 377 442 452 349 171 356 448 348 347 237 357 175 346 394 379
355 612 647 355 499 776 616 618 596 640 548 731 840 675 527 636 644 759 631 646 560 555 630 696 602 853 153 491 657 818 589 571 526 558 772 655 531 694 529 785 811 350 585 478 119 516 352 344 349 442 452 171 737 880 802 615 356 533 448 551 347 348 648 357 237 175 346 394 559 343 256 74 378 354 187 130 249 11 52 131 140 78 122 60 22 257 5 6 29 430 89 16 203 92 163 225 137 50 297 253 340 389 145 148 128 401 76 83 103 144 33 88 47 79 109 41
103 585 533 551 529 555 630 696 571 103 657 811 560 636 516 785 491 880 802 618 648 776 644 759 615 616 737 646 454 544 846 526 647 596 640 548 731 589 602 818 499 840 527 559 514 612 140 605 558 772 655 531 694 631 131 675 853 693 552 812 350 257 29 222 6 430 60 249 11 153 89 78 92 52 50 122 203 145 148 128 297 253 119 130 163 76 137 47 5 187 125 16 111 144 33 416 401 74 41 88 79 225 355 83 340 389 109 22
108 108 0 228 469 480 423 466 475 479 477 234 289 318 36 476 445 176
109 559 514 693 552 491 109 812 648 802 605 555 630 696 811 657 558 772 655 531 694 529 571 737 163 785 585 526 125 432 589 560 636 776 416 516 499 616 631 646 6 675 602 533 551 618 853 615 476 880 647 818 596 640 548 731 840 612 527 644 759 50 78 83 119 130 153 260 29 131 111 203 137 187 60 140 11 249 430 92 52 257 379 340 89 401 389 112 15 56 19 297 122 253 5 88 225 145 148 128 74 103 16 47 76 355 22 144 33 79 41
111 605 544 846 737 111 514 812 802 571 853 636 516 559 818 840 527 644 759 128 585 693 552 618 203 558 125 772 655 531 694 616 648 533 416 551 602 459 589 776 526 529 41 555 187 630 696 131 615 785 675 430 447 631 646 49 401 647 132 811 491 612 50 8 268 499 657 88 83 260 6 122 145 148 153 60 379 109 47 112 15 56 19 119 78 249 340 103 297 163 253 389 140 29 11 52 130 225 257 89 74 355 137 92 5 22 79 16
112 812 112 514 260 605 802 559 379 412 15 56 19 693 552 737 125 558 772 655 531 694 416 410 571 258 402 400 279 397 243 544 201 484 846 295 436 417 648 411 285 418 268 398 205 50 83 111 203 131 128 109 401 6 163 340 88 389 41
125 514 812 605 802 559 125 693 552 737 558 772 655 531 694 416 571 544 846 648 636 853 516 631 646 491 465 526 386 50 644 759 818 585 840 527 602 83 206 370 657 231 459 785 618 260 395 596 640 548 731 616 555 630 696 111 533 551 203 529 675 560 615 373 302 169 430 369 374 811 776 284 647 303 362 589 450 249 131 187 379 128 109 112 401 15 163 56 19 340 6 88 389 78 122 41 153 60 145 148 22 137 11 130 29 5 47 140 297 253 92 52 257 103 89 225 74 16 79
119 499 675 119 647 602 491 589 612 618 596 526 640 548 731 818 776 616 636 555 630 696 840 527 644 759 785 560 657 853 529 631 646 130 559 648 571 811 585 615 558 772 655 531 694 95 49 514 693 552 153 880 516 533 551 737 138 8 802 121 4 38 39 11 20 605 137 118 51 1 355 122 225 187 78 249 163 60 6 257 52 131 74 16 140 47 29 92 297 253 203 430 5 89 125 22 50 340 416 109 389 76 103 145 148 401 128 79 111 83 144 33 88 41
249 249 618 636 776 560 491 647 644 759 585 52 811 529 616 558 772 655 531 694 785 499 612 533 596 551 640 548 731 571 526 555 630 696 675 648 78 880 840 527 589 657 516 615 303 631 646 140 602 802 559 818 853 514 89 737 137 693 552 92 544 846 153 11 59 35 605 125 119 131 29 6 60 130 257 16 163 187 430 355 103 340 389 74 297 122 253 50 203 83 76 47 145 148 225 128 5 144 416 33 22 111 79 401 109 41 88
122 602 675 571 589 615 526 636 122 516 499 818 802 785 644 759 585 737 647 544 846 618 555 630 696 616 648 533 551 776 491 529 47 612 558 605 772 655 531 694 657 60 131 853 514 812 596 640 548 731 840 811 527 236 560 631 646 880 219 559 149 430 297 253 202 241 119 262 292 188 204 235 254 693 6 50 203 225 145 148 128 11 153 130 79 187 125 111 416 401 78 257 249 41 103 163 88 140 29 355 52 16 83 340 389 89 137 5 74 76 92 22 144 33 109
379 812 379 56 514 260 605 802 559 348 112 237 15 346 357 19 381 693 552 378 737 125 558 772 655 531 694 353 571 416 50 83 111 203 131 109 128 401 163 340 389 88 41
124 178 124 302
253 615 253 818 644 759 555 616 630 696 853 60 589 602 657 840 527 618 636 571 776 526 675 585 491 529 297 737 785 516 533 648 551 499 612 646 802 647 811 560 325 605 47 187 79 880 596 640 548 731 559 558 153 227 772 655 531 694 544 846 259 321 514 122 313 326 280 631 225 337 181 296 223 168 270 131 6 119 203 11 130 430 257 140 249 163 50 78 29 5 401 52 74 103 145 148 355 128 89 125 16 111 88 416 92 137 76 340 389 41 83 144 33 109 22
