0 0 108 48 310 120 36 476 228 445 366 160 134
2 2 78 163 119 281 130 66 137 153 249 6 70 204 427 168 11 92 52 60 207 140 69 100 96 283 159 37 329 141 205 155 40 157 127 287 257 29 10 166 109 187 129 131 158 225 391 296 297 351 253 89 113 25 74 16 125 71 38 364 63 186 5 123 147 122 340 107 389 416 322 142 323 355 42 103 44 430 203 83 270 47 79 126 50 151 242 76 62 82 59 145 148 128 22 116 144 33 313 111 401 27 248 88 41
5 5 157 168 190 433 441 233 66 69 482 107 283 350 36 476 205 153 166 151 242 142 60 59 207 158 6 2 96 159 340 78 389 37 141 71 42 11 40 83 119 140 29 22 297 127 253 130 296 257 155 129 287 163 123 351 391 125 131 74 137 329 249 355 92 52 38 89 10 416 103 100 44 113 322 147 122 16 47 70 79 126 186 225 62 270 76 25 144 33 82
6 6 159 163 29 131 66 2 385 166 169 70 182 204 296 322 391 69 96 283 168 155 153 89 430 205 60 40 207 147 78 71 50 122 140 203 37 257 157 82 141 11 145 148 128 130 125 119 313 187 109 127 129 249 340 416 297 76 389 107 253 52 323 25 42 103 47 44 113 92 27 270 137 142 287 111 364 100 158 144 401 33 63 5 357 329 83 248 151 351 242 55 41 88 74 116 62 16 10 59 225 38 79 126 123 22 186 355
10 10 119 158 186 113 130 153 263 369 200 129 123 107 355 37 100 122 2 287 11 155 157 151 242 329 147 127 59 225 249 296 60 187 52 66 142 131 69 78 140 71 351 283 47 74 364 205 38 257 6 29 168 16 96 163 166 270 391 297 253 22 92 159 137 207 5 89 40 340 389 322 42 141 82 145 148 83 79 126 103
11 11 406 16 257 37 119 140 129 408 130 66 249 391 405 153 296 385 2 155 96 287 52 100 40 158 147 78 113 29 168 89 60 329 92 207 71 69 6 127 283 131 225 10 76 157 141 187 205 122 186 107 322 163 166 137 144 270 33 103 123 44 297 159 351 253 364 74 355 38 142 151 5 242 340 430 389 203 70 59 62 42 50 83 47 82 145 148 128 79 126 313 22 401 27 109 248 88 41
15 15 260 323 379 112 19 370 395 56 388 420 445 416 302 374 284 303 362 125 50 116 83 25 313 70 111 109
16 16 11 363 275 257 37 388 476 140 385 447 129 130 95 66 119 49 391 153 296 2 249 155 96 287 52 100 40 158 147 78 113 29 168 89 60 329 92 207 71 69 6 127 283 131 225 10 76 157 141 187 205 122 186 107 322 163 166 137 144 270 33 103 123 44 297 159 351 253 364 74 355 38 142 151 5 242 340 430 389 70 59 62 42 50 83 47 82 145 148 79 126 22 27
19 19 260 323 112 15 379 56 382 413 420 415 229 410 258 402 400 279 268 411 295 397 417 243 418 285 484 201 205 125 416 50 116 83 25 313 70 111 109
22 22 142 228 283 392 477 234 69 289 107 388 246 198 157 205 436 316 196 166 151 242 153 59 158 340 389 159 71 42 78 37 83 168 5 119 6 140 125 29 123 127 296 129 137 10 416 355 287 323 351 2 74 66 249 130 113 89 92 52 38 11 100 186 322 147 163 225 207 25 141
25 25 125 204 70 416 323 109 281 392 50 163 116 429 420 83 313 63 6 2 260 111 203 131 69 283 205 159 78 187 166 66 128 401 112 15 379 157 56 155 19 364 430 248 130 119 29 340 147 96 389 88 122 42 357 37 137 142 82 168 145 148 296 55 207 41 40 92 322 27 141 270 5 22 103
27 27 148 451 480 466 475 131 479 477 289 234 318 176 320 198 316 446 134 315 436 155 430 147 6 50 122 203 96 82 145 128 313 187 129 125 127 111 270 60 401 47 357 416 159 113 364 248 66 323 55 41 103 88 163 116 44 140 29 40 287 158 329 249 11 297 2 52 253 257 62 89 186 207 322 83 25 141 79 126
29 29 322 296 391 89 6 71 488 40 208 140 179 257 350 37 444 445 76 66 96 159 11 144 33 107 163 131 153 249 2 157 92 78 52 69 168 283 151 242 113 60 129 205 207 130 119 70 59 204 158 100 142 103 166 155 44 16 141 329 430 287 137 127 147 50 122 203 186 225 5 297 340 253 62 82 389 145 148 128 42 22 313 351 123 109 74 47 83 355 25 10 270 27 401 63 248 79 126 41 88
33 33 391 76 144 257 29 450 40 296 322 11 6 89 71 140 66 96 37 16 159 2 129 168 131 130 249 107 52 163 78 207 92 100 103 44 113 147 141 151 242 59 225 62 82
37 37 296 113 283 11 69 100 205 476 329 166 122 225 29 186 130 119 157 257 391 187 340 16 389 140 153 159 6 129 10 42 78 2 66 142 60 322 89 47 364 83 131 40 71 249 155 96 52 287 168 158 125 92 107 147 163 297 137 127 76 22 416 253 351 323 203 207 5 144 430 50 38 33 151 242 141 123 70 74 270 313 59 82 103 44 355 116 145 148 128 79 126 401 111 248 25 27 62 88 109 41
38 38 351 187 364 153 95 49 8 138 119 489 121 39 329 462 118 137 51 472 203 127 287 74 60 155 123 130 66 107 355 158 401 100 129 248 2 157 88 116 151 242 297 253 168 11 131 59 225 37 6 207 147 96 270 142 113 71 111 10 122 141 52 47 40 163 257 79 186 126 5 16 22 82 103
40 40 257 96 29 391 66 423 214 488 392 370 6 11 405 140 296 322 431 168 153 89 103 44 60 131 207 76 2 71 37 141 144 33 155 62 130 249 159 163 119 52 16 297 157 92 253 129 147 430 107 287 122 187 5 78 329 127 113 50 69 158 100 203 283 82 70 204 351 145 148 205 128 74 364 270 313 47 151 242 166 38 79 126 123 225 59 142 10 186 355 27 137 401 111 340 248 389 116 109 42 55 41 88 22 25 83
41 41 128 357 111 252 281 55 131 428 431 334 116 155 430 125 147 6 50 122 203 416 96 82 323 145 148 313 187 60 129 27 127 270 401 47 159 113 364 248 66 29 83 103 88 163 44 25 297 253 40 287 62 207 79 126 141
42 42 283 69 205 166 340 389 157 444 159 78 37 142 83 6 125 107 296 137 22 416 323 2 168 5 249 113 92 52 153 11 151 242 100 140 158 59 29 163 66 71 50 130 329 131 119 122 116 225 129 186 70 89 96 25 313 10 322 287 257 16 147 40 111 123 207 74 141 109 82
44 44 62 96 444 445 103 140 40 131 66 257 6 89 168 29 155 11 391 153 430 249 71 60 92 52 207 147 2 78 50 122 203 129 82 141 296 145 148 128 322 313 127 130 159 297 163 253 287 157 119 107 37 47 158 27 16 270 76 137 401 113 111 5 357 248 144 116 33 151 242 55 41 88 74 123 59 79 126
47 47 60 122 297 253 329 113 155 131 95 160 79 187 126 66 37 100 186 430 364 6 127 147 96 270 203 50 119 296 168 225 82 153 145 148 10 128 129 313 207 130 2 351 69 141 125 401 27 11 159 111 283 40 163 287 248 38 357 29 416 140 205 103 44 157 78 158 249 88 116 166 257 55 52 41 5 89 62 322 340 83 389 92 74 16 42
50 50 313 125 416 323 131 155 430 116 147 83 6 122 203 25 96 82 111 145 148 128 260 70 204 187 69 129 283 27 127 270 60 401 47 205 357 159 113 364 248 66 166 153 55 41 103 88 163 44 37 140 109 29 40 112 15 157 379 287 158 329 56 249 78 19 11 297 2 52 253 340 389 257 168 42 100 63 351 62 89 186 142 207 296 322 130 71 92 137 141 225 79 126 5 16 74 22
52 52 249 78 140 129 137 92 429 155 447 287 446 158 11 263 2 147 89 96 153 71 69 283 205 119 131 29 66 37 107 166 130 60 127 6 270 257 391 16 296 40 157 10 163 123 340 103 355 44 389 151 322 242 159 168 42 187 430 329 59 297 142 100 253 122 207 351 83 113 186 74 50 203 70 62 38 82 141 145 47 148 76 128 225 313 5 144 22 33 79 126 27 109 41
55 357 55 128 286 293 433 264 252 111 255 214 275 449 236 213 219 41 36 476 131 202 385 116 155 430 125 147 6 50 122 203 416 96 82 323 145 148 313 129 27 127 270 401 47 159 113 248 83 103 88 163 44 25 62
56 56 379 260 323 112 15 382 19 413 415 229 410 402 400 420 279 397 417 201 268 411 205 295 418 285 243 362 125 416 50 116 83 25 313 70 111
59 59 481 107 151 242 157 388 153 158 142 249 71 217 69 283 22 119 123 127 140 205 10 168 29 129 5 355 287 166 351 155 74 38 187 89 130 11 66 296 52 6 340 322 391 389 159 96 186 147 42 78 364 2 37 92 83 257 40 113 270 100 207 163 16 137 76 141 103 225 144 33
60 60 297 253 329 155 432 47 79 187 126 66 427 205 325 204 489 122 323 309 422 364 367 127 270 131 168 100 153 129 207 6 113 2 96 203 351 141 11 225 147 40 130 37 287 38 119 430 158 249 257 52 50 163 186 29 296 140 157 5 78 159 391 82 401 10 145 148 128 103 248 44 313 107 74 16 88 116 89 111 70 27 322 123 71 92 62 355 137 151 242 59 55 41
62 62 44 96 364 358 427 103 140 40 131 66 257 6 89 168 29 155 11 391 153 430 249 71 60 92 52 207 147 2 78 50 122 203 129 82 141 145 148 128 296 322 313 127 130 159 297 163 253 287 47 27 16 270 76 137 401 5 248 144 33 41 88 74 79 126
63 204 63 487 465 70 206 370 209 231 459 395 236 373 447 302 374 369 284 169 303 188 416 430 57 109 163 25 125 6 2 323 66 50 78 159 116 83 130 313 137 207 141
66 66 168 207 153 60 6 141 467 2 96 488 449 208 11 457 40 179 297 253 155 257 130 163 157 119 29 140 5 131 78 159 391 329 127 287 187 103 44 351 37 74 296 16 47 89 249 129 38 70 204 79 364 158 322 71 126 52 123 100 122 69 107 92 62 147 283 355 137 270 430 113 205 76 10 50 166 203 225 151 242 82 144 33 145 142 148 128 186 59 125 109 313 340 389 25 42 27 63 401 116 111 83 248 22 55 41 88
69 69 283 205 166 338 486 157 440 226 247 340 389 437 159 42 467 78 488 37 142 208 83 179 482 424 36 350 445 444 6 125 107 296 137 22 416 323 2 168 5 249 113 92 52 153 11 151 242 100 140 158 59 29 163 66 71 50 130 329 122 119 116 225 129 186 70 204 131 89 391 60 313 25 10 155 96 322 287 257 40 16 260 127 147 111 123 207 351 355 47 74 141 109 76 103 82 144 33
70 70 204 109 163 25 63 482 125 6 2 416 478 487 352 323 344 349 442 171 452 50 66 78 159 116 83 130 313 119 29 131 153 69 283 260 203 168 205 111 137 96 11 391 166 207 140 296 322 249 40 157 37 92 52 141 89 430 100 128 257 147 340 71 401 389 122 42 112 248 82 15 145 56 148 19 225 88 74 103 5 16 27 41
71 71 140 29 107 151 242 275 89 213 157 296 322 391 149 283 153 176 202 241 59 198 158 96 6 216 279 249 92 52 142 11 78 40 257 66 37 129 69 119 2 76 168 155 22 131 205 159 123 127 144 103 137 44 33 166 10 130 5 147 355 287 163 16 351 74 60 207 187 113 38 100 340 62 186 389 141 329 430 42 270 70 50 122 83 225 297 253 82 145 148 128 313 47 27 109 79 126
74 74 153 127 287 351 334 38 187 123 427 130 66 107 155 119 355 158 129 364 2 157 151 242 168 11 329 59 60 207 10 142 6 100 96 147 270 71 249 52 141 140 203 37 131 78 40 257 163 69 283 29 225 5 186 297 253 391 205 113 296 22 16 166 89 122 159 92 70 401 103 44 137 322 248 47 340 389 79 88 126 42 82 62
76 76 391 144 33 257 29 450 474 40 296 322 11 6 89 71 140 66 96 37 16 159 2 129 168 131 130 249 107 52 163 78 207 92 100 103 44 113 147 141 151 242 59 225 62 82
78 78 137 249 2 92 52 283 69 179 140 205 444 166 341 157 163 129 130 66 119 340 11 6 389 159 89 96 42 153 37 142 71 83 155 70 287 204 29 107 158 147 168 100 125 131 60 257 391 207 296 22 127 416 16 329 323 5 113 151 10 242 322 141 103 44 225 59 40 109 122 25 270 50 186 123 297 351 253 74 355 62 38 313 63 76 47 82 145 148 144 33 79 126
79 79 60 297 253 329 155 432 449 120 459 47 431 334 187 126 434 66 122 364 127 270 131 168 100 153 129 207 6 113 2 96 203 351 141 11 225 147 40 130 37 287 38 119 430 158 257 249 50 163 78 186 52 29 296 140 5 159 82 401 145 10 148 128 103 248 44 313 74 123 16 88 89 27 322 137 62 41
82 82 131 412 430 155 147 334 6 50 122 203 96 145 148 128 313 187 129 125 27 127 111 270 60 401 47 357 416 159 113 364 248 66 323 153 55 41 103 88 163 116 44 140 29 40 287 158 329 249 11 297 2 52 253 37 391 119 257 168 69 62 89 78 186 100 283 70 207 296 322 351 130 71 205 25 83 10 166 38 141 225 123 92 79 126 355 74 16 137 76 340 389 109 42 144 33
83 83 125 416 323 283 69 205 166 405 157 50 219 420 116 340 446 389 159 25 42 313 78 37 142 260 70 204 111 203 6 131 107 296 137 22 187 2 168 5 249 163 113 92 128 52 153 401 112 109 11 15 151 242 379 100 364 155 122 56 19 248 140 158 430 59 29 147 66 96 71 88 130 329 63 357 225 82 129 186 145 148 89 127 257 55 41 322 40 47 16 270 27 207 103 74 141
85 237 85 162 443 449 482 349 442 476 448 105 346 434 478 352 357 360 344
88 88 203 187 401 364 248 116 489 429 476 131 366 160 368 292 329 111 125 351 416 323 38 155 430 147 60 6 50 122 153 96 82 145 148 128 313 100 129 83 297 27 253 127 66 25 270 357 47 159 113 287 70 225 55 41 103 163 44 40 74 79 126 207 62 109 141
89 89 140 29 296 322 249 391 71 96 6 303 92 52 11 78 40 257 37 66 107 76 129 2 153 131 159 144 103 44 33 69 137 155 158 283 163 16 157 168 151 242 147 205 287 130 60 59 119 113 207 166 62 100 142 127 430 141 329 70 50 122 340 389 10 186 123 225 297 82 270 5 253 42 145 148 128 351 355 313 74 22 83 47 27 109 79 126 41
91 91 328 460 470 405 211 220 338 463 420 406 456 468 471 190 226 247 265 286 440 461 454 361 362
92 92 78 140 249 137 52 2 89 388 96 302 263 71 69 11 283 205 29 129 166 66 6 130 153 37 119 157 296 107 163 391 40 155 158 340 103 287 257 44 389 322 159 147 16 42 131 142 168 83 151 242 60 100 207 127 70 204 62 59 113 329 10 125 141 76 270 123 5 122 225 22 186 351 355 50 144 297 33 253 74 109 82 25 47 145 148 79 126
96 96 103 44 140 40 131 66 249 388 62 263 257 6 89 168 29 155 11 391 153 430 71 60 92 52 207 147 2 78 50 122 203 129 82 141 296 145 148 128 322 313 187 127 157 130 159 297 163 253 287 119 107 158 37 47 125 27 16 270 76 137 111 364 401 113 5 357 329 69 416 248 144 283 323 33 100 351 151 242 55 205 70 41 88 74 116 59 166 10 38 142 79 126 123 225 355 186 83 25 340 389 42 109 22
100 100 329 225 37 113 187 360 130 119 364 432 449 392 172 60 213 296 153 122 461 36 415 431 334 11 186 489 2 10 69 297 253 283 351 47 66 155 205 158 38 203 78 166 131 257 6 29 16 127 129 140 157 391 287 163 96 168 79 74 249 340 126 389 52 159 40 147 89 42 142 207 401 123 137 322 71 107 92 270 430 248 83 355 70 141 50 88 116 82 5 76 145 148 151 128 242 22 103 111 313 44 59 144 33 27 109 62
103 103 96 454 44 140 350 40 131 66 222 62 257 6 89 168 29 155 11 391 153 430 249 71 60 92 52 207 147 2 78 50 122 203 129 82 141 296 145 148 128 322 313 187 127 130 159 297 163 253 287 157 119 107 158 37 47 125 27 16 270 76 137 111 364 401 113 5 357 329 416 248 144 33 100 351 151 242 55 41 88 74 116 59 79 126 123 225
104 104 353 469 453 451 480 475 479 477 289 318 246 320 198 446 279 316
107 107 151 242 157 59 158 153 293 252 142 71 214 283 392 213 481 219 262 36 149 241 69 22 119 123 127 140 205 10 168 29 129 5 355 287 166 351 155 74 38 187 89 130 249 11 66 296 6 52 340 322 391 389 159 96 186 147 42 78 364 2 37 92 60 83 257 131 40 329 113 270 100 125 207 163 16 137 122 76 297 253 141 103 44 225 144 33 47 82 62 79 126
108 108 0 228 469 480 423 466 475 479 477 234 48 289 445 318 36 476 176
109 109 204 70 432 163 25 476 63 125 6 2 416 323 50 66 78 159 116 83 130 313 119 29 131 69 283 260 203 168 205 111 137 96 11 166 207 296 322 40 92 141 89 340 389 42 112 82 15 19
110 110 244 408 405 362
111 111 116 128 357 459 125 203 416 447 323 131 49 55 132 41 430 8 268 187 401 50 364 248 155 313 88 83 147 6 25 122 96 82 145 148 329 260 70 204 60 351 69 129 283 27 127 38 270 159 205 66 47 163 113 166 297 103 44 253 112 109 15 287 56 19 40 340 389 42 63 62 207 79 126 141
112 112 260 323 412 15 379 19 56 420 410 258 402 400 279 397 243 201 484 295 436 417 418 411 285 398 268 205 125 416 50 116 83 25 313 70 111 109
113 113 122 186 37 100 119 329 10 225 296 429 47 263 60 262 131 130 187 158 11 69 283 155 364 205 153 297 253 166 2 6 29 430 203 147 157 50 96 257 391 127 340 16 107 389 82 140 351 159 145 129 148 128 42 123 78 66 313 142 125 322 89 38 79 355 270 40 163 126 287 83 416 401 249 71 151 52 27 242 111 248 168 357 59 74 92 88 116 137 76 103 22 44 55 41 207 5 144 33 141 62
116 116 111 125 203 416 323 469 466 401 187 475 479 477 289 234 128 318 476 176 364 248 246 320 198 50 446 316 292 88 83 313 131 25 357 329 260 55 70 41 204 351 69 283 38 155 430 205 147 60 6 166 122 153 96 82 112 109 163 15 145 148 379 157 56 159 19 340 389 37 100 129 42 297 63 113 27 253 127 142 270 47 225 103 22 79 126
119 119 10 130 95 49 158 138 8 153 121 186 4 38 39 2 20 118 137 310 11 51 100 1 113 129 329 37 123 66 107 225 78 127 355 187 155 122 287 163 351 257 74 60 249 16 6 140 364 157 52 151 242 296 147 168 59 69 96 131 283 391 207 71 70 29 204 142 92 40 205 47 297 270 253 166 141 159 89 5 322 340 22 389 109 103 44 42 76 82 79 25 126 145 83 148 144 33
122 122 47 113 131 60 236 219 149 202 241 262 37 186 292 188 235 254 204 155 329 100 430 297 253 147 6 50 203 119 96 82 10 145 296 148 128 225 313 66 187 11 153 158 129 130 79 125 27 126 127 111 69 270 401 283 357 416 2 159 364 248 323 205 55 40 168 41 103 88 166 163 116 44 257 140 29 287 78 207 249 52 157 351 107 16 83 123 340 141 62 89 389 38 70 355 42 322 142 71 25 92 74 137 151 242 5 59
123 123 355 153 158 433 233 449 119 482 127 107 10 352 478 350 476 129 344 287 349 442 444 445 351 155 74 38 187 130 157 151 66 242 59 186 147 11 364 142 249 2 52 71 140 270 168 329 113 131 60 69 78 207 6 100 283 96 37 257 22 29 203 205 5 141 122 16 40 166 89 163 296 92 225 159 297 253 137 322 47 340 389 401 82 42 103 145 148 248 88 79 126
124 178 124 302 167 171
125 125 323 416 465 50 386 116 83 313 25 206 370 420 231 459 395 260 373 302 169 369 374 70 284 204 111 303 362 430 203 450 372 249 69 131 283 205 187 166 128 401 112 109 15 379 157 56 163 19 364 248 6 155 159 340 389 88 147 42 63 78 122 37 357 142 2 96 82 145 148 55 41 329 351 129 113 107 27 296 127 137 22 270 38 47 100 5 92 103 44
126 126 60 297 253 425 438 329 451 480 155 423 214 466 408 475 477 479 234 47 289 318 79 187 320 176 198 246 385 446 66 122 364 127 270 131 168 100 153 129 207 6 113 2 96 203 351 141 11 225 147 40 130 37 287 38 119 430 158 257 249 50 163 78 186 52 29 296 140 5 159 82 401 145 10 148 128 103 248 44 313 74 123 16 88 89 27 322 137 62 41
127 127 155 153 270 350 352 60 171 356 355 348 237 287 175 474 129 351 357 346 74 4 394 372 131 158 38 187 123 130 297 66 107 253 119 147 329 11 364 2 249 6 157 151 242 430 52 96 47 203 168 59 10 50 140 122 79 126 207 78 142 100 82 37 145 148 128 71 257 313 141 163 69 113 16 29 186 40 283 391 159 401 296 125 225 89 27 5 205 111 92 248 103 44 22 166 137 88 116 55 322 41 62 340 389 83 42
128 128 357 111 41 55 131 432 116 428 431 334 155 430 125 147 6 50 122 203 416 96 82 323 145 148 313 187 129 27 127 270 60 401 47 159 113 364 248 66 153 83 103 88 163 44 140 29 40 25 287 70 158 329 249 11 297 2 52 253 257 168 351 62 89 186 207 322 71 141 109 79 126 16
129 129 155 287 147 158 249 52 11 153 488 208 395 131 127 270 444 140 60 119 78 10 123 107 257 37 355 16 96 130 66 2 430 297 187 92 253 157 6 351 71 151 242 89 137 391 122 186 329 74 50 203 29 59 38 296 82 69 364 142 145 148 283 128 47 100 40 313 113 168 205 163 159 166 125 207 79 103 126 44 322 27 111 401 225 416 357 76 141 248 22 5 340 55 389 144 41 88 116 33 62 42 83
130 130 119 463 153 2 458 11 100 363 281 275 310 120 329 364 234 10 37 66 225 388 95 49 78 127 158 187 113 287 163 351 257 155 74 186 129 60 16 6 140 38 296 123 168 249 107 96 52 355 137 391 69 207 70 122 204 283 92 29 40 157 131 297 205 253 147 141 159 151 242 71 166 89 203 270 59 142 47 322 5 109 340 103 44 76 389 430 42 79 25 126 144 33 50 22 401 83 63 82 248 62 145 148 88 27
131 131 486 430 155 147 82 467 6 50 122 203 488 96 120 208 145 148 128 479 457 179 313 482 36 350 476 187 129 125 27 127 111 270 60 401 47 357 416 159 113 364 248 66 323 55 41 153 103 88 163 116 44 140 29 40 287 158 329 249 11 297 2 52 37 253 257 119 168 62 89 186 100 351 78 70 204 207 296 322 391 69 83 130 71 25 38 283 10 157 205 141 107 225 92 166 79 123 260 126 16 355 137 74 109 142 151 242 340 5 76 389 59 42 144 33 63
136 210 136 206 150 211 220
137 137 78 249 318 2 95 92 52 49 349 341 69 439 119 237 8 105 283 138 409 121 38 4 39 140 205 166 157 163 129 130 66 340 11 6 389 159 89 96 42 153 37 142 71 83 155 70 287 204 29 107 158 147 168 60 100 125 131 257 391 207 296 22 416 127 329 16 5 113 10 151 242 322 141 103 44 225 59 40 109 25 186 270 123 74 355 62 63 82
140 140 89 249 92 96 52 71 11 78 29 444 129 391 66 296 40 107 2 137 103 257 44 37 6 322 153 16 155 158 131 130 157 287 147 119 69 283 151 242 62 168 205 59 142 60 163 159 127 207 166 76 100 113 430 122 10 144 329 141 33 187 270 123 50 203 340 389 355 5 70 225 186 82 351 297 42 22 253 145 74 148 128 313 38 47 83 27 401 248 109 79 126 41 88
141 141 66 168 423 153 60 207 6 2 96 429 385 11 40 297 253 155 257 130 163 157 119 29 140 5 131 78 159 391 329 127 287 103 187 44 351 37 74 296 16 47 89 249 129 38 70 204 79 158 322 71 126 364 52 123 100 122 69 107 92 62 147 283 355 137 270 430 113 205 203 76 10 50 166 225 151 242 82 144 33 145 142 148 128 186 59 109 313 340 389 25 401 42 27 248 63 22 88 41
142 142 22 283 69 107 205 214 166 157 242 151 213 318 241 246 153 262 292 59 216 222 315 158 316 254 221 340 389 159 71 42 78 37 83 168 5 119 6 140 125 29 123 127 296 129 137 10 416 355 287 323 351 155 2 74 66 249 130 113 89 92 52 38 11 100 186 322 391 96 131 147 163 50 40 257 122 116 225 207 270 25 313 16 141 103
144 144 391 76 33 257 29 302 368 450 40 296 322 11 6 89 71 140 66 96 37 16 159 2 129 168 131 130 249 107 52 163 78 207 92 100 103 44 113 147 141 151 242 59 225 62 82
145 430 145 131 412 382 413 155 229 415 258 402 147 374 6 50 122 203 96 82 148 128 313 187 129 125 27 127 111 270 60 401 47 357 416 159 113 364 248 66 323 153 55 41 103 88 163 116 44 140 29 40 287 158 329 249 11 297 2 52 253 37 119 257 168 62 89 186 100 70 207 296 322 351 130 71 25 83 10 141 225 123 92 79 126 74 16 109
147 147 129 131 155 287 158 430 368 249 52 153 6 11 50 122 203 96 82 127 270 145 148 128 60 313 140 119 187 78 66 125 27 10 123 111 47 107 401 37 257 357 416 355 159 113 364 248 2 297 16 323 253 329 351 391 130 55 89 41 103 92 88 71 163 116 44 186 157 40 29 296 69 151 242 100 74 38 137 168 283 59 205 207 142 62 166 70 79 126 225 322 141 25 83 76 5 340 389 22 144 42 33 109
148 148 27 131 432 459 213 155 430 334 385 147 6 50 122 203 96 82 145 128 313 187 129 125 127 111 270 60 401 47 357 416 159 113 364 248 66 323 153 55 41 103 88 163 116 44 140 29 40 287 158 329 249 11 297 2 52 253 37 119 257 168 62 89 186 100 70 207 296 322 351 130 71 25 83 10 141 225 123 92 79 126 74 16 109
151 151 107 157 242 149 59 158 262 153 142 288 240 199 71 238 259 69 283 22 119 123 127 140 205 10 168 29 129 5 355 287 166 351 155 74 38 187 89 130 249 11 66 296 6 52 340 322 391 389 159 96 186 147 42 78 364 2 37 92 83 257 40 113 270 100 207 163 16 137 76 141 103 225 144 33
153 153 127 287 74 351 38 236 213 219 355 149 241 187 134 123 283 130 262 66 107 155 222 216 242 119 151 188 158 235 204 277 199 253 240 129 212 364 251 398 2 157 168 11 329 59 60 207 10 142 6 100 96 147 270 71 249 52 141 140 203 37 131 78 40 257 163 69 29 225 5 186 297 391 205 113 296 22 16 166 89 122 159 92 70 401 103 44 137 322 430 248 47 340 389 50 79 88 116 126 42 82 76 62 145 148 83 144 33 109 63 27
155 155 270 127 60 153 219 129 149 131 297 253 202 292 221 204 147 347 240 238 329 483 287 158 430 249 47 52 187 6 11 66 50 122 203 79 126 96 82 351 145 119 148 128 364 313 123 140 74 107 38 130 355 2 78 100 168 125 27 10 111 257 401 37 357 416 207 159 157 113 248 40 151 16 242 323 71 391 55 59 89 69 225 41 103 92 88 163 116 44 186 141 29 283 296 142 137 205 166 5 62 322 83 25 22 340 389 42
157 157 283 5 168 69 107 205 149 241 151 242 166 222 221 254 188 204 240 199 142 153 238 59 158 278 194 340 389 159 71 42 78 66 37 83 22 119 6 140 125 29 123 127 296 129 137 10 416 96 355 287 155 323 60 351 207 2 74 249 130 113 187 89 92 52 38 40 11 141 100 186 322 391 131 329 257 147 163 297 253 50 122 116 225 270 103 44 25 313 47 16 62 79 126 82
158 158 290 10 119 123 355 129 153 107 151 242 149 157 202 241 239 283 262 200 222 155 254 186 235 287 204 240 147 288 59 249 127 52 142 11 130 71 113 140 351 74 131 60 69 270 187 66 2 38 78 22 168 100 122 205 96 329 29 364 5 257 166 37 6 89 16 391 92 297 296 253 225 430 159 203 47 40 137 207 340 163 50 389 322 42 82 145 141 148 128 83 313 103 44 79 401 126 76 27 248 144 33 62 88 41
159 159 182 6 361 283 264 360 69 161 205 180 166 172 179 36 176 134 157 222 169 171 358 341 163 430 170 340 29 308 175 131 389 66 42 78 37 2 142 296 83 70 204 322 391 125 96 168 107 155 153 89 416 140 60 40 137 22 207 323 11 147 71 5 50 122 203 113 257 130 249 119 82 141 92 52 145 151 242 148 129 128 158 313 187 100 109 127 25 59 329 297 76 253 116 111 103 47 44 27 270 144 401 33 63 186 10 357 225 16 351 248 287 123 55 41 88 74 62 355 79 126
162 162 237 85 360 172 209 443 134 169 427 170
163 163 6 2 204 70 66 78 159 109 130 25 119 29 131 153 63 125 168 69 137 416 96 283 60 323 11 207 140 296 322 391 205 249 40 155 92 52 37 166 157 141 89 430 257 100 127 147 329 187 71 50 129 122 203 287 297 253 158 83 82 116 113 10 145 340 148 128 389 351 313 364 225 142 74 107 42 103 5 16 44 47 38 76 186 123 270 27 355 144 401 33 111 357 151 62 242 248 79 126 22 59 55 41 88
166 166 283 69 205 299 430 170 325 159 175 157 335 327 340 184 296 168 389 326 183 223 42 28 78 333 182 287 37 98 142 60 1 83 6 125 107 137 22 416 323 2 5 249 113 92 52 153 11 151 242 100 140 158 59 29 163 66 71 50 130 329 131 119 122 116 225 129 186 70 89 96 25 313 10 322 257 16 147 40 111 123 207 145 74 141 109 82
168 168 5 157 66 207 325 323 309 422 153 166 60 253 227 335 6 102 327 2 96 141 11 69 107 40 283 297 205 155 257 130 163 119 29 140 151 242 158 131 78 159 391 329 127 142 287 59 187 103 71 44 351 37 74 340 296 16 389 47 89 249 129 38 70 42 204 79 322 126 364 52 123 100 122 92 62 147 83 355 137 270 10 22 430 113 76 50 225 82 186 144 33 145 148 109 25 27
178 178 124 171 175 167 173 184 441 118 98 1 159 182 73
186 186 10 119 113 250 472 161 473 255 408 365 158 457 179 122 413 414 405 37 36 350 431 334 176 100 366 434 478 400 352 364 262 435 279 373 263 216 299 369 377 374 442 356 341 349 130 329 153 225 296 47 129 60 123 131 107 187 155 355 2 11 69 283 157 287 147 205 127 151 242 66 297 253 166 78 249 59 142 351 29 6 430 52 203 71 38 50 74 257 96 168 270 163 340 16 389 82 140 159 145 148 128 42 40 313 322 89 137 79 22 126 207 83 92 401 5 27 248 141 88 103 41
187 187 489 364 462 419 239 329 365 351 414 457 38 203 366 362 290 160 461 464 60 367 308 248 153 331 401 230 100 88 116 297 253 131 155 127 225 111 130 125 37 113 119 287 66 416 74 47 323 430 79 126 123 2 11 158 107 147 355 129 6 50 122 296 270 96 168 82 186 10 145 148 128 313 207 151 242 257 59 40 163 83 141 27 25 16 55 41 103
203 203 187 401 248 364 88 116 382 131 489 413 414 416 415 229 388 410 329 258 402 400 279 462 111 369 397 417 125 268 201 295 411 243 398 484 239 285 418 205 351 323 38 155 430 147 6 50 122 153 60 96 82 145 148 128 313 100 129 83 27 127 47 297 25 253 270 66 357 159 287 113 70 204 37 260 225 69 55 130 41 103 163 44 158 40 140 29 11 2 296 74 52 79 126 257 123 62 89 186 207 355 109 322 112 15 141 19
204 204 63 236 70 487 292 368 188 240 199 297 109 278 242 157 245 155 465 163 153 276 156 122 43 158 25 60 241 143 17 149 154 90 218 61 125 6 2 416 323 50 66 78 159 116 83 130 313 119 29 131 168 111 137 207 322 40 92 141 274 82
205 205 424 283 69 166 417 268 398 411 224 164 157 396 146 332 340 270 389 159 272 261 415 42 260 60 410 139 78 382 402 203 397 37 412 258 142 243 413 56 484 19 23 400 112 83 6 125 107 296 137 22 416 323 2 168 5 249 113 92 52 153 11 151 242 100 140 158 59 29 163 66 71 50 130 329 131 119 122 116 225 129 186 70 89 96 25 313 10 322 287 257 16 147 40 111 123 207 74 141 109 82
207 207 66 180 168 153 258 60 344 6 253 2 96 416 430 325 308 309 141 11 40 297 155 257 130 163 157 119 29 140 5 131 78 159 391 329 127 287 103 187 44 351 37 74 296 16 47 89 249 129 38 70 204 79 158 322 71 126 364 52 123 100 122 69 107 92 62 147 283 355 137 270 113 205 203 76 10 50 166 225 151 242 82 145 144 33 142 148 128 186 59 109 313 340 389 25 401 42 27 248 63 22 88 41
210 210 136 150 211 220 190 226 247 265 286 290 48 228 250 293 233 239 252 264 255 214 281 275 206 208
225 225 100 329 432 209 37 113 364 344 299 377 49 187 130 119 297 253 323 418 422 421 60 296 153 122 11 186 2 10 69 283 351 47 66 155 205 158 38 203 78 166 131 257 6 29 16 127 129 140 391 157 287 163 96 168 107 79 74 249 340 126 389 52 159 40 147 89 42 207 401 71 123 142 137 322 92 270 248 83 355 141 151 242 88 59 82 76 5 145 148 103 22 144 33
237 237 443 85 162 434 349 452 442 448 105 357 346 379 102 355 87 354 353 352 127 28 449 24 478 137 347 351 298 291 453 70
242 242 250 107 255 275 236 157 151 213 153 36 59 158 262 216 222 292 221 254 188 235 204 387 142 240 212 71 199 259 278 194 69 283 22 119 123 127 140 205 10 168 29 129 5 355 287 166 351 155 74 38 187 89 130 249 11 66 296 6 52 340 322 391 389 159 96 186 147 42 78 364 2 37 92 83 257 40 113 270 100 207 163 16 137 76 141 103 225 144 33
244 244 110 392 362 387 439
248 248 203 187 401 364 176 88 489 116 188 131 170 309 422 347 411 329 111 125 351 416 323 38 155 430 147 60 6 50 122 153 96 82 145 148 128 313 100 129 83 297 27 253 127 66 25 270 357 47 159 113 287 70 225 55 41 103 163 44 40 74 79 126 207 62 109 141
249 249 52 303 78 140 129 2 89 59 35 137 92 155 287 158 11 147 96 153 71 69 283 205 119 131 29 66 107 37 166 130 60 127 6 270 257 391 16 296 40 157 10 163 123 340 103 355 44 151 322 389 242 159 168 42 430 329 297 142 113 100 253 207 351 83 74 50 122 62 186 82 141 145 148 76 47 225 5 144 22 33 79 126 27
253 253 60 297 329 325 155 79 227 259 321 47 270 313 168 326 280 153 296 337 187 181 225 223 126 287 66 122 364 127 131 100 129 207 6 113 2 96 203 351 141 11 147 40 130 37 38 119 430 158 257 50 249 163 78 186 52 29 140 5 159 82 401 145 10 148 128 103 248 44 74 123 16 88 89 27 322 92 137 62 41
257 257 391 11 40 76 179 29 96 445 66 144 33 442 284 37 296 16 140 129 6 130 153 322 89 119 168 2 71 60 207 155 131 249 287 103 44 52 100 78 158 147 113 141 329 159 163 127 157 92 107 69 122 62 297 283 187 253 225 10 205 430 186 351 5 137 123 166 74 203 270 151 242 70 50 355 38 142 59 82 145 148 128 47 313 79 340 126 389 42 27 22 109 41
260 260 323 112 15 379 19 56 412 420 413 229 125 410 258 402 400 279 364 377 397 418 201 243 484 416 417 411 398 285 205 268 50 116 83 25 313 70 204 111 203 69 401 109 248 88
270 270 155 127 382 413 60 415 410 402 258 400 279 253 397 295 417 201 418 129 285 131 205 268 153 308 398 411 243 484 288 195 224 396 297 147 329 287 158 430 249 47 52 187 6 11 66 50 122 203 79 126 96 82 351 145 119 148 128 364 313 123 140 74 107 38 130 355 2 78 100 168 125 27 10 111 257 401 37 357 416 207 159 157 113 248 151 16 242 40 71 29 89 55 59 225 41 103 92 88 163 116 44 186 141 296 142 137 5 62
274 274 278 424 172 428 431 320 434 299 132
278 278 274 424 241 262 283 221 417 254 235 204 288 212 240 238 331 259 232 317 194 383 321 157
283 283 69 205 222 254 166 157 240 278 232 245 142 83 153 158 340 143 389 159 424 42 17 78 71 61 37 21 241 150 6 125 107 296 137 22 416 323 2 168 5 249 113 92 52 11 151 242 100 140 59 29 163 66 50 130 329 131 119 122 116 225 129 186 70 89 96 25 10 313 287 322 257 16 147 40 123 111 207 355 74 274 141 109 82
287 287 153 129 172 209 127 428 155 431 334 158 299 147 188 427 249 351 170 325 422 323 309 74 52 421 166 319 119 11 123 38 107 130 66 187 355 60 131 2 270 364 140 157 151 242 78 10 329 96 59 168 6 257 37 71 16 100 207 142 297 253 203 29 69 430 40 92 141 283 122 163 186 89 137 391 50 205 225 113 47 5 296 82 145 148 128 22 159 103 313 44 322 401 79 126 248 27 340 389 88 42 62 76 144 41 33
296 296 37 29 209 428 322 431 334 299 391 170 325 422 113 323 309 6 89 421 26 166 253 297 11 335 227 326 327 426 69 215 100 71 283 140 40 257 205 329 122 159 225 66 186 76 157 130 96 119 153 2 144 33 187 107 340 16 60 249 389 163 142 52 10 129 42 78 92 131 168 155 47 83 364 158 207 151 242 287 147 127 70 59 125 141 103 22 44 351 5 137 50 38 123 74 270 355 62 82 145 148 79 25 126 109
297 297 60 253 368 309 329 204 155 421 327 335 47 330 326 280 184 223 79 187 296 225 287 126 333 98 324 66 122 364 127 270 131 168 100 153 129 207 6 113 2 96 203 351 141 11 147 40 130 37 38 119 430 158 257 249 50 163 78 186 52 29 140 5 159 82 401 145 10 148 128 103 248 44 313 74 123 16 88 89 27 322 92 137 62 41
313 313 50 416 125 323 131 253 331 39 20 185 155 430 116 147 83 6 122 203 25 96 82 111 145 148 128 260 70 204 187 69 129 283 27 127 270 401 60 47 205 357 159 66 113 364 248 166 55 41 103 88 163 44 140 109 29 40 112 15 379 287 56 19 52 340 389 42 63 62 186 207 141
322 322 29 296 391 402 400 6 89 295 285 268 308 71 411 398 40 195 140 257 37 76 66 96 159 11 144 33 107 163 131 153 249 2 157 92 78 52 69 168 283 151 242 113 60 155 205 129 207 130 70 59 204 158 119 100 142 103 166 44 16 141 329 430 287 127 137 147 50 122 225 5 297 186 340 253 10 62 82 389 145 148 128 42 22 123 109 74 270 47 83 25 27 79 126
323 323 420 260 125 416 422 421 112 215 327 335 83 326 390 15 280 379 50 223 333 168 56 296 19 485 225 116 287 273 60 162 191 174 25 313 70 204 111 203 69 131 283 205 187 166 128 401 109 157 163 364 248 6 155 159 430 340 389 88 147 42 63 78 122 37 357 142 2 82 145 148 55 41 27 22
328 328 91 460 470 211 220 338 463 420 406 456 468 471 190 226 247 265 286 440 461 454 361 290 228 424 433 462 464 437 465 233 239 252 264 419 472 161 386 467 469 473 180 255 451 363 214 281 423 466 408 275 310 365 475 120 172 206 208 392 209 236 459 457 213 234 405
329 329 187 461 364 464 60 419 365 489 100 414 297 253 366 362 368 462 160 367 239 225 351 203 155 37 38 113 13 153 130 47 119 122 79 126 66 401 127 296 11 2 248 186 270 131 88 116 10 168 129 287 69 158 6 283 96 207 205 257 78 74 147 111 29 125 157 140 166 163 141 16 430 249 123 416 40 107 159 52 355 50 89 82 71 340 142 389 322 145 148 128 92 137 83 42 313 5 151 242 103 44 59 27
340 340 283 69 205 166 457 157 445 389 341 159 42 105 78 37 142 192 83 6 125 107 296 137 22 416 323 2 168 5 249 113 92 52 153 11 151 242 100 140 158 59 29 163 66 71 50 130 329 131 119 122 116 225 129 186 70 89 96 25 313 10 322 287 257 16 147 40 111 123 207 74 141 109 82
351 351 38 187 364 153 472 473 489 449 459 482 329 219 350 239 478 434 461 203 377 127 442 356 303 349 464 285 346 287 237 357 462 448 380 365 347 348 74 60 155 123 130 66 107 119 355 158 401 100 129 248 2 157 88 116 151 242 297 253 168 11 131 59 225 37 6 207 147 96 10 270 142 113 249 71 111 52 122 125 141 140 78 47 40 163 186 296 257 416 29 79 126 5 50 128 22 16 159 89 82 103 44 92 145 148 137 322 41
353 353 104 453 478 434 352 377 442 452 349 171 356 448 348 237 347 357 175 346 394 469 379
355 355 123 153 158 350 478 352 344 349 442 452 171 356 127 448 347 348 357 237 175 346 394 343 433 256 378 354 119 107 10 129 287 351 155 74 38 187 130 157 151 66 242 59 186 147 11 364 142 249 2 60 52 71 329 140 168 270 113 131 69 78 207 6 100 96 37 257 22 297 29 253 5 141 122 16 40 89 163 92 225 47 137 82 79 126
357 357 433 55 449 478 442 356 128 348 347 237 346 111 394 379 378 355 343 354 286 353 127 152 351 298 443 349 24 41 131 116 155 430 125 147 6 50 122 203 416 96 82 323 145 148 313 129 27 270 401 47 159 248 83 103 88 25
364 364 461 462 464 187 239 365 414 366 290 368 329 160 362 367 419 351 38 489 203 98 225 260 139 218 62 153 186 363 0 60 85 401 248 100 88 116 297 253 131 155 127 111 130 125 37 113 119 287 66 416 74 47 323 430 79 126 123 2 129 107 11 96 147 355 6 158 50 122 296 270 82 168 10 145 148 128 313 207 151 242 59 83 141 27 25 16 103 41
379 379 56 260 323 348 237 357 346 15 381 378 353 112 19 125 416 50 116 83 25 313
389 389 283 69 205 166 408 157 385 263 340 368 159 439 42 78 37 8 217 142 277 83 6 125 107 296 137 22 416 323 2 168 5 249 113 92 52 153 11 151 242 100 140 158 59 29 163 66 71 50 130 329 131 119 122 116 225 129 186 70 89 96 25 313 10 322 287 257 16 147 40 111 123 207 74 141 109 82
391 391 76 144 33 257 29 428 26 40 296 322 381 11 6 89 71 140 96 66 37 153 16 159 2 129 168 130 249 107 119 52 78 163 60 207 92 131 155 157 69 113 103 44 100 158 283 287 141 147 329 205 151 242 127 166 122 70 59 142 225 62 137 10 186 5 74 340 389 42 82
401 401 203 187 248 364 415 400 397 88 116 418 268 411 131 398 489 224 195 329 111 125 351 416 323 38 155 430 147 60 6 50 122 153 96 82 145 148 128 313 100 129 83 297 27 253 127 66 25 270 357 47 159 113 287 70 225 55 41 103 163 44 40 74 79 126 207 62 109 141
416 416 125 323 169 430 57 304 375 13 173 50 65 300 330 3 116 81 420 203 301 83 97 25 374 207 313 63 342 487 15 35 31 386 370 260 204 70 111 69 131 283 205 187 166 128 401 112 109 379 157 56 163 19 364 248 6 155 159 340 389 88 147 42 78 122 37 357 142 2 96 82 148 55 41 27 137 270 22 145 5 103
430 430 145 374 416 288 166 131 304 375 185 173 65 300 81 301 165 291 159 207 111 125 63 35 487 31 386 78 155 147 6 50 122 203 96 82 148 128 313 187 129 27 127 270 60 401 47 357 323 113 364 248 66 55 41 103 88 163 116 44 140 29 40 287 158 329 249 11 297 2 52 253 257 62 89 186 83 322 25 141 79 126
