0 0 108 48 310 120 36 476 445 134
2 2 78 163 119 130 66 281 6 153 249 204 137 70 11 168 427 92 52 140 60 207 69 100 159 96 283 329 37 155 157 205 10 187 141 158 109 29 287 127 257 131 129 40 166 391 225 296 89 125 25 351 297 113 364 253 63 74 71 186 16 416 38 323 122 5 147 123 340 322 107 355 389 430 142 103 42 44 270 83 47 76 50 203 79 62 151 242 126 116 82 144 22 313 59 33 145 148 128 27 401 111 248 55 41 88
5 5 157 168 190 433 441 233 66 69 107 283 205 153 482 350 36 476 166 151 242 60 142 207 59 158 6 96 2 159 78 340 389 141 37 11 71 42 119 40 155 140 29 22 297 83 127 253 296 130 287 257 391 249 163 187 123 125 351 355 137 52 131 129 74 329 38 416 89 92 323 10 103 100 44 364 322 113 122 204 70 16 47 147 186 270 79 62 50 126 225 430 203 76 313 25 144 33 116 109 82 145 148 63 27
6 6 159 163 29 131 66 2 204 385 70 69 283 296 322 391 169 96 430 168 205 155 89 153 40 60 78 166 157 207 140 147 37 71 50 122 257 203 125 119 130 82 141 109 249 11 416 313 145 148 128 187 127 323 340 129 389 52 25 76 297 92 142 42 253 63 137 113 27 100 47 103 364 44 107 357 287 270 111 158 5 144 33 83 401 329 248 10 62 225 351 55 41 22 151 88 242 116 74 16 38 186 59 79 126 123 355
10 10 119 158 186 113 130 153 129 123 37 107 355 263 369 200 100 122 2 287 11 155 329 157 151 242 127 225 60 296 187 147 249 59 66 131 69 52 78 283 47 364 142 140 351 74 71 6 38 205 168 257 96 297 166 163 253 16 29 391 270 430 159 89 203 92 22 137 40 207 340 5 70 389 50 322 42 141 82 313 145 148 128 79 83 126 103 44 401 76 27 248 144 33 62 109 88 41
11 11 406 257 37 16 140 129 119 130 66 408 391 153 405 249 296 2 96 155 287 385 52 29 78 100 40 158 113 147 168 89 329 60 92 207 71 127 69 6 131 10 283 187 225 157 76 186 122 322 205 107 141 137 163 144 364 33 166 270 103 44 123 355 159 351 297 253 74 430 38 151 142 5 242 204 70 62 340 389 59 50 42 203 125 82 416 83 313 145 148 47 128 22 79 126 27 109 116 401 111 25 248 63 55 41 88
15 15 260 323 379 112 56 19 370 416 395 125 388 445 302 374 284 420 303 362 50 116 83 313 25 204 70 111 203 69 283 131 205 166 128 109 401 163 248 63 340 389 88 42 82 41
16 16 11 363 257 37 275 140 129 119 130 66 388 476 391 153 385 447 95 249 49 296 2 96 155 287 52 29 78 100 40 158 113 147 168 89 329 60 92 207 71 127 69 6 131 10 283 225 157 187 76 186 122 322 205 107 141 137 163 144 33 166 364 270 103 44 123 355 159 351 297 253 74 430 38 151 142 5 242 204 203 70 62 340 389 59 50 42 125 82 416 83 313 145 148 47 128 22 79 126 401 27 109 248 25 88 63 41
19 19 260 323 379 112 15 56 382 125 413 415 229 416 410 258 402 400 420 279 397 417 295 201 50 116 83 313 25 204 70 111 203 69 283 131 205 166 128 109 401 163 248 63 340 389 88 42 82 41
22 22 142 228 69 107 283 392 157 205 477 234 289 166 388 151 242 246 198 153 59 158 436 316 196 340 389 159 71 42 78 37 83 168 119 6 5 125 140 29 416 123 129 127 296 323 355 10 137 155 287 351 249 2 89 66 74 130 187 113 38 92 52 186 322 391 96 131 11 100 364 147 163 50 257 40 329 70 116 122 225 313 270 25 207 76 141 16 103 44 144 33 109 82
25 25 204 125 416 70 323 109 50 163 281 392 116 63 83 313 429 6 2 260 111 203 69 131 283 205 159 78 187 166 128 66 379 112 15 401 430 56 364 157 19 155 119 130 248 357 153 29 340 96 147 389 88 122 60 137 42 37 168 142 140 82 296 329 249 11 145 55 148 391 41 129 207 40 92 127 52 322 351 113 107 100 27 38 257 287 47 89 141 297 5 253 270 22 71 103 44 225 151 242 16 59 74 62 79 126
27 27 148 131 451 480 466 475 479 477 289 234 430 318 176 155 320 198 316 446 134 315 147 436 6 50 122 203 96 82 313 145 128 187 129 125 357 127 111 270 60 47 416 401 153 323 364 113 159 248 66 55 41 163 103 88 116 44 249 287 158 29 140 40 329 119 11 37 52 2 297 253 391 69 78 257 62 283 100 186 168 89 70 130 205 157 10 351 296 322 207 25 83 71 166 38 107 225 123 355 141 74 92 137 79 16 126 340 76 389 109 42 5 144 33
29 29 322 296 391 6 89 71 140 488 40 208 37 257 179 76 350 444 445 66 96 11 159 144 33 107 163 249 78 153 131 2 92 157 69 52 283 113 168 151 119 242 129 205 130 204 60 70 59 207 100 158 166 142 16 103 44 329 155 430 137 287 187 141 186 127 225 5 147 62 340 50 122 125 364 389 203 297 253 22 42 416 82 109 313 145 123 148 128 351 355 74 83 47 38 25 10 63 27 270 116 357 401 111 248 79 126 55 41 88
33 33 391 76 144 257 29 40 450 296 322 11 6 89 140 96 71 66 37 153 16 249 2 159 168 78 129 119 130 52 107 60 92 69 207 163 113 155 283 103 44 100 131 158 287 205 329 141 147 157 127 151 166 242 122 62 137 10 70 225 59 297 253 5 186 142 123 340 47 355 74 389 270 42 82 109 22 79 126
37 37 296 113 11 69 100 283 205 329 476 122 166 29 225 186 119 130 157 391 187 257 10 153 6 16 340 140 389 159 322 60 2 129 89 364 42 78 66 47 131 142 71 40 249 83 96 155 52 168 287 125 158 76 163 92 416 107 297 253 127 351 203 147 323 430 22 137 38 144 50 33 207 5 204 70 313 151 242 123 74 141 355 82 270 103 59 44 145 148 128 401 79 126 248 111 116 27 62 88 25 109 63 55 41
38 38 351 187 364 153 95 49 329 119 8 138 121 39 203 127 489 118 287 137 51 74 155 60 123 130 66 107 355 158 401 100 129 248 2 297 88 253 116 157 151 242 225 131 11 168 37 59 270 147 10 249 113 6 96 207 142 111 125 52 71 186 69 416 47 140 296 283 323 141 78 163 257 430 79 40 126 29 205 5 128 166 22 16 70 50 89 122 159 92 82 103 44 313 145 148 322 340 389 42 83 27 55 62 41 25 109
40 40 257 96 391 29 66 423 214 488 6 11 140 392 370 296 322 405 168 103 89 153 44 431 76 131 60 207 37 2 71 144 33 155 62 249 141 157 119 130 159 52 163 16 92 430 297 253 129 147 107 113 187 5 69 287 122 100 158 283 78 329 204 50 127 203 70 205 364 82 351 313 145 270 148 166 128 151 242 74 225 38 186 47 10 142 59 79 126 27 123 125 355 357 137 111 416 401 340 389 109 248 42 25 83 55 22 41 88 116 63
41 41 128 357 111 252 55 131 281 116 428 431 334 430 125 155 416 323 147 6 50 122 203 96 82 313 145 148 187 129 27 127 270 60 47 401 364 153 113 159 248 66 83 25 163 103 88 69 44 249 260 287 158 29 140 40 283 329 119 11 52 2 297 205 37 253 296 257 78 62 351 166 100 186 168 89 70 38 130 10 322 207 71 92 225 123 112 340 15 389 141 19 42 74 79 16 126
42 42 283 69 205 166 157 340 389 159 78 37 142 444 83 6 125 416 107 296 323 22 137 168 249 2 5 113 153 92 52 151 242 11 140 100 158 29 59 163 66 71 50 204 119 130 329 122 70 116 313 187 89 225 131 391 60 96 129 186 10 25 322 260 287 155 364 127 203 257 40 111 147 16 123 355 207 47 351 297 109 253 74 38 128 141 76 63 401 103 44 112 15 248 82 144 33 270 145 148 19 88 62 79 126 41
44 44 62 96 103 140 444 445 40 131 66 257 89 391 6 430 29 168 249 155 11 153 71 60 78 92 52 207 147 2 50 122 203 129 296 82 141 322 313 157 145 148 128 187 127 119 130 159 158 163 287 107 297 76 253 137 27 47 125 37 364 357 270 16 111 69 5 113 416 401 283 144 33 329 248 100 205 151 242 70 10 351 55 166 41 88 116 59 74 142 38 79 225 126 123 186 355 83 25 340 389 42 109 22
47 47 60 122 297 253 113 329 155 131 187 37 79 95 160 126 66 100 186 430 364 119 6 127 147 203 96 270 50 296 225 10 82 168 313 145 148 128 153 129 130 207 69 2 351 27 283 125 401 357 111 159 38 416 205 141 157 248 11 163 323 287 29 40 140 249 166 103 44 88 158 116 52 55 391 41 257 5 89 62 70 107 78 340 83 322 389 71 42 142 123 92 74 25 16 355 151 242 76 59 137 109 144 22 33
50 50 313 125 416 323 131 430 155 116 83 147 6 122 25 203 111 204 96 260 82 70 145 148 128 69 283 187 129 27 357 205 127 270 60 47 401 153 166 364 113 159 248 66 379 109 37 112 55 15 41 157 163 103 88 44 249 56 78 287 158 19 29 140 40 329 119 63 11 340 52 2 297 389 253 391 42 100 257 62 142 186 168 107 89 130 10 351 296 322 207 71 137 38 225 123 355 141 151 5 242 22 74 92 79 16 126 59 76 144 33
52 52 249 78 140 129 137 92 155 429 287 158 11 2 147 89 447 153 446 263 96 71 69 283 119 29 131 205 66 6 107 37 166 60 130 127 270 391 296 257 16 40 163 10 123 157 355 322 151 242 430 187 103 340 44 389 168 159 329 59 297 100 42 122 253 351 142 204 186 364 207 74 50 70 113 38 203 83 62 76 82 313 47 141 145 148 225 128 125 5 144 416 33 22 27 111 357 79 126 401 109 25 116 248 55 63 41 88
55 357 55 128 286 293 264 252 111 255 214 433 275 41 131 236 213 219 36 476 116 449 202 385 430 125 155 416 323 147 6 50 122 203 96 82 313 145 148 60 187 129 27 127 270 401 47 364 113 159 248 66 83 25 70 297 329 163 103 88 253 44 249 260 287 158 29 140 40 52 62 186 89 322 207 109 79 126 141
56 56 379 260 323 112 382 15 19 413 415 229 410 402 400 279 125 397 417 201 295 362 416 50 116 83 313 25 204 70 111 203 109 401 248 63 88
59 59 481 107 151 242 157 153 158 388 142 71 249 217 69 283 119 22 168 205 140 123 127 355 10 29 5 129 166 155 287 351 74 38 187 89 11 296 6 52 130 66 340 322 391 389 186 96 159 364 147 42 78 37 92 2 60 131 257 113 83 329 40 270 125 100 163 416 122 16 207 137 203 76 297 430 253 103 44 50 225 141 144 33 47 313 62 82 145 148 79 126 27
60 60 297 253 329 155 432 47 187 79 126 66 122 364 427 205 127 325 204 323 309 422 270 367 131 100 168 113 153 129 207 6 203 96 2 351 225 147 38 141 430 37 119 130 11 287 40 158 249 186 157 257 50 52 10 296 163 401 5 29 391 82 140 78 159 313 145 148 248 128 107 103 44 125 69 111 88 116 283 27 74 89 416 70 16 357 322 62 71 123 92 166 355 151 242 137 142 76 59 55 41 144 25 83 33 340 389 109 42
62 62 44 96 103 364 140 358 427 40 131 66 257 89 391 6 430 29 168 249 155 11 153 71 60 78 92 52 207 147 2 50 122 203 129 296 82 141 322 313 145 148 128 127 157 187 119 130 159 163 287 107 297 76 158 253 137 27 47 125 37 69 357 329 270 16 111 283 5 113 416 401 144 33 205 351 248 151 100 242 70 166 38 55 41 88 116 59 123 74 142 355 10 186 79 126 225 83 340 389 25 42
63 204 63 487 70 465 206 370 209 231 459 395 109 416 373 447 163 374 302 369 284 169 25 303 188 236 430 125 371 305 372 57 6 2 323 50 66 78 159 116 313 83 119 130 69 153 29 283 131 260 205 203 111 168 137 166 96 11 207 140 249 296 322 40 92 52 128 89 141 71 340 401 389 112 15 42 248 56 19 82 88 74 103 16 41
66 66 168 153 60 207 6 96 2 467 488 141 449 11 208 40 457 179 157 297 253 155 257 163 119 130 5 29 391 140 78 131 159 329 127 187 287 103 44 351 296 204 37 249 74 89 364 70 16 38 47 158 129 322 122 100 52 71 69 79 62 283 126 123 92 430 107 355 270 137 147 113 205 76 10 166 225 50 203 186 144 33 125 151 242 109 82 142 313 145 416 148 128 59 323 25 340 389 63 27 42 357 116 401 111 83 22 248 55 41 88
69 69 283 205 166 338 486 440 226 247 157 437 340 389 467 159 42 78 37 488 142 208 83 179 482 6 36 350 125 416 107 296 323 22 137 168 249 2 5 113 153 92 52 151 242 11 140 100 158 29 59 163 66 71 50 204 119 130 329 122 70 116 313 89 225 131 391 96 129 186 10 25 60 322 260 287 203 155 187 127 257 40 111 147 16 123 355 47 351 207 430 109 38 74 297 253 128 141 76 401 63 103 44 248 112 15 82 144 33 270 56 145 148 19 88 62 27 79 41 126
70 70 204 109 163 63 25 125 416 6 2 482 323 478 352 344 349 442 171 452 50 66 78 159 116 313 83 119 130 69 153 29 283 131 260 205 203 111 168 137 166 96 187 60 140 11 157 207 249 37 296 322 391 40 155 430 92 52 364 257 89 141 100 340 129 127 379 158 401 329 389 112 147 15 42 71 107 122 248 113 56 297 142 10 19 253 287 82 351 225 88 145 5 148 128 74 103 186 16 44 38 47 76 151 242 27 123 270 355 22 59 144 62 33 79 126 41
71 71 140 29 107 89 275 157 151 242 296 322 391 213 153 249 59 283 96 158 149 6 176 202 241 92 52 198 78 279 142 11 40 257 37 66 129 69 119 168 2 155 76 205 22 131 137 159 166 123 103 144 127 44 33 355 10 147 5 130 287 163 16 351 60 113 74 207 187 38 100 62 329 186 340 430 389 42 141 204 270 364 70 125 225 83 50 122 203 297 416 253 82 313 145 148 128 47 27 109 401 25 248 79 63 126 41 88
74 74 153 127 287 351 38 187 155 123 334 119 130 66 107 355 158 364 129 427 2 157 151 242 329 11 168 59 10 249 147 270 60 207 100 142 6 96 52 71 203 131 140 37 141 78 69 163 257 186 283 40 225 29 5 391 205 296 297 113 253 22 16 166 122 89 204 70 430 159 401 92 137 322 248 103 44 340 50 389 88 116 47 42 76 82 79 62 126 313 111 145 148 128 83 144 109 33 27 25 63 41
76 76 391 144 33 257 29 450 474 40 296 322 11 6 89 140 96 71 66 37 153 16 249 2 159 168 78 129 119 130 52 107 60 92 69 207 163 113 155 283 103 44 100 131 158 287 205 329 141 147 157 127 151 166 242 122 62 137 10 70 225 59 297 253 5 186 142 123 340 47 355 74 389 270 42 82 109 22 79 126
78 78 137 249 2 92 52 69 283 140 179 205 166 444 341 430 163 157 129 119 130 11 6 66 89 340 96 389 153 159 42 71 37 142 204 29 155 70 287 83 107 158 147 391 131 168 125 100 257 60 416 207 127 16 296 322 323 329 22 10 151 242 5 113 103 44 187 59 141 225 109 122 25 186 40 50 270 123 364 355 351 203 297 62 253 63 74 313 76 38 144 82 116 33 145 148 128 111 401 47 27 248 79 126 88 41
79 79 60 297 253 329 155 47 432 449 187 120 459 126 66 122 364 431 334 434 127 270 131 100 168 113 153 129 207 6 203 96 2 351 225 147 38 141 430 37 119 130 11 287 40 158 249 186 157 257 50 52 10 296 163 401 5 29 391 82 140 78 159 313 145 148 248 128 69 107 103 283 44 125 111 88 116 27 205 74 89 70 16 357 322 166 62 71 123 92 355 151 137 242 76 55 59 41 340 83 389 144 25 33 42 109
82 82 131 430 412 155 147 6 50 122 203 96 313 145 334 148 128 187 129 27 125 357 127 111 270 60 47 416 401 323 364 113 159 248 66 153 55 287 41 163 103 88 116 44 249 158 29 140 40 329 37 11 119 52 2 297 253 257 62 78 100 186 168 204 351 89 70 69 130 38 10 283 83 296 322 391 207 25 157 71 205 107 225 260 166 123 141 355 92 137 79 16 126 74 109 151 142 242 340 5 389 59 76 42 63 112 144 15 33 19 22
83 83 125 416 323 283 69 205 166 50 157 116 405 340 313 219 389 159 25 42 78 37 446 142 260 204 70 111 203 6 131 107 296 22 137 187 168 163 128 379 249 2 5 109 112 113 15 401 153 364 92 52 430 56 151 242 19 155 122 248 11 140 100 357 158 29 63 59 147 96 66 71 88 60 119 130 329 82 89 225 55 391 127 129 41 186 145 148 10 351 322 40 38 47 287 27 257 270 297 16 253 123 355 207 103 44 74 141 62 79 126
85 237 85 162 449 443 482 476 349 442 434 478 352 344 105
88 88 203 187 401 364 248 116 131 429 476 329 111 125 489 366 160 351 368 292 416 323 38 430 155 153 60 147 6 50 122 96 82 313 145 148 128 100 129 83 297 27 253 47 25 357 127 204 270 70 287 66 260 37 113 225 159 69 119 130 283 55 41 163 103 44 249 205 158 40 296 29 140 74 11 2 166 52 123 79 168 355 126 257 10 62 109 186 379 89 207 112 15 56 322 19 340 63 389 141 42 16
89 89 140 29 249 296 322 391 71 96 6 92 52 78 11 303 40 257 37 66 107 2 76 129 153 131 159 137 157 69 103 144 158 155 44 33 283 151 242 168 163 16 205 147 287 113 59 60 119 130 166 142 62 207 100 430 127 329 187 204 141 70 186 5 10 50 122 340 225 203 123 389 364 270 355 297 22 125 253 42 82 351 313 145 148 128 416 74 38 83 47 27 357 109 116 401 111 25 248 63 79 126 55 41 88
91 91 328 460 470 405 211 220 338 463 420 406 456 468 471
92 92 78 140 249 137 52 2 89 96 71 388 69 11 283 302 263 29 205 129 166 66 6 153 119 130 296 391 37 107 155 163 40 157 158 322 287 147 103 340 44 257 389 159 16 42 168 131 142 204 151 242 70 127 60 100 83 62 207 59 10 329 113 125 76 187 141 270 123 416 5 225 186 355 122 430 323 22 144 33 351 364 297 50 253 74 38 109 25 313 47 82 63 145 148 128 27 79 126 41
96 96 103 44 140 40 131 66 62 388 257 263 89 391 6 430 29 168 249 155 11 153 71 60 78 92 52 207 147 2 50 122 203 129 296 82 141 322 313 157 145 148 128 187 127 119 130 159 158 163 287 107 297 76 253 137 27 47 125 37 364 357 270 16 111 69 5 113 416 401 283 144 33 323 329 248 100 204 205 151 242 70 10 351 55 166 41 88 116 59 74 142 38 79 225 126 123 186 355 83 25 340 389 42 109 22 63
100 100 329 225 37 113 187 360 119 130 364 60 432 449 392 172 296 122 153 186 213 11 36 415 2 431 334 10 297 253 69 351 47 158 283 155 66 38 205 203 131 6 78 166 29 257 16 391 129 127 140 157 96 163 249 287 168 79 126 40 74 147 52 340 89 430 389 401 159 322 207 137 142 270 42 71 92 125 123 248 204 107 355 70 416 83 141 50 88 116 76 5 82 111 313 145 148 128 103 44 22 151 242 144 33 59 27 109 62 25 63 41
103 103 96 454 44 140 40 131 66 350 62 257 222 89 391 6 430 29 168 249 155 11 153 71 60 78 92 52 207 147 2 50 122 203 129 296 82 141 322 313 157 145 148 128 187 127 119 130 159 158 163 287 107 297 76 253 137 27 47 125 37 364 357 270 16 111 69 5 113 416 401 283 144 33 323 329 248 100 204 205 151 242 70 10 351 55 166 41 88 116 59 74 142 38 79 225 126 123 186 355 83 25 340 389 42 109 22
104 104 353 469 451 480 475 453 479 477 289 318 246 320 198 446 279 316
107 107 151 242 157 59 153 158 293 252 142 71 214 392 213 69 219 283 119 36 149 22 168 205 140 123 127 355 10 29 5 129 166 155 287 351 74 38 249 187 89 11 296 6 52 130 66 340 322 391 389 186 96 159 364 147 42 78 37 92 60 2 131 257 113 83 40 270 329 125 100 163 416 122 16 207 137 203 297 253 76 430 103 44 50 225 141 144 47 33 70 313 62 116 82 401 145 148 25 248 79 126 27 88
108 108 0 228 469 480 423 466 475 479 477 234 289 318 445 36 476 176
109 109 204 70 163 25 432 63 125 416 6 476 2 323 50 66 78 159 116 313 83 119 130 69 153 29 283 131 260 205 203 111 168 137 166 96 60 140 11 157 207 249 187 37 155 296 322 391 40 430 92 52 257 89 141 364 100 129 340 379 401 329 389 112 147 15 42 71 122 127 248 113 56 297 142 10 351 19 253 287 82 38 225 88 145 5 148 128 74 103 186 16 44 47 76 270 27 22 144 62 33 79 126
110 110 244 408 405
111 111 116 128 357 125 203 416 459 323 131 55 41 430 187 447 49 132 401 8 268 50 364 248 313 155 88 83 147 25 6 122 260 204 96 329 82 70 145 148 351 69 283 153 60 129 38 27 127 205 159 47 270 163 166 113 66 379 109 112 37 15 2 56 103 157 19 44 78 249 297 287 158 40 253 11 100 29 140 63 340 52 296 389 130 257 42 62 186 142 89 225 207 322 92 137 74 79 141 126 16 22
112 112 260 323 379 15 412 19 56 125 410 258 402 400 416 279 397 243 201 484 295 436 417 420 411 418 285 268 398 205 50 116 83 313 25 204 70 111 203 69 283 131 166 128 109 401 163 248 63 340 389 88 42 82 41
113 113 122 37 186 100 119 329 10 225 296 60 47 429 131 187 158 130 263 262 11 69 364 283 155 297 253 153 205 430 166 2 29 6 203 147 157 391 50 127 96 107 351 257 123 16 355 340 82 38 140 389 159 313 145 322 148 128 129 79 89 42 270 125 126 78 71 163 66 40 142 287 416 249 401 151 83 27 242 111 323 357 248 52 168 59 116 70 74 88 76 92 103 22 44 137 55 41 144 33 207 5 62 141 109 25
116 116 111 125 203 416 323 469 187 466 475 128 401 479 364 477 289 234 248 50 318 476 176 357 246 320 198 88 446 316 313 292 83 436 131 25 260 204 55 329 41 70 351 69 283 38 430 205 155 60 166 153 147 379 6 122 109 112 163 15 96 56 157 82 19 159 145 148 63 37 340 389 100 2 297 253 42 129 78 66 27 142 127 270 287 47 130 113 225 11 168 296 103 44 40 22 137 74 79 126 207 5 62 141
119 119 10 130 158 95 49 153 186 138 8 2 121 38 4 39 113 20 11 100 137 118 51 1 129 329 123 37 107 355 66 225 155 187 78 122 127 163 249 287 364 351 60 157 257 6 74 52 16 151 242 147 140 131 296 168 59 96 204 29 47 391 70 69 142 71 207 283 92 40 270 297 205 253 159 203 141 430 166 5 322 89 22 50 109 76 103 340 44 82 389 313 145 401 148 128 25 42 79 63 126 144 248 33 62 83 27 88 41
122 122 47 113 131 60 236 219 149 37 186 329 430 202 241 297 253 100 262 155 292 119 188 235 254 204 147 6 50 203 10 96 296 225 82 313 145 148 128 158 66 153 11 187 79 130 129 126 27 125 69 357 127 111 283 270 2 416 401 323 364 159 205 248 287 168 166 257 40 55 78 41 163 103 88 116 44 249 29 140 391 207 107 52 157 123 351 16 355 83 62 38 340 141 389 89 70 42 142 137 151 322 242 25 71 74 5 59 76 92 144 22 33 109
123 123 355 153 158 433 233 119 449 127 107 10 129 155 482 287 351 350 476 352 478 74 444 445 38 187 157 151 242 130 66 186 59 364 147 11 249 142 2 52 71 270 113 140 131 329 168 69 78 283 60 207 37 122 100 257 6 205 22 203 96 29 5 391 166 16 89 296 141 430 163 92 40 225 137 297 253 50 322 340 389 401 82 70 42 159 313 145 248 148 128 103 76 44 83 88 27 47 144 33 79 62 126 109 41
124 178 124 302
125 125 416 323 465 386 50 116 83 313 206 370 231 459 25 395 260 204 70 111 373 203 302 169 430 369 374 284 420 69 303 362 283 450 249 131 205 187 166 379 128 109 112 15 401 163 56 364 157 19 6 248 159 357 63 155 340 389 88 2 42 147 78 37 122 142 96 55 82 41 153 145 60 148 329 66 296 351 129 168 107 27 113 22 38 127 137 270 140 11 100 47 52 29 158 130 5 297 253 92 40 151 242 71 103 44 287 89 225 59 186 207 322 62 74 141 16 79 126
126 126 60 297 253 425 329 438 155 451 480 423 214 466 408 47 187 475 477 79 479 66 234 289 122 364 318 320 176 198 246 385 446 127 270 131 100 168 113 153 129 207 6 203 96 2 351 225 147 38 141 430 37 119 130 11 287 40 158 249 186 157 257 50 52 10 296 163 401 5 29 391 82 140 78 159 313 145 148 248 128 69 107 103 283 44 125 111 88 116 27 205 74 89 70 16 357 322 166 62 71 123 92 355 151 137 242 76 55 59 41 340 83 389 144 25 33 42 109
127 127 155 153 270 60 350 352 129 287 355 171 351 356 74 158 131 348 38 237 175 474 357 187 346 4 297 394 123 372 253 119 130 66 107 329 147 364 11 249 430 2 6 52 157 151 242 96 10 203 47 140 168 59 50 122 78 79 126 207 100 37 142 82 257 313 145 148 128 71 186 69 163 113 283 391 16 141 29 296 401 125 89 40 27 205 159 225 92 5 111 248 416 166 137 323 22 103 44 70 88 116 322 55 41 62 340 389 76 83 42 25 144 33 109
128 128 357 111 41 55 131 116 432 430 428 125 431 334 155 416 323 147 6 50 122 203 96 82 313 145 148 187 129 27 127 270 60 47 401 153 364 113 159 248 66 83 25 163 103 88 69 44 249 260 287 158 29 140 40 283 329 119 11 37 52 2 297 205 253 78 257 62 166 100 186 168 89 70 130 10 351 296 322 207 71 38 225 123 112 340 355 15 389 141 137 56 74 92 19 42 79 16 126 109
129 129 155 287 249 158 147 153 52 11 488 208 131 127 395 119 270 140 60 78 444 10 123 107 355 257 37 430 96 16 187 2 130 157 297 92 66 351 253 6 186 71 151 242 122 391 74 137 89 29 38 329 364 50 203 59 82 296 69 313 142 145 47 283 148 128 100 40 205 113 168 163 125 159 27 322 166 103 357 44 111 416 79 207 126 401 323 225 76 22 5 248 62 141 70 55 41 340 144 88 33 116 389 42 83 25 109
130 130 119 463 153 458 2 11 100 363 281 10 275 310 329 120 37 66 158 225 234 187 78 127 388 113 163 186 287 155 364 351 60 257 6 129 74 16 38 140 249 296 168 123 96 204 52 107 355 391 137 70 69 29 122 207 283 92 131 40 157 297 205 253 159 147 141 166 203 151 270 242 71 47 89 322 142 59 5 430 109 125 76 103 340 44 389 416 25 42 79 63 126 401 50 144 33 22 62 248 83 82 116 313 145 148 128 111 88 27 41
131 131 486 430 155 147 467 6 50 122 203 96 488 82 313 145 120 208 148 128 479 457 179 482 187 36 350 476 129 27 125 357 127 111 270 60 47 416 401 323 364 113 159 248 66 153 55 287 41 163 103 88 116 44 249 158 29 140 40 329 37 11 119 52 2 297 253 257 62 78 100 186 168 204 351 89 70 69 130 38 10 283 83 296 322 391 207 25 157 71 205 107 225 260 166 123 141 355 92 137 79 16 126 74 109 151 142 242 340 5 389 59 76 42 63 112 144 15 33 19 22
136 210 136 206 150 211 220
137 137 78 249 2 92 52 318 69 283 140 95 49 119 205 349 341 439 237 8 105 166 138 409 121 38 4 163 157 129 130 11 6 66 89 340 96 389 153 159 42 71 37 142 204 29 155 70 287 83 107 158 147 391 131 168 125 100 257 60 416 207 127 16 296 322 323 329 22 10 151 242 5 113 103 44 187 59 141 225 109 186 430 25 122 40 50 270 123 364 355 351 203 297 62 253 63 74 313 76 47 144 82 116 33 145 148 128 111 27 79 126
140 140 249 89 96 92 52 71 78 11 29 444 129 391 296 137 2 40 107 66 322 6 103 153 44 257 37 155 158 16 157 131 69 287 147 119 130 283 151 242 62 205 168 59 163 159 142 127 166 76 60 207 100 430 10 113 144 33 187 122 329 270 204 123 141 355 70 340 5 186 389 50 22 364 203 225 42 351 297 82 253 74 125 38 313 145 148 128 47 83 416 27 357 109 116 401 111 25 248 63 79 126 55 41 88
141 141 66 168 153 60 207 423 6 96 2 11 429 40 385 157 297 253 155 257 163 119 130 5 29 391 140 78 131 159 329 127 187 287 103 44 351 296 204 37 249 74 89 364 70 16 38 47 158 129 322 122 100 52 71 69 79 62 283 126 123 92 430 107 355 270 137 147 113 205 76 10 166 225 50 203 186 144 33 125 151 242 109 82 142 313 145 416 148 128 59 25 340 389 63 27 42 357 116 401 111 83 22 248 55 41 88
142 142 22 283 69 107 157 205 214 166 151 213 242 153 318 59 241 158 246 262 292 216 222 315 316 340 254 221 389 159 71 42 78 37 83 168 119 6 5 125 140 29 416 123 129 127 296 323 355 10 137 155 287 351 249 2 89 66 74 130 187 113 38 92 52 186 322 391 96 131 11 100 364 60 147 163 50 257 40 329 70 116 122 203 225 313 270 25 207 76 111 141 16 47 103 44 144 33 109 82 145 148 62
144 144 391 76 33 257 29 302 368 40 450 296 322 11 6 89 140 96 71 66 37 153 16 249 2 159 168 78 129 119 130 52 107 60 92 69 207 163 113 155 283 103 44 100 131 158 287 205 329 141 147 157 127 151 166 242 122 62 137 10 70 225 59 297 253 5 186 142 123 340 47 355 74 389 270 42 82 109 22 79 126
145 430 145 131 412 382 155 413 147 229 415 6 50 122 203 258 402 96 82 313 148 128 187 129 27 125 357 127 111 270 60 47 416 401 153 323 364 113 159 248 66 55 41 163 103 88 116 44 249 287 158 29 140 40 329 119 37 11 52 2 297 253 391 257 62 78 100 186 168 204 89 70 130 69 10 283 83 351 296 322 207 25 157 71 38 107 205 225 123 355 166 141 74 92 137 79 16 126 76 151 242 109 59 340 5 144 389 33 42 63
147 147 129 131 155 287 158 430 249 153 52 368 11 6 50 122 203 127 96 270 82 60 313 145 148 128 140 119 187 78 27 125 10 123 66 357 111 47 107 355 37 257 416 401 2 323 364 297 113 159 253 248 16 351 329 391 186 89 157 92 71 38 55 130 41 296 163 103 88 40 116 44 74 69 151 242 100 29 137 283 168 59 205 142 207 62 166 204 225 70 83 79 126 322 25 141 76 5 340 22 389 144 33 42 109 63
148 148 27 131 430 432 155 459 213 147 6 50 122 334 203 385 96 82 313 145 128 187 129 125 357 127 111 270 60 47 416 401 153 323 364 113 159 248 66 55 41 163 103 88 116 44 249 287 158 29 140 40 329 119 37 11 52 2 297 253 391 257 62 78 100 186 168 204 89 70 130 69 10 283 83 351 296 322 207 25 157 71 38 107 205 225 123 355 166 141 74 92 137 79 16 126 76 151 242 109 59 340 5 144 389 33 42 63
151 151 107 157 242 153 59 158 149 262 142 71 288 240 199 238 259 69 283 119 22 168 205 140 123 127 355 10 29 5 129 166 155 287 351 74 38 249 187 89 11 296 6 52 130 66 340 322 391 389 186 96 159 364 147 42 78 37 92 2 60 131 257 113 83 329 40 270 125 100 163 416 122 16 207 137 203 76 297 430 253 103 44 50 225 141 144 33 47 313 62 82 145 148 79 126 27
153 153 127 38 287 74 236 351 213 355 219 187 149 155 241 123 119 283 130 134 66 107 262 158 222 216 364 129 188 235 204 277 199 240 212 2 251 398 157 151 242 329 11 168 59 10 249 147 270 60 207 100 142 6 96 52 71 203 131 140 37 141 78 69 163 257 186 40 225 29 5 391 205 296 297 113 253 22 16 166 122 89 70 430 159 401 92 137 322 248 103 44 125 340 50 389 88 116 416 47 42 76 82 79 62 126 313 111 145 148 128 83 144 109 33 27 25 63 41
155 155 127 270 60 153 129 131 219 149 202 297 253 292 221 147 204 347 240 329 287 158 430 238 249 187 47 52 11 66 6 50 122 203 119 351 79 126 364 96 82 38 123 74 313 145 148 128 107 355 140 130 2 100 78 27 125 10 168 357 111 257 157 37 416 401 151 242 323 113 159 207 71 40 248 16 391 225 59 186 89 92 55 41 69 142 296 163 103 88 116 44 141 283 29 137 205 5 166 62 70 22 322 25 83 76 340 389 144 33 42 109
157 157 283 168 5 69 107 149 205 241 151 242 166 222 221 254 188 204 142 153 240 59 158 199 238 66 340 194 278 389 159 71 42 78 37 22 83 119 6 125 140 29 96 60 416 123 129 127 155 207 296 323 355 10 137 287 351 249 2 40 89 74 141 130 187 113 38 131 92 52 391 186 322 11 100 297 253 364 147 163 50 329 70 103 116 203 44 122 270 225 430 313 47 25 62 76 257 111 79 16 126 82 144 33 401 145 148 109 248 63 27 88
158 158 290 119 10 153 129 123 107 355 149 283 202 241 239 186 155 262 157 151 242 200 222 287 254 147 235 249 59 204 127 240 288 130 52 142 113 11 71 140 351 187 131 74 2 38 69 60 66 270 100 122 168 364 78 22 329 205 96 166 29 6 5 89 257 37 225 430 391 16 92 297 296 253 47 159 163 40 137 340 207 50 203 389 322 42 82 313 145 125 148 128 141 103 44 83 70 76 27 79 126 116 401 62 111 144 33 248 55 41 25 88 109
159 159 182 6 361 283 69 264 360 205 161 180 166 172 179 36 157 176 163 134 430 29 340 131 222 66 389 169 171 358 341 2 170 42 78 308 175 37 142 296 204 83 70 125 322 391 96 107 168 416 155 140 89 323 153 40 60 22 137 207 11 5 147 71 257 119 130 50 122 113 203 249 158 151 242 82 187 141 129 92 109 52 25 313 145 148 128 127 59 100 329 76 111 116 297 364 253 63 287 27 47 10 103 44 357 270 144 186 33 401 225 16 248 62 260 351 55 41 88 74 38 79 126 123 355 112 15 19
162 162 237 85 360 172 209 443 134 169 427 170
163 163 204 6 2 70 66 78 159 109 119 130 25 153 29 63 131 125 416 69 323 168 283 137 96 60 140 11 207 205 249 296 322 391 157 37 40 155 166 430 92 52 257 89 141 100 187 127 329 129 158 147 287 71 83 50 122 203 297 10 116 113 253 364 340 82 389 351 225 313 145 111 142 5 148 128 42 107 74 103 16 44 186 38 47 76 260 27 123 270 355 357 144 62 33 401 151 242 22 248 79 126 59 55 41 88 112 15 19
166 166 283 69 205 299 157 159 430 170 325 175 340 389 42 335 327 78 296 168 37 142 184 326 183 83 223 28 333 287 60 98 182 1 165 6 125 416 107 323 22 137 249 2 5 113 153 92 52 151 242 11 140 100 158 29 59 163 66 71 50 204 119 130 329 122 70 116 313 187 89 225 131 391 96 129 186 10 25 322 260 155 364 127 203 257 40 111 147 16 123 355 207 47 297 351 109 253 74 38 128 141 76 63 401 103 44 112 15 248 82 144 33 270 145 148 19 88 62 79 126 41
168 168 157 5 66 153 166 325 60 253 323 207 309 422 6 96 2 69 107 283 227 327 335 141 11 205 40 297 155 257 151 242 163 158 119 130 29 142 391 140 59 78 131 159 329 127 71 187 287 340 103 44 389 351 296 204 37 42 249 74 89 364 70 16 38 47 129 322 122 100 52 22 83 79 62 10 125 126 123 92 430 355 270 137 147 416 113 76 186 225 50 203 144 33 109 82 313 145 148 128 25 63 111 116 27 401 248 41 88
178 178 124 171 175 167 173 184 441 118 98 1 182 73 159
186 186 119 10 113 250 472 158 161 473 255 408 365 122 37 457 179 100 413 414 405 36 350 431 334 364 130 176 366 434 478 400 352 153 262 435 279 329 373 263 216 299 369 377 374 442 356 341 349 225 296 60 47 129 123 131 187 107 355 155 2 11 69 287 157 283 147 127 297 253 205 151 242 249 430 351 166 29 6 59 142 52 38 203 71 74 163 391 270 50 96 257 16 340 82 140 389 159 313 145 322 148 125 128 168 79 89 42 126 78 22 66 40 416 70 401 83 27 5 111 357 248 88 76 116 92 103 44 137 55 41 144 25 33 207 109 62 141
187 187 489 364 462 419 239 329 365 351 38 414 457 203 366 362 290 160 153 60 461 367 464 308 248 401 331 100 230 88 116 297 253 131 155 225 127 111 119 130 125 113 37 287 66 416 74 323 47 430 158 2 11 79 126 123 107 355 129 296 147 10 6 50 122 186 270 168 96 82 69 313 283 145 148 128 207 157 78 151 242 140 257 205 29 163 59 83 70 27 40 249 141 166 25 357 16 142 52 89 71 159 5 92 137 322 55 340 41 103 389 44 42 22 109 62
203 203 187 401 364 248 88 116 382 131 416 413 414 329 415 229 388 111 410 125 258 402 400 279 351 369 397 417 201 295 268 411 243 323 484 285 418 205 38 398 430 155 153 60 147 6 50 122 96 82 313 145 148 128 100 129 297 83 27 253 47 25 357 127 204 270 70 287 260 37 119 113 225 159 69 66 130 283 55 41 163 103 44 249 158 296 29 140 40 74 11 166 52 2 107 123 79 126 78 355 257 62 109 186 379 168 89 112 15 10 56 322 19 207 340 63 71 389 151 242 92 42 59 141 16
204 204 63 236 70 292 368 188 240 487 199 297 109 163 278 242 157 25 245 155 153 125 276 156 122 43 158 60 241 143 17 149 90 416 218 61 154 6 2 323 50 66 78 159 116 313 83 119 130 69 29 283 131 260 205 203 111 168 137 166 96 140 11 207 249 37 296 322 40 430 92 52 128 89 141 100 257 340 379 401 389 112 147 15 42 71 248 56 19 82 225 88 145 5 148 74 103 16 41 27
205 205 424 283 69 166 417 268 157 398 411 224 164 340 389 159 396 42 78 146 37 332 142 270 272 261 60 83 382 260 415 410 402 203 258 243 412 397 484 56 413 23 400 112 19 139 418 6 125 416 107 296 323 22 137 168 249 2 5 113 153 92 52 151 242 11 140 100 158 29 59 163 66 71 50 204 119 130 329 122 70 116 313 187 89 225 131 391 96 129 186 10 25 322 287 155 364 127 257 40 111 147 16 123 355 207 47 297 351 253 109 74 38 128 141 76 63 401 103 44 15 248 82 144 33 145 148 88 62 79 126 41
207 207 66 180 168 153 60 6 96 2 258 141 344 11 430 40 416 325 308 309 157 297 253 155 257 163 119 130 5 29 391 140 78 131 159 329 127 187 287 103 44 351 296 204 37 249 74 89 364 70 16 38 47 158 129 322 122 100 52 71 69 79 62 283 126 123 92 107 355 270 137 147 113 205 76 10 166 225 50 203 186 144 33 125 151 242 109 82 142 313 145 148 128 59 25 340 389 63 27 42 357 116 401 111 83 22 248 55 41 88
210 210 136 150 211 220 190 226 247 265 286 290 48 228 250 293 233 239 252 264 255 214 281 275 206 208 209 231 236 213 234 289 219 36 149 229
225 225 100 329 432 37 113 209 364 187 119 130 344 299 377 60 49 297 296 122 153 422 323 418 186 11 421 2 10 253 69 351 47 158 283 155 66 38 205 203 131 6 78 166 29 257 16 391 129 127 140 157 96 163 249 287 168 79 126 40 74 147 52 340 89 430 389 401 159 322 207 137 142 270 42 71 92 125 123 248 204 107 355 70 416 83 141 50 88 116 76 5 82 111 313 145 148 128 103 44 22 151 242 144 33 59 27 109 62 25 41
237 237 85 443 162 434 349 452 442 448 105 357 346 379 102 355 87 354 352 353 127 28 24 137 478 351 347 298 449 291 453 70
242 242 250 107 255 157 151 275 236 213 153 59 158 36 262 142 216 222 292 71 221 254 188 235 204 387 240 212 199 259 69 194 278 283 119 22 168 205 140 123 127 355 10 29 5 129 166 155 287 351 74 38 249 187 89 11 296 6 52 130 66 340 322 391 389 186 96 159 364 147 42 78 37 92 2 60 131 257 113 83 329 40 270 125 100 163 416 122 16 207 137 203 76 297 430 253 103 44 50 225 141 144 33 47 313 62 82 145 148 79 126 27
244 244 110 392 362 439 387
248 248 203 187 401 364 88 116 131 176 329 111 188 489 125 170 309 422 347 351 416 323 38 430 155 153 60 147 6 50 122 96 82 313 145 148 128 100 129 83 297 27 253 47 25 357 127 204 270 70 287 66 260 37 113 225 159 69 119 130 283 55 41 163 103 44 249 205 158 40 296 29 140 74 11 2 166 52 123 79 168 355 126 257 10 62 109 186 379 89 207 112 15 56 322 19 340 63 389 141 42 16
249 249 52 78 303 140 129 2 89 137 92 155 59 287 158 11 35 125 147 153 96 71 69 283 119 29 131 205 66 6 107 37 166 60 130 127 270 391 296 257 16 40 163 10 123 157 355 322 151 242 430 187 103 340 44 389 168 159 329 297 100 42 122 253 351 142 204 186 364 207 74 70 113 38 50 203 83 62 416 76 82 47 141 313 145 148 225 128 5 144 33 22 27 116 79 126 401 111 109 248 25 55 63 41 88
253 253 60 297 329 155 325 47 187 79 227 126 270 259 66 168 321 313 153 326 280 122 364 225 296 287 337 181 223 127 131 100 113 129 207 6 203 96 2 351 147 38 141 430 37 119 130 11 40 158 249 186 157 257 50 52 10 163 401 5 29 391 82 140 78 159 145 148 248 128 69 107 283 103 44 125 111 88 116 27 205 74 89 70 16 357 322 166 62 71 123 92 355 151 137 242 76 55 59 41 340 83 389 144 25 33 42 109
257 257 391 11 40 76 29 179 96 66 144 33 445 296 37 442 16 284 140 6 129 322 153 89 119 130 168 2 71 60 249 131 155 207 103 44 287 78 52 100 158 113 147 157 329 141 159 163 127 107 187 62 122 92 69 430 297 10 283 225 253 186 364 137 205 204 5 70 351 151 242 123 270 166 74 50 355 203 38 59 142 82 313 145 148 128 47 79 340 126 389 27 42 109 22 401 111 83 248 25 63 55 41 88
260 260 323 379 112 15 19 412 56 125 413 416 229 420 410 258 402 400 279 377 364 397 201 243 484 418 417 411 398 285 205 268 50 116 83 313 25 204 70 111 203 69 283 131 166 128 109 401 163 248 63 340 389 159 88 42 55 82 41
270 270 155 127 60 382 413 153 415 253 129 410 131 402 258 400 279 397 295 417 201 297 418 285 205 268 308 398 411 243 484 147 288 195 224 396 329 287 158 430 249 187 47 52 11 66 6 50 122 203 119 351 79 126 364 96 82 38 123 74 313 145 148 128 107 355 140 130 2 100 78 27 125 10 168 357 111 257 157 37 416 401 151 242 323 113 159 207 71 40 248 16 391 225 59 186 89 92 55 41 69 142 296 163 103 88 116 44 141 283 29 137 5 70 166 62 22 322 83 76 25 340 389 144 33 42 109
274 278 274 172 424 428 431 320 434 299 132
278 278 274 424 241 262 283 221 417 254 235 204 288 212 240 238 331 259 232 317 194 383 321 157
283 283 69 205 166 222 254 157 240 278 142 340 232 389 83 159 245 153 42 78 158 37 143 424 17 71 241 61 21 150 55 6 125 107 416 296 323 22 137 210 168 249 2 5 113 92 52 151 242 11 140 100 29 59 163 66 50 204 119 130 329 122 70 116 313 187 89 225 131 391 60 96 129 186 10 25 322 260 287 155 364 127 203 257 40 111 147 16 123 355 207 47 351 297 109 253 74 38 128 141 76 63 401 103 44 112 15 248 82 144 33 270 145 148 19 88 62 79 126 41
287 287 153 129 172 209 155 127 428 158 147 431 334 249 351 299 119 52 74 38 188 427 11 123 187 170 325 107 355 130 422 323 309 421 66 166 319 131 60 364 2 270 140 157 78 151 242 329 10 96 59 168 6 257 71 37 430 100 16 297 203 142 207 253 29 69 92 186 283 122 40 163 391 137 89 141 50 205 225 113 47 5 159 82 296 313 145 148 128 22 322 103 44 204 401 125 70 79 248 27 416 126 111 357 340 62 389 88 116 76 42 55 41 83 144 33 25 109
296 296 37 29 209 428 322 391 431 334 113 299 6 89 166 11 170 325 422 69 100 323 309 140 283 71 421 297 26 253 257 426 327 335 326 215 40 205 329 122 225 159 66 186 76 157 119 130 153 96 2 249 187 144 10 60 33 107 16 52 340 389 92 163 142 129 364 42 47 131 78 168 155 158 83 207 151 242 287 204 127 125 147 70 59 351 5 22 416 103 141 44 38 430 203 137 123 74 355 62 270 50 82 25 109 116 313 79 145 148 128 126 401 111 248 63 27 88 41
297 297 60 253 329 155 368 309 204 421 47 187 79 126 327 335 66 330 326 280 184 122 364 225 223 287 296 333 98 324 127 270 131 100 168 113 153 129 207 6 203 96 2 351 147 38 141 430 37 119 130 11 40 158 249 186 157 257 50 52 10 163 401 5 29 391 82 140 78 159 313 145 148 248 128 69 107 103 283 44 125 111 88 116 27 205 74 89 70 16 357 322 166 62 71 123 92 355 151 137 242 76 55 59 41 340 83 389 144 25 33 42 109
313 313 50 125 416 323 131 253 430 331 39 20 155 185 116 83 147 6 122 25 203 111 204 96 260 82 70 145 148 128 69 283 187 129 27 357 205 127 270 60 47 401 153 166 364 113 159 248 66 379 109 37 112 55 15 41 157 163 103 88 44 249 56 78 287 158 19 29 140 40 329 119 63 11 340 52 2 297 389 42 100 257 62 142 186 168 107 89 130 10 351 296 322 207 71 137 38 225 123 355 141 151 5 242 22 74 92 79 16 126 59
322 322 29 296 391 6 89 402 400 71 295 140 40 285 268 308 411 37 257 398 195 76 66 96 11 159 144 33 107 163 249 78 153 131 2 92 157 69 52 283 113 168 151 119 242 129 205 130 204 60 70 59 207 100 158 166 142 16 103 44 329 155 430 137 287 187 141 186 127 225 5 147 62 340 50 122 125 364 389 203 297 253 22 42 416 82 109 313 145 123 148 128 351 355 74 83 47 38 25 10 63 27 270 401 248 79 126 41 88
323 323 420 260 125 416 422 421 379 112 215 15 327 335 50 56 19 326 390 280 116 223 333 168 296 83 313 485 225 25 287 273 60 162 191 174 72 204 70 111 203 69 283 131 205 187 166 128 109 401 163 364 157 6 430 248 159 357 63 155 340 389 88 2 42 147 78 37 122 142 96 55 82 41 145 148 329 351 129 27 113 22 38 137 270 47 5 92 103
328 328 91 460 470 211 220 338 463 420 406 456 468 471 190 226 247 265 286 440 461 454 361 290 228 424 433 462 464 437 465 233 239 252 264 419 472 161 386 467 469 473 180 255 451 363 214 281 423 466 408 275 310 365 475 120 172 206 208 392 209 236 459 457 213 234 405
329 329 187 364 461 464 60 419 365 100 414 297 253 489 366 362 351 225 368 160 203 367 38 155 462 37 153 113 239 119 130 122 13 47 79 126 66 127 401 296 11 2 248 186 131 270 10 88 116 158 287 129 69 168 283 6 96 111 207 74 78 205 29 125 257 147 391 430 140 249 416 163 166 16 157 123 323 107 355 141 52 159 40 50 89 71 70 322 142 82 5 340 137 92 389 313 145 148 128 83 151 242 42 103 44 59 76 27 22 144 62 33 25 109 41
340 340 283 69 205 166 457 157 389 159 445 42 78 37 142 341 83 105 192 6 125 416 107 296 323 22 137 168 249 2 5 113 153 92 52 151 242 11 140 100 158 29 59 163 66 71 50 204 119 130 329 122 70 116 313 187 89 225 131 391 60 96 129 186 10 25 322 260 287 155 364 127 203 257 40 111 147 16 123 355 207 47 351 297 109 253 74 38 128 141 76 63 401 103 44 112 15 248 82 144 33 270 145 148 19 88 62 79 126 41
351 351 38 187 364 153 472 473 449 329 459 482 219 350 203 127 478 434 489 377 287 442 356 303 349 462 285 346 74 237 448 357 380 347 461 348 155 60 123 119 130 66 107 355 158 401 100 129 248 2 297 88 253 116 157 151 242 225 131 11 168 37 59 270 147 10 249 113 6 96 207 111 142 125 52 71 186 416 47 69 140 296 323 283 141 78 163 257 430 79 40 126 29 205 5 391 166 22 16 70 50 89 122 159 92 82 103 44 137 313 145 83 148 322 128 340 389 42 27 62 25 109 41
353 353 104 453 478 434 352 377 442 452 349 171 356 448 348 347 237 357 175 346 394 379
355 355 123 153 158 350 478 352 127 344 349 442 452 119 171 356 448 347 348 357 237 175 107 10 346 129 394 155 287 343 256 378 354 351 74 38 187 157 151 242 130 66 186 59 364 147 11 249 142 2 52 71 270 113 140 131 329 168 69 78 283 60 207 37 100 122 257 6 205 22 203 96 29 5 391 166 16 89 296 141 430 163 92 40 225 137 297 253 47 50 322 340 389 401 82 42 159 313 145 248 148 128 103 76 44 83 88 27 144 33 79 62 126
357 357 433 55 449 128 478 442 111 356 348 347 237 346 394 379 378 41 131 343 355 354 127 353 152 351 298 443 349 24 116 430 125 155 416 323 147 6 50 122 203 96 82 313 145 148 60 187 129 27 270 401 47 364 113 159 248 66 83 25 70 29 297 163 103 88 253 44 287 40 62 186 322 207 109 79 126 141
364 364 187 461 462 464 239 365 414 329 366 290 368 160 362 367 351 38 419 203 489 153 225 60 98 401 260 139 218 62 186 248 363 0 85 100 88 116 297 253 131 155 127 111 119 130 125 113 37 287 66 416 74 323 47 430 158 2 11 79 126 123 107 355 129 296 147 10 6 50 122 270 168 96 82 69 313 283 145 148 128 207 157 78 151 242 140 257 205 29 163 59 83 70 27 40 141 166 25 357 16 142 52 89 71 159 5 92 137 322 55 340 41 103 389 42 22 109
379 379 56 260 323 15 348 237 346 357 112 381 19 378 353 125 416 50 116 83 313 25 204 70 111 203 109
389 389 283 69 205 166 408 157 340 159 385 42 78 37 142 263 368 83 439 8 217 277 6 125 416 107 296 323 22 137 168 249 2 5 113 153 92 52 151 242 11 140 100 158 29 59 163 66 71 50 204 119 130 329 122 70 116 313 187 89 225 131 391 60 96 129 186 10 25 322 260 287 155 364 127 203 257 40 111 147 16 123 355 207 47 351 297 109 253 74 38 128 141 76 63 401 103 44 112 15 248 82 144 33 270 145 148 19 88 62 79 126 41
391 391 76 144 33 257 29 428 40 296 322 26 11 381 6 89 140 96 71 66 37 153 16 249 2 159 168 78 129 119 130 52 107 60 92 69 207 163 113 155 283 103 44 100 131 158 287 205 329 141 147 157 127 151 166 242 122 62 137 10 70 225 59 297 253 5 186 142 351 123 340 47 355 74 389 270 42 83 82 109 145 148 22 79 126
401 401 203 187 364 248 415 88 116 400 131 397 418 268 329 411 111 125 398 224 195 351 416 323 38 430 155 153 60 147 6 50 122 96 82 313 145 148 128 100 129 83 297 27 253 47 25 357 127 204 270 70 287 66 260 37 113 225 159 69 119 130 283 55 41 163 103 44 249 205 158 40 296 29 140 74 11 2 166 52 123 79 168 355 126 257 10 62 109 186 379 89 207 112 15 56 322 19 340 63 389 141 42 16
416 416 125 323 169 430 57 50 116 304 375 13 83 313 173 65 25 203 300 330 3 260 204 81 301 97 70 63 15 111 374 207 342 487 35 31 386 370 420 69 283 131 205 187 166 379 128 109 112 401 163 364 56 157 19 6 248 159 357 155 340 389 88 2 42 147 78 37 122 142 96 55 82 41 145 60 148 329 66 351 129 168 107 27 113 296 22 249 38 127 137 29 270 140 11 100 47 52 130 5 297 253 92 40 151 242 71 103 89 44 225 59 186 322 62 141 16 79 126
430 430 145 374 131 416 288 166 304 375 185 173 65 300 81 301 155 125 111 159 165 291 207 63 487 35 78 31 147 386 54 6 50 122 203 96 82 313 148 128 187 129 27 357 127 270 60 47 401 153 323 364 113 248 66 55 41 163 103 88 116 44 249 287 158 29 140 40 329 119 11 37 52 2 297 253 391 69 257 283 62 100 186 168 89 70 130 205 157 10 351 296 322 25 83 71 38 107 225 123 355 141 137 74 92 79 16 126 340 76 389 109 42 5 144 33
