128 1410 544 1480 846 605 1500 571 636 1514 1799 128 516 802 644 759 585 1572 737 1770 1457 514 812 1452 1416 618 616 648 533 551 602 776 529 559 1556 853 615 1666 1448 1622 1421 1618 555 630 696 818 675 1629 1481 647 432 1398 811 693 1522 1385 552 840 527 558 772 655 531 694 499 491 612 657 1499 560 589 428 1594 526 1425 1748 125 431 334 1506 785 416 6 50 122 148 60 103 140 163 11 119 78 257 89 109 355 15 340 389 19 74 92
257 529 880 1445 1385 1398 811 585 257 785 555 630 696 560 526 1499 533 551 618 657 491 636 776 589 1594 1421 1618 648 1522 602 1500 571 616 675 1506 647 596 640 548 731 818 612 615 1666 1448 1622 499 646 1416 644 759 11 1514 1799 840 527 516 631 1556 853 558 772 655 531 694 179 559 802 1410 445 144 1572 33 737 1770 1457 1452 514 693 552 442 284 6 140 89 119 60 103 78 163 122 92 5 74 355 50 148 128 340 389 22 109
389 558 772 655 531 694 648 1452 389 631 646 526 1506 785 596 640 548 731 602 657 491 1421 1618 589 1594 514 812 560 1398 811 675 1385 408 605 647 555 630 696 1499 802 499 559 529 818 1522 612 776 1480 618 585 385 636 340 1416 263 693 552 1500 571 880 1445 368 1629 1481 78 439 616 8 217 615 1666 1448 1622 1572 737 1770 1457 277 533 644 6 125 416 22 5 92 11 140 163 50 122 119 60 89 257 355 109 74 103 15 144 33 19
6 648 1398 811 555 630 696 1500 571 491 6 785 559 529 657 560 636 1514 1799 585 558 772 655 531 694 514 693 552 516 880 1445 526 802 1499 1506 533 1452 644 551 759 1410 1416 616 1572 737 1770 1457 1421 631 646 1618 618 1522 776 1385 589 1594 602 605 615 1666 1448 1622 596 640 548 731 544 1480 846 647 499 163 675 1556 853 812 840 612 527 818 385 169 89 60 78 140 50 257 122 125 119 11 148 128 109 340 416 389 5 103 92 144 33 22 74 355
5 657 646 555 630 696 596 640 548 731 558 772 655 531 694 5 631 648 1452 560 491 529 1522 647 585 612 776 1385 1499 616 1398 526 615 1666 1448 1622 811 533 551 1506 190 840 527 499 644 759 618 433 1416 785 675 636 441 233 818 880 1445 1500 571 559 602 1556 853 1421 1618 589 1594 514 812 802 1514 482 1799 693 552 350 36 476 1572 605 737 1770 1457 516 6 60 340 389 11 119 78 140 22 257 163 125 355 74 89 416 103 122 50 92 144 33 109 148
11 1385 526 1499 618 555 785 630 696 529 636 776 589 1594 1421 1618 491 602 11 585 675 880 1445 657 1398 811 560 1522 647 616 499 1506 644 759 818 612 533 551 1416 596 1500 558 640 548 731 571 648 772 655 531 694 406 840 527 615 1666 1448 1622 1556 853 631 646 1514 1452 1799 257 119 559 516 140 802 408 514 1410 693 1572 552 737 1770 1457 405 605 385 544 1480 78 60 89 92 6 122 163 355 144 33 103 74 5 340 389 50 125 148 128 22 416 109
140 560 1421 1618 585 1385 1506 1398 811 533 551 529 140 618 785 596 640 548 731 636 491 776 555 630 696 647 880 526 1499 1445 631 646 648 1522 644 1500 616 759 571 657 612 499 558 772 655 531 694 589 1594 675 89 602 1514 1799 92 1416 840 1452 516 527 818 615 1666 1448 1622 11 559 802 78 1556 853 1410 1572 514 737 1770 1457 693 552 444 605 544 1480 846 6 103 257 119 60 163 355 144 122 33 5 22 50 74 340 389 148 128 125 109
15 1629 1481 812 1425 1748 15 514 1452 605 802 1480 559 19 370 395 416 693 552 388 1572 737 1770 1457 445 125 558 772 655 531 694 302 374 284 303 362 1410 1500 571 50 109 128 163 340 389
144 880 1445 1398 811 144 529 785 560 1385 585 526 555 630 696 648 533 551 33 657 491 1499 602 257 596 1421 640 548 731 1618 618 589 1594 636 1500 571 1522 646 1506 675 631 647 302 558 499 776 772 655 531 694 368 612 450 11 89 6 140 78 119 103 163 92 122 5 355 74 340 389 22
19 1629 1481 812 1425 1748 19 514 1452 605 802 1480 15 559 382 693 552 413 1572 737 1770 1457 125 415 229 558 410 772 655 531 694 258 402 400 279 416 1410 397 1500 417 571 201 50 109 128 163 340 389
148 516 1500 571 636 1514 1799 148 802 644 1410 759 585 1572 737 1770 1457 1416 618 544 1480 605 616 846 648 533 551 602 776 529 1556 853 615 1666 1448 1622 1421 1618 555 630 696 818 675 647 1398 811 1522 514 1385 1452 840 527 499 491 812 612 657 526 1499 560 589 1594 432 459 785 1506 559 213 880 1445 596 640 548 731 334 385 558 6 646 50 122 128 60 125 416 103 140 163 11 119 257 78 89 355 74 92 5 109 144 33
22 631 596 640 548 731 558 772 655 531 694 22 646 648 1452 560 647 526 1522 612 1506 657 776 499 228 785 1398 811 616 675 618 840 527 602 1499 392 491 1421 1618 589 1594 477 636 514 812 234 555 630 696 644 289 759 529 388 585 1385 605 246 198 880 1500 1445 571 818 802 559 436 316 1556 196 853 340 389 78 119 6 5 125 140 416 355 89 74 92 11 163 50 257 122 103 144 33 109
416 416 514 812 1452 605 802 1480 559 1629 1481 693 552 1572 737 1770 1457 125 1425 1748 558 772 655 531 694 1410 1500 571 648 544 846 169 430 1556 853 631 646 57 636 1514 1799 491 304 526 375 13 516 1506 50 173 65 300 330 3 818 840 527 644 759 81 301 97 785 585 374 602 207 63 342 596 487 640 548 731 15 35 589 1594 31 386 1416 203 370 128 109 163 19 340 389 78 6 122 148 22 5 92 103
33 880 1445 1398 811 33 529 785 560 1385 585 526 555 630 696 648 533 551 144 657 491 1499 602 257 596 1421 640 548 731 1618 618 589 1594 636 1500 571 1522 646 1506 675 631 647 558 499 776 772 655 531 694 612 11 89 6 140 78 119 103 163 92 122 5 355 74 340 389 22
163 491 559 514 693 552 648 1499 555 1506 630 696 163 1398 811 657 529 1500 571 1452 585 785 1522 1385 558 1421 772 655 531 694 1618 589 1594 812 526 776 6 560 636 1514 616 1799 605 533 551 499 602 618 675 516 880 818 1445 615 1666 1448 1622 647 1416 644 759 802 840 612 527 631 646 596 640 548 731 1410 1556 853 1572 737 1770 1457 1629 1481 78 544 1480 846 109 119 1425 1748 125 416 11 60 140 92 257 89 50 122 5 340 389 74 103 148 128 355 144 33 22 15 19
50 802 1500 571 514 812 1452 50 605 636 1514 1799 1480 516 1572 737 1770 1457 644 1410 759 559 585 1629 1481 1416 648 618 544 616 846 693 552 125 533 551 1425 416 1748 558 772 655 531 694 602 1556 853 776 529 818 615 1666 1448 1622 1421 1618 491 555 630 696 675 647 840 527 526 785 1385 1398 811 1522 631 646 499 1499 589 1594 612 657 560 596 640 548 731 1506 6 122 148 128 60 163 109 15 103 19 140 119 11 340 389 257 78 89 355 92 5 74 22
178 178 124 171 175 167 173 184 441 118 98 1 159 182 73
60 615 1666 1448 1622 1416 818 644 759 60 555 616 630 696 1556 853 589 1594 602 657 840 527 618 776 675 1499 636 491 529 1522 585 1500 571 1572 1385 526 737 1770 1457 533 551 785 612 648 1514 1799 432 647 1421 1618 646 1398 811 516 560 605 1506 802 1480 596 640 548 731 1410 122 880 1445 559 499 427 558 772 655 531 694 205 204 325 323 631 309 422 367 6 119 11 257 140 78 163 5 74 355 103 50 89 148 128 92 340 389 144 33 109 22
74 1522 776 616 840 612 527 1499 74 647 596 640 548 731 644 759 555 630 696 618 1556 853 491 499 657 1385 818 631 646 560 636 589 675 1594 529 585 1421 1618 1500 526 571 1572 737 1770 1457 1506 785 602 1398 811 615 1666 1448 1622 558 533 772 655 531 694 551 1514 1799 648 880 516 334 1445 559 1416 605 1452 1480 802 119 355 1410 427 11 60 6 140 78 257 163 5 22 122 89 92 50 103 340 389 148 128 144 33 109
78 1506 491 1421 1618 558 772 655 531 694 78 1499 648 1452 618 560 631 646 1385 555 776 630 696 636 585 526 559 1398 811 589 647 1594 657 596 640 548 731 514 529 499 1522 533 616 644 551 759 675 785 693 552 602 612 92 1500 571 818 880 1445 179 1514 840 802 1799 527 812 140 615 1666 1448 1622 516 1556 444 853 605 1572 737 1770 1457 1480 341 1416 163 119 6 11 340 389 89 125 257 60 416 22 5 103 122 109 355 50 74 144 33 148 128
340 558 772 655 531 694 648 1452 340 631 646 526 1506 785 596 640 548 731 602 657 491 1421 1618 589 1594 514 812 560 1398 811 675 1385 605 647 555 630 696 1499 802 499 457 559 529 818 1522 612 776 1480 618 445 585 636 1416 389 693 552 1500 571 880 341 1445 1629 1481 78 616 105 615 1666 1448 1622 1572 737 1770 1457 192 533 644 6 125 416 22 5 92 11 140 163 50 122 119 60 89 257 355 109 74 103 15 144 33 19
89 1398 811 560 785 529 89 1421 1618 880 1445 585 1385 526 1506 648 533 596 551 640 548 731 555 630 696 618 491 636 140 602 657 647 631 646 776 1500 571 589 1594 1522 675 1499 558 772 655 531 694 616 612 644 759 1514 1799 499 1416 818 1452 559 615 1666 1448 1622 516 840 527 802 6 1556 853 1410 303 514 693 92 552 1572 737 1770 1457 249 11 78 257 144 33 103 163 60 119 122 5 355 340 22 389 50 74 148 128 109
92 1506 1421 1618 560 491 92 585 1385 618 558 772 655 531 694 1398 811 529 1499 533 551 785 776 636 555 630 696 78 596 648 1452 640 548 731 526 647 140 631 646 657 644 759 880 589 1445 1594 616 1522 499 612 675 559 602 1500 571 514 818 693 552 840 527 1514 1799 1416 89 388 615 1666 1448 1622 802 516 302 263 1556 853 11 6 119 163 103 340 389 257 60 125 355 5 416 122 22 144 33 50 74 109 148
355 612 647 355 1522 499 776 616 596 640 548 731 618 840 675 527 1499 636 644 759 631 646 560 555 630 696 602 1421 1556 1618 853 1385 491 657 818 589 1594 350 1500 571 478 615 1666 1448 1622 352 1506 529 558 772 655 531 694 344 526 1398 785 349 811 442 452 585 171 648 1572 356 737 1770 1457 119 448 1514 347 348 1799 357 237 175 1416 346 1452 394 516 343 256 378 533 551 74 11 60 140 78 122 22 5 6 257 89 163 92 50 340 389 148 103
103 585 533 551 529 103 555 630 696 1500 571 657 1398 811 560 636 1514 1799 1421 1618 1385 491 516 785 880 1445 802 618 648 454 644 759 1506 776 1416 1410 616 1499 1522 1572 737 1770 1457 615 1666 1448 1622 646 544 1480 605 846 647 596 640 548 731 602 589 526 1594 1556 853 499 840 612 527 558 140 772 655 531 694 559 818 1452 350 514 675 631 222 6 257 11 60 89 92 78 50 122 148 128 163 119 5 125 144 33 416 74 355 340 389 109 22
108 1369 108 228 469 480 423 466 475 479 477 234 289 318 36 476 176
109 559 514 693 552 109 491 812 1452 605 648 802 1499 1480 555 1506 630 696 1629 1481 1398 811 558 772 655 531 694 657 432 163 1572 737 1770 1457 529 1500 571 1425 1748 125 1410 585 785 1522 476 1385 526 1421 1618 589 1594 416 560 636 1514 1799 631 646 6 50 78 119 11 140 128 92 340 15 389 257 89 19 5 74 103 148 22
119 499 1499 675 119 647 602 491 589 1594 612 1522 1385 526 776 618 596 818 640 548 731 616 785 555 630 696 636 840 1506 527 1416 1421 1618 644 759 560 1556 853 657 631 646 529 1398 811 648 558 772 655 531 694 615 1666 1448 1622 559 1500 571 95 585 49 138 8 1452 514 693 1514 552 121 1799 533 551 1572 737 1770 1457 880 4 1445 38 39 516 20 11 118 802 137 51 605 1 1480 355 122 78 60 163 74 257 6 140 92 5 340 22 389 125 89 50 109 103 148 128 144 33
122 1416 602 675 1500 571 589 1594 615 1666 1448 1622 122 526 636 1514 1799 499 818 516 785 802 644 1410 759 585 1572 737 1770 1457 1556 1499 853 647 618 648 555 630 696 544 1480 605 616 846 776 533 529 551 491 1385 1398 840 811 527 612 657 60 558 772 655 531 694 1522 1452 1421 1618 560 596 640 548 731 1506 236 514 880 219 1445 149 812 202 241 631 646 262 119 292 188 559 204 235 254 6 50 148 128 11 125 416 140 78 103 257 163 355 89 340 389 74 5 92 144 33 22 109
124 178 124 302 167 171
125 514 812 1452 605 802 1480 559 1629 1481 125 693 552 1572 737 1770 1457 1425 1748 558 772 655 531 694 1410 416 1500 571 648 544 846 1556 853 631 646 465 636 1514 1799 491 50 526 386 516 1506 818 840 206 370 527 644 759 231 459 602 785 585 395 596 640 548 731 657 1416 1499 618 589 1594 1421 1618 616 776 373 302 169 675 369 374 284 533 551 555 1522 630 696 303 362 430 560 450 615 1666 1448 1622 647 249 128 109 15 163 19 340 389 78 6 122 60 148 22 5 140 11 92 103 74
