0 0 108 48 310 120 36 476 445 134
2 2 78 163 119 130 66 281 6 153 204 249 137 70 11 168 92 140 52 427 60 207 159 69 100 283 96 329 37 155 157 10 187 158 205 109 29 141 287 127 257 131 129 391 166 40 296 225 89 125 364 25 63 113 351 297 416 186 253 71 74 38 323 16 122 5 147 322 123 340 355 430 107 389 142 103 42 44 270 76 83 47 50 62 203 116 151 79 242 126 82 144 313 33 22 145 59 148 128 27 357 401 111 248 55 41 88
5 5 157 168 190 433 66 441 233 69 107 283 153 205 482 166 350 36 476 151 242 60 142 207 59 6 158 96 2 159 78 340 389 141 37 11 71 119 42 40 155 140 29 22 297 127 253 83 296 130 257 287 391 249 163 187 125 123 355 351 52 131 137 129 416 74 38 329 89 92 323 364 10 103 100 44 322 204 122 113 70 16 147 47 186 270 62 50 430 79 225 126 203 76 313 25 144 33 116 109 82 145 148 401 63 248 27 88
6 6 159 163 29 131 66 2 204 70 385 69 283 296 322 391 430 96 169 205 168 155 89 153 78 166 157 40 60 140 207 37 147 71 50 125 257 122 203 119 130 249 416 109 82 141 313 323 11 145 187 148 128 127 340 52 129 389 25 63 76 92 142 137 42 297 113 27 100 253 364 357 47 103 44 107 287 270 111 158 5 144 83 33 401 329 10 248 62 225 22 55 351 41 151 242 88 116 74 38 16 186 59 79 126 123 355 260 112 15 19
10 10 119 158 186 113 153 130 37 129 123 355 107 100 122 263 369 200 2 11 287 329 155 60 157 225 151 187 127 242 296 147 249 59 131 66 69 364 78 47 283 52 140 351 142 6 74 38 205 71 168 297 96 257 253 166 29 163 16 391 430 270 159 203 89 92 137 22 40 204 207 340 70 389 50 5 322 125 42 82 141 313 416 145 79 148 128 126 83 103 401 44 76 116 27 248 357 144 33 62 109 111 88 25 63 55 41
11 11 406 257 37 16 140 129 119 130 66 408 391 153 249 405 296 96 2 155 29 287 52 78 385 40 100 158 113 147 89 168 329 60 92 127 71 207 69 187 10 131 157 6 225 283 76 186 122 322 205 107 137 364 141 163 144 33 166 270 103 44 123 355 159 351 297 430 253 74 38 204 151 5 242 142 62 70 340 59 389 50 125 203 42 416 82 313 145 148 128 83 47 22 79 126 27 357 109 116 401 111 25 63 248 55 41 88
15 15 260 323 379 112 56 19 416 370 125 395 388 445 302 374 284 303 362 50 116 313 83 25 204 70 111 203 69 283 131 205 166 128 109 6 401 163 430 357 248 63 340 389 159 88 42 147 55 41 82 145 148 27
16 16 11 257 37 363 140 275 129 119 130 66 391 153 388 476 249 385 447 296 96 2 155 95 29 287 52 49 78 40 100 158 113 147 89 168 329 60 92 127 71 207 69 187 10 131 157 6 225 283 76 186 122 322 205 107 137 364 141 163 144 33 166 270 103 44 123 355 159 351 297 430 253 74 38 204 151 5 242 142 62 70 340 59 389 50 125 203 42 416 82 313 145 148 128 83 47 22 79 126 27 357 109 116 401 111 25 63 248 55 41 88
19 19 260 323 379 112 15 56 125 382 416 413 415 229 410 258 402 400 279 397 417 201 50 116 313 83 25 204 70 111 203 69 283 131 205 166 128 109 6 401 163 430 357 248 63 340 389 159 88 42 147 55 41 82 145 148 27
22 22 142 228 69 107 283 157 205 392 166 477 234 151 289 242 388 153 59 246 158 198 436 340 316 196 389 159 71 42 78 37 168 83 119 6 125 5 140 29 416 129 123 323 355 127 296 10 155 137 287 249 89 351 66 2 187 74 130 38 113 391 92 186 96 52 322 11 60 100 364 147 163 50 204 70 40 122 329 116 313 131 270 225 203 25 207 297 253 76 111 257 103 44 141 16 144 33 109 47 401 62 63 248 79 126 88 82
25 25 204 125 70 416 323 109 163 50 281 63 116 392 313 83 6 260 2 429 111 203 69 131 283 205 159 78 187 166 379 128 66 112 430 15 401 364 56 19 157 357 119 130 155 248 153 29 340 96 389 147 137 60 88 122 42 140 168 37 142 249 296 329 82 11 55 41 129 145 148 207 40 92 52 127 322 391 351 113 107 257 158 100 27 38 287 47 297 89 141 5 253 270 22 71 10 186 103 44 225 151 242 16 59 123 355 74 62 79 126
27 27 148 131 451 480 466 475 430 479 477 289 234 155 318 176 147 320 198 6 50 122 316 446 134 203 315 96 436 82 313 145 128 129 187 125 357 127 111 416 60 270 47 153 401 323 364 113 159 248 66 55 249 41 287 158 163 103 88 116 44 119 29 40 140 329 37 11 52 2 297 253 257 78 62 100 186 204 168 130 89 70 69 10 283 157 83 351 25 296 322 391 207 71 107 38 205 225 123 355 260 166 141 74 137 92 16 79 126 151 242 142 109 59 340 5 389 63 76 42 112 15 144 33 22 19
29 29 296 322 391 6 89 71 140 488 40 208 37 257 179 76 350 11 96 66 444 445 159 144 107 33 249 78 163 153 131 69 92 2 157 52 283 113 119 168 129 151 242 205 204 130 70 60 100 59 166 207 158 142 16 103 329 137 430 44 155 287 187 141 186 225 127 5 62 364 125 340 147 389 50 122 297 203 22 416 253 42 323 109 82 313 123 355 145 351 148 128 83 74 38 47 25 63 10 27 270 357 116 401 111 248 79 126 55 41 88
33 33 391 76 144 257 29 40 296 322 11 6 89 140 96 66 37 71 153 249 16 2 78 159 168 129 119 52 130 107 60 92 69 207 113 283 155 163 103 100 44 158 131 205 287 329 141 147 166 157 127 151 242 137 62 122 10 225 70 59 297 253 5 186 430 142 351 123 47 340 355 389 74 38 270 42 83 109 82 22 145 148 79 126 27
37 37 296 113 11 69 100 283 205 329 29 122 476 166 225 186 119 130 391 187 157 10 257 6 153 16 340 322 140 389 60 364 159 2 89 129 47 131 42 78 66 142 71 40 249 83 96 155 168 52 287 125 158 76 163 416 297 92 430 107 203 351 253 127 323 147 22 38 137 144 33 50 204 5 207 70 313 151 242 123 355 74 82 270 141 103 44 59 145 148 401 128 79 248 126 111 27 116 357 62 88 109 25 63 55 41
38 38 351 187 364 153 95 329 49 119 8 138 203 121 127 39 287 155 74 118 60 137 51 123 355 130 66 107 158 401 129 100 248 297 2 253 88 116 157 151 225 242 131 37 11 270 147 168 10 249 59 113 6 111 96 125 207 52 142 186 416 71 69 47 296 323 140 283 78 163 430 141 257 79 126 205 29 40 5 391 166 22 70 16 89 50 122 159 92 82 313 103 83 44 322 145 148 128 340 389 27 42 62 25 76 109 144 33 41
40 40 257 96 391 29 66 423 214 488 11 140 6 296 392 370 322 168 405 103 89 44 153 76 131 431 60 207 37 71 2 144 33 62 249 155 141 157 119 130 159 52 163 16 92 430 297 129 253 147 107 113 69 187 5 287 283 100 122 158 204 78 329 50 127 70 205 203 364 82 166 313 270 351 145 151 148 242 128 186 225 74 10 38 47 142 59 27 79 125 357 126 123 355 137 111 416 340 401 389 109 42 248 25 83 22 55 63 41 88 116
41 41 128 357 111 55 131 252 116 281 430 125 428 431 334 416 155 323 147 6 50 122 203 96 82 313 145 148 129 187 27 127 60 270 47 153 401 364 113 83 159 248 25 66 260 69 249 283 287 158 163 103 88 44 119 29 40 140 329 205 11 37 52 2 297 78 253 391 166 62 257 100 186 168 89 130 70 10 379 351 296 322 207 71 38 112 225 15 123 340 355 389 56 137 19 141 42 74 92 16 79 126 76 109 144 33
42 42 69 283 205 166 157 340 389 159 78 37 142 444 83 6 125 416 107 323 296 22 168 137 249 5 2 153 113 92 151 52 242 140 11 29 158 100 59 163 66 71 50 204 70 119 130 122 329 116 313 89 131 391 96 225 10 186 129 25 60 322 260 203 287 155 187 127 111 40 257 147 123 16 355 47 351 430 207 364 109 38 74 297 128 253 63 141 76 379 401 103 44 112 248 15 144 82 56 33 270 19 145 148 88 62 27 41 79 126
44 44 62 96 103 140 40 131 66 444 445 257 391 89 430 6 29 249 168 155 11 71 153 78 60 92 52 207 147 2 50 122 129 203 296 157 82 322 141 313 145 187 148 128 127 119 158 107 287 130 159 163 76 137 297 27 253 364 125 357 47 37 69 270 111 16 5 283 416 144 113 33 401 323 329 205 100 248 151 242 70 10 166 55 351 41 59 142 88 116 74 38 225 79 186 126 123 355 83 340 25 389 42 22 109
47 47 60 122 297 253 113 329 131 155 187 37 79 126 95 430 66 160 100 186 364 119 6 127 147 203 96 270 296 10 50 225 82 313 168 145 148 128 153 130 129 69 207 27 283 351 125 2 357 401 111 38 159 416 205 157 323 248 141 163 11 287 29 166 249 140 40 103 44 158 88 116 55 391 52 41 257 204 5 62 89 70 107 78 340 83 389 322 71 42 142 25 92 74 16 151 242 59 76 123 355 137 109 22 144 33
50 50 313 125 416 323 131 430 155 116 83 147 6 25 122 204 111 203 260 70 96 82 145 148 128 69 283 129 187 27 357 205 127 60 270 47 153 401 166 364 379 113 159 248 66 109 112 37 15 55 157 249 56 41 78 19 287 158 163 103 88 44 119 63 29 40 140 329 340 11 52 389 2 297 253 391 42 100 62 257 142 186 107 168 130 89 10 351 296 137 322 207 71 38 225 123 355 151 242 5 22 141 74 92 16 59 79 126 76 144 33
52 52 249 78 140 129 137 92 155 287 158 11 2 429 147 153 89 447 446 263 96 71 69 283 119 29 131 205 6 66 107 60 37 130 166 127 391 270 296 257 40 16 123 163 10 355 157 322 430 187 151 242 103 340 44 168 389 329 59 159 297 100 351 122 253 204 42 364 186 74 38 142 50 207 70 113 62 203 83 76 313 82 47 225 145 125 141 148 128 5 416 144 33 27 22 357 111 79 401 126 109 25 116 248 63 55 41 88
55 357 55 128 286 293 111 264 252 255 214 41 275 131 236 213 116 219 36 476 202 385 430 125 416 155 323 147 6 50 122 203 96 82 313 145 148 129 187 27 127 60 270 47 401 153 364 204 113 83 159 248 70 66 25 260 249 69 287 158 163 103 283 88 44 29 40 140 329 37 11 52 205 2 297 253 296 62 257 166 100 351 186 38 89 10 109 322 207 112 225 15 63 340 389 19 141 42 74 16 79 126
56 56 379 260 323 112 15 382 19 413 415 229 410 125 402 400 279 416 397 417 201 295 362 50 116 313 83 25 204 70 111 203 69 283 131 205 166 128 109 401 163 248 63 340 389 88 42 41 82
59 59 481 107 157 151 242 153 158 142 388 71 249 69 283 119 217 22 168 205 140 123 355 127 10 29 5 129 166 155 287 351 74 38 187 89 11 296 6 52 130 340 322 391 66 186 389 96 159 364 147 42 78 60 92 37 2 131 257 113 83 270 40 329 125 416 122 100 163 323 16 203 297 137 430 253 207 76 50 103 44 70 47 225 144 33 141 313 62 116 82 401 145 148 248 79 126 27 25 109 88
60 60 297 253 329 155 432 187 47 79 126 66 364 122 427 127 205 325 204 323 309 270 422 367 131 100 168 113 153 129 207 203 6 351 96 2 38 225 430 147 119 37 130 141 11 287 40 186 249 157 158 10 50 257 52 296 401 163 5 391 29 82 140 313 78 248 145 159 148 128 107 125 69 103 44 111 88 283 116 27 416 357 70 89 74 16 322 62 71 166 92 151 123 242 355 137 142 76 59 55 41 25 83 144 33 340 109 389 42 22
62 62 44 96 103 140 40 131 364 66 358 427 257 391 89 430 6 29 249 168 155 11 71 153 78 60 92 52 207 147 2 50 122 129 203 296 157 82 322 141 313 145 187 148 128 127 119 158 107 287 130 159 163 76 137 297 27 253 125 357 47 37 69 270 111 16 5 283 416 144 113 33 401 329 205 100 248 151 242 70 10 166 55 351 41 59 142 88 116 74 38 225 79 186 126 123 355 83 340 25 389 42 22 109
63 204 63 487 70 465 206 370 209 231 459 109 395 416 163 25 373 447 125 374 302 369 284 169 303 188 430 6 323 2 371 305 372 57 50 66 78 159 116 313 83 119 69 130 283 153 29 260 131 205 203 111 168 166 137 96 140 157 391 11 249 37 207 296 322 40 92 52 128 379 89 141 340 257 100 389 401 112 15 42 357 147 56 248 71 10 113 19 142 122 82 88 225 5 186 145 148 76 74 103 16 44 55 41 27 144 33 22 62
66 66 168 153 60 207 6 96 2 467 488 141 449 11 208 40 457 157 179 297 155 253 257 119 163 130 5 391 29 140 78 131 159 187 329 127 287 103 44 204 296 249 351 364 37 70 89 74 38 16 47 69 122 158 322 100 52 71 62 129 283 430 79 92 126 123 355 270 137 107 147 113 205 76 10 166 225 186 50 125 144 203 33 109 151 416 242 82 142 313 323 145 148 128 59 25 63 340 389 27 42 357 116 401 111 83 22 248 55 41 88
69 69 283 205 338 486 166 440 226 247 157 437 340 389 159 467 42 78 37 142 488 208 83 179 482 6 125 36 350 416 107 323 296 22 168 137 249 5 2 153 113 92 151 52 242 140 11 29 158 100 59 163 66 71 50 204 70 119 130 122 329 116 313 89 131 391 96 225 10 186 129 25 60 322 260 203 287 155 187 127 111 40 257 147 123 16 355 47 351 430 207 364 109 38 74 297 128 253 63 141 76 379 401 103 44 112 248 15 144 82 56 33 270 19 145 148 88 62 27 41 79 126
70 70 204 109 163 25 63 125 416 6 323 2 482 478 352 344 349 442 171 452 50 66 78 159 116 313 83 119 69 130 283 153 29 260 131 205 203 111 168 166 137 96 187 140 157 11 60 249 37 207 296 322 391 430 40 364 155 92 52 257 379 89 141 340 129 100 127 389 401 329 112 107 15 158 42 147 56 248 71 10 113 19 142 122 297 253 287 82 88 225 5 351 186 145 148 128 74 38 103 16 44 151 47 242 76 27 123 270 59 355 22 62 144 33 79 126 41
71 71 140 29 107 89 275 157 151 242 296 322 391 249 153 213 59 96 158 6 149 92 78 52 176 202 241 198 142 11 279 37 257 40 66 129 69 283 168 119 2 155 76 205 22 137 131 159 166 123 355 103 144 44 127 33 10 147 5 130 163 287 16 113 351 60 207 187 74 62 38 100 329 186 430 340 389 204 42 270 364 141 70 125 225 83 416 50 122 297 203 253 82 313 145 148 128 47 27 116 109 401 111 25 63 248 79 126 55 41 88
74 74 153 127 287 351 38 187 155 119 123 355 130 66 107 158 364 334 129 2 427 157 151 329 242 11 168 10 59 249 147 270 60 207 100 52 142 6 96 203 71 131 140 37 78 69 186 141 163 283 257 40 5 225 29 391 205 296 297 113 22 253 16 166 122 204 89 430 70 401 92 159 137 248 322 125 103 44 416 340 50 88 116 389 47 42 76 82 62 111 313 79 145 148 128 126 83 109 144 33 27 25 63 41
76 76 391 144 257 33 29 450 40 296 474 322 11 6 89 140 96 66 37 71 153 249 16 2 78 159 168 129 119 52 130 107 60 92 69 207 113 283 155 163 103 100 44 158 131 205 287 329 141 147 166 157 127 151 242 137 62 122 10 225 70 59 297 253 5 186 430 142 351 123 47 340 355 389 74 38 270 42 83 109 82 22 145 148 79 126 27
78 78 137 249 2 92 52 69 140 283 179 205 166 444 341 430 163 129 157 119 11 6 130 66 89 96 340 153 389 159 29 204 71 42 37 142 70 155 287 107 83 158 391 147 131 168 125 257 100 416 60 322 127 207 16 323 10 329 296 22 151 242 187 5 113 103 44 59 225 109 141 122 186 25 364 50 40 270 123 355 62 63 351 297 76 313 253 203 74 38 144 33 82 116 145 148 128 111 27 401 47 79 248 126 88 41
79 79 60 297 253 329 155 187 47 432 449 126 120 66 459 364 122 127 431 334 270 434 131 100 168 113 153 129 207 203 6 351 96 2 38 225 430 147 119 37 130 141 11 287 40 186 249 157 158 10 50 257 52 296 401 163 5 391 29 82 140 313 78 248 145 159 148 128 107 125 69 103 44 111 88 283 116 27 416 357 70 89 74 16 205 322 62 71 166 92 151 123 242 355 137 142 76 59 55 41 25 83 144 33 340 109 389 42 22
82 82 131 430 155 412 147 6 50 122 203 96 313 145 148 128 334 129 187 27 125 357 127 111 416 60 270 47 401 323 364 113 159 248 66 153 287 55 249 41 158 163 103 88 116 44 29 40 119 140 329 37 11 52 2 297 253 257 78 62 100 186 204 351 168 89 70 69 10 38 130 283 83 25 296 322 391 207 71 107 205 225 157 260 166 123 355 141 137 92 16 79 126 151 74 242 109 59 340 5 389 63 76 379 42 142 112 15 144 56 33 19 22
83 83 125 416 323 283 69 205 166 50 157 116 313 340 405 389 159 25 219 204 42 78 260 37 142 70 446 111 203 6 131 107 296 187 22 168 137 163 379 128 249 109 112 5 2 15 364 401 430 153 113 56 19 92 151 52 357 242 155 122 248 63 140 11 29 158 100 59 147 96 66 71 88 60 119 130 329 55 82 89 41 391 127 225 10 145 186 129 351 148 38 322 40 47 287 27 297 270 257 253 123 16 355 207 103 44 74 141 76 62 144 33 79 126
85 237 85 162 449 482 476 434 478 352 349 344 442
88 88 203 187 401 364 248 116 131 329 111 125 429 476 416 351 323 38 366 160 430 368 292 155 153 60 147 6 50 122 96 82 313 145 148 128 100 297 129 83 27 253 204 357 47 25 127 70 260 270 287 119 69 37 225 283 113 159 130 66 205 55 249 41 158 163 103 44 296 166 29 40 140 74 157 11 52 2 107 123 78 79 355 126 379 109 62 257 186 112 168 15 89 10 56 142 340 63 19 389 322 207 71 151 42 242 92 59 137 141 5 16 22
89 89 140 29 249 296 322 391 71 96 6 92 52 78 11 37 303 257 40 66 107 2 76 129 153 131 137 159 157 69 283 158 155 103 144 44 33 151 242 205 168 163 16 147 113 287 59 166 60 62 142 119 130 207 100 430 127 187 329 204 70 141 186 5 10 340 364 225 50 389 122 123 355 203 125 22 270 297 42 253 82 416 351 313 145 148 128 74 38 83 47 27 357 109 116 401 111 25 63 248 79 126 55 41 88
91 91 328 405
92 92 78 140 249 137 52 2 89 96 71 69 283 11 388 29 205 129 302 263 6 166 66 153 119 130 296 391 107 37 155 163 40 158 157 322 287 147 103 340 44 257 389 159 16 168 204 42 131 151 142 242 70 127 100 60 62 207 83 10 59 329 113 125 76 187 141 270 416 123 186 355 5 225 430 122 323 22 144 33 364 351 297 50 74 38 253 109 203 25 313 47 63 82 145 148 128 116 111 27 401 79 126 248 88 41
96 96 103 44 140 40 131 66 62 388 257 391 89 263 430 6 29 249 168 155 11 71 153 78 60 92 52 207 147 2 50 122 129 203 296 157 82 322 141 313 145 187 148 128 127 119 158 107 287 130 159 163 76 137 297 27 253 364 125 357 47 37 69 270 111 16 5 283 416 144 113 33 401 323 329 204 205 100 248 151 242 70 10 166 55 351 41 59 142 88 116 74 38 225 79 186 126 123 355 83 340 25 389 42 22 109 63
100 100 329 225 37 113 187 119 130 360 364 60 432 449 296 122 392 172 153 186 11 213 2 10 36 415 431 334 297 253 158 351 69 47 283 155 38 66 203 205 131 6 78 29 166 257 391 16 129 127 140 96 157 249 163 287 168 79 40 147 126 430 52 89 74 340 401 322 389 207 159 270 137 71 142 92 204 42 248 123 355 70 107 50 116 141 83 88 76 5 313 82 111 125 145 148 128 103 416 44 144 22 33 151 242 27 357 59 62 109 25 63 55 41
103 103 96 454 44 140 40 131 66 62 350 257 391 89 222 430 6 29 249 168 155 11 71 153 78 60 92 52 207 147 2 50 122 129 203 296 157 82 322 141 313 145 187 148 128 127 119 158 107 287 130 159 163 76 137 297 27 253 364 125 357 47 37 69 270 111 16 5 283 416 144 113 33 401 323 329 204 205 100 248 151 242 70 10 166 55 351 41 59 142 88 116 74 38 225 79 186 126 123 355 83 340 25 389 42 22 109 63
104 104 353 469 451 480 475 479 477 289 318 246 320 198 446 279 316
107 107 157 151 242 153 59 158 293 252 142 71 214 392 69 213 283 119 22 219 168 36 149 205 140 123 355 127 10 29 5 129 166 155 287 351 249 74 38 187 89 11 296 6 52 130 340 322 391 66 186 389 96 159 364 147 42 78 60 92 37 2 131 257 113 83 270 40 329 125 416 122 100 163 323 16 203 297 137 430 253 207 76 50 103 44 70 47 225 144 33 141 313 62 116 82 401 145 148 248 79 126 27 25 109 88
108 108 0 228 469 480 423 466 475 479 477 234 289 318 36 476 176
109 109 204 70 163 25 63 125 432 416 6 323 2 476 50 66 78 159 116 313 83 119 69 130 283 153 29 260 131 205 203 111 168 166 137 96 187 140 157 11 60 249 37 207 296 322 391 430 40 364 155 92 52 257 379 89 141 340 158 129 100 127 389 401 329 112 15 42 107 147 56 248 71 10 113 19 142 122 297 253 287 82 88 225 5 351 186 145 148 128 74 38 103 16 44 47 151 76 242 27 123 270 355 22 59 62 144 33 79 126 41
110 110 244 408 405
111 111 116 128 357 125 203 416 323 459 131 55 41 187 430 447 49 401 132 364 50 8 268 248 313 88 155 83 147 25 6 122 204 260 70 329 96 82 145 148 69 351 283 60 38 129 27 153 205 127 159 47 163 270 166 379 113 37 109 66 112 15 287 2 56 119 297 19 157 249 78 253 158 103 100 44 63 29 40 140 296 340 11 52 389 130 42 62 257 107 142 186 225 168 89 10 137 92 322 207 71 123 355 74 79 126 5 22 141 16
112 112 260 323 379 15 412 56 19 125 416 410 258 402 400 279 397 243 201 484 295 436 417 411 285 268 205 398 418 50 116 313 83 25 204 70 111 203 69 283 131 166 128 109 6 401 163 430 357 248 63 340 389 159 88 42 147 55 41 82 145 148 27
113 113 122 37 186 100 119 329 10 225 296 60 47 158 187 131 429 130 263 262 11 364 69 283 155 297 253 153 205 430 29 2 6 166 203 147 391 127 107 157 50 96 123 351 355 257 38 16 82 340 313 322 140 389 79 145 159 89 148 128 270 126 129 125 71 163 40 42 78 66 142 287 416 249 401 151 242 27 323 111 357 83 204 248 59 168 52 116 70 76 88 74 92 103 22 44 137 55 41 144 33 5 207 62 109 141 25 63
116 116 111 125 203 416 323 187 469 128 466 475 401 364 479 477 248 289 234 357 50 318 476 176 88 246 320 313 198 446 316 83 292 436 131 25 204 260 55 41 70 329 69 351 283 38 430 205 155 60 166 379 153 147 109 112 6 163 15 122 56 19 157 96 82 159 63 145 148 37 340 2 100 389 297 253 42 129 78 66 27 142 127 270 287 47 130 225 11 168 113 107 296 249 29 140 52 103 22 44 40 137 74 79 92 71 126 89 151 242 207 5 62 322 59 141 16
119 119 10 130 158 95 49 153 186 2 138 8 121 38 113 4 39 11 100 20 137 118 129 51 1 329 123 355 37 107 66 155 187 225 122 78 127 249 163 364 287 60 157 351 6 257 52 151 74 131 242 147 16 140 296 168 59 204 47 29 96 391 70 69 142 71 283 207 92 40 270 297 205 253 430 203 159 141 166 5 322 89 22 125 50 109 416 82 76 103 313 44 340 145 401 148 389 128 25 63 42 79 248 126 111 144 116 33 27 62 83 88 55 41
122 122 47 113 60 131 236 37 186 219 329 430 297 149 253 100 202 241 119 155 262 292 188 204 235 254 147 10 6 50 203 296 225 96 82 313 158 145 148 128 66 153 11 79 130 129 126 187 27 125 357 69 127 111 283 2 416 270 401 323 364 205 159 248 287 168 166 78 257 40 55 249 41 163 103 88 116 44 391 107 29 140 207 123 355 52 157 351 16 38 83 62 340 141 389 89 70 42 151 137 242 142 25 322 74 5 71 59 76 92 144 22 33 109 63
123 123 355 153 158 433 233 119 449 127 107 10 129 155 287 482 351 74 350 476 38 187 444 445 157 151 242 130 66 186 364 59 147 249 11 142 52 2 113 270 71 140 131 329 69 168 78 283 122 60 37 205 207 257 100 203 22 6 5 29 96 391 166 430 89 16 296 92 141 163 40 225 137 297 50 253 322 340 401 389 82 70 313 42 145 248 148 128 159 76 83 103 111 44 88 116 27 144 33 47 62 79 126 109 41
124 178 124 302
125 125 416 323 465 386 50 116 313 83 206 370 231 459 25 204 260 395 70 111 203 373 430 69 302 169 369 374 284 283 303 362 131 249 450 205 187 166 379 128 109 112 15 401 163 364 56 19 157 6 357 248 63 159 155 340 389 2 88 42 147 78 37 142 122 55 41 96 82 60 153 329 145 148 66 168 296 129 351 107 27 113 38 22 137 127 140 11 270 100 47 119 29 52 158 130 5 297 287 253 92 151 242 40 71 257 103 89 44 225 10 59 186 207 322 62 141 16 74 79 126
126 126 60 297 253 425 329 155 438 187 47 451 480 423 214 466 408 79 475 477 66 364 122 479 234 289 127 318 320 176 270 198 246 385 446 131 100 168 113 153 129 207 203 6 351 96 2 38 225 430 147 119 37 130 141 11 287 40 186 249 157 158 10 50 257 52 296 401 163 5 391 29 82 140 313 78 248 145 159 148 128 107 125 69 103 44 111 88 283 116 27 416 357 70 89 74 16 205 322 62 71 166 92 151 123 242 355 137 142 76 59 55 41 25 83 144 33 340 109 389 42 22
127 127 155 153 270 60 350 352 129 287 351 171 158 74 38 356 131 187 348 237 175 474 357 297 346 253 119 123 355 130 4 66 107 329 147 394 372 364 11 249 430 2 6 52 10 157 151 242 96 203 47 140 168 59 78 50 122 79 126 207 37 100 82 142 257 186 313 145 148 69 128 71 163 283 391 113 16 29 141 296 401 27 89 205 125 159 92 40 5 225 111 416 248 137 166 204 323 22 103 44 70 88 116 322 55 41 62 340 389 76 83 42 25 144 33 109 63
128 128 357 111 55 41 131 116 432 430 125 428 416 431 334 155 323 147 6 50 122 203 96 82 313 145 148 129 187 27 127 60 270 47 153 401 364 113 83 159 248 25 66 260 69 249 283 287 158 163 103 88 44 119 29 40 140 329 205 11 37 52 2 297 78 253 391 166 62 257 100 186 168 89 130 70 10 379 351 296 322 207 71 38 112 225 15 123 340 355 389 56 137 19 141 42 74 92 16 79 126 76 109 144 33
129 129 155 287 158 147 249 153 52 11 488 208 131 119 127 395 270 140 60 78 444 10 123 355 107 430 257 37 96 187 16 2 157 351 92 297 130 253 66 6 186 74 151 38 71 122 364 242 391 29 137 89 329 50 203 59 82 69 296 313 47 142 145 283 148 128 40 100 205 113 125 27 163 322 168 159 357 166 416 103 111 44 323 79 401 207 126 225 22 76 5 204 248 62 70 55 141 41 144 340 88 33 116 389 42 83 25 109 63
130 130 119 463 153 2 458 11 100 363 10 281 329 275 310 37 158 120 66 187 225 78 234 127 113 388 186 163 155 364 287 60 351 6 257 129 74 38 16 249 140 296 168 204 96 52 123 355 391 137 70 29 107 69 122 283 207 131 92 40 157 297 205 253 159 147 141 203 166 270 47 151 242 71 322 89 142 59 430 5 125 109 76 416 103 44 340 389 323 25 63 42 79 401 50 126 144 33 22 62 248 116 82 83 313 145 148 128 111 88 27 41
131 131 486 430 155 147 467 6 50 122 203 96 488 82 313 145 120 208 148 128 479 457 179 482 129 187 27 36 350 476 125 357 127 111 416 60 270 47 401 323 364 113 159 248 66 153 287 55 249 41 158 163 103 88 116 44 29 40 119 140 329 37 11 52 2 297 253 257 78 62 100 186 204 351 168 89 70 69 10 38 130 283 83 25 296 322 391 207 71 107 205 225 157 260 166 123 355 141 137 92 16 79 126 151 74 242 109 59 340 5 389 63 76 379 42 142 112 15 144 56 33 19 22
136 210 136 206
137 137 78 249 2 92 52 69 140 283 318 205 95 119 49 349 166 341 439 237 8 105 138 409 121 38 4 163 129 157 11 6 130 66 89 96 340 153 389 159 29 204 71 42 37 142 70 155 287 107 83 158 391 147 131 168 125 257 100 416 60 322 127 207 16 323 10 329 296 22 151 242 187 5 113 103 44 59 225 109 430 141 122 186 25 364 50 40 270 123 355 62 63 351 297 76 313 253 203 74 144 33 82 116 145 148 128 111 27 401 47 79 248 126 88 41
140 140 249 89 96 92 52 71 78 11 29 129 391 444 296 137 2 40 107 322 66 6 153 103 44 257 155 158 37 16 157 69 131 287 147 283 119 130 62 151 242 205 163 59 168 159 76 166 142 127 60 207 430 10 100 144 33 187 113 204 329 122 270 123 70 355 141 5 340 186 389 364 22 50 225 203 42 351 297 125 74 38 253 82 313 145 47 148 83 128 416 27 357 109 116 25 401 111 63 248 79 126 55 41 88
141 141 66 168 153 60 207 6 96 2 423 11 40 157 429 297 155 385 253 257 119 163 130 5 391 29 140 78 131 159 187 329 127 287 103 44 204 296 249 351 364 37 70 89 74 38 16 47 69 122 158 322 100 52 71 62 129 283 430 79 92 126 123 355 270 137 107 147 113 205 76 10 166 225 186 50 125 144 203 33 109 151 416 242 82 142 313 323 145 148 128 59 25 63 340 389 27 42 357 116 401 111 83 22 248 55 41 88
142 142 22 283 69 107 157 205 214 166 151 242 213 153 59 318 158 241 246 262 292 216 340 222 315 389 316 254 221 159 71 42 78 37 168 83 119 6 125 5 140 29 416 129 123 323 355 127 296 10 155 137 287 249 89 351 66 2 187 74 130 38 113 391 92 186 96 52 322 11 60 100 364 147 163 50 204 70 40 122 329 116 313 131 270 225 203 25 207 297 253 76 111 257 103 44 141 16 144 33 109 47 401 62 63 248 79 126 88 82
144 144 391 76 257 33 29 40 302 296 322 11 368 6 89 140 96 66 37 71 153 249 16 2 78 159 168 129 119 52 130 107 60 92 69 207 113 283 155 163 103 100 44 158 131 205 287 329 141 147 166 157 127 151 242 137 62 122 10 225 70 59 297 253 5 186 430 142 351 123 47 340 355 389 74 38 270 42 83 109 82 22 145 148 79 126 27
145 430 145 131 412 155 382 413 147 6 50 122 203 229 415 96 82 258 402 313 148 128 129 187 27 125 357 127 111 416 60 270 47 153 401 323 364 113 159 248 66 55 249 41 287 158 163 103 88 116 44 119 29 40 140 329 37 11 52 2 297 253 257 78 62 100 186 204 168 130 89 70 69 10 283 157 83 351 25 296 322 391 207 71 107 38 205 225 123 355 260 166 141 74 137 92 16 79 126 151 242 142 109 59 340 5 389 63 76 42 112 15 144 33 22 19
147 147 129 131 155 287 430 158 249 153 52 11 6 50 122 368 203 127 270 96 60 82 313 145 148 140 128 119 78 187 27 125 357 10 123 355 66 107 47 111 416 37 257 401 323 2 364 297 113 253 159 351 16 248 391 329 186 38 157 89 92 71 55 130 74 41 296 69 163 103 151 88 40 116 242 100 44 283 137 29 168 59 205 142 62 207 166 204 225 70 83 79 126 25 322 141 76 5 260 22 340 389 144 33 42 109 63 112 15 19
148 148 27 131 430 432 155 459 147 213 6 50 122 203 334 96 385 82 313 145 128 129 187 125 357 127 111 416 60 270 47 153 401 323 364 113 159 248 66 55 249 41 287 158 163 103 88 116 44 119 29 40 140 329 37 11 52 2 297 253 257 78 62 100 186 204 168 130 89 70 69 10 283 157 83 351 25 296 322 391 207 71 107 38 205 225 123 355 260 166 141 74 137 92 16 79 126 151 242 142 109 59 340 5 389 63 76 42 112 15 144 33 22 19
151 151 107 157 242 153 59 158 149 142 262 71 288 69 240 199 283 119 238 22 168 259 205 140 123 355 127 10 29 5 129 166 155 287 351 249 74 38 187 89 11 296 6 52 130 340 322 391 66 186 389 96 159 364 147 42 78 60 92 37 2 131 257 113 83 270 40 329 125 416 122 100 163 323 16 203 297 137 430 253 207 76 50 103 44 70 47 225 144 33 141 313 62 116 82 401 145 148 248 79 126 27 25 109 88
153 153 127 287 38 351 236 74 213 187 155 219 149 241 119 123 355 130 283 134 66 107 158 262 364 222 216 129 188 235 204 277 199 2 240 212 251 398 157 151 329 242 11 168 10 59 249 147 270 60 207 100 52 142 6 96 203 71 131 140 37 78 69 186 141 163 257 40 5 225 29 391 205 296 297 113 22 253 16 166 122 89 430 70 401 92 159 137 248 322 125 103 44 416 340 50 88 116 389 47 42 76 82 62 111 313 79 145 148 128 126 83 109 144 33 27 25 63 41
155 155 127 270 60 153 129 131 219 149 202 297 253 292 221 147 204 347 329 287 430 158 240 249 238 187 47 52 11 66 119 6 351 50 122 203 364 79 38 126 96 82 74 123 355 313 107 145 148 140 128 130 2 100 78 27 125 357 10 168 157 111 257 416 37 151 242 401 323 113 159 207 71 391 225 40 16 248 59 186 89 92 69 55 142 41 296 283 163 103 88 116 44 141 137 29 205 5 166 62 70 22 25 322 76 83 340 389 144 33 42 109
157 157 168 283 5 69 107 205 149 241 242 166 222 151 221 254 188 204 142 153 59 158 240 66 199 238 340 389 194 278 159 71 42 78 37 22 83 119 6 125 140 96 29 60 416 207 155 129 123 323 355 127 296 10 137 287 40 249 89 141 351 2 187 74 130 38 113 391 92 186 52 322 297 253 11 100 364 147 163 50 70 103 44 122 329 270 116 313 131 225 47 203 25 62 76 111 79 257 126 16 144 33 109 401 63 248 88 82
158 158 290 119 10 153 129 123 355 107 149 186 283 202 241 155 239 157 262 151 242 287 200 222 147 249 254 235 59 127 204 130 240 288 52 113 142 11 71 187 140 351 131 2 74 38 69 100 60 122 66 168 270 364 329 78 22 205 96 166 6 29 5 225 89 430 257 37 391 92 16 47 297 296 253 159 163 40 137 50 340 207 203 389 322 42 82 313 125 145 148 128 70 141 416 103 44 83 27 76 357 79 116 126 62 401 111 144 33 248 55 25 41 109 88
159 159 182 6 361 69 283 264 360 161 205 180 166 172 179 157 36 163 176 29 430 134 131 340 66 389 2 222 169 171 42 358 341 78 170 37 142 308 296 204 175 70 83 125 322 391 96 416 107 140 168 155 323 89 153 40 22 60 137 207 5 11 119 130 147 257 71 50 113 122 249 203 158 151 242 187 129 109 82 141 25 313 92 52 145 148 128 127 59 329 100 63 111 364 116 76 297 10 27 287 253 357 47 103 44 270 186 144 33 401 225 16 260 248 62 55 351 41 88 74 38 79 126 123 355 112 15 19
162 162 237 85 360 172 209 134 169 427 170
163 163 204 6 2 70 66 78 159 109 119 130 25 63 153 125 29 131 416 323 69 168 283 137 96 140 11 60 205 249 207 157 296 322 391 37 430 166 40 155 92 52 257 89 187 141 100 127 329 158 129 287 83 147 71 10 116 50 122 113 297 364 203 253 340 389 82 111 225 5 351 313 142 42 145 186 148 107 128 74 38 103 16 44 260 47 76 27 123 270 357 355 62 144 33 401 151 242 22 248 79 126 59 55 379 41 88 112 15 56 19
166 166 69 283 205 157 299 159 430 170 325 340 389 175 42 78 37 142 168 296 335 327 184 83 326 183 223 6 28 125 333 287 60 98 1 182 165 416 107 323 22 137 249 5 2 153 113 92 151 52 242 140 11 29 158 100 59 163 66 71 50 204 70 119 130 122 329 116 313 89 131 391 96 225 10 186 129 25 322 260 203 155 187 127 111 40 257 147 123 16 355 47 351 207 364 109 38 74 297 128 253 63 141 76 379 401 103 44 112 248 15 144 82 56 33 270 19 145 148 88 62 27 41 79 126
168 168 157 5 66 153 166 60 207 253 325 323 6 309 96 69 2 422 107 283 227 327 141 205 11 40 297 155 151 242 257 158 119 142 163 130 391 59 29 140 78 131 71 159 187 329 127 340 287 389 103 44 204 42 296 249 351 364 37 70 89 74 38 16 22 47 125 122 83 322 100 52 10 62 129 430 79 92 416 126 123 355 270 137 147 113 76 186 225 50 144 203 33 109 82 313 145 148 128 25 63 116 111 27 401 248 41 88
178 178 124 171 175 167 173 184 441 118 98 1 182 159 73
186 186 119 10 113 250 158 472 161 473 255 122 408 37 365 100 457 179 413 414 405 130 153 36 350 364 431 334 176 329 366 434 478 400 352 262 435 279 225 373 263 296 216 299 369 377 60 374 442 356 341 349 47 129 123 187 355 131 155 2 107 287 11 69 157 127 283 147 297 253 205 151 242 249 430 351 29 6 38 166 59 142 52 203 71 163 74 391 270 50 96 257 16 82 340 313 322 140 125 389 168 79 145 159 204 89 148 128 126 22 40 42 416 78 70 66 401 27 357 5 83 111 248 76 88 116 92 103 44 137 55 41 25 144 33 109 207 62 63 141
187 187 489 364 462 419 239 329 365 351 414 457 203 38 366 362 290 153 160 60 367 464 308 461 401 248 331 100 88 116 297 230 253 131 155 225 127 119 111 130 125 113 37 287 66 416 323 74 47 430 158 2 11 79 126 123 355 129 107 10 296 147 186 270 6 50 122 168 157 96 82 69 313 78 207 145 283 148 128 151 242 140 257 29 391 205 249 59 83 27 40 357 142 141 25 16 166 70 260 52 89 5 71 159 92 137 322 55 41 340 163 103 22 44 389 42 76 109 62 112 144 15 33 19
203 203 187 401 364 248 88 116 382 131 416 413 414 329 111 415 229 388 125 410 258 402 400 351 279 369 397 417 323 201 38 295 411 268 243 484 430 205 285 418 155 153 60 147 6 50 122 96 82 313 145 148 128 100 297 129 83 27 253 204 357 47 25 127 70 260 270 287 119 69 37 225 283 113 159 130 66 55 249 41 158 163 103 44 296 166 29 40 140 74 157 11 52 2 107 123 78 79 355 126 379 109 62 257 186 112 168 15 89 10 56 142 340 63 19 389 322 207 71 151 42 242 92 59 137 141 5 16 22
204 204 63 236 70 292 368 188 240 199 109 297 163 278 242 25 157 125 245 155 153 416 276 122 156 43 60 158 6 323 241 2 143 17 149 90 218 61 154 50 66 78 159 116 313 83 119 69 130 283 29 260 131 205 203 111 168 166 137 96 140 11 249 37 207 296 322 391 430 40 92 52 128 257 379 89 141 340 100 389 401 129 112 15 42 357 147 56 248 71 10 113 127 19 142 287 82 88 225 5 186 145 148 74 103 16 44 270 47 55 41 27 22 62
205 205 424 69 283 166 417 268 157 398 411 340 389 224 159 164 42 78 37 142 396 146 332 270 83 272 261 60 415 382 203 410 6 125 260 402 243 397 412 484 258 56 413 23 112 19 400 139 418 416 107 323 296 22 168 137 249 5 2 153 113 92 151 52 242 140 11 29 158 100 59 163 66 71 50 204 70 119 130 122 329 116 313 89 131 391 96 225 10 186 129 25 322 287 155 187 127 111 40 257 147 123 16 355 47 351 430 207 364 109 38 74 297 128 253 63 141 76 379 401 103 44 248 15 144 82 33 145 148 88 62 27 41 79 126
207 207 66 180 168 153 60 6 96 2 141 258 11 40 344 157 430 416 297 155 325 253 308 257 309 119 163 130 5 391 29 140 78 131 159 187 329 127 287 103 44 204 296 249 351 364 37 70 89 74 38 16 47 69 122 158 322 100 52 71 62 129 283 79 92 126 123 355 270 137 107 147 113 205 76 10 166 225 186 50 125 144 203 33 109 151 242 82 142 313 323 145 148 128 59 25 63 340 389 27 42 357 116 401 111 83 22 248 55 41 88
210 210 136 150 211 220 190 226 247 265 286 290 48 228 250 293 233 239 252 264 255 214 281 275 206 208 209 231 236 213 234 289 219 36 149 229 202 241
225 225 100 329 37 113 187 432 364 209 119 130 60 344 299 377 296 122 49 153 186 11 422 323 418 2 10 421 297 253 158 351 69 47 283 155 38 66 203 205 131 6 78 29 166 257 391 16 129 127 140 96 157 249 163 287 168 79 40 147 126 430 52 89 74 340 401 322 389 207 159 270 137 71 142 92 204 42 248 123 355 70 107 50 116 141 83 88 76 5 313 82 111 125 145 148 128 103 416 44 144 22 33 151 242 27 357 59 62 109 25 63 55 41
237 237 85 443 162 434 349 452 442 448 105 357 346 379 102 355 87 354 352 353 127 28 24 137 351 347 478 298 291 453 70
242 242 107 250 255 157 151 275 236 153 59 158 213 36 142 262 71 216 222 292 221 254 188 235 204 387 240 212 69 283 199 119 22 168 259 194 205 140 123 355 127 10 29 5 129 166 155 287 351 249 74 38 187 89 11 296 6 52 130 340 322 391 66 186 389 96 159 364 147 42 78 60 92 37 2 131 257 113 83 270 40 329 125 416 122 100 163 323 16 203 297 137 430 253 207 76 50 103 44 70 47 225 144 33 141 313 62 116 82 401 145 148 248 79 126 27 25 109 88
244 244 110 392 362 439
248 248 203 187 401 364 88 116 131 176 329 111 125 416 188 351 170 323 38 309 422 347 430 155 153 60 147 6 50 122 96 82 313 145 148 128 100 297 129 83 27 253 204 357 47 25 127 70 260 270 287 119 69 37 225 283 113 159 130 66 205 55 249 41 158 163 103 44 296 166 29 40 140 74 157 11 52 2 107 123 78 79 355 126 379 109 62 257 186 112 168 15 89 10 56 142 340 63 19 389 322 207 71 151 42 242 92 59 137 141 5 16 22
249 249 52 78 140 303 129 89 137 92 155 287 158 11 2 59 147 153 35 125 96 71 69 283 119 29 131 205 6 66 107 60 37 130 166 127 391 270 296 257 40 16 123 163 10 355 157 322 430 187 151 242 103 340 44 168 389 329 159 297 100 351 122 253 204 42 364 186 74 38 142 50 207 70 113 62 203 83 76 313 82 47 225 145 141 148 128 5 416 144 33 27 22 357 111 79 401 126 109 25 116 248 63 55 41 88
253 253 60 297 329 155 187 325 47 79 126 270 66 227 364 122 168 259 321 153 313 326 280 127 296 337 181 223 131 100 113 129 207 203 6 351 96 2 38 225 430 147 119 37 130 141 11 287 40 186 249 157 158 10 50 257 52 401 163 5 391 29 82 140 78 248 145 159 148 128 107 125 69 103 44 111 88 283 116 27 416 357 70 89 74 16 205 322 62 71 166 92 151 123 242 355 137 142 76 59 55 41 25 83 144 33 340 109 389 42 22
257 257 391 11 40 76 29 96 179 66 144 33 445 296 37 16 6 140 442 284 322 153 129 89 119 130 168 2 71 249 131 60 155 207 103 44 78 287 52 100 157 158 113 147 329 141 159 163 107 187 127 62 122 92 430 69 10 297 225 283 253 364 186 204 137 5 205 70 151 242 351 123 270 355 50 74 166 38 203 59 142 82 125 313 145 148 128 416 47 27 79 340 357 126 389 109 42 22 401 111 116 25 248 63 83 55 41 88
260 260 323 379 112 15 56 412 19 125 413 416 229 410 258 402 400 279 377 364 397 201 243 484 417 411 418 205 398 285 268 50 116 313 83 25 204 70 111 203 69 283 131 166 128 109 6 401 163 430 357 248 63 340 389 159 88 42 147 55 41 82 145 148 27
270 270 155 127 60 153 382 129 413 131 253 415 410 402 258 400 297 279 397 295 417 201 418 147 285 205 268 308 398 411 243 484 329 288 287 430 158 195 224 249 396 187 47 52 11 66 119 6 351 50 122 203 364 79 38 126 96 82 74 123 355 313 107 145 148 140 128 130 2 100 78 27 125 357 10 168 157 111 257 416 37 151 242 401 323 113 159 207 71 391 225 40 16 248 59 186 89 92 69 55 142 41 296 283 163 103 88 116 44 141 137 29 5 166 62 70 22 25 322 76 83 340 389 144 33 42 109
274 278 274 172 428 431 320 434 299 132
278 278 274 424 241 262 283 221 417 254 235 204 288 212 240 238 331 259 232 317 194 383 321 157 271
283 283 69 205 166 222 254 157 240 340 142 389 278 159 83 232 42 78 153 245 37 158 143 424 71 17 6 125 241 61 21 150 55 216 416 107 323 296 22 168 137 249 210 5 2 113 92 151 52 242 140 11 29 100 59 163 66 50 204 70 119 130 122 329 116 313 89 131 391 96 225 10 186 129 25 60 322 260 203 287 155 187 127 111 40 257 147 123 16 355 47 351 430 207 364 109 38 74 297 128 253 63 141 76 379 401 103 44 112 248 15 144 82 56 33 270 19 145 148 88 62 27 41 79 126
287 287 153 129 155 172 127 209 158 147 428 249 431 334 351 119 52 74 38 299 187 11 123 355 188 427 107 130 66 170 325 323 422 309 421 166 319 131 364 60 2 270 140 78 157 329 151 242 10 96 59 6 168 430 257 71 37 203 100 297 16 142 29 253 207 69 92 186 283 122 163 40 391 137 89 50 141 205 225 5 47 113 159 82 296 313 145 148 128 322 22 204 103 125 401 44 70 416 27 248 111 79 357 126 62 340 88 116 389 76 42 55 41 144 83 33 25 109 63
296 296 37 29 209 428 322 391 431 334 113 6 89 299 166 11 69 100 140 283 170 325 71 422 323 309 421 257 297 26 40 253 205 426 327 335 326 215 329 227 122 225 159 66 186 76 157 119 153 130 96 249 2 187 10 60 144 107 33 52 16 340 92 389 163 364 142 47 129 42 131 78 155 168 158 83 151 207 242 287 204 125 127 147 70 59 351 416 5 22 103 38 44 141 203 430 137 123 355 62 74 270 50 25 109 82 313 79 401 126 145 148 128 248 63 111 116 27 88 41
297 297 60 253 329 155 368 309 187 47 204 421 79 126 66 364 327 122 335 330 326 225 280 184 127 287 296 223 333 270 98 324 131 100 168 113 153 129 207 203 6 351 96 2 38 430 147 119 37 130 141 11 40 186 249 157 158 10 50 257 52 401 163 5 391 29 82 140 313 78 248 145 159 148 128 107 125 69 103 44 111 88 283 116 27 416 357 70 89 74 16 205 322 62 71 166 92 151 123 242 355 137 142 76 59 55 41 25 83 144 33 340 109 389 42 22
313 313 50 125 416 323 131 430 253 155 116 331 39 20 185 83 147 6 25 122 204 111 203 260 70 96 82 145 148 128 69 283 129 187 27 357 205 127 60 270 47 153 401 166 364 379 113 159 248 66 109 112 37 15 55 157 249 56 41 78 19 287 158 163 103 88 44 119 63 29 40 140 329 340 11 52 389 2 297 391 42 100 62 257 142 186 107 168 130 89 10 351 296 137 322 207 71 38 225 123 355 151 242 5 22 141 74 92 16 59 79 126 76 144 33
322 322 29 296 391 6 89 71 140 402 400 40 295 37 257 285 268 308 411 76 398 11 96 195 66 159 144 107 33 249 78 163 153 131 69 92 2 157 52 283 113 119 168 129 151 242 205 204 130 70 60 100 59 166 207 158 142 16 103 329 137 430 44 155 287 187 141 186 225 127 5 62 364 125 340 147 389 50 122 297 203 22 416 253 42 323 109 82 313 123 355 145 351 148 128 83 74 38 47 25 63 10 27 270 357 116 401 111 248 79 126 55 41 88
323 323 420 260 125 416 379 422 421 112 15 215 50 56 327 335 19 326 116 390 280 313 83 168 223 333 296 25 485 204 225 287 273 60 162 70 191 174 72 111 203 69 283 131 205 187 166 128 109 401 163 364 430 157 6 357 248 63 159 155 340 389 2 88 42 147 78 37 142 122 55 41 96 82 329 145 148 66 129 351 107 27 113 249 38 22 137 127 270 100 47 52 130 5 92 151 242 103 44 59 207 62 141
328 328 91 460 470 211 220 338 463 420 406 456 468 471 190 226 247 265 286 440 461 454 361 290 228 424 433 462 464 437 465 233 239 252 264 419 472 161 386 467 469 473 180 255 451 363 214 281 423 466 408 275 310 365 475 120 172 206 208 392 209 236 459 457 213 234 405
329 329 187 364 461 464 60 419 365 100 414 297 253 366 351 225 362 203 368 38 160 367 155 153 489 37 113 462 122 119 130 239 47 13 79 126 66 127 401 296 11 2 248 186 10 131 270 158 88 116 287 129 69 168 283 6 96 111 29 74 125 78 205 257 207 147 430 391 249 416 140 163 166 323 16 123 157 355 107 52 141 159 204 40 89 50 71 70 322 5 142 137 82 92 340 313 389 145 83 148 151 128 242 42 103 44 59 76 27 357 144 22 62 33 25 109 55 63 41
340 340 69 283 205 166 157 457 389 159 42 78 445 37 142 83 341 6 125 105 192 416 107 323 296 22 168 137 249 5 2 153 113 92 151 52 242 140 11 29 158 100 59 163 66 71 50 204 70 119 130 122 329 116 313 89 131 391 96 225 10 186 129 25 60 322 260 203 287 155 187 127 111 40 257 147 123 16 355 47 351 430 207 364 109 38 74 297 128 253 63 141 76 379 401 103 44 112 248 15 144 82 56 33 270 19 145 148 88 62 27 41 79 126
351 351 38 187 364 153 472 473 329 449 459 482 203 219 350 127 478 434 287 377 442 356 303 349 155 74 60 285 346 237 448 357 380 347 348 119 123 355 130 66 107 158 401 129 100 248 297 2 253 88 116 157 151 225 242 131 37 11 270 147 168 10 249 59 113 6 111 96 125 207 52 142 186 416 71 69 47 296 323 140 283 78 163 430 141 257 79 126 205 29 40 5 391 166 22 70 16 89 50 122 159 92 82 313 103 137 83 44 322 145 148 128 340 389 27 42 62 25 76 109 144 33 41
353 353 104 453 478 434 352 377 442 452 349 171 356 448 348 347 237 357 175 346 394 379
355 355 123 153 158 350 119 478 352 344 349 442 452 171 127 107 10 356 129 155 448 347 348 357 237 175 287 346 351 394 74 38 343 256 378 354 187 157 151 242 130 66 186 364 59 147 249 11 142 52 2 113 270 71 140 131 329 69 168 78 283 122 60 37 205 207 257 100 203 22 6 5 29 96 391 166 430 89 16 296 92 141 163 40 225 137 297 50 253 322 340 401 389 82 70 313 42 145 248 148 128 159 76 83 103 111 44 88 116 27 144 33 47 62 79 126 109 41
357 357 433 55 449 128 478 442 111 356 348 347 237 346 394 379 41 131 378 343 355 116 354 127 353 351 152 298 443 349 24 430 125 416 155 323 147 6 50 122 203 96 82 313 145 148 129 187 27 270 47 401 153 364 60 204 113 83 159 66 248 70 25 260 249 69 287 158 163 103 283 88 44 40 29 140 37 329 11 52 2 205 296 297 257 62 253 166 100 186 89 10 109 207 322 112 225 15 63 340 389 19 141 74 42 16 79 126
364 364 187 461 462 464 239 365 414 329 366 290 368 351 160 362 367 203 38 419 489 153 60 225 98 401 248 260 139 100 186 218 62 363 0 85 88 116 297 253 131 155 127 119 111 130 125 113 37 287 66 416 323 74 47 430 158 2 11 79 126 123 355 129 107 10 296 147 270 6 50 122 168 157 96 82 69 313 78 207 145 283 148 128 151 242 140 257 29 391 205 249 59 83 27 40 357 142 141 25 16 166 70 52 89 5 71 159 92 137 322 55 41 340 163 103 22 44 389 42 76 109 144 33
379 379 56 260 323 112 15 348 237 19 346 357 381 378 125 416 353 50 116 313 83 25 204 70 111 203 69 283 131 205 166 128 109 401 163 248 63 340 389 88 42 41 82
389 389 69 283 205 166 408 157 340 159 42 78 37 142 385 263 83 368 439 6 125 8 217 277 416 107 323 296 22 168 137 249 5 2 153 113 92 151 52 242 140 11 29 158 100 59 163 66 71 50 204 70 119 130 122 329 116 313 89 131 391 96 225 10 186 129 25 60 322 260 203 287 155 187 127 111 40 257 147 123 16 355 47 351 430 207 364 109 38 74 297 128 253 63 141 76 379 401 103 44 112 248 15 144 82 56 33 270 19 145 148 88 62 27 41 79 126
391 391 76 144 257 33 29 428 40 296 322 11 26 381 6 89 140 96 66 37 71 153 249 16 2 78 159 168 129 119 52 130 107 60 92 207 113 69 155 163 283 103 100 44 157 158 131 287 329 205 141 147 127 122 151 242 137 166 62 204 10 225 70 59 142 297 5 253 186 430 351 123 355 340 74 38 389 270 42 22 83 109 82 47 145 148 79 126 25 27
401 401 203 187 364 248 88 116 415 131 400 397 329 111 125 418 268 411 416 351 398 323 38 224 195 430 155 153 60 147 6 50 122 96 82 313 145 148 128 100 297 129 83 27 253 204 357 47 25 127 70 260 270 287 119 69 37 225 283 113 159 130 66 205 55 249 41 158 163 103 44 296 166 29 40 140 74 157 11 52 2 107 123 78 79 355 126 379 109 62 257 186 112 168 15 89 10 56 142 340 63 19 389 322 207 71 151 42 242 92 59 137 141 5 16 22
416 416 125 323 169 430 50 57 116 313 83 304 375 13 25 203 204 173 260 65 300 330 70 3 111 81 301 63 97 15 69 374 207 342 487 283 35 31 386 131 370 218 205 187 166 379 128 109 112 401 163 364 56 19 157 6 357 248 159 155 340 389 2 88 42 147 78 37 142 122 55 41 96 153 82 60 329 145 148 66 168 296 129 351 107 27 113 249 38 22 137 127 140 11 270 100 47 119 29 52 158 130 5 297 253 92 151 242 40 71 287 257 103 89 44 225 10 59 186 322 62 74 141 16 79 126
430 430 145 131 374 416 288 166 304 375 185 173 65 155 300 125 81 111 301 159 147 165 6 50 291 122 207 203 63 487 35 78 31 386 96 54 82 313 148 128 129 187 27 357 127 60 270 47 153 401 323 364 113 248 66 55 249 41 287 158 163 103 88 116 44 119 29 40 140 329 37 11 52 2 297 253 257 62 100 186 204 168 130 89 70 69 10 283 157 83 351 25 296 322 391 71 107 38 205 225 123 355 260 141 74 137 92 16 79 126 151 242 142 109 59 340 5 389 76 42 112 15 144 33 22 19
