128 1410 544 1480 846 605 1500 571 636 1514 1799 516 128 802 644 759 514 585 1572 812 1452 737 1770 1457 1416 618 616 648 533 551 602 776 529 615 1666 1448 1622 1556 853 675 555 1421 630 696 818 1618 1629 1481 647 1398 811 1385 1522 558 432 772 655 531 694 491 840 499 527 589 1499 1594 657 560 526 612 1506 1425 1748 125 559 428 785 431 334 416 6 50 122 148 60 103 163 140 119 11 78 257 89 15 355 340 389 19 74 92 109
257 529 880 1445 1385 1398 811 585 785 257 555 630 696 560 526 1499 533 551 618 657 491 636 776 1421 589 1618 1594 648 1522 602 1500 571 675 1506 616 647 499 596 640 548 731 818 615 1666 1448 1622 612 1416 644 759 11 1514 1799 516 840 527 559 631 646 1556 853 558 802 772 655 531 694 179 1410 1572 144 737 1770 1457 514 693 552 33 445 1452 605 544 1480 846 442 284 6 140 89 119 60 103 78 163 122 92 5 74 355 50 148 128 125 340 389 22 109
389 558 772 655 531 694 648 1452 631 646 389 526 1506 785 596 640 548 731 657 602 491 1421 1618 589 1594 514 812 560 1398 811 675 1385 605 802 647 1499 499 559 408 555 630 696 529 1522 776 818 1480 612 618 1416 636 693 552 340 1500 571 585 880 1445 1629 1481 616 385 78 263 1556 853 1572 737 1770 1457 644 759 368 840 527 1410 439 1514 615 1666 1448 1622 1799 533 8 217 551 1425 1748 277 6 125 416 22 5 92 11 140 163 50 119 122 89 60 257 355 109 74 128 15 144 33 103 19 148
6 648 1398 811 555 630 696 491 1500 571 6 559 785 529 657 560 636 1514 1799 585 558 772 655 531 694 516 514 693 552 880 1445 802 1506 526 1499 644 533 1452 1410 759 551 1416 616 1421 1618 1572 737 1770 1457 631 646 1385 618 589 602 1594 605 1522 776 615 1666 1448 1622 596 640 548 731 544 1480 846 499 647 812 675 1556 853 163 840 612 527 818 385 169 1629 1481 89 78 60 140 257 50 122 125 119 109 416 11 148 128 340 389 92 5 103 144 33 22 74 355 15 19
5 657 646 555 630 696 596 640 548 731 558 772 655 531 694 631 5 560 648 1452 491 529 1522 647 585 1385 776 612 1499 615 1666 1448 1622 1398 811 616 526 533 1506 551 840 527 499 644 190 759 618 1416 785 636 675 433 818 880 1445 559 1500 571 441 233 602 1556 853 1421 1618 802 589 1594 514 812 693 552 1514 1799 516 482 605 1572 737 1770 1457 350 36 476 6 60 340 389 11 119 78 140 22 257 163 125 355 89 74 416 103 122 50 92 144 33 109 148
11 1385 526 1499 618 555 785 630 696 529 636 776 1421 589 1618 1594 491 602 11 880 585 1445 1398 811 675 560 657 1522 1506 647 499 616 644 759 818 612 533 551 1416 596 1500 648 640 548 731 571 558 772 655 531 694 840 615 1666 1448 1622 527 406 1556 853 631 646 1514 1799 1452 516 559 257 802 140 514 119 1410 408 693 552 1572 737 1770 1457 405 605 544 1480 846 385 78 89 60 92 6 122 163 144 33 355 103 74 5 340 389 50 125 148 128 22 416 109
140 560 1421 1618 585 1385 1506 1398 811 529 533 551 785 618 140 491 596 640 548 731 636 776 555 630 696 880 1445 526 1499 647 648 631 646 1522 644 616 759 1500 571 657 612 558 772 655 531 694 499 589 675 1594 602 1514 1799 89 516 1416 1452 615 1666 1448 1622 818 840 559 527 92 802 78 11 514 1410 1556 853 693 552 1572 737 1770 1457 605 544 1480 846 444 6 103 257 119 60 163 144 33 355 122 5 340 22 50 389 74 125 148 128 416 109
15 1629 1481 812 1425 1748 15 514 1452 605 802 1480 559 19 693 370 552 1572 737 1770 1457 416 395 125 1410 558 772 655 531 694 388 445 1500 571 302 374 284 303 362 544 846 648 50 128 109 163 340 389
144 880 1445 1398 811 529 144 785 560 1385 585 526 555 630 696 648 533 551 657 491 1499 33 1421 1618 602 618 257 589 596 1594 640 548 731 636 1506 1500 571 1522 675 616 776 499 647 558 631 646 772 655 531 694 1416 644 818 759 612 1514 1799 615 1666 1448 1622 302 559 516 368 450 11 89 6 140 78 119 60 103 163 92 122 5 50 355 74 340 389 148 22 109
19 1629 1481 812 1425 1748 19 514 1452 605 802 1480 559 15 693 552 1572 737 1770 1457 382 125 1410 558 772 655 531 694 413 416 415 229 410 1500 571 258 402 400 279 544 846 397 417 648 201 50 128 109 163 340 389
148 516 1500 571 636 1514 1799 802 1410 148 644 759 585 1572 737 1770 1457 1416 618 544 1480 846 605 616 648 533 551 602 776 529 615 1666 1448 1622 1556 853 675 555 1421 630 696 818 1618 514 647 1398 1452 811 1385 1522 812 491 840 499 527 526 589 1594 1499 657 560 612 559 1506 785 432 459 880 1445 213 596 640 548 731 558 646 772 655 531 694 6 50 122 693 334 552 385 128 60 125 416 103 163 140 119 11 257 78 89 355 74 92 109 5 340 144 389 33
22 631 596 640 548 731 558 772 655 531 694 646 22 648 1452 560 647 526 1522 657 612 1506 776 499 785 1398 811 616 675 228 618 840 527 602 1499 491 1421 1618 589 1594 514 812 529 636 555 630 696 644 759 392 1385 477 605 234 289 802 585 1500 388 571 559 880 1445 1556 853 246 198 818 1480 436 316 533 196 551 340 389 78 119 6 125 5 140 416 355 89 74 92 11 163 50 257 122 103 144 33 109
416 416 514 812 1452 605 802 1480 559 1629 1481 693 552 1572 737 1770 1457 1425 1748 125 1410 558 772 655 531 694 1500 571 648 544 846 1556 853 631 646 636 1514 1799 491 169 516 430 526 57 1506 50 304 375 644 13 759 818 840 527 173 585 65 785 602 1416 300 330 657 3 596 589 640 548 731 1594 618 81 301 97 1499 1421 616 1618 15 776 374 207 63 342 487 35 533 551 31 1385 386 555 630 696 203 675 1522 370 615 1666 1448 1622 128 109 163 19 340 389 78 6 122 60 148 22 11 140 5 92 103 74
33 880 1445 1398 811 529 33 785 560 1385 585 526 555 630 696 648 533 551 657 144 491 1499 1421 1618 602 618 257 589 596 1594 640 548 731 636 1506 1500 571 1522 675 616 776 499 647 558 631 646 772 655 531 694 1416 644 818 759 612 1514 1799 615 1666 1448 1622 559 516 11 89 6 140 78 119 60 103 163 92 122 5 50 355 74 340 389 148 22 109
163 491 559 514 693 552 648 1499 1506 555 630 696 163 1398 811 657 529 1500 571 1452 785 585 1385 1522 558 1421 1618 772 655 531 694 812 589 1594 526 560 776 636 1514 1799 605 616 516 6 499 533 675 551 618 602 880 1445 615 1666 1448 1622 1416 818 647 802 644 759 840 612 631 646 1410 527 596 640 548 731 1556 1572 853 737 1770 1457 1629 1481 544 1480 846 78 109 119 1425 1748 125 416 11 140 60 92 257 89 50 122 340 5 389 74 148 103 128 355 144 33 22 15 19
50 802 1500 571 514 812 1452 605 50 636 1514 1799 516 1480 1572 737 1770 1457 1410 559 644 759 1629 585 1481 1416 648 618 544 846 693 552 616 1425 533 1748 551 125 602 416 558 772 655 531 694 1556 853 776 529 615 1666 1448 1622 818 491 1421 1618 675 555 630 696 840 526 647 527 785 1385 1398 811 1522 631 646 1499 499 589 1594 657 560 612 596 640 548 731 1506 880 1445 6 122 148 128 60 163 109 15 103 19 119 11 140 340 389 257 78 89 355 92 5 74 22 144 33
178 178 124 171 175 167 173 184 441 118 98 1 182 159 73
60 615 1666 1448 1622 1416 818 644 759 60 555 616 630 696 1556 853 589 1594 602 657 840 527 618 675 776 1499 636 491 529 1522 585 1500 571 1385 526 1572 737 1770 1457 533 551 785 648 612 646 1514 1799 647 1421 432 1618 516 1398 811 605 560 1506 802 596 1410 640 548 731 880 1445 122 559 558 772 655 531 694 499 514 427 205 631 204 325 1452 323 309 544 1480 422 846 367 6 119 11 257 140 163 78 5 74 355 103 50 89 148 125 128 92 340 144 33 389 109 22
74 1522 776 616 840 612 527 1499 74 647 596 640 548 731 644 759 555 630 696 618 1556 853 491 499 1385 657 818 675 631 646 560 636 589 1594 529 585 1421 1618 526 1500 571 1506 1572 737 1770 1457 785 602 1398 615 1666 1448 1622 811 558 772 655 531 694 533 551 648 1514 1799 516 880 559 1445 1416 605 1452 802 1480 334 119 355 1410 514 693 552 427 11 60 6 140 78 257 163 5 22 122 89 92 125 50 103 416 340 389 148 128 144 33 109
78 1506 491 1421 1618 558 772 655 531 694 78 1499 648 1452 618 560 1385 631 646 555 776 630 696 585 636 559 1398 811 526 647 589 1594 657 596 514 640 548 731 529 499 533 551 1522 675 693 616 552 644 759 785 612 602 1500 571 880 1445 818 92 802 1514 1799 140 812 840 527 179 615 1666 1448 1622 516 605 1556 853 444 1572 1480 737 1770 1457 1410 1416 341 163 119 6 11 340 89 389 125 257 416 60 22 5 103 109 122 50 355 74 144 33 148 128
340 558 772 655 531 694 648 1452 631 646 340 526 1506 785 596 640 548 731 657 602 491 1421 1618 589 1594 514 812 560 1398 811 675 1385 605 802 647 1499 499 559 555 630 696 529 1522 457 776 818 1480 612 618 1416 636 693 552 1500 389 571 585 445 880 1445 1629 1481 616 78 1556 853 1572 737 1770 1457 644 759 341 840 527 1410 105 1514 615 1666 1448 1622 1799 533 551 1425 1748 192 6 125 416 22 5 92 11 140 163 50 119 122 89 60 257 355 109 74 128 15 144 33 103 19 148
89 1398 811 560 785 529 1421 1618 89 880 1445 585 1385 1506 526 648 533 551 596 640 548 731 555 630 696 491 618 636 657 602 647 631 646 776 140 1500 571 589 1594 1499 558 772 655 531 694 1522 675 616 612 644 759 499 1514 1416 1799 1452 818 516 559 615 1666 1448 1622 802 840 527 1410 1556 853 6 514 693 552 92 1572 737 1770 1457 78 605 11 303 257 544 1480 846 249 144 33 103 163 60 119 122 5 355 340 389 22 50 125 74 416 148 128 109
92 1506 1421 1618 560 491 585 92 1385 618 1398 811 558 772 655 531 694 529 1499 533 551 785 776 636 555 630 696 596 648 1452 640 548 731 526 78 647 631 646 140 657 880 1445 644 589 759 1594 616 499 1522 559 612 675 602 1500 571 514 818 693 552 1416 840 527 1514 1799 89 615 1666 1448 1622 802 516 388 1556 853 11 812 605 1480 302 263 1410 1572 6 119 163 103 340 257 389 60 125 355 416 5 122 22 144 33 50 74 109 148 128
355 612 647 1522 355 499 776 616 596 640 548 731 618 840 675 527 1499 636 644 759 631 646 560 555 630 696 602 1385 1421 1556 1618 853 491 818 657 589 1594 1500 571 615 1666 1448 1622 1506 350 529 558 526 772 655 531 694 785 1398 811 478 648 585 352 1572 737 1770 1457 119 344 349 442 1514 452 1799 1416 171 356 516 1452 448 347 348 357 880 237 1445 175 533 551 346 802 394 343 256 378 1410 354 74 11 60 140 78 122 22 5 6 257 89 163 92 50 340 389 148 128 103 144 33
103 585 533 551 529 555 630 696 103 1500 571 657 560 1398 811 636 1514 1799 1421 1618 516 1385 491 785 880 802 1445 1506 648 618 644 759 1416 1410 776 616 1499 1522 454 1572 737 1770 1457 615 1666 1448 1622 646 544 1480 846 605 647 602 596 640 548 731 526 589 1594 499 1556 853 559 840 612 527 514 818 140 558 772 655 531 694 1452 631 675 350 693 552 812 6 222 257 11 89 60 78 92 50 122 148 128 163 119 5 125 144 33 416 74 355 340 389 109 22
108 1369 108 228 469 480 423 466 475 479 477 234 289 318 36 476 176
109 559 514 693 552 491 109 812 1452 648 605 802 1499 1506 1480 555 630 696 1398 811 1629 1481 558 772 655 531 694 657 529 1572 1500 737 1770 1457 571 163 785 585 1425 1748 432 1385 1522 1421 526 125 1618 589 1594 560 416 636 1514 1799 616 631 646 476 516 618 6 499 675 602 533 551 776 840 527 1556 853 880 612 1445 615 1666 1448 1622 1416 818 647 644 596 759 640 548 731 50 78 119 11 140 60 92 257 340 89 389 15 19 5 122 74 148 103 128 355 22 144 33
119 499 1499 675 119 647 602 491 589 1594 612 1385 1522 526 776 618 596 818 640 548 731 616 785 555 630 696 1506 1416 636 840 527 1421 1618 644 759 560 1556 853 657 529 631 646 1398 811 648 559 558 615 1666 1448 1622 1500 772 655 531 694 571 585 95 49 514 693 552 1452 1514 1799 880 1445 533 551 138 8 1572 737 1770 1457 516 121 4 38 802 39 20 11 1410 1480 605 118 137 51 1 355 122 78 60 163 6 257 74 140 92 5 340 89 125 389 22 50 416 109 103 148 128 144 33
122 1416 602 675 1500 571 615 1666 1448 1622 589 1594 526 122 636 1514 1799 499 818 516 802 785 1410 644 759 585 1572 737 1770 1457 1556 853 1499 647 618 648 544 1480 846 555 630 696 605 616 529 776 533 551 491 1385 1398 811 840 527 612 657 60 558 1452 772 655 531 694 1522 1421 1618 560 596 640 548 731 514 236 812 880 1445 219 149 631 646 559 202 241 119 262 292 188 204 235 254 1506 6 50 148 128 11 125 416 140 257 103 163 355 89 340 389 78 74 5 92 144 33 22 109
124 178 124 302 167
125 514 812 1452 605 802 1480 559 1629 1481 125 693 552 1572 737 1770 1457 1425 1748 1410 558 772 655 531 694 416 1500 571 648 544 846 1556 853 631 646 636 1514 1799 491 516 465 526 1506 386 50 644 759 818 840 527 585 206 370 231 785 459 602 1416 657 395 596 589 640 548 731 1594 1499 618 1421 616 1618 533 555 1522 551 630 696 373 675 302 169 615 1666 1448 1622 369 374 284 1398 811 560 303 362 529 499 647 776 1385 430 450 249 128 109 15 163 19 340 389 78 6 122 60 148 22 119 140 5 11 92 89 103 74
