0 0 108 48 310 120 36 476 445 228 366 160 134
2 2 78 163 119 130 281 66 137 153 6 249 204 70 427 11 168 92 52 60 140 207 69 100 96 159 283 37 329 205 141 155 157 10 127 287 187 29 40 257 109 158 166 129 131 225 391 296 297 351 89 253 25 113 74 16 125 364 71 38 63 186 5 122 147 416 123 340 107 389 323 322 142 355 103 42 44 430 270 83 47 79 50 126 76 203 151 242 62 82 59 145 148 22 128 144 116 33 313 111 27 41
5 5 157 168 190 433 441 233 66 69 107 283 482 350 36 476 205 153 166 151 242 142 60 59 207 158 6 2 96 159 340 78 389 37 141 71 42 11 40 119 83 140 29 155 22 297 127 253 287 130 296 257 163 391 249 123 351 125 131 187 137 74 129 52 355 329 92 38 89 416 10 103 100 44 113 322 364 122 16 47 147 70 79 186 126 50 270 62 225 76 313 25 144 33 82 109
6 6 159 163 29 131 66 2 385 166 204 70 169 69 296 322 391 96 283 168 155 430 89 153 205 60 40 207 78 147 140 71 50 122 157 203 37 257 82 141 130 125 11 145 148 128 119 313 109 187 127 249 416 340 129 389 323 297 76 52 253 25 142 42 92 47 103 113 27 44 137 107 270 287 100 364 111 63 144 357 401 158 5 33 83 329 248 351 55 62 41 88 10 74 116 225 16 151 242 22 38 79 186 59 126 123 355
10 10 119 158 186 113 130 153 263 129 369 123 200 107 355 37 100 122 2 287 11 155 157 151 242 329 127 147 225 59 296 249 60 187 52 66 131 142 69 78 140 351 283 71 47 74 364 205 6 38 257 168 96 16 166 163 297 29 270 253 391 22 89 159 92 430 203 137 40 207 5 340 389 50 70 42 322 141 82 145 148 83 313 79 126 103 44 76 27 144 33
11 11 406 16 257 37 119 140 129 130 408 66 249 391 153 405 296 2 96 155 385 287 52 100 40 158 29 78 147 113 168 89 329 60 92 207 71 69 6 127 283 131 225 10 76 157 187 122 186 205 141 322 107 163 137 166 144 33 270 103 123 44 364 297 159 351 253 355 74 38 142 151 430 242 5 340 204 203 389 70 62 59 42 50 82 83 47 145 148 128 79 313 126 22 401 27 109 248 25 88 41
15 15 260 323 379 112 19 370 56 395 388 416 420 445 302 374 284 303 362 125 50 116 83 313 25 70 111 203 109
16 16 11 363 275 257 37 140 388 476 129 130 385 66 447 119 95 49 391 153 249 296 2 96 155 287 52 100 40 158 29 78 147 113 168 89 329 60 92 207 71 69 6 127 283 131 225 10 76 157 187 122 186 205 141 322 107 163 137 166 144 33 270 103 123 44 364 297 159 351 253 355 74 38 142 151 430 242 5 340 203 389 70 62 59 42 50 82 83 47 145 148 128 79 313 126 22 27 109
19 19 260 323 112 379 15 56 382 413 420 415 229 410 258 402 400 279 125 268 411 397 418 417 295 243 285 484 201 205 416 50 116 83 313 25 70 111 203 109
22 22 142 228 283 392 69 107 477 234 289 388 157 205 246 198 166 436 316 196 151 242 153 59 158 340 389 159 71 42 78 37 83 168 119 5 6 140 125 29 123 127 129 296 416 10 137 355 323 287 155 351 2 249 66 74 130 113 89 92 52 38 11 186 322 100 96 147 163 50 40 116 225 270 207 25 16 141
25 25 204 125 416 70 323 109 281 392 50 163 116 83 429 63 313 6 2 260 111 203 131 69 283 205 159 78 187 166 66 128 112 379 401 15 157 56 430 364 19 155 248 130 119 29 340 96 147 389 88 122 357 42 137 37 142 82 168 296 145 148 11 140 55 41 129 207 40 92 52 322 27 141 89 71 270 5 22 47 103 16
27 27 148 451 480 131 466 475 479 477 289 234 318 176 320 198 316 446 134 315 436 430 155 147 6 50 122 203 96 82 145 128 313 187 129 125 127 111 270 60 357 401 47 416 159 364 113 323 248 66 153 55 41 103 88 163 116 44 140 29 40 287 158 249 329 11 2 52 297 253 37 70 296 257 168 62 351 186 100 89 130 207 322 71 10 83 25 141 225 79 126 16 74 109
29 29 322 296 391 89 6 71 488 40 140 208 179 257 37 350 76 444 445 66 96 159 11 144 33 107 163 131 153 249 2 78 157 92 52 69 283 168 113 151 242 129 60 119 205 130 204 207 70 59 158 100 142 166 103 44 16 155 329 430 141 287 187 137 127 147 186 50 122 225 203 5 340 297 62 253 389 82 125 364 22 42 145 148 128 313 123 109 351 74 355 47 83 38 25 10 270 27 63 401 248 79 126 41 88
33 33 391 76 144 257 29 450 40 296 322 11 6 89 140 71 66 96 37 153 16 159 2 249 168 129 131 130 107 119 52 78 163 207 92 113 103 100 44 158 287 147 141 151 242 122 59 62 225 137 5 74 82
37 37 296 113 283 11 69 100 205 476 329 166 122 225 29 186 130 119 157 391 257 187 340 16 153 389 140 10 159 6 129 42 2 78 60 66 322 89 142 364 47 131 83 40 71 249 155 96 52 168 287 158 125 92 107 147 163 297 76 416 127 253 137 22 351 203 323 430 207 38 144 50 33 5 151 70 242 141 123 74 313 270 82 59 355 103 44 145 148 128 401 79 126 248 116 111 27 62 25 88 109 41
38 38 351 187 364 153 95 49 8 138 119 121 489 39 329 462 118 137 51 203 127 287 74 60 155 123 130 66 107 355 158 401 100 129 248 2 88 116 157 297 151 242 253 11 168 131 225 59 37 10 6 147 270 96 207 113 142 249 71 111 122 125 78 52 141 140 186 47 163 40 257 79 126 296 5 128 22 16 92 82 103
40 40 257 96 29 391 66 423 214 488 392 370 6 11 140 296 322 405 168 431 89 153 103 44 60 131 207 76 2 71 37 144 33 141 155 62 249 130 159 119 163 52 157 16 92 297 253 129 430 147 107 287 122 187 5 113 69 78 329 158 100 127 50 203 283 204 70 82 205 351 145 148 364 128 74 270 313 151 242 47 166 38 125 225 79 59 142 126 186 123 10 416 27 355 137 357 401 111 340 389 248 116 109 42 55 41 88 22 25 83 63
41 41 128 357 111 252 55 281 131 428 116 431 334 430 155 125 147 6 416 50 122 203 323 96 82 145 148 313 187 129 27 127 270 401 47 60 159 364 113 66 248 83 103 88 163 25 44 140 40 29 70 287 249 52 62 186 89 207 322 109 141
42 42 283 69 205 166 340 389 157 444 159 78 37 142 83 6 125 107 296 416 137 22 323 168 2 249 5 113 92 52 153 151 242 11 100 140 158 59 29 163 66 71 50 130 329 122 119 116 204 225 70 129 186 131 89 313 25 10 96 322 287 257 40 16 127 147 111 123 207 355 47 74 109 141 103 82
44 44 62 96 103 444 445 140 40 131 66 257 89 6 168 29 391 155 11 430 249 153 71 60 92 52 207 78 147 2 50 122 203 129 82 141 296 145 148 128 322 313 127 187 130 157 159 163 297 119 287 107 253 158 37 47 76 27 125 137 270 16 329 111 357 401 5 113 144 33 248 351 100 151 242 55 41 88 74 116 123 59 355 79 126
47 47 60 122 297 253 329 113 155 131 95 160 187 79 126 37 66 100 186 430 364 6 127 147 96 270 203 119 50 296 225 168 82 10 145 148 153 128 313 129 207 130 2 351 69 125 27 401 283 141 159 111 11 357 38 163 40 248 416 287 205 29 140 157 103 44 78 158 166 249 88 116 257 55 52 41 5 89 62 322 340 83 71 389 92 74 42 123 16 137
50 50 313 416 125 323 131 430 155 116 83 147 6 122 25 203 96 111 82 145 148 260 128 204 70 69 187 129 283 27 127 270 60 205 357 401 47 159 364 113 153 248 166 66 55 41 109 103 88 163 37 44 112 379 140 15 29 40 157 287 158 78 249 56 329 19 11 2 52 297 340 253 389 119 63 42 257 100 168 62 186 142 89 130 296 351 207 322 71 10 137 225 141 123 92 79 5 126 74 22 16
52 52 249 78 140 129 137 92 155 429 287 158 11 447 2 147 446 263 89 153 96 71 69 283 119 205 131 29 66 107 37 166 6 130 60 127 270 257 391 296 16 40 157 10 163 123 355 322 340 103 151 242 44 389 159 168 187 430 42 329 59 297 100 253 142 122 351 207 186 74 113 83 204 50 70 203 125 364 38 62 82 141 76 416 47 145 148 128 225 313 5 144 33 22 27 79 126 401 109 248 25 41 88
55 357 55 128 286 293 264 252 433 255 111 214 275 236 449 213 41 131 219 36 476 202 385 116 430 155 125 147 6 416 50 122 203 323 96 82 145 148 313 187 129 60 27 127 270 401 47 66 159 113 248 83 103 88 163 25 44 287 40 62 207 141
56 56 379 260 323 112 15 382 413 415 229 19 410 402 400 279 420 397 417 201 295 268 411 418 285 362 205 243 125 416 50 116 83 313 25 70 111 109
59 59 481 107 151 242 157 153 388 158 142 71 249 217 69 283 22 119 123 140 127 205 168 10 29 129 5 355 287 166 351 155 74 38 187 89 11 130 296 66 6 52 340 322 391 389 159 96 186 147 42 78 364 37 2 92 60 83 257 131 40 113 270 329 100 163 207 16 122 137 76 103 141 44 225 144 33 82
60 60 297 253 329 155 432 47 187 79 126 66 427 122 205 364 325 204 323 309 489 127 422 367 270 131 168 100 153 129 113 207 6 2 96 203 351 225 141 147 11 37 130 38 40 119 287 430 158 249 257 186 50 52 163 157 296 29 140 5 401 391 82 10 78 159 145 148 128 248 313 103 44 69 107 74 88 116 16 111 89 70 27 322 123 357 71 92 62 355 137 151 242 76 55 59 41 144 33 109
62 62 44 96 364 358 427 103 140 40 131 66 257 89 6 168 29 391 155 11 430 249 153 71 60 92 52 207 78 147 2 50 122 203 129 82 141 145 148 128 296 322 313 127 37 130 159 163 297 287 107 253 47 76 27 137 270 16 113 401 5 111 144 33 248 55 41 88 74 79 126
63 204 63 487 465 70 206 370 209 231 459 395 236 373 447 302 374 416 369 284 169 303 188 109 430 57 163 25 125 6 2 323 66 50 78 159 116 83 131 130 313 29 111 137 207 322 141 82
66 66 168 207 153 60 6 2 467 96 488 141 449 11 208 457 40 179 297 253 155 257 157 130 163 119 29 140 5 391 78 131 159 329 127 187 287 103 44 351 37 296 74 16 89 47 249 204 70 38 364 129 158 322 79 71 52 100 122 126 123 69 107 92 62 283 147 355 137 270 430 113 205 76 10 166 50 225 203 151 242 144 82 33 186 142 145 125 148 128 109 313 59 416 340 25 389 42 27 63 116 401 111 83 22 248 55 41 88
69 69 283 205 166 338 486 440 226 247 157 340 437 389 42 467 159 78 488 37 142 208 83 179 482 424 36 350 445 444 6 125 107 296 416 137 22 323 168 2 249 5 113 92 52 153 151 242 11 100 140 158 59 29 163 66 71 50 130 329 122 119 116 204 225 70 129 186 131 89 187 313 391 96 60 25 10 322 287 155 257 127 260 203 16 40 364 147 111 123 207 355 351 47 297 74 253 109 141 76 103 44 401 82 63 144 248 112 33 15 19 88 79 126
70 70 204 109 163 25 63 125 482 6 2 416 323 478 487 352 344 349 442 171 452 50 66 78 159 116 83 313 130 119 29 153 131 69 283 260 203 205 168 111 137 96 166 60 11 207 140 296 155 322 391 157 249 37 40 92 52 430 141 89 257 128 100 129 340 147 401 389 71 122 127 42 112 379 297 15 248 253 113 142 82 10 56 19 287 145 148 225 88 74 5 103 16 44 47 76 27 41 144 33 79 126
71 71 140 29 107 151 242 275 89 157 213 296 322 391 283 149 153 59 176 158 96 202 241 249 6 198 216 279 92 52 142 11 78 40 257 66 37 129 69 119 2 168 155 76 205 22 131 159 137 123 127 144 103 166 44 33 10 130 5 355 147 287 163 16 351 60 74 207 113 38 100 187 62 340 186 329 389 430 141 42 270 70 203 50 122 83 225 297 253 82 145 148 128 313 47 27 109 79 126 41
74 74 153 127 287 351 334 38 187 123 155 130 66 107 119 427 355 158 364 129 2 157 151 242 329 11 168 59 60 10 207 147 142 100 6 270 249 96 71 52 141 203 140 37 131 78 163 40 69 257 283 225 29 186 5 391 297 253 205 296 113 22 16 166 89 122 159 70 92 401 137 103 44 322 248 340 47 389 88 79 42 126 82 76 62 145 148 83 144 33 109
76 76 391 144 33 257 29 450 474 40 296 322 11 6 89 140 71 66 96 37 153 16 159 2 249 168 129 131 130 107 119 52 78 163 207 92 113 103 100 44 158 287 147 141 151 242 122 59 62 225 137 5 74 82
78 78 137 249 2 92 52 283 69 179 140 205 444 166 341 430 157 163 129 130 66 119 11 6 340 389 159 89 96 153 42 37 142 71 155 83 204 70 29 287 107 158 147 168 125 131 100 391 257 60 207 296 416 127 22 16 329 323 5 10 113 151 322 242 103 141 44 225 59 40 109 122 25 50 270 186 123 297 351 253 355 74 62 38 313 63 76 47 116 82 144 145 33 148 79 126 27
79 79 60 297 253 329 155 432 449 120 459 47 187 126 431 334 66 434 122 364 127 270 131 168 100 153 129 113 207 6 2 96 203 351 225 141 147 11 37 130 38 40 119 287 430 158 249 257 186 50 52 163 157 296 29 140 5 401 82 10 78 159 145 148 128 248 313 103 44 74 88 116 16 111 89 27 322 123 92 62 137 41
82 82 131 412 430 155 147 6 50 122 203 334 96 145 148 128 313 187 129 27 125 127 111 270 60 357 401 47 416 159 364 113 323 153 248 66 55 41 103 88 163 116 44 140 29 40 287 158 249 329 11 37 2 52 297 253 119 257 168 62 100 186 78 89 204 70 130 69 296 351 207 322 391 83 283 71 25 10 157 38 107 205 141 225 123 92 166 79 355 126 74 16 137 151 242 109 340 5 59 389 42
83 83 125 416 323 283 69 205 166 50 157 405 219 116 420 340 389 159 446 313 25 42 78 37 142 260 204 70 111 203 6 131 107 296 137 22 187 168 2 163 249 5 113 128 92 52 109 153 112 379 401 15 151 242 364 11 56 155 100 122 19 430 248 140 158 59 29 147 66 96 71 88 63 357 130 329 119 82 225 129 186 89 145 127 148 55 351 41 10 322 40 287 47 257 16 27 270 123 207 103 74 141
85 237 85 162 443 449 482 349 442 476 448 105 434 478 352 346 357 344
88 88 203 187 401 364 248 116 429 476 489 131 366 160 368 292 329 111 125 351 416 323 38 430 155 60 147 153 6 50 122 96 82 145 148 128 313 100 297 129 83 253 27 127 25 270 357 47 287 159 70 113 260 66 225 37 55 29 41 130 103 163 44 40 74 79 126 62 109 207 112 15 19 141
89 89 140 29 249 296 322 391 71 96 6 92 52 303 11 78 40 257 37 66 107 76 129 2 153 131 159 144 103 137 157 44 33 155 69 158 283 163 151 16 168 242 147 205 287 130 60 59 113 119 207 142 166 62 100 127 430 329 141 204 70 50 122 203 10 186 5 340 225 123 389 270 297 82 253 22 355 42 145 148 351 128 313 74 38 83 47 27 109 401 248 25 79 126 41 88
91 91 328 460 470 405 211 220 338 463 420 406 456 468 471 190 226 247 265 286 440 461 454 361 362
92 92 78 140 249 137 52 2 89 388 96 71 69 302 263 11 283 205 29 129 166 66 6 130 153 119 37 296 391 157 107 163 155 40 158 287 322 340 103 257 44 389 147 159 16 42 131 168 142 151 242 60 83 204 100 127 70 207 62 59 113 10 329 125 141 76 270 123 5 122 416 225 22 430 186 355 144 351 33 50 297 253 74 38 109 25 313 47 82 145 148 63 27 79 126
96 96 103 44 140 40 131 66 249 388 62 257 263 89 6 168 29 391 155 11 430 153 71 60 92 52 207 78 147 2 50 122 203 129 82 141 296 145 148 128 322 313 187 127 157 130 159 163 297 119 287 107 253 158 37 47 76 27 125 137 270 16 364 111 357 401 5 113 69 416 329 144 283 323 33 248 100 205 151 242 351 70 55 41 88 74 116 10 166 59 38 142 79 126 123 225 355 186 83 25 340 389 42 109 22
100 100 329 225 37 113 187 360 130 119 364 432 449 60 392 172 296 213 122 153 11 186 36 415 431 334 461 2 10 69 297 253 283 351 47 66 155 158 205 38 203 78 131 166 6 257 29 16 129 127 140 391 157 96 163 287 249 168 79 74 126 340 40 52 389 147 159 89 207 142 42 401 137 322 123 71 430 270 92 107 248 355 125 83 70 141 50 88 116 416 76 82 5 145 148 128 151 242 111 313 22 103 44 144 33 59 27 25 109 62 41
103 103 96 454 44 140 350 40 131 66 222 62 257 89 6 168 29 391 155 11 430 249 153 71 60 92 52 207 78 147 2 50 122 203 129 82 141 296 145 148 128 322 313 187 127 157 130 159 163 297 119 287 107 253 158 37 47 76 27 125 137 270 16 364 111 357 401 5 113 69 416 329 144 283 33 248 100 205 151 242 351 70 55 41 88 74 116 10 166 59 38 142 79 126 123 225 355 186 83 25 340 389 42 109
104 104 353 469 453 451 480 475 479 477 289 318 246 320 198 446 279 316
107 107 151 242 157 59 153 158 293 252 142 71 214 283 392 213 219 69 36 149 262 481 241 22 119 123 140 127 205 168 10 29 129 5 355 287 166 351 155 74 38 187 249 89 11 130 296 66 6 52 340 322 391 389 159 96 186 147 42 78 364 37 2 92 60 83 257 131 40 329 113 270 100 125 163 207 16 416 122 137 76 297 253 103 141 44 225 50 144 33 47 62 82 145 148 79 126
108 108 0 228 469 480 423 466 475 479 477 234 289 48 445 318 36 476 176
109 109 204 70 432 163 25 476 63 125 6 2 416 323 50 66 78 159 116 83 313 130 119 29 153 131 69 283 260 203 205 168 111 137 96 166 11 207 140 296 322 249 37 40 92 52 141 89 128 100 257 340 147 401 389 71 42 112 15 248 82 19 145 148 88 74 103 16 41
110 110 244 408 405 362
111 111 116 128 357 459 125 203 416 323 447 131 430 55 41 49 132 187 8 268 401 50 364 248 313 155 88 83 147 6 25 122 96 82 260 329 145 148 204 70 60 351 69 129 283 153 27 38 127 159 270 205 47 163 113 66 166 297 253 29 109 103 112 379 44 15 2 56 287 40 19 100 340 389 63 42 62 186 207 79 126 141
112 112 260 323 412 379 15 19 56 410 420 258 402 400 279 397 243 201 484 295 436 417 418 125 411 285 398 268 205 416 50 116 83 313 25 70 111 203 109
113 113 122 186 37 100 119 329 10 225 296 47 429 60 263 262 131 187 130 158 11 69 283 364 155 205 153 297 253 166 2 6 29 430 203 147 157 50 96 391 257 127 107 340 16 351 82 389 140 159 123 145 129 148 128 42 78 313 66 322 125 355 38 89 142 79 270 163 40 126 287 83 416 249 401 71 151 242 27 111 52 248 168 357 59 74 92 88 116 76 70 137 103 22 44 55 41 207 144 33 5 25 62 141
116 116 111 125 203 416 323 469 401 187 466 475 479 477 289 128 234 318 364 476 248 176 50 246 320 198 446 316 292 88 83 313 357 131 25 260 329 55 204 70 41 351 69 283 38 430 155 205 60 147 166 6 153 122 96 109 112 379 82 163 15 145 148 157 56 19 159 37 340 389 100 63 129 297 2 42 78 253 27 142 127 270 47 287 113 225 103 44 22 74 79 126
119 119 10 130 95 49 158 153 138 8 186 121 4 38 2 39 20 137 118 11 100 113 310 51 1 129 329 37 123 66 107 225 355 78 187 155 127 122 163 287 351 257 249 60 74 16 6 364 140 52 157 151 242 147 296 168 131 69 59 96 283 391 204 29 70 207 71 47 142 92 205 40 297 270 253 166 159 141 203 89 430 5 322 22 340 389 50 109 103 76 44 42 82 79 25 145 148 401 126 83 144 33 63 248 62 88 27
122 122 47 113 131 60 236 219 149 202 241 37 186 262 292 329 430 188 100 297 155 253 235 254 204 147 119 6 50 203 96 82 10 296 225 145 148 128 313 66 158 187 11 129 130 153 79 27 126 125 127 69 111 270 357 401 283 416 2 159 364 323 248 205 168 55 287 40 166 41 103 88 163 116 257 44 78 140 29 249 207 391 52 157 107 351 16 123 83 340 141 62 389 89 355 38 70 42 322 142 71 25 137 151 74 242 5 59 92 76 22 144 33 109
123 123 355 153 158 433 233 449 119 127 107 482 10 129 352 478 350 476 287 344 351 155 444 445 349 442 74 38 187 157 130 151 242 66 59 186 147 11 364 249 142 2 52 71 270 140 329 113 168 131 69 78 60 207 283 100 6 37 96 257 22 205 203 29 5 122 391 141 16 166 89 296 163 40 92 225 430 297 253 137 47 322 50 340 389 401 159 82 42 145 148 248 103 44 83 76 88 27 79 144 126 33
124 178 124 302 167 171
125 125 323 416 465 386 50 83 313 116 206 370 231 459 25 420 395 260 204 70 373 302 169 111 369 374 284 430 303 362 203 450 249 69 283 131 205 187 166 128 109 112 379 401 15 157 56 163 364 19 248 6 159 155 340 389 88 63 357 147 42 78 122 37 2 142 96 82 145 148 55 41 329 66 351 129 113 107 27 296 127 168 137 22 270 38 47 100 52 5 92 103 151 242 44 59 225 207 141
126 126 60 297 253 425 438 329 155 451 480 423 214 466 408 475 477 479 47 234 187 289 79 318 66 320 176 198 246 385 446 122 364 127 270 131 168 100 153 129 113 207 6 2 96 203 351 225 141 147 11 37 130 38 40 119 287 430 158 249 257 186 50 52 163 157 296 29 140 5 401 82 10 78 159 145 148 128 248 313 103 44 74 88 116 16 111 89 27 322 123 92 62 137 41
127 127 155 153 270 350 60 352 171 355 356 287 129 348 351 237 175 474 357 74 346 131 4 158 38 394 372 187 123 130 297 66 253 107 119 147 329 364 11 2 249 6 430 157 151 52 242 96 47 203 10 168 59 140 50 122 79 126 78 207 142 100 82 37 145 148 257 128 71 313 163 69 141 186 113 16 283 29 391 40 401 159 296 125 89 225 27 205 5 111 92 248 416 103 166 137 44 22 88 116 70 322 55 41 62 340 389 83 76 42 25 144 33 109
128 128 357 111 41 55 131 432 116 428 431 334 430 155 125 147 6 416 50 122 203 323 96 82 145 148 313 187 129 27 127 270 60 401 47 159 364 113 248 66 153 83 103 88 163 25 44 204 140 29 70 40 287 158 249 329 69 11 260 2 52 297 253 37 296 257 168 62 351 186 100 89 130 207 322 71 10 109 141 225 79 126 112 16 15 74 19
129 129 155 287 147 158 249 52 153 11 488 208 395 131 127 270 140 119 60 444 78 10 123 107 355 257 37 16 96 430 130 187 66 2 297 92 157 253 6 351 71 151 242 186 137 391 122 89 74 329 50 29 203 38 59 364 296 82 69 142 145 148 283 47 128 313 100 40 113 205 168 163 159 125 166 322 27 103 79 207 44 126 111 357 401 416 225 76 22 248 5 141 340 55 62 70 41 144 389 88 116 33 42 83 25
130 130 119 463 153 458 2 11 100 363 281 275 310 120 10 329 364 37 234 66 225 388 78 158 187 95 127 49 113 163 287 351 186 155 257 60 129 74 16 6 140 38 296 249 168 123 107 96 52 355 137 391 69 204 70 207 122 29 283 92 40 157 131 297 205 253 147 141 159 151 242 166 71 203 89 270 47 142 59 322 5 109 103 340 76 430 44 389 125 42 79 25 126 144 50 33 401 22 63 83 82 248 62 116 145 148 128 313 88 27
131 131 486 430 155 147 467 6 50 122 203 488 96 82 120 208 145 148 128 479 457 313 179 482 36 350 476 187 129 27 125 127 111 270 60 357 401 47 416 159 364 113 323 248 66 153 55 41 103 88 163 116 44 287 140 29 40 158 249 329 11 37 2 52 297 253 119 257 168 62 100 186 78 351 89 204 70 69 296 207 322 391 130 83 38 283 71 25 10 157 205 107 141 225 92 166 123 260 79 126 16 355 137 74 109 142 151 242 340 5 389 76 59 42 63 144 33 112 15 19
136 210 136 206 150 211 220
137 137 78 249 2 318 92 52 95 49 69 349 341 283 439 119 140 237 8 105 138 409 205 121 38 4 39 166 157 163 129 130 66 11 6 340 389 159 89 96 153 42 37 142 71 155 83 204 70 29 287 107 158 147 168 125 131 100 391 257 60 207 296 416 127 22 16 329 5 10 113 151 322 242 103 141 44 225 59 40 109 122 25 50 270 186 123 297 253 355 74 62 313 63 76 47 82 144 145 33 148 79 126
140 140 89 249 92 96 52 71 11 78 29 444 129 391 296 66 40 107 2 137 322 6 103 257 44 37 153 155 16 158 131 130 157 287 147 119 69 283 151 242 62 168 205 59 163 142 159 127 60 166 76 207 100 113 430 10 122 144 329 33 187 141 270 123 50 340 355 203 5 70 389 186 225 351 22 42 82 297 364 253 74 145 148 128 313 38 47 83 27 401 109 248 79 126 41 88
141 141 66 168 423 153 60 207 6 2 96 429 385 11 40 297 253 155 257 157 130 163 119 29 140 5 391 78 131 159 329 127 187 287 103 44 351 37 296 74 16 89 47 249 204 70 38 364 129 158 322 79 71 52 100 122 126 123 69 107 92 62 283 147 355 137 270 430 113 205 76 10 166 50 225 203 151 242 144 82 33 186 142 145 148 128 109 313 59 340 25 389 42 27 63 401 83 22 248 41 88
142 142 22 283 69 107 205 214 157 242 151 166 213 318 241 153 246 59 262 158 292 216 222 315 316 254 221 340 389 159 71 42 78 37 83 168 119 5 6 140 125 29 123 127 129 296 416 10 137 355 323 287 155 351 2 249 66 74 130 113 89 92 52 38 187 11 186 322 391 100 96 131 147 163 329 50 40 257 122 116 225 70 270 313 207 25 16 141 76 103 144 33 82
144 144 391 76 33 257 29 302 368 450 40 296 322 11 6 89 140 71 66 96 37 153 16 159 2 249 168 129 131 130 107 119 52 78 163 207 92 113 103 100 44 158 287 147 141 151 242 122 59 62 225 137 5 74 82
145 430 145 131 412 382 413 155 229 415 147 258 402 6 50 122 203 96 82 148 128 313 187 129 27 125 127 111 270 60 357 401 47 416 159 364 113 323 153 248 66 55 41 103 88 163 116 44 140 29 40 287 158 249 329 11 2 52 297 37 253 119 391 69 257 168 62 283 186 100 89 78 70 130 205 296 351 207 322 71 25 10 83 166 38 141 225 123 92 79 355 126 74 16 137 340 389 109 42
147 147 129 131 155 287 158 430 249 368 52 153 11 6 50 122 203 96 127 82 270 60 145 148 128 313 140 119 187 78 27 125 66 10 123 111 47 107 37 257 357 401 355 416 159 2 364 113 297 323 248 253 16 329 351 391 89 130 55 92 186 157 71 41 103 88 163 116 44 40 296 69 29 38 151 74 242 100 283 137 168 59 205 142 207 62 166 70 79 225 126 322 141 25 83 76 5 340 389 22 144 42 33 109
148 148 27 131 432 459 430 155 213 334 147 385 6 50 122 203 96 82 145 128 313 187 129 125 127 111 270 60 357 401 47 416 159 364 113 323 153 248 66 55 41 103 88 163 116 44 140 29 40 287 158 249 329 11 2 52 297 37 253 119 391 69 257 168 62 283 186 100 89 78 70 130 205 296 351 207 322 71 25 10 83 166 38 141 225 123 92 79 355 126 74 16 137 340 389 109 42
151 151 107 157 242 59 149 158 153 262 142 288 71 240 199 238 259 69 283 22 119 123 140 127 205 168 10 29 129 5 355 287 166 351 155 74 38 187 249 89 11 130 296 66 6 52 340 322 391 389 159 96 186 147 42 78 364 37 2 92 60 83 257 131 40 113 270 329 100 163 207 16 122 137 76 103 141 44 225 144 33 82
153 153 127 287 351 74 38 236 213 355 219 149 241 187 123 134 155 130 283 262 66 107 119 222 216 242 158 188 235 204 364 129 277 199 253 240 212 251 398 2 157 151 329 11 168 59 60 10 207 147 142 100 6 270 249 96 71 52 141 203 140 37 131 78 69 163 40 257 225 29 186 5 391 297 205 296 113 22 16 166 89 122 159 70 92 401 430 137 103 44 322 248 340 47 389 50 88 116 79 42 126 82 76 62 145 148 128 313 111 83 144 33 109 27 63 25
155 155 270 127 60 129 219 153 149 131 202 292 297 253 221 204 147 347 240 329 238 287 158 483 430 249 47 52 187 11 6 66 50 122 203 79 126 96 351 82 119 364 145 148 128 313 123 74 140 38 107 130 355 2 78 100 27 125 10 168 111 257 37 357 401 157 416 207 159 151 113 242 323 248 40 16 71 391 59 225 89 55 92 186 41 103 88 163 116 44 141 296 69 29 142 283 137 205 5 70 62 166 322 22 83 76 25 340 389 144 33 42
157 157 283 168 5 69 107 205 149 241 151 242 166 222 221 254 188 204 240 142 153 199 59 238 158 194 278 340 389 159 66 71 42 78 37 83 22 119 6 140 125 29 123 127 129 296 416 10 137 96 60 355 155 323 207 287 351 2 249 74 130 113 89 92 40 52 38 141 187 11 186 131 329 322 391 100 257 147 163 297 253 50 122 116 225 70 103 270 44 313 25 47 16 76 62 79 126 82 144 33
158 158 290 119 10 355 129 153 123 107 151 242 149 202 241 239 283 262 155 200 186 222 157 254 235 287 147 204 240 288 59 249 127 52 142 130 11 71 113 140 351 74 131 187 60 69 2 270 38 66 78 168 100 22 122 205 364 96 329 29 166 5 257 6 37 89 16 391 92 225 297 430 296 253 159 47 40 137 163 207 340 50 389 203 322 42 82 145 148 128 141 313 83 103 44 79 76 126 27 144 33 62 41
159 159 182 6 361 283 264 360 69 161 205 180 166 172 179 36 176 134 157 222 430 163 169 171 358 341 29 340 170 131 66 389 308 175 42 78 2 37 142 296 83 204 70 322 391 125 96 168 107 155 89 416 153 140 60 40 323 137 22 207 11 147 5 71 50 122 257 113 203 130 119 249 82 141 92 151 158 52 242 187 145 129 148 128 313 109 25 127 100 59 329 297 76 253 116 111 287 364 47 103 27 44 270 63 10 144 357 401 186 33 225 16 248 351 55 62 41 88 74 79 126 123
162 162 237 85 360 172 209 443 134 169 427 170
163 163 6 2 204 70 66 78 159 109 130 25 119 29 153 131 63 125 168 416 69 137 96 323 283 60 11 207 140 205 296 322 391 249 40 155 37 92 52 157 166 430 141 89 257 100 127 187 329 147 129 71 50 122 287 203 158 297 83 253 116 113 82 10 340 145 389 148 364 128 351 225 313 142 107 74 42 5 103 16 44 47 38 76 186 123 270 27 260 355 144 357 401 33 111 62 151 242 248 79 126 22 59 55 41 88
166 166 283 69 205 299 430 170 325 159 157 175 335 340 327 389 296 168 184 326 42 78 183 37 223 142 28 333 182 287 98 60 1 83 6 125 107 416 137 22 323 2 249 5 113 92 52 153 151 242 11 100 140 158 59 29 163 66 71 50 130 329 122 119 116 204 225 70 129 186 131 89 313 25 10 96 322 257 40 16 127 147 111 123 207 355 47 74 109 145 141 103 82
168 168 157 5 66 325 323 166 153 253 309 422 60 207 6 2 96 227 335 327 102 141 69 107 11 283 40 205 297 155 257 130 163 119 151 29 242 140 158 391 78 131 159 329 142 127 59 287 71 187 103 44 351 340 37 389 296 74 16 89 47 249 204 42 70 38 129 364 322 79 52 100 122 126 123 92 62 83 147 355 22 10 137 270 430 125 113 203 76 416 50 225 186 144 82 33 145 148 128 109 313 25 27 63
178 178 124 171 175 167 173 184 441 118 98 1 182 159 73
186 186 119 10 113 250 472 161 473 255 158 408 365 122 457 179 37 413 414 405 36 350 100 431 334 176 364 366 434 478 400 352 262 435 279 373 263 216 299 369 377 374 442 356 341 349 130 329 153 225 296 47 60 129 123 131 107 187 155 355 2 11 69 283 287 157 147 127 205 66 151 297 242 253 78 166 249 351 59 29 430 142 6 52 203 71 38 74 168 50 391 163 270 96 257 340 16 82 389 140 159 145 148 128 42 313 322 137 89 79 207 22 126 40 83 92 401 27 5 141 248 88 103 41
187 187 489 364 462 419 239 329 365 351 414 457 38 203 366 362 290 160 461 464 367 153 308 248 60 401 331 100 230 88 116 297 253 131 155 127 225 111 130 125 119 37 113 287 66 416 74 47 323 430 79 2 126 123 11 158 107 355 129 147 6 50 122 296 270 168 186 96 10 82 145 148 128 69 313 207 157 151 242 257 140 249 78 29 59 163 40 83 141 27 52 25 16 142 159 71 5 55 41 103
203 203 187 401 364 248 88 116 382 131 416 413 414 489 415 229 388 410 329 258 402 111 400 279 125 369 397 417 201 268 295 462 411 243 351 484 398 285 418 205 323 38 430 155 147 60 153 6 50 122 96 82 145 148 128 313 100 129 83 297 27 47 253 127 25 270 357 204 287 159 70 113 37 260 66 225 130 69 55 119 41 103 163 283 44 140 29 40 158 249 296 74 11 2 52 79 166 123 126 257 62 355 186 89 10 109 207 322 112 15 340 19 389 141 63 42
204 204 63 236 70 487 292 368 188 240 199 297 278 109 242 157 163 245 155 153 465 25 276 156 122 43 158 60 241 143 17 149 90 218 61 154 125 6 2 416 323 50 66 78 159 116 83 313 130 119 29 131 69 283 260 203 205 168 111 137 96 166 11 207 296 322 40 92 141 89 340 389 42 112 15 82 19
205 205 424 283 69 166 417 268 398 411 224 157 164 396 340 146 389 332 159 270 42 272 78 261 37 415 142 260 60 410 382 402 203 243 412 484 258 397 56 413 19 23 400 112 139 418 83 6 125 107 296 416 137 22 323 168 2 249 5 113 92 52 153 151 242 11 100 140 158 59 29 163 66 71 50 130 329 122 119 116 204 225 70 129 186 131 89 313 25 10 96 322 287 257 40 16 127 147 111 123 207 355 47 74 109 141 103 82
207 207 66 180 168 153 60 258 6 2 96 253 344 430 416 141 325 308 11 309 40 297 155 257 157 130 163 119 29 140 5 391 78 131 159 329 127 187 287 103 44 351 37 296 74 16 89 47 249 204 70 38 364 129 158 322 79 71 52 100 122 126 123 69 107 92 62 283 147 355 137 270 113 205 76 10 166 50 225 203 151 242 144 82 33 186 142 145 148 128 109 313 59 340 25 389 42 27 63 401 83 22 248 41 88
210 210 136 150 211 220 190 226 247 265 286 290 48 228 250 293 233 239 252 264 255 214 281 275 206 208 209 231 236
225 225 100 329 432 209 37 113 187 130 364 344 299 377 119 49 297 253 422 323 418 60 421 296 122 153 11 186 2 10 69 283 351 47 66 155 158 205 38 203 78 131 166 6 257 29 16 129 127 140 391 157 96 163 287 249 168 79 74 126 340 40 52 389 147 159 89 207 142 401 42 137 322 123 71 430 270 92 107 248 355 83 70 141 50 88 116 76 82 5 145 148 151 242 22 103 44 144 33 59 27
237 237 443 85 162 434 349 452 442 448 105 357 346 379 102 355 87 354 353 352 127 28 24 449 478 137 347 351 298 291 453 70
242 242 250 107 255 275 157 151 236 213 153 59 158 36 262 216 222 292 221 254 188 235 142 204 387 240 71 212 199 278 259 194 69 283 22 119 123 140 127 205 168 10 29 129 5 355 287 166 351 155 74 38 187 249 89 11 130 296 66 6 52 340 322 391 389 159 96 186 147 42 78 364 37 2 92 60 83 257 131 40 113 270 329 100 163 207 16 122 137 76 103 141 44 225 144 33 82
244 244 110 392 362 439 387
248 248 203 187 401 364 88 176 116 489 131 188 170 309 422 347 411 329 111 125 351 416 323 38 430 155 60 147 153 6 50 122 96 82 145 148 128 313 100 297 129 83 253 27 127 25 270 357 47 287 159 70 113 260 66 225 37 55 29 41 130 103 163 44 40 74 79 126 62 109 207 112 15 19 141
249 249 52 303 78 140 129 2 89 59 35 137 92 155 287 158 11 147 153 96 71 69 283 119 205 131 29 66 107 37 166 6 130 60 127 270 257 391 296 16 40 157 10 163 123 355 322 340 103 151 242 44 389 159 168 430 42 329 297 100 253 142 122 351 207 186 74 113 83 50 70 38 62 82 141 76 47 145 148 128 225 313 5 144 33 22 27 79 126 109 41
253 253 60 297 329 155 325 79 227 47 259 321 270 168 187 313 326 280 126 153 296 66 225 337 181 223 287 122 364 127 131 100 129 113 207 6 2 96 203 351 141 147 11 37 130 38 40 119 430 158 249 257 186 50 52 163 157 29 5 140 401 82 10 78 159 145 148 128 248 103 44 74 88 116 16 111 89 27 322 123 92 62 137 41
257 257 391 11 40 76 179 29 96 66 445 144 33 442 284 37 296 16 140 6 129 153 130 322 89 119 168 2 71 60 207 155 131 249 103 287 44 52 78 100 158 147 113 141 329 159 163 157 127 107 92 187 122 62 69 297 283 253 225 10 430 186 205 364 137 5 351 123 166 151 270 70 74 242 50 203 355 38 142 59 82 145 148 128 313 47 79 340 126 389 42 27 22 109 83 41
260 260 323 112 379 15 19 56 412 420 413 125 229 410 258 402 400 279 416 377 364 397 418 201 243 484 417 411 398 285 205 268 50 116 83 313 25 204 70 111 203 69 283 131 166 128 109 401 163 248 340 389 88 63 42 82 41
270 270 155 127 382 60 413 415 410 253 402 258 400 279 397 295 129 417 153 201 131 418 285 268 205 308 398 411 243 484 288 297 195 224 396 147 329 287 158 430 249 47 52 187 11 6 66 50 122 203 79 126 96 351 82 119 364 145 148 128 313 123 74 140 38 107 130 355 2 78 100 27 125 10 168 111 257 37 357 401 416 157 207 159 151 113 242 248 16 40 71 29 89 59 225 55 92 186 41 296 103 88 163 116 44 141 142 137 5 62 322 22
274 274 278 424 172 428 431 320 434 299 132
278 278 274 424 241 262 283 221 417 254 235 204 288 212 240 238 331 259 232 317 194 383 321 157
283 283 69 205 222 254 166 157 240 278 232 142 245 83 153 340 158 389 159 143 42 78 424 37 17 71 241 61 21 150 6 125 107 296 416 137 22 323 168 2 5 249 113 92 52 151 242 11 100 140 59 29 163 66 50 130 329 122 119 116 204 225 70 129 186 131 89 313 25 10 96 322 287 257 40 16 127 123 147 111 207 355 47 74 109 141 274 103 82
287 287 153 129 172 127 209 428 155 431 334 158 147 299 249 351 188 427 52 74 170 325 422 119 323 309 421 166 11 319 123 38 107 130 187 66 355 60 131 2 364 270 140 157 151 78 242 329 10 96 59 168 6 257 37 71 16 100 142 207 297 253 203 430 29 69 92 40 283 122 186 141 163 137 391 89 50 205 225 113 47 159 5 296 82 145 148 128 22 313 103 44 322 401 79 70 126 248 111 27 340 389 88 116 62 42 76 83 55 41 144 33 109
296 296 37 29 209 428 431 334 322 391 299 113 166 6 89 170 325 422 323 309 421 11 69 26 100 297 253 71 426 327 335 326 227 215 283 140 40 257 205 329 122 159 225 66 186 76 157 130 96 119 153 2 144 187 33 249 107 60 340 16 389 10 52 163 142 129 92 42 78 131 168 47 155 364 83 158 207 151 242 287 147 127 125 204 70 59 141 103 22 351 5 44 416 137 203 430 38 123 74 50 355 62 270 82 145 148 25 79 109 126 27
297 297 60 253 368 329 155 309 204 421 327 47 335 187 330 326 79 280 184 126 223 66 225 296 287 333 98 324 122 364 127 270 131 168 100 153 129 113 207 6 2 96 203 351 141 147 11 37 130 38 40 119 430 158 249 257 186 50 52 163 157 29 140 5 401 82 10 78 159 145 148 128 248 313 103 44 74 88 116 16 111 89 27 322 123 92 62 137 41
313 313 50 416 125 323 131 253 331 39 20 185 430 155 116 83 147 6 122 25 203 96 111 82 145 148 260 128 204 70 69 187 129 283 27 127 270 60 205 357 401 47 159 364 113 248 166 66 55 41 109 103 88 163 44 112 37 379 140 15 29 40 157 287 158 249 56 329 19 78 11 2 52 297 340 296 389 63 42 257 100 62 186 142 89 207 322 92 141 79 126 16
322 322 29 296 391 6 89 402 400 295 71 285 268 308 411 40 398 140 195 257 37 76 66 96 159 11 144 33 107 163 131 153 249 2 78 157 92 52 69 283 168 113 151 242 129 60 205 130 204 207 70 59 119 158 100 142 166 103 44 16 155 329 430 141 287 137 127 147 50 122 225 5 186 10 340 297 62 253 389 82 22 42 145 148 128 313 123 109 74 355 47 83 25 270 27 63 79 126 41
323 323 420 260 125 416 422 421 215 327 335 83 112 379 15 326 390 50 280 56 19 223 333 168 296 116 485 225 287 273 60 162 191 72 313 174 25 204 70 111 203 69 283 131 205 187 166 128 109 401 157 163 364 248 6 430 159 155 340 389 88 63 357 147 42 78 122 37 2 142 96 82 145 148 55 41 27 137 22 270
328 328 91 460 470 211 220 338 463 420 406 456 468 471 190 226 247 265 286 440 461 454 361 290 228 424 433 462 464 437 465 233 239 252 264 419 472 161 386 467 469 473 180 255 451 363 214 281 423 466 408 275 310 365 475 120 172 206 208 392 209 236 459 457 213 234 405
329 329 187 461 364 464 60 419 365 414 489 100 297 253 366 362 368 462 160 367 225 351 239 203 155 38 37 113 153 13 130 119 47 122 79 126 66 401 127 296 11 2 248 186 270 131 88 116 10 287 158 129 168 69 6 283 96 207 205 78 74 257 111 147 29 125 157 140 166 163 391 430 16 249 141 416 123 107 52 40 159 355 50 89 71 82 340 142 322 389 145 148 92 137 128 313 83 42 5 151 242 103 44 59 27 76 22 62 144 33 41
340 340 283 69 205 166 457 157 445 389 159 341 42 78 37 142 105 192 83 6 125 107 296 416 137 22 323 168 2 249 5 113 92 52 153 151 242 11 100 140 158 59 29 163 66 71 50 130 329 122 119 116 204 225 70 129 186 131 89 313 25 10 96 322 287 257 40 16 127 147 111 123 207 355 47 74 109 141 103 82
351 351 38 187 364 153 472 473 449 489 459 329 482 219 350 462 478 203 434 239 127 461 377 442 356 303 349 287 464 285 346 237 448 357 380 347 348 74 60 155 123 130 66 107 119 355 158 401 100 129 248 2 88 116 157 297 151 242 253 11 168 131 225 59 37 6 147 10 270 96 207 113 142 249 71 111 125 52 141 140 47 69 186 416 78 296 163 283 40 257 79 29 126 430 5 205 128 22 16 166 50 122 159 89 82 92 103 44 145 148 137 322 83 340 389 42 27 62 41
353 353 104 453 478 434 352 377 442 452 349 171 356 448 348 347 237 357 175 346 394 379 469
355 355 123 153 158 350 478 352 344 349 442 452 171 127 356 448 347 348 357 237 175 346 394 119 343 256 378 354 433 107 10 129 287 351 155 74 38 187 157 130 151 242 66 59 186 147 11 364 249 142 60 2 52 71 329 140 270 113 168 131 78 69 207 100 6 37 283 96 257 22 297 203 29 253 5 122 205 141 16 89 296 163 40 166 92 225 159 47 137 322 340 389 82 79 126 42 103
357 357 433 55 449 478 128 442 356 348 347 111 237 346 394 379 378 355 343 354 286 127 353 152 351 298 443 349 24 41 131 116 430 155 125 147 6 416 50 122 203 323 96 82 145 148 313 129 27 270 401 47 159 113 248 83 103 88 163 25 44
364 364 461 187 462 464 239 365 414 366 290 329 368 160 362 367 419 351 38 203 489 98 225 153 260 139 60 218 62 186 363 0 85 401 248 100 88 116 297 253 131 155 127 111 130 125 119 37 113 287 66 416 74 47 323 430 79 2 126 123 11 158 107 355 129 147 6 50 122 296 270 10 168 96 82 145 148 128 313 207 151 242 257 59 163 40 83 141 27 25 16 41 103
379 379 56 260 323 348 237 15 346 357 381 378 112 353 19 125 416 50 116 83 313 25 111
389 389 283 69 205 166 408 157 385 340 263 159 368 42 78 439 37 142 8 217 277 83 6 125 107 296 416 137 22 323 168 2 249 5 113 92 52 153 151 242 11 100 140 158 59 29 163 66 71 50 130 329 122 119 116 204 225 70 129 186 131 89 313 25 10 96 322 287 257 40 16 127 147 111 123 207 355 47 74 109 141 103 82
391 391 76 144 33 257 29 428 40 26 296 322 381 11 6 89 140 71 96 66 37 153 16 159 2 249 168 129 130 107 119 78 52 60 163 207 92 69 155 131 113 103 283 44 100 158 287 205 141 329 147 157 151 242 127 166 122 70 59 62 297 137 225 253 10 5 142 186 123 340 74 47 389 270 42 82 109 79 126
401 401 203 187 248 364 415 400 397 88 116 418 131 268 411 398 489 224 195 329 111 125 351 416 323 38 430 155 60 147 153 6 50 122 96 82 145 148 128 313 100 297 129 83 253 27 127 25 270 357 47 287 159 70 113 260 66 225 37 55 29 41 130 103 163 44 40 74 79 126 62 109 207 112 15 19 141
416 416 125 323 169 430 57 304 375 13 50 173 65 116 300 330 3 83 203 81 301 313 25 420 97 63 374 207 342 487 15 35 31 386 370 260 204 70 111 69 283 131 205 187 166 128 109 112 401 379 157 56 163 364 19 248 6 159 155 340 389 88 147 357 42 78 122 37 2 142 96 82 148 55 41 329 351 113 27 296 137 22 270 47 5 92 145 103
430 430 145 374 416 288 131 166 304 375 185 173 65 300 81 301 165 159 291 111 125 207 63 35 487 31 386 78 155 147 6 50 122 203 96 82 148 128 313 187 129 27 127 270 60 357 401 47 323 364 113 248 66 153 55 41 103 88 163 116 44 140 29 40 287 158 249 329 11 2 52 297 253 37 70 296 257 168 62 351 186 100 89 130 322 83 71 10 25 141 225 79 126 16 74 109
