128 1410 544 1480 846 605 1500 571 636 1514 1799 128 516 3293 3584 3218 3290 802 644 759 514 812 1452 1416 585 1572 737 1770 1457 618 616 648 533 602 551 3331 776 529 1556 853 675 1629 1481 3183 1421 555 1618 630 696 3228 615 1666 1448 1622 647 3425 589 1398 558 1594 811 3257 772 655 531 694 3557 3508 432 1522 526 818 491 499 1385 840 527 1499 1425 1748 612 657 560 559 428 3277 3246 1506 431 334 785 3260 6 148 103 119 140 11 355 19 74
355 612 647 1522 355 499 776 616 596 640 548 731 618 840 675 527 1499 636 644 759 631 646 560 555 630 696 602 3173 1421 1556 1618 853 1385 491 818 657 3290 589 1594 3260 3425 3257 1500 3228 571 615 1666 1448 1622 3246 350 1506 3331 478 529 558 772 655 531 694 3557 3508 352 526 1398 785 811 648 585 344 349 442 452 1572 737 1770 1457 119 171 356 1514 1416 1799 448 347 348 357 237 175 1452 516 346 880 1445 3201 3218 802 533 394 551 343 256 378 74 11 140 22 6 148 103 144
6 648 3331 1398 811 491 555 630 696 1500 571 559 3277 6 785 3257 529 657 560 514 636 1514 1799 585 558 772 655 531 694 3557 3508 693 552 516 3425 3173 3218 3290 802 3246 1506 880 1445 3201 3260 1499 526 1416 644 533 1452 759 551 1410 1421 1618 616 1572 737 1770 1457 631 646 602 589 1594 618 1385 1522 3228 776 615 1666 1448 1622 596 640 548 731 544 1480 3293 846 3584 605 499 647 675 1556 853 812 840 612 818 527 385 169 140 119 11 148 128 103 144 22 74 355
103 585 533 551 529 555 630 696 103 3425 1500 571 3257 3260 657 1398 811 560 636 1514 1799 1421 1618 1385 516 491 3173 3218 3290 802 785 880 1445 3201 3246 1506 3331 648 618 1416 644 759 1410 776 454 616 1499 1522 3228 615 1666 1448 1622 1572 737 1770 1457 646 544 1480 846 602 647 605 596 640 548 731 589 1594 526 499 559 3293 1556 3277 514 3584 853 558 1452 772 655 531 694 3557 3508 840 612 818 527 140 675 350 693 812 552 631 222 6 11 148 128 119 144 74 355 22
74 1522 776 616 840 612 527 1499 74 647 596 640 548 731 644 759 555 630 696 618 1556 853 491 499 657 1385 3173 818 631 646 560 636 675 589 1594 3331 529 3425 585 1421 1618 3260 3246 1506 1500 526 571 1572 737 1770 1457 3257 785 602 3228 3290 615 1666 1448 1622 1398 811 558 772 655 531 694 3557 3508 533 551 648 1514 1799 559 3277 880 1445 3201 516 1416 3218 802 605 1452 334 1480 119 355 1410 514 693 552 3293 3584 427 11 6 140 22 103 148 128 144
11 1385 3425 526 1499 618 529 555 785 630 696 636 776 589 1421 1594 1618 3257 3260 491 602 880 1445 3201 11 1398 811 675 560 657 3246 1522 1506 585 647 616 499 644 759 818 3331 3173 612 3290 1416 533 551 596 648 640 548 731 558 3228 772 655 531 694 3557 3508 615 1666 1448 1622 1500 840 406 571 527 1556 853 631 646 1452 1514 1799 559 3277 516 119 3218 802 140 514 408 693 552 1410 1572 737 1770 1457 405 3293 3584 605 544 1480 385 846 6 144 355 74 103 22 148 128
140 3257 3260 560 1421 1618 585 3246 1506 1385 1398 811 529 533 551 785 140 618 491 3425 596 640 548 731 636 880 1445 3201 776 555 630 696 526 1499 3331 647 648 631 646 3173 1522 644 616 1500 759 571 657 558 772 655 531 694 3557 3508 612 499 589 1594 675 602 3290 1514 1799 1452 1416 559 3277 3228 516 615 1666 1448 1622 818 840 527 3218 802 514 11 1410 1556 693 853 552 1572 737 1770 1457 605 3293 3584 444 544 1480 846 6 103 119 144 355 22 74 148 128
144 880 1445 3201 3425 1398 811 529 144 785 3257 560 1385 585 526 555 630 696 3260 648 533 551 657 491 1499 1421 1618 3331 618 602 3246 1506 589 1594 596 3173 640 548 731 776 636 1522 675 499 647 616 3290 558 631 646 772 655 531 694 3557 3508 818 1416 612 302 644 1500 3228 759 571 615 1666 1448 1622 559 3277 368 11 6 140 119 103 355 74 22
19 1629 1481 3183 812 1425 1748 19 3293 3584 514 1452 605 3218 802 1480 559 3277 693 552 382 1572 737 1770 1457 413 1410 558 3331 772 655 531 694 3557 3508 1500 415 229 571 410 258 402 400 279 397 417 201 128
148 516 1500 571 636 1514 1799 3218 3290 802 148 1410 644 759 1416 585 1572 737 1770 1457 618 544 1480 846 616 605 648 533 602 551 3293 3584 3331 776 529 1556 514 853 675 1452 1421 812 555 1618 630 696 3228 615 1666 1448 1622 647 3425 589 1398 1594 811 3257 526 1522 818 491 499 1385 840 527 1499 612 657 560 3246 1506 559 3277 432 785 3260 459 880 1445 3201 213 596 3173 640 548 731 646 334 558 772 655 531 694 3557 3508 693 552 1629 6 1481 3183 385 128 103 119 140 11 355 74 144 19
22 631 596 640 548 731 558 772 655 531 694 3557 3508 646 22 648 1452 560 3173 647 657 526 3246 1506 1522 612 776 499 785 3260 1398 3257 811 228 616 675 3293 3584 618 840 527 1499 602 491 1421 1618 3331 514 812 589 1594 529 392 636 555 630 696 644 759 477 234 289 3425 605 3218 802 1385 388 585 559 3277 1500 571 246 3290 880 198 1445 3201 1556 853 436 316 1480 818 196 119 6 140 355 74 11 103 144
119 499 1499 675 119 647 602 491 589 1594 612 1385 1522 526 776 618 3290 3331 596 818 640 548 731 616 785 555 1416 3246 630 696 1506 636 3425 840 527 1421 1618 3260 644 759 560 1556 853 529 657 3173 631 646 1398 811 559 3277 648 3228 615 1666 1448 1622 1500 558 571 772 655 531 694 3557 3508 95 49 585 514 693 552 3257 880 1514 1452 1445 3201 1799 138 8 1572 737 1770 1457 121 516 4 3218 533 38 802 551 39 20 11 3293 3584 605 1410 1480 118 137 51 1 355 6 74 140 22 148 128 103 144
