0 0 108 48 310 120 36 476 228 445 366 160 134
257 529 880 811 585 257 785 555 630 696 526 533 560 551 618 657 491 776 636 589 648 602 571 675 616 647 615 818 596 640 548 731 646 644 759 499 11 612 76 516 631 840 527 558 772 655 531 694 179 559 29 802 853 445 144 33 737 514 693 552 442 284 16 6 140 153 89 130 119 60 131 103 249 78 52 163 187 122 297 253 92 225 5 430 137 355 47 50 203 74 145 148 128 79 340 389 22 109 401 83 41 88
130 491 589 499 675 818 602 526 776 616 555 647 630 696 130 840 612 527 785 618 119 657 853 529 644 759 559 636 585 596 648 640 548 731 615 463 811 560 558 772 655 531 694 153 458 514 693 552 533 551 571 880 631 646 11 737 363 281 275 310 120 516 234 225 802 187 78 388 95 605 49 163 60 257 6 74 16 140 249 355 52 122 137 29 131 92 297 253 203 47 89 5 125 109 340 103 389 430 416 76 79 50 401 83 144 33 145 148 128 22 88 111 41
131 571 636 516 802 644 759 585 737 618 544 616 846 131 648 533 551 776 602 529 605 615 555 630 696 675 853 647 514 486 812 818 811 589 526 499 491 657 430 560 840 527 612 559 785 467 596 640 548 731 558 6 50 772 655 531 694 122 646 203 488 693 552 631 120 208 145 148 880 128 479 457 179 482 36 350 476 60 187 125 111 401 416 47 153 103 249 41 140 88 163 297 253 11 29 52 119 257 78 89 130 83 225 355 79 260 92 16 137 74 5 109 340 389 76 22 144 33 112 15 19
128 544 846 605 571 636 128 516 802 644 759 585 737 111 514 812 618 616 648 533 551 41 602 776 529 131 559 615 555 630 696 675 853 647 432 818 811 499 693 552 491 785 840 657 428 612 527 589 560 558 431 334 772 655 531 694 526 125 430 416 6 50 122 203 145 148 60 187 153 401 47 83 103 249 140 88 163 260 297 11 253 29 52 119 257 89 130 109 355 79 112 225 74 15 340 16 389 19
389 558 772 655 531 694 648 389 631 646 526 785 596 640 548 731 602 657 491 589 560 675 811 514 812 408 647 555 630 696 499 605 559 529 818 802 612 776 385 618 585 340 636 263 571 368 693 552 880 78 439 616 644 759 8 217 277 83 6 125 22 137 416 5 249 153 92 29 52 11 163 140 122 130 119 131 225 50 60 89 257 16 355 111 47 109 74 76 103 144 33
6 648 811 555 630 696 491 571 6 559 785 529 657 560 636 558 772 655 531 694 585 514 693 552 516 880 526 802 533 551 644 759 631 646 616 615 737 618 589 776 602 544 846 596 640 548 731 163 499 647 675 818 840 527 29 605 812 131 612 853 385 169 60 153 430 89 78 140 50 122 257 203 130 11 119 125 109 145 340 148 128 389 249 297 253 416 5 52 76 103 83 137 92 187 47 144 111 33 401 225 22 74 41 16 88 79 355
260 812 260 514 605 802 112 15 379 559 19 56 412 693 552 737 125 413 229 416 410 558 258 402 772 655 531 694 400 279 377 364 397 418 201 243 484 571 417 411 398 285 268 205 50 83 111 203 131 109 163 401 128 88 340 389 41
136 210 136 206 150 211 220
137 491 137 558 772 655 531 694 78 648 618 631 646 560 555 630 696 585 526 636 776 559 657 596 640 548 731 589 811 529 514 249 533 647 551 785 616 693 499 552 675 602 644 759 318 612 92 571 52 818 95 49 880 349 341 439 119 615 237 8 105 840 138 527 409 121 140 38 4 39 163 130 6 11 153 340 389 89 83 29 60 131 257 125 22 5 416 16 225 103 109 122 297 253 355 50 74 76 47 144 33 145 148 79
5 657 646 555 630 696 596 640 548 731 558 772 655 531 694 5 631 648 560 491 529 647 585 612 526 615 533 776 616 551 811 190 618 499 840 527 644 759 433 636 785 675 441 233 818 880 571 559 602 589 853 482 153 693 552 802 350 36 476 514 812 6 60 340 389 11 119 78 140 29 22 130 83 297 257 253 163 187 355 131 89 74 125 103 137 416 16 122 47 249 79 92 52 50 76 144 33 225 109 145 148
11 526 618 555 785 630 696 776 529 636 589 602 491 11 585 880 657 675 560 811 647 644 759 499 616 818 533 551 612 558 648 772 655 531 694 406 571 596 615 640 548 731 631 646 840 527 16 257 853 119 559 516 140 408 130 802 249 737 514 693 552 405 153 385 52 29 78 60 89 92 131 6 225 187 122 76 163 144 297 137 33 253 103 355 5 47 74 430 340 203 389 50 125 83 145 148 79 128 22 416 401 109 88 41
140 560 585 811 533 551 529 140 618 785 596 640 548 731 491 636 776 555 630 696 526 647 880 631 646 648 657 571 644 759 616 612 499 558 772 655 531 694 89 589 675 249 602 92 52 516 615 818 11 559 802 78 840 527 29 737 853 444 514 693 552 103 137 6 153 257 16 131 130 119 60 163 76 187 122 430 144 33 355 5 22 297 253 50 203 340 225 389 74 145 148 128 47 83 401 79 109 41 88
15 812 15 260 514 605 802 379 112 559 19 370 395 56 416 388 693 552 445 125 737 302 374 284 303 362 50 83 111 203 109 163 401 88
16 526 618 16 555 785 630 696 776 529 636 589 602 491 585 880 657 675 560 811 647 11 644 759 499 616 818 533 551 612 558 648 772 655 531 694 571 596 615 640 548 731 363 631 646 840 527 275 853 257 559 516 388 476 140 385 447 130 802 95 119 49 737 153 249 52 29 78 60 89 92 131 6 225 187 122 76 163 144 297 137 33 253 103 355 5 47 74 430 340 203 389 50 83 145 148 79 128 22 401 109 88
145 571 430 636 516 145 802 644 759 585 737 618 544 616 846 648 533 551 602 776 529 605 131 615 555 630 696 675 853 647 514 412 812 818 811 589 499 491 612 657 382 560 526 413 559 785 840 229 415 527 558 772 655 531 694 880 596 640 548 731 258 402 646 6 50 122 203 148 128 60 187 125 111 153 401 416 47 103 249 41 140 88 163 297 11 253 119 29 52 257 78 130 89 355 83 225 79 74 16 92 137 340 76 389 5 109 144 33
401 737 605 401 853 571 818 840 527 203 636 516 514 812 802 187 644 759 589 585 615 618 415 776 544 616 846 559 400 648 533 551 397 88 602 555 630 696 418 268 411 526 131 693 529 398 552 489 224 491 195 111 125 416 430 60 153 6 50 122 145 148 128 83 297 253 260 225 47 11 130 103 41 163 74 79 109 112 15 19
19 812 19 260 514 605 802 112 15 379 559 56 382 413 693 552 415 229 410 125 737 258 402 400 279 268 411 295 397 417 243 418 285 484 201 205 416 50 83 111 203 109 163 401 88
148 516 571 636 148 802 644 759 585 737 618 544 616 846 648 533 551 602 776 529 605 131 615 555 630 696 675 853 647 514 812 818 811 589 499 491 612 432 657 560 526 459 213 430 559 785 840 527 558 772 655 531 694 334 880 596 640 548 731 385 646 6 50 122 203 145 128 60 187 125 111 153 401 416 47 103 249 41 140 88 163 297 11 253 119 29 52 257 78 130 89 355 83 225 79 74 16 92 137 340 76 389 5 109 144 33
144 880 811 144 529 785 560 585 526 76 555 630 696 648 533 551 33 657 491 257 602 618 596 640 548 731 589 636 29 776 571 646 675 302 647 631 558 499 772 655 531 694 368 450 11 89 6 140 153 16 131 249 130 78 119 103 52 163 92 122 225 137 5 340 389 74 22
22 631 596 640 548 731 558 772 655 531 694 22 646 648 560 647 526 612 657 499 228 785 675 618 811 776 616 602 840 527 392 491 636 589 477 234 644 759 289 555 630 696 529 388 585 514 812 246 198 571 880 436 605 316 196 153 340 389 78 83 119 6 5 140 29 125 355 137 416 89 74 130 249 92 52 11 131 163 257 122 225 50 76 16 103 144 33
278 763 278 424 241 262 283 221 417 254 235 204 288 212 240 238 331 259 232 317 194 383 321 157
153 776 616 840 612 527 153 647 596 640 548 731 644 759 555 630 696 618 491 853 499 657 636 631 646 560 818 675 589 529 585 571 526 737 785 602 615 533 811 74 551 558 772 655 531 694 648 236 355 213 219 187 516 149 559 880 241 802 134 605 130 262 283 222 216 119 188 235 204 514 693 552 277 199 240 253 212 251 398 11 60 131 6 249 52 203 140 78 163 5 257 29 225 22 297 122 16 430 89 401 92 103 50 137 125 340 389 145 148 128 88 416 47 111 76 79 83 144 109 33 41
29 811 785 560 529 880 526 648 585 29 555 596 630 696 640 548 731 533 551 602 491 657 589 631 646 558 675 772 655 531 694 571 618 776 559 647 89 499 818 636 6 612 616 514 693 552 615 516 488 802 208 140 840 527 644 759 257 179 853 350 76 737 444 445 11 144 33 163 153 131 249 78 119 92 52 60 103 130 16 187 225 5 430 137 340 389 22 297 253 50 122 125 203 355 83 416 109 145 148 128 74 47 401 79 41 88
416 416 514 812 605 802 559 693 552 737 125 558 772 655 531 694 571 169 430 648 544 846 57 636 853 631 646 491 304 375 13 516 50 173 65 526 300 330 3 203 81 83 301 644 759 97 585 374 207 63 818 840 342 487 527 260 15 35 31 386 370 785 111 131 187 109 163 112 401 128 379 56 19 88 340 6 389 78 122 41 148 22 137 5 145 103
33 880 811 33 529 785 560 585 526 76 555 630 696 648 533 551 144 657 491 257 602 618 596 640 548 731 589 636 29 776 571 646 675 647 631 558 499 772 655 531 694 450 11 89 6 140 153 16 131 249 130 78 119 103 52 163 92 122 225 137 5 340 389 74 22
163 491 559 514 693 552 648 555 630 696 163 811 657 529 571 585 785 558 772 655 531 694 812 589 6 526 560 636 605 776 616 533 551 615 602 516 618 499 675 818 880 631 646 647 802 840 612 527 644 759 596 737 640 548 731 853 78 109 544 846 130 119 125 153 29 131 416 137 60 11 140 249 92 52 257 187 430 89 83 297 253 5 50 122 340 203 389 225 103 145 148 260 74 128 16 47 76 355 144 33 22 401 79 111 41 88 112 15 19
297 615 297 818 644 759 555 616 630 696 60 589 853 657 602 618 253 840 527 636 776 491 529 585 526 571 675 785 368 737 533 551 499 309 204 648 612 421 647 516 646 327 335 802 811 47 187 560 330 326 280 184 79 605 223 225 296 333 558 596 287 772 655 531 694 640 548 731 98 324 122 153 131 6 203 11 130 119 430 257 140 163 78 5 249 29 52 50 401 74 103 355 145 148 128 16 89 88 111 92 137 340 389 41
41 544 846 605 571 41 636 516 128 802 644 759 585 737 111 514 812 618 616 252 648 533 551 602 281 776 529 131 555 630 696 559 615 675 428 853 647 431 334 125 430 416 6 50 122 203 145 148 187 60 153 401 47 83 103 249 140 88 163 11 297 29 52 253 109 79
430 430 571 636 516 802 145 644 759 585 737 618 544 616 846 374 648 533 551 416 602 776 288 529 166 605 131 304 375 615 555 630 696 185 173 675 65 853 647 300 514 812 81 818 811 301 589 499 165 491 785 291 111 207 125 526 559 159 840 657 63 612 527 487 35 31 386 560 78 6 50 122 203 148 128 60 187 153 401 47 103 249 41 140 88 163 297 253 119 11 29 52 257 130 89 83 355 225 79 74 16 109
47 615 602 818 47 675 571 644 759 589 526 636 555 616 630 696 499 60 785 122 516 853 585 802 657 737 618 297 253 840 527 776 533 551 648 491 529 544 846 558 772 655 531 694 605 646 612 811 131 647 560 631 95 596 160 640 548 731 187 79 119 430 6 153 203 225 50 130 145 148 128 11 125 401 111 140 163 29 416 103 78 257 88 5 249 41 52 89 74 340 355 389 83 92 16 137 22
50 802 571 514 812 50 605 636 516 559 644 759 585 737 618 693 552 544 616 846 125 648 416 533 551 602 776 558 772 655 531 694 529 131 615 555 630 696 675 853 647 818 526 811 499 491 631 646 589 840 657 612 527 560 596 640 548 731 430 785 83 6 122 203 111 260 145 148 128 60 187 153 401 47 109 112 15 379 103 249 56 41 140 88 11 163 19 297 253 78 119 29 52 340 257 389 130 89 355 137 79 225 5 74 16 92 22
178 178 124 171 175 167 173 184 441 118 98 1 159 182 73
52 618 636 776 52 560 249 491 647 644 759 585 616 558 529 772 655 531 694 499 612 596 640 548 731 811 533 551 571 785 526 555 630 696 675 78 648 840 527 657 140 615 589 631 646 880 516 602 818 802 559 853 137 737 92 429 153 514 693 552 11 605 447 446 544 263 846 89 119 131 29 60 6 130 257 16 163 187 355 103 340 430 389 74 297 122 253 50 203 83 125 145 148 128 47 76 225 416 5 22 144 33 79 401 111 109 41 88
56 812 56 379 260 514 605 802 112 15 382 19 559 413 415 229 410 402 400 279 693 552 397 417 201 268 411 295 205 418 285 362 243 125 416 50 83 111 203 109
187 853 818 840 527 187 737 489 589 605 615 616 462 602 776 419 239 526 612 571 365 675 644 759 414 457 555 630 696 499 785 203 491 636 364 618 647 596 640 548 731 366 362 290 516 657 60 514 812 160 153 802 367 308 464 461 529 585 631 646 648 329 401 331 560 811 559 558 772 655 531 694 544 846 230 297 88 253 225 131 130 111 119 125 416 74 47 11 79 355 430 6 50 122 78 145 148 128 29 140 257 163 249 83 16 52 5 89 92 137 22 340 103 389 41 109
60 615 818 644 759 60 555 616 630 696 589 853 657 602 297 618 253 840 527 636 776 491 529 585 526 571 675 785 737 533 551 648 612 499 432 647 516 646 187 47 79 802 811 560 605 596 640 548 731 558 880 772 655 531 694 559 427 205 489 544 204 325 846 122 631 323 309 422 367 153 131 6 119 225 203 11 130 430 257 140 163 78 5 249 29 52 50 401 74 103 355 145 148 128 16 89 88 111 92 137 76 340 389 144 33 41 109 22
74 776 616 840 612 527 74 647 596 640 548 731 644 759 555 630 696 153 618 491 853 499 657 636 631 646 560 818 675 589 529 585 571 526 785 602 615 533 811 551 558 737 772 655 531 694 648 334 516 187 559 880 802 355 130 427 119 11 60 131 6 249 52 140 203 78 163 5 257 29 225 22 297 253 122 430 16 89 92 50 103 137 401 340 389 145 148 128 47 88 76 79 83 144 109 33
203 737 605 853 203 571 818 840 527 636 516 514 812 802 187 401 644 759 589 585 615 618 776 544 88 616 846 559 648 533 551 602 382 526 555 630 696 529 416 131 612 693 413 414 552 489 785 415 229 388 675 111 410 647 125 558 772 655 531 694 258 402 400 657 279 491 369 397 417 201 268 811 295 411 499 243 484 285 418 398 205 430 60 153 6 50 122 145 148 128 83 297 253 260 119 225 47 130 103 249 41 140 163 11 29 52 74 79 355 109 257 112 15 89 56 19 340 389 16
76 880 76 811 529 785 560 585 526 555 630 696 648 533 144 551 33 257 657 491 602 618 596 640 548 731 589 636 29 776 571 646 450 675 474 647 631 558 499 772 655 531 694 11 89 6 140 153 16 131 249 130 78 119 103 52 163 92 122 225 137 5 340 389 74 22
78 491 558 772 655 531 694 78 648 618 631 646 560 555 630 696 585 526 636 776 559 137 657 596 640 548 731 589 811 529 514 249 533 647 551 785 616 693 552 499 675 602 92 644 759 612 571 52 818 880 615 179 840 527 140 802 812 444 516 853 341 605 430 163 130 6 119 11 153 340 389 89 83 29 60 131 257 125 22 5 416 187 16 225 103 109 122 297 253 355 50 74 203 76 144 33 145 148 128 47 79
79 615 818 644 759 79 555 616 630 696 60 589 853 657 602 618 297 253 840 527 636 776 491 529 585 526 571 675 785 737 533 551 499 648 612 432 449 647 516 120 459 646 802 811 47 187 560 431 334 605 558 596 772 655 531 694 640 548 731 434 122 153 131 6 225 203 11 130 119 430 257 140 163 78 5 249 29 52 50 401 74 103 355 145 148 128 16 89 88 111 92 137 340 389 41
210 210 136 150 211 220 190 226 247 265 286 290 48 228 250 293 233 239 252 264 255 214 281 275 206 208
83 558 772 655 531 694 514 812 605 648 802 631 646 83 559 526 693 552 785 125 737 416 596 640 548 731 602 657 491 589 571 560 675 811 544 846 555 630 696 647 818 636 499 853 529 618 776 585 516 405 50 616 644 219 612 759 840 527 340 389 446 78 260 111 203 6 22 131 137 163 187 5 109 249 112 401 128 15 379 153 29 92 52 56 11 19 122 140 88 130 430 119 225 89 41 145 148 257 16 47 355 74 103
340 558 772 655 531 694 648 340 631 646 526 785 596 640 548 731 602 657 491 589 560 675 811 514 812 647 555 630 696 457 499 605 559 529 818 802 612 445 776 618 585 636 389 571 341 693 552 880 78 105 616 644 759 192 83 6 125 22 137 416 5 249 153 92 29 52 11 163 140 122 130 119 131 225 50 60 89 257 16 355 111 47 109 74 76 103 144 33
88 737 605 853 88 571 818 840 527 203 636 516 514 812 187 802 644 759 401 589 585 615 618 776 544 616 846 559 648 533 551 602 555 630 696 429 476 489 526 131 693 529 552 366 491 160 368 292 111 125 416 430 60 153 6 50 122 145 148 128 83 297 253 260 225 47 11 130 103 41 163 74 79 109 112 15 19
89 811 560 785 89 529 585 880 526 533 551 596 640 548 731 648 555 630 696 618 491 636 140 776 602 657 631 646 647 571 29 589 558 772 655 531 694 499 675 616 612 644 759 818 249 516 615 559 802 840 6 527 303 92 52 514 693 552 853 11 78 257 76 153 131 103 144 33 137 60 163 16 130 119 187 430 5 225 297 22 355 340 50 122 253 203 389 145 148 128 74 83 47 109 79 41
92 560 491 92 585 558 772 655 531 694 618 529 811 533 551 785 555 630 696 636 78 596 648 640 548 731 776 526 140 647 631 646 657 880 589 616 249 644 759 612 499 559 675 137 602 571 514 52 818 693 552 615 840 527 89 388 516 802 302 263 11 29 153 6 130 119 163 103 340 389 257 16 60 131 83 187 5 355 76 125 122 225 22 297 253 74 416 430 144 33 50 109 47 145 148 79
225 589 818 602 526 225 675 785 499 853 491 615 840 527 647 558 772 655 531 694 555 630 696 811 644 759 432 737 529 776 616 618 636 648 209 571 657 560 585 612 631 646 187 880 130 344 299 377 364 119 49 605 533 297 551 253 60 516 559 323 422 418 596 640 548 731 421 122 153 11 47 203 29 78 6 131 257 16 140 163 79 249 340 389 89 52 74 401 137 430 92 355 83 50 5 88 76 22 145 103 148 144 33 109
353 593 353 453 478 434 352 377 442 452 349 171 356 448 348 347 237 357 175 346 394 379
355 612 647 355 499 776 616 618 596 640 548 731 675 840 527 636 644 759 631 646 560 602 555 630 696 153 491 853 657 350 571 818 478 589 352 344 558 772 655 531 694 349 442 529 452 526 171 785 811 356 648 585 119 448 347 348 357 237 175 346 394 516 343 256 378 615 74 187 130 11 249 52 131 140 78 122 60 22 5 29 257 6 89 16 203 430 163 92 225 50 47 137 297 340 253 389 145 148 83 103 79
103 585 533 551 529 103 555 630 696 571 657 560 811 636 491 516 785 880 454 802 618 648 644 776 759 615 616 737 646 544 846 647 526 596 640 548 731 589 818 840 602 527 499 140 612 559 350 605 131 514 631 558 772 655 531 694 675 222 257 29 6 60 153 11 89 430 249 92 52 78 50 122 203 145 148 128 297 253 130 163 119 5 76 47 187 16 137 125 111 144 33 401 416 74 79 41 88 225 355 83 340 389 109 22
108 108 0 228 469 480 423 466 475 479 477 234 48 289 445 318 36 476 176
109 559 514 693 552 109 491 812 605 648 802 555 630 696 811 657 432 163 558 772 655 531 694 529 737 571 125 585 476 785 526 416 589 646 560 636 6 50 78 83 130 260 119 153 111 29 203 131 137 11 140 249 92 52 128 401 112 340 257 15 379 89 389 56 19 88 5 225 103 145 148 74 16 41
111 605 544 846 737 111 514 812 571 802 853 636 559 516 128 644 818 840 759 527 693 552 585 416 125 203 459 618 616 558 772 655 531 694 648 533 551 602 447 615 776 49 589 187 41 132 131 430 529 526 8 268 555 630 696 401 50 88 83 260 6 122 145 60 148 153 109 112 15 379 47 56 19 297 253 103 163 340 389 225 74 79
112 812 112 260 514 605 802 412 15 379 19 559 56 410 693 552 258 402 400 279 397 125 737 243 201 484 295 436 417 418 411 285 398 268 205 416 50 83 111 203 109 163 401 88
125 514 812 605 802 559 125 693 552 737 416 558 772 655 531 694 571 648 544 846 465 636 853 631 646 491 50 386 516 83 526 206 370 231 459 644 759 395 585 818 840 527 260 785 602 111 618 596 589 640 548 731 203 373 616 302 169 555 369 374 630 696 284 430 303 362 533 551 657 450 249 131 187 109 163 112 401 128 15 379 56 19 88 340 6 389 78 122 41 145 148 22 11 137 130 5 52 47 92 225 103 16
119 499 675 119 647 602 491 589 612 618 596 640 548 731 818 526 776 616 636 555 630 696 840 527 644 759 785 560 130 631 646 657 853 529 95 571 559 49 648 585 811 558 772 655 531 694 615 138 8 153 121 514 693 552 4 38 533 551 39 880 20 516 737 118 137 310 802 11 51 1 355 122 225 187 78 163 249 60 52 257 6 131 74 16 140 47 29 92 297 253 203 5 430 22 89 340 50 389 109 103 145 148 128 76 401 83 79 144 33 88
249 249 618 636 776 560 491 647 644 759 52 585 616 558 529 772 655 531 694 499 612 596 811 640 548 731 533 551 571 785 526 555 303 630 696 675 648 78 840 527 657 140 615 589 631 646 880 516 602 818 89 802 559 59 35 137 92 153 11 119 131 29 60 6 130 257 16 163 355 187 103 340 430 389 74 297 122 253 203 50 83 145 148 128 47 76 225 5 22 144 33 79 109 41
122 602 675 571 589 122 526 636 499 615 818 516 785 802 644 759 585 647 737 618 544 616 846 47 648 533 555 551 630 696 776 529 491 612 558 772 655 531 694 605 131 657 60 596 236 853 640 548 731 514 812 219 840 811 527 149 631 646 202 241 560 262 292 119 880 188 204 235 430 254 559 297 253 6 50 203 225 145 148 128 11 130 153 187 79 125 111 401 416 257 78 103 249 41 140 88 163 355 29 52 16 340 389 83 89 137 5 74 76 92 22 144 33 109
379 379 812 56 260 514 605 348 802 237 346 357 15 381 378 559 353 112 19 125 416 50 83 111 109
124 178 124 302 167 171
253 615 253 818 644 759 555 616 630 696 60 589 853 657 602 618 297 840 527 636 776 491 529 585 526 571 675 785 737 533 551 499 325 648 612 79 647 516 646 227 259 802 811 321 47 187 153 560 313 326 280 225 605 337 181 296 223 168 558 596 772 655 531 694 640 548 731 270 287 122 131 6 203 11 130 119 430 257 140 163 78 5 249 29 52 50 401 74 103 355 145 148 128 16 89 88 111 92 137 340 389 41
