128 128 1410 544 1480 846 605 432 1500 571 428 431 334 636 1514 1799 315 299 1572 737 1770 1457 160 452 316 188 358 427 450 196 205 339 325 170 422 323 380 8 309 421 474 138 367 409 448
257 257 529 880 1445 179 1398 811 445 585 442 284 785 308 8 105 555 630 696 533 551 119 560 372 13 359 102 399
389 389 408 558 772 655 531 694 385 263 648 1452 368 439 8 217 631 646 277 404 38 483 167 164 102 383 526 267 390 313 384 278 183
6 6 648 1398 811 555 630 696 1500 571 785 529 385 657 560 636 1514 1799 585 558 772 655 531 694 169 880 1445 491 166 526 404 533 1452 253 551 164 644 102 759 383
5 5 657 190 646 433 441 233 482 350 36 476 478 555 352 630 696 434 344 171 377 369 596 349 640 548 731 452 303 362 442 284 341 430 356 175 357 346 237 268 448 105 380 558 348 772 655 531 694 347 138 178
11 11 1385 406 526 1499 618 408 555 630 696 785 636 776 589 405 1594 491 602 385 657 435 1522 263 374 1421 647 1618 616 292 436 427 675 254 644 235 356 759 339 308 249 612 387 217 243 484 57 138 277 409 474
140 140 560 1421 1618 585 533 551 444 529 1398 811 618 596 640 548 731 362 341 450 339 387 57 237 474 175 178 26 785 177
15 15 1629 1481 370 812 1425 1748 395 388 445 302 374 284 303 362 416 249 57 237 305 26 371 251 375 372 4 379 13 164 300 224 65 193 3 173 185
144 144 880 1445 302 368 450 1398 387 57 811 474 319 26 192 166 305 381 195 359 13 331 102 383
19 19 1629 1481 382 812 1425 1748 413 229 415 410 258 402 400 279 397 417 295 201 418 285 268 205 243 398 484 411 57 192 346 294 396 224 146 195 253 270 332 215
148 148 516 432 459 1500 571 213 334 385 636 1514 1799 299 315 358 427 439 339 325 170 249 268 418 323 380 422 309 409 138 367 166
22 22 631 228 392 477 234 289 388 246 198 596 640 548 731 436 316 196 319 294 425 558 288 772 655 531 694 409 26 305 646 45 317 13 359 164 304
416 416 169 430 57 304 375 13 173 65 300 330 3 81 301 97 374 207 342 63 487 35 125 386 203 15 370 218 305 31 186 373 206 115 395 369 303 193 302 372 456 135 282 371 284 459 26 468 471 131 69 486 465 66 338 514 812 1452 328 460 470 231 454
33 33 880 1445 450 339 1398 811 474 240 297 371 483 331
163 163 491 559 514 693 552 1499 377 49 452 341 450 356 8 448 348 474 175 555 630 696 192 177 119
50 50 802 1500 571 636 1514 1799 217 448 121 483 167 102 644 759 39 399 383 267 20 321 375
178 178 171 175 167 184 173 441 118 98 1 182 73 94 159 111 124 139 103 16 140 86 48 135 123 5 131 130 29 69 126 145 486 117 41 55 79 25 14 0 108 100 66 77 1369 107 40
60 60 615 1666 1448 1622 1416 818 644 759 432 555 630 696 616 1556 853 589 1594 657 427 840 527 618 205 325 204 309 323 422 1522 367 636 491 529 166 1499 297 253 371 585 215 195 238 1500 571 602 227 483 335 327 187 426 489 1572 737 1770 1457 776 321 20 280 184 223 168 326 420 296 330 337 333 526
74 74 1522 776 616 334 840 612 527 427 325 249 277 422 1499 251 253 215 227 335 426 187 321 489 327 326
78 78 1506 491 1421 1618 179 558 772 655 531 694 1499 444 618 648 1452 341 430 339 631 646 555 630 696 121 357 119 4 636 776 38 379 407 359 426 39 194
340 340 457 558 772 655 531 694 445 648 1452 341 105 631 646 192 177 371 381 526 185 313 87 326 230 300
89 89 1398 811 785 560 303 529 249 880 1445 38 483 399 194
92 92 388 302 263 368 316 249 217 387 57 26 251 305 404 199
355 355 612 647 350 478 352 349 344 442 1522 452 171 356 347 348 448 357 237 175 499 346 443 776 616 394 256 378 618 596 640 548 731 343 376 840 527 675 354 441 298 345 336 232 351 24 127 84 472 353 70 153 152 186 54 94
103 103 454 585 533 551 350 529 222 170 249 217 409 277 178 251 199 121 555 404 630 696 407
108 108 1369 228 469 480 466 423 475 479 477 289 234 318 36 476 320 176 246 445 198 446 315 283 299 292 366 295 160 316 436 254 417 452 358 235 196 285 294 288 277 268 409 319 380 217 367
109 109 559 514 693 552 432 476 358 170 409 422 381 215 483 426 359
119 119 499 1499 675 647 491 602 95 49 589 1594 612 138 8 1522 121 4 38 39 618 20 596 118 818 640 548 731 137 776 616 310 51 1 43 526 111 53 291 298 555 840 440 636 630 696 527 132 124 1421 1618 78 86 1506 257 48 17 54 120 0 560 70 142 106 52 7 163 140 11 130 92 1385 644 135 71 759 16 69 14 110 129 148 141 131 486 516 1556
122 122 1416 602 675 236 1500 571 219 149 589 1594 241 202 526 262 636 1514 1799 292 499 188 254 235 204 277 785 240 199 238 259 818 644 102 759 278 242 194 157 271
124 124 302 387 178 26 119 167 483 426 164 102 383
125 125 514 812 1452 605 465 386 1480 559 370 206 231 1629 1481 459 395 693 552 1572 737 1770 1457 1425 373 1748 169 302 374 369 284 558 772 655 531 694 303 362 416 430 450 249 375 305 57 372 26 371 398 81 304 65 648 394 38 187 300 13 331 489 63 173 487 3 193
