128 1410 544 1480 846 605 1500 571 636 1514 1799 128 644 759 516 585 1572 737 1770 1457 802 618 616 533 551 1416 514 812 1452 776 529 1556 853 648 1421 1618 602 555 630 696 647 1522 840 432 527 818 612 559 675 657 499 125 428 1629 615 1666 1448 1622 1481 431 334 1398 811 1499 491 589 6 50 122 148 416 60 103 140 11 119 163 257 355 74 89 109 15 19
257 529 880 1445 1398 811 1385 585 257 785 555 630 696 533 551 560 657 526 1499 491 618 1522 1500 571 636 776 589 1594 11 648 596 640 548 731 602 616 1421 1618 1514 1799 612 675 646 647 818 840 527 644 759 179 631 615 1666 1448 1622 499 406 144 1416 33 1556 853 1506 445 516 1572 737 1770 1457 558 772 655 531 694 442 284 6 89 60 103 140 119 78 163 5 122 50 74 355 148 128 92 22 340 389
389 558 772 655 531 694 648 1452 631 646 526 389 785 596 640 548 731 1506 602 589 1594 657 675 560 1398 811 647 491 1421 1618 499 514 812 1499 818 408 1522 612 555 630 696 1385 605 340 529 776 78 616 385 559 1480 880 618 1445 263 1416 1556 853 585 802 636 840 527 368 439 6 125 1500 571 1629 644 1481 759 1572 8 217 737 1770 1457 277 693 22 5 416 11 122 92 119 163 50 140 60 89 355 74 257 109 144 33 103 15 19
6 648 1398 811 555 630 696 1500 571 785 6 529 491 657 560 636 1514 1799 585 558 772 655 531 694 559 880 1445 526 533 1452 551 644 759 516 616 1572 737 1770 1457 514 693 552 1499 631 646 1522 618 802 596 640 548 731 589 1594 602 1410 1416 605 1506 647 1421 1618 776 1385 1556 853 163 615 1666 1448 1622 499 675 840 612 544 1480 527 846 385 818 812 169 89 60 50 122 78 140 257 11 148 128 340 389 125 119 5 103 144 109 33 416 22 74 92 355
5 657 646 555 630 696 596 640 548 731 558 772 655 531 694 631 5 648 1452 560 491 529 1522 647 585 612 776 616 1499 526 533 551 1398 811 840 527 499 1385 190 785 675 618 615 1666 1448 1622 433 644 1506 759 636 441 233 602 1500 571 880 1445 1556 853 1416 818 589 1594 1514 1799 514 482 350 36 476 559 1421 1618 1572 737 1770 1457 6 60 340 389 11 119 78 22 140 257 125 355 163 74 103 89 122 416 50 92 144 33 148 109
11 1385 526 1499 618 555 785 630 696 636 776 589 1594 491 602 11 1421 1618 529 657 1522 675 647 616 585 644 759 1398 811 612 818 499 880 1445 560 533 551 558 772 655 531 694 840 527 1500 406 571 596 640 548 731 648 1556 1506 853 631 646 1452 1416 1514 1799 257 615 1666 1448 1622 140 119 408 516 559 1572 737 1770 1457 405 802 385 514 60 78 6 122 89 163 355 92 74 5 103 144 340 33 389 50 125 22 148 128 109
140 560 1421 1618 585 533 551 1398 811 529 140 1385 618 596 785 640 548 731 636 1506 776 647 555 630 696 880 491 1445 1500 571 631 646 644 759 616 1522 612 657 526 1499 499 1514 1799 89 675 648 92 589 1594 11 840 527 602 558 772 655 531 694 78 516 1572 737 1770 1457 1556 853 1416 818 802 1452 444 615 1666 1448 1622 1410 406 103 6 257 60 119 355 122 163 50 5 144 33 22 74 148 128 340 389
15 1629 1481 812 1425 1748 15 514 1452 605 19 1480 559 802 125 370 395 388 416 693 552 445 1572 737 1770 1457 302 374 284 558 303 362 772 655 531 694 57 249 50 109 128 163 340 389
144 880 1445 1398 811 785 529 144 560 526 585 555 630 696 1385 257 33 533 596 551 640 548 731 648 602 657 589 1594 491 631 646 675 1500 571 1522 636 558 776 772 655 531 694 618 647 302 1421 1618 1499 368 499 450 612 89 6 11 140 103 119 163 122 78 92 5 22 340 389 74
19 1629 1481 812 1425 1748 19 514 1452 605 15 1480 559 802 125 382 413 693 552 415 229 1572 737 1770 1457 410 258 402 400 279 558 772 655 531 694 397 417 201 416 50 109 128 163 340 389
148 516 1500 571 636 1514 1799 644 759 148 585 1572 737 1770 1457 802 618 616 1410 533 551 605 1416 776 529 544 1480 846 1556 853 648 1421 1618 602 647 555 630 696 1522 840 527 818 612 675 499 615 1666 1448 1622 657 432 1398 811 1499 459 491 1385 213 589 1594 596 526 640 548 731 6 50 560 122 334 785 385 128 60 103 125 140 11 119 257 163 78 416 355 89 74 92 5
22 631 596 640 548 731 558 772 655 531 694 646 648 1452 560 22 647 526 1522 612 776 499 785 616 675 1398 811 657 1506 618 840 527 602 228 1499 589 1594 636 644 759 529 555 630 696 392 477 1556 491 1421 853 234 1618 880 1445 289 514 812 388 585 818 246 198 1500 571 1385 605 340 436 316 389 196 78 119 6 5 125 140 355 74 416 89 11 60 122 92 257 163 50 144 33 103
416 416 514 812 1452 605 1629 1481 1480 559 802 125 1425 1748 693 552 1572 737 1770 1457 558 772 655 531 694 169 648 430 465 57 1410 386 1556 853 631 646 375 1500 571 13 304 370 173 206 65 459 526 300 395 544 231 846 3 374 330 50 81 301 97 373 302 303 369 636 1514 1799 63 15 305 487 35 207 818 840 372 284 527 491 31 371 193 342 785 26 218 115 203 596 186 19 128 109 163 340 389 6 78 22 122 5 148
33 880 1445 1398 811 785 529 33 560 526 585 555 630 696 144 1385 257 533 596 551 640 548 731 648 602 657 589 1594 491 631 646 675 1500 571 1522 636 558 776 772 655 531 694 618 647 1421 1618 1499 499 450 612 89 6 11 140 103 119 163 122 78 92 5 22 340 389 74
163 491 559 514 693 552 1499 648 555 630 696 163 1506 657 529 1398 811 1522 589 1594 585 6 1500 571 776 1452 616 785 526 1421 558 1618 772 655 531 694 1385 533 551 602 818 812 560 840 612 675 636 1514 527 1799 499 605 647 618 880 596 1445 1556 640 548 731 853 1480 644 759 78 631 646 109 615 1666 1448 1622 516 1416 1572 737 1770 1457 119 125 802 1629 1481 11 60 416 140 257 92 89 5 74 50 103 122 355 340 389 148 128 144 33 22 15 19
50 802 1500 571 636 1514 1799 50 514 812 1452 605 1572 644 737 1770 1457 759 516 585 1480 618 616 1410 559 533 551 125 1629 1481 1416 776 1556 529 648 853 544 846 693 552 1425 1748 1421 1618 602 647 558 772 655 531 694 555 840 630 696 527 1522 416 818 612 675 499 615 1666 1448 1622 589 465 1594 657 526 785 491 1499 1398 811 560 631 646 596 640 548 731 1385 386 6 122 148 128 60 103 140 163 11 119 109 15 78 19 257 340 389 355 89 74 5 92 22
178 178 124 171 175 167 173 184 118 441 98 1 159 182 111 73 94
60 615 1666 1448 1622 1416 818 644 759 60 555 616 630 696 1556 853 589 1594 657 840 602 527 618 776 636 491 529 1522 1499 585 675 1500 571 1572 737 1770 1457 526 533 551 612 785 1514 1799 647 1421 1618 432 1385 605 1398 811 646 648 596 640 548 731 560 1480 122 516 499 427 1506 205 802 204 325 558 772 655 531 694 323 631 309 422 367 6 119 11 78 5 257 140 74 163 355 103 50 148 128 89 92 340 389 22
74 1522 776 616 840 612 527 1499 647 596 640 548 731 644 759 74 555 630 696 618 1556 853 491 499 657 818 631 646 560 636 589 1594 675 529 585 1421 1618 1385 1500 1572 571 737 1770 1457 602 526 785 1398 533 811 551 558 772 655 531 694 1514 1799 1506 605 615 1666 1448 1622 1452 119 355 648 1480 880 334 1445 516 559 1416 802 427 11 60 6 78 140 163 5 257 22 122 89 103 50 125 340 389 148 128 92 144 33 109
78 1506 491 1421 1618 558 772 655 531 694 78 1499 618 648 1452 631 646 555 776 630 696 636 526 589 1594 647 657 1522 596 640 548 731 616 560 644 585 759 529 785 1385 559 602 612 675 499 1398 92 811 514 818 533 551 1500 571 693 552 840 527 179 140 1514 1799 1556 853 444 880 1445 812 1416 341 163 615 1666 1448 1622 430 119 340 389 6 11 125 60 89 22 5 257 355 416 122 74 103 50 109 148 144 33
340 558 772 655 531 694 648 1452 631 646 340 526 785 596 640 548 731 1506 602 589 1594 657 675 560 1398 811 647 491 1421 1618 499 514 812 1499 818 1522 612 555 630 696 1385 457 605 529 389 776 78 616 445 559 1480 880 618 1445 1416 1556 341 853 585 802 636 840 527 6 125 1500 571 105 1629 644 1481 759 1572 737 1770 1457 192 177 693 22 5 416 11 122 92 119 163 50 140 60 89 355 74 257 109 144 33 103 15 19
89 1398 811 785 560 529 880 89 1445 1421 1618 526 585 596 640 548 731 555 630 696 648 533 551 140 602 631 646 1385 618 589 657 1594 647 675 491 636 1522 1506 1500 571 558 772 655 531 694 612 776 616 818 6 644 759 499 1514 1799 1452 840 527 1499 303 1416 249 1556 853 257 92 11 144 33 78 60 103 163 122 119 5 22 355 340 389 74 50 148 128
92 1506 1421 1618 92 560 491 585 78 558 618 772 655 531 694 533 551 140 529 1398 811 1499 776 636 1385 555 785 630 696 648 1452 596 640 548 731 647 631 646 526 657 644 759 616 1522 589 1594 612 499 880 1445 1500 571 675 602 388 559 818 302 263 1514 1799 89 11 6 119 163 103 340 389 60 125 257 5 355 22 122 74 144 33 148 109
355 612 647 1522 499 776 355 616 596 640 548 731 618 840 675 527 1499 636 644 759 631 646 560 555 630 696 602 1421 1556 1618 853 491 657 818 589 1594 1385 1500 571 529 558 772 655 531 694 1398 811 585 350 1572 737 1770 1457 785 119 1514 1799 352 478 648 526 349 344 442 452 615 1666 1448 1622 1506 1452 171 533 356 551 347 448 348 357 237 175 346 394 74 605 1416 343 880 516 256 1445 378 354 11 60 140 78 122 22 5 6 163 257 89 50 340 389 92 148 128 103 144 33
103 585 533 551 529 555 630 696 1500 571 103 657 636 1514 1799 1398 811 491 785 560 644 759 616 516 1522 1421 1572 1618 737 1770 1457 776 618 880 1445 454 1499 802 1385 648 1416 1410 605 647 615 1666 1448 1622 1556 853 840 612 646 527 140 596 640 548 731 544 1480 1506 846 589 1594 602 499 350 526 818 558 772 655 531 694 6 257 675 559 631 222 60 11 50 122 89 148 128 78 92 5 119 163 74 144 33 125 355 340 389 22 109
108 1369 108 228 469 480 423 466 475 479 477 234 289 318 36 476 176
109 559 514 693 552 109 491 812 1452 605 1499 1480 163 648 555 630 696 802 125 1629 1481 432 1506 657 1572 737 1770 1457 558 772 655 531 694 476 1425 1748 529 1398 811 1522 589 1594 1500 571 585 416 6 50 78 119 11 128 15 19 340 389 92 74 5 103
119 499 1499 675 119 647 602 491 589 1594 612 1522 526 776 618 596 818 640 548 731 616 1385 785 555 630 696 840 527 636 644 759 1556 853 1421 1618 560 631 646 657 1416 1506 558 772 655 531 694 1398 811 529 1500 95 571 585 49 648 559 1452 138 8 615 1666 1448 1622 1572 737 1770 1457 121 1514 1799 38 4 533 551 39 11 880 514 693 20 1445 552 118 137 51 1 310 355 122 78 163 60 74 6 257 140 5 22 340 89 389 92 50 103 109 148 128 144 33
122 1416 602 675 1500 571 589 1594 526 636 1514 1799 499 122 818 785 615 1666 1448 1622 644 759 516 585 1572 737 1770 1457 647 1499 618 802 1556 853 616 1410 533 551 776 605 529 648 612 555 630 696 840 491 1398 527 811 60 558 544 1480 772 655 531 694 846 1522 1421 1618 1385 596 640 548 731 1452 657 236 560 219 631 646 149 202 241 119 880 1445 262 292 204 188 235 254 6 50 148 128 11 140 103 125 355 257 89 340 389 163 78 416 74 5 22 92 144 33
124 178 124 171 175 167 173 302 184 118
125 514 812 1452 605 1480 559 802 1629 1481 125 693 552 1572 737 1770 1457 1425 1748 558 772 655 531 694 416 648 1410 1556 853 631 646 1500 571 465 526 544 846 386 50 636 1514 1799 818 840 527 491 206 370 785 459 231 596 640 548 731 395 602 1506 169 589 1594 644 759 373 430 516 585 302 374 57 369 284 303 362 375 675 1499 450 618 372 249 13 128 109 15 163 19 340 389 78 22 6 122 5 148 11 92 103
