128 1410 544 1480 846 605 1500 571 636 1514 1799 128 516 644 759 802 585 1572 737 1770 1457 618 616 514 812 1452 1416 533 551 776 648 529 602 1556 853 1421 1618 647 555 559 630 696 1522 675 615 1666 1448 1622 840 432 818 527 1629 1481 612 499 589 1398 1594 811 785 526 125 657 693 552 428 1499 558 1385 772 655 531 694 491 431 334 560 6 50 122 416 148 60 103 140 11 119 163 257 78 89 355 109 74 15 92 340 389 19
257 529 880 1445 1385 1398 811 585 785 257 555 630 696 533 560 551 657 526 1499 618 491 1522 636 776 589 1500 1594 571 648 602 1421 1618 616 596 11 640 548 731 675 612 647 646 1514 1799 818 644 759 499 615 1666 1448 1622 840 527 1416 1506 631 516 179 1556 853 558 772 655 531 694 144 33 802 1572 445 559 737 1770 1457 406 1410 442 284 6 89 140 119 60 103 78 163 122 5 74 50 355 92 148 128 340 22 389 109
389 558 772 655 531 694 648 1452 631 646 526 389 1506 785 596 640 548 731 602 657 589 1594 560 675 491 1421 1618 1398 811 514 812 647 499 1499 1385 605 1522 818 408 612 529 776 555 630 696 559 340 802 1480 618 616 1416 78 636 880 1445 385 1500 571 693 263 840 1629 552 527 1481 1556 853 1572 644 737 1770 1457 759 368 585 439 6 125 8 217 277 22 416 5 11 92 122 163 140 50 119 89 60 355 257 74 109 128 144 33 15 19 103
6 648 1398 811 555 630 696 1500 571 785 491 6 529 657 560 559 636 1514 1799 585 558 772 655 531 694 880 1445 516 526 514 693 552 533 1452 551 644 759 1499 802 616 1572 737 1770 1457 631 646 1522 1410 776 618 1506 1416 596 589 640 548 731 1594 602 1421 605 1618 1385 615 1666 1448 1622 647 544 1480 846 499 1556 853 675 163 840 612 527 812 818 385 169 89 60 78 140 50 122 257 11 125 148 128 119 340 389 109 5 103 144 416 33 92 22 74 355
5 657 646 555 630 696 596 640 548 731 558 772 655 531 694 631 5 648 1452 560 491 529 1522 647 585 612 776 1499 616 526 533 1398 551 811 1385 840 527 499 615 1666 1448 1622 1506 190 785 644 618 759 675 433 636 1416 441 233 602 880 1445 1500 571 818 1556 853 589 1594 559 1514 1421 1799 1618 482 514 812 605 350 36 476 693 552 802 1572 737 1770 1457 6 60 340 389 11 119 78 140 22 257 163 125 355 74 103 89 416 122 50 92 144 33 148 109
11 1385 526 1499 618 555 785 630 696 636 776 589 1594 491 529 602 1421 1618 11 657 675 1522 585 647 616 1398 811 880 1445 644 759 499 560 612 818 533 551 1506 558 772 655 531 694 840 527 1500 571 596 640 548 731 406 648 1416 1556 853 631 646 615 1666 1448 1622 1452 1514 1799 257 140 119 516 559 408 802 1572 737 1770 1457 514 405 1410 693 552 385 78 60 6 89 122 92 163 355 74 5 103 144 33 340 389 50 125 148 22 128 109
140 560 1421 1618 585 1398 811 533 551 1385 529 140 1506 618 785 596 640 548 731 636 776 555 630 696 491 647 880 1445 526 1499 631 646 1500 571 644 759 1522 616 612 657 648 499 1514 1799 675 89 589 1594 558 772 655 531 694 602 92 840 527 11 516 78 1416 1452 818 802 615 1666 1448 1622 1572 737 1770 1457 1556 853 1410 559 444 103 6 257 119 60 163 355 122 144 33 5 50 22 74 148 128 340 389 109
15 1629 1481 812 1425 1748 15 514 1452 605 802 1480 559 19 370 125 693 552 395 416 1572 737 1770 1457 388 558 772 655 531 694 445 302 374 284 303 362 249 57 50 109 128 163 340 389
144 880 1445 1398 811 529 785 144 560 526 585 1385 555 630 696 533 551 648 257 33 596 640 548 731 657 602 491 589 1594 1500 571 1499 1421 1618 631 646 636 1522 675 618 647 558 772 655 531 694 616 499 818 612 302 1514 1799 368 1506 644 450 776 759 89 6 11 140 103 60 163 78 119 122 92 5 355 340 389 74 22 148
19 1629 1481 812 1425 1748 19 514 1452 605 802 1480 15 559 125 382 693 552 1572 737 1770 1457 413 558 772 655 531 694 415 229 410 416 258 402 400 279 397 417 201 50 109 128 163 340 389
148 516 1500 571 636 1514 1799 644 759 148 802 585 1572 737 1770 1457 1410 618 616 1416 533 605 551 544 1480 846 776 648 529 602 1556 853 1421 1618 647 555 630 696 818 1522 675 615 1666 1448 1622 840 527 612 499 1398 811 657 1385 491 1499 589 1594 432 514 526 560 459 812 1452 785 596 640 548 731 213 6 50 122 558 772 655 531 694 1506 334 646 880 1445 385 559 128 60 125 103 140 11 119 416 163 257 78 89 355 74 92 5 340 389 144 33 109
22 631 596 640 548 731 558 772 655 531 694 646 648 1452 560 22 647 526 1522 612 776 657 499 1506 785 616 1398 811 675 618 840 527 602 228 1499 589 1594 636 529 644 759 555 630 696 491 1421 1618 392 514 812 477 1556 880 853 234 1445 289 1385 605 388 1500 571 585 818 246 198 559 316 340 436 389 196 802 78 119 6 5 125 140 355 416 74 89 11 60 92 257 122 163 50 144 33 103 109
416 416 514 812 1452 605 802 1480 1629 1481 559 125 1425 1748 693 552 1572 737 1770 1457 558 772 655 531 694 1410 648 1500 571 169 1556 853 631 646 430 544 846 57 465 386 526 636 1514 1799 304 13 375 50 491 173 370 65 206 300 3 330 459 818 840 81 395 527 374 1506 516 301 97 231 785 15 63 487 35 373 207 596 640 548 731 303 644 302 759 369 589 1594 305 342 31 602 284 585 372 371 193 26 218 115 203 128 19 109 163 340 389 78 6 122 22 148 5 103
33 880 1445 1398 811 529 785 33 560 526 585 1385 555 630 696 533 551 648 144 257 596 640 548 731 657 602 491 589 1594 1500 571 1499 1421 1618 631 646 636 1522 675 618 647 558 772 655 531 694 616 499 818 612 1514 1799 1506 644 776 759 450 89 6 11 140 103 60 163 78 119 122 92 5 355 340 389 74 22 148
163 491 559 514 693 552 648 1499 555 630 696 163 1506 657 1398 811 529 1522 1500 589 571 1594 585 1452 785 6 776 1421 558 1618 772 655 531 694 1385 616 526 812 560 636 1514 1799 533 551 605 499 602 675 818 840 612 527 618 647 880 1445 516 596 644 640 548 731 759 615 1666 1448 1622 1556 631 646 853 1416 802 1572 737 1770 1457 78 109 1410 1629 1481 119 125 544 1480 846 416 11 60 140 92 257 89 5 50 74 122 340 389 103 355 148 128 144 33 22 15 19
50 802 1500 571 636 1514 514 812 1452 1799 50 605 516 1480 1572 737 1770 1457 644 759 585 1410 559 618 616 1629 1481 1416 533 551 648 125 544 846 693 552 776 1556 853 529 1425 1748 602 558 772 655 531 694 1421 416 1618 818 647 555 630 696 840 527 1522 675 615 1666 1448 1622 491 526 612 499 785 1398 811 631 646 657 1385 1499 589 1594 596 640 548 731 560 465 6 122 148 128 60 163 103 140 109 11 15 119 19 257 340 389 78 89 355 74 5 92 22
178 178 124 171 175 167 173 184 118 441 98 1 182 159 111 73 94
60 615 1666 1448 1622 1416 818 644 759 60 555 616 630 696 1556 853 589 1594 657 602 840 527 618 776 636 491 529 1499 1522 585 675 1500 571 1572 737 1770 1457 526 533 551 612 1385 785 1514 1799 647 1421 1618 432 646 648 605 1398 811 516 560 596 640 548 731 1480 1506 122 802 499 427 1410 880 1445 205 204 325 558 772 655 531 694 323 631 309 422 367 6 119 11 257 78 140 5 163 74 355 103 50 148 128 89 92 340 389 144 33 22
74 1522 776 616 840 612 527 1499 647 596 640 548 731 644 759 74 555 630 696 618 1556 853 491 499 657 818 631 646 560 636 589 1594 675 1385 529 585 1421 1618 1500 571 1572 737 1770 1457 526 602 785 1398 811 533 1506 551 558 772 655 531 694 1514 1799 615 1666 1448 1622 605 648 1452 516 119 880 355 1445 559 1480 1416 334 802 1410 514 693 552 427 11 60 6 78 140 163 5 257 22 122 89 50 103 92 125 340 389 148 128 144 33 109
78 1506 491 1421 1618 558 772 655 531 694 78 1499 618 648 1452 631 646 555 776 630 696 636 526 560 1385 589 1594 647 657 585 559 596 640 548 731 1522 529 616 644 499 759 785 1398 811 675 602 514 612 533 551 693 552 92 818 1500 571 840 527 179 140 880 1445 1514 1799 1556 853 1416 812 444 615 1666 1448 1622 802 1572 737 1770 1457 516 605 341 163 430 119 6 340 11 389 89 125 60 22 5 257 416 355 122 103 109 74 50 148 128 144 33
340 558 772 655 531 694 648 1452 631 646 340 526 1506 785 596 640 548 731 602 657 589 1594 560 675 491 1421 1618 1398 811 514 812 647 499 1499 1385 605 1522 818 612 529 776 457 555 630 696 559 802 389 1480 618 616 1416 78 636 445 880 1445 1500 571 693 840 1629 552 527 1481 1556 853 341 1572 644 737 1770 1457 759 585 6 125 105 192 177 22 416 5 11 92 122 163 140 50 119 89 60 355 257 74 109 128 144 33 15 19 103
89 1398 811 560 785 529 880 89 1445 1421 1618 526 585 596 640 548 731 648 555 533 630 696 551 1385 1506 618 140 602 491 631 646 636 657 647 589 1594 675 1500 571 1522 776 558 772 655 531 694 612 616 644 759 1499 1514 1799 499 818 1452 6 1416 840 527 516 559 1556 853 615 1666 1448 1622 303 802 92 1572 257 737 1770 1457 249 11 78 144 33 103 60 163 122 5 119 355 22 340 389 50 74 148 128 109
92 1506 1421 1618 560 491 92 585 618 558 772 655 531 694 1398 811 533 551 529 1385 1499 78 776 785 636 555 140 630 696 648 1452 596 640 548 731 647 526 631 646 657 644 759 616 1522 589 1594 880 612 1445 499 675 1500 571 602 559 514 818 1514 1799 840 388 527 89 693 552 302 263 11 6 119 163 103 340 389 257 60 125 5 355 22 122 74 50 144 33 109 148
355 612 647 1522 499 776 355 616 596 640 548 731 618 840 675 527 1499 636 644 759 631 646 560 555 630 696 602 1421 1556 1618 853 491 657 1385 818 589 1594 1500 571 529 558 772 655 531 694 1398 811 585 785 350 1572 737 1770 1457 119 615 1666 1448 1622 526 648 1506 1514 478 1799 352 344 349 1452 442 171 452 533 551 356 347 348 448 237 1416 516 357 346 175 880 1445 394 74 605 802 343 378 256 443 354 11 60 140 78 122 22 5 6 257 163 89 50 92 340 389 148 128 103 144 33
103 585 533 551 529 555 630 696 1500 571 103 657 636 1514 1799 1398 811 491 560 516 785 1421 1618 644 759 880 1445 616 618 1385 802 776 1522 1572 737 1770 1457 648 1499 1416 1410 454 615 1666 1448 1622 1506 605 646 647 544 1480 846 1556 596 853 640 548 731 840 612 527 602 140 589 1594 499 526 558 818 772 655 531 694 559 675 350 1452 514 631 6 257 222 60 11 89 50 122 78 92 148 128 163 119 5 144 125 33 74 355 416 340 389 109 22
108 1369 108 228 469 480 423 466 475 479 477 234 289 318 36 476 176
109 559 514 693 552 109 491 812 1452 605 648 1499 802 1480 555 630 696 1506 163 1629 1481 125 657 558 772 655 531 694 1398 811 1572 737 1770 1457 432 529 1425 1748 1522 1500 589 571 1594 585 476 416 526 785 646 6 1421 1410 1618 1385 631 776 616 560 636 1514 50 78 119 11 128 140 15 340 92 389 19 257 89 5 74 103 148 22
119 499 1499 675 119 647 602 491 589 1594 612 1522 526 776 618 1385 596 818 640 548 731 616 785 555 630 696 840 527 636 1421 644 1618 759 1416 1506 1556 853 560 657 631 646 1398 529 558 811 772 655 531 694 1500 648 571 559 585 95 49 615 1666 1448 1622 1452 1572 737 1770 1457 8 138 1514 1799 514 693 533 552 551 121 4 39 38 11 20 516 880 118 1445 137 51 605 1 355 122 78 163 60 74 6 257 140 5 92 22 340 389 125 50 109 103 148 128 89 144 33
122 1416 602 675 1500 571 589 1594 526 636 1514 1799 499 122 615 1666 1448 1622 818 785 516 644 759 802 585 1572 737 1770 1457 647 1499 1410 1556 853 618 616 533 605 551 776 648 529 555 630 696 544 1480 846 612 491 1398 840 811 527 60 558 772 655 531 694 1385 1522 1421 1618 657 1452 596 640 548 731 560 236 219 631 646 880 1445 149 202 241 119 262 292 204 188 514 812 235 254 6 50 148 128 11 125 140 103 355 257 416 163 89 340 389 78 74 5 92 144 22 33
124 178 124 171 167 302 175 173 184
125 514 812 1452 605 802 1480 559 1629 1481 125 693 552 1572 737 1770 1457 1425 1748 558 772 655 531 694 416 1410 648 1500 571 1556 853 631 646 544 846 465 526 636 1514 1799 386 50 491 818 840 527 1506 516 206 370 785 459 231 602 596 640 548 731 644 395 759 585 589 1594 169 373 1499 618 430 302 657 374 369 284 675 776 616 57 1421 303 362 1618 555 630 696 1416 1522 375 450 533 551 372 647 249 128 109 15 163 19 340 389 78 6 122 60 22 148 5 11 92 103 74
