128 1410 544 1480 846 605 1500 571 636 1514 1799 128 3293 3584 3218 3290 802 644 759 514 812 1452 1416 585 1572 737 1770 1457 618 616 516 533 602 551 776 559 3277 529 1556 853 675 1629 1481 3183 1421 1618 647 555 630 696 3228 615 1666 1448 1622 589 1594 693 552 499 1522 818 840 432 527 648 558 1425 772 655 531 694 3557 3508 526 1748 612 3425 785 657 428 3331 1499 3246 1398 431 334 1506 811 491 6 148 103 140 119 11 355 19 74
355 612 647 1522 499 776 355 616 596 640 548 731 618 840 675 527 1499 636 644 759 631 646 560 555 630 696 602 3173 1421 1556 1618 853 491 818 657 3290 589 1594 526 3228 615 1666 1448 1622 1500 571 3246 1506 785 3331 529 558 772 655 531 694 3557 3508 1398 811 585 350 1572 3260 737 1770 1457 119 478 1416 1385 1514 1799 352 3257 3425 648 344 349 442 452 1452 171 3218 802 533 356 551 448 347 348 357 237 175 346 880 1445 3201 74 559 394 3277 605 343 256 378 354 11 140 22 6 148 128 103 144
6 648 3331 1398 811 491 555 630 696 1500 571 559 3277 785 3257 6 529 657 560 636 1514 514 1799 585 558 772 655 531 694 3557 3508 693 552 3173 3218 3290 3425 802 3246 1506 880 1445 3201 1499 526 1416 644 533 1452 759 551 3260 616 1572 737 1770 1457 631 646 602 589 1522 3228 1594 615 1666 1448 1622 618 1421 1618 596 640 548 731 3293 3584 516 647 675 776 1556 605 853 499 812 840 612 818 1410 527 1385 544 1480 846 385 169 140 119 11 148 128 103 144 22 74 355
103 585 533 551 529 555 630 696 1500 571 3425 103 657 636 1514 1799 1398 811 491 3173 3218 3290 802 880 1445 3201 1416 644 759 785 616 1522 3228 615 1666 1448 1622 1572 3257 3260 737 1770 1457 776 3331 618 454 646 3246 1506 560 1499 516 1421 602 1618 1556 853 526 3293 3584 605 589 1594 647 840 612 818 527 140 648 514 1410 1385 675 559 3277 499 596 640 548 731 812 1452 558 772 655 531 694 3557 3508 350 544 1480 846 631 6 693 552 222 11 148 128 119 144 74 355 22
74 1522 776 616 840 612 527 1499 647 596 640 548 731 644 759 74 555 630 696 618 1556 853 491 499 657 3173 818 631 646 560 636 589 1594 675 3331 529 585 1421 1618 3246 1506 1500 1572 571 737 1770 1457 3228 615 1666 1448 1622 602 3425 3290 3260 533 551 1398 526 1385 811 785 558 772 655 531 694 3557 3508 1514 1799 559 3257 3277 1416 3218 605 802 1452 880 119 1445 3201 355 514 693 334 552 3293 1480 3584 427 648 11 6 140 22 103 148 128 144
11 1385 3425 526 1499 618 529 555 785 630 696 636 776 589 1594 491 602 880 1445 3201 11 657 1421 1618 1522 675 1398 811 647 616 644 759 818 3246 1506 612 3173 3290 3331 585 1416 499 558 3228 772 655 531 694 3557 3508 615 1666 1448 1622 840 527 3257 3260 406 1500 571 596 1556 640 548 731 853 533 551 560 648 631 646 1452 559 1514 3277 1799 140 3218 119 514 802 408 693 552 405 1572 737 1770 1457 3293 3584 385 6 144 355 74 103 22 148 128
140 3257 3260 560 1421 1618 585 3246 1506 1398 811 533 551 529 785 140 618 491 596 640 548 731 636 1385 880 1445 3201 776 647 555 630 696 3331 1500 558 571 772 655 531 694 3557 3508 631 646 644 759 3173 616 1522 612 648 657 3425 1514 1452 1799 499 3290 526 1499 3218 802 1416 675 11 559 3228 3277 615 1666 1448 1622 840 527 514 1572 737 1770 1457 589 1594 3293 818 1556 3584 853 693 552 406 444 605 516 602 6 103 144 355 119 22 74 148 128
144 880 1445 3201 3425 1398 811 529 785 3257 144 560 585 526 555 630 696 533 551 1385 657 596 640 548 731 602 3173 491 589 1594 648 1522 631 646 1500 571 3290 675 3260 776 1416 636 3246 647 1506 1499 3331 818 3228 615 1666 1448 1622 558 772 655 531 694 3557 3508 1421 302 618 1618 612 499 644 11 759 616 368 1514 1799 450 6 140 103 119 355 74 22 148
19 1629 1481 3183 812 1425 1748 3293 3584 19 514 1452 605 3218 802 1480 559 3277 693 552 1572 737 1770 1457 558 3331 772 655 531 694 3557 3508 1500 571 382 413 415 229 648 410 636 1514 258 402 1799 400 279 397 417 201 1556 631 646 853 128 6 148 22
148 516 1500 571 636 1514 1799 3218 3290 802 644 759 148 1416 585 1572 737 1770 1457 618 616 533 602 551 3293 3584 605 776 1410 529 1556 853 675 514 812 1452 1421 1618 647 555 630 696 3228 615 1666 1448 1622 589 1594 544 1480 499 1522 846 818 840 527 648 526 612 3425 657 3331 1499 785 559 3277 432 491 459 3246 1506 213 6 3173 1629 596 3260 1481 3183 646 558 640 548 731 772 655 531 694 3557 3508 334 560 693 552 1398 811 3257 385 128 103 140 119 11 355 74 19
22 631 596 640 548 731 558 772 655 531 694 3557 3508 646 648 1452 560 22 3173 647 657 526 3246 1506 1522 612 776 499 785 3260 616 675 1398 811 3293 3584 618 840 527 602 228 1499 3257 491 1421 1618 514 812 589 1594 636 644 759 529 605 3218 802 555 630 696 392 3331 3290 477 1556 853 234 289 880 1445 3201 3425 559 3277 388 585 1480 818 246 1500 198 571 3228 615 1666 1448 1622 1416 1572 737 1770 1457 436 316 196 1629 1481 3183 119 6 140 355 74 11 144 103 19
119 499 1499 675 119 647 602 491 589 1594 612 1522 776 526 3290 3331 618 596 818 640 548 731 616 3246 1416 1506 785 840 527 555 630 696 636 1421 1618 644 1556 759 853 1385 3260 560 631 646 3173 559 3277 657 3228 615 1666 1448 1622 558 772 655 531 694 3557 3508 1500 571 1398 529 811 95 514 693 552 648 49 3425 585 1452 1514 1799 1572 737 1770 1457 3257 138 8 121 3218 802 4 38 533 551 39 880 11 1445 3201 3293 3584 20 605 118 137 51 1 355 6 74 22 140 148 128 103 144
