0 0 108 48 310 120 228 36 476 445 469 366 160 480 134 423 466
257 529 880 585 257 811 555 630 696 785 533 551 657 526 560 618 491 776 636 602 589 648 11 675 647 571 646 616 644 759 596 640 548 731 615 818 76 612 499 29 179 558 772 655 531 694 144 631 33 445 406 840 527 516 559 442 284 6 16 140 153 130 60 89 103 131 119 78 52 249 163 5 122 187 297 253 225 92 430 355 50 47 74 137 145 148 128 340 389 79 22 109
130 491 589 499 675 818 602 526 130 555 630 696 647 776 616 785 840 612 527 119 657 618 529 644 853 759 559 463 585 153 636 596 640 548 731 648 558 772 655 531 694 615 458 514 693 552 560 533 551 811 11 363 631 646 880 281 571 275 310 120 225 78 234 187 95 737 388 49 385 163 60 6 257 74 122 16 140 355 137 52 29 249 131 92 297 253 47 203 5 109 340 389 103 125 89 83 79 76 144 22 33 401 145 148 88
131 571 636 516 644 759 802 585 618 616 737 131 533 551 544 846 776 648 529 602 605 647 555 630 696 675 486 615 499 657 589 526 853 612 514 491 818 812 430 811 560 467 6 840 50 122 527 203 596 640 548 731 488 559 558 646 772 655 531 694 145 120 208 148 785 128 880 479 457 179 631 482 36 350 476 693 552 60 187 125 111 153 401 47 103 140 52 11 416 41 249 163 88 119 29 297 253 257 78 130 89 355 225 83 79 92 16 74 5 340 137 76 389 109 144 33 22
128 544 846 605 571 128 636 516 644 759 802 585 111 618 616 514 812 737 533 41 551 131 776 648 602 529 432 555 630 696 647 559 428 431 334 675 486 125 430 6 50 122 203 416 145 148 60 153 187 401 47 103 140 83 11 52 29 260 249 163 88 257 109
389 558 772 655 531 694 648 631 646 526 389 785 596 640 548 731 602 657 589 675 560 491 647 499 811 818 408 514 812 555 630 696 612 340 618 605 776 559 529 78 636 385 83 263 802 585 368 6 439 616 880 693 552 644 759 571 8 217 840 527 277 22 125 5 137 153 11 416 29 92 52 249 122 163 225 130 140 131 187 60 119 50 89 355 257 16 47 111 74 109 76 103 144 33
6 648 555 630 696 811 491 6 657 571 559 529 558 772 655 531 694 785 585 560 636 514 693 552 526 533 880 551 631 646 516 644 759 802 616 615 589 618 776 602 163 737 29 596 640 548 731 131 544 846 647 675 499 818 840 527 612 385 605 812 169 153 60 78 89 430 140 257 11 340 50 122 389 130 203 109 5 125 145 148 128 83 119 103 297 76 253 52 137 249 92 144 416 33 22 47 187 225 111 401 74 16 79 355 41 88
260 812 260 514 605 802 112 15 412 56 559 19 379 125 413 693 552 229 410 402 400 258 279 397 201 243 484 417 411 416 377 364 398 418 285 268 205 737 50 83 111 203 109 163 401 88
136 210 136 150 211 220 206 190 226 247 265 286 290 48 228 250 293 233 239 252 264 255 214 281 275
137 491 137 558 772 655 531 694 78 648 631 646 555 630 696 618 526 776 657 560 636 559 499 585 596 640 548 731 589 529 785 647 602 514 693 552 318 92 675 533 52 551 644 759 341 249 616 95 612 811 119 818 49 349 439 121 8 237 4 105 38 138 409 39 179 20 140 163 130 6 340 389 11 153 83 89 60 29 22 5 125 131 257 225 416 109 122 103 16 355 74
5 657 646 555 630 696 596 640 548 731 558 772 655 531 694 631 5 648 560 491 529 647 585 526 612 533 551 499 615 776 616 618 190 785 811 675 433 840 644 527 759 636 441 233 602 818 880 589 559 153 571 514 482 350 36 476 853 693 6 60 340 389 11 78 29 140 22 119 83 257 130 163 297 253 355 131 187 103 125 74 89 137 16 122 416 47 92 79 52 76 50 225 144 33 109
11 526 618 555 785 630 696 776 636 529 602 589 11 491 657 675 585 647 880 644 759 560 499 616 818 533 551 811 612 558 772 655 531 694 406 648 596 640 548 731 631 646 615 571 257 16 140 840 527 130 853 408 559 119 405 516 153 385 52 60 29 249 78 6 89 131 225 122 92 187 76 163 103 5 144 355 33 297 253 340 389 137 47 74 203 83 430 50 22 79 145 148 128 109
140 560 585 533 551 529 140 811 596 640 548 731 618 785 555 630 696 636 491 647 776 526 631 646 880 657 644 759 612 571 616 89 499 648 675 92 602 52 558 772 655 531 694 589 11 249 78 29 818 615 516 840 527 444 802 103 153 131 6 257 137 16 130 60 119 163 76 5 355 22 122 144 33 430 50 203 297 253 340 225 389 74 145 148 128 47 83 79
15 812 15 260 514 605 802 112 370 559 56 19 379 395 412 388 416 125 445 693 552 302 374 284 303 362 413 229 410 50 83 111 203 109
16 526 618 16 555 785 630 696 776 636 529 602 589 11 491 657 675 585 647 880 644 759 560 499 616 818 533 551 811 612 558 772 655 531 694 648 406 596 640 548 731 363 631 646 615 571 275 257 385 140 840 527 388 476 130 853 447 95 408 339 49 132 559 362 119 153 52 60 29 249 78 6 89 131 225 122 92 187 76 163 103 5 144 355 33 297 253 340 389 137 47 74 83 22 79 145 148
145 571 430 636 145 516 644 759 802 585 618 616 737 533 551 131 544 846 776 648 529 602 605 412 647 555 630 696 675 615 382 486 499 514 812 413 818 657 374 612 853 416 491 229 415 589 258 402 526 559 400 366 6 50 122 203 148 128 125 60 153 187 111 401 47 103 140 11 52 41 249 163 88 119 29 297 257 253 130 89 355 83 225 79 74 16 109
401 737 605 401 853 203 571 818 840 527 636 187 514 812 516 644 415 759 589 802 585 489 400 397 618 88 418 616 268 776 602 411 533 551 615 131 559 382 398 413 544 224 195 846 410 648 526 396 414 111 229 332 146 258 402 125 416 60 153 430 6 50 122 145 148 128 83 260 297 225 253 47 130 103 163 41 109 74 79
19 812 19 260 514 605 802 112 15 413 56 559 379 412 382 229 410 258 402 400 279 125 397 417 415 201 411 418 693 552 243 398 268 285 295 484 205 195 416 50 83 111 203 109
148 516 571 636 148 644 759 802 585 618 616 737 533 551 131 544 846 776 648 529 602 605 647 555 630 696 675 432 615 486 499 459 818 657 213 612 853 491 589 334 514 812 385 526 430 6 50 122 203 145 128 60 153 187 125 111 401 47 103 140 11 52 416 41 249 163 88 119 29 297 257 253 130 89 355 225 83 79 74 16
144 880 811 144 529 785 560 585 526 76 555 630 696 533 551 257 33 657 648 29 596 602 640 548 731 491 589 618 646 636 776 675 631 302 647 450 368 558 772 655 531 694 474 11 89 6 140 153 131 16 103 130 78 163 52 122 92 225 5 340 389 22
22 631 596 640 548 731 558 772 655 531 694 646 648 560 22 647 526 612 499 657 785 675 618 602 228 776 616 811 589 636 840 527 491 644 759 392 555 477 630 696 234 529 289 388 585 153 818 246 514 812 198 880 316 340 436 389 605 196 78 83 6 5 119 140 29 355 125 137 11 416 187 130 89 74 92 131 52 249 122 163 225 257 50 76 16 103 144 33
278 763 278 424 241 262 283 221 417 254 235 204 240 288 212 238 259 331 232 317 194 383 321 157 271
153 776 616 840 612 527 153 647 596 640 548 731 644 759 555 630 696 618 499 491 657 853 636 631 646 560 675 529 818 589 585 533 551 571 558 772 655 531 694 526 602 236 615 785 74 213 811 187 648 219 149 737 241 355 130 134 262 222 216 283 188 559 204 489 880 235 516 119 277 240 199 212 251 398 11 60 131 6 52 249 140 5 203 78 29 163 22 257 225 297 253 122 103 89 16 430 340 389 92 50 137 401 145 148 128 47 83 79 88 76 144 109 33
29 811 785 560 529 880 526 29 585 648 596 640 548 731 555 630 696 602 533 551 589 631 646 657 675 491 558 772 655 531 694 647 499 818 89 6 618 776 571 612 559 488 644 759 208 140 257 636 616 179 514 693 615 552 76 350 840 527 444 445 144 33 11 153 163 131 103 78 119 60 92 52 130 249 225 187 5 340 16 22 389 355 83 297 137 253 50 122 74 109 145 148 47 79
416 416 514 812 605 802 559 125 693 552 737 558 772 655 531 694 430 169 571 648 57 465 386 631 646 304 13 375 544 846 50 636 491 173 370 65 206 300 203 3 330 459 81 395 260 526 83 301 374 97 231 853 63 487 35 373 516 15 207 303 302 369 305 342 31 284 372 193 371 644 26 111 759 218 115 131 145 109 163 112 187 128 56 19 379 401 340 389 88 78 6 122 41 148 22 5 137
33 880 811 529 33 785 560 585 526 76 555 630 696 144 533 551 257 657 648 29 596 602 640 548 731 491 589 618 646 636 776 675 631 647 450 558 772 655 531 694 474 11 89 6 140 153 131 16 103 130 78 163 52 122 92 225 5 340 389 22
163 491 559 514 693 552 648 555 630 696 163 657 529 585 811 6 558 772 655 531 694 812 589 571 533 785 526 551 605 776 560 636 616 602 818 615 675 499 631 646 618 647 880 78 109 516 596 840 612 640 548 731 527 644 759 130 802 125 153 119 29 131 416 60 137 11 140 92 52 249 257 5 83 187 89 340 389 297 253 225 103 430 50 260 122 203 111 74 16 145 148 128 47 76 355 22 79 144 33 41
297 615 297 818 644 759 60 555 589 616 630 696 657 853 602 618 526 491 529 776 585 636 253 840 527 675 785 368 571 204 533 551 309 499 647 421 327 612 432 335 648 47 187 326 330 280 184 737 223 79 646 225 296 333 98 287 324 558 772 655 531 694 273 422 323 325 516 596 248 640 548 731 122 153 131 6 130 11 203 119 257 5 78 140 163 52 29 249 103 430 74 355 50 401 16 145 148 92 340 389 88
41 544 846 605 41 571 128 636 516 644 759 802 585 111 252 618 616 514 812 737 533 551 131 281 428 776 648 431 334 602 529 299 125 430 6 50 122 203 416 145 148 401 47 103 83 163 88
430 430 571 636 145 605 516 802 644 759 585 514 812 618 737 544 846 374 616 416 533 551 131 288 648 491 776 166 529 559 304 602 375 185 65 173 555 630 696 300 647 81 125 301 165 412 693 63 552 291 487 111 675 207 35 159 558 772 655 531 694 78 615 31 486 386 499 54 657 50 203 6 122 128 148 137 60 187 153 83 401 140 92 52 260 47 249 103 41 163 11 88 29 297 253 257 130 109 89 340 389 112 15 19 79
47 615 602 818 47 675 644 759 589 526 571 60 499 555 122 616 630 696 785 636 657 853 585 516 618 802 491 529 776 533 297 551 253 840 527 737 558 772 655 531 694 648 131 544 646 846 647 605 612 95 160 432 187 79 119 153 225 6 430 203 50 130 145 148 128 11 140 78 103 163 257 29 5 401 52 111 340 389 88 74 355 41 83 16
50 802 571 514 812 50 605 636 516 559 644 759 585 125 618 693 552 616 737 533 551 131 544 846 416 776 648 558 602 772 655 531 694 529 555 630 696 647 675 526 486 499 615 657 465 631 646 785 818 612 491 589 217 430 83 6 122 203 260 111 145 148 128 60 153 187 109 401 47 103 140 112 11 15 52 56 41 19 249 379 163 88 78 29 340 389 297 253 257 355 5 22 79
178 178 124 605 171 175 167 544 846 173 184 118 441 98 1 182 111 159 73 94 128 125 203 41
52 618 636 776 647 52 644 759 560 249 491 616 585 499 612 596 640 548 731 558 772 655 531 694 675 533 551 529 78 571 555 630 696 526 785 140 648 811 657 631 646 840 527 615 589 602 516 818 880 429 559 153 802 137 11 92 447 446 263 89 131 119 60 29 130 6 355 163 257 16 187 103 340 389 297 74 122 430 253 50 203 83 145 148 128 5 47 225 22 76 79 144 33 109 41
56 812 56 379 260 514 605 382 413 229 802 410 112 402 415 15 400 279 397 417 559 201 19 411 243 484 418 412 285 268 205 398 295 362 125 416 50 83 111 109
187 853 818 840 527 187 737 489 589 605 615 602 462 419 239 616 526 776 365 675 612 414 457 785 203 644 759 499 364 555 571 630 696 366 362 290 491 647 618 153 160 596 60 640 548 731 367 636 657 308 464 461 585 514 812 329 331 631 646 516 558 772 655 531 694 529 401 560 230 225 88 297 253 131 130 111 125 119 74 47 11 79 416 355 430 29 6 50 122 78 140 257 145 148 128 163 52 5 16 83 340 389 103 22
60 615 818 644 759 60 555 616 630 696 589 657 853 618 602 491 529 776 585 636 297 526 253 840 527 675 571 785 533 551 647 432 499 612 646 648 47 187 737 79 516 560 811 596 489 640 548 731 427 325 558 204 772 655 531 694 205 309 802 323 422 367 122 880 153 166 605 131 6 225 11 130 119 203 257 5 78 140 163 52 29 249 103 430 74 355 50 401 16 145 148 128 89 92 137 88 340 389 76 144 33
74 776 616 840 612 527 74 153 647 596 640 548 731 644 759 555 630 696 618 499 491 657 853 636 631 646 560 675 818 529 589 585 615 533 551 571 558 772 655 531 694 526 602 785 236 811 334 187 648 213 219 277 149 737 355 130 251 253 241 427 119 60 11 131 6 52 140 249 5 78 29 163 203 22 297 257 225 122 103 89 16 340 92 389 50 47 137 79 401 145 148 83 88
203 737 605 853 203 571 818 840 527 636 187 514 812 516 401 644 759 589 802 585 489 618 88 616 776 559 533 551 615 382 131 414 544 846 413 415 648 111 229 388 125 416 419 526 602 410 400 693 529 552 462 258 402 397 279 417 369 411 239 612 201 555 630 696 243 418 295 484 268 647 285 398 205 365 60 153 430 6 50 122 145 148 128 83 260 297 225 253 130 47 11 103 140 52 41 163 109 74 355 79 112 15 19
76 880 76 811 529 785 560 585 526 555 630 696 144 533 551 257 33 657 648 29 596 602 640 548 731 491 589 618 646 450 636 776 675 631 474 647 558 772 655 531 694 331 11 89 6 140 153 131 16 103 130 78 163 52 122 92 225 5 340 389 22
78 491 558 772 655 531 694 78 648 631 646 555 630 696 618 526 657 560 636 776 559 585 137 596 640 548 731 529 589 785 514 602 647 693 552 92 675 533 52 551 644 759 616 499 249 811 818 612 179 571 140 615 444 880 840 527 341 430 163 130 6 340 389 153 119 11 83 89 60 29 22 5 131 125 257 187 225 416 109 145 103 122 16 297 253 355 50 74 47 76 144 79 33
79 615 818 644 759 79 60 555 616 630 696 589 657 853 618 602 491 529 776 585 636 297 526 253 840 527 675 432 571 785 533 551 499 647 449 612 120 459 648 47 187 737 646 427 431 334 205 325 323 422 516 596 367 434 640 548 731 122 153 131 6 225 11 130 203 119 257 5 78 140 163 52 29 249 103 430 74 355 50 401 16 145 148 92 88
210 210 136 150 211 220 190 226 247 265 286 290 48 228 250 293 233 239 252 264 206 255 214 281 275 208 209 231 236 213 234 289 219 36 149 229 202 241 246 198 258
83 558 772 655 531 694 514 812 648 605 631 646 83 526 802 559 785 596 125 640 548 731 693 552 602 657 589 416 737 675 560 491 647 499 555 818 630 696 811 571 465 636 340 612 405 618 389 50 219 544 776 529 846 78 386 585 446 260 6 111 203 22 5 137 163 153 11 109 131 29 92 187 52 119 122 128 249 112 15 401 225 56 130 19 379 140 88 257 89 355 16 47 41 74 103
340 558 772 655 531 694 648 631 646 340 526 785 596 640 548 731 602 657 589 675 560 491 647 499 811 818 514 812 457 555 630 696 612 618 389 605 776 559 529 78 445 636 83 802 341 585 6 616 880 693 552 644 759 105 571 840 527 192 177 22 125 5 137 153 11 416 29 92 52 249 122 163 225 130 140 131 187 60 119 50 89 355 257 16 47 111 74 109 76 103 144 33
88 737 605 853 88 203 571 818 840 527 636 187 514 812 516 401 644 759 589 802 585 489 618 616 776 602 533 551 429 476 615 131 559 544 846 382 414 648 526 366 413 111 368 160 292 436 125 416 60 153 430 6 50 122 145 148 128 83 260 297 225 253 47 130 103 163 41 109 74 79
89 811 560 785 89 529 585 880 526 533 551 596 640 548 731 555 630 696 140 648 29 618 491 602 631 646 657 647 636 776 589 558 772 655 531 694 675 571 499 612 644 759 616 249 818 6 303 52 92 11 257 78 76 153 131 103 144 33 60 119 137 163 16 130 5 225 22 355 340 389 50 122 83 145 148 74
92 560 491 92 585 558 772 655 531 694 533 551 78 529 618 555 140 630 696 648 596 640 548 731 811 785 526 636 631 646 776 647 657 589 644 759 559 612 499 616 602 675 880 137 52 249 571 388 89 514 693 552 818 302 263 11 29 153 130 6 163 103 340 119 389 131 60 257 83 16 5 125 22 355 122 225 76 109 144 74 33
225 589 818 602 526 675 785 225 499 853 491 615 840 527 558 772 655 531 694 647 648 555 630 696 811 644 759 187 631 646 432 529 596 618 640 548 731 209 737 657 130 636 776 616 560 571 585 60 489 612 880 119 122 344 299 377 364 49 533 551 605 323 422 418 11 559 462 421 240 153 297 253 47 29 203 78 131 6 340 257 389 16 163 140 79 83 89 52 74 137 249 401 5 92 22 355 76 88 103 144 33 145 148 109
353 593 353 453 352 478 434 377 442 349 452 171 356 448 347 348 237 357 346 175 379 394 56 260
355 612 647 499 355 618 675 596 640 548 731 776 616 636 840 527 644 759 631 646 560 602 153 555 630 696 491 657 853 350 558 772 655 531 694 571 478 119 352 529 818 344 648 589 349 442 585 171 452 356 526 347 785 811 348 448 237 357 346 175 394 343 378 533 256 551 443 354 74 187 130 11 52 249 131 140 122 22 5 78 29 60 6 257 203 16 89 340 163 389 92 47 50 225 137 83 145 148 103
103 585 533 551 529 555 630 696 103 657 571 491 560 636 811 880 785 516 454 618 644 759 648 776 616 615 802 646 140 596 640 548 731 737 647 131 526 544 846 818 589 840 612 527 602 559 350 631 675 499 558 772 655 531 694 257 514 605 853 222 29 6 153 60 11 89 92 52 78 430 249 50 122 203 5 163 130 145 148 128 297 253 187 76 119 47 144 16 33 137 125 111 74 401 79 355 41 225 88 340 389 22 109
108 108 0 228 469 480 48 423 466 475 36 476 479 477 445 234 289 318 366 160 310 176
109 559 514 693 552 109 491 812 605 648 802 555 630 696 163 125 657 432 558 772 655 531 694 529 585 476 811 416 737 6 646 589 571 50 78 83 130 260 111 153 119 203 29 131 137 11 92 52 128 340 389 257 112 15 401 56 19 5 225 103 88
111 605 544 846 737 111 514 812 571 802 128 853 559 636 125 203 693 516 552 459 818 840 644 527 759 585 416 618 447 648 558 616 772 655 531 694 49 430 132 533 41 551 131 8 187 268 401 50 88 83 260 145 6 122 148 109 163 112 15 56 19 47 103 340 389
112 812 112 260 514 412 605 802 15 56 559 19 410 379 258 402 400 279 397 201 243 484 417 125 268 411 285 418 398 205 693 552 295 436 229 224 195 413 396 416 50 83 111 203 109
125 514 812 605 802 559 125 693 552 416 737 558 772 655 531 694 648 465 571 631 646 386 50 544 846 491 526 636 83 206 370 853 459 231 260 395 111 516 169 785 203 430 373 596 302 640 548 731 644 759 369 374 284 57 303 362 618 602 585 375 589 818 840 249 450 527 372 109 131 163 187 128 112 15 401 56 19 379 340 389 88 145 78 6 52 122 41 22 148 5 130 137 225 103
119 499 675 119 647 602 612 491 589 618 596 640 548 731 636 818 526 555 630 696 631 646 644 130 560 759 776 616 785 840 527 95 657 49 529 8 853 138 559 571 121 585 153 558 648 772 655 531 694 4 39 38 463 20 615 811 310 137 458 514 693 552 118 51 533 551 1 880 11 355 78 122 225 187 163 52 60 249 131 6 257 47 74 16 140 29 92 22 5 297 253 89 340 389 109 103 145 148 76 83 79 144 33
249 249 618 636 776 647 52 560 644 759 491 616 612 585 499 596 640 548 731 558 772 655 531 694 514 812 303 533 551 529 675 571 78 555 526 630 696 605 140 840 527 648 811 602 559 802 657 631 646 615 89 589 785 59 125 35 153 516 15 74 693 552 2 818 880 137 11 92 260 416 131 119 60 29 355 130 6 163 257 50 187 83 16 112 103 340 203 389 56 19 379 297 430 253 122 111 128 145 148 5 47 225 109 22 79
122 602 675 589 526 571 122 499 818 636 785 615 516 647 644 759 802 585 618 47 616 737 558 772 655 531 694 612 533 551 131 555 630 696 544 846 776 491 648 60 529 596 236 640 548 731 657 605 631 646 219 149 202 241 560 119 262 486 292 188 204 235 254 277 225 430 297 253 6 50 203 130 11 145 148 128 153 79 187 125 111 78 401 355 103 257 140 340 389 52 416 41 249 163 88 16 83 29 5 22 137 92 74
379 379 812 593 56 260 514 348 237 346 357 605 381 378 353 413 382 802 229 112 15 19 125 416 50 83
124 178 124 171 167 302 175 173 184
253 615 253 818 644 759 60 616 555 630 696 589 657 853 602 618 776 526 840 527 491 529 585 636 297 675 785 571 533 325 499 551 612 647 432 227 646 321 648 47 187 596 259 640 548 731 326 737 280 153 79 313 223 337 168 296 225 560 181 270 287 558 485 772 655 531 694 516 273 207 122 131 6 130 11 119 203 257 74 5 78 140 163 52 29 249 355 103 430 50 401 16 145 148 92 340 389 88
