0 0 108 48 228 469 310 36 476 480 120 445 423 466 475 366 160 479 477 234 289 380 367 138 134 277 364
257 529 880 585 257 555 630 696 533 551 657 811 491 785 11 526 618 560 76 29 406 636 776 179 144 33 602 445 589 647 442 308 284 644 153 103 6 60 131 16 140 130 89 5 78 163 52 225
130 491 589 818 602 526 675 130 555 630 696 499 785 119 657 463 153 647 776 616 529 458 585 840 612 527 618 558 772 655 531 694 11 533 644 551 759 363 559 648 281 853 646 636 275 310 596 640 548 731 631 120 95 225 406 49 78 615 234 514 693 552 388 385 187 138 163 8 447 489 435 38 60 122 6 257 29 74 16 140 355 137 52 131 5 92 340 297 389 103 253 47 83 109 22 79
131 571 636 644 759 585 618 616 131 533 551 516 776 529 802 647 737 486 555 630 696 544 846 648 602 499 612 657 605 467 6 50 122 203 675 488 491 145 120 208 148 128 479 457 596 615 640 548 731 179 482 589 526 36 350 476 560 818 430 60 153 103 140 52 11 187 125 111 257 401 47 119 41 163 88 355 249 29 297 253 130 5 225 79 16
128 544 846 128 605 571 111 636 41 131 644 759 585 432 486 618 428 616 431 334 533 551 299 125 6 50 122 203 145 148 103
389 558 772 655 531 694 648 631 646 526 389 785 596 640 548 731 602 589 675 560 647 499 818 408 657 340 612 491 78 385 83 263 618 368 555 630 696 6 439 8 217 776 277 811 22 5 11 153 29 125 122 119 225 137 187 130 140 92 52 163 355 16
6 648 555 630 696 6 657 558 772 655 531 694 491 529 585 811 631 646 571 533 559 551 526 785 560 636 514 693 552 163 596 640 548 731 29 880 131 602 644 759 589 616 385 618 615 776 486 675 647 818 169 612 153 60 78 11 340 389 5 257 83 140 130 89 103 50 122 22 203 109 125 145 148 128 76 297 253 144 33 52 137 225 92 47 74 16 79
260 812 260 112 15 412 56 514 19 605 413 125 410 229 402 400 279 258 397 201 243 417 484 411 268 285 418 398 205 377 364 559 379 382 224 195 416 50 83 111 109
136 210 136 150 211 220 190 226 247 265 286 290 48 228 250 293 233 239 252 264 206 255 214 281 275 208 209 231 236 213 234 289 219 36 149 229
137 137 491 78 499 558 772 655 531 694 675 648 631 646 555 630 696 647 318 341 179 526 95 119 602 49 121 349 657 4 38 444 439 39 237 8 105 138 596 618 409 20 640 548 731 589 785 92 52 130 163 249 340 389 6 140 83 11 22 5 225
5 657 646 555 630 696 596 640 548 731 558 772 655 531 694 631 5 648 560 491 529 647 585 526 533 551 612 499 190 785 675 433 618 441 233 602 589 636 615 153 776 616 644 759 818 482 811 350 36 476 840 527 6 60 340 389 11 78 22 83 29 140 257 119 163 130 103 355 131 297 253 52 122 74 225 89 137 92 16 47 79
11 526 618 555 785 630 696 776 636 602 11 657 589 647 675 529 644 759 491 585 616 558 772 655 531 694 818 612 406 499 533 551 648 880 560 631 646 596 640 548 731 257 16 140 130 408 811 615 405 385 571 463 435 153 60 52 6 29 119 131 122 225 78 187 5 249 355 89 163 340 103 389 92 76 83 144 33 297 22 253 47 137 74 79
140 560 585 533 551 140 529 596 640 548 731 555 630 696 631 646 647 657 618 811 89 785 636 491 92 52 612 776 499 11 526 558 772 655 531 694 644 759 571 675 648 406 880 616 29 444 602 249 103 78 131 153 6 60 257 16 119 5 22 130 355 163 137 340 389 76 83 144 33
15 812 15 260 412 370 395 413 388 229 445 410 302 258 402 400 374 279 284 364 303 362 397 377 243 416 201 484 417 164 224 514 205 112 56 19 125 379 83
16 16 11 526 618 555 785 630 696 406 636 776 602 657 589 647 363 675 529 644 759 491 275 585 385 408 616 388 476 558 772 655 531 694 818 612 499 447 339 405 533 551 138 95 132 49 257 140 130 153 60 52 6 119 29 131 122 225 78 5 355 89 163 340 103 389 92
145 430 145 571 636 131 644 759 585 486 412 618 374 616 416 533 551 382 516 288 166 776 413 802 229 415 467 375 529 304 366 185 436 65 258 402 173 400 125 6 50 122 203 148 128 103
401 737 401 605 203 415 400 853 397 382 418 413 268 411 414 398 187 229 410 224 388 489 195 417 258 402 243 484 396 571 332 146 279 270 295 285 818 840 205 527 201 272 34 261 369 322 403 88 131 111 125
19 812 19 260 412 413 229 410 258 402 382 400 279 417 397 201 418 285 411 268 243 484 205 398 415 295 224 195 396 377 364 146 253 332 164 270 215 112 15 56 125 60 379 416
148 516 148 571 636 131 644 759 585 486 618 616 533 551 432 459 776 213 802 467 529 334 315 385 6 50 122 203 145 128 430 103
144 880 144 811 529 76 785 560 257 33 29 585 526 555 630 696 450 533 302 551 474 368 11 89 6 140 103
22 631 596 640 548 731 558 772 655 531 694 646 648 560 22 647 526 612 499 785 675 618 602 228 589 636 657 392 477 234 289 644 759 388 153 818 776 616 246 811 198 340 436 840 527 316 389 196 78 83 6 5 119 29 140 355 11 52 125 122 225 130 137 74 89 92
278 763 278 424 241 262 283 221 417 254 235 204 288 212 240 238 331 259 232 317 194 383 321 157 271
153 776 616 840 612 527 153 647 596 640 548 731 644 759 555 630 696 618 657 499 631 646 560 636 491 529 675 585 853 533 551 602 236 558 772 655 531 694 74 818 213 187 589 219 489 149 648 241 355 130 134 262 283 222 216 526 188 235 204 277 571 785 199 212 240 251 253 398 615 381 463 60 6 131 119 11 52 5 140 29 22 78 257 163 103 203 249 122 340 389 225 297 83 16 79
29 811 785 560 529 880 526 29 585 596 640 548 731 602 555 630 696 533 551 589 631 646 675 648 657 647 558 772 655 531 694 499 491 89 6 818 612 488 208 257 179 618 76 140 350 776 444 445 144 33 153 11 103 60 122 119 225 163 5 130 78 187 131 22 340 389 92 355 52 83 16
416 416 514 812 605 125 737 559 693 552 465 169 430 802 386 57 370 304 206 375 13 459 231 395 173 65 300 374 3 373 330 302 81 369 301 303 97 305 284 372 203 207 63 371 260 193 487 35 26 31 15 342 218 115 362 450 186 50 145 83 187 111 401 88 131 109 163 112 56 19
33 880 33 811 529 76 785 560 144 257 29 585 526 555 630 696 450 533 551 474 11 89 6 140 103
163 491 559 514 693 552 163 555 630 696 648 657 529 6 585 533 551 558 772 655 531 694 78 109 812 589 130 605 646 125 526 153 60 119 11 29 131 416 137 5 257 92 140 52 103 50 83 340 389 225 16
297 297 615 60 589 818 644 759 812 602 555 616 630 696 526 309 204 432 675 368 657 421 785 618 253 327 335 491 529 330 326 280 184 585 223 422 296 333 323 776 636 287 225 98 325 324 499 427 166 273 260 428 205 191 162 248 426 215 227 274 47 187 79 112 15 56 153 19 130 125 131 6 119 11 122 379 5 103
41 544 846 41 128 252 605 428 281 431 334 571 432 299 358 427 111 422 325 170 309 323 380 131
430 430 605 145 514 812 491 374 416 288 571 166 559 304 412 375 125 558 772 655 531 694 185 173 65 636 300 382 301 693 81 165 552 291 207 111 413 159 63 802 487 35 229 648 131 78 544 846 386 31 415 54 128 137 203 50 92 52 83 260 6 163 249 130 122 340 389 109 148 41
47 47 615 602 60 122 818 675 644 759 589 526 499 555 616 630 696 785 657 432 571 647 636 618 236 95 585 277 160 204 491 529 297 253 131 187 79 119 153 225 11 6 130 103
50 802 50 571 514 812 605 125 636 131 559 644 759 585 486 465 618 693 552 616 533 551 386 516 416 776 217 448 83 6 122 203 260 111 145 148 128 430 109 163 103
178 178 124 605 171 175 167 173 184 118 441 111 159 302 98 182 1 544 846 73 94 128 125 203 41
52 618 636 776 647 52 644 759 249 616 499 612 560 491 675 78 596 640 548 731 140 585 631 646 558 772 655 531 694 602 533 551 571 555 630 696 529 429 526 648 153 447 446 303 263 11 131 119 60 137 92 355 89 130 29 163 6 122 257 103 340 16 389 22 74 5 83
56 56 379 812 260 413 382 229 412 410 402 400 279 415 417 397 201 411 418 268 285 243 484 205 398 348 237 295 362 112 15 19 125
187 853 818 840 527 187 489 589 737 602 462 419 239 526 675 365 414 605 457 785 203 615 364 366 362 290 616 160 499 153 776 60 367 464 461 308 612 329 331 647 644 759 555 630 696 558 772 655 531 694 230 618 596 322 225 130 401 122 88 297 253 131 11 111 125 119 74 47 29 79 355 340 389
60 615 818 644 759 60 555 616 630 696 589 657 618 491 529 297 585 602 253 776 636 526 675 853 533 551 432 647 785 47 187 489 840 527 79 612 325 204 499 427 571 309 205 323 422 367 153 166 327 326 227 131 6 225 11 122 130 5 257 78 52 163 140 103 119 29 203 355 74 16
74 74 153 776 616 840 612 527 647 596 640 548 731 644 759 555 630 696 618 657 236 499 631 646 560 636 213 219 491 149 241 529 134 277 334 262 675 283 585 222 216 251 253 188 235 204 615 321 240 427 199 242 60 187 355 130 11 6 131 119 52 5 297 22 103 79
203 737 605 203 853 187 489 571 818 840 527 401 636 88 414 514 812 382 419 462 131 239 415 413 644 125 759 229 388 111 400 589 410 365 585 397 258 402 279 411 457 417 486 418 416 369 268 201 243 295 484 398 618 285 205 195 616 60 153 6 50 122 145 148 128 83 225 103
76 880 76 811 529 785 560 144 257 33 29 585 526 555 630 696 450 533 551 474 331 185 11 89 6 140 103
78 491 558 772 655 531 694 78 648 631 646 555 630 696 526 657 137 785 499 596 640 548 731 675 529 618 585 602 92 52 589 560 636 776 559 179 533 551 444 818 341 647 514 693 552 119 163 644 759 430 130 249 340 389 6 140 83 153 11 60 22 5 145 29 131 125 257 225 122 103 89 109 16
79 615 79 60 818 644 759 555 616 630 696 432 589 657 253 618 449 120 491 529 427 459 205 297 325 585 602 323 422 367 776 636 166 431 334 371 215 195 238 309 526 204 326 335 483 327 299 321 426 434 47 187 153 131 6 225 11 122 130 5 103
210 210 136 150 211 220 190 226 247 265 286 290 48 228 250 293 206 233 239 252 264 255 214 281 275 208 209 231 236 213 234 289 219 36 149 229 202 241 246 198 258
83 558 772 655 531 694 648 631 646 83 526 514 812 785 605 596 125 640 548 731 602 589 559 675 560 647 465 693 552 499 818 802 386 657 416 340 405 389 219 206 370 612 491 459 231 78 395 446 6 22 50 5 260 11 153 111 203 29 122 119 225 137 163 130 109 140 92 52 355
340 558 772 655 531 694 648 631 646 340 526 785 596 640 548 731 602 589 675 560 647 499 818 657 457 389 612 491 78 445 83 618 341 555 630 696 6 105 776 811 192 177 22 5 11 153 29 125 122 119 225 137 187 130 140 92 52 163 355 16
88 737 88 605 203 853 382 414 413 187 415 229 388 429 476 489 410 571 258 402 400 818 840 279 527 401 397 369 366 417 368 201 195 160 295 292 131 111 125
89 89 811 560 785 529 140 585 29 880 533 551 526 596 640 548 731 555 630 696 249 631 646 303 657 602 589 488 647 52 6 92 11 257 76 103 144 33 131 78 225 5 22 16
92 92 560 491 78 140 585 499 558 772 655 531 694 533 551 675 529 648 596 640 548 731 555 630 696 647 631 646 388 526 657 618 444 119 602 179 302 263 137 52 89 11 130 249 29 163 103 340 389 6 257 83 5 22 16
225 589 818 602 526 675 785 225 499 558 772 655 531 694 647 853 648 491 615 187 631 646 432 489 612 209 130 840 527 618 60 122 344 299 377 364 811 49 462 555 630 696 776 463 636 596 239 640 548 731 323 422 418 644 458 421 759 240 560 11 119 29 153 78 340 389 297 253 47 6 83 203 131 355 22 163 257 79 16 5
353 593 353 453 478 434 352 377 442 452 349 171 356 448 348 347 237 357 175 346 394 379 56
355 612 647 499 355 618 675 596 640 548 731 636 631 646 560 644 602 759 153 776 616 840 527 589 526 350 478 352 558 772 655 531 694 119 555 630 696 344 349 442 452 171 785 356 448 347 348 357 237 175 818 346 648 657 394 236 343 256 378 354 127 52 11 131 74 60 187 122 130 22 140 5 29 249 225 340 389 83 16
103 585 533 551 529 555 630 696 103 657 491 571 454 560 636 811 140 131 880 785 644 759 616 615 350 776 618 648 486 257 646 596 640 548 731 222 153 60 29 6 11 5 78 89 163 130 92 52 50 122 203 145 148 128 297 253 76 144 33 16 47 74 79
108 108 0 228 48 469 480 423 466 36 476 475 310 445 120 479 477 366 160 234 289 318 380 277 176 138 367
109 559 514 693 552 109 491 812 163 605 125 432 476 555 630 696 416 6 50 78 83 130 260 111
111 605 111 544 846 737 128 514 812 125 203 459 559 447 49 132 8 430 465 693 268 552 416 41 131 187 401 145 50 88 83 260 109
112 112 812 260 412 410 258 402 400 279 397 243 201 484 417 413 268 411 418 285 398 205 229 295 396 195 436 146 224 215 332 377 364 164 270 403 34 15 56 19 125 379 416
125 514 812 605 559 125 693 552 802 416 465 737 386 50 558 772 655 531 694 83 206 370 231 459 260 395 648 169 111 430 203 57 373 631 646 302 375 369 374 284 303 362 491 304 450 372 13 249 109 163 145 52 131 187 128 112 15 401 56 19 6 78 340 389 88 22
119 499 675 119 647 602 612 618 596 640 548 731 776 491 636 589 130 631 646 560 644 759 95 49 818 463 616 138 8 526 121 458 4 38 39 310 558 555 772 655 531 694 630 696 20 118 137 785 120 51 657 363 1 132 53 43 281 78 355 122 153 11 52 225 60 131 163 187 140 22 29 249 5 47 92 340 389 74 16
249 249 618 52 776 636 514 812 605 647 303 644 759 616 612 559 560 499 59 811 596 640 548 731 693 153 552 429 89 35 125 140 491 2 675 74 15 78 62 260 416 29 50 11 83 131 111 92 203 119 137 355 112 56 19 163 109
122 602 675 589 526 122 499 785 818 571 647 636 47 558 772 655 531 694 131 612 644 759 648 585 236 486 596 640 548 731 618 219 631 646 149 616 615 202 241 533 551 262 119 292 516 235 188 277 204 776 254 560 853 60 225 187 130 11 29 6 50 203 153 145 148 128 355 340 389 430 297 78 253 83 103 22 5 79 16
379 379 593 56 812 348 237 382 346 357 260 381 353 413 378 415 229 410 402 400 279 397 417 201 112 15 19
124 178 124 605 171 175 167 173 184 302 118 441 111 1 182 159 98 128 125 203 41
253 253 615 60 818 589 644 759 616 555 630 696 602 776 526 840 325 527 432 612 657 675 297 618 785 227 321 647 491 529 499 326 280 259 585 337 296 223 168 596 640 548 731 636 313 427 270 485 225 287 309 422 323 153 273 181 207 205 166 74 204 162 191 47 187 79 130 119 131 6 355 11 122 5 103
