128 1410 544 1480 846 605 1500 571 636 1514 1799 516 128 802 644 759 585 1572 737 1770 1457 514 812 1452 1416 618 616 533 648 551 602 776 529 1556 853 615 1666 1448 1622 1421 1618 675 555 630 696 818 647 1629 1481 1398 1522 811 840 1385 527 432 499 558 772 655 531 694 491 612 589 657 1594 1499 526 560 125 1425 1748 1506 428 785 431 334 559 416 6 50 122 148 60 103 140 163 11 119 78 257 89 355 15 340 389 19 74 92 109
257 529 880 1445 1385 1398 811 585 785 257 555 630 696 560 533 551 526 1499 618 657 491 636 776 589 1594 648 1421 1522 1618 602 1500 571 675 616 1506 596 647 640 548 731 499 646 612 818 11 615 1666 1448 1622 1416 644 759 1514 1799 516 840 527 631 1556 559 853 558 772 655 531 694 802 179 1410 144 33 1572 737 1770 1457 514 693 445 552 1452 605 544 1480 846 442 6 284 140 89 119 60 103 78 163 122 92 5 74 355 50 148 128 125 340 389 22 109
389 558 772 655 531 694 648 1452 631 646 526 389 1506 785 596 640 548 731 657 602 491 1421 1618 589 1594 514 812 560 1398 811 675 647 1385 605 1499 802 499 559 1522 555 630 696 529 818 408 612 776 1480 618 1416 340 636 693 552 1500 571 880 616 1445 1629 1481 585 78 1572 737 1770 1457 385 644 759 840 527 263 1556 853 368 1410 1514 1799 6 125 439 1425 615 1666 1448 1622 1748 533 551 217 516 8 277 416 22 5 92 11 140 163 50 122 119 89 60 355 257 109 74 128 144 15 33 19 103 148
6 648 1398 811 555 630 696 491 1500 571 785 6 559 529 657 560 636 1514 1799 585 558 772 655 531 694 516 514 693 552 880 1445 526 802 1499 1506 533 1452 644 551 759 1410 1416 616 1572 737 1770 1457 1421 631 646 1618 618 1522 589 776 1594 602 1385 605 596 640 548 731 615 1666 1448 1622 544 1480 846 499 647 675 1556 853 812 163 840 612 527 818 385 169 89 78 60 140 50 122 257 125 119 11 109 148 128 340 416 389 5 103 92 144 33 22 74 355
5 657 646 555 630 696 596 640 548 731 558 772 655 531 694 631 5 648 1452 560 491 529 1522 647 585 612 776 1499 1385 616 526 1398 811 533 615 1666 1448 1622 551 1506 840 527 499 644 759 618 190 785 1416 675 636 880 433 1445 818 1500 571 559 441 233 602 1556 853 1421 1618 589 1594 802 514 812 1514 1799 693 552 516 482 1572 737 1770 1457 605 350 36 476 1480 6 60 340 389 11 119 78 140 22 257 163 125 355 74 89 416 103 122 50 92 144 33 109 148 128
11 1385 526 1499 618 555 785 630 696 529 636 776 589 1594 1421 491 1618 602 11 585 880 675 1445 1398 811 657 1522 560 647 499 616 1506 644 759 818 612 533 551 1416 1500 558 596 571 772 655 531 694 640 548 731 648 840 527 406 615 1666 1448 1622 1556 853 631 646 1514 1452 1799 516 257 559 140 802 119 514 408 1410 693 552 1572 737 1770 1457 405 605 544 1480 846 385 78 60 89 92 6 122 163 355 144 33 74 103 5 340 389 50 125 148 128 22 416 109
140 560 1421 1618 585 1385 1398 1506 811 533 529 551 785 618 140 596 640 548 731 491 636 776 555 630 696 880 1445 647 526 1499 631 646 648 1500 1522 644 571 616 759 657 612 499 558 772 655 531 694 675 589 1594 602 1514 1799 89 516 1452 1416 92 840 527 818 615 1666 1448 1622 559 78 11 802 1410 1556 853 514 1572 737 1770 1457 693 552 605 444 544 1480 846 6 103 257 119 60 163 144 33 355 122 5 22 50 74 340 389 148 128 125 109
15 1629 1481 812 1425 1748 15 514 1452 605 802 1480 559 19 693 552 1572 737 1770 1457 370 125 416 558 772 655 531 694 395 1410 388 445 1500 571 302 648 374 284 303 362 544 846 50 128 109 163 340 389
144 880 1445 1398 811 529 785 144 560 1385 585 526 555 630 696 648 533 551 657 491 1499 602 257 33 596 1421 640 548 731 1618 618 589 1594 636 1500 571 1522 1506 675 616 631 646 647 499 558 776 772 655 531 694 818 644 1416 612 759 1514 1799 516 615 1666 1448 1622 559 302 1452 840 368 527 450 802 11 89 6 140 78 119 60 103 163 92 122 5 50 355 74 340 389 148 22 109
19 1629 1481 812 1425 1748 19 514 1452 605 802 1480 559 15 693 552 1572 737 1770 1457 125 382 558 772 655 531 694 1410 416 413 415 229 1500 571 410 258 402 648 400 279 544 846 397 417 201 50 128 109 163 340 389
148 516 1500 571 636 1514 1799 802 1410 644 759 148 585 1572 737 1770 1457 1416 618 544 1480 605 846 616 533 648 551 602 776 529 1556 853 615 1666 1448 1622 1421 1618 675 555 630 696 818 647 514 1398 1522 811 1452 1385 840 527 499 491 812 612 526 589 1594 657 1499 560 785 559 1506 432 459 880 1445 596 640 548 731 213 646 6 50 558 122 772 655 531 694 334 693 552 385 631 128 60 125 416 103 140 163 11 119 257 78 89 355 74 92 5 109 340 144 389 33 22
22 631 596 640 548 731 558 772 655 531 694 646 648 1452 560 22 647 526 1522 612 657 1506 776 499 785 1398 811 616 675 618 840 527 602 228 1499 491 1421 1618 589 1594 529 636 514 812 555 644 630 696 759 392 1385 605 477 585 880 1445 1556 1500 853 234 802 571 289 559 388 818 246 198 1480 1572 533 737 1770 1457 551 1514 316 340 1799 436 615 1666 1448 1622 389 196 693 1416 78 119 6 5 125 140 355 416 89 74 92 11 60 163 257 50 122 144 33 103 109 148
416 514 812 1452 416 605 802 1480 559 1629 1481 693 552 1572 737 1770 1457 1425 1748 125 558 772 655 531 694 1410 1500 571 648 544 846 1556 853 631 646 636 1514 1799 491 516 169 430 526 57 50 1506 644 304 818 840 759 375 527 13 585 785 173 602 65 657 596 386 300 465 640 548 731 1416 589 330 1594 3 618 81 1499 370 15 301 97 374 63 616 487 35 1421 1618 776 207 206 395 533 342 551 459 31 1522 675 555 231 630 696 1385 373 203 305 303 218 302 115 560 369 128 109 19 163 340 389 78 6 122 60 148 22 11 5 140 92 103 74
33 880 1445 1398 811 529 785 33 560 1385 585 526 555 630 696 648 533 551 657 491 144 1499 602 257 596 1421 640 548 731 1618 618 589 1594 636 1500 571 1522 1506 675 616 631 646 647 499 558 776 772 655 531 694 818 644 1416 612 759 1514 1799 516 615 1666 1448 1622 559 1452 840 527 802 11 89 6 140 78 119 60 103 163 92 122 5 50 355 74 340 389 148 22 109
163 491 559 514 693 552 648 1499 555 630 696 1506 163 1398 811 657 529 1500 571 1452 585 785 1522 1385 558 1421 772 655 531 694 1618 589 1594 812 526 776 560 616 636 1514 1799 605 6 499 516 675 533 551 602 618 880 818 647 1445 615 1666 1448 1622 1416 802 644 840 612 759 527 631 646 596 640 548 731 1410 1556 853 1572 737 1770 1457 1629 1481 78 544 1480 846 109 119 125 1425 1748 416 11 60 140 92 257 89 50 122 5 340 389 74 103 148 128 355 144 33 22 15 19
50 802 1500 571 514 812 1452 605 636 1514 1799 50 516 1480 1572 737 1770 1457 1410 644 759 559 585 1629 1481 1416 618 648 544 846 616 693 552 533 551 125 1425 1748 602 558 1556 772 655 531 694 853 776 529 416 818 615 1666 1448 1622 1421 1618 491 675 555 630 696 647 840 527 526 785 1398 1522 811 1385 631 646 499 1499 589 1594 612 657 560 596 640 548 731 1506 880 1445 6 122 148 128 60 163 109 15 103 119 140 19 11 340 389 257 78 89 355 92 74 5 22 144 33
178 178 124 171 175 167 173 184 441 118 98 1 182 159 73 94
60 615 1666 1448 1622 1416 818 644 759 60 555 616 630 696 1556 853 589 1594 602 657 840 527 618 776 675 1499 636 491 529 1522 585 1500 571 1572 737 1770 1457 526 1385 533 551 785 612 648 1514 1799 646 647 1421 1618 432 516 1398 811 605 560 1506 802 596 640 548 731 1410 122 880 1445 559 499 558 772 655 531 694 427 205 631 514 204 325 323 1452 309 422 367 544 1480 846 6 119 11 257 140 78 163 5 74 355 103 50 89 148 128 125 92 340 144 389 33 109 22
74 1522 776 616 840 612 527 1499 647 596 640 548 731 644 759 74 555 630 696 618 1556 853 491 499 657 1385 818 631 646 560 675 636 589 1594 529 585 1421 1618 1500 571 526 1572 737 1770 1457 1506 602 785 1398 811 533 558 615 1666 1448 1622 551 772 655 531 694 1514 1799 648 516 559 880 1445 605 1416 1452 802 1480 119 355 1410 334 514 693 552 427 544 11 60 6 140 78 257 163 5 22 122 89 92 125 50 103 340 389 416 148 128 144 33 109
78 1506 491 1421 1618 558 772 655 531 694 78 1499 648 1452 618 560 631 646 1385 555 776 630 696 636 585 559 526 1398 811 589 647 1594 657 596 640 548 731 514 499 529 533 1522 551 675 616 644 759 693 785 552 602 612 1500 571 92 818 880 1445 140 802 1514 840 1799 527 812 179 615 1666 1448 1622 516 1556 853 605 444 1572 737 1770 1457 1480 1416 1410 341 163 430 119 6 11 340 389 89 125 257 60 416 22 5 103 122 109 355 50 74 144 33 148 128
340 558 772 655 531 694 648 1452 631 646 340 526 1506 785 596 640 548 731 657 602 491 1421 1618 589 1594 514 812 560 1398 811 675 647 1385 605 1499 802 499 559 1522 555 630 696 529 818 612 776 1480 618 1416 457 636 389 693 552 1500 571 880 616 1445 1629 1481 585 78 445 1572 737 1770 1457 644 759 840 527 1556 853 341 1410 1514 1799 6 125 1425 615 1666 1448 1622 1748 533 551 105 516 192 177 416 22 5 92 11 140 163 50 122 119 89 60 355 257 109 74 128 144 15 33 19 103 148
89 1398 811 560 785 529 1421 1618 880 89 1445 585 526 1385 1506 648 596 640 548 731 533 551 555 630 696 491 618 636 602 657 631 646 140 647 1500 571 776 589 1594 558 1522 675 772 655 531 694 1499 616 612 644 759 1514 499 1799 1416 1452 818 516 559 615 1666 1448 1622 840 527 802 6 1556 853 1410 514 693 552 92 1572 737 1770 1457 78 11 303 257 249 144 33 103 163 60 119 122 5 355 340 22 389 50 125 74 148 128 416 109
92 1506 1421 1618 560 491 585 92 1385 618 1398 811 558 772 655 531 694 529 1499 533 551 785 776 636 555 630 696 648 1452 596 640 548 731 78 526 647 140 631 646 657 880 1445 644 759 589 1594 616 499 1522 612 559 675 602 1500 571 514 818 693 552 840 527 1514 1799 1416 89 516 615 1666 1448 1622 802 388 1556 853 11 302 263 812 605 1572 737 1770 1457 6 119 163 103 340 389 257 60 125 355 5 416 122 22 144 33 74 50 109 148 128
355 612 647 1522 499 776 355 616 596 640 548 731 618 840 675 527 1499 636 644 759 631 646 560 555 630 696 602 1421 1556 1618 853 491 1385 657 818 589 1594 1500 571 615 1666 1448 1622 529 1506 558 772 655 531 694 1398 811 785 526 585 648 350 1572 737 1770 1457 119 1514 478 1799 352 1416 516 344 349 442 1452 452 171 533 356 551 880 1445 448 802 347 348 237 357 175 346 394 1410 74 1480 605 559 343 256 378 354 11 60 140 78 122 22 5 6 257 89 163 92 50 340 389 148 128 103 144 33 109
103 585 533 551 529 555 630 696 1500 571 103 657 1398 811 560 636 1514 1799 516 1421 1618 491 1385 785 880 802 1445 618 648 644 759 1506 1416 1410 776 616 1522 1572 1499 737 1770 1457 615 1666 1448 1622 646 454 544 1480 605 846 647 602 596 640 548 731 589 1594 1556 526 499 853 840 612 527 559 140 818 514 558 772 655 531 694 675 631 1452 693 552 350 6 257 812 222 11 60 89 78 92 50 122 148 128 163 119 5 125 144 33 416 74 355 340 389 109 22
108 1369 108 228 469 480 423 466 475 479 477 234 289 318 36 476 176
109 559 514 693 552 491 109 812 1452 605 648 802 1499 1480 555 630 696 1506 1629 1481 1398 811 657 558 772 655 531 694 163 1572 529 737 1770 1457 1500 571 125 1425 585 1748 785 1522 1385 526 1421 432 1618 589 1594 416 560 616 636 1514 1799 6 631 646 499 675 618 1556 602 516 853 533 551 476 776 647 880 818 1445 615 1666 1448 1622 1416 596 640 548 731 644 840 612 759 527 50 78 119 11 60 140 92 257 340 389 89 15 19 5 122 74 103 148 128 355 22 144 33
119 499 1499 675 119 647 602 491 589 1594 612 1522 1385 526 776 618 596 818 640 548 731 616 785 555 630 696 636 840 1416 527 1506 1421 1618 644 759 560 1556 853 657 631 646 529 1398 811 648 559 558 772 655 531 694 1500 571 615 1666 1448 1622 585 95 49 514 693 552 1452 1514 1799 1572 533 737 1770 1457 551 880 138 8 516 1445 121 4 38 802 39 11 20 605 1480 1410 118 137 51 1 355 122 78 60 163 74 6 257 140 92 5 340 22 125 389 89 50 109 416 103 148 128 144 33
122 1416 602 675 1500 571 589 1594 615 1666 1448 1622 526 636 1514 1799 499 122 818 516 785 802 1410 644 759 585 1572 737 1770 1457 1499 647 1556 853 618 648 544 1480 605 846 616 555 630 696 533 776 551 529 491 1385 1398 811 612 840 527 657 60 558 772 655 531 694 1522 1452 1421 1618 560 596 640 548 731 514 236 880 1445 812 219 631 646 149 202 241 119 559 262 292 188 204 235 254 1506 6 50 148 128 11 125 416 140 103 257 163 355 89 340 389 78 74 5 92 144 33 22 109
124 178 124 302 167
125 514 812 1452 605 802 1480 559 1629 1481 125 693 552 1572 737 1770 1457 1425 1748 558 772 655 531 694 1410 416 1500 571 648 544 846 1556 853 631 646 636 1514 1799 465 491 516 526 386 50 1506 644 818 840 759 527 206 370 585 785 231 459 602 657 596 640 548 731 1416 589 395 1594 1499 618 616 1421 1618 1522 533 551 169 555 373 630 696 302 675 369 374 284 430 560 1398 303 362 811 647 529 615 1666 1448 1622 499 776 57 450 249 375 372 128 109 15 163 19 340 389 78 6 122 60 148 22 119 5 140 11 92 103 89 74
