128 1410 544 1480 846 605 1500 571 636 1514 1799 128 3293 3584 3218 3290 802 644 759 514 812 1452 1416 585 1572 737 1770 1457 516 618 616 533 602 551 776 559 3277 529 1556 853 675 1629 1481 3183 648 1421 1618 555 630 696 647 3228 615 1666 1448 1622 693 589 552 1594 1522 499 818 3331 840 432 527 558 772 655 531 694 3557 3508 526 1425 1748 612 785 3425 1398 811 657 1499 428 491 3246 1506 3257 431 334 3260 6 148 103 140 119 11 355 19 74
355 612 647 1522 499 776 355 616 596 640 548 731 618 840 675 527 1499 636 644 759 631 646 560 555 630 696 602 3173 1421 1556 1618 853 491 818 657 3290 589 1594 3228 615 1666 1448 1622 1500 571 3246 1506 1385 3331 529 558 772 655 531 694 3557 3508 1398 3260 811 585 350 1572 737 1770 1457 119 3425 785 3257 478 1416 1514 1799 352 648 526 344 349 442 452 1452 171 3218 802 533 356 551 448 347 348 357 237 175 880 1445 3201 346 559 3277 74 394 605 343 256 378 354 11 140 22 6 148 128 103 144
6 648 3331 1398 811 491 555 630 696 1500 571 559 3277 785 3257 6 529 657 560 636 1514 514 1799 585 558 772 655 531 694 3557 3508 693 552 3173 3425 3218 3290 802 3246 1506 880 1445 3201 1499 526 1416 644 533 1452 759 551 3260 616 1572 737 1770 1457 516 631 646 602 589 618 1522 3228 1594 1421 615 1666 1448 1622 1618 596 640 548 731 3293 3584 1410 647 675 776 605 1556 853 499 812 1385 840 612 818 527 544 1480 846 385 169 140 119 11 148 128 103 144 22 74 355
103 585 533 551 529 555 630 696 1500 571 3425 103 657 636 1514 1799 1398 811 491 3173 3218 3290 802 3257 3260 880 1445 3201 1416 785 644 759 616 560 1522 3228 3331 615 1666 1448 1622 1572 737 1770 1457 776 618 516 3246 1506 1421 1618 646 454 1499 648 1385 602 1410 1556 605 853 3293 3584 647 840 612 818 527 589 1594 514 140 1452 596 640 548 731 675 559 3277 499 544 1480 846 558 812 772 655 531 694 3557 3508 350 693 552 6 526 631 222 11 148 128 119 144 74 355 22
74 1522 776 616 840 612 527 1499 647 596 640 548 731 644 759 74 555 630 696 618 1556 853 491 499 657 3173 818 631 646 560 636 589 1594 675 3331 529 585 1421 1618 3246 1506 1385 1500 1572 571 737 1770 1457 3425 602 3228 615 1666 1448 1622 3260 3290 526 785 1398 533 811 551 558 772 655 531 694 3557 3508 1514 1799 3257 559 3277 1416 3218 605 802 880 1452 1445 3201 119 355 1480 514 693 552 648 334 3293 3584 516 427 11 6 140 22 103 148 128 144
11 1385 3425 526 1499 618 529 555 785 630 696 636 776 589 1594 491 602 880 1445 3201 11 1421 1618 657 1522 1398 675 811 647 616 3246 644 1506 759 818 3173 612 3290 3331 3257 3260 585 499 1416 560 558 3228 772 655 531 694 3557 3508 615 1666 1448 1622 840 527 406 1500 596 571 640 548 731 533 551 1556 853 648 631 646 1452 559 1514 3277 1799 140 3218 802 514 119 408 693 552 405 1572 737 1770 1457 3293 516 3584 385 6 144 355 74 103 22 148 128
140 3257 3260 560 1421 1618 585 3246 1506 1398 811 533 551 529 785 140 618 1385 491 596 640 548 731 636 880 1445 3201 776 647 555 630 696 3331 558 3425 1500 772 655 531 694 3557 3508 571 631 646 644 759 648 616 1522 3173 612 657 526 1499 499 1452 1514 1799 3290 675 1416 3218 802 559 3277 3228 615 1666 1448 1622 11 840 527 589 1594 514 602 818 1572 737 1770 1457 516 1556 853 693 552 3293 3584 444 605 406 1480 6 103 119 144 355 22 74 148 128
144 880 1445 3201 3425 1398 811 529 785 3257 144 560 585 526 1385 555 630 696 533 551 657 596 640 548 731 602 491 3173 648 3260 589 1594 1499 3331 1522 1500 571 1421 3246 776 3290 636 1618 1506 675 631 646 618 1416 647 818 558 3228 772 655 531 694 3557 3508 615 1666 1448 1622 499 644 759 612 302 616 1514 1799 11 368 450 6 140 103 119 355 74 22 148
19 1629 1481 3183 812 1425 1748 3293 3584 19 514 1452 605 3218 802 1480 559 3277 693 552 1572 737 1770 1457 558 3331 772 655 531 694 3557 3508 1500 571 382 413 415 229 648 410 636 1514 258 402 1799 400 279 1410 397 417 201 1556 631 646 853 128 6 148 22
148 516 1500 571 636 1514 1799 3218 3290 802 644 759 148 1416 585 1572 737 1770 1457 618 616 533 602 551 1410 605 3293 3584 776 529 1556 853 675 544 1480 846 514 812 1452 648 1421 1618 647 3228 615 1666 1448 1622 589 1594 555 818 499 630 696 1522 3331 840 527 3425 526 612 785 1499 657 491 432 1398 811 3257 459 3260 3246 1506 558 213 772 655 531 694 3557 3508 596 640 548 731 6 1385 646 1629 1481 3183 560 334 3173 880 1445 3201 559 3277 385 128 103 140 119 11 355 74 19 144
22 631 596 640 548 731 558 772 655 531 694 3557 3508 646 648 1452 560 22 3173 647 657 526 3246 1506 1522 612 776 499 785 3260 616 675 1398 811 3293 3584 618 840 527 3257 602 228 1499 491 1421 1618 514 812 589 1594 636 644 759 529 555 605 3218 630 696 3331 802 392 3290 477 1556 853 3425 234 880 289 1445 3201 559 3277 585 388 1500 571 1480 818 246 198 3228 615 1666 1448 1622 1572 737 1770 1457 1416 1385 436 316 693 196 1629 552 1481 3183 119 6 140 355 74 11 144 103 19
119 499 1499 675 119 647 602 491 589 1594 612 1522 776 526 3290 3331 618 596 818 640 548 731 616 3246 1416 1506 785 1385 555 840 630 696 527 636 1421 1618 644 759 1556 853 3260 560 631 646 3173 657 559 3277 3228 615 1666 1448 1622 558 772 655 531 694 3557 3508 3425 1500 571 529 1398 811 648 514 693 552 95 585 49 3257 1452 1514 1799 1572 8 737 1770 1457 138 121 3218 802 38 4 533 551 39 11 3293 20 3584 605 880 1445 3201 118 137 51 516 1480 1 310 355 6 74 140 22 148 128 103 144
