128 1410 544 1480 846 605 1500 571 636 1514 1799 128 3293 3584 3218 3290 802 516 644 759 514 812 1452 1416 585 1572 737 1770 1457 618 616 533 602 551 776 559 529 3277 648 1556 853 675 1629 1481 3183 3331 1421 1618 647 3228 615 1666 1448 1622 555 630 696 693 552 589 1594 818 499 1522 840 432 527 3425 558 772 655 531 694 3557 3508 526 1425 1748 612 785 491 1398 1499 811 3257 3260 3246 657 1506 428 431 334 1385 6 148 103 140 119 11 355 19 74
355 612 647 1522 499 776 355 616 596 640 548 731 618 840 675 527 1499 636 644 759 631 646 560 555 630 696 602 3173 1421 1556 1618 853 491 818 657 3290 1385 589 1594 3228 1500 615 1666 1448 1622 571 3246 1506 3331 3260 529 558 772 655 531 694 3557 3508 3425 1398 3257 811 585 350 785 1572 737 1770 1457 119 648 526 1416 1514 478 1799 352 344 1452 349 442 171 452 3218 802 533 356 551 347 348 448 237 880 1445 3201 357 346 175 516 559 3277 394 74 605 343 378 256 443 354 11 140 22 6 148 128 103 144
6 648 3331 1398 811 491 555 630 696 1500 571 559 3277 785 3257 6 529 657 560 636 1514 514 1799 585 558 772 655 531 694 3557 3508 693 552 3425 3173 3218 3290 802 3246 1506 880 1445 3201 1499 526 516 3260 1416 644 533 1452 759 551 616 1572 737 1770 1457 631 646 1421 1618 602 589 1594 1522 3228 615 1666 1448 1622 776 618 1410 596 640 548 731 3293 3584 1385 605 647 675 499 1556 853 544 1480 846 812 840 612 818 527 385 169 140 119 11 148 128 103 144 22 74 355
103 585 533 551 529 555 630 696 1500 571 3425 103 657 636 1514 1398 1799 811 3257 3260 491 3173 3218 3290 802 560 880 1445 3201 785 1416 516 644 1421 759 1618 3331 3246 616 1506 618 776 1522 3228 615 1666 1448 1622 1572 737 1770 1457 1385 648 1499 646 454 1410 602 605 647 1556 853 3293 3584 544 1480 589 846 1594 596 514 640 548 731 840 612 818 527 1452 140 559 3277 499 675 558 772 655 531 694 3557 3508 812 526 693 552 350 631 6 222 11 148 128 119 144 74 355 22
74 1522 776 616 840 612 527 1499 647 596 640 548 731 644 759 74 555 630 696 618 1556 853 491 499 657 3173 818 631 646 560 636 589 1594 675 3331 1385 529 585 1421 1618 3246 1506 3425 1500 571 1572 737 1770 1457 3260 526 602 3228 615 1666 1448 1622 3290 785 1398 811 533 551 558 3257 772 655 531 694 3557 3508 1514 1799 559 3277 1416 3218 880 802 605 1445 3201 648 1452 119 516 355 1480 514 693 552 3293 334 3584 1410 427 11 6 140 22 103 148 128 144
11 1385 3425 526 1499 618 529 555 785 630 696 636 776 589 1594 491 602 880 1445 3201 1421 1618 11 1398 657 811 675 1522 3257 3260 647 616 3246 1506 644 759 818 585 499 3173 612 560 3331 3290 1416 558 3228 772 655 531 694 3557 3508 615 1666 1448 1622 840 527 533 551 596 406 640 548 731 1500 571 648 1556 853 631 646 1452 1514 559 1799 3277 140 3218 802 514 119 408 516 693 552 1572 737 1770 1457 405 3293 3584 1410 385 6 144 355 74 103 22 148 128
140 3257 3260 560 1421 1618 585 3246 1506 1398 811 533 529 551 1385 785 140 618 491 596 640 548 731 636 880 1445 3201 776 555 3425 647 630 696 3331 558 772 655 531 694 3557 3508 648 1500 571 526 1499 631 646 644 759 1522 616 3173 612 657 499 1452 1514 1799 675 3290 589 1594 1416 3218 559 602 802 3277 3228 615 1666 1448 1622 840 527 11 516 514 818 1572 1556 737 1770 1457 693 853 552 3293 3584 1410 1480 444 605 6 103 119 144 355 22 74 148 128
144 880 1445 3201 3425 1398 811 529 785 3257 144 560 1385 585 526 555 630 696 533 551 657 648 3260 491 596 640 548 731 602 3173 3331 1499 589 1594 1421 1618 618 3246 1506 776 1522 675 631 646 636 647 3290 818 558 499 772 655 531 694 3557 3508 1416 3228 615 1666 1448 1622 612 644 759 616 302 11 1500 571 368 559 3277 6 140 103 119 355 74 22
19 1629 1481 3183 812 1425 1748 3293 3584 19 514 1452 605 3218 802 1480 559 3277 693 552 1572 737 1770 1457 558 3331 772 655 531 694 3557 3508 1500 571 382 413 1410 415 229 648 410 636 1514 258 402 1799 400 279 397 417 201 1556 631 646 853 128 6 148 22
148 516 1500 571 636 1514 1799 3218 3290 802 644 759 148 1416 585 1572 737 1770 1457 1410 618 616 533 602 551 605 3293 3584 544 1480 846 776 529 648 1556 853 675 514 3331 812 1452 1421 1618 647 3228 615 1666 1448 1622 555 630 696 589 1594 818 499 1522 840 527 3425 526 612 491 1499 1398 811 3257 657 1385 432 3246 1506 558 560 772 655 531 694 3557 3508 459 559 3277 646 596 213 640 548 731 785 880 3260 6 1445 3201 1629 3173 1481 3183 334 631 385 128 103 140 119 11 355 74 144 19 22
22 631 596 640 548 731 558 772 655 531 694 3557 3508 646 648 1452 560 22 3173 647 657 526 3246 1506 1522 612 776 499 785 3260 616 1398 811 675 3293 3584 618 3257 840 527 602 228 1499 491 1421 1618 514 812 589 1594 636 529 644 3331 759 555 630 696 605 3218 802 392 3425 3290 477 1556 853 880 559 234 1445 3201 3277 289 1500 571 388 1385 585 1480 818 246 198 3228 615 1666 1448 1622 1572 737 1770 1457 1416 693 552 436 316 196 1629 1481 3183 1514 119 6 140 355 74 11 144 103 148 19
119 499 1499 675 119 647 602 491 589 1594 612 1522 526 776 3290 3331 618 1385 596 818 640 548 731 616 785 3246 1416 1506 555 630 696 840 527 636 1421 1618 644 759 3260 1556 853 560 3425 631 646 657 3173 559 3277 3228 529 615 1666 1448 1622 558 772 655 531 694 3557 3508 1398 1500 811 571 648 585 95 514 693 552 49 1452 1514 1799 1572 737 1770 1457 8 138 533 551 121 3218 802 880 1445 3201 4 39 38 11 3293 516 20 3584 605 3257 118 137 1480 51 1 355 6 74 140 22 148 128 103 144
