128 1410 544 1480 846 605 1500 571 636 1514 1799 128 3293 516 3584 3218 3290 802 644 759 514 812 1452 1416 585 1572 737 1770 1457 618 616 533 602 551 648 776 529 3331 1556 853 675 1629 1481 3183 1421 1618 555 630 696 3228 647 615 1666 1448 1622 589 1594 558 3425 1522 772 655 531 694 3557 3508 818 499 526 840 1398 432 527 811 3257 491 1425 1748 612 1385 1499 657 560 428 3246 1506 559 3277 431 334 785 3260 6 148 103 119 140 11 355 19 74
355 612 647 1522 499 776 355 616 596 640 548 731 618 840 675 527 1499 636 644 759 631 646 560 555 630 696 602 3173 1421 1556 1618 853 491 1385 818 657 3290 589 1594 3228 1500 3260 615 1666 1448 1622 571 3246 1506 3425 3331 3257 529 558 772 655 531 694 3557 3508 1398 811 785 585 526 648 350 1572 737 1770 1457 119 1416 1514 1799 478 352 344 349 1452 442 452 516 171 3218 802 880 533 1445 3201 551 356 346 448 347 348 357 237 175 559 3277 394 74 605 1480 1410 343 256 378 354 11 140 22 6 148 128 103 144
6 648 3331 1398 811 491 555 630 696 1500 571 559 3277 785 3257 6 529 657 560 514 636 1514 1799 585 558 772 655 531 694 3557 3508 693 552 3425 516 3173 3218 3290 802 3246 1506 880 1445 3201 1499 3260 526 1416 644 533 1452 759 551 616 1410 1421 1572 1618 737 1770 1457 631 646 602 589 1594 1522 3228 618 615 1666 1448 1622 776 596 640 548 731 1385 3293 3584 544 1480 846 605 499 647 675 1556 853 812 840 612 818 527 385 169 140 119 11 148 128 103 144 22 74 355
103 585 533 551 529 555 630 696 1500 3425 571 103 657 3257 3260 1398 811 636 1514 1799 560 516 491 3173 1421 3218 3290 1618 802 880 1445 3201 785 1385 3246 1506 3331 1416 644 759 618 648 616 776 1410 1522 3228 615 1666 1448 1622 1572 737 1770 1457 1499 646 454 602 544 1480 846 647 605 596 640 548 731 589 1594 1556 3293 853 3584 514 499 559 1452 3277 840 612 818 558 526 527 772 655 531 694 3557 3508 140 675 812 693 552 631 350 6 222 11 148 128 119 144 74 355 22
74 1522 776 616 840 612 527 1499 647 596 640 548 731 644 759 74 555 630 696 618 1556 853 491 499 657 3173 818 631 646 560 636 589 675 1594 1385 3331 529 3425 585 1421 1618 3246 1506 1500 571 1572 3260 737 1770 1457 526 602 785 3257 3228 615 1666 1448 1622 3290 1398 811 558 533 772 655 531 694 3557 3508 551 1514 1799 559 648 3277 880 1445 3201 1416 516 3218 802 605 1452 1480 119 355 514 693 552 3293 3584 334 1410 427 11 6 140 22 103 148 128 144
11 1385 3425 526 1499 618 529 555 785 630 696 636 776 589 1594 491 1421 1618 602 880 1445 3201 3257 3260 11 1398 811 675 657 1522 3246 1506 647 560 616 499 585 644 759 818 3173 3331 612 3290 1416 533 551 558 3228 772 655 531 694 3557 3508 615 1666 1448 1622 596 840 640 548 731 648 527 1500 571 406 1556 853 631 646 1452 1514 1799 559 3277 516 3218 802 140 514 119 408 693 552 1410 1572 737 1770 1457 405 3293 3584 1480 385 605 6 144 355 74 103 22 148 128
140 3257 3260 560 1421 1618 585 3246 1506 1398 811 1385 529 533 551 785 618 140 491 596 640 548 731 636 3425 880 1445 3201 776 555 630 696 647 3331 526 1499 631 646 648 3173 1500 571 644 1522 759 616 558 772 655 531 694 3557 3508 657 612 499 675 589 1594 1514 1799 3290 602 1452 1416 559 3277 516 3228 615 1666 1448 1622 3218 802 840 527 818 11 514 1556 693 853 552 1410 1572 737 1770 1457 3293 3584 605 444 544 1480 846 6 103 119 144 355 22 74 148 128
144 880 1445 3201 3425 1398 811 529 785 3257 144 560 1385 585 526 555 630 696 533 551 3260 648 657 491 1499 3331 1421 602 1618 596 640 548 731 618 3173 589 1594 3246 1506 776 636 1522 675 647 499 631 646 616 3290 558 772 655 531 694 3557 3508 818 1416 612 3228 615 1666 1448 1622 644 1500 759 571 559 3277 302 11 1452 368 840 527 6 140 119 103 355 74 22
19 1629 1481 3183 812 1425 1748 3293 3584 19 514 1452 605 3218 802 1480 559 3277 693 552 1572 737 1770 1457 558 3331 772 655 531 694 3557 3508 1410 1500 571 382 413 415 229 648 410 544 846 636 1514 258 402 1799 400 279 397 417 201 1556 631 646 853 128 6 148 22
148 516 1500 571 636 1514 1799 3218 3290 802 644 759 148 1410 1416 585 1572 737 1770 1457 618 616 544 1480 846 605 533 602 551 648 3293 3584 776 529 3331 1556 853 675 514 1452 812 1421 1618 555 630 696 3228 647 615 1666 1448 1622 589 1594 3425 1522 818 526 499 840 1398 527 811 3257 491 612 1385 1499 657 3246 560 1506 559 3277 432 785 3260 880 459 1445 3201 596 640 548 731 3173 213 646 6 1629 1481 3183 558 772 655 531 694 3557 3508 693 552 334 385 128 103 119 140 11 355 74 144 19
22 631 596 640 548 731 558 772 655 531 694 3557 3508 646 648 1452 560 22 3173 647 657 526 3246 1506 1522 612 776 499 785 3260 1398 616 811 675 3257 3293 3584 618 840 527 602 1499 228 491 1421 1618 514 812 3331 589 1594 636 529 644 555 759 630 696 605 3218 802 3425 392 1385 559 3290 477 3277 880 585 1556 1500 1445 3201 853 571 234 289 388 1480 818 246 198 3228 615 1666 1448 1622 1572 737 1770 1457 693 1416 552 533 1514 551 316 1799 436 196 1629 1481 3183 119 6 140 355 74 11 144 103 148 19
119 499 1499 675 119 647 602 491 589 1594 612 1522 526 776 1385 618 3290 3331 596 818 640 548 731 616 785 3246 1416 1506 555 630 696 636 840 527 1421 1618 3425 3260 644 759 1556 560 853 657 3173 631 646 559 529 3277 1398 811 3228 648 615 1666 1448 1622 558 1500 772 655 531 694 3557 3508 571 585 95 514 693 552 49 1452 1514 1799 1572 737 1770 1457 880 1445 3201 533 551 3257 138 8 516 3218 802 121 4 38 39 11 3293 3584 605 20 1480 1410 118 137 51 1 355 6 74 140 22 103 148 128 144
