0 0 108 48 310 120 228 36 476 445 469 366 160 480 134
2 2 78 163 130 66 281 119 6 153 249 70 137 427 170 285 204 11 168 92 52 60 207 69 100 96 140 159 141 283 40 329 37 10 205 109 29 157 127 257 155 131 129 287 166 225 158 25 187 351 297 253 113 74 391 16 296 89 5 125 63 123 186 71 340 38 107 389 122 142 42 147 364 103 44 322 416 355 83 47 50 79 126 270 62 151 242 82 76 145 59 148 22 144 33
5 5 157 168 190 433 441 233 66 69 107 482 350 36 476 283 153 205 166 151 242 60 142 207 59 6 158 2 96 159 340 389 78 141 11 71 37 42 40 83 29 140 22 297 127 253 155 130 257 119 163 296 287 125 129 123 351 74 137 52 10 103 355 44 92 38 89 16 47 322 79 126 62
6 6 159 163 29 131 66 385 2 182 169 70 69 296 322 391 204 96 168 155 283 89 153 40 60 430 207 205 147 71 50 122 203 78 166 140 82 37 141 157 11 145 148 128 257 130 109 125 313 340 127 129 187 389 119 25 107 76 42 297 27 253 142 47 416 113 103 52 44 5 270 323 111 63 83 144 249 33 92 137 401 100 329 357 158 248 287 55 351 41 88 116 74 16 151 242 62 79 126 123 59 22 225 186
10 10 119 158 186 113 130 290 263 200 369 153 356 188 129 123 107 355 37 100 122 2 11 287 155 157 151 242 147 329 59 225 127 52 296 142 249 60 131 66 71 187 47 78 69 140 351 74 257 163 16 38 270 168 22 5 92 137 207 82 141
11 11 406 257 37 16 140 129 130 66 408 119 405 391 385 153 435 296 2 155 96 52 287 40 100 249 158 147 113 89 168 29 78 60 92 71 207 69 6 329 127 10 141 131 225 283 76 157 205 122 186 107 163 187 144 33 166 322 270 123 103 44 137 159 351 297 253 74 5 355 142 340 38 389 151 242 42 70 62 59 83 47 79 126 82 145 148 22
15 15 260 323 112 420 370 56 379 19 395 412 388 445 416 302 374 284 413 125 303 362 50 116 83 25 313 70 111
16 16 11 406 363 275 257 37 140 385 129 388 476 130 66 447 95 362 49 339 132 119 391 153 296 2 155 96 52 287 40 100 249 158 147 113 89 168 29 78 60 92 71 207 69 6 329 127 10 141 131 225 283 76 157 205 186 107 122 163 144 33 166 322 270 123 103 44 137 159 351 297 253 74 5 355 142 340 47 389 151 242 42 62 59 83 79 126 82
19 19 260 323 112 15 420 56 379 413 382 229 412 410 258 402 400 279 415 397 417 201 411 418 295 243 285 398 268 484 205 125 416 50 116 83 69 25 313 70 111
22 22 142 228 69 107 392 477 234 289 246 283 388 316 198 157 214 205 294 196 436 288 213 166 151 242 153 59 158 340 389 159 71 42 78 37 83 6 125 5 140 168 29 123 119 127 296 10 129 137 416 287 351 11 355 2 74 113 92 52 130 100 89 186 322
25 25 125 70 204 416 323 281 109 392 465 163 50 420 116 429 386 373 83 63 313 6 260 2 111 203 69 131 283 205 159 78 187 166 128 66 112 15 401 56 379 19 157 130 248 29 340 389 88 147 42 122 142 82 137 145 148 55 41 207 141
27 27 148 131 451 480 466 475 479 477 234 289 318 320 176 198 315 446 316 134 409 486 294 436 196 155 430 147 6 50 122 203 96 82 145 128 313 129 187 125 127 111 270 47 401 60 113 357 159 66 248 416 55 364 41 163 103 88 116 44 29 140 40 287 62 186
29 29 296 322 391 6 89 71 488 40 208 140 179 350 37 257 444 445 76 66 96 159 144 107 33 11 163 131 153 69 2 92 52 157 249 78 113 168 151 242 283 70 60 100 59 207 158 155 205 142 129 204 130 103 44 166 141 16 329 430 147 50 122 287 127 225 137 186 5 82 340 62 389 145 148 128 42 22 109 83 74 25 27
33 33 391 76 144 257 29 428 450 40 296 322 11 6 89 71 140 66 37 96 16 159 129 130 107 2 163 168 52 92 207 103 44 141
37 37 296 113 11 69 100 283 476 205 329 29 341 122 166 450 225 186 130 157 257 119 16 340 391 140 389 187 159 129 42 78 66 10 6 153 142 322 60 89 2 83 47 40 131 71 364 52 96 125 249 168 155 287 158 92 107 147 22 137 76 163 416 297 253 351 5 207 127 144 33 50 141 38 151 242 123 74 59 82 103 145 148 79 126
38 38 351 187 153 489 364 95 49 472 8 138 473 119 121 39 462 449 329 419 239 459 219 137 118 482 365 51 94 203 127 287 74 130 78 123 60 66 107 155 158 355 401 100 129 10 248 2 88 116 157 151 242 11 131 297 168 253 59 52 225 249 6 37 207 142 113 92 147 71 270 186 141 111 40 47 79 126 5 16 22
40 40 257 96 29 66 391 488 423 214 392 370 405 11 6 296 322 431 140 168 89 103 153 44 60 131 207 71 2 76 37 141 144 33 62 155 130 159 163 16 52 297 129 157 253 92 119 249 107 5 147 430 78 287 122 329 127 50 69 203 100 113 158 82 351 70 145 74 148 128 47 79 151 313 242 126 123 270 59 27 225 137 41
41 41 128 111 357 252 55 131 281 428 431 334 299 116 155 430 125 147 6 50 122 203 96 82 145 148 416 323 313 129 27 127 270 401 47 113 159 248 83 163 103 88 44 25 62
42 42 69 283 205 166 338 486 157 440 226 247 444 340 389 437 159 78 37 142 467 474 83 6 125 107 296 22 137 416 323 5 2 168 113 92 52 249 11 100 153 151 242 140 29 158 59 163 66 50 71 130 329 116 122 225 129 186 25 70 89 313 322 16
44 44 62 96 444 445 103 140 131 40 66 257 6 89 29 168 11 155 153 71 60 92 430 52 391 207 249 147 2 50 122 203 78 82 141 145 148 128 129 313 296 322 127 130 159 163 27 47 287 16 5 270 137 401 76 248 144 33 41 88
47 47 60 122 297 253 113 329 155 131 95 160 79 126 66 187 37 186 100 6 430 127 147 364 270 96 203 50 82 168 119 145 148 10 128 225 153 296 129 207 313 2 130 158 141 27 351 11 40 29 401 159 111 163 248 357 287 116 38 103 44 88 55 41 5 62
50 50 313 125 131 416 323 486 465 217 155 116 430 83 147 6 25 122 203 96 82 145 148 128 111 260 70 204 69 129 187 27 127 270 283 47 401 60 113 357 159 205 66 248 166 55 364 41 163 103 88 44 29 140 109 112 40 15 56 379 19 287 340 52 389 42 63 62 186 207 141
52 52 249 78 140 129 429 137 92 155 447 446 263 287 158 11 2 147 89 96 71 69 153 283 29 131 205 66 107 119 37 130 166 127 60 270 257 6 16 163 10 391 157 123 40 296 103 340 44 389 159 322 355 42 151 242 142 168 83 59 100 113 297 351 253 207 50 122 74 62 186 82 145 148 141 5 22 79 126
55 357 55 128 286 433 293 264 252 255 111 214 449 275 236 213 41 219 131 36 476 202 385 116 155 430 125 147 6 50 122 203 96 82 145 148 416 323 313 129 27 127 270 401 47 159 248 83 103 88 25
56 56 379 260 323 382 413 229 112 410 15 415 402 420 400 279 19 397 417 201 243 484 411 268 418 285 412 295 398 205 362 125 416 50 69 116 83 25 313
59 59 481 107 157 151 242 153 158 388 142 293 71 249 252 217 69 22 140 123 127 10 29 283 5 119 129 168 287 205 351 355 74 166 155 130 52 38 66 89 187 11 296 6 78 340 322 391 186 389 159 96 147 42 92 37 2 83 40 257 270 207 137 16 141
60 60 297 253 329 155 432 47 79 126 66 187 204 427 325 205 309 367 323 122 422 464 166 461 127 364 270 100 131 168 153 129 207 6 113 2 96 141 203 351 11 40 225 37 147 130 287 63 38 69 119 158 125 70 260 430 257 163 157 50 52 5 186 78 159 29 249 140 82 296 145 148 128 401 10 103 44 313 248 116 74 16 123 88 27 25 109 62
62 62 44 96 364 358 427 103 140 131 40 66 187 257 6 89 29 168 11 155 60 71 92 430 52 391 207 249 203 147 2 50 122 78 82 141 145 148 128 129 313 322 27 47 16 5 41
63 204 63 487 465 70 236 206 370 188 209 231 459 395 292 368 373 447 302 374 369 284 169 303 240 430 297 416 199 109 371 305 372 57 163 25 6 2 60 125 145 66 78 159 253 130 79 126
66 66 168 153 60 207 6 2 467 96 488 141 449 11 208 40 457 179 297 253 257 155 163 130 157 5 29 140 78 159 131 329 127 119 391 287 103 44 351 37 187 74 16 47 129 296 79 126 123 70 89 38 107 69 158 122 322 100 52 71 204 62 249 92 364 355 137 147 270 283 430 113 203 205 50 76 10 166 151 242 225 82 145 148 128 144 142 59 33 109 186 313 25 340 389 27 42 63
69 69 283 205 338 486 166 440 226 247 157 437 340 389 159 467 42 78 37 142 488 208 83 179 482 424 36 350 444 445 6 125 107 296 22 137 416 323 5 2 168 113 92 52 249 11 100 153 151 242 140 29 158 59 163 66 50 71 130 329 116 122 119 131 225 129 186 25 70 313 89 257 322 10 16 287 111 40 207 74 141 109
70 70 204 109 163 25 63 125 482 6 2 478 352 236 344 416 452 349 487 442 171 323 50 66 78 159 116 83 130 29 131 313 119 69 260 203 111 283 168 137 205 11 207 166 296 322 40 92 89 141 340 389 112 15 82 42 19
71 71 140 29 107 275 89 213 149 157 151 242 296 322 391 202 241 176 283 198 153 222 200 216 292 279 59 158 96 6 92 52 142 249 11 40 78 37 257 66 69 129 76 22 168 131 119 159 2 123 155 144 205 127 33 10 103 5 44 130 137 163 166 287 16 351 355 74 147 113 207 38 100 62 340 389 186 42 141 83 270 82
74 74 153 127 287 351 334 236 213 123 130 38 277 66 107 219 149 187 155 251 253 427 241 325 119 355 158 129 364 2 157 151 242 11 168 59 329 60 207 100 142 6 10 96 270 71 147 141 52 40 203 249 131 140 37 78 163 257 69 5 225 29 186 297 22 113 16 159 89 103 44 401 92 137 248 79 126 88
76 76 391 144 257 33 29 450 428 474 40 296 322 11 6 89 71 140 66 37 96 16 159 129 130 107 2 163 168 52 92 207 103 44 141
78 78 137 2 92 52 249 69 179 140 283 444 205 341 430 166 339 163 129 157 130 66 340 389 159 119 11 6 42 89 37 142 96 153 83 71 70 155 287 29 204 158 107 147 168 125 100 131 60 207 296 22 145 257 5 416 113 127 16 10 141 329 40 103 151 44 242 322 109 225 25 59 270 123 186 74 63 62 82
79 79 60 297 253 432 329 155 449 120 459 47 126 427 66 431 334 187 205 325 323 367 422 434 122 127 364 270 100 131 168 153 129 207 6 113 2 96 141 203 351 11 40 225 37 69 147 130 125 260 287 38 158 257 50 163 159 186 5 52 82 145 148 401 103 44 248 74 16 88
82 82 131 412 486 155 430 147 6 50 122 203 334 96 467 145 148 128 439 201 313 129 187 27 125 127 111 270 47 60 401 113 357 159 248 66 416 55 364 323 153 41 163 103 88 116 44 29 140 40 287 158 329 11 52 2 37 249 297 253 62 186 168 100 257 89 70 351 296 322 207 83 25 71 10 141 92 79 225 126 74 16
83 83 125 69 416 323 283 205 166 338 486 465 405 50 157 219 420 116 440 226 247 386 340 446 389 159 25 42 78 37 142 313 260 70 111 203 204 6 131 107 296 22 137 5 2 168 187 163 113 92 52 128 249 109 11 112 15 100 401 56 379 19 151 242 248 140 122 29 59 88 63 147 71 225 82 186 145 148 55 41 16
85 237 85 162 443 449 434 349 442 482 476 448 105 357 360 346 478 352 379 344 56 55 260 128
88 88 203 187 401 248 489 364 116 131 429 476 414 382 462 366 160 436 368 292 329 111 125 351 416 155 323 38 430 147 6 50 122 60 153 96 82 145 148 128 313 100 129 27 83 25 127 270 297 47 253 113 357 159 55 225 41 103 44 74 79 126
89 89 140 29 249 296 322 391 71 96 6 303 52 92 11 40 78 37 257 66 107 129 76 131 159 2 144 33 103 44 153 137 69 163 16 158 155 157 130 151 242 168 283 147 59 287 113 119 62 205 207 100 142 166 122 70 141 340 82 389 225 5 145 148 42 22 74
91 91 328 460 470 211 220 338 463 420 406 456 468 471 405 190 226 247 265 286 440 461 454 361 290 228 424 433 462 464 437 465 362 233 239 252 264 419 472
92 92 78 140 137 52 249 2 89 388 96 71 302 263 69 11 283 29 205 129 166 66 130 37 6 163 107 157 153 119 40 296 391 103 340 44 257 389 155 158 159 16 322 42 131 287 147 142 83 168 70 151 242 100 62 207 59 127 113 10 141 22 5 76 270 225 144 33 74 109 82
96 96 103 44 140 131 40 66 388 62 263 368 257 6 89 29 168 11 155 153 71 92 60 430 52 391 207 249 147 2 50 122 203 78 82 141 145 148 128 129 296 313 322 127 187 130 159 163 107 297 27 253 157 47 37 125 287 16 5 270 111 119 158 137 401 113 76 329 357 248 144 33 55 351 41 88 116 74 100 151 242 79 126 123 59
100 100 329 225 37 113 130 360 187 432 119 449 392 172 60 461 213 489 296 419 364 36 415 464 431 334 153 122 366 11 186 2 10 69 297 253 351 47 283 66 155 203 205 158 78 131 29 38 166 257 16 127 140 129 6 157 163 287 391 79 126 74 340 96 389 159 168 42 142 40 123 89 52 107 147 401 322 207 137 83 71 92 248 270 355 141 88 82 5 22
103 103 96 454 44 140 131 40 66 350 249 277 222 62 257 6 89 29 168 52 11 155 153 71 60 92 430 391 207 147 2 50 122 78 203 82 141 129 145 148 128 296 313 322 127 130 159 163 107 297 27 253 157 47 287 37 16 5 270 137 401 111 113 76 357 248 116 144 33 55 41 88 74 79 126
104 104 353 453 469 451 480 475 479 477 289 318 320 198 246 446 279 316
107 107 157 151 242 153 59 158 293 252 142 71 214 213 149 392 283 241 219 262 36 222 216 202 481 292 134 254 69 22 140 123 127 10 29 5 119 129 168 287 205 351 355 74 166 155 130 38 66 89 187 11 296 52 6 340 322 391 249 186 389 159 96 42 147 78 37 92 2 364 83 40 113 257 270 100 207 163 16 137 76 141 103 144 33
108 108 0 228 469 480 423 466 48 475 36 476 479 477 445 234 289 318 366 160 176
109 109 70 204 163 432 25 476 63 125 358 6 2 416 323 50 66 78 159 116 83 130 29 131 313 119 69 260 111 168 137 207 322 92 141
110 110 244 408 405 392 362 439
111 111 116 128 459 125 203 357 447 131 416 55 430 49 41 132 323 8 268 319 187 401 50 248 364 88 155 83 313 25 147 145 6 122 96 82 148 260 70 329 69 351 129 27 127 38 270 159 47 163 113 103 109 44 112 15 19
112 112 260 323 412 15 420 56 379 19 410 258 402 400 279 397 201 243 484 417 268 285 411 418 413 398 205 295 436 224 125 215 195 229 416 50 116 83 69 25 313 70 111
113 113 122 37 186 100 10 119 329 296 429 225 262 47 263 49 131 60 130 158 11 69 187 283 155 205 153 364 29 297 166 253 2 6 430 203 147 157 50 96 257 16 82 340 391 140 389 107 145 159 148 128 129 123 42 78 351 66 127 142 322 313 79 89 83 126 40 355 163 270 38 287 71 27 401 248 151 242 59 74 88 22 103 41
116 116 111 125 203 416 323 469 466 475 187 479 477 234 128 289 401 318 476 320 176 198 246 446 248 316 50 489 465 292 436 364 88 83 131 25 313 357 260 55 41 70 329 204 69 351 283 155 38 430 205 147 6 122 166 96 82 109 112 145 148 163 15 56 379 19 159 340 389 42 63 27
119 119 10 130 95 49 158 8 138 153 186 121 38 4 39 20 463 2 310 137 118 51 458 11 111 1 100 53 43 113 78 351 129 329 123 37 187 107 66 225 127 355 163 122 287 155 116 257 74 16 364 128 140 52 60 249 6 157 151 69 242 147 92 296 131 203 168 59 391 70 96 71 207 142 40 47 29 357 141 159 270 55 41 89 5 22 109
122 122 47 113 131 60 236 219 149 202 241 262 37 292 186 204 235 188 486 254 277 100 155 430 329 297 253 147 6 50 203 96 82 10 145 148 119 128 296 225 313 66 79 129 126 187 27 11 158 130 125 69 127 153 111 270 401 357 159 248 283 63 2 70 416 55 364 41 163 103 88 205 116 44 40 29 140 168 166 257 287 207 52 16 62 83 141 340 123 389 25 42 109
123 123 355 153 158 433 233 449 350 482 352 478 290 127 107 10 119 476 344 129 349 442 444 445 452 171 287 351 74 155 130 38 66 187 157 151 242 186 59 147 11 142 364 2 52 71 60 249 168 113 270 329 140 131 207 100 6 78 96 37 22 141 257 5 40 297 122 16 253 163 225 92 79 126
124 178 124 171 167 302 175 173 184
125 125 416 323 465 386 50 420 116 83 206 370 459 231 25 395 313 169 373 430 260 302 369 70 374 284 57 303 362 375 111 249 450 372 203 204 69 131 283 205 187 166 128 109 112 15 401 163 56 379 19 157 248 145 6 159 340 155 389 364 78 88 42 63 52 147 37 142 122 2 357 96 82 148 55 41 27 137 22 270 5
126 60 126 297 253 425 438 329 155 451 480 423 214 466 408 475 477 47 432 479 79 234 289 66 318 187 320 205 176 198 246 385 367 446 122 127 364 270 100 131 168 153 129 207 6 113 2 96 141 203 351 11 40 225 37 147 69 130 287 38 158 257 163 186 5 159 50 52 82 145 148 401 103 44 248 74 16 88
127 127 155 153 350 270 352 60 171 356 237 348 287 357 175 474 355 129 219 351 346 149 4 74 271 131 394 372 87 123 130 38 158 66 107 187 297 119 253 147 329 11 364 2 6 157 52 151 242 96 249 430 47 203 168 59 85 50 55 122 10 79 128 126 207 100 82 142 140 145 148 71 78 37 141 162 313 257 40 163 113 16 27 186 111 159 5 225 401 248 22 103 44 92 41 88 137
128 128 111 357 55 41 131 432 116 428 431 334 155 430 125 147 6 50 122 203 96 82 145 148 416 323 313 129 187 27 60 127 270 401 47 113 159 248 66 83 163 103 88 44 29 140 25 40 287 62
129 129 155 287 158 147 52 249 11 153 488 208 395 131 444 127 270 140 60 78 10 119 123 107 257 37 16 355 130 66 96 2 92 430 297 6 351 253 157 186 391 137 71 122 74 187 89 151 242 50 203 329 59 82 69 296 29 38 145 148 128 142 40 47 100 313 113 168 364 283 205 79 207 126 27 163 159 166 103 44 401 111 141 322 225 76 248 22 5 55 41 144 340 88 33 389 62 42
130 130 119 463 153 2 458 11 100 363 281 275 310 120 10 234 329 95 388 37 49 385 66 435 225 78 127 158 163 113 187 287 351 257 74 129 16 186 140 155 60 6 123 38 107 296 364 168 52 355 391 70 137 96 69 249 122 207 92 40 204 29 157 283 147 141 131 151 242 297 71 205 253 89 159 59 166 142 203 270 47 5 109 322 76 340 103 389 44 25 42 79 126 144 33 63 22
131 131 486 155 430 147 467 6 50 122 203 96 488 82 145 148 120 208 128 479 457 179 482 313 36 350 476 444 129 187 27 125 127 111 270 47 60 401 113 357 159 248 66 416 55 364 323 153 41 163 103 88 116 44 29 140 40 287 158 329 11 52 2 37 249 297 253 62 186 391 168 100 257 89 70 69 78 351 119 296 322 83 207 25 71 10 130 141 38 92 123 79 225 126 74 16 109
136 210 136 150 211 220 206 190 226 247 265 286 290 48 228 250 293 233 239 252 264 255 214 281
137 137 78 2 92 52 318 249 69 341 95 49 119 349 439 237 121 8 38 105 4 138 409 140 39 283 20 179 205 166 163 130 129 157 66 340 389 159 11 153 6 351 42 89 37 142 96 83 71 85 70 158 187 155 287 10 29 107 204 147 168 100 125 162 207 296 22 257 127 113 5 16 141 40 151 242 103 186 44 225 322 109 123 59 25 74
140 140 89 96 92 52 71 249 11 78 29 444 129 107 66 40 391 103 44 296 257 37 137 2 16 322 6 131 153 130 155 158 69 147 287 119 157 62 151 242 283 59 168 205 60 142 207 163 159 100 166 76 127 113 430 122 141 10 144 33 50 270 123 340 389 82 5 145 148 128 42 225 186 355 22 74 83 27
141 141 66 168 153 423 60 207 6 2 96 429 435 467 11 385 263 262 40 297 253 257 155 163 130 157 5 29 140 78 159 131 329 127 119 391 287 103 44 351 37 187 74 16 47 129 296 79 126 123 70 89 38 107 69 158 122 322 100 52 71 204 62 249 92 364 355 137 147 270 113 50 76 10 151 242 225 82 145 148 144 59 33 109 25
142 142 22 69 107 283 214 157 205 213 166 241 318 246 151 242 262 292 216 338 486 222 315 254 316 221 204 153 235 59 158 340 389 159 71 42 78 37 83 6 125 5 168 140 29 123 119 127 296 10 129 137 416 287 351 323 355 2 74 63 66 113 70 92 130 52 249 11 89 100 38 186 322 163 147 225 25 109
144 144 391 76 257 33 29 302 428 26 450 368 381 40 296 322 11 6 89 71 140 66 37 96 16 159 129 130 107 2 163 168 52 92 207 103 44 141
145 430 145 131 412 382 486 413 374 155 229 415 416 258 402 400 147 6 50 122 203 96 82 148 128 313 125 129 187 27 127 111 270 47 60 401 113 357 159 323 248 66 55 364 41 163 103 88 116 44 29 140 40 287 158 11 52 2 297 253 70 62 186 83 89 25 322 207 141 79 126
147 147 129 131 155 287 158 486 368 448 430 52 177 249 11 6 50 122 203 153 96 82 145 148 128 127 270 60 313 140 78 187 27 10 119 125 66 123 111 47 107 37 401 257 113 357 159 16 248 355 416 2 55 130 364 323 41 297 163 103 88 116 253 44 29 351 40 186 329 391 89 92 71 296 74 137 100 151 242 168 38 59 62 207 79 126 322 141 83 225 25
148 148 27 131 432 459 486 213 155 334 315 430 385 147 6 50 122 203 96 82 145 128 313 129 187 125 127 111 270 47 60 401 113 357 159 248 66 416 55 364 323 41 163 103 88 116 44 29 140 40 287 158 11 52 2 297 253 62 186 89 322 207 83 25 141 79 126
151 151 107 157 242 149 153 59 262 158 142 293 71 288 240 252 199 278 238 259 69 22 140 123 127 10 29 283 5 119 129 168 287 205 351 274 355 74 166 155 130 38 66 89 187 11 296 52 6 340 322 391 249 186 389 159 96 42 147 78 37 92 2 83 40 257 270 207 16 141
153 153 127 287 351 236 74 213 219 38 149 241 123 130 134 66 107 262 283 187 222 216 155 188 204 235 119 355 158 277 240 199 212 251 253 398 238 381 259 129 364 2 157 151 242 11 168 59 329 60 207 100 142 6 10 96 270 71 147 141 69 52 40 203 249 37 78 131 140 163 257 63 5 225 29 70 186 297 205 22 113 16 159 166 296 122 89 103 44 92 401 137 340 322 248 389 47 42 79 126 88 109 82 62
155 155 127 270 60 129 131 219 149 153 202 292 204 221 297 347 253 240 238 483 147 329 287 158 430 52 47 249 11 6 50 122 66 203 187 79 126 96 82 145 148 128 351 123 74 313 107 119 140 130 364 38 63 78 355 27 2 10 100 125 70 111 168 257 37 401 113 357 159 16 248 207 40 163 416 151 242 55 29 41 103 71 88 116 44 59 186 141 89 92 225 137 25 109 62
157 157 5 283 69 107 168 149 241 222 205 221 254 188 204 240 166 151 199 242 278 238 338 486 142 153 194 59 271 232 158 340 389 159 66 71 42 78 37 83 22 274 6 125 140 29 123 63 119 127 296 10 129 137 70 60 416 287 96 207 351 323 355 2 155 74 113 92 130 52 249 40 141 11 89 100 38 163 186 322 147 25 109 225 103
158 158 290 10 129 119 123 107 153 355 149 202 241 283 239 262 200 222 254 235 204 186 155 240 157 151 238 242 288 287 147 59 52 142 249 11 127 71 130 113 140 69 351 131 74 270 66 78 60 2 22 38 100 187 122 168 205 37 29 5 63 257 166 16 329 70 96 6 89 92 296 225 340 40 137 389 163 159 47 42 207 322 82 83 145 148 141 109
159 159 182 6 361 69 264 360 161 180 283 172 166 205 179 36 486 176 338 134 169 430 222 157 171 341 178 163 170 358 440 226 247 29 175 308 131 192 340 66 177 389 42 78 37 142 2 83 296 70 125 322 391 204 96 168 107 155 89 153 22 40 60 145 137 207 124 11 416 147 140 5 71 50 122 323 203 113 82 141 92 130 257 52 148 128 249 100 109 129 151 242 119 25 313 158 127 59 116 76 297 27 253 47 103 44 270 287 63 144 33 401 111 186 225 16 248 55 41 88 74 62 79 126
162 162 237 85 360 172 209 443 134 169 434 427 175 449 170
163 163 6 2 70 204 66 78 159 109 130 25 29 131 119 63 153 125 69 168 137 416 96 11 60 323 207 283 296 322 391 40 92 52 140 155 205 249 89 141 100 37 430 166 157 147 257 71 50 122 203 129 127 329 82 83 10 145 148 116 128 297 253 340 158 113 389 107 287 5 225 351 313 42 74 16 142 111 103 44 47 76 27 123 186 270 144 33 79 126 62 41
166 166 69 283 205 299 430 338 486 170 325 175 157 159 440 226 247 335 340 327 389 437 184 326 296 168 42 37 78 183 223 142 28 60 333 182 467 287 1 98 165 83 273 276 6 125 153 107 22 5 137 416 145 2 323 113 129 297 92 253 52 11 155 249 329 66 100 29 131 158 151 242 140 163 59 122 50 130 71 127 47 147 116 225 79 70 186 126 25 313 322 74 123 89 16 207 270 141 82
168 168 5 66 157 325 323 253 309 422 166 60 153 190 327 335 102 227 207 6 2 96 141 69 11 107 40 283 297 205 257 155 159 78 163 130 29 329 140 151 242 131 37 127 158 142 119 391 287 59 103 44 71 351 125 187 260 340 47 74 389 16 296 79 42 129 126 123 70 89 83 38 100 122 416 52 137 322 249 92 62 355 22 147 113 270 10 76 225 112 15 82 25 19 144 33 109
178 178 124 171 175 167 173 184 118 441 98 1 159 111 73 94 6 116 128 69 283 205 166 357 55 41 163 340 389 42
186 186 10 113 119 250 472 161 473 255 158 408 365 457 122 179 413 414 405 37 36 350 263 431 334 176 100 262 364 369 366 434 478 400 352 435 279 356 373 216 299 377 374 341 442 235 349 221 130 329 296 225 153 47 129 123 131 107 60 187 11 355 69 2 155 157 283 287 147 205 151 242 29 127 297 166 59 253 66 6 142 78 351 52 430 249 71 50 257 159 74 16 82 340 389 145 148 270 163 42 79 126 22 27
187 187 489 364 462 239 419 329 365 414 461 351 464 457 203 366 362 290 38 160 367 308 153 60 368 331 401 230 248 100 88 116 131 297 253 155 225 127 111 130 37 125 113 287 66 119 74 47 416 79 126 123 323 107 430 2 147 129 6 50 122 11 355 158 96 296 82 270 145 148 186 128 168 10 313 207 151 242 59 27 83 141 25
203 203 187 401 248 489 364 88 116 382 131 414 413 415 229 388 410 419 400 416 258 402 397 462 279 329 411 369 417 201 365 243 295 125 111 418 484 239 398 268 285 205 351 323 155 38 430 147 6 50 122 60 153 96 82 145 148 128 313 100 83 129 27 25 127 69 66 270 297 47 253 159 113 357 70 287 55 225 41 163 103 44 40 74 79 126 62
204 204 63 70 236 487 292 368 188 297 240 199 278 242 153 157 109 155 465 60 245 163 143 158 122 43 276 156 25 17 90 61 154 218 241 125 6 2 107 274 416 323 127 253 47 131 270 329 129 113 123 151 10 119 50 66 168 5 287 69 187 59 78 159 351 355 74 79 142 116 126 83 147 29 186 71 130 38 37 313 100 52 137 22 82 207 145 148 141
205 205 424 69 283 417 166 268 338 486 398 411 157 224 164 260 440 226 247 340 396 146 389 270 332 437 159 272 261 60 112 42 78 203 37 56 142 410 415 19 139 467 382 402 258 23 243 412 397 484 413 323 285 115 83 418 400 379 155 125 6 107 296 22 137 416 15 187 5 2 297 168 253 113 401 92 52 249 153 11 100 248 127 66 329 364 131 151 242 88 116 140 158 129 29 50 59 163 122 71 47 130 79 126 225 25 70 313 186 147 287 89 111 322 16 207 141 82
207 207 66 180 168 153 60 6 258 344 2 96 430 416 253 325 141 467 138 11 308 309 40 297 257 155 163 130 157 5 29 140 131 78 159 329 127 119 391 287 103 44 351 37 187 74 16 125 47 129 296 79 126 123 70 89 145 38 107 122 69 158 322 100 52 71 204 62 249 92 364 355 137 147 270 50 113 76 10 82 151 242 225 148 313 25 144 59 33 109 83 27
210 210 136 150 211 220 190 226 247 265 286 290 48 228 250 293 233 239 252 264 206 255 214 281 275 208 209 231 236 213 234 289 219 36 149 229 202 241 246 198 258
225 225 100 329 432 209 37 113 364 130 187 344 299 377 49 323 360 422 119 297 60 253 418 461 421 240 371 327 227 296 153 122 11 186 2 10 69 351 47 283 66 203 155 205 158 38 78 131 29 166 125 260 127 257 16 129 140 6 79 126 163 157 287 74 340 389 159 168 42 40 401 123 142 147 83 89 322 207 248 137 92 270 88 141 112 15 19 82
237 237 85 443 162 434 349 442 452 448 105 357 346 379 102 355 353 352 354 87 449 127 28 137 478 351 347 24 298 70 291 186 348 54 482 15 453 204 153 38 187 78 104 56 155 123 55 10 113 119 364 158 260 109 163 128 25 2 63 329 122 92 52 270 129 287 37 130 100 74 111 112 19 41
242 242 107 250 255 275 157 236 213 153 151 36 59 262 158 216 222 292 221 254 188 204 235 142 240 293 71 387 212 199 252 278 214 259 241 194 149 69 22 140 5 123 283 127 168 10 29 119 129 205 287 274 351 355 74 166 155 63 130 38 66 89 187 70 11 296 52 6 340 389 322 391 249 186 159 96 42 78 147 37 92 2 83 40 257 163 270 207 109 16 141
244 244 110 392 362 439 387 408
248 248 203 187 401 489 364 88 116 176 131 188 382 414 170 411 398 462 309 422 347 413 329 111 125 351 416 155 323 38 430 147 6 50 122 60 153 96 82 145 148 128 313 100 129 27 83 25 127 270 297 47 253 113 357 159 55 225 41 103 44 74 79 126
249 249 52 303 78 140 129 89 2 59 35 125 15 74 153 137 92 155 158 287 11 147 260 96 71 416 69 323 107 66 283 130 119 131 29 163 205 157 37 6 60 166 127 270 123 257 50 83 16 10 116 151 242 351 112 40 70 142 56 379 355 19 25 103 44 340 389 168 159 313 296 322 38 42 100 207 62 141 186 22 82 5 109
253 253 60 297 155 329 325 227 432 47 321 259 168 326 270 280 79 153 313 126 296 66 223 337 287 181 207 225 187 485 273 122 127 100 364 129 131 50 113 6 37 2 351 96 130 29 11 141 5 203 157 147 40 158 38 119 74 125 107 430 123 52 257 249 140 186 163 322 355 159 10 82 145 148 128 71 401 89 103 44 248 16 88 27
257 257 391 11 40 179 76 29 445 96 66 406 144 33 442 308 284 37 16 140 129 130 296 6 322 153 89 119 168 2 71 60 207 155 131 103 44 287 52 100 249 158 147 141 113 78 92 69 329 159 163 107 127 62 157 10 297 225 122 253 5 186 123 74 270 137 47 151 242 82 59 145 148 79 126
260 260 323 112 15 412 420 56 379 19 413 229 410 402 125 400 258 279 397 201 243 484 417 411 364 377 418 285 398 268 205 416 187 50 116 83 25 313 69 70 203 111 109
270 270 155 127 382 60 413 415 410 258 402 129 400 279 131 397 201 417 295 253 418 153 411 243 285 484 268 205 308 398 219 149 288 195 224 202 396 297 147 329 287 158 430 52 47 249 11 6 50 122 66 203 187 79 126 96 82 145 148 128 351 123 74 313 119 107 69 140 130 364 78 38 355 27 2 125 10 37 100 168 159 401 111 257 113 357 16 40 248 207 116 151 242 55 41 163 103 88 44 71 59 186 141 92 137 225
274 278 274 424 172 428 431 241 320 434 262 299 283 132
278 278 274 424 241 262 283 221 417 254 204 235 288 240 212 238 383 259 321 157 331 232 317 194 172 69 63 70 205 5 107 166 168 340 389 42 109
283 283 69 222 254 205 157 166 240 338 486 278 142 232 440 226 247 245 153 158 340 83 389 437 143 159 424 42 17 78 61 37 467 71 55 21 150 357 241 125 107 210 274 6 22 416 323 5 296 137 168 140 29 128 2 151 242 52 113 123 92 10 249 11 119 129 59 127 100 287 355 50 131 351 111 74 89 116 155 163 186 322 25 130 96 38 66 329 70 313 122 225 41 257 147 40 16 82
287 287 153 129 172 209 428 155 431 334 127 158 147 188 299 427 351 422 170 325 309 52 323 421 253 74 166 319 249 11 123 107 130 66 38 119 187 60 355 131 270 140 2 78 364 157 10 151 242 329 59 168 96 257 37 69 6 16 71 100 297 142 207 203 283 125 260 40 141 92 430 205 29 50 113 137 186 89 163 122 47 225 159 82 5 296 145 148 128 79 22 126 313 340 103 44 389 83 42 27
296 296 37 29 209 428 431 334 299 322 391 422 325 170 309 113 166 323 6 89 421 26 253 69 11 297 335 227 326 426 327 102 100 215 71 40 283 140 257 205 329 60 122 225 159 66 186 76 157 130 96 144 107 33 119 153 340 16 389 187 2 163 142 129 42 78 131 10 52 92 155 249 83 125 260 47 168 364 158 207 151 242 287 147 70 59 22 141 5 103 44 137 79 126 112 15 74 19 82
297 297 60 253 329 204 368 155 309 421 335 432 327 47 326 330 280 184 79 126 223 296 333 66 287 225 98 187 324 248 273 122 127 153 100 364 270 203 129 131 168 63 113 37 6 207 70 2 96 11 29 351 130 141 40 147 401 119 158 38 163 257 88 52 116 430 140 186 5 50 322 74 159 109 123 10 82 89 145 148 16 25 103 44 27
313 313 50 125 131 416 323 39 253 331 20 312 185 155 116 430 83 147 6 25 122 203 96 82 60 145 148 128 111 260 70 204 69 129 187 27 127 47 270 283 401 66 113 357 159 297 205 248 166 55 41 163 103 88 44 109 112 15 40 56 19 340 389 42 79 63 62 126
322 322 29 296 391 6 89 402 400 295 71 285 268 308 40 411 398 187 488 195 140 37 257 76 66 96 159 144 107 33 364 11 163 131 153 69 2 92 52 157 249 78 113 168 151 242 329 203 100 283 70 59 207 158 351 205 142 129 130 103 44 122 166 141 16 38 147 225 137 186 5 82 340 62 389 145 148 42 22 109
323 323 420 260 125 416 422 421 215 327 335 326 112 390 168 15 280 223 296 465 333 50 56 60 379 225 19 287 485 274 162 273 116 191 386 412 174 72 83 278 25 313 237 70 85 153 111 203 204 69 100 37 131 297 253 157 283 129 66 29 5 205 187 329 155 166 6 128 113 109 401 11 122 147 163 47 130 127 248 159 2 79 126 340 389 322 351 88 42 63 142 89 40 207 74 82 145 148 141 55 41
328 328 91 460 470 211 220 338 463 420 406 456 468 471 190 226 247 265 286 440 461 454 361 290 228 424 433 462 464 437 465 233 239 252 264 419 472 161 386 467 469 473 180 255 451 363 405 214 281 423 466 408 275 310 365 475 120 172 206 208 392 209 236 459 457 213 234
329 329 187 461 364 464 60 419 489 365 414 100 366 462 362 239 160 367 297 368 253 351 225 203 155 37 13 457 113 38 130 153 47 79 126 119 122 66 401 296 127 11 2 248 186 131 270 88 116 10 69 168 129 6 287 207 96 158 283 29 74 78 205 111 257 141 147 40 163 166 16 123 159 355 82 340 389 42
340 340 69 283 205 166 457 338 486 157 445 440 226 247 389 341 437 159 42 78 37 142 467 192 177 105 371 381 83 6 125 107 296 22 137 416 323 5 2 168 113 92 52 249 11 100 153 151 242 140 29 158 59 163 66 50 71 130 329 116 122 225 129 186 25 70 89 313 322 16
351 351 38 187 153 489 364 472 473 449 459 462 219 482 329 419 239 350 478 434 461 414 377 203 442 356 349 303 127 365 464 237 357 285 346 347 448 457 380 348 287 74 123 130 60 66 107 155 119 355 158 401 100 129 248 2 88 116 157 151 242 131 11 55 297 85 168 253 59 225 6 207 37 142 96 10 270 147 71 113 128 111 162 141 40 122 52 47 163 79 186 126 5 22 16 82 41
353 353 104 453 478 352 434 377 442 171 349 452 469 237 356 347 348 451 480 448 357 346 175 475 379 394 56 85 55 162 260 128 41
355 355 123 153 158 350 478 352 344 349 442 171 452 433 237 356 347 348 357 448 127 346 175 233 394 353 256 343 449 378 354 376 443 84 107 10 119 129 155 287 351 74 130 38 66 187 104 157 151 242 186 85 55 59 147 11 60 142 364 2 52 71 249 270 162 131 168 113 329 128 140 207 100 22 141 5 16 41
357 357 433 55 449 128 478 442 356 237 348 347 286 346 379 394 293 378 355 353 343 264 252 354 111 127 255 351 152 298 24 214 41 131 153 38 187 116 104 56 155 123 85 364 430 158 125 203 260 147 162 323 6 50 122 96 82 145 148 416 129 329 313 287 270 74 27 401 47 248 112 15 19 88 103
364 364 187 461 462 464 239 489 365 414 419 366 290 329 160 362 368 367 351 203 457 38 225 98 260 218 186 0 153 60 62 139 85 363 130 237 458 40 308 100 119 401 248 323 44 108 113 88 116 96 162 10 297 131 253 37 2 257 66 155 127 11 112 125 122 15 29 56 379 19 111 287 391 158 296 74 47 6 416 79 123 126 107 140 129 168 430 103 128 355 147 163 322 50 207 71 270 82 89 145 16 148 141 76 144 33 27 41
379 379 56 260 323 237 348 357 346 381 378 353 413 112 382 15 19 125 104 85 55 416 162 128 50 116 83 111 25 41
389 389 69 283 205 166 408 338 486 157 440 226 247 385 340 437 159 263 42 78 368 37 142 439 467 277 8 217 83 6 125 107 296 22 137 416 323 5 2 168 113 92 52 249 11 100 153 151 242 140 29 158 59 163 66 50 71 130 329 116 122 225 129 186 25 70 89 313 322 16
391 391 76 144 257 33 29 428 26 381 359 102 40 296 322 11 6 89 71 140 66 37 96 16 159 129 130 107 131 2 163 168 52 249 92 207 100 103 44 113 147 141 151 242 59 62
401 401 203 187 415 248 489 400 364 397 88 116 418 268 411 131 398 382 224 195 413 414 462 410 396 332 146 329 111 125 351 416 155 323 38 430 147 6 50 122 60 153 96 82 145 148 128 313 100 129 27 83 25 127 270 297 47 253 113 357 159 55 225 41 103 44 74 79 126
416 416 125 323 430 169 57 465 50 304 386 13 375 420 116 173 65 204 370 300 3 83 330 81 206 459 301 203 97 374 25 395 63 231 35 373 207 260 15 313 302 31 303 369 342 305 284 372 193 371 186 218 115 26 70 111 69 131 145 283 66 205 10 187 113 112 166 119 56 128 379 109 19 401 163 248 157 6 155 364 159 88 340 96 158 389 168 147 78 42 122 37 142 82 357 2 148 100 55 41 141 40 27 5 22 103
430 430 145 374 416 131 288 166 304 375 185 204 65 173 300 81 301 125 165 63 159 291 207 412 111 35 78 486 31 386 54 155 6 50 147 323 203 122 128 96 69 82 66 148 116 313 283 205 70 187 129 137 27 60 83 357 127 401 2 163 270 47 153 25 113 92 157 248 52 140 55 41 249 168 29 364 40 340 389 88 103 44 11 260 42 37 142 287 109 141 89 62 186 322 5 22
