0 0 108 48 310 120 36 476 445 134
257 529 880 811 585 257 785 555 630 696 533 551 526 560 618 657 491 776 636 589 648 602 675 571 647 616 646 499 818 11 596 615 640 548 731 644 759 612 516 76 631 558 772 655 531 694 559 840 527 29 179 802 853 144 33 445 514 693 552 737 442 284 16 6 140 153 89 130 119 60 131 103 249 78 52 163 187 122 297 253 92 225 430 5 137 47 355 50 203 74 145 148 128 79 340 389 22 109 401 83 41 88
130 491 589 499 675 818 602 526 647 776 616 555 630 696 130 840 612 527 785 618 657 119 853 529 644 759 559 636 648 585 596 640 548 731 615 811 463 560 558 153 772 655 531 694 514 693 552 533 458 551 880 571 631 646 11 737 363 281 516 275 310 120 225 187 78 802 234 388 605 163 385 95 60 6 257 74 16 140 249 122 52 355 137 29 131 92 297 253 203 47 89 5 125 109 340 430 389 103 416 76 79 83 50 144 401 33 22 145 148 128 88 111 41
131 571 636 516 802 644 759 585 737 618 544 846 616 131 533 648 551 602 776 529 605 615 675 555 630 696 647 853 514 589 812 486 818 526 499 491 811 657 612 560 840 527 430 559 785 467 6 596 50 122 558 640 548 731 772 655 531 694 646 203 693 488 552 631 145 120 208 148 128 479 457 880 179 482 60 36 350 476 187 125 111 401 47 416 153 103 249 41 140 163 88 297 253 11 52 119 29 257 78 89 130 83 225 355 79 260 92 16 137 74 5 109 340 389 76 22 112 144 33 15 19
128 544 846 605 571 636 128 516 802 644 759 585 514 812 737 618 111 616 533 648 551 602 776 41 529 131 559 615 675 555 630 696 647 853 818 432 693 552 499 491 811 558 772 655 531 694 657 589 785 428 612 840 527 125 431 334 560 526 430 416 6 50 122 203 145 148 60 187 153 401 47 83 260 103 249 140 163 88 297 11 253 119 52 29 257 78 130 89 109 355 92 112 340 79 15 225 389 19 74 16
389 558 772 655 531 694 648 631 646 526 389 785 596 640 548 731 657 602 491 589 560 675 514 812 811 647 499 605 559 802 555 630 696 818 408 529 612 776 618 340 636 693 552 571 78 585 880 616 385 83 263 644 759 853 840 368 527 6 737 439 615 533 551 217 8 516 125 277 22 416 137 5 153 249 29 92 52 11 140 163 122 130 50 131 225 119 187 89 60 260 203 257 355 111 16 47 430 109 74 297 253 76 128 144 401 33 103 112 145 148 15 19 88 79 41
6 648 811 555 630 696 491 571 6 559 785 529 657 558 772 655 531 694 560 585 636 514 693 552 516 880 526 802 533 551 631 646 644 759 616 615 589 618 602 776 737 544 846 596 640 548 731 499 675 647 163 818 29 840 527 131 812 612 605 853 385 169 60 430 153 78 89 140 257 50 122 203 130 11 109 119 125 340 389 145 148 128 249 5 297 416 52 253 76 83 137 103 92 47 187 144 33 111 401 225 22 74 16 41 88 79 355
260 812 260 514 605 802 559 379 112 15 412 56 19 693 552 125 737 413 558 229 772 655 531 694 416 410 402 258 400 279 397 201 243 484 377 364 417 411 571 398 418 285 268 205 648 50 83 111 203 131 109 128 163 401 340 389 88 41
136 210 136 150 206 211 220 190 226 247 265 286
137 491 137 558 772 655 531 694 648 78 618 631 646 560 555 630 696 776 585 636 559 526 657 596 640 548 731 589 811 529 514 647 533 551 693 785 552 602 644 616 759 249 612 92 52 818 675 571 880 318 615 140 95 119 49 802 499 341 812 840 349 527 439 516 237 8 105 138 121 409 605 4 38 39 853 163 130 6 11 340 389 153 89 29 83 60 131 125 257 22 5 416 16 187 225 103 109 122 297 253 50 355 430 74 76 144 33 145 148 47 79
5 657 646 555 630 696 596 640 548 731 558 772 655 531 694 631 5 648 560 491 529 647 585 612 526 533 615 551 776 616 811 618 499 840 527 644 759 190 785 636 675 433 818 880 559 441 233 602 571 589 853 693 552 153 802 514 812 482 516 350 36 476 605 6 60 340 389 11 78 119 140 29 22 83 130 257 297 163 253 187 131 355 125 89 74 103 416 137 122 16 47 249 92 79 52 50 430 203 76 144 33 109 225 145 148
11 526 618 555 785 630 696 776 529 636 589 602 491 11 585 880 675 657 560 647 811 499 644 759 616 818 533 551 612 558 772 655 531 694 648 406 596 640 548 731 571 615 631 646 840 527 853 257 559 516 16 140 130 802 408 119 737 514 693 552 153 405 249 385 605 52 29 78 60 89 92 131 6 225 187 76 122 163 144 33 137 103 297 253 355 5 47 430 74 340 389 203 50 125 83 22 79 145 148 416 128 111 401 109 88 41
140 560 585 811 533 551 529 140 785 618 596 640 548 731 491 636 776 555 630 696 526 647 880 631 646 648 657 644 759 571 616 612 499 558 772 655 531 694 675 589 602 89 249 92 52 516 818 615 11 78 559 802 29 840 527 514 693 552 853 737 444 137 103 6 153 257 131 16 130 119 60 163 76 430 144 187 33 122 355 5 22 297 340 253 50 389 203 225 125 74 145 47 148 128 83 109 401 79 41 88
15 812 15 260 514 605 802 559 379 112 56 19 370 693 552 416 125 395 737 388 558 772 655 531 694 445 302 374 284 303 362 412 571 50 83 111 203 131 109 128 163 401 340 389 88 41
16 526 618 555 785 630 696 776 16 529 636 589 602 491 585 880 675 657 560 647 811 499 11 644 759 616 818 533 551 612 558 772 655 531 694 648 596 640 548 731 571 615 631 646 840 527 853 363 257 559 516 275 140 130 802 119 406 388 476 385 737 514 693 552 153 447 95 49 132 249 52 29 78 60 89 92 131 6 225 187 76 122 163 144 33 137 103 297 253 355 5 47 430 74 340 389 203 50 125 83 22 79 145 148 128 401 109 88 41
145 571 636 430 516 802 145 644 759 585 737 618 544 846 616 533 648 551 602 776 529 131 605 615 675 555 630 696 647 853 514 812 589 818 499 412 491 811 526 657 612 560 382 559 785 413 840 527 880 596 640 548 731 229 415 6 50 646 122 558 772 655 531 694 203 258 402 400 148 128 60 187 125 111 153 401 47 416 103 249 41 140 163 88 11 297 253 119 52 29 257 78 130 89 83 355 225 79 74 92 16 137 76 5 109 340 389 144 33
401 737 605 853 401 571 818 840 527 203 636 516 514 812 802 187 644 759 589 585 615 618 776 544 846 616 559 533 648 551 415 88 602 400 526 397 131 555 630 696 529 612 693 489 552 418 268 785 411 111 675 558 772 655 531 694 125 398 647 499 224 195 657 491 416 430 60 153 6 50 122 145 148 128 83 297 253 260 225 47 130 119 103 249 41 140 163 11 74 52 29 79 355 109 257 112 15 56 340 19 389
19 812 19 260 514 605 802 559 379 112 15 56 693 552 382 125 413 737 229 410 558 772 655 531 694 416 415 258 402 400 279 397 412 417 201 295 411 268 243 484 205 418 285 398 571 50 83 111 203 131 109 128 163 401 340 389 88 41
148 516 571 636 802 148 644 759 585 737 618 544 846 616 533 648 551 602 776 529 131 605 615 675 555 630 696 647 853 514 812 589 818 499 491 811 526 657 612 560 432 430 559 459 785 840 213 527 880 596 640 548 731 6 334 50 646 122 558 772 655 531 694 203 385 145 128 60 187 125 111 153 401 47 416 103 249 41 140 163 88 11 297 253 119 52 29 257 78 130 89 83 355 225 79 74 92 16 137 76 5 109 340 389 144 33
144 880 811 529 144 785 560 585 526 555 630 696 533 551 76 648 657 257 491 33 602 618 596 640 548 731 589 29 776 636 675 647 499 631 646 558 772 655 531 694 616 818 612 644 759 615 302 571 559 368 450 11 89 6 140 153 16 249 130 60 78 103 119 52 163 92 131 122 225 5 297 253 137 340 355 47 389 74 22 83 109 79
22 631 596 640 548 731 558 772 655 531 694 646 648 560 22 647 526 657 612 499 785 675 618 811 776 616 602 228 840 527 636 491 589 644 759 555 630 696 514 812 529 392 585 477 605 234 289 880 571 559 802 388 153 818 853 246 198 533 551 316 340 436 389 196 615 78 83 119 6 5 140 125 29 355 416 137 89 187 130 249 74 92 52 11 131 60 163 122 257 50 225 297 253 76 111 103 16 144 33 47 109 79
278 763 278 424 241 262 283 221 417 254 235 204 288 212 240 238 259 331 317 232 194 383 321 157 271
153 776 616 840 612 527 153 647 596 640 548 731 644 759 555 630 696 618 853 499 491 657 636 631 646 560 675 818 589 529 585 571 526 602 737 785 533 615 551 558 811 772 655 531 694 648 236 74 213 516 187 559 219 149 880 241 355 130 802 134 605 262 119 283 222 216 188 514 693 552 235 204 277 240 199 212 251 398 11 60 131 6 249 52 203 140 78 163 5 257 29 225 22 297 253 122 430 16 89 401 92 103 137 50 125 340 389 145 148 416 128 88 47 76 111 79 83 109 144 33 41
29 811 785 560 529 880 526 648 585 29 596 555 640 548 731 630 696 533 551 602 491 657 589 631 646 558 675 772 655 531 694 618 571 559 776 647 499 818 89 6 612 636 514 693 552 616 516 615 488 140 802 208 840 257 527 179 853 644 759 76 350 737 444 445 11 144 33 163 153 131 78 249 92 52 119 103 60 130 16 187 225 430 5 137 340 389 22 125 297 253 50 122 203 355 83 416 109 74 145 148 128 47 79 401 41 88
416 514 812 416 605 802 559 693 552 125 558 772 655 531 694 571 648 544 846 631 646 636 491 169 430 516 737 57 50 526 304 375 13 83 644 759 203 173 585 65 260 386 300 465 785 330 3 602 596 640 548 731 81 370 301 618 15 97 111 63 374 487 35 206 657 207 555 616 630 696 395 342 459 589 31 533 551 231 373 305 369 303 218 302 115 853 131 109 379 128 112 163 56 19 340 389 6 145 78 122 187 41 148 401 22 11 137 249 130 5 88 52 47 92 103 225
33 880 811 529 33 785 560 585 526 555 630 696 533 551 76 648 657 144 257 491 602 618 596 640 548 731 589 29 776 636 675 647 499 631 646 558 772 655 531 694 616 818 612 644 759 615 571 559 450 11 89 6 140 153 16 249 130 60 78 103 119 52 163 92 131 122 225 5 297 253 137 340 355 47 389 74 22 83 109 79
163 491 559 514 693 552 648 555 630 696 163 657 811 529 571 585 558 772 655 531 694 785 812 589 526 6 605 560 776 636 533 551 499 616 675 516 602 615 618 818 631 646 880 647 802 840 612 527 644 759 596 640 548 731 853 737 78 109 544 846 130 119 125 153 29 131 416 137 60 11 140 249 92 52 257 430 187 89 83 5 297 253 340 50 122 389 203 225 103 260 145 74 148 128 16 47 76 355 22 144 33 79 401 111 41 112 15 88 56 19
297 615 297 818 644 759 555 616 630 696 60 589 853 657 602 618 840 527 636 526 776 491 529 585 571 675 253 785 533 737 551 499 648 612 516 646 368 647 204 309 802 47 187 421 811 560 79 327 605 335 596 640 548 731 558 772 655 531 694 330 880 326 559 184 280 225 223 122 296 333 432 98 287 544 631 324 846 248 153 131 6 119 203 11 130 430 257 140 163 78 249 5 29 52 50 401 103 74 355 145 148 128 16 89 88 111 92 137 76 340 389 144 33 41 109 22
41 544 846 605 571 41 636 516 128 802 644 759 585 514 812 737 618 111 616 533 648 551 602 776 529 252 131 559 615 281 675 555 630 696 647 853 693 552 428 589 818 526 499 785 491 431 334 811 558 657 772 655 531 694 612 840 527 125 430 416 6 50 122 203 145 148 60 187 153 401 47 83 260 103 249 140 163 88 297 253 119 11 52 29 257 130 89 109 225 355 112 79 15 340 389 19 74 16
430 430 571 636 516 802 644 759 585 145 737 618 544 846 616 533 648 551 602 605 776 529 131 374 416 514 812 615 555 675 630 696 288 647 853 166 304 818 589 499 375 811 526 185 657 612 173 65 560 300 558 772 655 531 694 81 301 491 111 63 125 487 165 35 207 840 291 159 527 785 646 559 31 78 596 880 386 640 548 731 54 50 6 122 203 128 148 60 187 153 401 47 140 103 41 163 88 11 297 253 119 29 257 137 89 83 130 249 92 52 355 225 79 74 340 16 389 76 5 109 144 33
47 615 602 818 675 47 571 644 589 759 526 636 499 555 616 630 696 785 516 60 122 853 802 585 657 737 618 840 527 533 551 776 648 491 529 297 544 846 253 558 772 655 531 694 605 646 131 612 811 647 514 596 560 640 548 731 631 187 559 812 95 160 79 119 430 6 153 203 225 50 130 145 148 128 11 125 401 111 140 163 416 103 29 257 88 78 249 5 41 52 340 389 89 74 83 355 16 92 137 22 109
50 802 571 514 812 605 50 636 516 559 644 759 585 737 693 618 552 544 846 616 125 533 648 551 558 602 772 655 531 694 416 776 529 131 615 675 555 630 696 526 647 853 589 631 646 818 499 491 811 657 612 560 596 640 548 731 430 785 840 527 83 6 122 203 111 260 145 148 128 60 187 153 401 47 109 379 112 15 103 56 249 41 140 19 11 78 163 88 297 119 253 52 29 340 389 257 130 89 225 137 355 5 79 22 74 16 92
178 178 124 171 175 167 173 184 441 118 98 1 182 159 73 94
52 618 636 776 560 647 491 52 644 759 249 585 616 558 499 612 772 655 531 694 529 596 640 548 731 811 533 551 785 571 555 526 630 696 675 648 78 140 840 657 527 631 646 589 615 880 516 602 802 818 559 853 514 137 92 737 693 153 552 429 11 544 447 846 605 446 89 263 119 131 29 60 6 130 257 16 163 355 187 430 103 340 389 74 297 122 253 50 203 83 145 47 148 128 76 225 5 125 22 144 33 79 109 401 111 41 88
56 812 56 379 260 514 605 802 559 382 112 15 413 19 229 415 410 693 402 552 400 279 397 125 417 201 737 268 411 243 295 484 285 205 418 362 416 50 83 111 203 109 163 401 88
187 853 818 840 527 187 737 489 589 605 615 616 602 462 776 419 239 526 612 571 365 675 644 759 555 499 630 696 414 457 785 203 491 636 647 618 364 596 640 548 731 516 366 362 290 657 514 812 153 160 60 802 367 529 308 464 461 631 646 585 401 648 560 329 331 811 558 772 655 531 694 559 544 846 230 88 297 253 225 131 130 111 119 125 74 416 47 11 79 355 430 6 50 122 78 29 145 148 140 128 257 163 249 83 16 52 5 89 92 137 340 22 389 103 41 109
60 615 818 644 759 60 555 616 630 696 853 589 657 602 618 840 527 636 776 491 529 526 585 571 297 675 253 785 533 737 551 648 499 612 516 646 647 432 802 47 187 811 560 79 605 596 640 548 731 558 772 655 531 694 880 559 122 427 544 325 204 846 205 631 309 323 422 367 153 131 6 119 225 203 11 130 430 257 140 163 78 249 5 29 52 50 401 103 74 355 145 148 128 16 89 88 111 92 137 76 340 389 144 33 41 109 22
74 776 616 840 612 527 647 74 596 640 548 731 644 759 555 630 696 153 618 853 499 491 657 636 631 646 560 675 818 589 529 585 571 526 602 737 785 533 615 551 558 811 772 655 531 694 648 516 187 559 880 355 130 802 334 605 119 514 693 552 427 277 11 60 131 6 249 52 203 140 78 163 5 257 29 225 22 297 253 122 430 16 89 401 92 103 137 50 125 340 389 145 148 128 88 47 76 111 79 83 109 144 33 41
203 737 605 853 203 571 818 840 527 636 516 514 812 802 187 644 759 589 585 401 615 618 776 544 846 616 559 533 648 551 88 602 526 382 131 555 630 696 529 693 612 414 552 489 413 416 785 415 111 675 558 229 388 772 655 531 694 125 410 647 400 258 402 657 279 397 491 369 417 201 295 411 243 499 484 418 205 811 268 285 419 430 60 153 6 50 122 145 148 128 83 297 253 260 225 119 47 130 103 249 41 140 163 11 74 52 29 79 355 109 257 379 112 15 56 340 89 19 389 16
76 880 811 76 529 785 560 585 526 555 630 696 533 551 648 657 144 257 491 33 602 618 596 640 548 731 589 29 776 636 675 647 499 631 646 558 772 655 531 694 616 818 450 612 644 759 615 474 571 559 11 89 6 140 153 16 249 130 60 78 103 119 52 163 92 131 122 225 5 297 253 137 340 355 47 389 74 22 83 109 79
78 491 558 772 655 531 694 78 648 618 631 646 560 555 630 696 585 636 776 559 526 657 596 640 548 731 811 589 529 514 137 533 551 647 693 785 499 552 616 675 602 644 759 249 612 92 52 818 571 880 615 140 840 179 527 802 812 516 444 605 853 341 163 430 130 6 119 11 153 340 389 89 29 83 60 131 125 257 22 5 416 187 16 225 103 109 122 297 355 253 50 74 203 76 144 145 33 148 128 111 47 79
79 615 818 644 759 555 616 630 696 79 60 853 589 657 602 618 840 527 636 776 491 529 526 585 571 297 675 253 785 533 737 551 648 499 612 516 646 647 432 802 47 187 811 449 560 120 459 605 596 640 548 731 558 772 655 531 694 880 559 122 431 334 544 846 631 434 153 131 6 119 225 203 11 130 430 257 140 163 78 249 5 29 52 50 401 103 74 355 145 148 128 16 89 88 111 92 137 76 340 389 144 33 41 109 22
210 210 136 150 211 220 190 226 247 265 286 290 48 228 250 293 233 239 252 264 255 206 214 281 275 208 209 231 236 213 234 289 219 36 149 229 202 241 246 198 258
83 558 772 655 531 694 514 812 605 648 802 631 646 83 559 526 693 785 552 596 125 640 548 731 737 657 602 416 491 589 560 571 675 544 811 846 647 555 630 696 499 818 636 853 529 516 618 776 50 612 340 840 405 527 389 616 219 644 78 759 880 615 585 260 446 111 6 203 22 131 137 163 5 187 109 128 379 249 112 153 29 15 401 92 52 11 56 19 122 140 60 88 430 130 225 119 89 41 145 257 148 47 355 297 16 253 74 76 144 33 103 79
340 558 772 655 531 694 648 631 646 340 526 785 596 640 548 731 657 602 491 589 560 675 514 812 811 647 499 605 559 802 555 630 696 818 529 612 457 776 618 389 636 693 552 571 78 585 880 445 616 83 644 759 853 341 840 527 6 737 615 105 533 551 516 125 192 177 22 416 137 5 153 249 29 92 52 11 140 163 122 130 50 131 225 119 187 89 60 260 203 257 355 111 16 47 430 109 74 297 253 76 128 144 401 33 103 112 145 148 15 19 88 79 41
88 737 605 853 88 571 818 840 527 203 636 516 514 812 802 187 644 759 589 585 401 615 618 776 544 846 616 559 533 648 551 602 526 131 555 630 696 529 612 693 489 552 785 429 476 111 675 558 772 655 531 694 125 647 499 657 366 491 160 368 292 416 430 60 153 6 50 122 145 148 128 83 297 253 260 225 47 130 119 103 249 41 140 163 11 74 52 29 79 355 109 257 112 15 56 340 19 389
89 811 560 785 529 89 585 880 526 533 551 596 640 548 731 648 555 630 696 491 618 636 140 776 602 657 631 646 647 29 589 571 558 772 655 531 694 499 675 612 616 644 759 818 516 249 559 615 802 6 840 527 92 52 514 693 552 11 303 853 78 737 257 76 153 131 103 144 33 137 60 163 16 130 119 187 430 5 225 340 22 355 389 297 50 122 253 203 125 145 148 128 74 83 47 109 401 79 41 88
92 560 491 585 92 558 772 655 531 694 618 811 529 533 551 785 555 630 696 636 648 596 640 548 731 78 776 526 140 647 631 646 657 880 589 616 644 759 499 559 612 675 602 249 514 571 137 52 693 818 552 615 840 527 89 516 388 802 11 853 302 263 29 153 6 130 119 163 103 340 389 257 60 131 16 83 187 125 5 76 355 22 225 122 416 297 253 430 144 74 33 50 109 47 145 148 79
225 589 818 602 526 675 785 225 499 853 491 615 840 527 647 558 772 655 531 694 555 630 696 811 644 759 737 529 618 776 616 648 636 571 657 560 631 646 585 612 187 432 880 209 130 119 605 516 533 551 60 559 802 596 640 548 731 122 344 299 377 364 49 514 153 11 323 693 422 552 418 421 297 253 47 203 29 131 78 6 257 16 140 163 79 340 249 389 89 52 74 401 430 137 92 83 355 50 5 88 76 125 22 111 145 103 148 128 144 33 109 41
353 593 353 453 478 352 434 377 442 452 349 171 356 346 448 348 237 347 357 175 394 379 56
355 612 647 499 355 776 616 618 596 640 548 731 675 840 527 636 644 759 631 646 560 602 555 630 696 153 853 491 657 818 571 589 558 772 655 531 694 529 526 350 785 811 585 119 478 352 344 349 442 452 516 171 356 448 347 348 533 880 615 551 237 357 175 802 346 737 394 648 343 256 378 354 74 187 130 11 249 52 131 140 78 122 22 60 5 29 6 257 89 16 430 203 163 92 225 47 137 340 50 389 297 253 145 148 128 83 103 76 401 144 33 88 79 41
103 585 533 551 529 555 630 696 571 103 657 560 811 636 491 516 785 880 802 618 648 776 644 759 615 616 646 454 737 544 846 647 596 640 548 731 526 589 818 602 140 840 527 499 559 612 131 514 631 558 605 772 655 531 694 675 350 693 552 853 257 812 29 6 222 60 153 11 89 430 249 78 92 52 50 122 203 145 148 128 297 163 130 253 119 5 76 47 137 187 16 125 144 33 111 401 416 74 79 41 88 225 355 340 83 389 109 22
108 108 0 228 469 480 423 466 475 479 477 234 36 476 289 318 445 176
109 559 514 693 552 491 109 812 605 648 802 555 630 696 657 811 558 772 655 531 694 163 529 737 125 571 585 432 785 526 416 589 6 560 631 646 636 476 533 551 499 618 675 602 516 544 846 615 776 616 644 818 759 612 840 880 527 647 853 596 640 548 731 50 78 83 130 119 260 153 29 131 111 203 137 60 11 140 187 249 92 52 128 257 340 430 379 389 401 112 89 15 56 19 5 297 253 122 225 88 103 145 74 148 16 355 47 76 22 41 144 33 79
111 605 544 846 737 111 514 812 802 571 853 636 516 559 128 818 840 527 644 759 693 552 585 125 203 618 558 772 655 531 694 616 416 459 533 648 551 602 776 615 589 41 187 131 447 430 526 529 49 132 555 630 696 631 646 401 785 675 8 268 647 50 88 83 260 6 122 145 60 148 153 109 379 112 15 47 56 19 297 253 340 140 103 11 389 29 163 52 225 74 79 22
112 812 112 260 514 605 802 412 559 379 15 56 19 693 552 125 737 410 258 402 400 279 558 772 655 531 694 416 397 201 243 484 417 411 268 285 295 398 436 205 418 571 50 83 111 203 131 109 128 163 401 340 389 88 41
125 514 812 605 802 559 125 693 552 737 416 558 772 655 531 694 571 648 544 846 631 646 465 636 491 853 516 386 50 526 83 206 370 644 231 759 459 818 585 602 785 260 395 840 657 527 596 618 640 548 731 111 203 616 169 430 555 373 630 696 302 369 374 284 533 675 560 551 303 362 529 57 249 450 647 776 589 375 372 131 187 109 128 379 163 112 15 401 56 19 340 389 88 6 78 122 145 41 153 60 148 22 52 11 137 5 130 140 29 47 92 103 225 16 74
119 499 675 119 647 602 491 589 612 618 596 640 548 731 818 526 636 776 616 555 630 696 644 840 759 527 785 560 631 646 130 657 853 529 559 571 648 585 95 811 49 615 558 153 772 655 531 694 514 693 552 138 8 533 121 551 880 516 4 38 39 737 20 11 802 137 118 51 310 1 355 122 78 225 187 163 249 60 52 6 131 257 74 16 140 47 29 92 297 253 203 5 430 22 89 125 50 109 340 389 103 145 148 76 128 401 79 83 144 33 88 41
249 249 618 636 776 560 647 491 644 759 52 585 616 558 499 612 772 655 531 694 596 640 548 731 533 551 529 571 555 526 630 696 675 648 78 785 303 140 840 657 527 631 646 589 615 516 602 559 818 514 812 880 89 853 811 693 605 552 137 737 92 59 153 802 11 35 125 15 2 119 131 60 130 6 257 260 16 163 355 416 187 430 103 340 389 74 297 122 253 83 203 29 145 47 148 128 379 225 5 112 50 56 22 19 111 76 79 109 401 144 33 88 41
122 602 675 571 589 526 615 122 499 636 818 516 785 802 644 759 585 647 737 618 544 846 616 555 630 696 533 648 551 47 776 491 529 612 558 772 655 531 694 131 60 605 657 596 640 548 731 853 514 236 812 631 646 840 527 811 219 149 202 241 119 560 880 430 262 297 253 292 559 188 204 235 254 225 6 50 203 145 148 128 11 130 153 79 187 125 111 401 416 78 257 103 249 41 140 355 163 88 52 29 16 340 389 83 89 137 5 74 76 22 92 144 33 109
379 379 812 56 593 260 514 605 802 348 559 237 346 112 357 15 381 19 378 693 353 552 125 416 50 83 111 203 109
124 178 124 302 167
253 615 253 818 644 759 616 555 630 696 60 853 589 657 602 618 840 527 776 636 491 529 526 585 571 297 675 785 533 737 551 612 648 499 516 646 647 325 802 47 187 560 811 79 596 227 640 548 731 605 153 259 321 558 772 655 531 694 880 326 559 313 280 223 168 122 225 337 181 296 631 544 270 846 287 485 432 131 6 119 203 11 130 430 257 140 163 78 249 5 29 52 74 50 401 103 355 145 148 128 16 89 88 111 92 137 76 340 389 144 33 41 109 22
