0 0 108 48 228 310 120 36 476 469 445 480 366 423 466 160 475 134 364
257 529 880 585 257 555 630 696 811 533 551 785 657 526 560 618 491 636 776 11 602 589 648 647 675 571 76 616 644 646 759 29 596 640 548 731 615 818 179 612 144 33 406 499 445 558 772 655 531 694 631 442 840 527 284 6 153 16 140 60 103 130 131 89 119 78 52 163 5 249 122 297 253 225 92 355 50 47 74 137 145 148 340 389 79 22
130 491 589 499 818 675 602 526 130 555 630 696 647 776 616 785 119 657 840 612 527 618 529 463 153 644 759 559 585 853 636 458 596 640 548 731 558 772 655 531 694 648 615 514 693 533 11 552 551 560 363 811 281 275 310 631 646 120 225 78 880 234 95 571 187 49 388 406 385 163 60 6 122 257 74 16 140 355 137 29 52 131 92 249 297 253 5 47 203 340 389 109 103 89 83 79 76 22 144 33
131 571 636 516 644 759 585 802 618 616 131 533 551 737 776 544 846 529 648 602 647 555 630 696 605 486 675 499 615 657 612 526 818 491 589 467 6 853 50 122 514 430 203 812 488 560 596 640 548 731 811 145 840 527 120 208 148 128 479 457 179 646 558 772 655 531 694 482 559 631 36 350 476 880 785 60 187 153 125 111 103 140 401 47 52 11 41 249 163 88 119 416 257 29 297 253 78 355 130 89 225 83 92 79 5 16 74 340 389 76 22 109 144 33
128 544 846 605 571 128 636 516 644 111 759 585 802 618 41 131 616 533 551 737 514 812 776 432 529 648 428 602 431 334 486 555 630 696 647 125 6 50 122 430 203 145 416 148 60 153 103 140 401 47 52 83 163 88
389 558 772 655 531 694 648 631 646 526 389 785 596 640 548 731 602 589 657 675 560 491 647 499 818 408 555 630 696 811 340 612 514 812 618 78 776 529 385 605 83 263 636 368 559 6 439 585 8 217 277 22 125 5 11 153 137 29 416 92 122 52 225 163 130 249 187 60 140 131 119 355 50 89 257 16 47 74 109 103
6 648 555 630 696 6 491 811 657 558 772 655 531 694 529 571 559 585 785 560 636 514 693 552 526 631 646 533 551 880 516 644 759 616 615 589 618 776 802 602 163 29 131 596 640 548 731 737 647 675 499 544 385 846 818 605 840 612 527 169 486 153 60 78 89 11 340 257 389 140 130 5 50 122 430 203 125 109 83 145 103 148 128 119 297 76 253 187 22 52 137 144 33 416 92 47 249 225 74 16 111 401 79 355 41 88
260 812 260 514 605 112 15 412 56 19 802 559 379 125 413 229 410 402 400 258 693 279 552 397 201 243 484 417 411 398 418 285 268 377 364 205 416 195 224 50 83 111 203 109 163
136 210 136 150 211 220 190 226 247 265 286 290 206 48 228 250 293 233 239 252 264 255 214 281 275 208 209 231 236
137 491 137 558 772 655 531 694 78 648 631 646 555 630 696 499 618 526 657 776 675 596 640 548 731 647 636 559 602 589 785 529 585 318 560 341 95 92 49 119 52 514 349 693 552 121 439 179 612 533 551 4 38 237 8 105 644 759 138 39 409 818 249 20 616 444 140 130 163 340 6 389 153 11 83 60 22 5 89 29 125 257 225 122 109 355 103 16
5 657 646 555 630 696 596 640 548 731 558 772 655 531 694 631 5 648 560 491 529 647 585 526 533 551 612 499 190 785 618 615 675 776 616 433 811 441 233 602 644 636 759 840 527 818 589 153 880 482 559 571 350 36 476 514 6 60 340 389 11 78 22 29 140 83 119 257 130 163 355 131 103 297 253 187 125 74 89 137 122 16 47 92 79 52 225 76 144 33 109
11 526 618 555 785 630 696 776 636 602 529 11 589 657 491 647 675 585 644 759 880 560 616 818 499 533 551 558 612 772 655 531 694 406 811 648 596 640 548 731 631 646 615 257 571 16 140 130 408 840 527 853 405 385 559 119 153 52 60 29 249 6 78 131 225 89 122 187 92 76 163 5 103 355 144 33 340 297 253 389 47 137 83 74 22 50 79 145 148 109
140 560 585 533 551 140 529 596 640 548 731 811 618 555 630 696 785 647 636 631 646 776 491 526 657 880 89 612 644 759 571 499 616 92 52 675 11 648 602 589 249 558 772 655 531 694 29 78 444 818 615 840 527 103 153 131 6 257 16 137 60 130 5 119 22 355 163 76 122 144 33 50 297 253 225 145 340 74 148 128 389 47 83 79
15 812 15 260 514 605 370 412 112 395 56 19 388 802 559 445 379 416 413 125 302 374 284 303 362 229 402 400 258 410 279 50 83 111 109
16 526 16 618 555 785 630 696 776 636 11 602 529 589 657 491 647 675 585 644 759 880 560 616 818 406 499 533 551 558 612 772 655 531 694 363 811 648 275 596 640 548 731 631 646 385 615 257 388 476 571 408 140 447 339 95 130 132 49 138 840 362 527 119 153 52 60 29 249 6 78 131 225 89 122 92 187 76 163 5 103 355 144 33 340 297 253 389 47 137 83 74 22 79
145 571 430 636 145 516 644 759 585 802 618 131 616 533 551 737 776 544 846 529 648 412 602 486 555 630 696 647 382 374 605 416 413 675 514 812 229 415 499 657 288 166 612 366 258 402 400 6 50 122 203 148 128 125 60 153 187 111 103 140 401 47 11 52 41 249 163 88 29 257 355 83
401 737 605 401 853 203 571 818 840 527 636 187 415 514 812 400 489 397 516 644 759 418 589 268 382 585 411 413 88 398 802 224 195 414 618 229 410 131 258 402 616 396 417 332 388 243 146 484 279 270 295 34 111 125 416 60 153 6 50 122 430 145 148 128 83 225 47 103 41
19 812 19 260 514 605 413 412 229 112 382 15 410 258 402 56 400 279 417 397 201 802 415 559 418 268 285 411 379 243 398 484 205 295 125 195 224 396 416 50 83 111 109
148 516 571 636 148 644 759 585 802 618 131 616 533 551 737 776 544 846 529 648 602 486 555 630 696 647 432 605 459 213 675 499 657 334 612 385 315 6 50 122 430 203 145 128 60 153 187 125 111 103 140 401 47 11 52 41 249 163 88 29 257 355
144 880 144 811 529 785 560 76 585 526 257 33 555 630 696 533 551 29 657 596 648 640 548 731 602 491 589 450 302 618 368 474 11 89 6 140 153 131 103 16 130 163 225 92 5
22 631 596 640 548 731 558 772 655 531 694 646 648 560 22 647 526 612 499 785 657 675 618 602 228 589 776 616 811 636 840 527 392 644 759 491 477 234 289 555 388 630 696 153 818 529 246 198 585 340 436 316 389 196 880 78 83 6 5 119 140 29 355 125 11 137 187 130 89 74 416 131 92 52 122 225 163 249 257 16 103
278 763 278 424 241 262 283 221 417 254 235 204 288 240 212 238 259 331 232 317 194 383 321 157 271
153 776 616 840 612 527 153 647 596 640 548 731 644 759 555 630 696 618 657 499 491 636 631 646 560 853 675 529 585 818 589 533 551 558 772 655 531 694 236 571 74 213 187 602 526 219 615 149 785 811 241 648 355 130 134 262 283 216 489 222 188 737 204 235 277 240 199 212 251 880 559 119 398 60 11 131 6 52 5 140 29 78 249 203 22 163 257 225 103 297 253 122 340 389 89 16 50 92 137 83 401 145 148 128 47 79 76 88 144 33 109
29 811 785 560 529 880 526 29 585 596 648 640 548 731 555 630 696 602 533 551 589 631 646 657 675 558 772 655 531 694 491 647 499 89 818 6 618 612 776 488 571 208 559 257 140 179 644 759 76 616 350 615 444 445 636 144 33 11 153 163 131 103 60 119 122 78 92 130 52 225 5 187 249 22 340 389 16 355 83 297 253 47 137 74 109 145 148 79
416 416 514 812 605 802 559 125 693 552 737 169 430 558 772 655 531 694 465 57 386 13 304 375 571 370 173 648 65 206 459 300 395 50 3 231 330 374 81 203 301 631 646 97 260 373 853 302 303 369 63 636 487 35 491 83 207 305 15 284 544 846 372 193 342 31 371 26 526 218 115 186 111 145 131 187 109 163 401 112 56 19 128 88 379 6 340 389 78 122 148 22 41
33 880 33 811 529 785 560 76 585 526 144 257 555 630 696 533 551 29 657 596 648 640 548 731 602 491 589 450 618 474 11 89 6 140 153 131 103 16 130 163 225 92 5
163 491 559 514 693 552 648 555 630 696 163 657 529 585 6 558 772 655 531 694 811 812 589 533 551 571 526 605 785 818 776 602 631 646 615 78 560 675 636 109 644 759 499 616 618 647 130 880 596 640 548 731 840 612 527 125 153 119 29 131 60 416 11 137 92 52 140 257 5 249 83 187 340 389 103 203 297 225 253 89 260 111 50 122 74 16 145 148 128 47 355 22 76 79 144 33
297 615 297 818 644 759 60 589 555 616 630 696 657 602 526 853 618 491 529 585 776 636 253 675 785 368 204 309 840 527 432 421 533 551 499 327 335 571 647 326 330 280 184 223 612 296 225 333 47 187 98 287 324 323 325 422 273 79 648 248 191 162 427 153 122 131 6 130 11 119 203 257 5 78 52 140 163 29 103 355 74 16
41 544 846 41 605 128 571 636 252 516 644 111 759 585 802 281 618 428 131 431 334 616 533 551 432 299 737 514 812 358 427 776 125 6 50 122 430 203 145 416 148 103 401 47 83 88
430 430 571 605 145 636 514 812 802 516 644 759 374 416 585 491 618 544 288 846 737 131 166 616 559 533 551 304 375 65 185 173 648 776 300 412 125 301 81 165 558 772 655 531 694 693 552 555 630 696 291 529 63 487 111 207 159 35 382 78 602 31 647 486 386 54 50 203 128 6 122 137 148 83 92 52 260 60 249 140 401 163 41 103 47 88 109 340 389
47 615 602 47 818 675 644 589 759 526 60 122 499 571 555 616 630 696 785 636 657 585 647 853 618 491 529 297 516 776 253 533 551 648 612 840 802 558 527 772 655 531 694 432 131 737 95 160 187 79 119 153 225 6 130 203 50 430 11 29 145 148 128 103 257 5 163 355 340 389 401 74 88 41
50 802 50 571 514 812 605 636 559 516 644 759 125 585 618 693 552 131 616 533 551 737 416 776 544 846 529 648 558 602 772 655 531 694 486 555 630 696 647 465 386 217 83 6 122 430 203 260 111 145 148 128 60 153 109 103 140 401 47 11 52 112 29 15 56 41 19 163 88 340 389
178 178 124 605 171 175 167 544 846 173 184 118 441 98 1 111 159 182 73 94 128 125 203 41
52 618 636 776 647 52 644 759 249 560 491 616 499 612 585 596 640 548 731 675 558 772 655 531 694 78 533 551 529 140 571 555 630 696 526 648 785 631 646 657 840 527 811 615 589 602 429 153 818 447 446 11 516 263 137 92 89 131 119 60 355 29 130 6 163 257 16 103 340 389 74 297 122 253 50 83 430 145 148 128 5 47 22 225 79
56 812 56 379 260 514 413 382 229 605 410 402 400 412 415 279 417 397 201 411 112 418 15 268 285 243 484 205 398 295 19 362 125 416 50 83 111
187 853 818 840 527 187 489 737 589 605 602 462 615 419 239 526 616 365 675 776 414 457 785 203 612 364 499 644 759 366 362 290 555 630 696 153 160 60 571 647 491 618 367 308 596 464 640 548 731 461 657 329 331 636 558 529 772 655 531 694 631 646 585 230 401 225 88 297 253 130 131 122 111 125 119 74 47 11 79 355 416 6 29 128 50 163 83 145 148 5 340 389 16 22 103
60 615 818 644 759 60 555 616 630 696 589 657 853 618 491 529 602 585 297 776 636 253 526 840 527 675 533 551 785 571 647 432 499 612 47 187 79 648 646 489 737 325 204 427 558 772 655 531 694 309 205 596 640 548 731 560 323 422 811 367 153 166 122 131 6 225 11 130 119 203 257 5 78 52 140 163 29 103 249 355 74 50 16 145 148 128 401 89 92 137 340 389 88
74 776 616 840 612 527 74 153 647 596 640 548 731 644 759 555 630 696 618 657 499 491 636 631 646 560 853 529 675 585 818 589 615 602 236 533 551 213 648 558 219 334 772 655 531 694 149 571 277 241 187 251 134 526 262 253 283 222 785 216 427 811 355 130 60 119 11 131 6 52 140 5 29 78 249 297 22 163 257 203 225 122 103 89 47 340 389 16 79 92
203 737 605 853 203 571 818 840 527 636 187 514 812 401 489 516 644 759 589 585 88 802 618 382 131 414 616 602 533 776 413 551 559 415 419 462 111 229 388 125 410 400 416 615 239 258 402 397 544 846 279 411 417 369 675 365 201 418 529 243 648 295 268 484 693 555 552 630 696 398 205 285 526 60 153 6 50 122 430 145 148 128 83 260 225 297 253 103 130 47 163 109 41 74 79
76 880 76 811 529 785 560 585 526 144 257 33 555 630 696 533 551 29 657 596 648 640 548 731 602 491 450 589 474 618 331 11 89 6 140 153 131 103 16 130 163 225 92 5
78 491 558 772 655 531 694 78 648 631 646 555 630 696 618 526 657 137 596 636 776 559 640 548 731 785 529 585 589 560 602 92 52 514 675 647 693 552 533 551 644 759 249 616 818 499 179 612 811 444 140 615 341 430 163 571 130 340 6 389 153 119 11 83 60 22 5 89 29 131 125 257 145 225 109 122 103 416 297 16 253 355 74 47 79
79 615 818 644 759 79 60 555 616 630 696 589 657 853 618 491 529 602 585 297 776 432 636 253 526 840 527 675 533 551 785 449 120 571 647 459 499 427 612 205 325 47 187 323 431 334 422 367 166 648 434 153 122 131 6 225 11 130 203 257 5 119 78 52 140 163 29 103 355 74 16
210 210 136 150 211 220 190 226 247 265 286 290 48 228 250 293 233 239 252 264 206 255 214 281 275 208 209 231 236 213 234 289 219 36 149 229 202 241 246 198 258
83 558 772 655 531 694 648 514 812 631 646 605 83 526 802 559 785 596 125 640 548 731 602 693 552 589 657 675 560 416 491 647 737 499 818 465 555 630 696 811 340 405 389 386 612 219 618 78 50 776 636 446 6 260 22 111 203 5 11 137 153 163 29 109 187 119 122 131 92 52 225 140 130 249 128 112 15 401 56 19 379 88 355 89 16 41
340 558 772 655 531 694 648 631 646 340 526 785 596 640 548 731 602 589 657 675 560 491 647 499 818 555 630 696 457 811 389 612 514 812 618 78 445 776 529 605 83 341 636 559 6 585 105 192 177 22 125 5 11 153 137 29 416 92 122 52 225 163 130 249 187 60 140 131 119 355 50 89 257 16 47 74 109 103
88 737 605 88 853 203 571 818 840 527 636 187 514 812 401 489 516 644 759 589 585 382 429 476 802 414 413 618 131 616 415 229 388 366 368 160 292 111 125 416 60 153 6 50 122 430 145 148 128 83 225 47 103 41
89 811 560 785 89 529 585 880 533 551 526 596 640 548 731 140 29 555 630 696 648 631 646 618 602 657 647 491 589 636 776 675 499 558 772 655 531 694 249 612 571 644 759 303 818 616 6 52 92 11 257 78 76 153 103 144 33 131 60 119 163 16 122 137 130 5 22 225 355 340 389 83 74
92 560 92 491 585 558 772 655 531 694 78 533 551 140 529 555 630 696 648 596 640 548 731 618 631 646 526 785 811 636 657 647 776 589 137 52 602 644 612 759 559 675 499 388 616 880 89 302 263 249 11 29 130 153 163 6 103 340 389 131 119 60 83 257 16 5 22 355 225 76 109 74 144 33
225 589 818 602 526 675 785 225 499 853 491 615 558 772 655 531 694 647 840 527 648 555 811 630 696 187 631 646 432 644 759 209 130 596 640 548 731 489 529 618 657 60 636 737 560 776 616 122 585 344 299 377 364 49 119 571 880 612 462 323 422 418 463 11 421 240 153 29 297 253 47 78 203 131 6 340 389 257 163 16 140 79 83 89 52 22 5 137 74 401 92 355 76 88 103 144 33
353 593 353 453 478 434 352 377 442 452 349 171 356 448 348 347 237 357 175 346 379 394 56 260
355 612 647 499 355 618 675 596 640 548 731 776 616 636 840 527 644 759 631 646 560 602 153 555 630 696 657 350 491 558 772 655 531 694 352 478 119 853 349 344 442 452 571 171 529 356 648 347 448 348 585 357 237 615 175 346 818 589 394 811 526 785 343 256 378 354 74 187 52 11 130 60 131 249 140 122 22 5 78 29 6 257 297 253 340 389 16 89 47 163 92 83 225 137 145 148 103 79
103 585 533 551 529 555 630 696 103 657 571 491 560 636 811 454 880 785 516 644 759 618 616 776 615 648 646 802 140 131 596 640 548 731 647 737 526 818 350 840 612 527 589 544 846 602 631 257 675 558 559 772 655 531 694 222 499 29 153 6 60 11 89 92 52 78 50 122 5 430 203 249 163 130 145 148 128 297 253 187 76 119 144 47 33 16 74 137 79 401 111 355 225 41 88 340 389 22 109
108 108 0 228 48 469 480 423 466 475 36 476 479 445 477 234 310 289 366 120 160 318 176
109 559 514 693 552 109 491 812 605 648 163 802 555 630 696 125 432 657 476 529 558 772 655 531 694 416 585 6 50 78 83 130 260 111 203 153 119 29 131 11 137 92 340 389 112 15 5 19 103
111 605 544 846 111 737 514 812 128 571 802 559 853 125 203 636 459 693 552 818 840 516 644 527 759 416 447 585 49 132 430 8 268 618 41 131 187 401 50 88 83 260 145 6 122 148 109 163 112 15 56 19 103
112 812 112 260 412 514 605 410 258 402 15 400 279 56 397 201 19 243 484 417 268 411 418 285 802 398 205 559 413 379 295 125 224 436 229 146 396 195 215 164 332 416 50 83 111 109
125 514 812 605 802 559 125 693 552 416 737 558 772 655 531 694 465 648 386 50 631 646 571 491 83 206 370 459 231 544 846 526 260 395 636 169 111 853 430 203 373 302 369 57 374 284 785 375 303 362 596 249 640 548 731 450 372 109 163 131 187 128 112 15 401 56 19 6 145 379 340 389 52 88 78 22 122 41 5 148 137
119 499 675 119 647 602 612 491 589 618 596 640 548 731 636 818 526 130 560 631 646 644 759 555 630 696 776 616 95 785 49 657 840 527 8 558 772 655 531 694 138 463 121 38 4 39 529 648 20 458 153 310 559 585 853 571 137 118 615 51 1 120 43 53 78 355 11 122 225 187 60 52 163 131 249 6 47 257 29 74 16 92 140 22 5 297 253 340 389 83 109 103 79
249 249 618 636 776 52 647 644 759 560 616 491 612 514 812 499 585 303 596 640 548 731 605 558 772 655 531 694 675 529 78 533 555 551 630 696 811 140 571 526 840 527 559 802 648 657 89 785 59 602 35 125 153 631 646 589 74 15 693 2 552 62 260 416 11 92 137 131 29 119 60 355 50 130 83 6 112 203 56 163 19 257 111 16 103 379 340 389 122 109 145 5 148 225 22
122 602 675 589 526 122 499 571 785 818 636 647 615 516 644 759 585 47 802 618 558 772 655 531 694 612 131 616 533 551 853 737 555 776 630 696 491 544 236 846 596 60 640 548 731 811 529 648 631 646 219 149 560 486 202 241 840 657 527 119 262 292 605 188 235 204 254 277 225 187 6 50 130 430 203 297 11 253 145 148 128 153 29 79 355 125 340 389 111 103 140 78 257 401 52 83 16 41 89 163 88 5 22 74
379 379 593 812 56 260 348 237 346 357 381 353 382 378 514 229 413 410 402 415 112 15 19 125 416 83
124 178 124 171 167 175 302 173 184 118
253 615 253 818 644 759 60 589 616 555 630 696 657 776 602 853 526 618 840 527 491 529 585 297 636 675 785 325 612 432 647 499 533 551 227 321 571 326 259 280 596 640 548 731 223 153 337 168 296 313 47 646 225 187 270 485 181 287 273 309 79 207 427 323 648 422 122 131 130 6 11 119 74 203 257 5 78 355 52 140 163 29 103 16
