128 1410 544 1480 846 605 1500 571 636 1514 1799 128 3293 3584 3218 3290 802 516 644 759 514 812 1452 1416 585 1572 737 1770 1457 618 616 533 602 551 776 559 3277 648 529 1556 853 675 1629 1481 3183 555 630 696 1421 1618 3331 647 693 3228 552 615 1666 1448 1622 589 1594 1522 499 818 840 527 432 558 772 655 531 694 3557 3508 526 3425 1425 1748 612 657 491 785 1499 3246 1398 1506 811 3260 3257 428 431 334 1385 6 148 103 140 119 11 355 19 74
355 612 647 1522 499 776 355 616 596 640 548 731 618 840 675 527 1499 636 644 759 631 646 560 555 630 696 602 3173 1421 1556 1618 853 491 818 657 3290 1385 589 1594 3228 1500 615 1666 1448 1622 571 3246 1506 3331 3260 529 558 772 655 531 694 3557 3508 1398 811 3425 585 3257 350 1572 785 737 1770 1457 119 648 1416 526 1514 1799 352 478 349 344 442 1452 452 171 3218 802 533 356 551 347 448 880 348 1445 3201 357 237 175 346 516 559 3277 394 74 605 343 256 378 354 11 140 22 6 148 128 103 144
6 648 3331 1398 811 491 555 630 696 1500 571 559 3277 785 3257 6 529 657 560 636 1514 514 1799 585 558 772 655 531 694 3557 3508 693 552 3425 3173 3218 3290 802 3246 1506 880 1445 3201 1499 526 1416 644 3260 533 1452 516 759 551 616 1572 737 1770 1457 631 646 602 1421 1618 589 1594 1522 3228 615 1666 1448 1622 776 618 596 640 548 731 1410 3293 3584 605 647 675 1385 499 1556 853 544 1480 846 812 840 612 818 527 385 169 140 119 11 148 128 103 144 22 74 355
103 585 533 551 529 555 630 696 1500 571 3425 103 657 636 1514 1398 1799 811 3257 3260 491 3173 3218 3290 802 880 1445 3201 560 785 1416 644 759 516 1421 1618 616 3331 3246 1506 618 1522 3228 776 615 1666 1448 1622 1572 737 1770 1457 1385 1499 646 648 454 1410 602 605 647 1556 853 3293 3584 589 1594 514 840 612 818 544 1480 596 527 846 640 548 731 140 1452 559 3277 499 675 558 772 655 531 694 3557 3508 812 526 693 350 552 6 631 222 11 148 128 119 144 74 355 22
74 1522 776 616 840 612 527 1499 647 596 640 548 731 644 759 74 555 630 696 618 1556 853 491 499 657 3173 818 631 646 560 636 589 1594 675 3331 529 1385 585 1421 1618 3246 1506 1500 571 1572 3425 737 1770 1457 3260 602 526 3228 615 1666 1448 1622 3290 785 1398 811 533 551 558 772 655 531 694 3557 3508 3257 1514 1799 559 3277 1416 3218 802 605 880 1445 3201 1452 648 119 355 516 1480 514 693 552 3293 334 3584 1410 427 11 6 140 22 103 148 128 144
11 1385 3425 526 1499 618 529 555 785 630 696 636 776 589 1594 491 602 880 1445 3201 1421 1618 11 657 1398 811 675 1522 647 616 3257 3260 3246 1506 644 759 818 3173 585 612 499 3331 3290 560 1416 558 3228 772 655 531 694 3557 3508 615 1666 1448 1622 840 527 533 406 551 596 1500 640 548 731 571 648 1556 853 631 646 1452 1514 559 1799 3277 140 3218 802 514 119 408 693 552 516 1572 737 1770 1457 405 3293 3584 1410 385 6 144 355 74 103 22 148 128
140 3257 3260 560 1421 1618 585 3246 1506 1398 811 533 529 551 1385 785 140 618 491 596 640 548 731 636 880 1445 3201 776 555 647 630 696 3425 3331 558 772 655 531 694 3557 3508 1500 571 648 631 646 644 759 526 1499 616 1522 3173 612 657 499 1452 1514 1799 3290 675 1416 589 1594 3218 802 559 3277 3228 602 615 1666 1448 1622 840 527 11 514 516 818 1572 737 1770 1457 1556 693 853 552 3293 3584 1410 1480 444 605 6 103 119 144 355 22 74 148 128
144 880 1445 3201 3425 1398 811 529 785 3257 144 560 585 1385 526 555 630 696 533 551 657 648 3260 596 491 640 548 731 602 3173 589 1594 1499 3331 1421 1618 618 3246 1506 776 1522 675 631 646 636 647 3290 818 558 1416 772 655 531 694 3557 3508 499 3228 615 1666 1448 1622 612 644 759 616 302 11 368 1500 571 450 6 140 103 119 355 74 22
19 1629 1481 3183 812 1425 1748 3293 3584 19 514 1452 605 3218 802 1480 559 3277 693 552 1572 737 1770 1457 558 3331 772 655 531 694 3557 3508 1500 571 382 413 1410 415 229 648 410 636 1514 258 402 1799 400 279 397 417 201 1556 631 646 853 128 6 148 22
148 516 1500 571 636 1514 1799 3218 3290 802 644 759 148 1416 585 1572 737 1770 1457 618 1410 616 533 602 551 605 3293 3584 776 544 1480 846 529 648 1556 853 675 514 812 1452 1421 1618 3331 647 3228 615 1666 1448 1622 555 630 696 589 1594 818 499 1522 840 527 3425 526 612 1499 491 1398 811 657 3257 432 3246 1506 1385 558 772 655 531 694 3557 3508 459 560 559 213 646 3277 596 640 548 731 6 1629 880 1481 3183 785 1445 3201 3260 3173 334 631 385 128 103 140 119 11 355 74 144 19 22
22 631 596 640 548 731 558 772 655 531 694 3557 3508 646 648 1452 560 22 3173 647 657 526 3246 1506 1522 612 776 499 785 3260 616 1398 675 811 3293 3584 618 3257 840 527 602 228 1499 491 1421 1618 514 812 589 1594 636 529 644 759 3331 555 630 696 605 3218 802 392 3425 3290 477 1556 853 880 234 559 1445 3201 3277 289 1500 571 388 1480 818 585 1385 246 198 3228 615 1666 1448 1622 1572 737 1770 1457 1416 693 436 552 316 196 1629 1481 3183 119 6 140 355 74 11 144 103 19
119 499 1499 675 119 647 602 491 589 1594 612 1522 526 776 3290 3331 618 596 818 640 548 731 1385 616 785 3246 1416 1506 555 630 696 840 527 636 1421 1618 644 759 3260 1556 853 560 631 646 3425 657 3173 559 3277 3228 615 1666 1448 1622 558 529 772 655 531 694 3557 3508 1500 1398 571 811 648 585 514 693 95 552 49 1452 1514 1799 1572 737 1770 1457 8 138 533 551 3218 121 802 38 4 39 880 1445 3201 11 3293 20 3584 605 516 118 137 51 1480 3257 1 355 6 74 140 22 148 128 103 144
