0 0 108 48 310 120 36 476 445 134
2 2 78 163 130 119 66 281 6 153 204 70 137 249 11 168 427 92 52 285 140 60 207 69 100 159 96 283 329 37 155 10 157 205 141 158 187 109 29 287 127 257 131 40 129 166 225 391 296 89 125 25 63 351 113 297 364 253 186 74 71 416 16 38 5 323 122 147 123 340 322 107 389 355 430 142 103 42 44 270 83 47 76 50 62 203 79 126 151 242 116 82 144 22 313 145 33 59 148 128 111 27 401 248 41 88
5 5 157 168 190 433 66 441 233 69 107 283 153 205 482 350 36 476 166 151 242 60 142 207 59 6 158 2 96 159 78 340 389 141 37 11 71 42 40 119 155 140 29 22 83 297 127 253 130 257 296 287 391 163 249 125 187 123 351 355 131 137 129 52 74 329 416 38 89 92 323 10 103 44 100 364 322 113 122 204 70 16 47 147 186 62 270 79 126 50 430 225 76 313 25 144 33 116 109 82 145 148 63 27
6 6 159 163 29 131 66 2 204 385 70 69 283 296 169 322 391 96 430 168 205 155 89 153 40 78 60 166 157 207 140 147 37 71 50 122 203 257 125 130 82 119 141 109 11 416 313 145 148 249 128 187 323 340 127 129 389 52 25 76 63 142 42 297 92 27 137 253 113 100 47 103 107 357 44 364 270 287 111 5 158 83 144 33 401 329 248 10 62 225 55 351 41 22 88 151 116 242 74 16 38 186 59 79 126 123 355
10 10 119 158 186 113 130 153 129 123 37 107 355 263 369 200 100 122 2 11 287 329 155 157 151 242 225 60 127 296 187 147 249 59 131 66 69 52 47 78 142 364 283 140 351 74 71 6 38 205 168 257 96 163 297 29 16 166 253 391 270 430 159 203 89 22 92 137 40 207 70 340 5 50 389 322 42 82 141 313 145 148 128 79 126 83 103 44 401 76 27 248 144 33 109 62 88 41
11 11 406 257 37 16 140 129 130 119 66 408 391 153 405 249 296 2 96 155 385 287 52 29 40 100 78 158 113 147 89 168 329 60 92 71 207 69 127 6 10 131 225 187 283 157 76 186 122 322 205 107 141 137 163 144 33 364 166 270 103 44 123 355 159 351 297 253 74 430 38 5 151 142 204 242 62 70 340 389 59 42 50 203 125 82 83 416 313 145 47 148 128 22 79 126 27 109 401 25 63 248 41 88
15 15 260 323 379 112 56 19 370 416 125 395 388 445 302 374 284 303 362 420 50 116 83 313 25 204 70 111 203 69 283 131 205 166 128 109 401 163 248 63 340 389 88 42 55 41 82
16 16 11 257 37 363 140 275 129 130 119 66 391 388 476 153 385 447 249 296 95 2 96 155 49 287 52 29 40 100 78 158 113 147 89 168 329 92 60 71 207 69 127 6 10 131 225 283 157 76 187 186 122 322 205 107 141 137 163 144 33 166 364 270 103 44 123 355 159 351 297 253 74 430 38 5 151 142 204 242 62 70 203 340 389 59 42 50 125 82 83 416 313 145 47 148 128 22 79 126 27 401 109 248 25 63 88 41
19 19 260 323 379 112 15 56 125 382 413 416 229 415 410 258 402 400 279 397 417 201 420 411 205 418 268 243 295 484 285 50 116 83 313 25 204 70 111 203 69 283 131 166 128 109 401 163 248 63 340 389 88 42 55 41 82
22 22 142 228 69 107 283 157 205 392 477 166 234 289 151 242 388 246 153 198 59 158 316 436 196 340 389 159 71 42 78 37 83 168 6 119 125 5 140 29 416 123 129 323 127 296 10 355 137 155 287 351 249 2 89 66 74 130 187 113 38 92 52 186 322 391 96 131 11 100 364 163 147 50 70 40 257 329 116 122 225 313 270 25 207 111 76 141 16 103 44 144 109 33 82
25 25 125 204 70 416 323 109 163 50 281 116 63 392 83 313 429 6 260 2 111 203 69 131 283 205 159 78 187 166 128 379 66 112 15 401 430 56 19 157 364 130 119 248 155 357 29 153 340 389 96 147 60 88 122 137 42 37 142 168 140 82 296 329 11 249 55 145 41 148 391 129 207 92 40 52 127 322 351 107 113 100 27 38 257 297 89 287 141 253 5 22 270 47 71 103 44 225 151 242 16 59 74 62 79 126
27 27 148 131 451 480 466 475 479 430 477 289 234 155 318 176 320 198 316 147 446 134 315 6 50 122 203 436 96 82 313 145 128 129 187 125 357 127 111 270 47 60 416 401 153 323 113 364 159 248 66 55 41 163 103 88 116 44 287 158 249 29 140 40 329 37 119 11 52 2 297 253 391 62 257 78 100 186 204 168 89 70 69 130 10 283 83 351 296 322 25 207 157 71 38 107 205 225 123 355 166 141 74 92 137 79 16 126 76 151 242 109 340 5 59 389 144 33 42
29 29 296 322 391 6 89 71 140 488 40 208 37 257 179 76 350 444 445 66 96 11 159 144 107 33 163 249 78 131 153 69 92 2 52 157 283 113 168 151 242 129 119 205 204 130 70 60 100 59 207 158 166 142 16 103 44 329 430 155 137 287 187 141 186 225 127 5 62 147 340 125 50 122 389 364 203 297 22 253 42 82 416 109 313 145 123 148 128 351 355 83 74 47 38 25 10 63 27 270 357 116 401 111 248 79 126 55 41 88
33 33 391 76 144 257 29 40 296 322 11 6 89 140 71 96 66 37 153 16 249 2 159 129 168 78 130 119 107 52 60 92 69 207 163 113 155 283 103 100 44 131 158 287 205 329 141 147 157 151 242 166 127 62 122 137 10 70 225 59 297 253 5 186 142 123 340 47 355 389 74 270 42 82 109 22 79 126
37 37 296 113 11 69 100 283 205 329 476 29 122 166 225 186 130 119 341 391 157 187 10 257 6 153 16 340 140 389 322 159 60 129 89 2 364 42 78 66 47 131 142 71 40 249 83 96 155 52 168 125 287 158 76 163 92 107 416 297 351 253 203 147 127 323 22 430 137 38 144 33 50 5 207 204 70 313 151 242 123 74 141 355 82 270 103 59 44 145 148 128 401 79 126 248 111 116 27 62 88 25 109 63 55 41
38 38 351 187 153 364 95 49 329 119 8 138 489 121 203 39 127 287 118 137 51 74 155 60 123 130 66 107 355 158 401 100 129 248 2 297 88 116 253 157 151 242 225 131 11 37 168 59 270 147 113 249 6 96 207 111 125 142 52 71 416 47 69 140 296 78 323 141 163 283 430 257 79 40 126 29 5 186 205 128 22 166 16 70 50 122 159 89 10 357 92 82 103 44 313 145 148 83 322 340 389 27 55 42 41 62 25 109
40 40 257 96 391 29 66 488 423 214 11 6 140 392 370 296 322 405 168 103 89 44 153 431 76 131 60 207 37 71 2 144 33 62 155 141 249 157 130 119 159 52 163 16 92 430 297 129 253 147 107 5 69 113 287 187 122 100 158 78 283 329 204 127 50 203 70 205 82 364 351 313 145 148 128 270 166 151 242 74 125 38 225 186 47 10 142 59 416 79 27 126 123 355 357 137 401 111 340 389 109 116 248 42 22 55 25 41 63 88 83
41 41 128 357 111 55 131 252 116 281 428 430 431 334 125 155 416 323 147 6 50 122 203 96 82 313 145 148 129 187 27 127 270 47 60 401 153 113 364 159 83 248 66 25 260 69 163 103 88 44 287 158 249 29 140 283 40 329 119 11 52 37 2 205 297 253 62 78 257 166 100 186 351 168 89 70 38 130 10 296 322 207 71 92 112 225 15 123 340 389 56 141 19 42 74 79 16 126 109
42 42 69 283 205 166 157 340 389 159 78 37 142 444 83 6 125 107 416 323 296 22 137 168 5 249 2 113 153 92 52 151 242 11 140 100 29 158 59 163 66 71 50 204 70 130 329 122 119 116 313 131 89 225 187 391 129 186 96 10 25 60 322 260 155 203 287 364 127 111 40 257 16 147 123 47 355 207 430 109 351 74 128 38 297 253 141 63 76 401 103 44 112 15 82 248 144 33 19 270 145 148 88 62 27 41 79 126
44 44 62 96 103 140 40 131 444 445 66 257 89 391 6 430 29 168 249 155 11 153 71 78 60 92 52 207 147 2 50 122 203 129 296 82 141 322 157 313 145 148 128 187 127 107 130 159 163 119 287 158 297 76 27 137 253 125 47 37 357 364 270 16 111 5 69 113 416 401 144 283 33 329 248 100 205 151 70 242 10 55 351 41 166 88 116 74 59 142 38 79 225 126 123 186 355 83 25 340 389 42 109 22
47 47 60 122 297 253 113 329 131 155 187 37 79 95 126 160 66 186 100 430 364 119 6 127 147 203 96 270 50 296 10 225 82 168 313 145 148 128 153 129 130 207 69 27 2 351 125 283 357 401 111 38 159 416 141 157 205 248 11 163 323 287 40 29 140 103 166 249 44 88 116 158 55 41 52 391 257 5 62 70 89 78 107 340 83 389 322 71 42 142 123 92 25 74 16 355 151 242 59 109
50 50 313 125 416 323 131 430 155 116 83 147 6 25 122 203 111 204 260 96 70 82 145 148 128 69 283 129 187 27 357 205 127 270 47 60 401 153 166 113 364 159 379 248 66 109 112 37 15 55 41 157 56 163 103 88 44 19 78 287 158 249 29 140 40 63 329 119 340 11 52 389 2 297 253 42 391 100 62 257 142 186 168 107 89 130 10 351 296 322 207 71 137 38 225 123 355 5 141 151 22 242 74 92 79 16 126 59
52 52 249 78 140 129 137 92 155 287 429 158 11 2 147 89 447 153 446 263 96 71 69 283 119 29 131 205 66 107 6 37 130 60 166 127 270 391 296 257 16 40 163 10 123 157 355 322 430 151 242 187 103 340 44 389 168 159 59 329 42 100 297 351 122 253 142 204 186 74 50 70 207 364 38 113 62 203 83 82 76 313 47 145 125 148 141 128 225 5 416 144 33 22 27 357 79 116 126 401 111 109 25 248 63 55 41 88
55 357 55 128 286 293 264 252 111 255 214 275 41 131 236 213 219 116 36 476 433 202 385 430 125 155 416 323 147 6 50 122 203 96 82 313 145 148 60 129 187 27 127 270 401 47 113 364 159 83 248 66 25 70 260 163 297 103 329 88 44 287 253 158 249 29 140 40 52 62 186 109 322 207 79 112 126 15 141 19
56 56 379 260 323 112 15 382 19 413 229 415 410 402 400 279 125 397 417 201 295 362 416 50 116 83 313 25 204 70 111 203 69 109 401 248 63 88
59 59 481 107 157 151 242 153 158 142 388 71 249 217 69 283 22 119 168 140 123 205 127 10 29 355 5 129 166 155 287 351 74 38 89 187 11 52 296 6 130 66 340 322 391 186 389 96 159 364 147 42 78 92 37 2 60 131 257 113 83 329 40 270 125 100 416 122 163 16 207 137 203 76 430 297 253 103 44 50 225 141 144 33 47 313 62 82 145 148 79 126 27
60 60 297 253 329 155 432 47 187 79 126 66 122 364 427 204 205 325 127 309 323 422 367 270 131 100 168 113 153 129 207 6 203 2 96 351 225 38 147 430 141 37 130 11 119 287 40 158 157 186 249 257 50 10 52 296 163 5 401 29 391 82 140 78 159 313 145 148 248 128 69 125 107 103 283 44 70 111 88 416 116 27 74 16 89 357 166 322 62 123 71 92 355 151 137 242 142 55 76 59 41 63 25 83 340 109 389 144 33 42
62 62 44 96 103 140 364 40 131 66 358 427 257 89 391 6 430 29 168 249 155 11 153 71 78 60 92 52 207 147 2 50 122 203 129 187 296 82 141 322 157 313 145 148 128 127 107 130 159 163 119 287 158 297 76 27 137 253 125 47 37 357 270 16 111 5 69 113 416 401 144 33 329 248 100 151 70 242 10 55 351 41 88 116 74 59 142 79 225 126 123 186 83 25 109
63 204 63 487 70 465 206 370 209 231 459 395 109 416 163 373 188 25 447 302 374 369 284 169 125 303 430 236 57 371 305 372 6 2 323 50 66 78 159 116 313 83 130 119 69 29 153 131 283 260 203 205 111 168 137 166 96 11 140 157 207 249 37 296 322 40 92 52 128 89 141 379 100 340 257 401 389 112 15 147 42 71 56 145 248 19 82 88 148 5 225 74 103 16 41
66 66 168 153 60 207 6 2 96 467 488 141 449 11 208 40 457 179 157 297 253 155 257 163 130 5 119 29 391 140 78 131 159 329 127 187 287 103 44 351 204 296 37 74 70 249 16 89 364 38 47 129 69 122 158 322 100 52 71 62 79 126 123 283 92 430 107 355 137 270 147 113 205 76 10 166 225 50 203 144 186 125 33 109 151 242 82 142 313 145 148 416 128 59 25 340 63 389 27 42 357 116 111 401 83 22 248 55 41 88
69 69 283 205 338 486 166 440 226 247 157 437 340 389 159 467 42 78 37 142 488 208 83 179 482 6 125 36 350 444 107 416 323 296 22 137 168 5 249 2 113 153 92 52 151 242 11 140 100 29 158 59 163 66 71 50 204 70 130 329 122 119 116 313 131 89 225 187 391 129 186 96 10 25 60 322 260 155 203 287 364 127 111 40 257 16 147 123 47 355 207 430 109 351 74 128 38 297 253 141 63 76 401 103 44 112 15 82 248 144 56 33 19 270 145 148 88 62 27 41 79 126
70 70 204 109 163 25 63 125 416 6 2 323 482 478 352 344 349 442 452 171 50 66 78 159 116 313 83 130 119 69 29 153 283 131 260 203 111 205 168 137 166 96 187 11 140 60 157 207 249 37 296 322 391 40 430 92 155 52 364 257 89 141 379 100 340 129 389 401 127 158 329 112 15 147 42 71 56 107 248 122 10 19 142 113 297 253 82 287 88 5 225 351 145 148 128 186 74 103 16 44 47 76 27 151 242 123 270 22 59 62 144 33 79 126 41
71 71 140 29 107 89 275 157 151 242 296 322 391 213 153 249 59 96 158 149 6 176 92 202 241 52 198 78 142 216 279 11 37 40 257 66 129 69 283 168 119 2 155 76 205 22 131 137 159 123 166 103 144 44 127 33 10 355 5 147 130 163 287 16 351 113 60 74 207 187 62 38 100 186 329 340 430 389 42 204 141 270 364 70 125 225 83 50 122 203 416 297 253 82 313 145 148 128 47 27 109 25 63 79 126 41
74 74 153 127 287 351 38 187 155 123 130 119 66 107 355 158 334 364 129 427 2 157 151 242 329 11 168 59 10 147 270 249 60 207 100 142 6 52 96 71 203 131 140 37 141 78 69 163 186 257 40 283 5 225 29 391 205 297 296 113 22 253 16 166 122 89 204 70 430 401 159 92 137 248 322 103 44 125 340 50 88 116 389 47 42 82 76 62 79 126 313 111 145 148 128 83 109 144 33 27 25 63 41
76 76 391 144 257 33 29 450 40 474 296 322 11 6 89 140 71 96 66 37 153 16 249 2 159 129 168 78 130 119 107 52 60 92 69 207 163 113 155 283 103 100 44 131 158 287 205 329 141 147 157 151 242 166 127 62 122 137 10 70 225 59 297 253 5 186 142 123 340 47 355 389 74 270 42 82 109 22 79 126
78 78 137 249 2 92 52 69 140 283 179 205 444 166 341 430 163 129 157 130 119 11 6 66 89 96 340 389 159 153 42 71 37 29 142 204 70 155 287 83 107 158 147 131 391 168 125 100 257 60 416 207 127 16 323 10 322 296 22 329 5 151 242 113 103 44 187 141 59 109 225 122 25 186 40 50 270 123 364 355 62 63 351 203 297 253 313 74 76 38 116 144 82 33 148 128 111 27 401 145 47 79 248 126 88 41
79 79 60 297 253 329 155 47 432 187 449 126 120 66 459 122 364 431 334 127 434 270 131 100 168 113 153 129 207 6 203 2 96 351 225 38 147 430 141 37 130 11 119 287 40 158 186 157 249 257 50 10 52 296 163 5 401 29 391 82 140 78 159 313 145 148 248 128 107 103 44 69 125 111 88 116 27 74 70 16 416 89 357 322 62 123 71 92 355 151 137 242 55 76 59 41 25 144 33 109
82 82 131 430 155 412 147 6 50 122 203 96 313 145 148 128 334 129 187 27 125 357 127 111 270 47 60 416 401 323 113 364 159 248 66 153 55 41 287 163 103 88 116 44 158 249 29 140 40 329 37 11 119 52 2 297 253 257 62 78 100 186 204 168 351 89 70 69 10 38 130 283 83 296 322 391 25 207 157 71 205 107 225 260 166 123 141 355 92 137 79 16 126 74 109 142 151 242 340 5 389 59 76 63 42 112 15 144 33 19 22
83 83 125 416 323 69 283 205 166 50 157 116 405 340 313 389 219 159 25 42 78 37 260 142 204 446 70 111 203 6 131 107 296 22 137 187 168 163 379 128 5 249 2 109 112 15 113 401 364 153 92 56 52 430 19 151 242 155 122 248 11 357 140 63 100 29 158 59 147 66 96 71 88 60 130 329 119 82 55 41 89 225 129 145 186 148 127 10 351 322 40 38 47 287 27 257 270 16 123 355 207 103 44 74 141 62
85 237 85 162 449 482 476 434 443 349 478 352 442 344
88 88 203 187 401 364 248 116 131 329 111 429 476 125 351 489 416 366 160 368 292 323 38 430 155 153 60 147 6 50 122 96 82 313 145 148 128 100 129 83 27 297 253 47 25 357 204 127 70 270 260 287 37 113 225 159 69 66 130 119 283 55 41 163 103 44 205 158 249 29 296 140 40 74 11 166 52 2 123 79 126 355 62 109 10 379 257 186 112 89 15 56 19 63 322 340 207 389 42 141 16
89 89 140 29 249 296 322 391 71 96 6 92 52 78 11 303 37 40 257 66 107 2 76 129 153 131 159 137 69 157 103 144 44 158 33 155 283 151 242 163 16 168 205 147 113 287 59 130 60 62 119 142 166 207 100 430 127 329 204 187 70 141 186 5 10 340 50 225 122 203 389 123 364 270 22 355 125 297 42 82 253 351 313 145 148 128 416 74 38 83 47 27 109 116 111 401 25 63 248 79 126 55 41 88
91 91 328 405 460 470
92 92 78 140 249 137 52 2 89 96 71 69 388 11 283 29 302 263 205 129 166 66 6 130 153 119 296 391 37 107 163 155 40 157 158 322 287 103 340 147 44 257 389 159 16 42 131 168 142 204 151 242 70 127 100 62 60 83 207 59 10 329 113 125 76 187 141 270 416 5 123 186 225 430 355 122 323 22 144 33 351 50 364 297 74 253 109 38 25 313 47 82 63 145 148 128 27 79 126
96 96 103 44 140 40 131 66 62 388 257 263 89 391 6 430 29 168 249 155 11 153 71 78 60 92 52 207 147 2 50 122 203 129 296 82 141 322 157 313 145 148 128 187 127 107 130 159 163 119 287 158 297 76 27 137 253 125 47 37 357 364 270 16 111 5 69 113 416 401 144 283 33 323 329 248 100 204 205 151 70 242 10 55 351 41 166 88 116 74 59 142 38 79 225 126 123 186 355 83 25 340 389 42 109 22 63
100 100 329 225 37 113 187 130 360 119 364 60 432 449 392 172 296 122 153 186 213 11 36 415 2 431 334 10 297 69 253 351 158 47 283 155 66 38 203 205 131 78 6 29 166 257 391 16 129 127 140 157 96 163 287 249 79 168 126 40 74 147 52 340 89 430 401 389 322 159 207 137 142 71 270 42 125 92 248 123 204 107 355 70 416 83 141 50 88 116 76 5 82 111 313 145 148 128 103 22 44 151 144 242 33 27 59 109 62 25 63 41
103 103 96 454 44 140 40 131 66 62 350 257 222 89 391 6 430 29 168 249 155 11 153 71 78 60 92 52 207 147 2 50 122 203 129 296 82 141 322 157 313 145 148 128 187 127 107 130 159 163 119 287 158 297 76 27 137 253 125 47 37 357 364 270 16 111 5 69 113 416 401 144 283 33 323 329 248 100 204 205 151 70 242 10 55 351 41 166 88 116 74 59 142 38 79 225 126 123 186 355 83 25 340 389 42 109 22 63
104 104 353 469 451 480 475 479 477 289 318 453 246 320 198 446 279 316
107 107 157 151 242 153 59 158 293 252 142 71 214 392 213 69 149 219 36 283 22 119 241 168 140 123 205 127 10 29 355 5 129 166 155 287 351 74 38 249 89 187 11 296 6 52 130 66 340 322 391 186 389 96 159 364 147 42 78 92 37 60 2 131 257 113 83 40 270 329 125 100 416 122 163 16 207 137 203 297 76 253 430 103 44 50 225 141 144 47 33 313 62 82 401 145 148 248 79 126 27 88
108 108 0 228 469 480 423 466 475 479 477 234 289 36 476 318 445 176
109 109 204 70 163 25 63 125 432 416 6 2 323 476 50 66 78 159 116 313 83 130 119 69 29 153 283 131 260 203 111 205 168 137 166 96 11 140 60 157 207 249 187 37 155 296 322 391 40 430 92 52 257 89 141 379 100 340 364 129 389 401 329 112 15 147 42 158 71 56 107 248 122 10 19 127 142 113 351 297 253 82 287 38 88 5 225 145 148 128 186 74 103 16 44 123 47 355 76 270 27 22 62 144 33 79 126 41
110 110 244 408 405
111 111 116 128 357 125 203 416 459 323 131 55 41 430 187 447 49 132 401 8 50 268 364 248 313 88 155 83 147 25 6 122 260 204 96 70 329 82 145 148 69 351 283 153 129 60 38 27 205 127 159 47 270 163 166 113 379 66 109 112 15 37 2 56 19 157 103 78 44 287 158 249 100 297 29 140 40 11 253 63 340 52 389 296 130 42 257 62 142 186 225 89 207 322 92 137 74 79 126 141 22 16
112 112 260 323 379 412 15 56 19 125 410 416 258 402 400 279 397 201 243 484 411 417 295 436 268 285 205 398 418 420 50 116 83 313 25 204 70 111 69 203 283 131 166 128 109 401 163 248 63 340 389 159 42 88 55 41 82
113 113 122 37 186 100 119 10 329 225 296 60 47 429 131 158 187 262 130 263 11 69 364 283 155 297 253 153 205 430 29 2 166 6 203 147 391 157 50 96 107 127 123 257 351 355 16 82 340 140 38 389 322 313 145 159 148 128 129 79 89 126 42 125 270 78 71 66 40 163 142 287 416 401 27 249 151 83 242 111 323 357 248 52 168 59 116 70 74 88 76 92 22 103 44 137 55 41 144 33 5 207 62 141 109 25
116 116 111 125 203 416 323 469 187 466 128 475 401 479 364 477 289 234 248 50 318 476 357 176 246 320 88 198 446 316 313 292 83 436 131 25 260 204 55 41 70 329 69 351 283 38 430 205 155 60 166 153 379 147 109 6 112 122 163 15 56 96 19 157 82 159 145 148 63 37 340 389 100 2 42 297 129 78 27 253 66 142 127 270 47 287 130 113 225 168 296 103 44 22 40 137 74 79 126 5 207 62 141
119 119 10 130 158 95 49 153 186 138 8 2 121 38 4 113 39 11 20 100 137 118 51 310 1 129 329 123 37 107 355 66 78 225 187 155 122 127 163 351 249 287 364 60 257 157 6 52 74 16 151 242 147 140 131 296 168 59 204 96 47 29 391 70 69 142 71 92 207 283 40 270 297 205 253 159 430 141 166 5 203 89 322 22 50 109 76 340 82 103 44 389 313 145 25 148 128 63 42 79 126 144 33 401 27 83 62 248 88 41
122 122 47 113 60 131 236 219 37 149 186 329 430 297 202 241 253 100 262 155 292 119 188 204 235 254 147 6 50 10 203 96 296 225 82 313 145 148 128 158 66 11 79 153 129 130 126 187 27 125 69 357 127 111 283 270 2 416 401 323 364 159 205 248 287 168 166 55 40 257 41 78 163 103 88 116 44 249 29 140 391 207 107 52 123 157 355 351 16 62 83 70 340 141 38 389 89 42 142 25 151 322 137 242 71 5 74 59 76 92 63 109 22 144 33
123 123 355 153 158 433 233 119 449 127 107 10 129 155 482 287 350 351 476 74 38 444 445 352 478 187 157 151 242 130 66 186 59 364 147 11 249 142 52 2 71 113 270 140 131 329 168 69 78 283 60 207 100 37 122 6 257 22 203 96 205 5 29 391 16 166 89 141 430 296 163 92 40 225 137 297 47 253 50 322 340 401 389 82 70 42 159 313 145 148 248 128 103 44 76 83 88 27 144 33 62 79 126 41
124 178 124 302
125 125 416 323 465 386 50 116 83 313 206 370 231 459 25 395 260 204 70 111 430 203 373 169 302 369 69 374 284 303 362 283 249 450 131 420 57 372 205 187 166 379 128 109 112 15 401 163 56 19 157 364 6 248 357 63 159 155 340 389 88 2 42 78 147 37 142 122 96 55 41 82 145 153 148 60 329 66 296 129 168 351 107 27 113 22 52 137 38 127 140 11 270 100 47 29 5 130 297 253 92 151 242 40 71 103 44 287 89 59 225 186 207 322 62 141 74 16 79 126
126 60 126 297 253 425 329 155 438 47 451 480 187 423 214 466 408 79 475 477 66 479 122 234 364 289 318 127 320 176 198 246 385 446 270 131 100 168 113 153 129 207 6 203 2 96 351 225 38 147 430 141 37 130 11 119 287 40 158 186 157 249 257 50 10 52 296 163 5 401 29 391 82 140 78 159 313 145 148 248 128 107 103 44 69 125 111 88 116 27 74 70 16 416 89 357 322 62 123 71 92 355 151 137 242 55 76 59 41 25 144 33 109
127 127 155 153 270 60 350 352 129 287 351 171 356 74 131 158 38 237 348 175 474 187 357 346 4 297 123 130 394 372 253 119 66 107 355 147 329 364 11 249 430 2 6 52 157 151 242 10 96 203 47 168 140 59 50 122 79 78 126 207 100 82 142 37 128 257 313 145 148 71 186 69 163 113 391 283 141 16 29 27 401 125 40 296 159 89 5 111 225 205 92 248 416 137 166 22 103 44 70 88 116 41 322 62 85 340 55 389 83 76 42 162 25 144 33 109
128 128 357 111 55 41 131 116 432 430 428 125 431 334 155 416 323 147 6 50 122 203 96 82 313 145 148 129 187 27 127 270 47 60 401 153 113 364 159 83 248 66 25 260 69 163 103 88 44 287 158 249 29 140 283 40 329 119 11 52 37 2 205 297 253 78 62 257 166 100 186 168 89 70 130 10 351 296 322 207 71 379 112 225 123 15 340 355 389 56 141 19 137 74 42 92 79 16 126 109
129 129 155 287 158 147 249 153 52 11 488 208 131 127 395 119 270 140 60 78 444 10 123 107 355 257 37 430 16 96 187 130 2 66 92 157 351 297 6 253 186 74 71 122 151 391 137 242 89 38 29 50 329 364 203 59 82 69 296 313 145 148 142 47 128 283 40 100 113 205 168 125 27 163 159 322 357 166 103 111 44 416 79 207 126 401 323 225 76 22 5 248 62 141 70 55 41 144 340 88 33 116 389 42 83 25 109
130 130 119 463 153 2 458 11 100 363 281 10 275 310 329 120 37 66 158 225 234 187 78 127 388 113 385 186 163 287 155 351 364 60 257 129 6 74 16 38 140 249 296 168 123 204 52 96 107 355 391 70 137 69 122 29 207 92 283 40 131 157 297 205 253 159 147 141 203 166 270 151 242 71 47 89 142 322 59 5 109 430 125 76 103 340 44 389 416 25 63 42 79 126 144 401 33 50 22 62 248 83 82 116 313 145 148 128 111 88 27 41
131 131 486 430 155 147 467 6 50 122 203 96 488 82 313 145 148 120 208 128 479 457 179 482 129 36 350 476 187 27 125 357 127 111 270 47 60 416 401 323 113 364 159 248 66 153 55 41 287 163 103 88 116 44 158 249 29 140 40 329 37 11 119 52 2 297 253 257 62 78 100 186 204 168 351 89 70 69 10 38 130 283 83 296 322 391 25 207 157 71 205 107 225 260 166 123 141 355 92 137 79 16 126 74 109 142 151 242 340 5 389 59 76 63 42 112 15 144 33 19 22
136 210 136 206 150
137 137 78 249 2 92 52 69 140 318 283 95 205 49 119 341 349 439 166 237 8 105 138 409 121 38 4 39 163 129 157 130 11 6 66 89 96 340 389 153 159 42 71 37 29 142 204 70 155 287 83 107 158 147 131 391 168 125 100 257 60 416 10 207 127 16 323 322 296 22 329 5 151 242 113 103 44 187 141 59 225 109 186 25 40 430 122 50 270 123 355 62 63 364 203 297 253 351 74 313 76 47 116 144 85 82 33 145 148 128 111 162 27 79 126
140 140 89 249 96 92 52 71 78 11 29 444 129 391 296 137 2 107 40 66 322 6 103 44 257 153 37 155 158 16 131 157 69 287 130 147 119 283 62 151 242 205 59 168 163 159 142 76 166 127 60 207 100 430 10 144 113 33 187 122 329 270 204 123 141 70 355 5 340 186 389 50 22 203 225 364 42 351 82 297 74 125 253 38 313 145 148 128 83 47 416 27 109 116 111 401 25 248 63 79 126 55 41 88
141 141 66 168 153 60 207 6 2 96 423 11 40 429 157 385 435 297 253 155 257 163 130 5 119 29 391 140 78 131 159 329 127 187 287 103 44 351 204 296 37 74 70 249 16 89 364 38 47 129 69 122 158 322 100 52 71 62 79 126 123 283 92 430 107 355 137 270 147 113 205 76 10 166 225 50 203 144 186 125 33 109 151 242 82 142 313 145 148 416 128 59 25 340 63 389 27 42 357 116 401 111 83 22 248 55 41 88
142 142 22 283 69 107 157 205 214 166 151 213 242 153 318 59 241 158 246 262 292 216 222 315 254 316 221 340 389 159 71 42 78 37 83 168 6 119 125 5 140 29 416 123 129 323 127 296 10 355 137 155 287 351 249 2 89 66 74 130 187 113 38 92 52 186 322 391 96 131 11 100 364 163 147 50 70 40 257 329 116 122 225 313 270 25 207 111 76 141 16 103 44 144 109 33 82 62
144 144 391 76 257 33 29 302 40 368 296 322 450 11 6 89 140 71 96 66 37 153 16 249 2 159 129 168 78 130 119 107 52 60 92 69 207 163 113 155 283 103 100 44 131 158 287 205 329 141 147 157 151 242 166 127 62 122 137 10 70 225 59 297 253 5 186 142 123 340 47 355 389 74 270 42 82 109 22 79 126
145 430 145 131 412 155 382 413 147 6 50 122 229 415 203 96 258 402 400 82 313 148 128 129 187 27 125 357 127 111 270 47 60 416 401 153 323 113 364 159 248 66 55 41 163 103 88 116 44 287 158 249 29 140 40 329 37 119 11 52 2 297 253 391 62 257 78 100 186 204 168 89 70 69 130 10 283 83 351 296 322 25 207 157 71 38 107 205 225 123 355 166 141 74 92 137 79 16 126 76 151 242 109 340 5 59 389 144 33 63 42
147 147 129 131 155 287 158 430 249 153 52 11 368 6 50 122 203 127 96 448 270 82 60 313 145 148 128 140 119 78 187 27 125 10 123 357 66 47 107 111 355 37 257 416 401 2 323 113 364 159 297 253 16 248 351 391 329 186 89 92 157 71 55 38 130 41 163 103 88 74 116 44 296 40 69 29 151 100 242 137 283 168 59 205 142 62 207 166 204 70 225 83 79 126 322 25 141 76 5 22 340 389 144 33 42 109 63
148 148 27 131 430 432 155 459 213 147 6 50 122 203 334 385 96 82 313 145 128 129 187 125 357 127 111 270 47 60 416 401 153 323 113 364 159 248 66 55 41 163 103 88 116 44 287 158 249 29 140 40 329 37 119 11 52 2 297 253 391 62 257 78 100 186 204 168 89 70 69 130 10 283 83 351 296 322 25 207 157 71 38 107 205 225 123 355 166 141 74 92 137 79 16 126 76 151 242 109 340 5 59 389 144 33 63 42
151 151 107 157 242 153 59 158 149 142 262 71 288 240 199 69 238 259 283 22 119 168 140 123 205 127 10 29 355 5 129 166 155 287 351 74 38 249 89 187 11 296 6 52 130 66 340 322 391 186 389 96 159 364 147 42 78 92 37 2 60 131 257 113 83 329 40 270 125 100 416 122 163 16 207 137 203 76 430 297 253 103 44 50 225 141 144 33 47 313 62 82 145 148 79 126 27
153 153 127 287 351 236 74 213 38 219 187 155 149 241 123 130 119 134 66 283 107 355 262 158 222 216 364 129 188 204 235 240 277 199 212 251 2 398 157 151 242 329 11 168 59 10 147 270 249 60 207 100 142 6 52 96 71 203 131 140 37 141 69 78 163 186 257 40 5 225 29 391 205 297 296 113 22 253 16 166 122 70 89 430 401 159 92 137 248 322 103 44 125 340 50 389 88 116 416 47 42 82 76 62 79 126 313 111 145 148 128 83 109 144 63 33 27 25 41
155 155 127 270 60 153 129 131 219 149 202 297 292 253 221 147 204 347 240 329 287 158 238 430 483 249 187 47 52 11 66 6 50 122 203 351 119 79 126 96 364 82 38 123 74 313 145 148 107 128 355 140 130 2 100 78 27 125 10 357 168 111 257 157 37 416 401 151 242 323 113 159 207 16 71 248 40 391 225 59 186 89 92 55 41 69 142 163 103 88 116 44 296 141 29 283 137 70 205 5 62 166 25 22 322 63 83 76 340 389 144 33 109 42
157 157 168 283 5 69 107 149 205 241 166 222 221 254 151 188 242 204 142 153 59 240 158 199 66 238 278 340 194 389 159 71 42 78 37 22 83 6 119 125 140 29 60 96 416 207 123 129 155 323 127 296 10 355 137 287 351 40 249 2 141 89 74 130 187 113 38 131 92 52 186 322 391 11 257 100 297 253 70 364 163 147 50 329 116 103 44 203 274 122 270 225 313 430 25 47 63 62 111 76 79 109 126 16 82 144 145 33 148 27
158 158 290 119 10 153 129 123 107 355 149 202 241 283 186 239 155 262 157 151 200 242 222 287 254 147 235 204 249 59 240 127 288 130 52 113 142 11 71 140 351 187 131 74 2 38 69 60 66 100 270 122 168 78 22 364 329 205 96 29 5 166 6 89 257 37 225 430 391 16 92 47 297 296 253 159 163 40 137 340 50 207 203 389 322 42 82 70 313 145 148 128 141 83 103 44 27 76 79 126 62 401 111 63 144 33 248 109 55 41 88
159 159 182 6 361 69 283 264 360 161 180 205 166 172 179 36 157 176 163 134 29 430 131 340 66 222 389 169 171 341 2 358 170 42 78 308 37 175 142 296 204 83 70 125 322 391 96 107 168 416 155 140 89 323 153 22 40 60 137 207 11 5 147 71 130 257 119 50 122 113 203 249 158 82 151 242 141 129 145 109 92 187 52 25 313 148 128 127 59 100 329 116 76 111 63 297 27 364 253 287 47 10 103 357 44 270 144 186 33 401 225 16 248 260 62 55 351 41 88 74 38 79 126 123 355 112 15 19
162 162 237 85 360 172 209 134 169 427 170
163 163 6 2 204 70 66 78 159 109 130 119 25 63 29 153 125 131 416 69 323 168 137 283 96 11 140 60 207 205 249 296 322 391 157 37 40 430 92 166 155 52 257 89 141 100 187 127 329 129 158 147 83 71 287 50 122 10 116 203 297 113 253 340 364 389 82 5 225 351 313 145 111 148 142 128 42 107 74 186 103 16 44 38 260 47 76 27 123 270 357 355 62 144 33 401 151 242 22 248 79 126 59 55 41 88 112 15 19
166 166 69 283 205 299 157 430 170 325 340 389 175 159 42 78 37 142 335 296 327 168 184 83 326 183 223 28 333 60 287 1 98 6 125 165 107 416 323 22 137 5 249 2 153 113 92 52 66 151 242 11 29 140 100 158 59 163 71 50 204 329 70 130 122 119 116 131 129 187 96 313 89 391 225 186 10 155 25 322 260 127 364 40 203 207 147 111 257 47 123 16 145 355 351 141 297 74 109 253 38 128 76 63 103 44 401 270 82 112 15 248 144 33 148 19 62 88 27 79 126 41
168 168 157 5 66 153 60 166 325 253 207 323 309 422 6 2 96 69 107 283 227 327 335 102 141 11 205 40 297 155 151 257 242 158 163 130 119 142 29 391 59 140 78 131 159 329 71 127 187 340 287 389 103 44 351 42 204 296 37 74 70 249 16 89 364 38 47 125 22 129 122 83 100 322 52 62 79 10 126 123 92 416 430 355 137 270 147 113 76 186 225 50 203 144 33 109 82 313 145 148 128 25 116 63 111 27 41
178 178 124 171 175 167 173 184 441 118 98 1 159 182 73 6
186 186 119 10 113 250 158 472 161 473 255 122 408 365 37 457 100 179 413 414 405 130 36 350 431 334 364 176 153 366 434 478 400 352 262 329 263 435 279 373 369 216 299 377 374 356 442 341 349 225 296 60 47 129 123 187 131 107 355 2 155 11 69 287 157 283 147 127 297 253 205 151 242 249 430 351 29 166 6 59 142 52 38 203 71 74 163 391 270 50 96 257 16 82 340 140 389 322 313 145 159 148 125 128 79 168 89 126 42 22 78 66 40 416 70 401 27 83 5 111 357 248 88 116 76 92 103 44 137 55 41 144 25 33 109 207 62 141
187 187 489 364 462 239 419 329 365 351 414 457 203 38 366 362 290 461 464 160 153 60 367 308 401 331 248 100 230 88 116 297 253 131 155 225 127 111 130 119 125 37 113 287 66 416 74 47 323 430 158 79 11 2 126 123 107 355 129 296 10 147 6 186 50 122 270 168 96 82 69 313 145 148 128 283 207 157 151 78 242 140 257 29 205 59 163 83 27 70 40 249 141 166 25 357 16 142 52 71 89 159 5 92 322 137 55 41 340 103 389 44 42 22 109
203 203 187 401 364 248 88 116 382 131 414 413 416 329 415 229 388 111 125 410 258 402 400 279 351 397 369 417 489 201 295 411 243 268 484 323 418 285 205 38 430 155 153 60 147 6 50 122 96 82 313 145 148 128 100 129 83 27 297 253 47 25 357 204 127 70 270 260 287 37 69 119 113 225 159 283 66 130 55 41 163 103 44 158 249 296 29 140 40 74 166 11 52 2 123 79 126 107 355 62 109 379 257 186 112 15 89 10 71 56 340 19 63 389 322 207 42 141 16
204 204 63 70 236 292 368 188 240 199 297 109 163 278 242 157 25 245 155 487 153 125 60 122 276 158 43 156 143 241 416 17 6 90 61 218 154 149 2 323 50 66 78 159 116 313 119 83 69 131 130 283 29 260 107 205 203 274 111 187 166 96 137 11 37 140 47 127 207 249 329 430 364 296 322 52 151 40 100 142 253 128 92 147 351 71 113 141 340 270 129 89 59 389 257 379 38 168 401 287 123 42 112 10 355 15 5 248 56 82 19 225 145 186 148 88 22 74 103 16 27 79 41 126
205 205 424 69 283 166 417 268 157 398 411 340 224 389 159 164 42 78 37 142 396 146 332 270 83 260 272 261 112 60 415 203 382 139 410 402 258 56 412 243 397 484 125 6 19 23 413 400 418 115 416 107 296 22 137 168 5 249 2 113 153 92 52 323 151 242 379 11 140 100 29 158 59 66 163 50 71 155 187 329 204 116 70 130 122 131 119 313 129 89 225 391 96 186 364 25 10 322 15 287 111 40 257 147 47 351 16 123 430 355 207 297 38 253 127 401 109 128 74 248 141 63 76 88 103 44 82 145 148 144 33 62 79 27 126 41
207 207 66 180 168 153 60 6 2 96 141 258 11 344 40 416 430 157 325 308 297 309 138 253 155 257 163 130 5 119 29 391 140 78 131 159 329 127 187 287 103 44 351 204 296 37 74 70 249 16 89 364 38 47 129 69 122 158 322 100 52 71 62 79 126 123 283 92 107 355 137 270 147 113 205 76 10 166 125 225 50 203 144 186 33 109 151 242 82 323 142 313 148 128 59 25 340 63 389 27 42 116 357 401 111 83 22 248 145 55 41 88
210 210 136 150 211 220 190 226 247 265 286 290 48 228 250 293 233 239 252 264 255 214 281 206 275 208 209 231 236 213 234 289 219 36 149 229 202 241 246 198 258
225 225 100 329 37 432 113 187 364 209 130 119 60 344 299 377 49 297 296 122 153 186 323 11 422 418 421 2 240 10 69 253 351 158 47 283 155 66 38 203 205 131 78 6 29 166 257 391 16 129 127 140 157 96 163 287 249 79 168 126 40 74 147 52 340 89 430 401 389 322 159 207 137 142 71 270 42 248 92 123 204 107 355 70 50 116 83 125 88 141 76 5 416 82 313 111 145 148 128 103 22 44 151 144 242 33 27 59 109 25 62 63 41
237 237 85 443 162 434 349 442 452 448 105 357 346 379 102 355 87 354 353 352 127 28 298 24 137 351 347 478 291 70 453 153 204 38 187 78 104 56 155 123 55 364 260 158 128 109 163 25 63 92 74 270 41
242 242 107 250 255 157 151 275 236 153 59 213 158 36 142 262 216 71 222 292 221 254 188 235 204 387 240 212 199 69 259 278 194 283 22 119 168 140 123 205 127 10 29 355 5 129 166 155 287 351 74 38 249 89 187 11 296 6 52 130 66 340 322 391 186 389 96 159 364 147 42 78 92 37 2 60 131 257 113 83 329 40 270 125 100 416 122 163 16 70 207 137 203 274 76 430 297 253 103 44 50 225 141 144 33 63 47 313 62 82 25 145 148 109 79 126 27
244 244 110 392 362 439
248 248 203 187 401 364 88 116 131 176 329 111 125 188 170 351 489 416 309 422 347 323 38 430 155 153 60 147 6 50 122 96 82 313 145 148 128 100 129 83 27 297 253 47 25 357 204 127 70 270 260 287 37 113 225 159 69 66 130 119 283 55 41 163 103 44 205 158 249 29 296 140 40 74 11 166 52 2 123 79 126 355 62 109 10 379 257 186 112 89 15 56 19 63 322 340 207 389 42 141 16
249 249 52 78 303 140 129 89 137 92 155 158 287 11 59 2 147 35 125 153 15 96 71 69 283 119 29 131 205 66 6 37 130 60 166 127 391 270 296 257 40 16 157 163 10 123 355 322 430 187 103 44 340 389 168 159 329 260 42 50 100 297 351 142 122 204 253 70 186 74 207 416 364 83 38 113 62 203 323 313 76 82 107 47 145 148 141 128 225 5 144 33 22 116 111 27 379 357 79 112 109 151 126 242 401 56 19 248 63 55 41 25 88
253 253 60 297 329 155 325 47 187 79 126 66 270 227 168 259 321 122 364 153 326 313 280 296 337 287 223 127 181 485 131 100 113 129 207 6 203 2 96 351 225 38 147 430 141 130 11 119 40 158 249 186 257 52 29 10 163 391 401 82 140 78 159 145 148 128 248 50 103 44 107 157 74 111 88 116 27 89 70 16 357 322 37 123 71 62 355 92 137 5 151 242 76 55 41 59 144 33 109
257 257 391 11 40 76 29 179 96 66 144 33 445 296 37 16 442 284 140 6 129 322 153 130 89 119 168 2 71 60 131 249 207 155 103 44 287 78 52 100 158 113 147 157 141 329 159 163 107 62 127 187 92 122 69 10 430 297 225 283 253 186 364 5 137 205 204 70 351 151 123 242 270 74 166 50 355 203 38 59 142 82 313 145 148 128 47 79 340 126 27 389 42 109 22 401 83 248 25 63 41 88
260 260 323 379 112 15 56 412 19 125 413 416 229 410 402 258 400 279 397 364 201 377 243 484 420 411 417 398 205 268 418 285 50 116 83 313 25 204 70 111 203 69 283 187 131 166 128 109 401 163 248 357 63 340 389 159 42 88 55 41 82
270 270 155 127 60 382 153 413 129 131 415 253 410 402 258 400 279 397 295 297 417 201 418 285 205 147 268 398 308 411 243 484 288 195 329 224 287 396 158 430 249 187 47 52 11 66 6 50 122 203 351 119 79 126 96 364 82 38 123 74 313 145 148 107 128 355 140 130 2 100 78 27 125 10 357 168 111 257 157 37 416 401 151 242 323 113 159 207 16 71 248 40 391 225 59 69 186 89 92 55 283 41 142 163 103 88 116 44 296 141 29 137 166 5 70 62 22 322 83 76 340 25 389 42 144 33 109
274 278 274 172 428 431 424 320 434 299 132
278 278 274 424 241 262 283 221 417 254 235 204 288 212 240 238 331 259 232 317 194 383 321 157 70 63 5
283 283 69 205 222 166 254 157 240 278 142 340 389 159 83 232 42 245 78 153 37 158 143 424 17 71 61 241 21 6 125 55 150 216 107 416 22 323 296 137 168 210 5 249 2 113 92 140 151 52 242 29 66 11 100 357 59 163 119 50 130 204 129 70 89 122 329 116 96 391 131 274 313 187 186 225 60 322 155 25 260 111 40 364 203 147 207 257 128 351 16 47 430 38 141 109 297 123 253 10 127 355 76 103 287 44 63 401 270 74 112 144 82 33 15 248 145 148 19 41 62 88 27 79 126
287 287 153 129 172 155 209 127 158 428 147 431 334 249 351 52 74 299 119 38 188 11 427 123 187 107 422 355 170 325 130 66 323 309 421 166 319 131 60 364 2 270 140 78 157 151 242 329 10 96 59 168 6 257 37 71 430 16 100 203 142 297 207 253 29 69 92 186 283 122 40 391 163 137 89 50 141 205 225 5 113 47 159 82 296 313 145 148 128 22 125 322 103 401 44 204 70 416 27 79 248 126 111 357 340 62 389 88 116 76 42 55 83 41 144 33 25 109
296 296 37 29 209 428 322 391 431 334 113 6 89 299 166 11 69 100 325 170 422 323 140 71 309 283 421 297 26 253 257 40 426 335 326 227 327 215 205 329 122 225 159 66 186 76 157 130 119 96 153 60 2 187 249 10 144 107 33 16 340 52 389 163 92 142 129 47 42 364 131 78 155 168 158 83 151 207 242 125 287 204 127 147 70 59 416 5 351 22 103 44 141 430 38 203 137 123 62 74 355 270 50 25 79 82 126 116 109 313 145 148 128 111 401 63 248 27 88 41
297 297 60 253 329 155 368 204 309 47 187 421 79 126 66 327 335 122 364 330 326 280 184 225 296 287 223 333 127 98 248 324 270 131 100 168 153 113 129 207 6 203 2 96 351 38 147 430 141 130 119 11 40 158 249 186 157 257 50 10 29 52 163 5 391 401 82 140 78 159 313 145 148 128 107 103 44 125 111 88 116 27 74 89 63 16 416 37 322 357 70 71 123 62 355 92 151 242 137 76 59 55 41 144 33 25 109
313 313 50 125 416 323 131 430 253 331 39 155 116 20 185 312 83 147 6 25 122 203 111 204 260 96 70 82 145 148 128 69 283 129 187 27 60 357 205 127 47 270 401 153 166 113 364 159 379 248 66 109 112 37 15 55 41 157 56 163 103 88 44 19 78 287 158 249 29 140 40 329 63 297 119 340 11 52 389 2 42 100 62 257 142 186 168 107 89 130 10 351 296 322 207 71 137 38 225 123 355 5 141 79 151 22 242 126 74 92 16 59
322 322 29 296 391 6 89 71 402 400 140 40 295 37 285 257 268 308 411 398 76 195 66 96 11 159 144 107 33 163 249 78 131 153 69 92 2 52 157 283 113 168 151 242 129 119 205 204 130 70 60 100 59 207 158 166 142 16 103 44 329 430 155 137 287 187 141 186 225 127 5 62 147 340 125 50 122 389 364 203 297 22 253 42 82 416 109 313 145 123 148 128 351 355 83 74 47 38 25 10 63 27 270 116 401 111 248 79 126 55 41 88
323 323 420 260 125 416 422 379 421 112 15 215 327 335 50 56 19 326 116 390 280 168 223 333 83 296 313 485 25 225 60 287 273 162 191 274 174 204 72 70 111 203 69 283 131 205 187 166 128 278 109 157 237 401 163 364 6 430 155 248 357 63 159 153 340 389 88 2 147 42 78 85 142 122 66 96 55 37 41 82 100 329 145 29 148 297 113 253 47 107 129 351 27 5 127 270 22 38 137 130 40 322 207 92 74 103 79 141 126
328 328 91 460 470 211 220 338 463 420 406 456 468 471 190 226 247 265 286 440 461 454 361 290 228 424 433 462 464 437 465 233 239 252 264 419 472 161 386 467 469 473 180 255 451 363 214 281 423 466 408 275 310 365 475 120 172 206 208 392 209 236 459 457 405 213 234
329 329 187 364 461 464 60 419 365 100 414 297 253 366 362 351 225 489 368 160 203 462 367 38 155 239 37 153 113 130 122 119 13 47 79 126 66 401 127 296 11 2 248 186 131 270 10 88 116 158 287 129 69 168 283 6 96 111 29 207 74 125 78 205 257 147 430 391 140 163 249 416 166 16 123 157 323 107 355 141 52 159 40 50 89 71 70 322 5 82 142 340 137 92 389 313 145 148 128 83 151 242 42 103 44 59 27 76 22 62 144 33 25 109 41
340 340 69 283 205 166 157 457 389 159 42 445 78 37 142 83 341 105 6 125 192 177 107 416 323 296 22 137 168 5 249 2 113 153 92 52 151 242 11 140 100 29 158 59 163 66 71 50 204 70 130 329 122 119 116 313 131 89 225 187 391 129 186 96 10 25 60 322 260 155 203 287 364 127 111 40 257 16 147 123 47 355 207 430 109 351 74 128 38 297 253 141 63 76 401 103 44 112 15 82 248 144 33 19 270 145 148 88 62 27 41 79 126
351 351 38 187 153 364 472 473 329 449 459 482 489 219 203 350 127 478 434 377 287 442 356 303 349 74 285 346 237 357 448 155 60 380 347 348 123 130 119 66 107 355 158 401 100 129 248 2 297 88 116 253 157 151 242 225 131 11 168 37 59 270 147 10 113 249 6 96 111 207 125 142 52 71 186 416 47 69 140 296 323 141 78 163 283 430 79 257 40 126 29 5 205 22 166 16 70 50 122 159 89 55 82 92 103 44 313 145 137 148 83 128 85 322 340 389 27 162 42 62 25 109
353 353 104 453 478 434 352 377 442 452 349 171 356 448 348 237 357 347 175 346 394 379 56 55 85 162
355 355 123 153 158 350 478 352 119 344 349 442 452 171 356 127 107 10 448 347 348 129 237 357 175 346 155 287 394 351 343 256 378 354 74 443 38 187 157 151 242 130 66 186 59 364 147 11 249 142 52 2 71 113 270 140 131 329 168 69 78 283 60 207 100 37 122 6 257 22 203 96 205 5 29 391 16 166 89 141 430 296 163 92 40 225 137 297 47 253 128 50 322 55 340 85 401 389 82 42 159 313 145 148 248 162 103 44 76 83 88 27 144 33 62 79 126 41
357 357 433 55 449 128 478 442 356 111 348 237 347 346 379 394 41 131 378 353 355 343 354 127 351 116 152 298 443 349 24 430 125 155 416 323 147 6 50 122 203 96 82 313 145 148 60 153 129 27 38 187 270 401 104 260 47 56 158 113 159 66 83 248 85 364 123 25 287 70 297 88 253 163 103 44 29 40 162 62 186 112 15 207 109 19 74 79 126 141
364 364 187 461 462 464 239 365 414 329 366 489 290 368 160 362 351 367 419 203 38 153 60 225 98 401 260 130 139 248 100 218 62 0 457 363 186 85 88 116 297 253 131 155 127 37 111 125 287 66 237 416 74 47 2 158 430 11 79 129 126 123 107 355 296 96 323 122 147 44 6 50 108 270 168 69 82 162 283 119 313 145 148 128 207 249 157 10 151 242 140 257 205 29 113 78 163 52 70 40 59 83 27 379 166 141 25 357 16 112 15 142 56 19 89 71 159 103 5 322 92 340 55 389 41 137 42 109 22
379 379 56 260 323 112 348 237 15 357 346 19 381 378 125 353 416 50 116 83 313 25 204 70 111 104 203 85 55 162 128 109 401 248 63 88
389 389 69 283 205 166 408 157 340 159 42 78 37 385 142 263 83 368 439 217 6 8 277 125 107 416 323 296 22 137 168 5 249 2 113 153 92 52 151 242 11 140 100 29 158 59 163 66 71 50 204 70 130 329 122 119 116 313 131 89 225 187 391 129 186 96 10 25 60 322 260 155 203 287 364 127 111 40 257 16 147 123 47 355 207 430 109 351 74 128 38 297 253 141 63 76 401 103 44 112 15 82 248 144 33 19 270 145 148 88 62 27 41 79 126
391 391 76 144 257 33 29 428 40 296 322 26 11 381 6 89 140 71 96 66 37 153 16 249 2 159 129 168 78 130 119 107 52 60 92 69 207 163 113 155 283 103 100 44 131 158 287 205 329 141 147 157 151 242 166 127 62 122 137 10 70 225 59 297 253 5 186 142 123 340 47 355 389 74 270 42 83 82 109 22 79 126
401 401 203 187 364 248 88 116 415 131 400 397 329 418 111 268 125 411 398 195 351 224 489 416 323 38 430 155 153 60 147 6 50 122 96 82 313 145 148 128 100 129 83 27 297 253 47 25 357 204 127 70 270 260 287 37 113 225 159 69 66 130 119 283 55 41 163 103 44 205 158 249 29 296 140 40 74 11 166 52 2 123 79 126 355 62 109 10 379 257 186 112 89 15 56 19 63 322 340 207 389 42 141 16
416 416 125 323 169 430 50 57 116 83 304 313 375 13 25 173 203 65 260 300 330 3 70 81 386 301 15 97 111 374 370 63 465 207 342 35 69 31 487 395 206 218 283 131 205 187 166 379 128 204 109 112 56 163 364 19 6 157 357 159 155 340 389 2 42 147 78 37 122 142 96 55 82 41 329 148 60 153 145 351 66 129 296 27 107 168 113 38 22 127 137 249 140 270 11 47 100 29 52 130 5 401 297 287 253 92 248 40 151 242 103 44 71 89 225 59 88 186 322 62 16 141 79 126
430 430 145 131 374 416 288 166 304 375 185 173 65 300 155 81 301 159 111 165 125 291 147 207 6 63 50 35 122 203 78 31 386 487 54 96 82 313 128 148 129 187 27 204 357 127 270 47 60 401 153 364 113 248 66 55 249 41 163 323 103 88 44 140 287 158 29 40 52 2 329 37 11 119 69 297 253 283 62 100 391 186 89 205 130 116 70 168 10 257 351 296 322 71 38 107 83 137 225 123 355 25 74 141 16 79 126 340 92 389 151 242 42 76 109 59 144 33
