0 0 108 48 228 469 310 36 476 120 480 445 423 466 475 366 160 479 477 234 289 380 134 364 138 367 277 187
2 2 78 163 130 66 281 463 458 249 427 170 285 119 6 153 70 137 52 11 168 92 60 207 69 100 96 141 204 40 140 159 10 109 225 25 74 16
5 5 157 168 190 433 441 233 149 482 241 350 36 476 283 66 69 107 205 166 151 242 142 207 59 340 389 159 141 42 71 83
6 6 159 163 29 131 66 182 361 385 486 169 179 264 360 488 166 467 2 70 69 296 322 391 168 96 155 89 153 40 60 207 147 71 50 122 203 82 141 204 11 145 148 128 283 430 205 257 109 340 389 25 42 27 103
10 10 119 158 186 290 250 200 263 472 369 161 473 95 356 49 38 255 113 130 351 129 123 107 153 355 100 122 37 2 11 151 242 287 147 59
11 11 406 257 37 16 140 129 130 66 408 405 385 435 463 119 391 153 296 2 155 52 96 40 100 287 158 147 89 168 113 92 60 71 207 69 6 249 141 29 78 10 225 76 144 33 103
15 15 260 323 412 370 395 420 388 413 445 229 410 302 258 402 374 400 284 112 303 362 279 364 377 397 224 243 416 417 484 201 164 56 19 187 379 125
16 16 11 406 363 275 385 408 388 476 447 339 405 138 95 132 49 257 37 140 129 130 66 119 391 296 2 52 96 40 100 287 147 89 168 113 92 71 207 141
19 19 260 323 412 413 229 410 382 258 402 400 279 397 417 201 420 418 285 411 268 243 484 415 205 398 295 112 224 195 396 15 215 377 364 146 253 56 187 60 379 69 125
22 22 142 228 392 214 246 477 234 289 388 316 213 198 294 318 288 196 283 241 436 292 69 315 107 45 262 216 157 205 166 151 242 59 158 340 389 159 71 42 83
25 25 125 70 465 204 416 281 386 323 392 373 231 206 370 459 429 395 109 163 50 116 83 63 313 6 260 2 111
27 27 148 451 480 466 475 479 477 289 234 315 432 318 131 176 459 320 316 198 446 134 213 409 294 196 317 436 288 155 147 6 50 122 203 96 82 145 128
29 29 296 322 391 6 89 71 488 40 208 179 350 444 445 435 140 37 257 76 66 159 96 144 107 33 163 131 11 92 207 141
33 33 391 428 76 144 257 450 29 40 296 322 11 89 71
37 37 296 113 11 69 100 476 406 338 486 341 450 422 283 205 329 29 166 225 122 186 130 157 257 16 340 140 389 159 129 42 78 66 142 83 119 10 322 89 47 40
38 38 351 472 187 473 95 489 153 49 449 459 8 138 482 119 121 219 350 39 478 434 377 137 356 118 442 94 303 111 51 53 349 73 462 78 364 116 128 130 10 127 287 329 74 203 123 66 107 2 92 355 186 55 41
40 40 257 96 29 66 488 423 214 392 370 405 435 179 391 431 11 6 296 322 168 89 140 153 103 44 60 207 131 71 2 141 76 37 144 33 62 16
41 41 128 252 281 428 431 334 432 111 299 358 427 422 325 170 309 380 323 55 131 357 116 125 260 147 50 122 82 145 148
42 42 69 338 486 440 226 247 437 283 444 467 205 488 166 208 474 179 482 177 157 340 389 159 78 37 142 83 6 125 107 296 22 137 5 92
44 44 62 96 444 445 103 140 131 66 40 257 89 92 207 82 141
47 47 60 122 432 236 297 95 253 160 277 113 329 155 131 79 126 66 37 100 186 270 147 82 145 148
50 50 313 125 131 486 465 416 386 323 217 448 155 116 83 147 6 25 122 203 96 82 145 148 128 430 111 70 27 41
52 52 249 78 140 129 429 447 446 263 303 137 92 155 287 158 11 2 147 89 96 71 69 270 16 103
55 357 55 433 128 286 293 449 264 252 255 214 275 478 236 213 442 356 219 36 476 346 237 348 160 315 347 379 202 385 343 188 111 41 131 56 85 116 162 82
56 56 379 260 413 382 229 323 412 410 402 400 279 415 397 417 201 411 418 285 268 243 484 205 398 237 295 348 362 420 112 15 19 85 69 125 162
59 59 481 107 293 252 388 214 249 217 392 157 151 242 149 213 153 219 158 142 71 52 69 140 22 129 123 127 10 5 287 74
60 60 297 253 329 155 432 47 79 126 66 461 204 464 325 427 309 205 367 323 422 419 166 227 326 335 327 187 122 69 127 270 63 100 70 168 125 260 153 131 129 207 6 2 364 96 141 283 11 40 113 225 340 389 42 109
62 62 44 96 364 444 445 358 427 187 103 140 131 66 40
63 204 63 487 236 465 188 292 368 206 370 209 231 459 395 240 297 199 70 60 278 373 447 242 157 302 374 369 284 169 155 303 245 153 143 430 416 158 276 17 122 371 61 156 43 305 90 288 154 319 372 57 107 274 127 253 125 113 270 10 5 329 69 145 109 287 351 66 129 163 131 74 25 47 79 123 130 126 151 119 168 59 142 186 71
66 66 168 153 60 207 6 2 467 96 488 141 449 11 208 40 457 179 435 297 253 257 163 130 5 29 78 155 140 159 131 329 127 287 103 351 44 37 74 16 47 129 157 79 126 123 107 322 62
69 69 283 205 338 486 166 440 226 247 157 437 340 389 159 467 42 78 424 37 142 488 179 208 83 482 36 182 444 350 445 341 6 125 107 296 22 137 5 2 92 113 52 11 100 416 168 151 242 59
70 70 204 109 163 25 236 482 478 352 344 452 292 368 349 188 442 171 63 125 6 2 416 323 50 159 116 83
71 71 140 29 107 275 213 149 202 241 176 216 293 283 292 198 427 222 200 279 436 89 157 151 242 296 322 391 153 59 158 6 96 92 52 142 11 40 69 249 78 37 257 76 22 144 33 5 103 16
74 74 153 236 213 219 149 241 334 277 134 262 283 222 216 251 253 188 235 204 127 321 427 325 287 351 60 123 130 66 107 38 69 63 155 187 70 119 355 158 129 2 151 242 297 59 207 141 79 126
76 76 391 428 450 474 144 257 33 29 40 296 322 11 89 71
78 78 137 2 92 52 69 179 444 341 338 486 249 430 119 339 140 283 205 166 163 129 157 130 66 340 389 145 159 10 42 37 142 83 11 89 71
79 79 60 432 253 449 297 120 459 427 205 325 323 422 367 166 431 334 329 155 371 195 238 215 309 426 204 483 434 47 126 66 69 125 260 187 63 70 122 283 127 270 100 207 340 389 42 141
82 82 131 486 412 467 488 120 208 334 479 457 439 179 482 409 155 147 6 50 122 203 96 145 148 128 430 313 129 27 127 270 401 111 47 113 159 248 55 41 103 88 44
83 83 125 69 338 486 465 283 440 226 247 416 386 323 437 405 219 206 370 467 459 231 205 395 446 166 50 157 116 340 389 159 25 42 78 37 142 313 260 70 111 22 137 5
85 237 85 162 443 434 442 349 449 360 448 105 452 357 346 482 379 476 172 87 209 344 347 355 353 478 352 127 377 354 175 104 155 153 56 123 55 260 158 128 270
88 88 203 382 187 489 414 413 429 476 401 415 229 388 410 258 402 400 248 279 366 368 397 160 369 417 195 436 292 116 131 364 329 111 125 351 147 82 145 148
89 89 140 29 249 303 488 296 322 391 71 52 6 96 92 11 40 78 37 257 107 129 76 159 144 33 103 44 16
91 91 328 460 470 211 220 338 463 420 406 456 468 471 190 226 247 265 286 440 461 454 361 290 405 228 424 433 462 464 437 465 233 239 252 264 419 472 161 386 467 469 473 180 255 451 363 362 214 281 423 466 408 275 310 365 475 120 172 206 208 392 308
92 92 78 140 388 444 302 263 119 179 137 52 2 89 96 71 69 11 249 10 130 283 29 205 129 166 163 103 340 44 389 16 42
96 96 103 44 140 131 66 40 388 486 454 263 249 368 62 257 6 89 168 11 29 155 153 60 92 52 71 207 147 2 50 122 203 82 141 145 148 128 430 27
100 100 329 225 37 113 130 360 461 432 464 449 392 172 419 463 213 365 366 364 344 36 415 414 431 334 299 458 187 119 60 296 153 122 11 186 2 69 10 297 253 351 47 16 79 126
103 103 96 454 350 249 388 277 222 44 140 131 66 40 52 62 257 6 89 168 29 11 92 71 207 147 82 141 145 148
104 104 353 453 469 451 480 475 479 477 478 352 434 289 377 318 442 452 349 171 246 320 356 198 446 279 346 237 357 448 348 347 316 175 20 55 85 162
107 107 157 151 242 153 59 158 293 252 142 71 214 213 149 481 241 262 392 222 283 219 36 216 250 254 204 188 292 202 235 221 240 200 134 275 69 22 140 123 127 10 29 5 63 129 287 70 351 74 130 66 119 168 205 355 166 89 340 389 42
108 108 0 228 48 469 480 423 466 36 476 475 310 445 120 479 477 366 160 234 289 318 176 380
109 109 70 204 432 482 476 478 352 381 163 25 63 125 6 2
110 110 244 392 408 362 405 439 387
111 111 116 128 459 469 447 49 132 466 8 430 319 475 268 125 203 55 131 41 357 416 145 323 187 401 50 248 88 83 25 82
112 112 260 412 323 410 258 402 400 279 397 243 201 484 417 413 411 268 418 420 285 398 205 229 295 436 195 396 146 224 15 215 332 377 364 164 270 403 34 56 19 155 187 379 69 125 127
113 113 122 37 186 100 262 429 250 263 235 472 10 329 296 225 47 131 130 11 119 69 60 158 16 82
116 116 111 125 203 469 466 475 479 465 477 289 234 459 318 476 416 386 176 246 320 323 198 446 316 292 436 187 128 401 248 50 88 83 131 25 364 313 55 41 70
119 119 10 130 95 49 463 8 138 121 38 458 4 39 310 20 137 120 118 51 158 43 53 1 111 363 132 291 298 281 153 186 78 351 2 11 100 116 128 187 113 129 329 123 37 107 225 52 92 287 163 74 16 55 41
122 122 47 113 131 236 486 219 149 262 202 241 235 292 188 204 60 277 254 37 186 100 155 147 6 50 203 96 82 63 145 148 128 70 430 297 329 253 10 296 225 313 79 27 126 41
123 123 355 153 158 433 233 290 350 449 478 352 482 344 149 349 442 171 452 241 476 356 357 236 237 347 262 346 348 444 445 448 434 127 107 10 129 287 351 74 55 85 130 66 119 155 38 151 242 186 59 162 147
124 178 124 171 175 167 173 184 302 118 441 159 1 98 6 69
125 125 416 323 420 465 386 50 116 83 206 370 231 459 25 395 169 430 57 373 302 375 369 374 284 303 362 249 372 304 13 450 305 371 193 65 313 260 70 111 203 69 145 131 52 204 283 205 166 128 109 112 15 401 163 56 19 248 340 389 88 42
126 60 126 425 438 432 451 480 423 214 466 408 297 475 477 253 479 205 234 289 367 318 329 427 155 320 176 198 227 204 246 385 325 309 446 215 426 47 79 66 69 187 63 70 122 127 270 100 207 141
127 127 155 153 350 219 352 149 171 356 236 237 348 213 175 474 271 357 204 346 355 232 87 202 4 394 372 270 60 287 351 129 74 131 123 85 130 66 107 55 63 70 38 158 297 253 147 162 128 151 242 59 79 126 82
128 128 111 55 41 131 357 432 486 428 252 431 334 286 315 160 293 116 155 147 6 50 122 203 96 82 145 148 430 125 313 27
129 129 155 287 158 147 52 11 488 208 395 290 406 444 249 427 153 131 127 270 140 60 78 10 123 107 257 37 16 130 66 119 355 92 137 186 74 82
130 130 119 463 153 2 458 11 100 281 363 275 310 120 95 406 234 49 388 8 385 138 435 447 10 329 37 66 225 78 127 163 287 113 351 257 74 16 140 129 123 107 158 186 38 296 355 137 207 92 141
131 131 486 155 147 467 6 50 122 203 96 488 82 145 148 120 208 128 479 457 179 482 430 36 350 476 313 129 187 27 125 127 270 111 47 401 60 113 159 248 66 55 41 163 103 88 116 44 29 140 40 357 62
136 210 136 150 211 220 190 226 247 265 286 290 48 228 250 293 233 239 252 264 206 255 214 281 275 208 209 231 236 213 234 289 219 36 149 229
137 137 78 318 341 95 179 49 119 349 121 38 4 439 444 237 39 8 105 138 409 20 2 92 52 69 351 249 85 10 130 140 283 205 166 163 129 162 340 389 159 42 83
140 140 89 96 92 52 71 11 406 444 249 78 29 129 107 66 103 44 257 37 16 40 131 130 296 137 2 322 147 62 151 242 59
141 141 66 423 467 488 435 449 208 429 457 179 385 249 217 380 263 168 153 60 207 6 2 96 11 40 52 297 253 257 78 163 130 5 140 29 159 103 44 74 16 79 126
142 142 22 69 107 214 283 213 338 486 228 246 241 440 226 247 318 262 292 216 316 222 315 392 221 254 437 293 204 235 157 205 166 151 242 153 59 158 340 389 159 71 42 78 37 63 83 70 5
144 144 391 428 76 26 381 302 359 102 383 368 450 257 33 29 40 296 322 11 89 71
145 430 145 131 486 412 374 416 382 288 413 166 229 415 467 375 366 304 185 436 258 402 173 65 400 155 125 147 6 50 122 203 69 96 82 148 128 313 27 159 270 401 47 83 248 41 103 88
147 147 129 131 486 488 208 448 368 467 177 155 483 212 287 158 52 11 6 50 122 203 96 82 145 148 128 430 249 127 270 313 140 27 10 123 401 47 16 248 41 103 88
148 148 27 131 486 432 459 479 451 480 213 315 466 475 467 334 385 409 155 147 6 50 122 203 96 82 145 128 430 313 270 401 47 248 41 103 88
151 151 107 149 293 262 252 157 214 240 199 288 238 392 259 278 242 213 241 153 219 232 59 158 142 71 274 69 5 22 140 168 123 127 10 287 74
153 153 127 287 351 236 74 213 219 149 241 123 130 134 66 107 262 283 222 216 38 188 235 204 277 251 199 212 253 240 381 398 259 238 187 155 119 355 158 129 2 157 151 69 242 63 11 168 59 70 60 207 100 142 6 364 71 96 141 40 10 270
155 155 127 270 60 129 131 219 149 202 292 221 204 347 486 238 483 240 271 153 297 253 147 329 287 158 63 52 70 47 11 6 50 122 203 79 126 66 96 82 145 148 128 430 249 123 74 27 109
157 157 5 69 107 283 149 241 222 338 486 221 254 188 204 190 168 440 226 247 240 151 242 199 238 433 278 437 293 194 441 233 271 232 245 205 166 274 142 153 59 158 340 63 389 159 71 70 42 78 37 83 66 22 109
158 158 290 10 129 123 107 149 202 241 262 239 200 283 222 119 254 235 204 238 240 288 153 355 186 155 157 151 242 287 147 59 52 142 69 11 63 71 70 249 127 130 113 74 270 22
159 159 182 6 361 69 264 360 161 180 486 172 179 338 36 440 226 247 176 166 169 437 134 171 341 283 430 222 170 178 467 358 175 205 192 308 177 1 488 157 163 29 131 340 66 389 124 42 78 37 142 83 145 2 296 70 322 89 22 137 207 5 82 141
162 162 85 237 360 172 209 449 443 134 482 434 175 476 169 427 349 170 442
163 163 6 2 70 204 452 281 66 78 159 109 130 25 29 131 119 63 125 168 137 207 322 92 141
166 166 69 338 486 440 226 247 299 430 170 437 325 175 283 467 205 335 327 184 488 326 159 208 168 183 28 296 333 179 223 287 60 1 482 98 36 165 162 273 276 157 37 340 85 389 153 42 78 6 145 142 83 237 297 253 129 66 5 29 155 329 47 79 126 131 125 107 11 22 137 52 113 100 322 92 74 207 141
168 168 5 66 157 190 433 325 441 233 323 309 253 422 166 102 327 335 467 227 326 60 153 207 6 2 96 69 141 11 40 125 260 107 297 159 257 163 47 79 126 103 16
178 178 124 171 175 167 173 184 118 441 159 98 111 302 1 73 94 6 116 128 69 55 41
186 186 10 113 250 472 161 473 255 408 365 119 457 179 413 414 405 263 36 350 262 431 334 369 176 356 366 434 478 400 352 364 435 279 373 158 235 216 299 377 249 374 442 341 238 217 387 349 122 37 100 187 52 130 329 296 225 47 129 123
187 187 489 364 462 239 419 461 365 329 464 414 351 457 203 366 362 290 160 367 368 308 331 472 38 473 458 230 260 218 323 153 60 401 248 100 88 116 112 15 56 131 19 379 297 253 225 111 74 79 126
203 203 187 489 401 248 88 116 414 382 131 419 462 413 415 239 229 388 400 410 365 397 258 402 364 411 279 417 369 418 457 243 201 486 484 268 398 295 285 416 205 195 125 329 111 351 155 69 147 6 50 122 96 82 323 145 148 128 38 430 83 25 27
204 204 63 487 70 236 292 188 368 465 199 240 297 60 278 242 157 153 155 245 143 206 370 122 276 43 209 231 459 158 156 90 61 17 395 154 218 107 274 109 163 127 25 47 131 253 113 270 129 123 329 10 5 69 287 351 66 74 130 125 79 151 126 6 119 2 168 59 355 142 71 186 147 38 82
205 205 424 69 338 486 417 440 226 247 268 437 398 411 283 224 164 467 396 260 332 146 488 270 166 379 272 155 261 208 60 112 203 56 19 179 415 23 410 482 139 285 402 243 484 397 115 258 323 157 340 389 159 42 187 78 37 142 297 83 253 401 15 248 329 88 116 131 47 125 79 126 127 66 364 6 107 296 22 137 5 92
207 207 66 180 467 344 258 488 430 416 449 325 208 138 457 179 253 199 305 308 60 309 483 168 153 6 2 96 141 11 40 125 145 297 257 163 130 5 29 159 47 103 44 79 74 126 16
210 210 136 150 211 220 190 226 247 265 286 290 48 228 250 293 206 233 239 252 264 255 214 281 275 208 209 231 236 213 234 289 219 36 149 229 202 241 246 198 258
225 225 100 432 209 360 344 299 329 364 377 49 449 323 422 392 172 421 297 240 253 371 418 213 327 227 326 335 431 37 60 113 187 130 125 260 119 296 122 11 186 2 47 79 126
237 237 85 443 434 349 442 452 448 105 357 346 379 162 449 352 102 355 353 87 354 478 127 28 347 482 137 351 24 298 344 70 291 476 348 204 186 15 377 54 394 153 101 38 260 187 78 104 56 155 123 55 10 113 109 163 25 323 119 364 158 128 112 2 63 19 122 92 52 270 287 74
242 242 107 250 255 275 213 236 36 293 262 216 222 252 292 221 254 157 188 204 235 214 153 240 212 387 199 241 392 278 149 151 259 194 202 283 219 245 59 158 142 71 274 63 69 70 127 5 287 351 74 123 130 66 22 168 140 10 129 355 109
244 244 110 392 408 362 439 387 405 238
248 248 203 382 187 176 489 413 414 229 401 398 415 388 411 410 188 258 402 400 170 279 309 397 369 417 201 422 347 295 88 116 131 364 329 111 125 351 147 82 145 148
249 249 52 303 78 59 140 153 89 35 429 2 125 62 74 15 129 260 44 416 323 107 29 163 50 130 66 116 83 92 137 287 158 25 155 11 71 147 96 127 151 242 112 56 19 351 322 313 123
253 253 60 325 432 227 297 155 321 326 280 259 153 168 296 337 223 313 270 287 427 485 329 309 207 181 323 422 273 225 162 74 204 191 205 166 85 47 66 50 79 126 100 37 237 129 29 127 5 125 187 260 63 69 351 70 122 157 130 123 131 107 113 11 147 40 322 141
257 257 391 11 40 406 179 445 308 442 284 76 29 66 96 144 33 37 16 140 129 130 296 6 322 89 168 71 207 103 44 141
260 260 323 420 112 15 412 56 19 413 410 229 402 400 279 258 397 201 243 484 417 379 411 285 418 398 268 205 364 377 215 382 224 195 125 187 69 416 83 25
270 270 155 382 413 415 410 219 149 258 402 400 279 202 397 295 417 201 127 418 292 285 221 268 205 60 308 398 243 411 484 204 288 195 347 253 224 396 129 131 153 69 63 70 297 147 329 287 158 52 122 47 79 126 82 145 148
274 278 274 424 241 172 262 283 221 417 428 254 235 204 431 320 288 383 434 321 212 240 299 238 157 132 259 69 63 70 5 107
278 278 274 424 241 262 283 221 417 254 172 235 204 288 212 240 428 383 321 238 157 431 331 259 232 317 320 194 434 155 69 63 127 70 270 60 5 107 129 131 205 168 166 340 389 42 109
283 283 69 222 338 486 254 240 440 226 247 157 437 278 232 245 467 153 357 205 158 488 142 143 166 208 17 83 350 61 424 179 71 21 55 482 150 36 274 107 125 340 389 210 159 42 78 37 128 22 140 123 29 5 10 127 129 287 351 74 416 323 130 66 119 168 151 242 6 59 355 296 111 52 11 89 38 137 92 50 41 322 116 186 25
287 287 153 129 172 209 428 431 334 188 299 236 427 213 219 253 149 170 325 422 323 309 241 421 319 488 166 321 155 127 158 147 60 351 52 74 11 123 130 107 66 69 125 260 249 38 119 355 270 297 10 151 242 59 16 207 79 126 141
296 296 37 29 209 428 431 334 299 422 325 170 309 323 227 421 102 26 166 326 253 335 297 426 327 215 488 267 60 322 391 69 6 89 113 11 100 71 40 125 260 283 205 329 140 257 159 225 122 186 76 130 340 389 144 33 42 16 47 83 79 126
297 297 60 204 309 432 368 421 327 335 253 330 326 280 184 223 296 333 98 323 287 422 324 325 329 427 225 273 155 162 166 248 191 205 203 153 85 47 79 126 100 63 66 37 70 237 129 69 29 125 260 187 122 127 283 270 401 113 130 116 88 147 207 322 109 74 25 340 141 389 42
313 313 50 125 39 20 253 312 331 131 185 60 416 323 155 116 83 147 25 122 297 82 145 148 128 79 126
322 322 29 402 400 295 488 208 285 398 268 308 411 179 296 391 187 195 6 89 71 364 40 329 351 140 203 37 257 76 66 159 96 144 33 163
323 323 420 260 125 422 421 465 215 327 335 416 386 412 278 326 390 280 168 223 333 296 225 60 370 485 273 287 206 274 162 459 231 191 174 413 395 72 85 153 112 15 50 56 100 19 116 37 237 297 83 253 129 25 66 29 5 329 155 379 47 79 157 126 313 70 113 111 130 127 322 207 74 141
328 328 91 460 470 211 220 338 463 420 406 456 468 471 190 226 247 265 286 440 461 454 361 290 228 424 433 462 464 437 465 233 239 252 264 419 472 405 161 386 467 469 473 180 255 451 363 214 281 423 466 408 275 310 365 475 120 172 206 208 392 362 209 236 459 457 213 234
329 329 187 489 461 419 464 60 365 364 414 100 462 239 366 362 160 367 368 457 432 290 13 297 253 351 225 203 155 37 113 130 47 79 126 66 38 119 122 401 296 248 186 270 88
340 340 69 338 486 440 226 247 457 437 445 283 467 205 341 488 166 208 177 192 179 371 105 381 482 157 389 159 42 78 37 142 83 6 125 107 296 22 137 5 92
351 351 38 187 489 153 472 473 462 364 419 239 449 459 219 365 482 350 414 457 478 434 377 442 356 303 366 349 160 362 237 346 236 461 285 290 357 95 398 331 448 380 381 347 49 348 329 203 127 287 74 55 85 123 130 66 107 355 401 100 162 248 88
353 353 104 453 469 451 480 478 434 352 475 377 479 442 452 349 171 477 356 289 237 448 348 357 347 318 175 346 394 20 246 320 379 87 446 376 198 56 55 85 162 128
355 355 123 350 433 478 352 233 344 349 442 452 153 171 356 158 237 448 347 357 348 449 175 346 394 256 343 353 482 378 354 127 443 376 84 345 476 434 104 155 55 85 107 10 129 287 351 74 162 128 130 270
357 357 433 55 449 286 478 293 442 356 264 252 237 348 347 346 255 379 394 214 378 275 128 355 343 236 354 353 351 152 213 298 127 24 476 219 36 38 187 104 56 155 123 85 153 111 364 131 41 260 158 162 270
364 364 187 489 462 461 239 464 365 414 419 366 290 160 362 367 329 368 457 237 351 308 98 260 225 203 218 91 0 186 363 100 139 458 62 331 130 328 85 60 323 40 119 230 456 108 44 153 162 10 113 96 257 38 2 112 15 66 29 56 19 11 37 401 379 248 297 253 391 158 88 116 131 122 296 47 322 79 103 126 207 74 16 141
379 379 56 260 237 348 357 382 346 381 413 378 415 229 410 353 402 400 397 279 417 323 104 85 55 112 15 19 162 128
389 389 69 338 486 440 226 247 408 437 283 467 205 385 488 263 166 208 368 277 439 179 482 38 8 217 483 157 340 159 42 78 37 142 351 83 6 125 107 296 22 137 5 92
391 391 76 144 257 33 29 428 26 359 381 102 40 296 322 11 6 89 71 16
401 401 203 415 400 397 382 187 418 413 268 411 489 414 398 229 224 410 195 388 258 402 417 243 396 484 332 270 146 201 279 248 285 205 295 34 272 322 261 155 369 88 116 131 29 364 69 329 111 125 351 127 296 147 89 82 145 148
416 416 125 430 169 465 386 57 323 204 304 370 375 13 206 459 231 173 395 65 300 3 374 330 81 420 373 301 97 302 303 369 63 305 372 284 207 35 371 193 26 31 342 15 203 218 50 115 260 362 186 116 83 145 25 66 10 187 113 401 248 70 313 131 88 119 111 69 112 158 56 168 19 122 141 109
430 430 145 416 374 204 288 166 304 375 412 185 125 65 173 300 301 382 131 81 165 63 291 159 207 35 413 229 111 78 386 31 415 54 486 69 323 66 6 116 128 137 50 2 92 283 52 83 205 25 70 203 155 147 96 122 157 249 82 168 340 148 389 313 42 163 142 55 41 141
