0 0 108 48 228 469 310 36 476 480 120 423 466 445 475 366 160 479 477 234 289 380 364 138 277 367 318 134
257 529 880 585 257 555 630 696 533 551 657 491 811 785 11 526 618 76 560 406 29 179 144 33 636 776 445 589 442 308 284 602 153 103 6 60 131 16 140 130 5 89 78 163 225
130 491 589 818 602 526 130 675 555 630 696 119 785 499 657 463 153 529 458 647 776 616 585 11 558 840 612 772 655 531 694 527 618 363 533 551 281 648 275 310 120 644 646 759 559 95 406 225 631 49 78 853 636 234 596 640 548 731 388 385 138 187 163 8 489 38 435 447 60 122 6 29 257 74 16 140 5 355 137 52 340 389 103 92 83 47 109 22
131 571 636 644 759 585 618 616 131 533 551 776 516 529 802 647 555 630 696 486 737 544 657 846 499 612 648 602 467 6 50 122 203 491 488 605 145 120 208 148 128 479 457 596 675 640 548 731 179 482 36 350 476 60 153 430 103 140 52 11 257 187 125 119 111 401 47 355 41 163 88 249 29 5
128 544 846 128 605 571 111 636 41 131 432 486 644 759 585 428 431 334 618 299 125 6 50 122 203 145 148 103
389 558 772 655 531 694 648 631 646 526 389 785 596 640 548 731 602 589 675 560 647 499 818 408 340 657 612 78 385 491 83 263 618 368 6 439 8 217 277 22 5 11 153 29 122 119 225 125 187 130 137 140 92 52 355 163
6 648 555 630 696 6 657 558 772 655 531 694 491 529 585 631 646 811 533 551 526 571 559 785 163 560 636 29 596 640 548 731 131 514 693 552 602 880 589 385 486 644 759 675 616 169 647 618 615 776 153 60 78 11 340 389 5 257 83 140 130 103 89 22 50 122 203 109 145 148 128 76 297 253 225 144 33 137 74 16 79
260 812 260 112 412 15 56 19 514 413 125 410 229 402 605 400 279 258 397 201 243 417 484 411 268 285 418 398 205 377 364 382 224 195 379 416 50 83 111
136 210 136 150 211 220 190 226 247 265 286 290 48 228 250 293 233 239 252 264 206 255 214 281 275 208 209 231 236 213 234 289 219 36 149 229
137 137 78 491 499 558 772 655 531 694 675 648 647 318 341 631 646 179 555 630 696 119 95 49 602 121 349 444 4 38 439 39 526 237 8 105 138 20 409 657 612 92 52 130 163 340 249 389 6 83 22 5 355
5 657 646 555 630 696 596 640 548 731 558 772 655 531 694 631 5 648 560 491 529 647 585 526 533 551 612 499 190 785 675 433 618 441 233 602 589 636 153 482 644 759 615 818 350 36 476 776 616 6 60 340 389 11 78 22 83 29 140 257 119 163 130 103 355 131 52 297 122 253 225 74 137 92 16 79
11 526 618 555 785 630 696 776 636 602 11 657 589 647 675 644 759 529 491 585 616 558 772 655 531 694 818 406 612 499 533 551 648 631 646 257 880 596 640 548 731 16 560 140 130 408 405 385 811 463 435 615 60 153 52 6 29 131 122 119 225 78 187 5 355 340 163 389 103 249 89 92 83 76 22 144 33 297 253 47 79
140 560 585 533 551 140 529 596 640 548 731 555 630 696 631 646 647 657 89 618 92 52 811 491 612 11 499 785 636 776 526 558 772 655 531 694 675 406 444 29 644 648 759 571 103 249 131 153 78 6 60 5 119 22 257 16 130 355 163 340 389
15 15 812 260 412 370 395 413 388 229 445 410 258 402 400 302 279 374 364 397 284 377 303 362 243 484 201 164 416 268 418 224 205 398 411 417 285 112 56 125 19 379
16 16 11 526 618 406 499 555 785 630 696 675 636 776 602 363 657 275 589 647 385 408 644 759 529 491 388 476 585 405 339 447 138 119 95 616 132 49 558 257 140 130 153 60 52 6 29 122 225 5 103
145 430 145 571 636 131 486 644 759 412 585 374 416 618 382 616 288 166 533 413 551 467 375 229 415 304 185 366 776 65 173 436 258 402 488 125 6 50 122 203 148 128 103
401 401 737 203 605 415 400 397 382 413 418 268 411 414 398 229 410 224 388 258 402 853 417 195 243 396 484 279 332 270 295 285 205 201 146 187 369 272 489 261 34 322 403 88 131 111 125
19 19 812 260 412 413 229 410 258 402 400 382 279 417 397 201 418 285 411 268 243 484 205 398 415 295 224 195 377 364 396 146 253 332 164 215 270 112 15 56 60 125 379
148 516 148 571 636 131 486 644 759 585 618 432 616 459 533 551 213 467 334 315 776 385 488 6 50 122 203 145 128 103
144 880 144 811 529 76 785 257 33 560 29 585 450 302 526 474 368 555 630 696 11 89 6 140 103
22 631 596 640 548 731 558 772 655 531 694 646 648 560 22 647 526 612 499 785 675 618 602 228 589 636 392 477 657 234 289 388 644 759 153 818 246 198 340 436 776 616 316 389 196 78 83 6 5 119 29 140 355 11 52 122 225 130 137 74 92
278 763 278 424 241 262 283 221 417 254 235 204 288 212 240 238 331 259 232 317 194 383 321 157 271
153 776 616 840 612 527 153 647 596 640 548 731 644 759 555 630 696 618 657 499 631 646 560 636 491 529 675 585 533 551 853 236 558 602 772 655 531 694 74 213 187 489 219 149 241 818 648 355 130 134 589 262 283 222 216 188 235 204 526 277 199 615 212 251 240 463 253 398 381 60 6 131 11 52 119 5 140 29 22 78 257 163 103 340 249 389 122 297 225 83 79
29 811 785 560 529 880 526 29 585 596 640 548 731 602 555 630 696 533 551 589 631 646 675 657 647 648 558 772 655 531 694 499 89 6 491 818 488 612 208 257 179 76 618 350 140 444 445 144 33 153 11 103 60 122 119 225 5 130 187 22 78 163 340 389 131 355 52 83 92 16
416 416 514 812 605 125 737 559 465 169 430 386 693 552 57 370 206 304 375 13 459 231 395 802 173 65 300 374 3 373 330 302 369 81 303 301 97 305 284 372 193 207 63 371 487 203 260 35 26 31 342 15 218 115 362 450 249 186 135 145 50 83 187 111 401 52 88 131 109 163 112 56 19
33 880 33 811 529 76 785 144 257 560 29 585 450 526 474 555 630 696 11 89 6 140 103
163 491 559 514 693 552 163 555 630 696 657 648 6 529 585 533 551 78 109 558 772 655 531 694 130 812 589 125 153 60 11 119 29 131 416 5 137 257 103 140 92 52 50 83 340 389 225
297 297 615 60 589 818 812 644 759 602 555 526 616 630 696 432 309 204 368 675 421 657 785 327 335 253 330 326 280 184 618 223 422 323 296 333 325 287 98 225 324 427 491 529 499 166 273 205 260 428 585 191 162 426 248 215 227 274 47 187 79 112 15 56 19 130 153 125 122 131 6 11 379 5 103
41 544 846 41 128 252 428 281 431 334 432 605 299 358 427 422 325 170 309 323 380 421 111 131
430 430 605 145 514 812 491 374 416 288 166 559 412 304 375 125 558 772 655 531 694 185 173 65 300 382 571 301 693 552 81 165 291 413 207 111 159 63 229 487 35 648 78 415 386 31 54 258 131 137 128 203 50 92 52 83 260 163 130 340 389 109 41
47 47 615 60 602 122 818 675 644 589 759 526 499 555 616 630 696 785 432 236 657 95 277 160 204 297 253 131 187 79 119 225 11 130
50 802 50 571 514 812 125 605 636 131 559 486 644 759 465 585 386 618 693 552 616 533 217 551 448 416 83 6 122 203 260 111 145 148 128 109 163 103
178 178 124 605 171 175 167 173 184 118 441 111 302 159 98 182 1 73 94 128 125 203 41
52 618 636 776 647 52 644 759 249 616 499 612 675 78 596 640 548 731 560 140 491 585 631 646 602 558 772 655 531 694 429 533 551 526 153 303 447 571 446 555 263 630 696 529 11 131 119 60 137 92 355 89 130 29 163 257 122 22 103 340 16 389 5 74
56 56 379 812 260 413 382 229 412 410 402 400 279 417 397 415 201 411 418 268 285 243 484 205 398 348 237 295 362 346 112 15 19 125
187 853 818 840 527 187 489 589 602 462 737 419 239 526 365 675 414 457 785 203 605 364 615 366 362 290 499 153 160 60 367 308 464 461 776 616 329 331 612 644 759 647 558 772 655 531 694 230 322 225 130 401 122 119 88 297 253 131 11 111 29 74 47 79 355 340 389
60 615 818 644 759 60 555 616 630 696 589 657 618 491 529 297 253 585 602 776 636 526 675 533 551 432 647 853 785 47 187 489 79 612 840 527 325 204 499 427 309 205 323 422 367 153 326 166 327 227 335 131 6 225 11 130 122 5 52 78 257 163 103 140 29 119 355 74 16
74 74 153 776 616 840 612 527 647 596 640 548 731 644 759 555 630 696 618 236 213 219 657 149 499 241 631 646 560 636 134 277 262 283 334 222 216 251 491 253 188 235 529 204 675 321 240 585 242 427 199 212 60 187 355 130 119 11 6 52 5 22 103
203 737 605 203 853 187 489 401 571 818 840 527 88 414 636 419 462 382 131 239 415 413 514 812 125 229 388 111 400 365 410 397 258 402 279 457 486 411 644 418 417 759 369 268 201 416 243 295 589 484 398 285 585 205 195 6 50 122 145 148 128 83 225 103
76 880 76 811 529 785 144 257 33 560 29 585 450 474 526 331 555 185 630 696 11 89 6 140 103
78 491 558 772 655 531 694 78 648 631 646 555 630 696 526 657 137 785 499 596 640 548 731 675 529 585 602 92 52 647 589 618 179 560 533 551 636 776 559 444 612 818 341 119 163 430 130 340 249 389 6 83 140 153 60 11 22 5 145 29 257 225 122 103 355 109
79 615 79 60 818 644 759 432 555 616 630 696 589 657 449 253 120 427 459 205 618 325 323 422 367 166 491 529 431 334 371 215 195 297 238 299 204 585 483 335 326 327 309 321 426 434 47 187 153 131 6 225 11 130 5 103
210 210 136 150 211 220 190 226 247 265 286 290 48 228 250 293 206 233 239 252 264 255 214 281 275 208 209 231 236 213 234 289 219 36 149 229 202 241 246 198 258
83 558 772 655 531 694 648 631 646 83 526 785 514 812 596 125 640 548 731 605 602 589 675 560 559 647 465 499 818 386 693 552 340 405 389 206 370 657 219 612 459 231 78 416 395 802 446 6 22 5 50 11 153 260 29 111 122 203 119 225 137 130 163 109 92 355
340 558 772 655 531 694 648 631 646 340 526 785 596 640 548 731 602 589 675 560 647 499 818 457 389 657 612 78 445 491 83 618 341 6 105 192 177 22 5 11 153 29 122 119 225 125 187 130 137 140 92 52 355 163
88 737 88 203 605 382 414 413 415 229 388 429 476 853 410 258 402 400 279 397 187 369 417 489 201 366 368 195 295 160 292 401 131 111 125
89 89 811 560 785 140 29 529 585 880 533 551 526 596 640 548 731 555 630 696 249 303 488 38 444 52 6 92 11 257 76 103 144 33
92 92 78 560 140 491 499 585 558 675 772 655 531 694 533 551 647 529 648 596 640 548 731 555 630 696 388 444 119 631 646 179 302 263 137 52 89 11 130 29 249 163 103 340 389 83 22
225 589 818 602 526 675 785 225 499 558 772 655 531 694 647 648 853 187 631 646 489 432 491 209 612 130 615 60 840 527 618 122 344 299 377 364 49 462 463 239 596 640 548 731 776 323 422 418 811 644 636 759 458 555 421 630 696 240 11 29 119 153 340 389 78 297 253 6 83 47 355 203 22 5 163 79 16
353 593 353 453 478 434 352 377 442 452 349 171 356 448 348 347 237 357 175 346 394 379 56
355 612 647 499 355 618 675 596 640 548 731 636 631 646 560 602 644 759 153 776 616 840 527 589 526 350 478 352 558 772 655 531 694 119 344 349 442 452 171 785 356 555 630 696 448 347 348 357 237 175 346 818 648 657 236 394 343 256 213 378 354 127 52 11 131 60 74 122 22 187 140 130 29 5 249 225 340 389 83
103 585 533 551 529 555 630 696 103 657 491 454 571 560 140 636 131 811 880 350 486 644 785 759 257 616 615 776 222 618 153 60 29 6 11 5 78 163 130 89 92 52 50 122 203 145 148 128 297 253 76 144 33 16 74 79
108 108 0 48 228 469 480 36 476 423 466 310 475 445 120 479 366 477 160 234 289 318 380 277 138 367 176
109 559 514 693 552 109 491 163 812 125 432 605 476 416 6 50 78 83 130 111
111 605 111 544 846 737 128 514 812 125 203 459 447 559 49 132 8 465 430 268 416 41 131 187 145 401 50 88 83 260 109
112 112 812 260 412 410 258 402 400 279 397 243 201 484 413 417 268 411 418 285 398 205 229 396 195 295 146 436 224 377 364 215 332 164 270 403 34 321 15 56 19 125 379
125 514 812 605 559 125 693 552 416 802 465 386 50 737 83 206 370 231 558 459 772 655 531 694 260 395 169 111 430 203 57 373 648 302 375 369 374 284 303 362 304 13 450 372 371 65 305 249 109 163 145 52 131 128 112 15 401 56 19 340 389 88
119 499 675 119 647 602 612 618 596 640 548 731 605 776 636 491 130 589 631 646 560 644 759 95 49 463 616 138 8 818 458 121 4 38 39 310 526 20 558 772 655 531 694 118 137 120 363 51 555 630 696 111 1 132 281 53 43 78 355 122 153 128 11 52 125 203 131 60 225 163 22 140 29 5 47 340 389 92 41
249 249 52 618 514 812 776 636 605 303 647 644 759 559 616 612 499 59 153 693 552 429 560 35 89 125 2 74 447 62 15 446 260 140 416 78 29 50 83 11 111 131 203 92 355 137 112 109 56 19
122 602 675 589 526 122 499 785 818 647 571 47 636 558 772 655 531 694 131 612 648 236 486 644 759 596 640 548 731 585 219 631 646 149 202 241 618 262 119 292 616 235 188 277 204 254 533 551 225 60 187 130 11 29 153 6 50 203 355 145 340 148 128 389 78 83 22 103 5 16
379 379 593 56 348 237 382 346 357 353 812 381 413 378 415 229 260 410 402 400 279 417 201 397 291 112 15 19
124 178 124 605 171 175 167 173 184 118 302 441 111 159 98 182 1 128 125 203 41
253 253 615 60 589 818 616 644 759 602 776 555 630 696 526 432 325 840 527 612 675 657 153 227 785 297 321 326 280 499 647 618 259 337 296 223 168 596 640 548 731 427 313 270 485 287 491 529 225 422 309 323 273 205 181 166 207 204 74 585 162 191 327 335 47 187 79 130 122 119 355 131 6 11 5 103
