0 0 108 48 228 469 310 36 476 120 480 445 423 466 475 366 160 479 477 234 289 380 367 134 364 138 277
257 529 880 585 257 555 630 696 533 551 657 811 785 491 526 618 560 11 636 776 76 29 406 602 179 144 589 33 647 445 644 759 571 675 616 596 640 548 731 648 442 308 284 646 153 6 103 60 131 16 140 130 89 5 78 163 52 122 225 74
130 491 589 818 602 526 675 130 499 555 630 696 785 119 657 647 776 616 463 153 529 840 612 527 458 585 618 558 772 655 531 694 11 644 759 559 853 533 636 551 648 596 363 646 640 548 731 281 631 275 310 615 120 514 693 552 225 95 406 78 234 49 388 385 187 560 8 163 138 447 435 60 122 6 257 74 16 29 140 355 137 52 131 5 92 297 253 340 389 103 47 109 83 22 79
131 571 636 644 759 585 618 616 516 131 533 551 802 776 529 737 647 544 846 486 555 630 696 648 602 499 612 605 657 675 467 6 50 122 203 491 488 615 145 120 208 148 128 479 457 596 640 548 731 589 526 179 818 482 560 430 36 350 476 60 153 103 140 52 11 187 125 111 401 47 257 119 41 163 88 249 29 355 297 253 130 89 5 225 92 79 16 74
128 544 846 128 605 571 636 111 41 131 644 759 585 618 432 616 486 516 533 428 551 431 334 802 776 125 6 50 122 203 145 148 430 416 103
389 558 772 655 531 694 648 631 646 526 389 785 596 640 548 731 602 589 675 560 647 499 657 818 408 491 340 612 78 385 555 630 696 618 83 263 368 811 6 439 776 8 217 277 22 5 11 153 125 29 122 119 137 225 130 187 92 52 140 163 416 355 16
6 648 555 630 696 6 657 558 772 655 531 694 491 529 811 585 571 559 631 646 785 533 551 526 560 636 514 693 552 880 163 29 131 602 644 759 616 589 618 615 776 385 675 818 486 516 596 640 548 731 169 153 60 78 11 340 389 5 257 89 140 83 130 103 50 122 203 109 22 125 145 148 128 76 297 430 253 144 52 33 137 225 92 47 74 16 79
260 812 260 514 112 15 412 56 19 605 125 413 410 229 402 400 279 258 397 201 559 243 484 417 411 379 268 285 418 398 205 377 364 382 224 195 416 50 83 111 109
136 210 136 150 211 220 190 226 247 265 286 290 48 228 250 293 233 239 252 264 206 255 214 281 275 208 209 231 236 213 234 289 219 36 149 229
137 137 491 78 558 772 655 531 694 499 648 675 631 646 555 630 696 647 526 318 341 602 657 95 179 119 49 121 349 596 4 640 548 731 439 38 444 785 39 237 618 8 105 138 409 20 589 612 529 92 52 130 249 163 340 389 140 6 153 83 11 22 5 355 225
5 657 646 555 630 696 596 640 548 731 558 772 655 531 694 631 5 648 560 491 529 647 585 526 533 551 612 499 190 785 675 618 433 441 233 602 636 615 589 776 616 644 759 153 811 818 840 527 482 350 36 476 6 60 340 389 11 78 22 29 140 83 119 257 163 130 103 355 131 297 253 52 74 122 89 137 225 16 47 92 79
11 526 618 555 785 630 696 776 636 602 11 657 589 647 529 675 491 644 759 585 616 558 818 772 655 531 694 499 612 406 533 551 880 560 648 631 646 596 640 548 731 257 16 140 811 130 408 615 571 405 385 463 435 153 60 52 119 6 29 131 122 225 78 187 249 5 89 355 163 92 103 340 389 76 144 83 33 297 253 22 47 137 74 79
140 560 585 533 551 140 529 596 640 548 731 555 630 696 631 646 647 618 811 657 785 636 89 491 776 526 92 52 612 499 11 558 772 655 531 694 644 759 675 571 880 616 648 29 406 444 589 249 602 103 78 131 153 6 60 257 16 119 130 5 22 355 137 163 122 340 76 389 144 33 83 225 145 148 74
15 812 15 260 412 370 395 388 413 445 514 229 410 302 258 402 374 400 284 112 303 362 279 416 364 605 377 397 224 243 417 484 201 164 56 19 125 379 50 83
16 16 526 618 11 555 785 630 696 636 776 406 602 657 589 647 529 675 491 644 759 363 585 275 616 385 558 818 772 655 531 694 408 612 499 533 551 388 476 880 447 339 560 648 405 138 95 132 49 257 140 130 153 60 52 119 6 29 131 122 225 78 249 89 5 355 163 92 103 340 389 76 144 33
145 430 145 571 636 131 644 759 585 618 616 486 516 412 533 551 374 416 802 776 382 288 529 166 413 229 415 467 375 737 366 304 647 185 436 258 402 173 400 125 6 50 122 203 148 128 103 140 52 401 47 41 88
401 737 401 605 203 853 415 400 397 382 418 187 571 413 268 818 840 527 411 489 414 398 229 224 410 195 388 258 402 417 243 396 484 332 146 270 205 201 279 636 285 295 34 272 261 322 369 88 131 111 125 416 128 50 145 148
19 812 19 260 412 413 229 410 382 258 402 400 279 417 397 201 418 285 411 268 243 484 415 205 398 295 514 224 112 195 396 15 146 377 364 215 253 332 164 56 125 60 379 416 83
148 516 148 571 636 131 644 759 585 618 616 486 533 551 802 432 776 459 529 213 467 334 737 647 315 385 6 50 122 203 145 128 430 103 140 52 401 47 41 88
144 880 144 811 529 785 76 560 257 33 29 585 526 555 630 696 533 551 450 302 474 368 657 11 89 6 140 103 16
22 631 596 640 548 731 558 772 655 531 694 646 648 560 22 647 526 612 499 785 675 618 602 228 589 657 636 392 477 234 289 776 616 644 759 811 388 153 818 246 198 840 527 555 630 696 491 340 436 316 389 196 78 83 6 5 119 29 140 355 11 125 122 137 225 130 74 89 92 52 163
278 763 278 424 241 262 283 221 417 254 235 204 288 212 240 238 331 259 232 317 194 383 321 157 271
153 776 616 840 612 527 153 647 596 640 548 731 644 759 555 630 696 618 657 499 631 646 560 636 491 529 675 585 853 533 551 818 236 589 558 772 655 531 694 74 213 187 219 149 489 241 355 130 134 262 283 222 216 571 188 235 204 602 277 615 526 199 212 240 785 251 648 811 253 398 381 60 119 6 131 11 52 5 140 29 22 78 257 163 203 103 249 225 340 389 297 122 83 89 16 79
29 811 785 560 529 880 526 29 585 596 640 548 731 602 555 630 696 533 551 589 648 631 646 675 657 647 558 772 655 531 694 499 491 89 6 818 612 488 208 257 618 179 140 76 776 350 444 445 636 144 33 11 153 103 60 122 119 225 163 131 130 5 78 187 22 340 389 92 52 355 83 16 74
416 416 514 812 605 125 737 559 693 802 552 465 430 169 386 57 370 304 375 206 13 459 231 173 395 65 300 374 3 330 81 373 302 301 303 97 369 305 203 284 372 63 260 487 207 35 371 193 26 31 15 342 558 772 655 531 694 218 115 50 362 186 83 145 111 187 401 131 88 109 163 112 56 19 128 340 389
33 880 33 811 529 785 76 560 144 257 29 585 526 555 630 696 533 551 450 474 657 11 89 6 140 103 16
163 491 559 514 693 552 555 163 630 696 648 657 529 6 585 533 551 558 772 655 531 694 812 589 78 109 605 526 130 785 811 125 818 631 646 602 615 153 60 119 11 29 131 416 137 5 257 92 52 140 103 50 83 340 389 225 297 253 74 16 22 79
297 297 615 60 818 589 644 759 555 616 630 696 602 526 657 309 204 675 368 432 618 785 421 491 529 327 585 335 253 776 636 330 326 280 184 853 223 323 296 422 333 225 98 287 499 325 324 427 647 273 166 533 551 162 191 248 205 428 215 426 274 47 187 79 153 130 131 6 122 11 119 5 163 103
41 544 846 41 128 605 252 571 281 428 431 334 432 636 111 299 358 427 422 325 170 309 323 380 131 203 125 50 122 145 148
430 430 605 145 514 812 571 491 416 374 288 166 636 559 304 375 412 125 185 558 65 772 655 531 694 173 300 802 301 382 81 165 131 544 693 846 552 291 644 759 207 63 111 487 159 35 413 648 229 78 585 386 31 737 415 54 618 128 137 203 50 92 52 83 260 6 122 249 163 148 130 340 389 109 41 401 103 88
47 615 47 602 60 818 675 122 644 759 589 526 499 555 616 630 696 785 657 571 636 432 647 618 585 491 529 236 297 95 253 160 277 131 187 79 119 153 225 11 6 130 145 148 5 103
50 802 50 571 514 812 605 636 125 131 559 644 759 585 618 693 552 616 486 516 465 533 551 416 776 386 529 217 448 83 6 122 203 260 111 145 148 128 430 109 163 103 41
178 178 124 605 171 175 167 173 184 118 441 544 846 111 159 98 182 302 1 73 94 128 125 203 41
52 618 636 776 647 52 644 759 249 616 499 612 560 491 675 596 640 548 731 78 585 140 558 772 655 531 694 533 551 602 571 555 529 630 696 526 648 429 153 631 646 447 446 785 657 263 303 840 527 11 131 137 92 119 60 89 355 130 29 6 163 257 103 16 122 340 389 74 83 145 148 5 22
56 56 379 812 260 413 382 229 412 410 402 400 279 415 417 397 201 411 418 268 285 243 484 205 398 295 348 362 237 112 15 19 125 416
187 853 818 840 527 187 489 589 737 602 462 419 239 526 605 675 365 615 414 457 785 203 364 616 366 776 499 362 290 160 153 60 612 367 464 461 308 644 759 555 630 696 329 331 558 647 772 655 531 694 491 618 596 640 548 731 230 322 225 401 130 88 297 253 122 131 111 11 125 119 74 47 79 355 29 340 389
60 615 818 644 759 60 555 616 630 696 589 657 618 491 529 297 585 602 253 776 636 853 526 675 533 551 647 432 785 840 527 47 187 489 79 612 571 325 499 204 427 309 205 323 422 367 648 153 166 227 327 326 131 6 122 225 11 130 5 257 78 52 163 119 140 203 103 29 355 74 16
74 74 776 616 153 840 612 527 647 596 640 548 731 644 759 555 630 696 618 657 499 631 646 560 636 491 236 213 529 219 675 149 585 241 334 277 134 262 283 853 222 216 251 615 253 188 235 204 533 321 551 427 818 240 187 60 355 130 11 119 6 131 52 5 140 297 29 22 257 163 103 79
203 737 605 203 853 187 571 818 840 527 489 401 636 514 812 88 414 382 131 419 462 644 759 413 415 589 239 585 229 388 111 125 400 410 365 397 258 402 618 279 416 411 417 616 369 418 457 201 268 486 243 295 484 516 398 285 205 533 559 551 195 60 153 6 50 122 145 148 128 83 430 225 103 109
76 880 76 811 529 785 560 144 257 33 29 585 526 555 630 696 533 551 450 474 331 657 185 11 89 6 140 103 16
78 491 558 772 655 531 694 78 648 631 646 555 630 696 526 657 137 785 499 618 596 640 548 731 675 529 585 602 92 589 52 636 776 559 533 551 179 514 647 818 693 552 444 644 759 341 560 249 119 616 163 430 130 340 389 140 6 83 153 11 60 22 5 145 29 131 125 257 225 122 103 89 109 16
79 615 79 60 818 644 759 555 616 630 696 589 432 657 618 253 491 529 449 297 585 602 120 776 459 636 427 205 325 853 323 422 526 367 166 431 334 371 299 533 675 195 551 215 238 309 335 483 426 327 326 204 434 321 47 187 153 131 6 122 225 11 130 5 163 103
210 210 136 150 211 220 190 226 247 265 286 290 48 228 250 293 206 233 239 252 264 255 214 281 275 208 209 231 236 213 234 289 219 36 149 229 202 241 246 198 258
83 558 772 655 531 694 648 631 646 83 526 514 812 605 785 596 125 640 548 731 602 559 589 675 560 693 802 552 647 465 499 657 818 416 386 491 340 405 389 612 219 206 370 78 459 231 395 446 6 50 22 5 260 111 11 203 153 29 122 119 137 225 163 109 130 92 52 140 355 112 15 19
340 558 772 655 531 694 648 631 646 340 526 785 596 640 548 731 602 589 675 560 647 499 657 818 457 491 389 612 78 445 555 630 696 618 83 341 811 6 776 105 192 177 22 5 11 153 125 29 122 119 137 225 130 187 92 52 140 163 416 355 16
88 737 88 605 203 853 382 187 571 818 840 527 489 414 413 429 476 401 415 229 388 410 258 402 400 636 279 366 368 397 160 369 417 195 292 131 111 125 416 128 50 145 148
89 89 811 560 785 529 585 880 140 29 533 551 526 596 640 548 731 555 630 696 602 631 646 657 647 249 589 303 648 618 52 6 92 11 257 76 153 103 144 33 78 131 5 225 22 16
92 92 560 491 78 585 140 558 772 655 531 694 499 533 551 529 648 596 555 640 548 731 630 696 675 647 631 646 526 657 388 618 785 602 119 444 302 263 179 137 52 89 11 249 130 29 163 153 103 340 6 389 131 257 83 5 22 16
225 589 818 602 526 675 785 225 499 558 772 655 531 694 853 647 491 648 615 187 631 646 840 432 527 489 612 209 130 618 596 640 548 731 60 811 555 630 696 776 122 344 299 377 364 49 560 636 462 463 644 759 323 239 422 529 418 657 616 421 240 11 119 29 153 297 78 253 340 47 389 203 6 131 83 355 163 140 257 22 79 16 5 52 89
353 593 353 453 478 434 352 377 442 452 349 171 356 448 348 347 237 357 175 346 394 379 56
355 612 647 499 355 618 675 596 640 548 731 636 776 616 631 646 560 644 759 602 153 840 527 589 526 350 555 630 696 478 352 558 772 655 531 694 119 344 349 442 452 785 171 356 657 448 818 347 348 357 237 175 346 648 394 491 236 343 256 378 354 127 52 11 74 187 131 60 130 122 140 22 249 5 29 78 6 225 340 389 83 16
103 585 533 551 529 555 630 696 103 657 491 571 454 560 636 811 140 880 131 785 644 759 616 615 618 776 648 646 350 596 640 548 731 486 257 516 526 222 153 29 60 6 11 5 78 89 163 92 52 130 50 122 203 145 148 128 297 253 430 76 249 144 33 47 16 74 79
108 108 0 228 48 469 480 423 466 36 476 475 310 445 120 479 477 366 160 234 289 318 176 380
109 559 514 693 552 109 491 812 605 163 125 432 555 630 696 476 648 802 416 6 50 78 83 130 260 111
111 605 111 544 846 737 514 812 128 125 203 459 559 571 447 802 49 693 552 132 8 430 465 853 268 416 41 131 187 401 50 145 88 83 260 109
112 812 112 260 412 410 258 402 400 279 397 243 201 484 417 268 411 413 418 285 398 205 229 295 514 396 436 195 146 224 15 332 215 164 377 364 270 34 403 56 19 125 379 416 83
125 514 812 605 559 125 693 802 552 416 465 737 558 772 655 531 694 386 50 83 206 370 231 459 648 260 395 169 631 646 111 430 203 491 57 373 302 375 369 374 284 303 362 526 13 450 372 249 304 109 163 145 131 52 187 128 112 15 401 56 19 6 340 389 88 78 379 22 41
119 499 675 119 647 602 612 618 596 640 548 731 491 589 776 636 130 631 646 560 644 759 818 95 49 616 526 463 138 8 121 555 458 630 696 4 38 39 558 772 655 531 694 310 785 20 137 118 120 657 51 1 363 132 43 53 78 153 355 122 11 52 225 131 163 187 60 140 249 22 29 5 47 92 340 389 74 16
249 249 618 52 776 636 514 812 647 644 759 605 303 616 612 560 499 559 491 596 640 548 731 811 675 585 59 78 140 89 693 125 35 802 552 153 429 2 74 15 62 260 416 29 11 50 131 83 92 137 119 111 355 203 112 56 19 130 163 109 103 16
122 602 675 589 526 122 499 785 818 571 647 636 47 558 772 655 531 694 131 612 644 759 585 648 615 618 236 596 616 640 548 731 486 516 219 533 631 646 551 149 202 241 802 262 776 853 119 292 235 560 188 60 491 204 277 555 630 696 254 529 811 225 187 130 11 6 50 203 29 145 148 128 153 430 297 253 355 340 389 78 140 83 103 257 79 22 16 5 41
379 379 593 56 812 260 348 237 382 346 357 381 353 413 378 415 229 410 402 400 397 279 417 112 15 19 125
124 178 124 171 175 167 173 184 302 118 441 159 1 182 98
253 253 615 60 818 589 644 759 616 555 630 696 602 776 526 657 840 527 325 675 432 612 618 297 491 529 785 227 585 647 321 499 636 326 280 259 853 337 296 223 168 596 640 548 731 313 270 225 427 485 287 323 309 422 153 181 273 207 533 551 74 166 162 205 191 204 47 187 79 130 131 6 119 122 11 355 5 163 103
