128 1410 544 1480 846 605 1500 571 636 1514 1799 516 128 802 644 759 585 1572 737 1770 1457 514 812 1452 1416 618 616 533 551 648 602 776 529 1556 853 615 1666 1448 1622 1421 1618 555 675 630 696 818 647 1629 1481 1522 1398 811 840 432 527 499 1385 558 772 655 531 694 491 612 657 589 1594 1499 526 560 125 1425 1748 428 1506 431 334 785 559 416 6 50 122 148 60 103 140 11 163 119 78 257 89 355 15 340 389 74 19 92 109
257 529 880 1445 1385 1398 811 585 785 257 555 630 696 560 533 551 526 1499 618 657 491 636 776 589 1594 648 1522 1421 1618 602 1500 571 616 675 596 640 548 731 647 1506 646 499 612 818 11 615 1666 1448 1622 1416 644 759 1514 1799 840 527 516 631 1556 853 559 558 772 655 531 694 802 179 1410 144 33 1572 737 1770 1457 445 514 693 1452 552 442 6 544 1480 284 846 89 140 119 60 103 78 163 122 92 5 74 355 50 148 128 340 389 22 109
389 558 772 655 531 694 648 1452 631 646 526 389 1506 785 596 640 548 731 657 602 589 1594 491 1421 1618 560 514 812 1398 675 811 647 1385 605 1499 499 802 559 1522 555 630 696 818 408 612 529 776 1480 618 1416 340 636 585 693 552 616 1500 880 571 1445 78 1629 1481 385 1572 737 1770 1457 840 644 527 759 263 1556 853 533 368 551 1514 439 6 1799 125 1410 1425 1748 615 1666 1448 1622 8 217 277 516 416 22 5 11 92 140 163 50 122 119 89 60 355 257 74 109 128 144 103 33 15 19 148
6 648 1398 811 555 630 696 1500 571 491 785 6 559 529 657 560 636 1514 1799 585 558 772 655 531 694 516 514 693 552 880 1445 526 802 1499 533 1452 644 551 759 1506 1410 1416 616 1572 737 1770 1457 631 646 1421 618 1522 1618 776 589 1594 602 605 1385 596 640 548 731 615 1666 1448 1622 544 1480 846 499 647 675 1556 853 812 163 840 612 527 818 385 169 89 60 78 140 50 122 257 125 119 11 148 128 109 340 389 416 5 103 92 144 33 22 74 355
5 657 646 555 630 696 596 640 548 731 558 772 655 531 694 631 5 648 1452 560 491 529 1522 647 585 612 776 1499 1385 616 526 1398 811 533 551 615 1666 1448 1622 1506 840 527 499 644 759 618 190 785 675 1416 636 433 880 1445 818 1500 571 559 441 233 602 1556 853 589 1594 1421 1618 1514 802 1799 514 812 693 552 516 482 1572 737 1770 1457 605 350 36 476 1480 6 60 340 389 11 119 78 140 22 257 163 125 355 74 89 416 103 122 50 92 144 33 109 148 128
11 1385 526 1499 618 555 785 630 696 529 636 776 589 1594 491 1421 1618 602 11 675 585 880 1445 657 1398 811 1522 560 647 616 499 644 759 1506 818 612 533 551 1416 558 1500 772 655 531 694 596 571 640 548 731 648 840 527 406 615 1666 1448 1622 1556 853 631 646 1452 1514 1799 516 257 559 140 119 802 408 514 1410 693 1572 552 737 1770 1457 405 605 544 1480 385 846 78 60 89 6 92 122 163 355 144 33 74 103 5 340 389 50 125 148 128 22 416 109
140 560 1421 1618 585 1385 1398 811 1506 533 551 529 785 618 140 596 640 548 731 636 491 776 555 630 696 880 1445 647 526 1499 631 646 648 1500 571 1522 644 616 759 657 612 499 558 772 655 531 694 675 589 1594 602 1514 1799 89 516 92 840 1452 1416 527 818 11 615 1666 1448 1622 78 802 559 1410 1556 853 1572 737 1770 1457 514 693 552 605 444 544 1480 846 6 103 257 119 60 163 144 355 33 122 5 22 50 74 340 389 148 128 125 109
15 1629 1481 812 1425 1748 15 514 1452 605 802 1480 559 19 693 552 1572 737 1770 1457 370 125 416 558 395 772 655 531 694 1410 388 445 1500 302 571 374 284 648 303 362 544 846 50 128 109 163 340 389
144 880 1445 1398 811 529 785 144 560 1385 585 526 555 630 696 648 533 551 657 491 257 33 602 596 640 548 731 1499 1421 1618 589 1594 618 636 1500 571 1522 1506 675 631 646 616 647 499 558 772 655 531 694 776 818 612 644 1416 759 1514 1799 516 302 615 1666 1448 1622 559 1452 368 840 527 450 11 89 6 140 78 60 103 119 163 92 122 5 50 355 74 340 389 22 148 109
19 1629 1481 812 1425 1748 19 514 1452 605 802 1480 559 15 693 552 1572 737 1770 1457 125 382 558 772 655 531 694 1410 413 416 415 229 410 1500 571 258 402 400 648 279 397 417 201 544 846 50 128 109 163 340 389
148 516 1500 571 636 1514 1799 802 644 759 1410 148 585 1572 737 1770 1457 1416 618 616 605 544 1480 846 533 551 648 602 776 529 1556 853 615 1666 1448 1622 1421 1618 555 675 630 696 818 647 1522 1398 811 840 514 527 1385 499 1452 491 612 812 526 589 657 1594 1499 560 785 432 1506 559 459 596 880 640 548 731 1445 213 6 50 122 646 558 772 655 531 694 334 385 693 631 552 128 60 125 416 103 140 11 163 119 257 78 89 355 74 92 5 109 340 389 144 33
22 631 596 640 548 731 558 772 655 531 694 646 648 1452 560 22 647 526 1522 612 657 1506 776 499 785 1398 811 616 675 618 840 527 602 228 1499 589 1594 491 1421 1618 529 636 644 555 759 630 696 514 812 392 1385 605 477 880 1556 1445 585 853 234 1500 571 289 802 559 388 818 246 198 1416 1480 1572 737 1770 1457 533 316 340 551 436 1514 1799 389 196 78 119 6 5 125 140 355 416 89 74 11 92 60 163 257 50 122 144 33 103 109 148
416 416 514 812 1452 605 802 1480 559 1629 1481 693 552 1572 737 1770 1457 1425 1748 125 558 772 655 531 694 1410 1500 571 648 544 846 1556 853 631 646 636 1514 1799 169 430 491 516 526 57 50 1506 304 375 13 818 840 527 644 759 173 465 785 65 585 589 386 300 1594 602 330 657 596 3 640 548 731 370 1416 81 15 301 374 97 618 63 206 487 35 395 207 459 616 1421 1618 776 342 231 31 373 533 1499 305 551 303 302 369 203 218 1522 675 115 555 128 109 19 163 340 389 78 6 122 60 148 22 11 5 92 103 74
33 880 1445 1398 811 529 785 33 560 1385 585 526 555 630 696 648 533 551 657 491 144 257 602 596 640 548 731 1499 1421 1618 589 1594 618 636 1500 571 1522 1506 675 631 646 616 647 499 558 772 655 531 694 776 818 612 644 1416 759 1514 1799 516 615 1666 1448 1622 559 1452 840 527 11 89 6 140 78 60 103 119 163 92 122 5 50 355 74 340 389 22 148 109
163 491 559 514 693 552 648 1499 555 630 696 1506 163 1398 811 657 529 1500 571 1452 585 1522 785 589 1594 1385 1421 558 1618 772 655 531 694 812 526 776 560 616 636 1514 6 1799 605 499 533 675 551 516 602 618 818 880 647 1445 615 1666 1448 1622 840 612 1416 527 644 802 759 631 646 596 640 548 731 1410 1556 853 1572 737 1770 1457 1629 78 1481 109 544 1480 846 119 125 1425 1748 416 11 60 140 92 257 89 50 122 5 340 389 74 103 148 128 355 144 33 22 15 19
50 802 1500 571 514 812 1452 636 1514 1799 605 50 516 1480 1572 737 1770 1457 644 759 1410 559 585 1629 1481 1416 618 648 616 544 846 693 552 533 551 125 1425 1748 602 1556 853 558 772 655 531 694 776 529 416 818 1421 1618 615 1666 1448 1622 555 675 630 696 491 647 840 527 526 1522 785 1398 811 1385 499 631 646 1499 589 1594 612 657 560 596 640 548 731 1506 880 1445 6 122 148 128 60 163 109 103 15 140 119 11 19 340 389 257 78 89 355 92 74 5 22 144 33
178 178 124 171 175 167 173 184 441 118 98 1 182 159 73 94
60 615 1666 1448 1622 1416 818 644 759 60 555 616 630 696 1556 853 589 1594 602 657 840 527 618 776 675 1499 636 491 529 1522 585 1500 571 1572 737 1770 1457 526 1385 533 551 785 612 648 1514 1799 646 647 1421 1618 432 516 1398 605 811 560 1506 802 596 640 548 731 122 1410 880 1445 559 499 558 427 772 655 531 694 205 631 204 325 323 514 309 422 1452 367 544 1480 6 119 11 257 140 78 5 163 74 355 103 50 89 148 128 125 92 340 144 389 33 109 22
74 1522 776 616 840 612 527 1499 647 596 640 548 731 644 759 74 555 630 696 618 1556 853 491 499 657 818 631 646 560 1385 636 675 589 1594 529 585 1421 1618 1500 571 1572 737 1770 1457 526 1506 602 785 1398 811 533 551 558 772 655 531 694 615 1666 1448 1622 1514 1799 648 516 559 880 1445 605 1452 1416 802 1480 119 355 1410 334 514 693 552 427 11 60 6 140 78 163 257 5 22 122 89 92 50 125 103 340 389 148 416 128 144 33 109
78 1506 491 1421 1618 558 772 655 531 694 78 1499 618 648 1452 631 646 560 555 776 630 696 1385 636 585 526 559 1398 811 589 647 1594 657 596 640 548 731 499 529 514 1522 616 675 644 533 759 551 785 693 552 602 612 1500 571 92 818 880 1445 140 840 527 1514 1799 802 179 812 615 1666 1448 1622 516 1556 853 605 444 1572 737 1770 1457 1480 341 1416 163 1410 430 119 6 11 340 389 89 125 257 60 416 22 5 103 122 109 355 50 74 144 33 148 128
340 558 772 655 531 694 648 1452 631 646 340 526 1506 785 596 640 548 731 657 602 589 1594 491 1421 1618 560 514 812 1398 675 811 647 1385 605 1499 499 802 559 1522 555 630 696 818 612 529 776 1480 457 618 1416 636 389 585 693 552 616 1500 880 571 1445 78 1629 1481 445 1572 737 1770 1457 840 644 527 759 1556 853 533 341 551 1514 6 1799 125 1410 105 1425 1748 615 1666 1448 1622 192 177 516 416 22 5 11 92 140 163 50 122 119 89 60 355 257 74 109 128 144 103 33 15 19 148
89 1398 811 560 785 529 1421 1618 880 89 1445 585 526 1385 1506 596 640 548 731 648 533 551 555 630 696 618 491 636 602 140 657 631 646 647 1500 589 571 1594 776 675 1522 558 772 655 531 694 1499 616 612 644 759 1514 1799 499 1416 818 1452 516 559 615 1666 1448 1622 840 527 802 6 1556 853 1410 514 693 552 92 1572 737 1770 1457 303 11 78 257 249 144 33 103 163 60 122 119 5 355 22 340 389 50 125 74 148 128 109
92 1506 1421 1618 560 491 585 92 1385 618 1398 558 811 772 655 531 694 529 533 1499 551 785 776 636 555 630 696 648 1452 78 596 640 548 731 526 647 140 631 646 657 880 644 1445 759 589 616 1594 1522 499 612 675 559 602 1500 571 514 818 693 552 840 527 1514 1799 89 1416 516 615 1666 1448 1622 802 388 1556 853 11 302 263 6 119 163 103 340 389 257 60 125 355 5 122 416 22 144 33 74 50 109 148 128
355 612 647 1522 499 776 355 616 596 640 548 731 618 840 675 527 1499 636 644 759 631 646 560 555 630 696 602 1421 1556 1618 853 491 1385 657 818 589 1594 1500 571 529 615 1666 1448 1622 558 772 655 531 694 1506 1398 811 785 526 585 648 350 1572 737 1770 1457 119 1514 478 1799 352 344 1416 349 442 516 452 1452 171 533 356 551 880 1445 448 347 348 357 802 237 175 346 394 74 605 1410 1480 343 256 559 378 354 11 60 140 78 122 22 5 6 257 89 163 92 50 340 389 148 128 103 144 33 109
103 585 533 551 529 555 630 696 1500 571 103 657 1398 811 636 1514 1799 560 516 1421 1618 491 1385 785 880 1445 802 618 644 759 648 776 616 1416 1410 1506 1522 1572 737 1770 1457 1499 615 1666 1448 1622 454 646 605 544 1480 846 647 596 602 640 548 731 589 1594 1556 853 499 526 840 612 527 140 559 818 514 631 558 675 772 655 531 694 1452 693 552 350 6 257 812 222 60 11 89 78 92 50 122 148 128 163 119 5 125 144 33 74 416 355 340 389 109 22
108 1369 108 228 469 480 423 466 475 479 477 234 289 318 36 476 176
109 559 514 693 552 491 109 812 1452 605 648 802 1499 1480 555 630 696 1506 1629 1481 1398 811 657 558 772 655 531 694 163 1572 737 1770 1457 529 1500 571 125 1425 1748 585 1522 785 432 526 589 1594 1385 1421 1618 416 560 616 636 1514 6 1799 631 646 499 476 1556 675 853 618 602 533 551 776 516 647 818 880 1445 596 615 1666 1448 1622 640 548 731 840 612 1416 527 644 759 50 78 119 11 60 140 92 257 340 15 389 89 19 5 122 74 103 148 128 355 22 144 33
119 499 1499 675 119 647 602 491 589 1594 612 1522 526 1385 776 618 596 818 640 548 731 616 785 555 630 696 636 840 527 1416 1506 1421 1618 644 759 560 1556 853 657 631 646 529 1398 811 648 558 559 772 655 531 694 1500 571 615 1666 1448 1622 585 95 49 1452 514 693 552 1514 1799 1572 737 1770 1457 533 551 138 8 880 516 1445 121 4 38 39 11 802 20 605 1480 1410 118 137 51 1 355 122 78 60 163 74 6 257 140 92 5 340 22 389 125 50 89 109 416 103 148 128 144 33
122 1416 602 675 1500 571 589 1594 526 615 1666 1448 1622 636 1514 1799 499 122 818 516 785 802 644 759 1410 585 1572 737 1770 1457 1499 647 1556 853 618 616 648 605 544 1480 846 555 630 696 533 776 551 529 491 1398 612 1385 811 840 527 60 558 657 772 655 531 694 1522 1421 1618 1452 596 560 640 548 731 514 236 880 1445 812 219 631 646 149 202 241 119 262 559 292 188 204 235 254 6 50 148 128 11 125 140 416 103 257 355 163 89 340 389 78 74 5 92 144 33 22 109
124 178 124 302 167
125 514 812 1452 605 802 1480 559 1629 1481 125 693 552 1572 737 1770 1457 1425 1748 558 772 655 531 694 1410 416 1500 571 648 544 846 1556 853 631 646 636 1514 1799 465 491 516 526 386 50 1506 818 840 527 644 759 206 370 785 231 585 459 602 657 596 640 548 731 589 395 1594 1416 1499 618 616 1421 1618 169 1522 533 551 373 302 555 630 696 369 675 430 374 284 303 362 560 647 1398 811 57 529 499 450 615 1666 1448 1622 776 375 249 372 128 109 15 163 19 340 389 78 6 122 60 148 22 119 5 140 11 92 103 89 74
