0 0 108 48 228 469 310 36 476 480 120 423 466 445 475 366 160 479 477 234 289 380 364 138 277 367 318 134 187
2 2 78 163 130 281 66 463 458 249 170 427 119 6 153 52 70 137 11 168 92 60 207 69 100 96 141 40
5 5 157 168 190 433 441 233 149 482 241 350 36 476 283 222 221 188 254 66 69 107
6 6 159 163 29 131 66 182 361 385 486 169 179 264 360 488 467 161 166 208 2 70 69 296 322 391 168 96 89 155 153 40 60 207 147 71 50 122 203 82 141 11 145 148 128
10 10 119 158 186 290 250 472 200 263 369 161 473 95 49 356 255 38 408 351 113 130 129 123 107 355
11 11 406 257 37 16 140 129 130 66 408 405 385 463 435 339 119 391 153 296 2 155 52 40 100 96 287 158 147 89 168 113 92 71 207 69 6 141
15 15 260 412 370 395 323 413 388 229 445 410 258 402 400 302 279 374 364 397 284 377 303 362 243 484 201 420 164 418 224 268 416 417 285 411 398 205 112 56 19 187 125 69 379
16 16 11 406 363 275 385 408 388 476 405 339 447 138 95 132 49 119 257 37 140 129 130 66 10
19 19 260 412 413 229 410 258 402 400 382 279 323 397 417 201 418 285 243 411 268 484 398 205 415 295 224 195 377 364 396 420 146 253 332 215 270 164 155 112 15 56 187 60 69 379
22 22 142 228 214 392 246 477 234 289 316 213 388 318 294 198 288 241 196 292 315 262 436 45 283 216 222 254 69 107 205 166 151 242 59 340 389 42
25 25 125 70 465 386 281 392 204 206 370 231 373 459 416 395 429 323 109 163 50 116 83 63 313
27 27 148 451 480 466 475 479 477 289 234 432 315 318 459 176 320 213 316 198 446 134 409 294 334 317 196 436 288 131 82
29 29 296 322 391 6 89 71 488 40 208 179 350 444 445 435 140 37 257 76 66 159 96 144 107 33 163 131
33 33 391 428 26 76 144 257 29 322
37 37 296 113 11 69 100 476 406 338 486 341 450 440 226 247 422 283 205 329 29 166 225 122 186 130 157 257 16 340 140 389 159 129 42 78 66 142 83
38 38 351 472 473 95 49 449 459 8 153 138 482 187 489 219 119 121 350 39 478 434 377 442 356 303 349 94 137 118 51 53 111 73 285 78 116 128 10 130 127 364 287 74 123 66 107 329 41
40 40 257 96 29 66 488 423 214 392 370 405 179 435 431 391 11 6 296 322 168 89 153 103 140 44 60 207 71 2 131 141
41 41 128 252 428 281 431 334 432 299 358 427 422 325 170 309 380 323 111 55 131 125 260 357 116
42 42 69 338 486 440 226 247 437 467 444 488 208 283 179 474 482 177 205 36 350 166 157 340 389 159 78 37 142 83 22
44 44 62 96 444 445 103 140 131 66 40
47 47 60 122 432 236 95 277 160 204 297 253 113 329 155 131 79 63 126 66 70
50 50 313 125 131 486 465 386 217 39 448 416 323 155 116 83 147 6 25 122 203 96 82 145 148 128
52 52 249 78 140 129 429 303 447 446 263 137 92 155 287 158 11 2 147 89 96 71 69
55 357 55 433 128 286 449 293 264 252 255 214 478 275 236 442 356 213 219 348 347 237 36 476 160 315 379 346 355 202 385 343 188 358 427 111 123 56 41 131 85 162
56 56 379 260 413 382 229 412 410 402 400 279 397 415 417 201 411 418 285 268 243 484 205 398 323 237 348 295 362 112 15 19 85 69 162
59 59 481 107 293 252 388 214 249 217 392 213 149 219 36 157 151 242 153 158 142 52 71 22
60 60 297 253 329 155 432 47 79 126 66 461 464 204 325 427 309 205 367 323 419 422 227 326 166 335 327 69 187 63 122 70 125 260 127 270 100 168 129 131 207 6 2 141 40
62 62 44 364 444 445 96 358 427 215 187 103
63 204 63 487 236 465 188 292 368 206 370 209 231 459 297 240 199 395 60 278 242 373 157 447 302 155 374 369 245 284 169 153 143 303 70 416 430 276 156 122 43 158 90 61 154 17 305 319 371 288 372 218 26 57 107 274 127 253 113 270 129 125 123 5 10 329 69 145 287 351 66 74 131 47 79 130 126 151 109 168 59 163 25 355 186
66 66 168 153 60 207 6 2 467 96 488 141 449 11 208 40 457 179 435 297 253 257 163 130 5 29 78 159 140 329 131 155 127 287 103 351 44 37 74 16 47 129 79 126 123
69 69 283 205 338 486 166 440 226 247 157 437 340 389 159 467 424 42 78 37 142 488 179 208 83 482 182 36 444 350 445 341 430 6 125 145 107 296 22 137 5 2 92 52 113 11 100
70 70 204 109 163 25 236 482 478 352 292 368 452 344 188 349 442 171 63 125 6 2
71 71 140 29 107 275 213 149 202 241 293 216 176 283 292 427 198 222 200 252 436 279 89 157 151 242 296 322 391 153 59 158 6 96 92 52 142 69 11 40
74 74 153 236 213 219 149 241 134 277 262 283 334 222 216 251 253 188 235 204 321 240 427 242 212 199 127 60 287 351 123 130 66 107 69 63 70 38 355
76 76 391 428 450 474 26 144 257 33 29 322
78 78 137 2 92 52 69 179 444 338 486 341 430 440 226 247 119 339 121 249 140 283 205 166 145 10 163 129 157 130 66 340 389 159 42 37 142 83
79 79 60 432 449 253 120 427 459 205 325 323 422 367 166 431 334 371 195 297 238 215 483 299 204 309 326 335 426 321 327 434 329 155 69 47 126 66 125 260 63 70
82 82 131 486 412 467 488 120 208 479 457 334 179 439 482 409 36 350 476 155 147 6 50 122 203 96 145 148 128 430 313 27
83 83 125 69 338 486 465 440 226 247 386 437 283 405 206 370 219 467 459 231 416 395 488 323 446 205 166 50 157 116 340 389 159 25 42 78 37 142 313
85 237 85 162 443 434 442 349 360 449 448 105 452 346 357 482 379 476 172 209 87 347 355 344 478 352 353 354 127 28 377 102 175 104 155 56 153 123 55
88 88 203 382 414 413 415 229 388 429 476 410 258 402 400 279 187 397 369 417 489 201 366 368 195 295 160 411 418 292 243 401 248 116 131 364 111
89 89 140 29 249 303 488 38 444 52 351 296 322 391 71 6 96 92 11 40
91 91 328 460 470 211 220 338 463 420 406 456 468 471 190 226 247 265 286 440 461 454 361 290 228 424 433 462 464 437 465 405 233 239 252 264 419 472 161 386 467 469 473 180 255 451 363 214 281 423 466 408 362 275 310 365 475 120 172 206 208 392 308 209 236 459 457 380 217
92 92 78 140 388 444 179 302 263 119 137 52 2 89 96 71 69 11 10 130 249
96 96 103 44 140 131 66 40 388 486 454 263 368 249 439 488 277 62 257 6 89 168 11 29 155 92 52 71 207 147 2 50 122 203 82 141 145 148 128
100 100 329 225 37 113 130 360 461 432 464 449 419 392 172 463 213 366 364 344 36 415 414 458 365 299 431 334 187 119 60 296 153 122 11 186 2 69
103 103 96 454 350 249 388 277 222 404 263 44 140 131 66 40 52 62
104 104 353 453 469 451 480 475 479 478 352 434 477 289 377 442 452 349 318 171 356 246 320 198 448 348 446 237 347 357 279 175 20 316 87 376 346 55 85 162
107 107 157 151 242 153 59 158 293 252 142 71 149 213 214 481 241 262 222 392 283 250 216 219 36 254 204 188 292 235 202 221 240 200 275 290 134 236 199 63 69 70 22 140 123 127 10 29 5 129 287 351 74 130
108 108 0 48 228 469 480 36 476 423 466 310 475 445 120 479 366 477 160 234 289 318 380 277 138 367 176
109 109 70 204 432 482 476 478 352 381 344 163 25 63
110 110 244 392 408 362 439 405 387 238
111 111 116 128 459 469 447 466 49 132 8 475 319 430 268 479 125 203 55 41 131 145 357 416 401 248 88
112 112 260 412 410 258 402 400 279 397 243 201 484 323 413 417 411 268 418 285 398 205 229 195 295 396 436 146 377 364 224 215 332 164 420 270 403 34 321 155 15 56 19 187 69 379
113 113 122 37 186 100 262 250 429 263 472 235 161 473 10 329 296 47 225 131 11 130 69 119
116 116 111 125 203 469 466 475 479 465 477 289 234 459 318 386 476 176 246 320 198 446 316 292 436 319 288 196 416 323 187 128 401 248 50 88 83 131 25 41
119 119 10 130 95 49 463 8 138 458 121 38 4 39 310 20 137 120 118 51 363 43 53 1 132 111 281 298 291 78 351 158 153 186 116 2 128 11 100 113 92 41
122 122 47 113 131 236 486 219 149 262 202 241 235 292 188 277 204 254 60 37 186 155 100 63 147 70 6 50 203 96 82 145 148 128
123 123 355 153 158 433 233 290 350 449 478 352 149 344 482 349 442 452 241 171 236 476 356 262 347 237 357 283 346 213 448 444 445 348 434 222 175 127 107 10 55 85 129 287 351 74 69 130 66 162
124 178 124 171 175 167 173 184 118 302 441 159 98 111 1 6 116 128 69 41
125 125 416 323 420 465 386 50 116 83 206 370 231 459 25 395 169 430 57 373 375 302 369 374 284 303 362 304 13 372 249 450 305 371 65 193 313 260 145 70 111 52 203 69 131
126 60 126 425 438 432 451 480 423 214 466 408 475 477 479 205 234 367 289 427 318 297 325 320 176 215 253 198 204 309 227 246 385 323 426 446 187 329 155 364 47 79 66 69 63 125 260 70 351 203
127 127 155 153 350 219 149 352 171 236 356 213 237 348 271 175 474 204 357 202 346 232 87 355 4 241 240 394 372 292 262 134 270 60 85 287 55 351 129 74 131 63 70 123 130 66 107 162
128 128 111 55 41 131 432 486 252 428 286 431 334 357 315 160 293 299 116 155 147 6 50 122 203 96 82 145 148
129 129 155 287 158 147 52 11 488 208 395 290 406 444 427 249 153 131 127 270 140 60 78 10 123 107 257 37 16 130 66
130 130 119 463 153 2 458 11 100 281 363 275 310 120 95 406 49 234 138 388 385 435 8 447 121 38 10 329 37 66 225 78 127 163 287 113 351 257 74 16 140 129 123 107
131 131 486 155 147 467 6 50 122 203 96 488 82 145 148 120 208 128 479 457 179 482 36 350 476 430 313 129 187 27 125 127 270 111 60 401 47 113 159 248 66 55 41 163 103 88 116 44 29 140 40
136 210 136 150 211 220 190 226 247 265 286 290 48 228 250 293 233 239 252 264 206 255 214 281 275 208 209 231 236 213 234 289 219 36 149 229
137 137 78 318 341 179 95 49 119 121 349 38 444 4 439 39 237 8 105 138 20 409 2 351 92 52 69 85 10 130 249 162
140 140 89 96 92 52 71 11 406 444 249 78 29 129 107 66 103 44 257 37 16 40 131 130
141 141 66 467 423 488 449 435 208 457 179 429 385 217 249 380 263 168 153 60 207 6 2 96 11 52 40
142 142 22 69 107 214 338 486 213 228 283 246 440 226 247 241 318 262 292 392 216 437 316 222 315 293 221 254 235 252 204 157 205 166 151 242 153 59 158 63 340 389 159 70 71 42 78 37 83
144 144 391 428 26 381 359 302 102 383 368 450 76 257 33 29 322
145 430 145 131 486 412 374 416 382 288 166 413 467 375 229 415 304 185 366 65 173 436 258 402 488 125 69 155 147 6 50 122 203 96 82 148 128
147 147 129 131 486 488 208 448 467 368 177 212 483 155 287 158 52 11 6 50 122 203 96 82 145 148 128 270
148 148 27 131 486 432 479 459 451 480 315 213 466 475 467 334 409 385 477 488 155 147 6 50 122 203 96 82 145 128
151 151 107 149 293 262 252 214 157 240 199 392 288 238 259 278 213 219 241 36 202 232 242 153 59 158 274 142 71 69 5 22
153 153 127 287 351 236 74 213 219 149 241 123 130 134 66 107 262 283 222 216 188 235 204 38 277 251 199 253 212 240 381 398 259 463 238 60 187 155 119 355 158 69 63 70 129 2 157 151 242 11 168 59 207 100 142 6 71 141 40
155 155 127 270 60 129 131 219 149 202 292 221 204 486 347 238 483 240 271 153 297 253 63 147 70 329 287 158 52 47 11 6 50 122 203 79 126 96 66 82 145 148 128
157 157 5 69 107 149 241 283 338 486 222 221 254 188 204 190 440 226 247 240 433 199 437 238 293 151 242 278 441 233 194 252 36 232 271 245 168 274 205 166 63 70 142 153 59 158 340 389 159 71 42 78 37 83
158 158 290 10 129 123 107 149 202 241 262 200 283 239 222 254 235 204 238 240 433 288 119 153 355 186 155 157 151 242 69 287 63 147 59 70 52 142 11 71
159 159 182 6 361 69 264 360 161 180 486 338 179 172 36 440 226 247 176 437 169 134 171 166 341 222 430 170 467 358 178 175 192 177 308 488 1 283 205 124 157 163 29 145 131 340 66 389 42 78 37 142 83
162 162 85 360 237 172 209 449 482 134 175 476 169 427 443 170 434 478 352
163 163 6 2 70 281 452 204 66 78 159 109 130 25 29 131 63
166 166 69 338 486 440 226 247 299 430 437 170 325 175 467 335 488 327 184 326 208 283 179 168 28 183 333 159 296 223 482 287 1 165 98 36 205 60 273 162 276 350 85 153 37 145 6 157 340 297 389 253 129 66 42 29 78 5 142 237 155 329 83 47 79 126 22
168 168 5 66 190 433 325 441 233 323 309 253 422 166 157 467 102 327 335 227 326 488 60 69 153 207 125 260 6 2 96 141 11 40
178 178 124 171 175 167 173 184 118 441 302 159 98 111 1 73 6 116 128 69 41
186 186 10 113 250 472 161 473 255 408 365 457 179 263 413 414 405 262 36 350 369 431 334 176 119 356 366 434 478 400 352 435 279 364 235 373 216 299 377 249 374 238 217 387 442 341 349 158 187 122 37 100 52
187 187 489 364 462 239 419 461 365 329 464 414 351 457 203 366 362 290 160 367 368 308 331 472 473 230 458 260 218 323 38 153 60 401 112 15 56 19 248 100 88 116 131 379
203 203 187 489 401 248 88 116 414 419 462 382 131 239 415 413 229 388 400 365 364 410 397 258 402 411 279 457 486 418 417 369 398 243 201 268 484 295 285 416 205 195 366 125 329 111 351 69 155 147 6 50 122 96 82 145 148 128
204 204 63 487 70 236 292 188 368 465 199 297 240 60 278 242 157 153 155 206 370 245 143 209 231 459 276 43 122 158 156 395 90 61 17 154 218 482 107 274 127 47 131 253 109 113 270 129 163 123 25 329 10 5 69 287 351 66 74 130 79 126 151 168 59 355 142 186
205 205 424 69 338 486 417 440 226 247 268 437 398 411 224 467 164 396 260 488 332 146 379 155 270 208 272 261 283 112 179 60 56 203 19 482 23 285 415 139 410 397 402 243 115 36 350 484 258 323 166 187 157 297 253 401 340 389 159 248 42 78 15 37 142 329 88 83 116 131 47 79 126 66 127 22
207 207 66 180 467 344 488 258 449 430 416 325 208 457 138 179 199 305 253 308 309 13 483 187 60 364 168 153 125 6 2 96 145 141 11 329 40 351 203 297 79 126
210 210 136 150 211 220 190 226 247 265 286 290 48 228 250 293 206 233 239 252 264 255 214 281 275 208 209 231 236 213 234 289 219 36 149 229 202 241 246 198 258
225 225 100 432 209 360 344 299 377 364 449 49 323 422 392 172 421 240 297 213 371 253 418 327 431 227 334 326 335 36 415 329 60 187 37 113 130 125 260 79 126
237 237 85 443 434 349 442 452 448 105 357 346 379 449 352 102 355 87 354 353 478 482 347 127 28 137 162 351 24 344 476 298 204 291 70 348 153 377 186 54 38 15 101 394 356 260 187 78 104 56 155 123 55 10 113 109 163 25 323 158 119 364 128 112 63 19 92 270 74
242 242 107 250 255 275 213 236 36 293 262 252 216 222 292 221 254 188 235 214 204 240 157 212 387 392 153 199 241 259 278 149 194 202 283 219 245 151 59 274 158 142 63 71 69 70 127 5 287 351 74 123 130 66 22
244 244 110 392 408 362 439 405 387 394 238
248 248 203 382 176 413 414 229 415 388 398 411 410 258 402 400 188 279 187 397 369 170 417 489 295 309 201 418 243 422 484 347 285 268 205 401 88 116 131 69 364 111
249 249 52 303 59 153 429 35 89 2 125 447 62 74 15 446 78 260 140 44 416 323 107 129 29 163 50 130 66 116 83 25 96 287 92 137 71 151 242 112 56 19
253 253 60 432 325 227 297 321 326 155 280 153 259 168 296 337 223 427 313 287 270 485 422 323 309 207 181 273 205 74 162 225 204 166 191 367 66 85 329 50 100 37 129 47 69 29 5 79 126 127 237 125 63 260 351 70 123 130 107 157 141
257 257 391 11 40 406 179 445 308 442 284 359 76 29 66 96 144 33 37 16 140 129 130
260 260 323 420 112 412 15 56 19 413 410 229 402 400 279 258 397 201 243 484 417 411 285 418 268 398 205 215 377 364 382 224 195 379 187 125 69
270 270 155 382 413 415 219 149 410 258 402 202 400 279 397 295 417 201 292 418 221 285 205 268 308 204 398 243 411 484 288 347 195 240 224 396 253 153 127 60 129 131 69 63 70 287 351 74 123 66 130 107 147
274 278 274 424 241 172 262 283 221 417 254 235 428 204 431 288 383 212 321 320 240 434 238 299 331 259 157 232 317 194 132 69 63 70 5 107
278 278 274 424 241 262 283 172 221 417 254 235 204 288 428 212 240 383 321 431 238 157 320 331 259 434 232 317 194 299 155 69 63 127 270 70 60 5 107 129 131
283 283 69 338 486 222 254 440 226 247 240 437 157 278 467 232 357 245 153 488 158 143 208 350 142 17 179 61 482 83 21 71 150 274 55 205 36 107 424 166 125 210 128 22 140 340 29 123 389 159 10 5 127 42 78 129 37 287 351 74 130 66 416 151 242 168 59 355 111 89 41 136
287 287 153 129 172 209 428 431 334 188 236 299 427 213 219 149 253 170 325 241 488 422 323 309 421 134 319 321 166 60 155 127 158 147 351 52 74 69 11 125 260 123 130 107 66
296 296 37 29 209 428 431 334 299 422 325 170 309 323 227 102 421 26 326 335 166 488 253 297 426 327 215 267 60 69 322 391 6 89 113 11 100 125 260 71 40 79 126
297 297 60 432 309 204 368 421 327 335 330 326 280 184 223 296 333 422 323 98 325 287 324 427 166 273 225 205 162 253 191 248 367 426 203 153 85 329 155 63 100 37 70 129 69 47 29 79 126 66 237 125 260 401 88 109
313 313 50 39 20 253 312 331 185 125 131 60 416 323 83 25 82
322 322 29 402 400 488 295 208 285 398 179 268 308 411 187 350 195 296 364 391 6 89 71 40 329 351 203 76 144 33
323 323 420 260 125 422 465 421 215 327 386 335 412 278 326 390 280 168 223 333 296 370 206 225 273 60 485 459 231 287 162 191 274 416 395 413 174 72 85 153 100 37 297 253 129 112 66 15 29 5 50 56 19 329 116 237 155 83 25 47 79 126 379 313
328 328 91 460 470 211 220 338 463 420 406 456 468 471 190 226 247 265 286 440 461 454 361 290 228 424 433 462 464 437 465 405 233 239 252 264 419 472 161 386 467 469 473 180 255 451 363 214 281 423 466 408 275 310 365 475 362 120 172 206 208 392 209 236 459 457 308 213 234
329 329 187 489 461 419 464 60 365 414 364 462 100 239 366 362 367 160 368 457 432 290 360 13 297 253 351 225 203 155 37 113 130 47 79 126 66 38
340 340 69 338 486 440 226 247 437 457 445 467 488 341 208 283 177 192 179 482 371 381 105 205 36 350 185 166 157 389 159 42 78 37 142 83 22
351 351 38 187 489 153 472 462 473 419 239 449 365 219 459 364 482 414 457 350 478 434 377 442 356 362 303 349 236 290 95 366 346 49 285 331 398 237 213 357 381 448 380 160 347 348 253 329 60 203 127 55 85 287 74 123 130 66 107 162
353 353 104 453 469 451 480 478 475 352 434 479 377 442 477 452 349 171 289 356 318 448 348 237 347 357 175 246 320 346 198 394 20 87 446 376 279 379 56 55 85 162
355 355 123 350 433 478 352 233 344 349 442 452 171 356 449 347 448 348 237 357 175 346 394 256 482 343 153 378 353 354 376 158 443 127 84 476 434 345 104 155 55 85 162 10 74
357 357 433 55 449 286 478 293 442 264 252 356 348 347 237 255 346 214 379 394 275 378 236 343 355 354 353 213 152 351 298 476 219 127 36 24 38 128 187 104 56 155 123 85 153 364 111 162 41
364 364 187 489 462 461 239 464 365 419 414 366 290 160 362 367 368 329 457 237 308 98 260 91 225 218 363 0 186 100 331 351 323 458 139 62 130 328 119 40 203 60 85 108 230 44 162 10 153 113 257 96 2 112 15 29 66 56 19 11 38 37 379 297 253 401 248 88 79 103 126
379 379 56 348 237 382 357 346 381 413 378 415 229 260 410 402 400 279 353 417 201 397 104 85 55 323 112 15 162 19
389 389 69 338 486 440 226 247 408 437 467 385 488 263 208 283 277 368 179 439 482 38 205 8 217 483 36 350 166 157 351 340 159 42 78 37 142 83 22
391 391 76 144 257 33 29 428 26 359 102 381 40 296 322 11 6 89 71
401 401 203 415 400 397 382 413 418 268 411 414 398 229 410 224 388 258 402 195 417 243 396 484 279 332 270 295 285 201 187 155 205 146 369 489 272 34 261 322 248 88 29 116 131 69 364 127 111
416 416 125 465 169 430 386 57 204 370 304 206 375 13 459 231 395 173 323 65 300 374 3 373 330 302 81 369 301 303 97 305 284 372 63 207 193 371 35 26 31 342 15 420 218 260 362 115 203 450 186 249 145 50 116 66 10 83 187 113 25 401 248 52 88 131 70 119 313 111 112 56 19 141
430 430 145 374 416 204 288 166 412 304 375 185 125 173 65 300 382 301 81 165 291 413 63 207 159 229 35 111 78 415 31 386 54 69 131 323 66 6 116 137 128 2 50 92 52 83 25 283 205 70 340 389 42 82 141 41
