0 0 108 48 310 120 36 476 445 228 366 160 134
2 2 78 163 130 66 281 119 6 153 249 70 137 204 427 170 285 11 168 92 52 60 207 69 100 140 96 159 283 141 329 37 10 40 205 109 157 29 155 127 257 131 287 129 166 158 225 187 25 351 297 391 113 253 296 89 74 125 16 63 5 186 71 38 123 340 364 107 389 122 147 416 142 42 323 322 103 44 355 83 47 430 270 79 126 50 62 151 242 76 82 145 59 22 148 144 33 27
5 5 157 168 190 433 441 233 66 69 107 482 283 350 36 476 153 205 166 151 242 60 142 207 59 6 158 2 96 159 340 78 389 141 11 37 71 42 40 83 140 29 155 22 119 297 127 253 130 257 163 296 129 287 125 123 351 391 131 74 329 137 355 10 92 103 249 52 44 416 38 100 89 16 322 47 113 122 147 79 126 62 186 270 225
6 6 159 163 29 131 66 2 385 169 70 69 182 204 296 322 391 96 283 168 155 89 430 153 40 205 60 207 147 71 78 166 50 122 203 140 37 157 82 141 257 11 145 148 128 130 125 109 313 119 340 127 187 389 129 25 107 76 42 416 297 27 253 142 249 323 52 47 113 63 103 44 5 92 270 137 111 83 144 287 100 33 401 357 158 364 329 248 55 351 41 151 88 242 116 62 74 16 10 59 22 225 79 38 126 123 186 355
10 10 119 158 186 113 130 153 263 200 369 129 123 290 356 188 107 355 37 100 122 2 11 287 155 157 151 242 329 147 59 225 127 296 60 249 52 187 131 142 66 47 78 69 71 140 351 74 283 257 38 163 364 29 16 6 205 168 270 96 166 297 22 253 92 137 5 159 207 40 89 340 389 322 42 82 141 145 148 79 126
11 11 406 257 37 16 140 129 130 66 408 119 391 405 153 385 435 296 2 155 96 249 52 287 40 100 158 147 113 29 89 168 78 92 60 71 207 69 329 6 127 10 131 225 283 76 141 157 186 122 205 187 107 163 322 144 33 166 270 137 123 103 44 159 351 297 253 74 355 364 5 38 142 340 151 389 242 430 70 62 42 59 50 83 47 82 79 126 145 148 22 27 109
15 15 260 323 112 379 56 19 370 420 395 388 416 412 445 125 302 374 284 303 362 50 116 83 25 313 70 111 109
16 16 11 363 406 275 257 37 140 129 130 66 385 388 476 119 447 95 391 339 362 49 132 153 296 2 155 96 249 52 287 40 100 158 147 113 29 89 168 78 92 60 71 207 69 329 6 127 10 131 225 283 76 141 157 186 122 205 187 107 163 322 144 33 166 270 137 123 103 44 159 351 297 253 74 355 364 5 38 142 340 151 389 242 70 62 42 59 83 47 82 79 126 145 148 22
19 19 260 323 112 15 379 56 420 413 382 229 410 258 402 400 412 279 415 397 417 125 201 243 411 484 418 295 285 398 268 205 416 50 116 83 25 313 69 70 283 111 166 340 389 109 42
22 22 142 228 69 107 392 283 477 234 289 246 157 388 205 198 316 166 196 436 294 151 214 242 288 153 59 158 340 389 159 71 42 78 37 83 6 168 125 5 140 29 119 123 127 129 296 10 137 416 323 287 355 351 2 74 66 113 130 92 249 52 89 38 11 100 186 322 163 147 225 25
25 25 125 70 204 416 323 109 281 163 50 392 116 465 420 83 429 63 373 313 6 260 2 111 203 69 131 283 205 159 78 187 166 128 66 112 15 379 401 56 19 157 130 248 430 29 364 340 119 389 147 88 96 42 122 357 37 142 137 82 145 148 55 41 207 92 322 27 141 22
27 27 148 131 451 480 466 475 479 477 234 289 318 320 176 198 315 446 316 134 155 430 436 409 196 147 6 50 122 203 96 82 145 128 313 129 187 125 127 111 270 47 60 401 357 113 159 248 66 416 364 323 55 41 163 103 88 116 44 29 140 40 287 158 329 11 249 52 2 297 253 62 186 257 89 322 207 83 25 141 79 126
29 29 296 322 391 6 89 71 488 40 208 140 179 37 257 350 444 445 76 66 96 159 144 107 33 11 163 131 153 69 2 92 249 52 157 78 113 168 151 242 283 70 60 100 59 129 207 158 205 204 130 142 103 44 166 155 119 16 141 329 430 147 287 137 50 122 225 127 186 5 62 340 10 389 82 297 145 148 253 128 42 22 109 313 123 83 74 47 25 27 63 79 126
33 33 391 76 144 257 29 450 428 40 296 322 11 6 89 71 140 66 37 96 16 159 129 130 107 2 131 168 163 249 52 92 207 100 103 44 113 147 141 151 242 59 62
37 37 296 113 11 69 100 283 476 205 329 29 122 166 225 341 186 450 130 157 119 257 391 187 16 340 140 389 159 10 129 6 153 42 78 66 322 142 60 89 2 47 83 131 40 364 71 96 249 52 125 168 287 155 158 92 107 147 22 76 137 163 416 297 253 351 323 203 127 5 207 144 33 50 430 38 141 151 242 123 74 59 313 82 103 44 145 148 355 270 79 126 25 27
38 38 351 187 153 364 489 95 49 8 138 119 472 121 329 473 39 462 449 419 239 203 137 118 51 127 459 219 461 287 74 130 60 123 66 107 155 158 355 78 401 100 129 248 2 88 116 157 151 242 131 297 253 10 11 168 59 225 37 6 249 52 207 147 96 113 142 270 140 71 111 122 141 92 47 40 163 186 257 79 126 5 22 16 82
40 40 257 96 29 66 391 488 423 214 392 370 11 6 405 296 322 140 431 168 89 103 153 44 60 131 207 71 2 76 37 141 144 33 62 155 130 159 163 16 157 249 52 119 297 92 129 253 107 430 5 147 287 78 122 329 69 127 187 113 50 100 203 158 70 82 351 283 145 148 74 128 47 205 313 151 242 270 79 38 126 123 166 10 59 142 225 27 355 137 186 401 340 248 389 109 42 41 88
41 41 128 111 357 252 55 131 281 428 431 334 116 299 155 430 125 147 6 50 122 203 96 416 82 323 145 148 313 129 27 187 60 127 270 401 47 113 159 248 66 83 29 163 103 25 88 44 70 40 287 62
42 42 69 283 205 166 157 338 486 340 389 159 444 440 226 247 78 37 142 437 83 474 6 125 107 296 22 137 416 323 168 5 2 113 92 249 52 11 100 153 151 242 140 29 158 59 163 66 50 71 119 130 329 116 122 131 225 70 129 186 25 313 89 322 10 257 16 287 111 40 123 207 109 74 141
44 44 62 96 103 444 445 140 131 40 66 257 89 6 29 168 11 155 430 153 391 71 60 92 249 52 207 147 2 78 50 122 203 82 141 129 145 148 128 313 296 322 127 37 130 159 163 107 297 27 253 287 47 16 5 270 137 76 113 401 111 248 144 33 55 41 88 74 79 126
47 47 60 122 297 253 113 329 131 155 95 160 79 126 187 66 37 186 100 430 6 364 127 147 96 270 203 50 119 82 10 225 296 168 145 148 128 153 129 313 207 130 2 158 27 351 69 141 125 11 401 111 159 40 357 163 248 38 287 29 140 103 44 88 116 55 41 257 5 62 74 16
50 50 313 125 131 416 323 155 430 116 83 147 6 25 122 203 96 82 111 145 148 128 260 70 204 69 129 187 27 283 127 270 47 60 401 357 205 113 159 248 66 166 364 55 41 109 163 103 88 44 112 29 140 15 379 40 37 157 56 19 287 158 329 78 11 340 249 52 2 389 63 297 253 296 42 62 142 186 100 257 89 322 207 141 79 126
52 52 249 78 140 129 137 92 429 155 447 446 287 158 263 11 2 147 89 96 71 69 153 283 29 131 205 119 66 107 37 130 166 127 60 270 6 257 16 391 163 10 296 40 157 123 103 340 44 355 389 322 159 151 242 42 168 142 430 59 100 297 83 329 122 351 253 70 207 186 74 50 62 113 82 38 145 148 141 128 76 47 313 5 225 22 144 33 27 79 126 109
55 357 55 128 286 293 433 264 252 111 255 214 275 236 449 41 213 131 219 36 476 202 385 116 155 430 125 147 6 50 122 203 96 416 82 323 145 148 313 129 27 127 270 401 47 113 159 248 83 163 103 25 88 44
56 56 379 260 323 382 413 112 15 229 410 19 415 402 400 279 420 397 417 201 411 243 484 412 418 285 268 295 362 205 125 416 50 116 69 83 25 313 70 111
59 59 481 107 157 151 242 153 158 388 142 71 249 293 217 252 69 22 140 283 119 123 127 168 10 29 5 129 205 287 355 351 166 155 74 38 130 89 187 66 11 296 6 340 322 391 186 389 78 96 159 52 147 42 92 37 2 364 83 40 257 113 270 100 207 137 163 16 76 141 103 144 33
60 60 297 253 329 155 432 47 79 126 187 66 204 427 325 122 205 309 367 323 422 166 364 127 270 131 100 168 153 129 113 207 6 2 96 203 351 141 11 225 40 147 37 130 38 287 119 430 158 157 257 186 163 50 249 52 63 5 69 29 78 159 125 140 260 296 70 82 401 10 145 148 128 313 103 248 44 116 74 16 88 111 27 89 123 322 62 92 137 109 41
62 62 44 96 364 358 427 103 140 131 40 66 257 89 6 187 29 168 11 155 430 153 391 71 92 60 249 52 207 147 203 2 78 50 122 82 141 129 145 148 128 313 296 322 127 130 159 163 297 27 253 287 47 16 5 270 137 401 76 248 144 33 88 41 74 79 126
63 204 63 487 70 465 236 206 370 209 231 459 188 395 292 447 373 368 302 169 109 369 374 284 303 430 416 163 199 297 57 371 240 25 305 372 6 2 60 125 66 78 159 145 131 130 29 253 137 207 141 79 126
66 66 168 153 60 207 6 2 96 467 488 141 449 11 208 40 457 179 297 253 257 157 155 163 130 5 29 140 78 159 131 119 329 127 391 287 103 44 187 351 37 74 16 47 296 129 70 89 79 38 126 123 204 107 69 158 122 322 100 249 52 71 364 62 92 355 137 147 283 270 430 113 205 76 10 50 203 166 225 151 242 82 144 33 145 148 128 142 109 59 186 313 25 340 389 27 42 63 83 22 41
69 69 283 205 338 486 166 440 226 247 157 437 340 389 159 467 42 78 37 142 488 208 83 179 482 36 350 444 445 6 125 107 296 22 137 416 323 168 5 2 113 92 249 52 11 100 153 151 242 140 29 158 59 163 66 50 71 130 329 116 122 131 225 70 129 119 186 25 313 89 96 10 322 260 257 16 287 111 40 147 123 207 47 355 109 74 141 82
70 70 204 109 163 25 63 125 482 6 2 416 478 352 323 344 349 452 236 442 171 50 66 78 159 116 83 130 313 29 131 119 69 153 260 203 283 111 168 137 205 96 11 207 166 296 322 140 40 92 249 52 89 141 128 100 147 340 71 389 401 112 15 42 56 248 82 19 145 148 88 16 103
71 71 140 29 107 275 89 213 157 151 242 296 322 391 149 153 202 241 176 283 59 198 158 96 222 292 6 216 200 279 92 249 52 142 11 78 40 37 257 66 69 129 76 168 119 22 2 131 159 155 205 123 144 127 103 33 10 137 44 5 130 166 163 287 355 16 351 147 60 74 113 207 38 100 62 340 186 389 42 122 141 70 83 270 225 82 145 148
74 74 153 127 287 351 334 38 123 130 187 66 107 155 236 277 119 213 355 219 427 158 149 251 129 364 2 157 151 242 11 168 59 329 60 10 207 100 142 6 270 96 147 71 249 52 141 203 131 40 140 37 78 163 69 257 5 225 29 186 297 283 22 253 113 16 296 205 159 122 166 89 401 92 103 44 137 322 248 47 88 340 79 126 389 82 42 62
76 76 391 144 257 33 29 450 474 428 40 296 322 11 6 89 71 140 66 37 96 16 159 129 130 107 2 131 168 163 249 52 92 207 100 103 44 113 147 141 151 242 59 62
78 78 137 2 92 249 52 69 179 140 283 444 205 341 166 430 339 163 129 157 130 66 340 119 11 6 389 159 89 42 96 37 142 153 71 83 70 155 29 204 287 107 158 147 168 125 100 131 60 207 257 296 22 391 416 5 127 16 323 10 329 113 141 151 145 322 242 103 44 40 109 225 59 25 50 270 122 186 123 74 355 62 63 82
79 79 60 297 253 329 155 432 449 47 120 459 126 187 66 431 334 427 205 325 434 122 364 127 270 131 100 168 153 129 113 207 6 2 96 203 351 141 11 225 40 147 37 130 38 287 119 430 69 158 257 186 78 157 50 163 5 249 52 29 140 296 159 82 401 10 145 148 128 103 248 44 313 74 16 123 88 27 62
82 82 131 412 155 430 486 147 6 50 122 203 96 334 145 148 128 439 201 313 129 27 187 125 127 111 270 47 60 401 357 113 159 248 66 416 153 364 323 55 41 163 103 88 116 44 29 140 40 287 158 329 11 249 52 37 2 297 253 62 186 391 100 257 168 119 89 70 69 78 351 296 83 322 207 25 71 10 130 38 141 123 92 225 79 126 74 355 16 109
83 83 125 69 416 323 283 205 166 50 157 405 338 486 116 219 465 420 340 389 159 446 25 42 313 78 37 142 260 70 111 204 203 6 131 107 296 22 137 168 5 2 187 163 128 113 92 249 52 109 112 15 379 401 11 56 100 19 151 242 155 248 122 140 29 364 430 59 158 329 66 63 88 71 96 147 129 357 130 82 225 186 145 148 55 89 41 322 16 27
85 237 85 162 443 449 434 482 349 442 476 105 448 346 357 478 352 344 55 128
88 88 203 187 401 248 364 489 116 131 429 476 414 366 160 462 436 329 368 292 111 125 351 416 323 38 155 430 147 6 60 50 122 153 96 82 145 148 128 313 100 129 27 83 25 127 297 253 66 270 47 357 113 159 70 287 225 55 41 163 103 44 40 74 79 126 62
89 89 140 29 249 296 322 391 71 96 6 52 92 303 11 78 40 37 257 66 107 76 129 131 2 159 153 144 103 33 44 137 69 158 163 16 155 157 151 242 283 130 168 147 287 59 113 205 60 119 62 207 100 166 142 430 70 127 141 329 10 50 122 340 389 225 5 82 123 42 145 270 148 128 186 22 355 83 74 27 109
91 91 328 460 470 405 211 220 338 463 420 406 456 468 471 190 226 247 265 286 440 461 454 361 362 419 228 290 424 433 462 464 437 465 239
92 92 78 140 137 249 52 2 89 388 96 71 69 11 302 263 283 29 205 129 166 66 130 6 37 107 163 157 153 119 296 391 40 155 103 158 340 44 257 389 322 159 16 287 42 147 131 142 168 60 83 70 151 242 100 62 204 207 59 127 125 113 10 329 141 76 5 22 122 123 270 225 144 186 33 355 74 109 25 82
96 96 103 44 140 131 40 66 62 388 263 368 257 89 6 29 168 11 155 430 153 391 71 60 92 249 52 207 147 2 78 50 122 203 82 141 129 145 148 128 296 313 322 127 187 157 130 159 163 107 297 27 253 287 47 125 37 119 158 16 5 270 137 111 76 113 401 357 364 69 329 248 416 144 33 55 351 100 41 88 70 116 74 151 242 59 79 38 10 126 123 142 355 186 225 83 25
100 100 329 225 37 113 130 187 360 119 432 449 392 172 60 364 213 296 122 153 489 461 36 415 431 334 11 186 366 2 10 69 297 253 351 47 283 66 155 158 203 205 38 78 131 29 166 257 6 16 129 127 140 157 163 391 287 79 126 96 74 340 389 168 159 40 249 42 52 89 142 147 401 123 322 107 207 137 71 92 248 270 83 355 70 141 88 116 82 5 76 145 148 22 144 103 33
103 103 96 454 44 140 131 40 66 350 249 62 222 257 89 6 29 168 11 155 52 430 153 391 71 60 92 207 147 78 2 50 122 203 82 141 129 145 148 128 296 313 322 127 187 130 157 159 163 107 297 27 253 287 47 125 37 158 119 137 16 5 270 111 76 113 401 357 329 248 144 33 55 351 100 41 88 116 74 151 242 59 79 126 123
104 104 353 453 469 451 480 475 479 477 289 318 320 198 246 446 279 316
107 107 157 151 242 153 59 158 293 252 142 71 214 213 392 283 149 241 219 36 262 216 222 202 69 292 22 140 119 123 127 168 10 29 5 129 205 287 355 351 166 155 74 38 130 89 187 66 11 296 249 52 6 340 322 391 186 389 159 96 147 42 78 37 92 2 364 60 83 40 131 113 257 270 329 100 207 163 16 137 76 141 103 44 144 225 33
108 108 0 228 469 480 423 466 475 48 479 36 476 477 234 445 289 318 366 176 160
109 109 70 204 163 432 25 63 125 476 6 2 358 416 323 50 66 78 159 116 83 130 313 29 131 119 69 260 203 283 111 168 137 205 96 11 207 166 296 322 40 92 52 89 141 340 389 112 15 42 82 19
110 110 244 408 405 362 392 439
111 111 116 128 125 203 459 357 416 131 447 323 55 41 430 49 132 8 268 187 319 401 50 248 364 88 155 313 83 25 147 6 122 145 96 82 260 148 70 329 204 69 351 60 129 27 283 38 127 159 270 47 205 163 113 166 109 112 15 103 44 56 19 340 389 63 42 62
112 112 260 323 412 15 379 56 19 420 410 258 402 400 279 397 201 243 484 417 411 285 268 125 398 418 205 295 436 413 224 195 215 416 50 116 83 25 313 69 70 111 109
113 113 122 37 186 100 119 10 329 296 225 47 429 262 263 60 131 49 130 158 187 11 69 283 155 364 205 153 297 253 29 166 2 6 430 203 147 157 50 96 257 391 107 16 82 340 140 389 123 145 159 127 148 128 351 129 42 78 66 322 313 142 79 355 89 126 125 40 38 83 270 163 287 71 27 401 151 242 52 116 248 111 59 92 74 88 22 103 76 137 55 44 41 5 207 144 33 141
116 116 111 125 203 416 323 469 466 187 475 479 128 477 234 401 289 318 476 248 320 176 198 246 446 50 364 316 292 436 88 83 131 25 357 313 260 55 41 70 329 204 69 351 283 38 155 430 205 147 6 60 166 122 96 109 112 82 163 15 379 145 148 56 19 157 159 340 389 63 100 42 27 142 270 47 103
119 119 10 130 95 49 158 153 186 8 138 121 38 4 2 39 20 463 137 310 118 11 51 100 113 111 1 43 53 78 129 329 123 351 37 107 66 187 225 355 127 122 155 163 287 257 74 60 364 16 249 52 140 157 6 151 242 116 147 296 128 69 168 59 92 131 96 391 70 142 203 71 204 207 47 29 283 40 205 297 253 141 270 159 166 357 89 5 55 22 41 322 401 109 340 389 248 42 103 25 79 126 82 88
122 122 47 113 131 60 236 219 149 202 241 37 262 186 292 204 235 188 100 254 155 430 277 329 297 253 147 6 50 203 119 96 10 82 145 148 128 296 225 313 66 158 79 129 11 126 187 27 130 125 153 69 127 111 270 401 357 159 283 248 2 416 364 323 205 55 41 163 103 40 88 116 44 168 29 140 70 166 63 257 287 207 78 249 52 351 16 123 62 83 141 340 389 89 25 355 42 322 74 109
123 123 355 153 158 433 233 449 119 350 482 127 107 10 129 352 478 476 287 344 290 444 445 442 349 351 155 74 38 130 187 66 157 151 242 186 59 147 11 364 142 2 249 52 71 113 270 168 140 131 329 60 78 207 100 6 69 96 37 22 257 5 29 203 141 122 40 16 163 89 296 225 92 159 137 82 103
124 178 124 302 171 167
125 125 416 323 465 386 50 116 420 83 206 370 459 231 25 313 395 260 169 373 430 70 302 369 374 284 111 204 303 362 57 203 375 249 450 372 69 131 283 205 187 166 128 109 112 15 379 401 163 56 19 157 248 6 364 159 340 155 389 63 88 78 145 42 147 37 357 142 122 2 96 82 52 148 55 41 329 129 351 27 113 137 296 22 270 47 5 92 103
126 60 126 297 253 425 438 329 155 451 480 423 214 466 408 47 475 477 479 79 187 234 66 432 289 318 320 176 198 246 385 446 205 122 364 127 270 131 100 168 153 129 113 207 6 2 96 203 351 141 11 225 40 147 37 130 38 287 119 430 69 158 257 186 78 157 50 163 5 249 52 29 140 296 159 82 401 10 145 148 128 103 248 44 313 74 16 123 88 27 62
127 127 155 153 350 270 60 352 171 356 287 129 237 351 348 175 474 357 346 74 131 4 219 271 394 372 149 38 158 123 130 187 66 107 297 253 119 355 147 329 11 364 2 6 249 52 157 430 151 242 96 47 203 168 59 10 50 122 79 126 140 128 207 100 82 142 78 145 85 148 71 55 37 313 257 141 163 40 69 113 29 186 16 162 27 111 159 401 5 225 296 248 89 22 92 103 44 137 41 88 116 322 62
128 128 111 357 55 41 131 432 116 428 431 334 155 430 125 147 6 50 122 203 96 416 82 323 145 148 313 129 27 187 127 270 47 401 60 113 159 66 248 364 83 163 103 25 88 44 29 140 40 70 287 52 62 186 207 109 141
129 129 155 287 158 147 249 52 11 153 488 208 395 131 127 444 270 140 60 78 119 10 123 107 257 37 355 16 130 96 66 430 2 92 297 351 6 187 253 157 186 391 137 71 74 122 151 89 242 50 203 329 29 59 38 82 69 296 145 148 128 142 47 364 40 100 313 283 113 168 205 27 163 79 159 125 207 126 166 103 44 322 401 111 357 225 76 141 248 22 116 5 55 41 144 340 88 33 389 62 42 83
130 130 119 463 153 2 458 11 100 363 281 275 310 120 10 329 234 37 66 388 95 225 385 78 49 435 158 127 187 113 163 287 351 257 186 74 129 16 155 140 60 6 38 364 123 296 107 168 249 52 355 96 391 70 137 69 122 204 207 92 40 29 157 283 131 147 141 297 205 253 151 159 242 71 89 166 203 270 59 47 142 5 109 322 76 340 103 44 389 25 42 79 126 144 33 63 22 83 401 62 248 82 88
131 131 486 155 430 147 467 6 50 122 203 96 488 82 145 148 120 208 128 479 457 179 313 482 36 350 476 444 129 187 27 125 127 111 270 47 60 401 357 113 159 248 66 416 153 364 323 55 41 163 103 88 116 44 29 140 40 287 158 329 11 249 52 37 2 297 253 62 186 257 100 168 119 89 70 69 78 204 351 296 83 322 391 207 25 71 10 130 283 38 107 205 141 123 92 225 166 79 126 74 355 16 137 109 340 5 389 42
136 210 136 150 211 220 206 190 226 247 265 286 290 48 228 250 293 233 239 252 264
137 137 78 2 92 249 52 318 69 95 341 49 119 349 140 283 439 237 8 121 105 38 138 409 4 39 205 20 166 163 130 129 157 66 340 11 6 389 159 153 89 42 96 37 142 71 83 351 70 155 287 158 29 204 107 147 168 125 60 100 85 187 131 207 10 257 296 22 416 127 5 113 329 16 162 141 151 242 322 103 44 40 225 109 59 25 123 270 74 355 186 62 63 82
140 140 89 96 92 249 52 71 11 78 29 444 129 107 66 391 40 296 137 2 103 44 257 37 322 6 16 153 131 155 158 130 69 147 287 119 157 62 151 242 283 59 168 205 163 60 159 166 142 207 76 127 100 113 430 10 122 144 141 33 329 270 123 50 340 389 5 82 70 42 355 186 225 145 148 128 351 22 74 313 83 47 27
141 141 66 168 153 60 423 207 6 2 96 429 11 435 40 385 263 262 297 253 257 157 155 163 130 5 29 140 78 159 131 119 329 127 391 287 103 44 187 351 37 74 16 47 296 129 70 89 79 38 126 123 204 107 69 158 122 322 100 249 52 71 62 364 92 355 137 147 283 270 430 113 203 205 76 10 50 166 225 151 242 82 144 33 145 148 128 142 109 59 186 313 25 340 389 27 42 63
142 142 22 69 107 283 214 157 205 213 166 151 318 241 242 246 262 153 292 216 254 222 315 59 316 221 158 204 235 340 389 159 71 42 78 37 83 6 168 125 5 140 29 119 123 127 129 296 10 137 416 323 287 355 351 2 155 74 66 113 130 92 249 52 89 38 11 100 70 186 63 322 96 163 147 50 116 40 225 25 207 109 16 141
144 144 391 76 257 33 29 302 368 450 26 428 40 296 322 11 6 89 71 140 66 37 96 16 159 129 130 107 2 131 168 163 249 52 92 207 100 103 44 113 147 141 151 242 59 62
145 430 145 131 412 382 413 155 486 229 415 147 374 258 402 6 400 50 122 203 96 82 148 128 313 129 27 187 125 127 111 270 47 60 401 357 113 159 248 66 416 364 323 153 55 41 163 103 88 116 44 29 140 40 287 158 329 11 249 52 2 297 37 253 62 186 296 257 100 168 351 89 70 322 207 83 25 71 10 141 79 126 16
147 147 129 131 155 287 158 430 486 368 249 52 448 153 11 6 50 122 203 96 82 145 127 148 128 270 60 313 140 78 119 27 187 10 125 66 123 111 47 107 37 257 401 357 113 159 355 16 248 416 2 364 323 297 55 253 130 41 351 163 103 88 329 186 116 44 391 89 29 92 40 71 157 69 296 74 137 151 100 242 38 168 283 59 62 142 207 205 70 166 79 126 322 141 83 25 225 76 5 340 389 22 144 33 42
148 148 27 131 432 459 155 213 430 486 334 147 315 385 6 50 122 203 96 82 145 128 313 129 187 125 127 111 270 47 60 401 357 113 159 248 66 416 364 323 153 55 41 163 103 88 116 44 29 140 40 287 158 329 11 249 52 2 297 37 253 62 186 296 257 100 168 351 89 70 322 207 83 25 71 10 141 79 126 16
151 151 107 157 242 149 153 59 158 262 142 71 288 240 293 199 238 278 259 252 69 22 140 283 119 123 127 168 10 29 5 129 205 287 355 351 166 155 74 38 274 130 89 187 66 11 296 249 52 6 340 322 391 186 389 159 96 147 42 78 37 92 2 364 83 40 113 257 270 100 207 163 16 137 76 141 103 144 33
153 153 127 287 351 236 74 213 219 149 241 38 123 130 187 134 66 107 155 262 283 222 216 204 119 188 355 235 158 277 240 199 212 129 251 253 398 238 381 259 364 2 157 151 242 11 168 59 329 60 10 207 100 142 6 270 96 147 71 249 52 141 203 37 131 78 69 40 140 163 257 5 225 29 186 297 22 113 391 205 63 16 159 296 70 166 122 89 92 401 137 103 44 322 248 340 47 389 88 79 42 126 82 62 145 148 83 109
155 155 127 270 60 129 131 219 153 149 202 292 221 204 297 253 347 147 240 238 483 329 287 158 430 249 52 47 11 187 6 50 122 66 203 79 126 96 82 351 145 148 128 119 123 74 313 107 364 140 130 38 355 78 27 2 100 10 125 111 168 257 37 401 357 63 113 159 16 207 248 416 157 40 70 151 242 163 55 71 41 103 88 59 186 116 44 225 89 29 92 141 296 142 137 62 5 25 109
157 157 283 5 168 69 107 149 241 205 222 221 254 188 204 166 240 151 242 199 278 142 153 238 59 158 194 340 389 66 159 71 42 78 37 83 22 6 125 140 29 119 274 123 127 129 296 10 137 60 416 96 207 323 287 355 155 351 2 63 74 113 130 92 249 40 70 52 141 89 38 11 100 186 322 163 147 257 297 50 253 25 116 225 103 44 270 109 16 79 126
158 158 290 10 119 129 123 107 153 355 149 202 241 239 283 262 200 222 186 254 155 235 204 157 151 242 240 287 147 288 238 59 249 52 127 142 11 130 71 113 140 351 131 69 74 60 270 66 78 2 38 22 100 187 122 168 205 37 29 5 329 96 257 166 6 16 89 364 391 92 63 296 225 430 297 70 253 137 47 163 40 340 389 50 159 207 322 42 82 145 148 83 141 103 79 27 126 109
159 159 182 6 361 69 264 360 161 283 180 205 166 172 179 36 176 134 157 486 430 169 222 163 338 171 341 29 178 358 170 131 340 66 389 175 308 192 42 78 37 142 2 83 296 70 204 125 322 391 96 107 168 155 89 153 22 40 60 416 137 140 207 11 323 147 5 71 145 50 122 203 113 130 257 82 141 124 92 249 52 148 128 119 151 109 129 242 100 25 313 158 127 59 329 116 76 297 27 253 47 63 103 287 44 270 144 33 401 111 357 186 225 10 16 248 55 41 123 88 62 74 79 126
162 162 237 85 360 172 209 443 134 169 427 170 175
163 163 6 2 70 204 66 78 159 109 130 25 29 131 119 63 153 125 69 168 137 416 96 323 11 60 283 207 296 322 391 140 40 205 92 249 52 155 37 89 141 430 100 166 157 257 147 71 50 122 127 329 203 129 187 83 116 10 82 287 158 297 145 148 253 128 340 113 107 389 5 225 351 313 42 74 16 142 103 44 47 76 186 27 38 123 270 144 33 401 111 355 151 242 62 248 79 126 59 55 41 22 88
166 166 69 283 205 299 430 170 157 325 159 175 338 486 340 389 335 327 440 226 247 42 296 184 168 78 37 326 142 437 183 223 28 333 60 182 287 83 1 98 165 273 6 125 107 22 137 416 153 5 323 2 113 92 249 52 11 145 100 129 151 242 329 158 297 155 140 131 253 163 66 59 29 50 122 130 71 116 119 70 127 225 186 147 313 25 96 89 10 47 257 79 126 123 16 322 74 111 40 355 270 207 82 109 141
168 168 157 5 66 325 323 253 166 309 153 60 422 207 327 6 335 227 102 2 96 190 69 107 141 11 40 283 205 297 257 155 159 78 163 130 29 151 242 140 329 158 131 37 119 142 127 391 59 287 71 103 44 187 351 340 389 74 296 47 16 42 79 129 70 126 89 38 125 260 123 100 249 52 83 122 137 322 92 364 62 22 355 113 147 10 270 50 76 225 186 82 144 33 145 148 109 25 112 15 19
178 178 124 171 175 167 173 184 118 441 98 1 159 111 73 94 6 116 128 69 283 205 166 357 55 41 163 340 389 42
186 186 10 113 119 250 472 161 473 158 255 408 365 122 457 37 179 413 414 405 100 36 350 431 334 263 176 364 262 366 369 434 478 400 352 435 279 373 356 216 299 377 374 235 341 442 349 221 130 329 153 296 225 47 129 60 123 131 107 355 11 2 155 69 187 157 287 283 147 205 151 242 127 297 66 253 29 166 78 59 142 430 6 249 52 351 96 203 140 71 50 74 257 163 38 16 82 340 270 168 389 145 159 148 128 42 89 322 313 79 126 40 22 137 83 92 207 27 5 141
187 187 489 364 462 239 419 329 365 414 351 461 457 203 464 38 366 362 290 160 367 153 308 60 331 401 368 248 230 100 88 116 131 297 253 155 225 127 111 130 125 37 113 287 66 119 74 47 416 323 79 126 123 430 107 2 11 158 147 355 129 6 50 122 296 96 82 270 186 168 145 10 148 128 313 207 151 242 59 27 83 40 141 25 16 41
203 203 187 401 248 364 489 88 116 382 131 414 413 415 229 388 416 410 400 258 402 329 419 279 397 111 125 369 417 411 239 201 295 243 484 418 462 205 268 398 285 365 351 323 38 155 430 147 60 6 50 122 153 96 82 145 148 128 313 100 83 129 27 25 69 297 127 253 270 47 357 113 70 159 260 283 66 287 37 225 55 41 29 163 103 44 130 166 40 74 79 126 62 340 389 109 42 112 15 19
204 204 63 70 236 292 487 368 188 240 297 199 278 109 242 153 157 163 155 60 245 143 25 158 43 465 122 156 276 17 90 61 241 154 218 149 125 6 2 416 323 107 274 253 127 47 131 329 50 78 159 113 129 151 270 123 287 116 119 168 83 10 59 66 5 69 29 313 355 351 142 74 79 126 186 71 147 260 38 37 130 100 111 52 296 137 322 22 92 82 207 145 148 141
205 205 424 69 283 166 417 268 398 411 157 224 338 486 164 340 260 389 159 396 440 226 247 146 332 42 78 270 272 261 37 142 60 112 437 203 410 415 56 139 19 382 402 83 258 243 23 397 412 484 418 115 400 413 323 379 125 6 155 107 416 296 22 137 168 5 2 15 113 187 92 249 52 153 11 100 297 253 151 242 131 66 401 140 29 158 50 59 127 163 248 364 129 122 329 71 119 130 88 116 70 225 313 25 186 47 96 89 147 287 79 126 351 322 10 257 40 16 111 207 123 82 141 74 109
207 207 66 180 168 153 60 6 2 96 258 344 430 416 141 11 325 40 138 308 309 297 253 257 157 155 163 130 5 29 140 78 131 159 119 329 127 391 287 103 44 187 351 37 74 16 47 296 129 70 89 79 38 126 123 204 107 69 122 158 322 100 249 52 71 125 62 364 92 355 137 147 283 270 145 113 203 50 205 76 10 166 225 151 82 242 144 148 33 128 313 142 109 59 186 25 340 83 389 27 42 63
210 210 136 150 211 220 190 226 247 265 286 290 48 228 250 293 233 239 252 264 206 255 214 281 275 208 209 231 236 213 234 289 219 36 149 229 202 241 246 198 258
225 225 100 329 432 209 37 113 364 187 130 344 299 119 377 49 323 422 297 60 253 418 461 421 360 240 371 296 122 153 11 186 2 10 69 351 47 283 66 203 158 205 38 155 78 131 29 166 257 127 6 129 16 140 163 391 157 287 79 126 125 260 96 107 74 340 168 389 159 40 249 52 147 401 42 89 123 322 142 207 71 137 83 248 92 116 355 270 88 141 151 242 82 59 5 112 15 22 19 103
237 237 85 443 162 434 349 442 452 448 105 357 346 379 102 353 355 352 87 354 127 28 449 137 351 24 347 478 298 70 291 186 54 348 453 153 204 38 187 78 104 56 155 123 55 10 119 113 364 260 158 109 163 128 2 25 63 287 329 37 122 129 92 270 249 52 74 100 130 111 112 15 19 41
242 242 107 250 255 275 157 236 151 213 36 153 59 158 262 216 222 292 142 221 254 188 204 235 71 240 387 212 199 293 278 259 252 194 241 214 69 22 140 283 119 123 168 5 127 10 29 129 205 287 355 351 166 155 74 274 38 130 89 187 66 11 296 249 52 6 340 322 391 186 389 159 63 96 147 42 78 37 70 92 2 364 83 40 113 257 270 163 100 207 16 137 76 141 109 103 144 33
244 244 110 392 362 439 387
248 248 203 187 401 364 489 88 116 176 131 188 170 411 309 398 414 422 347 462 329 111 125 351 416 323 38 155 430 147 6 60 50 122 153 96 82 145 148 128 313 100 129 27 83 25 127 297 253 66 270 47 357 113 159 70 287 225 55 41 163 103 44 40 74 79 126 62
249 249 52 303 78 140 129 89 2 59 35 125 15 137 74 92 155 158 287 11 147 96 153 71 69 260 416 283 323 66 119 131 130 205 107 37 163 166 60 127 6 157 270 257 29 16 10 123 40 391 83 142 103 44 70 50 355 340 168 389 151 112 242 159 379 116 42 56 19 100 430 113 351 207 25 297 253 313 296 322 122 62 186 141 82 145 148 22 225 47 109 5 27 79 126
253 253 60 297 155 329 325 47 227 79 321 168 259 270 126 432 326 66 187 280 153 313 223 296 337 287 207 181 225 485 122 127 364 100 131 129 113 6 50 2 96 351 203 130 11 141 147 37 40 38 158 119 29 157 5 430 74 249 257 52 186 125 78 163 107 10 123 140 82 159 145 148 401 128 355 103 44 248 322 89 116 71 16 88 27 62 41
257 257 391 11 40 179 76 29 96 445 66 144 33 442 284 406 308 37 16 140 296 129 130 6 322 153 89 119 168 2 71 60 207 155 131 103 44 287 249 52 100 158 78 147 113 141 329 92 159 163 69 107 157 127 62 122 10 297 225 283 253 5 186 205 430 351 123 137 270 74 166 70 50 151 242 355 82 59 145 148 47 79 340 126 389 42 27
260 260 323 112 15 379 412 56 19 420 413 229 125 410 402 258 400 279 397 201 243 484 364 417 411 377 418 285 398 268 205 416 50 116 187 83 25 313 69 70 203 111 204 283 166 401 340 109 389 248 42 88
270 270 155 127 60 382 413 415 129 410 131 258 402 153 400 279 253 397 201 417 295 418 411 243 484 268 285 205 308 398 288 195 297 224 219 396 149 147 329 287 158 430 249 52 47 11 187 6 50 122 66 203 79 126 96 82 351 145 148 128 119 123 74 313 107 364 140 130 38 355 78 27 2 100 10 125 69 111 37 168 257 401 357 159 157 113 16 207 248 29 416 151 242 40 55 41 71 163 103 88 59 186 116 44 225 92 296 141 142 89 137 5 62
274 278 274 424 172 428 431 320 434 299 241 132
278 278 274 424 241 262 283 221 417 254 204 235 240 288 212 238 259 383 331 317 321 232 157 194 69 63 70 205 166 5 168 107 340 389 42 109
283 283 69 205 222 254 157 166 240 278 142 338 486 232 340 245 153 83 389 159 158 440 226 247 42 424 78 143 37 17 437 61 71 55 21 241 150 125 357 107 6 210 22 416 323 274 296 137 5 168 140 2 29 113 151 249 242 52 92 128 11 66 100 59 50 119 123 10 127 163 129 116 89 131 111 355 287 155 391 96 186 351 329 122 25 322 70 74 313 225 38 130 40 41 257 207 16 147 141 109 103 82
287 287 153 129 172 209 155 428 127 431 334 158 147 299 188 427 351 249 52 74 422 170 325 309 323 421 253 11 166 319 123 107 130 38 119 66 187 355 131 60 270 140 2 364 78 157 151 10 242 329 96 59 168 6 257 37 16 71 100 69 142 207 203 297 430 283 40 29 92 141 113 391 137 50 186 205 89 163 122 125 260 225 5 82 159 296 145 47 148 128 22 313 103 44 79 401 126 322 340 389 27 248 42 83 88 62 41
296 296 37 29 209 428 431 334 322 391 299 113 422 166 325 6 89 170 309 323 421 11 69 100 26 253 297 326 335 426 71 227 327 102 215 40 283 140 257 205 329 122 225 159 66 186 76 157 130 60 96 119 153 144 107 33 187 2 340 16 389 163 10 142 129 42 78 249 52 131 92 47 83 155 168 364 158 207 151 125 260 242 287 147 70 59 22 127 141 5 103 44 351 137 123 79 74 126 62 270 82 25 112 15 109 19
297 297 60 253 329 155 368 204 309 421 47 327 335 79 326 126 432 280 184 330 187 66 223 296 333 287 225 98 324 248 273 122 127 364 270 100 153 203 131 129 168 113 207 6 2 96 351 63 37 11 141 130 147 70 40 38 29 119 158 401 430 163 186 249 257 52 78 157 50 5 88 116 10 140 159 82 74 145 148 128 322 103 44 89 313 111 109 123 16 25 27 62
313 313 50 125 131 416 323 253 39 331 20 312 185 155 430 116 83 147 6 25 122 203 96 82 111 145 148 128 260 70 204 60 69 129 187 27 283 127 47 270 401 357 205 113 159 66 248 166 364 55 41 109 163 103 88 297 44 112 29 140 15 329 379 40 56 19 287 340 52 389 63 42 62 186 207 79 126 141
322 322 29 296 391 6 89 402 400 71 295 40 285 268 308 411 398 140 187 195 37 257 76 66 96 159 144 107 33 11 163 131 364 153 69 2 92 249 52 157 78 113 168 151 242 283 60 100 70 59 207 158 205 129 155 204 130 142 103 44 203 166 329 119 16 141 430 351 147 287 137 127 225 50 122 186 5 62 340 10 389 82 145 148 42 22 109 123 83 74 25 27
323 323 420 260 125 416 422 421 215 327 335 112 15 379 326 390 50 56 280 296 19 168 333 223 60 225 116 287 485 465 162 274 273 83 191 412 174 72 25 313 278 70 237 111 204 203 69 153 85 131 283 100 37 205 157 187 297 253 166 129 29 66 128 109 5 6 401 329 163 155 364 248 122 147 113 159 2 340 430 389 11 63 88 130 96 127 42 47 78 142 357 79 351 126 322 82 145 148 89 55 41 40 74 207 141 27 22 16
328 328 91 460 470 211 220 338 463 420 406 456 468 471 190 226 247 265 286 440 461 454 361 290 228 424 433 462 464 437 465 233 239 252 264 419 472 161 386 467 469 473 180 255 451 363 214 281 423 466 408 405 275 310 365 475 120 172 206 208 392 209 236 459 457 213 234
329 329 187 461 364 464 60 419 489 365 100 414 366 362 462 297 253 160 367 368 239 351 225 203 155 37 38 113 13 153 130 47 119 122 79 126 66 401 296 127 11 2 248 186 131 270 88 116 10 69 129 168 287 158 6 96 207 283 29 74 78 205 111 257 125 147 157 141 140 163 166 16 123 40 107 50 159 52 355 128 82 89 340 389 145 322 148 5 42 83 137 103
340 340 69 283 205 166 457 157 338 486 445 389 159 440 226 247 42 78 341 37 142 437 105 83 192 467 177 371 381 6 125 107 296 22 137 416 323 168 5 2 113 92 249 52 11 100 153 151 242 140 29 158 59 163 66 50 71 119 130 329 116 122 131 225 70 129 186 25 313 89 322 10 257 16 287 111 40 123 207 109 74 141
351 351 38 187 153 364 489 472 473 449 459 329 482 219 350 462 419 239 203 478 434 377 461 127 365 442 356 349 303 414 237 357 285 464 287 346 347 448 380 348 74 60 155 123 130 66 107 119 355 158 401 100 129 248 2 88 116 157 151 242 297 253 131 11 168 59 225 37 6 10 270 207 96 147 142 55 85 113 71 111 125 141 122 128 249 52 78 40 47 140 162 186 163 79 257 126 5 22 16 82 103 41
353 353 104 453 478 352 434 377 442 171 349 452 237 356 347 348 448 357 346 469 175 451 480 379 394 56 85 55 162 260 128 41
355 355 123 153 158 350 478 352 344 349 442 452 171 356 127 357 237 346 433 448 347 348 175 394 353 233 256 343 378 354 119 376 449 443 107 10 129 287 155 351 74 38 130 187 66 157 151 242 186 59 147 104 11 364 142 60 2 249 52 71 55 85 270 131 113 329 168 140 207 100 78 162 6 96 128 37 22 257 5 297 141 122 253 40 16 163 225 92 47 82 79 41 126
357 357 433 55 449 128 478 442 356 237 348 347 346 379 394 286 111 355 378 353 343 293 354 127 351 264 252 152 298 41 255 24 131 349 116 153 38 187 104 56 155 123 430 125 85 147 203 323 364 6 50 122 96 416 158 82 260 145 162 148 313 129 27 270 287 401 47 74 248 159 83 88 112 15 103 25 19
364 364 187 461 462 464 239 489 365 414 329 366 419 290 160 362 368 367 351 203 38 457 225 98 153 260 60 186 218 0 139 62 85 130 363 40 100 401 237 248 119 88 116 323 297 113 253 131 44 108 37 96 155 162 10 127 66 2 125 122 257 111 11 287 74 112 15 416 47 379 29 296 56 391 6 19 79 158 123 126 107 129 430 355 140 168 147 50 103 270 207 163 82 145 148 128 89 322 71 151 242 313 16 141 59 83 25 76 27 144 33
379 379 56 260 323 237 348 357 346 381 378 112 15 353 19 125 416 104 85 55 162 50 116 128 83 25 313 111 41
389 389 69 283 205 166 408 157 338 486 340 385 159 440 226 247 42 78 263 37 142 368 437 439 277 83 8 217 6 125 107 296 22 137 416 323 168 5 2 113 92 249 52 11 100 153 151 242 140 29 158 59 163 66 50 71 119 130 329 116 122 131 225 70 129 186 25 313 89 322 10 257 16 287 111 40 123 207 109 74 141
391 391 76 144 257 33 29 428 26 40 381 359 296 322 11 6 89 71 140 66 96 37 16 153 159 129 130 107 2 168 119 163 249 52 131 69 92 207 78 113 100 103 44 158 287 141 147 151 242 59 62 225
401 401 203 187 248 415 364 400 489 88 116 397 131 418 268 411 398 224 195 382 413 414 462 329 396 111 125 351 416 323 38 155 430 147 6 60 50 122 153 96 82 145 148 128 313 100 129 27 83 25 127 297 253 66 270 47 357 113 159 70 287 225 55 41 163 103 44 40 74 79 126 62
416 416 125 323 430 169 57 50 304 13 375 465 116 386 173 420 65 83 300 330 3 25 203 370 204 301 97 313 81 63 374 206 395 260 459 35 15 207 231 373 342 31 302 70 305 303 369 186 218 487 115 372 193 284 371 111 69 131 283 205 145 166 112 66 128 379 109 56 19 163 10 6 187 113 119 157 155 159 401 340 2 389 147 96 248 42 122 78 357 364 37 142 158 82 88 168 148 55 41 100 130 27 40 141 5 22 270 137 47 103
430 430 145 374 131 416 288 166 304 375 185 173 65 300 301 204 165 125 63 81 159 291 111 207 35 78 31 412 386 155 487 54 486 6 50 147 203 122 96 128 82 323 148 313 69 66 116 187 129 283 27 60 357 205 70 127 401 270 47 153 113 163 137 248 83 55 364 41 140 2 29 88 40 103 44 157 25 37 168 92 249 11 52 287 158 340 329 389 260 297 42 253 296 142 109 89 62 141 100 186 257 322 71 5 22 79 16 126
