0 0 108 48 310 120 228 36 476 445 469 366 160 480 134 423 466
2 2 78 163 130 66 281 119 6 153 249 70 137 427 463 170 285 204 11 168 92 52 60 207 69 100 96 140 141 159 283 40 329 37 10 205 109 29 127 257 157 131 129 155 287 166 225 25 158 351 187 297 253 113 74 16 391 5 296 89 125 63 123 340 186 71 107 389 38 42 142 103 122 147 44 322 355 83 47 79 126 270 62 82 22
5 5 157 168 190 433 441 233 66 69 107 482 350 36 476 283 153 205 166 151 242 60 142 207 59 6 158 2 96 159 340 389 78 141 11 71 37 42 40 83 29 140 22 297 127 253 130 257 163 287 296 123 129 351 74 137 10 52 103 44 92 355 89 16 47 322 79 126
6 6 159 163 29 131 66 385 182 2 169 361 486 70 69 296 322 391 204 96 168 155 89 153 283 40 60 430 207 147 205 71 50 122 203 78 166 82 140 141 37 11 145 148 128 157 257 130 109 125 313 340 127 129 389 187 25 119 76 107 42 297 27 253 142 47 113 103 5 44 270 416 52 111 83 144 33 63 401 92 137 249 329 100 357 248 158 287 55 351 41 88 116 74 16 151 242 62 79 126 123 22 59 225
10 10 119 158 186 113 130 290 263 200 369 356 472 250 188 153 129 123 107 355 37 100 122 2 11 287 155 157 151 242 147 329 59 225 127 52 142 296 249 71 131 66 47 78 69 140 351 74 257 163 16 38 270 22 5
11 11 406 257 37 16 140 129 130 66 408 119 405 391 385 153 435 296 2 155 96 52 287 40 100 158 249 147 113 89 168 29 78 60 92 71 207 69 6 329 141 127 10 131 225 283 76 205 122 107 157 186 163 144 33 187 166 270 322 123 103 44 159 351 297 137 253 74 5 355 340 142 389 38 42 151 242 62 59 83 47 79 126 82
15 15 260 323 112 420 370 56 19 379 395 412 388 445 416 302 374 284 303 362 413 229 410 125 50 116 83 25 313 111
16 16 11 406 363 275 257 37 385 140 388 476 129 130 66 447 95 408 339 362 49 138 132 119 391 153 296 2 155 96 52 287 40 100 158 249 147 113 89 168 29 78 60 92 71 207 69 6 329 141 127 10 131 225 283 76 205 107 157 186 122 163 144 33 166 270 322 123 103 44 159 351 297 137 253 74 5 355 340 47 389 42 62 79 126
19 19 260 323 112 15 420 413 56 379 412 382 229 410 258 402 400 279 397 417 415 201 411 418 243 285 295 398 268 484 205 195 125 416 50 69 116 83 25 313 111
22 22 142 228 69 107 392 477 234 246 289 388 283 316 214 198 294 157 205 196 436 288 213 166 151 242 153 59 158 340 389 159 71 42 78 37 83 6 125 5 140 168 29 123 127 296 10 137 129 287 351 2 355 74 92 52 113 89
25 25 125 70 204 416 323 281 109 465 392 163 50 420 386 116 429 373 83 63 313 6 260 2 111 203 69 131 283 205 159 78 166 128 66 112 15 401 56 19 379 130 248 340 389 88 147 42 82 137 145 148 41
27 27 148 131 451 480 466 475 479 477 234 289 318 320 176 315 198 446 316 134 409 486 294 436 432 196 155 430 147 6 50 122 203 96 82 145 128 313 129 187 60 125 127 111 270 401 47 113 159 357 248 66 416 55 41 163 29 103 88 116 44 40 287 62
29 29 296 322 391 6 89 71 488 40 208 179 140 350 37 444 445 257 76 66 159 96 144 107 33 11 163 131 153 69 2 92 52 157 249 113 78 168 151 242 70 60 100 283 59 207 158 142 155 205 129 103 130 44 166 141 16 147 50 122 225 287 82 186 5 137 340 62 145 148 389 42 22 109 74
33 33 391 76 144 257 29 428 450 40 296 322 11 6 89 71 140 66 37 96 16 159 129 130 163 92 207 103 141
37 37 296 113 11 69 100 283 476 205 329 341 450 29 166 122 225 186 130 157 257 119 16 340 140 389 391 159 187 129 42 78 66 142 6 10 153 322 60 83 89 2 47 40 71 131 364 52 96 125 249 155 168 287 158 92 107 147 22 137 76 163 416 297 253 5 207 351 127 144 33 141 151 242 74 59 82 103 79 126
38 38 351 187 153 489 364 95 49 472 473 8 138 119 121 39 449 462 459 419 239 329 482 137 118 219 365 51 94 350 203 127 287 74 130 78 123 66 107 60 155 158 355 10 401 100 129 248 2 88 116 157 151 11 242 131 168 59 297 52 253 249 225 92 207 142 186 113 71 147 270 141 79 126
40 40 257 96 29 66 391 488 423 214 392 370 405 11 6 435 431 296 322 140 168 89 103 153 44 60 131 207 71 2 76 141 37 144 33 62 155 130 159 163 16 297 129 52 253 92 119 107 157 249 5 147 78 430 287 122 329 127 50 203 100 113 158 351 82 74 145 148 70 128 47 79 126 123 151 242 313 270 59 27 225
41 41 128 111 252 357 55 131 281 428 431 334 299 358 427 116 155 430 125 147 6 50 122 203 96 82 145 148 416 323 313 129 27 127 270 401 47 113 159 248 163 103 88 44 83 25
42 42 69 283 205 166 338 486 440 226 247 157 444 437 340 389 159 78 467 37 142 474 488 177 83 6 125 107 296 22 137 416 5 2 323 168 113 92 52 11 249 100 151 242 140 29 59 163 158 66 50 71 130 116 122 225 186 25 16
44 44 62 96 444 445 103 140 131 40 66 257 6 89 29 168 11 155 153 71 60 92 52 430 207 391 147 249 2 50 122 203 78 82 141 145 148 128 129 313 296 322 159 163 27 47 16 5 270 137 41
47 47 60 122 297 253 113 329 155 131 95 160 432 79 126 66 187 37 186 100 6 127 430 147 270 96 203 364 50 82 168 145 148 128 10 119 225 153 129 296 207 2 313 130 141 158 11 27 351 40 401 159 111 163 248 287 116 103 44 88 55 41 5
50 50 313 125 131 416 323 486 465 217 155 116 430 83 147 6 25 122 203 96 82 145 148 128 111 260 70 204 69 129 187 27 127 270 47 401 283 60 113 159 357 66 248 205 55 41 166 163 103 88 44 29 140 109 40 112 15 56 19 287 379 340 389 42 62 63
52 52 249 78 140 129 429 137 92 447 155 446 263 287 158 11 2 147 89 96 71 69 153 283 29 131 205 66 107 37 130 119 166 127 60 270 257 6 16 163 10 157 123 391 40 296 103 340 44 389 159 42 322 355 142 151 242 168 83 100 59 207 74 62 186 82 145 148 141 22
55 357 55 128 286 433 293 264 252 255 449 214 111 275 236 213 219 41 36 476 131 478 202 385 160 315 116 155 430 125 147 6 50 122 203 96 82 145 148 416 313 27 270 401 47 248 103 88
56 56 379 260 323 382 413 229 410 112 402 415 15 420 400 279 397 417 201 19 243 411 484 418 412 285 268 398 295 205 362 125 416 69 50 116 83 25 313
59 59 481 107 157 151 242 153 158 388 293 142 252 249 71 217 214 69 22 140 123 127 10 29 5 129 283 119 168 287 351 205 355 74 166 155 52 130 66 38 89 11 78 296 6 340 322 186 389 159 96 147 42 92 37 2 83 40 270 207 16 141
60 60 297 253 329 155 432 47 79 126 66 187 204 325 427 205 309 367 323 422 122 464 166 461 127 270 364 100 131 168 153 129 207 6 2 113 96 69 141 11 203 351 40 225 37 63 147 130 283 287 70 125 260 38 157 158 119 78 163 257 430 159 50 5 186 29 140 52 82 296 145 148 128 401 103 44 340 313 389 248 74 16 42 83 88 25 109 27 112 15 19
62 62 44 96 364 358 427 103 140 131 40 66 187 257 6 89 11 29 168 155 71 92 52 430 207 203 147 249 2 50 122 78 82 141 145 148 128 313 322 27 16
63 204 63 487 465 70 236 206 370 188 209 231 459 395 292 368 373 447 302 374 369 240 284 169 297 199 303 430 416 371 305 372 57 109 163 25 60 6 2 125 145 253 159 79 126
66 66 168 153 60 207 6 2 467 96 488 141 449 11 208 40 457 179 297 253 257 163 155 130 5 157 29 140 78 159 131 329 127 119 287 391 103 44 351 37 74 187 16 47 129 79 296 126 123 70 107 89 38 69 158 122 322 100 52 71 62 204 92 249 355 137 364 147 270 283 113 430 203 205 50 76 10 151 242 166 82 225 145 148 128 59 142 144 33 109 186 25 340 389 27 42
69 69 283 205 338 486 166 440 226 247 157 437 340 389 159 467 42 78 37 142 488 208 83 179 482 424 36 350 444 445 6 125 107 296 22 137 416 5 2 323 168 113 92 52 11 249 100 151 153 242 140 29 158 59 163 66 50 71 130 329 116 122 131 119 225 129 186 25 70 313 89 257 322 16 10 207 141
70 70 204 109 163 25 63 482 125 236 6 478 2 352 344 452 487 349 442 171 416 323 50 66 78 159 116 83 130 29 131 313 119 69 260 203 111 168 137 207 322 40 92 141 82
71 71 140 29 107 275 213 89 149 157 202 241 151 242 296 322 391 176 283 216 198 222 292 153 279 200 59 158 96 6 92 52 142 11 249 40 78 37 257 66 69 129 76 22 131 159 168 119 2 123 144 127 33 155 10 205 103 5 44 130 137 163 287 16 166 351 355 74 147 100 207 38 62 340 113 389 186 42 141 83 82
74 74 153 127 287 351 236 334 213 219 277 123 149 130 66 107 251 38 241 253 427 134 325 187 155 119 355 158 129 2 60 364 157 151 242 11 168 59 329 207 100 142 6 10 96 71 270 147 141 40 297 52 203 131 140 37 249 78 163 257 5 225 29 113 22 16 186 47 79 126 103
76 76 391 144 257 33 29 450 428 474 40 296 322 11 6 89 71 140 66 37 96 16 159 129 130 163 92 207 103 141
78 78 137 2 92 52 249 69 179 140 283 444 341 205 430 339 166 163 129 157 130 66 340 389 159 119 11 6 42 37 142 89 96 153 83 71 70 155 287 158 29 107 204 147 168 125 100 60 131 145 207 296 22 257 5 416 113 141 127 16 10 40 103 44 151 242 109 225 322 25 59 270 74 62
79 79 60 297 253 432 329 155 449 120 459 47 427 126 431 334 205 325 66 323 422 367 434 187 122 127 270 364 100 131 168 153 129 207 6 2 113 96 141 11 69 203 351 40 125 260 225 37 147 130 287 38 50 257 159 163 5 186 82 145 148 103 74 16
82 82 131 486 412 155 430 147 6 50 122 203 334 467 96 439 488 201 145 148 128 313 129 187 27 125 127 111 270 47 60 401 113 159 357 248 66 416 55 41 364 163 103 323 88 116 44 153 29 140 40 287 158 329 11 52 2 297 37 249 253 62 186 168 296 100 257 351 89 70 322 207 83 71 25 141 79 126
83 83 125 69 416 323 283 205 166 338 486 465 405 50 219 420 440 226 247 157 386 116 437 446 340 389 159 25 42 78 37 142 313 260 70 111 203 204 6 131 107 296 22 137 5 2 113 168 92 163 52 128 11 249 109 100 112 15 401 56 19 379 151 242 248 122 59 88 147 63 225 82 145 148 41
85 237 85 162 443 449 434 349 442 482 476 448 105 360 357 346 379 478 352 452 344 56 55 260 128
88 88 203 187 401 248 489 364 116 131 429 476 382 414 462 366 413 368 160 436 292 329 111 125 351 416 155 323 38 430 147 6 50 122 60 96 82 153 145 148 128 313 100 129 27 83 25 127 113 270 47 159 55 41 103 225
89 89 140 29 249 296 322 391 71 96 6 303 52 92 11 40 78 37 257 66 107 129 76 131 159 2 144 33 103 44 153 137 163 69 16 158 155 130 157 151 242 168 147 283 59 287 113 62 207 100 205 142 166 122 141 82 340 145 389 148 5 42
91 91 328 460 470 211 220 338 463 420 406 456 468 471 405 190 226 247 265 286 440 461 454 361 290 228 424 433 462 464 437 465 362 233 239 252 264 419 472
92 92 78 140 137 52 249 2 388 89 96 302 263 71 69 11 283 29 205 129 166 66 130 37 163 107 6 157 40 153 119 296 103 391 340 44 257 389 159 16 155 158 42 322 131 142 287 147 83 168 70 151 242 100 62 207 59 141 22 5 76 144 33
96 96 103 44 140 131 40 66 388 62 263 368 257 6 89 29 168 11 155 153 71 60 92 52 430 207 391 147 249 2 50 122 203 78 82 141 145 148 128 129 296 313 322 127 130 159 163 107 297 27 253 47 157 37 125 287 16 5 270 111 401 113 137 158 76 357 248 55 144 41 33 88 116 74 151 123 242 79 126 59
100 100 329 225 37 113 130 360 187 432 119 449 392 172 461 60 213 489 419 464 36 415 431 334 366 296 344 153 364 122 11 186 2 69 10 297 253 351 47 283 66 155 203 205 158 78 29 131 38 166 257 16 127 140 129 6 163 157 287 79 126 74 340 107 389 159 96 42 168 123 142 40 89 52 147 401 322 83 207 71 137 92 248 270 355 141 88 82
103 103 96 454 44 140 350 131 40 66 249 222 277 62 257 6 89 52 29 168 11 155 153 71 60 92 430 207 391 147 2 50 122 203 78 82 141 145 148 128 129 313 296 322 127 130 159 37 163 107 297 27 253 47 287 16 5 270 137 113 401 111 76 248 55 144 41 33 88 74 79 126
104 104 353 453 469 451 480 475 479 477 289 318 198 246 320 446 279 352 478 434 316
107 107 157 151 242 153 59 158 293 252 142 71 214 213 149 392 283 241 262 219 36 222 481 216 204 202 292 254 188 134 69 22 140 123 127 10 29 5 119 129 168 287 351 205 355 74 166 155 130 66 38 89 187 11 296 52 6 340 322 391 186 389 249 159 96 42 147 78 63 37 92 2 70 83 40 113 257 100 270 207 163 16 137 141 103 109
108 108 0 228 469 480 48 423 466 475 36 476 479 477 445 234 289 318 366 160 310 176
109 109 70 204 432 163 25 476 63 125 358 6 2 416 323 50 66 78 159 116 83 130 29 131 313 111 137 207 141
110 110 244 408 405 392 362 439
111 111 116 128 459 125 203 357 447 49 430 131 55 132 41 416 8 323 319 268 187 401 50 248 364 88 155 83 313 145 25 147 6 122 96 82 148 260 70 329 351 129 27 270 47 163 103 109 112 15 19
112 112 260 323 412 15 420 56 19 410 379 258 402 400 279 397 201 243 484 417 268 285 411 418 398 205 295 436 229 224 195 215 413 125 416 50 69 116 83 25 313 111
113 113 122 37 186 100 10 329 119 429 262 296 225 263 47 49 131 60 130 11 69 158 187 283 155 205 153 364 29 166 297 2 253 6 430 203 147 157 50 96 257 16 82 340 140 389 145 159 148 128 107 129 42 78 66 123 351 142 127 313 322 83 89 79 126 40 355 163 270 287 71 27 401 248 74 88 22 103 41
116 116 111 125 203 416 469 323 466 475 187 479 477 289 234 128 318 476 401 176 198 246 320 446 465 316 248 489 292 436 50 364 88 83 131 25 313 357 260 55 41 70 329 204 69 351 155 283 38 430 147 205 6 122 166 96 82 145 109 148 112 163 15 56 19 379 159 340 389 42 27 63
119 119 10 130 95 49 158 8 138 121 38 153 186 4 39 463 20 2 310 137 458 118 51 111 1 53 11 43 120 100 113 78 351 129 329 123 187 37 107 66 225 127 116 355 163 287 122 128 155 257 74 16 364 52 140 60 249 6 69 157 92 151 242 147 296 131 203 168 59 70 96 71 207 142 40 357 47 55 141 41 270
122 122 47 113 131 60 236 219 149 202 241 262 486 292 204 235 37 188 186 254 277 100 155 430 329 297 147 253 6 50 203 96 82 145 148 128 10 119 296 225 313 66 79 129 126 187 27 11 130 158 125 69 127 111 270 153 401 63 159 357 70 248 283 2 416 55 41 163 103 88 116 44 40 205 29 140 168 166 287 257 207 16 62 83 141 25 340 389 109 42
123 123 355 153 158 433 233 449 350 482 290 478 352 476 127 344 107 10 349 442 119 129 171 444 445 452 356 287 351 74 155 130 66 38 187 157 151 242 186 59 147 11 142 2 364 52 71 60 249 168 113 270 329 140 131 207 100 6 96 37 78 141 22 257 5 40 16 225
124 178 124 171 167 302 175 173 184
125 125 416 323 465 386 50 420 116 83 206 370 459 231 25 395 313 169 373 430 302 260 369 374 284 57 70 303 362 375 249 450 372 111 203 204 69 131 283 205 187 166 128 109 112 15 401 163 56 19 157 145 379 248 6 340 159 155 389 52 78 364 88 42 63 147 37 142 122 2 96 82 357 148 55 41 137 27 22
126 60 126 297 425 253 438 329 155 451 480 423 214 466 408 475 477 432 479 47 234 289 79 318 66 205 320 176 198 367 246 385 446 187 122 127 270 364 100 131 168 153 129 207 6 2 113 96 141 11 203 351 69 40 225 37 147 130 287 38 257 159 163 5 186 82 145 148 103 74 16
127 127 155 153 350 352 270 60 171 356 237 219 348 357 175 474 149 355 287 129 346 351 271 4 394 372 87 74 131 123 130 66 107 38 158 187 297 119 253 147 329 11 2 364 6 157 52 151 242 96 85 55 47 249 430 203 168 59 50 122 128 79 10 126 207 100 82 142 140 145 148 71 78 162 141 37 313 257 40 163 113 16 111 27 159 186 5 225 401 248 22 103 44 41 88
128 128 111 357 55 41 131 432 116 428 431 334 486 155 430 125 147 6 50 122 203 96 82 145 148 416 323 313 129 187 27 60 127 270 401 47 113 159 248 66 163 29 103 88 44 83 25 40 62
129 129 155 287 158 147 52 11 249 488 153 208 395 131 444 127 270 140 60 78 10 119 123 107 257 37 16 355 130 66 96 2 92 297 6 430 351 253 157 186 391 137 71 122 74 89 151 50 242 187 203 329 82 59 69 296 145 148 29 128 38 142 40 100 47 113 168 313 79 207 126 27 163 159 103 44 141 401 225 76 322 248 22 5 41 144 88 33
130 130 119 463 153 2 458 11 100 281 363 275 310 120 234 10 95 388 329 49 385 37 435 66 225 78 127 163 113 158 287 187 351 257 74 16 129 140 186 155 60 123 6 107 38 296 364 168 355 52 391 70 137 96 69 249 122 207 92 40 204 157 29 141 147 283 131 151 242 71 297 89 205 253 159 59 142 166 270 47 5 109 76 322 340 103 389 44 25 42 79 126 144 33 22
131 131 486 155 430 147 467 6 50 122 203 96 488 82 145 148 120 208 128 479 457 179 482 36 350 476 313 444 129 27 187 125 127 111 270 47 60 401 113 159 357 248 66 416 55 41 364 163 103 323 88 153 116 44 29 140 40 287 158 329 11 52 2 37 297 249 253 62 186 168 391 100 257 89 70 69 351 296 322 78 83 207 71 25 10 130 141 92 79 126 123 225 74 16 109
136 210 136 150 211 220 206 190 226 247 265 286 290 48 228 250 293 233 239 252 264 255 214 281 275
137 137 78 2 318 92 52 341 249 95 69 49 119 349 439 237 121 8 38 4 105 138 409 39 179 20 140 283 205 166 130 163 129 157 66 351 340 389 159 153 11 6 42 37 142 89 96 85 83 187 71 10 158 70 155 287 107 147 29 100 168 125 162 207 296 22 40 113 5 257 141 16 186 225 103 44 109 25 74
140 140 89 96 92 52 71 11 249 78 29 444 129 107 66 40 103 391 44 257 37 296 137 16 2 322 131 6 130 153 158 155 69 147 119 287 157 62 151 242 59 283 168 60 205 142 207 100 163 159 166 76 127 113 141 122 10 144 33 50 270 123 340 82 389 145 148 5 42 225 22 74 83
141 141 66 168 423 153 60 207 6 2 96 467 435 429 385 488 11 263 262 40 297 253 257 163 155 130 5 157 29 140 78 159 131 329 127 119 287 391 103 44 351 37 74 187 16 47 129 79 296 126 123 70 107 89 38 69 158 122 322 100 52 71 62 92 249 355 137 147 270 113 76 151 242 82 225 145 148 59 144 33 109
142 142 22 69 107 283 214 213 157 205 241 318 166 246 262 338 486 292 151 242 216 222 315 254 316 221 204 228 235 153 59 158 340 389 159 71 42 78 37 83 6 125 5 140 168 29 123 127 296 10 129 119 137 287 63 416 351 2 70 355 74 113 66 92 52 130 11 249 100 89 38 186 322 163 25 109
144 144 391 76 257 33 29 428 302 26 450 368 381 359 40 296 322 11 6 89 71 140 66 37 96 16 159 129 130 163 92 207 103 141
145 430 145 131 412 382 486 413 374 416 229 415 155 258 402 400 366 147 6 50 122 203 96 82 148 128 313 125 129 187 27 127 111 270 47 60 401 323 113 159 357 248 66 55 41 364 163 103 88 116 44 29 140 40 287 52 62 186 83 25 207 141
147 147 129 131 155 486 287 158 368 448 488 52 177 212 430 11 249 6 50 122 203 153 96 82 145 148 128 127 270 60 313 140 78 187 27 10 125 66 119 123 111 47 107 401 37 257 113 159 357 16 248 355 416 55 130 41 2 364 163 103 323 88 116 44 297 29 253 40 351 186 329 89 92 71 296 74 137 100 151 242 168 38 59 62 207 79 126 141 83 25
148 148 27 131 432 486 459 213 155 315 334 385 430 147 6 50 122 203 96 82 145 128 313 129 187 125 127 111 270 47 60 401 113 159 357 248 66 416 55 41 364 163 103 323 88 116 44 29 140 40 287 52 62 186 207 83 25 141
151 151 107 157 149 242 153 262 59 158 293 142 252 240 288 71 199 278 238 259 214 69 22 140 123 127 10 29 5 283 119 129 274 168 287 351 205 355 74 166 155 130 66 38 89 11 296 52 6 340 322 186 389 249 159 96 42 147 78 37 92 2 83 40 270 207 16 141
153 153 127 287 351 236 74 213 219 38 149 241 123 130 134 66 107 262 283 222 216 187 188 204 155 235 119 277 355 240 199 158 251 212 253 398 381 238 259 129 2 364 157 151 242 11 168 59 60 329 207 100 142 6 10 96 71 270 147 141 69 40 52 203 37 78 131 63 140 249 163 257 70 5 225 29 205 297 22 186 113 16 159 166 296 89 103 44 92 401 137 340 389 47 322 248 42 79 109 126 88 82
155 155 127 270 60 129 131 219 149 202 153 292 204 221 347 297 253 240 238 483 147 329 287 158 52 47 430 11 249 6 50 122 203 66 79 187 126 96 82 145 148 128 351 123 313 74 107 140 119 130 63 364 70 78 38 27 355 10 2 125 100 111 168 257 401 37 113 159 357 16 248 207 163 29 40 55 151 41 242 103 88 116 44 141 71 186 59 92 225 89 137 109 25 62
157 157 5 69 283 107 168 149 241 222 221 254 188 205 204 240 166 199 338 486 278 151 238 242 194 142 153 232 271 59 158 340 389 159 71 42 66 78 37 83 274 22 6 125 63 140 29 123 70 127 296 10 129 119 137 287 416 351 96 207 2 355 74 113 92 52 130 11 249 40 141 100 89 38 163 186 322 25 109
158 158 290 10 129 123 119 107 153 355 149 202 241 283 239 262 200 222 254 235 204 186 240 155 238 157 288 151 242 287 147 59 52 142 11 249 71 127 130 113 69 140 351 131 74 270 66 78 60 22 2 38 63 100 205 122 168 37 29 5 70 257 166 16 96 6 89 92 296 340 389 225 137 159 163 40 42 47 207 322 82 83 141 109
159 159 182 6 361 69 264 360 161 180 283 172 166 179 205 36 486 176 338 134 169 430 222 171 341 440 226 247 157 178 170 358 163 175 308 29 192 437 177 131 340 66 389 42 78 37 142 83 2 296 70 125 322 391 204 96 168 107 155 89 124 153 145 22 40 60 137 207 11 147 71 5 416 140 50 122 203 323 113 82 141 92 52 130 148 257 128 249 100 109 129 151 242 25 313 127 59 76 116 27 111 47 103 44 270 144 33 63 401 186 225 16 248 41 88
162 162 237 85 360 172 209 443 134 434 169 449 427 175 170
163 163 6 2 70 204 66 78 159 109 452 130 25 29 131 119 63 153 125 69 168 137 96 11 60 416 207 323 296 322 391 283 40 92 52 155 140 205 249 89 141 100 37 430 166 147 71 157 257 50 122 203 129 127 329 82 83 145 148 128 10 116 297 253 340 113 389 287 5 225 313 42 74 16 142 103 111 44 47 76 27 270 144 33 79 126 41
166 166 69 283 205 299 430 338 486 170 325 175 440 226 247 157 159 335 437 327 340 184 389 326 168 296 37 42 183 78 467 223 28 333 60 142 287 182 1 98 165 488 273 276 83 6 125 153 107 5 22 145 137 416 2 297 129 253 323 113 66 155 92 29 329 52 11 100 249 131 158 151 242 163 140 122 59 127 50 130 47 71 147 79 126 116 225 322 186 25 74 313 89 123 40 207 270 16 141 82
168 168 5 66 157 325 323 253 309 422 166 190 60 153 327 102 335 227 433 321 326 207 6 2 96 141 69 11 40 107 283 297 205 257 155 159 78 163 130 29 329 140 131 151 242 37 127 158 142 125 260 119 287 391 59 103 44 351 71 47 340 74 16 389 79 126 296 129 42 416 123 83 70 89 38 100 122 52 137 322 92 62 355 147 22 270 112 15 19 82
178 178 124 171 175 167 173 184 118 441 98 1 159 111 73 94 6 116 128 69 283 205 166 357 55 41 163 340 389 42
186 186 10 113 119 250 472 161 473 255 158 408 365 457 179 122 413 414 405 37 36 350 263 431 334 176 262 364 369 100 366 434 478 400 352 356 435 279 373 216 299 377 374 341 442 235 349 221 130 329 296 225 47 153 129 187 123 131 107 60 11 69 355 2 155 157 283 147 287 205 151 242 29 166 127 59 297 142 253 351 52 71 16 82 340 74 389 145 148 270 42 79 126
187 187 489 364 462 239 419 329 365 461 414 464 351 457 203 366 362 290 160 38 367 308 153 60 368 331 401 230 248 100 88 116 131 297 253 155 225 127 130 111 37 125 113 287 66 74 119 47 79 126 416 123 107 430 147 2 96 6 50 122 158 129 11 355 82 296 145 148 128 270 186 207 27 141
203 203 187 401 248 489 364 88 116 382 131 414 413 415 229 388 419 410 400 462 258 402 416 397 279 411 365 417 369 239 201 329 243 418 295 484 398 268 125 285 111 205 351 155 323 38 430 147 6 50 122 60 96 82 153 145 148 128 313 100 83 129 27 69 25 127 270 66 47 159 297 253 113 357 70 287 55 41 225 163 103 44 40 74 79 126
204 204 63 70 236 487 292 368 188 297 240 199 278 242 465 153 157 60 155 109 245 143 163 158 122 43 276 156 25 17 90 61 154 218 241 125 107 6 2 274 127 253 416 47 323 131 270 329 129 113 123 151 10 119 66 5 287 69 168 59 351 187 50 74 355 79 78 159 142 126 147 71 116 186 130 83 38 37 29 100 313 52 82 22 207 145 148 141
205 205 424 69 283 417 166 268 338 486 411 398 224 440 226 247 164 157 396 260 332 437 340 146 270 389 272 159 261 60 112 42 203 78 467 56 410 415 37 19 142 139 402 23 382 258 243 397 484 285 400 412 413 488 115 455 379 418 83 155 323 125 6 107 187 296 22 137 15 416 297 253 401 5 2 168 113 248 92 52 127 329 11 100 153 249 131 364 66 88 116 151 242 129 140 158 29 50 122 47 59 163 79 126 71 130 225 25 186 111 313 147 16 207 82 141
207 207 66 180 168 153 60 344 258 6 2 430 96 416 253 325 467 138 141 308 488 11 309 199 40 297 257 163 155 130 5 157 29 131 140 78 159 329 127 119 287 391 103 44 125 351 37 74 187 16 47 145 129 79 296 126 123 70 107 89 38 122 69 158 322 100 52 71 62 92 249 355 137 147 50 270 113 76 82 151 242 225 148 25 83 59 144 33 109
210 210 136 150 211 220 190 226 247 265 286 290 48 228 250 293 233 239 252 264 206 255 214 281 275 208 209 231 236 213 234 289 219 36 149 229 202 241 246 198 258
225 225 100 329 432 209 37 113 364 344 299 130 187 377 49 360 323 422 297 253 421 418 461 119 60 240 371 227 327 296 153 122 11 186 2 69 10 351 47 66 283 155 203 125 205 260 158 38 78 131 29 166 127 257 16 129 140 79 126 6 163 416 287 74 340 389 159 42 83 123 40 401 207 322 248 137 112 15 88 141 19
237 237 85 443 162 434 349 442 452 448 105 357 346 379 102 355 353 352 87 354 449 127 28 137 478 351 347 24 298 70 291 482 186 348 54 15 204 153 38 187 78 104 56 155 123 55 10 113 119 364 109 158 260 163 25 128 2 63 329 122 92 52 270 287 37 129 100 74 130 111 112 19 41
242 242 107 250 255 275 236 157 213 36 153 151 262 59 216 158 222 204 292 221 254 188 235 293 240 142 387 212 252 199 71 278 214 241 259 194 149 69 22 5 140 123 127 283 10 29 168 274 119 129 287 205 351 355 74 63 166 155 70 130 66 38 89 11 296 340 52 6 389 322 159 186 249 42 96 78 37 147 92 2 83 40 163 109 270 207 25 16 141
244 244 110 392 362 439 387 408
248 248 203 187 401 489 364 88 116 176 131 382 188 411 398 170 462 309 415 413 414 422 347 329 111 125 351 416 155 323 38 430 147 6 50 122 60 96 82 153 145 148 128 313 100 129 27 83 25 127 113 270 47 159 55 41 103 225
249 249 52 303 78 140 129 89 2 59 35 125 15 74 153 137 92 155 158 11 260 287 147 416 96 323 71 69 107 29 283 131 157 205 163 37 50 166 119 127 130 83 66 270 116 123 257 151 242 112 16 351 6 10 142 56 25 19 379 40 70 355 103 159 313 44 296 340 322 389 38 42 111 62 22 82
253 253 60 297 155 329 325 432 227 321 47 259 168 326 280 270 153 313 79 296 223 337 126 287 66 181 207 225 485 273 187 122 127 100 364 129 50 131 37 113 6 351 2 29 96 5 130 157 11 141 147 40 158 203 74 38 119 125 107 123 52 257 186 322 163 355 159 10 82 89 145 148 103 16
257 257 391 11 40 179 76 29 445 406 96 66 144 442 308 33 284 37 16 140 129 130 296 6 322 153 89 119 168 2 71 60 207 155 103 131 44 287 52 100 158 249 147 141 113 78 92 69 329 159 163 107 127 62 10 297 225 122 253 5 186 123 74 270 137 82 79 126
260 260 323 112 15 420 412 56 19 379 413 229 410 402 400 258 279 125 397 201 243 484 417 411 364 377 418 285 398 268 205 215 416 187 50 116 83 25 69 313 203 70 111
270 270 155 127 382 60 413 415 410 258 402 400 279 129 417 397 131 201 295 418 253 285 411 243 268 484 219 205 149 153 308 398 288 202 195 224 396 297 147 329 287 158 52 47 430 11 249 6 50 122 203 66 79 187 126 96 82 145 148 128 351 69 123 313 74 107 140 130 119 364 78 38 27 355 37 10 2 159 168 100 401 111 257 113 16 248 40 207 116 163 55 151 41 242 103 88 44 141 59
274 278 274 424 172 428 431 241 320 262 434 283 299 221 417 132 69
278 278 274 424 241 262 283 221 417 254 204 235 288 240 212 238 383 259 321 157 172 331 232 317 194 69 63 70 205 5 107 166 168 340 389 42 109
283 283 69 222 254 205 157 166 240 338 486 278 440 226 247 142 232 245 153 158 437 83 340 143 424 389 159 17 42 61 78 467 37 71 357 55 21 150 241 488 125 107 274 210 22 6 416 5 323 140 296 128 137 168 29 2 123 10 151 242 129 119 52 127 113 92 11 59 249 287 100 355 351 74 111 50 131 155 89 116 186 163 130 66 322 38 25 96 41 313 70 225 122 147 40 16
287 287 153 129 172 209 428 431 334 155 127 158 188 299 147 427 170 325 422 309 351 323 253 421 52 166 319 74 11 249 123 107 130 66 38 119 187 60 355 131 270 140 2 78 364 157 10 151 242 69 329 59 168 96 257 37 6 16 297 100 71 142 207 125 260 283 203 40 141 205 92 430 50 137 29 186 113 89 122 163 47 296 159 225 82 5 145 148 79 126 22 340 389 103 83 42 27
296 296 37 29 209 428 431 334 299 322 391 422 325 170 309 323 166 113 421 6 89 26 253 297 335 227 326 102 426 327 69 11 215 100 71 40 283 140 257 60 205 329 122 225 159 66 186 76 157 130 96 144 107 33 340 119 16 153 389 187 163 2 142 129 42 78 131 125 260 10 155 52 83 47 92 249 168 158 207 151 242 147 287 59 22 141 5 103 44 79 137 126 112 15 19
297 297 60 253 204 368 329 155 309 421 432 327 335 47 326 330 280 184 296 223 79 333 126 287 225 98 66 324 248 273 325 422 191 323 187 122 153 100 127 203 270 364 129 63 131 168 37 70 113 6 207 29 2 96 11 351 130 141 40 147 401 125 260 158 119 38 163 116 88 52 257 186 50 322 109 74 5 123 159 89 25 82 145 148 16 103
313 313 50 125 131 416 323 39 253 20 331 312 185 155 116 430 83 147 6 25 122 203 60 96 82 145 148 128 111 260 70 204 69 129 27 127 47 270 297 401 66 113 159 357 248 55 41 163 103 88 44 109 112 40 15 56 19 79 126 62
322 322 29 296 391 6 89 402 400 295 71 285 268 308 411 398 40 187 488 195 140 37 257 76 66 159 96 364 144 107 33 11 163 131 153 69 2 92 329 52 249 113 157 78 168 151 242 351 100 283 203 70 59 207 158 205 130 103 44 129 142 122 38 166 141 147 16 225 82 340 389 62 5 42
323 323 420 260 125 416 422 421 215 327 335 326 280 390 465 168 112 296 223 15 333 60 225 50 56 287 19 485 274 379 162 273 386 412 191 116 278 174 72 83 25 237 313 85 153 70 111 100 37 203 69 204 297 253 131 129 66 157 29 5 283 329 155 187 205 166 113 6 128 47 11 109 147 122 130 127 79 401 126 163 2 248 159 322 340 351 389 89 88 42 40 207 74 63 82 141 145 148 41
328 328 91 460 470 211 220 338 463 420 406 456 468 471 190 226 247 265 286 440 461 454 361 290 228 424 433 462 464 437 465 233 239 252 264 419 472 161 386 467 469 473 180 255 451 363 405 214 281 423 466 408 275 310 365 475 120 172 206 208 392 209 236 459 457 213 234
329 329 187 461 464 364 60 419 489 365 414 100 462 366 362 239 160 367 368 297 253 351 225 203 457 155 432 13 37 113 38 130 153 47 79 126 66 119 122 401 296 127 11 2 248 186 131 270 88 116 69 168 10 129 6 287 207 96 158 74 141 111 257 147 40 163 16 123 82
340 340 69 283 205 166 338 486 457 440 226 247 157 445 437 341 389 159 42 78 467 37 142 192 177 105 371 381 488 83 6 125 107 296 22 137 416 5 2 323 168 113 92 52 11 249 100 151 242 140 29 59 163 158 66 50 71 130 116 122 225 186 25 16
351 351 38 187 153 489 364 472 473 449 459 462 219 482 419 239 329 350 478 414 434 461 377 365 442 356 203 303 349 464 237 127 357 457 285 346 347 448 380 348 287 74 123 130 66 107 60 155 119 355 158 401 100 248 129 2 88 116 157 55 85 151 242 131 11 168 297 59 253 225 6 207 142 96 37 10 270 71 147 162 128 113 141 111 40 47 163 79 126 5 186 22 16 41
353 353 104 453 352 478 434 377 442 349 469 452 171 356 451 480 237 357 448 347 348 175 346 475 379 394 479 56 85 55 260 162 128
355 355 123 153 158 350 478 352 344 349 442 433 171 452 237 356 347 348 357 448 346 175 233 127 394 353 449 256 343 378 354 376 443 84 107 10 119 129 155 287 351 74 104 130 66 38 187 85 55 157 151 242 186 59 147 11 60 142 2 162 364 52 71 270 249 128 168 113 207 100 141 22 5 16 41
357 357 433 55 449 128 478 442 356 237 286 348 347 346 379 293 394 378 355 264 252 353 343 354 255 127 351 111 152 298 214 24 41 131 153 38 187 104 56 155 123 116 85 364 158 260 162 203 430 125 147 323 6 50 122 96 82 145 329 148 129 287 270 313 74 27 401 112 15 248 19 88
364 364 187 461 462 464 239 489 365 414 419 366 290 329 160 362 368 367 351 203 457 38 225 98 260 218 186 0 62 153 139 85 363 237 60 130 328 308 458 40 456 100 119 91 401 323 248 108 44 113 96 162 88 10 116 131 297 37 257 2 253 66 112 11 15 155 29 56 127 19 122 379 125 391 158 287 111 296 74 6 47 416 79 123 140 126 107 129 168 103 50 322 163 355 128 207 147 71 89 16 82 270 141 145 148
379 379 56 260 323 237 348 357 346 381 378 353 413 382 229 112 15 19 125 104 85 55 416 162 128 50 116 111 83 25 41
389 389 69 283 205 408 166 338 486 440 226 247 157 385 437 340 263 159 368 42 78 467 439 37 277 142 8 217 488 83 6 125 107 296 22 137 416 5 2 323 168 113 92 52 11 249 100 151 242 140 29 59 163 158 66 50 71 130 116 122 225 186 25 16
391 391 76 144 257 33 29 428 26 381 359 102 40 296 322 11 6 89 71 140 66 37 96 16 159 129 130 107 131 2 163 168 52 92 207 103 44 141
401 401 203 187 415 248 489 400 397 364 88 116 418 268 411 131 382 398 413 224 195 410 462 396 414 229 146 332 258 402 329 111 125 351 416 155 323 38 430 147 6 50 122 60 96 82 153 145 148 128 313 100 129 27 83 25 127 113 270 47 159 55 41 103 225
416 416 125 323 430 169 57 465 386 304 13 375 50 420 204 173 370 65 116 206 300 3 330 81 459 395 83 301 97 374 231 63 203 25 35 373 207 15 303 302 260 369 342 305 31 284 372 313 371 193 218 26 186 115 70 111 69 131 145 66 283 10 187 113 205 112 119 401 56 166 19 128 379 109 248 163 364 6 88 157 155 158 96 168 159 340 389 147 78 122 42 37 142 2 82 148 100 141 40 55 41 5 27
430 430 145 374 416 131 288 166 304 375 204 185 65 173 300 125 81 301 165 63 412 159 291 207 35 111 78 486 31 386 54 6 155 323 50 147 69 203 122 128 96 66 82 116 148 283 313 205 70 137 83 187 129 2 60 27 25 163 92 357 127 52 401 157 270 47 249 140 168 113 55 248 41 340 389 29 40 260 42 11 88 103 37 44 142 109 141 287 62 5
