0 0 108 48 228 310 469 36 476 120 480 445 423 466 475 366 160 479 477 234 134 364 380 367
257 529 880 585 257 555 630 696 533 551 811 657 785 491 526 618 560 11 636 776 76 602 29 589 179 406 647 144 33 644 759 571 646 445 675 616 648 596 640 548 731 499 615 818 612 442 284 308 558 153 6 103 60 131 16 140 130 89 5 78 163 52 119 122 297 253 225 355 92 74 79
130 491 589 818 602 675 526 130 499 555 630 696 785 119 657 647 776 616 463 840 612 527 153 529 618 585 458 558 644 772 655 531 694 759 559 853 11 636 596 648 640 548 731 533 551 363 615 281 514 693 552 275 310 120 225 95 78 560 406 234 49 388 187 385 631 646 163 8 138 811 447 435 60 122 6 257 74 16 140 29 355 137 52 131 5 92 297 253 340 47 389 103 249 109 83 89 79 22
131 571 636 644 759 585 618 516 616 131 533 551 802 776 529 737 647 544 846 648 555 486 630 696 602 605 499 612 657 675 467 6 50 122 615 203 491 488 589 526 818 145 596 120 208 148 128 640 548 731 479 457 430 179 482 785 36 350 476 560 60 153 103 140 187 52 125 11 111 401 47 257 119 41 163 88 249 29 297 253 355 416 78 130 89 5 225 92 79 16 74
128 544 846 605 128 571 636 111 644 759 41 131 585 618 516 616 432 533 551 802 486 428 776 431 334 529 125 6 50 122 203 145 148 430 416 103
389 558 772 655 531 694 648 631 646 526 389 785 596 640 548 731 602 589 675 560 647 657 499 818 408 491 340 612 78 555 630 696 385 618 811 83 263 368 776 6 439 8 217 277 529 22 5 11 125 153 29 137 122 119 225 92 130 52 187 140 163 416 355 257 89 16
6 648 555 630 696 6 657 491 558 772 655 531 694 529 811 585 571 559 785 631 646 533 551 526 560 636 514 693 552 880 163 644 759 29 602 131 616 615 618 776 589 516 675 818 385 596 640 548 731 802 486 169 612 647 499 153 60 78 11 340 389 257 5 89 140 130 83 50 122 103 203 109 125 145 148 22 128 430 76 297 253 119 144 52 33 137 92 47 225 74 16 355 79 41
260 812 260 514 112 15 412 605 56 19 125 413 410 229 402 559 400 279 258 379 397 201 243 484 417 411 398 268 285 418 205 377 364 802 382 224 693 195 552 416 50 83 111 109
136 210 136 150 211 220 190 226 247 265 286 290 48 228 250 293 206 233 239 252 264 255 214 281 275 208 209 231 236 213 234 289 219
137 137 491 78 558 772 655 531 694 499 648 631 646 555 630 696 675 526 647 318 657 602 341 95 618 119 179 49 596 640 548 731 785 349 121 439 4 38 589 39 444 585 529 237 8 105 138 409 20 776 92 612 560 52 249 130 163 140 340 389 6 153 83 11 22 5 355 225 103
5 657 646 555 630 696 596 640 548 731 558 772 655 531 694 631 5 648 560 491 529 647 585 526 533 551 612 499 190 785 675 618 433 441 233 602 615 776 616 636 589 644 811 759 840 527 153 818 482 350 36 476 6 60 340 389 11 78 22 29 140 83 119 257 163 130 103 355 131 297 253 52 125 74 89 122 137 225 16 47 92 79
11 526 618 555 785 630 696 776 636 602 11 657 589 529 647 675 491 644 759 585 616 818 558 772 655 531 694 499 880 612 533 551 406 560 648 631 646 596 640 548 731 257 811 16 140 130 615 408 571 405 385 840 527 463 435 153 60 52 119 29 6 131 122 78 225 249 187 89 5 92 163 355 103 76 340 389 144 33 297 253 83 22 47 137 74 79 145 148
140 560 585 533 551 140 529 596 640 548 731 555 630 696 618 811 647 631 646 785 657 636 776 491 89 526 612 92 52 499 11 644 759 558 571 880 772 655 531 694 675 616 648 602 29 249 589 444 406 78 103 153 131 6 257 60 16 130 119 5 22 137 355 163 122 76 340 389 144 33 83 145 148 225 74
15 812 15 260 412 370 395 514 388 413 445 605 229 112 302 410 374 258 402 284 56 416 303 362 400 19 279 201 364 224 243 377 397 417 484 164 125 379 50 83
16 16 526 618 11 555 785 630 696 636 776 602 657 589 406 529 647 675 491 644 759 585 363 616 275 818 558 772 655 531 694 612 499 880 533 551 385 560 408 388 476 648 646 447 339 631 405 596 640 548 731 95 138 132 49 257 140 130 153 60 52 119 29 6 131 122 78 225 249 89 5 92 355 163 103 76 340 389 144 33 83 22
145 430 571 145 636 644 759 131 585 618 516 616 533 551 802 486 412 776 374 416 382 529 737 413 288 166 605 647 544 846 229 415 555 630 696 467 375 366 648 304 258 402 514 812 436 185 400 125 6 50 122 203 148 128 60 153 103 140 52 11 401 111 47 41 88 83
401 737 401 605 203 853 415 571 400 818 840 527 397 187 382 489 418 268 413 411 636 414 398 224 229 410 195 388 258 402 417 396 243 484 332 146 270 205 279 295 285 201 514 812 34 272 261 322 88 131 111 125 416 128 50 122 145 148 83
19 812 19 260 412 413 229 410 382 258 402 400 279 417 397 201 514 418 285 411 268 243 484 415 205 398 112 15 295 605 56 224 396 195 615 146 253 215 377 364 125 379 60 416 50 297 83 79
148 516 571 148 636 644 759 131 585 618 616 533 551 802 486 776 432 529 459 737 213 647 544 846 555 630 696 334 467 648 315 385 6 50 122 203 145 128 430 60 153 103 140 52 11 401 111 47 41 88
144 880 144 811 529 785 560 76 257 33 585 29 526 555 630 696 533 551 450 657 302 596 640 548 731 474 368 11 89 6 140 103 16
22 631 596 640 548 731 558 772 655 531 694 646 648 560 22 647 526 612 499 785 675 618 602 228 657 589 636 392 776 616 811 477 234 644 289 759 388 840 527 153 818 555 630 696 246 198 491 340 436 316 389 529 196 78 83 6 5 119 29 140 355 11 125 137 122 130 225 74 89 92 52 163
278 763 278 424 241 262 283 221 417 254 235 204 288 212 240 238 331 259 232 317 194 383 321 157 271
153 776 616 840 612 527 153 647 596 640 548 731 644 759 555 630 696 618 657 499 631 646 560 636 491 529 675 585 853 533 818 551 589 558 236 772 655 531 694 74 213 187 219 149 241 489 355 130 134 571 262 283 222 216 602 615 526 188 235 785 204 277 648 811 199 212 240 251 253 398 119 60 6 131 11 52 5 140 29 22 78 163 257 203 249 103 225 340 297 389 122 89 83 16 92 145 148 79
29 811 785 560 529 880 526 29 585 596 640 548 731 555 602 630 696 533 551 648 589 631 646 657 675 647 558 772 655 531 694 491 499 89 6 818 612 488 208 618 257 179 776 140 76 636 350 444 445 144 33 11 153 103 60 163 122 119 225 131 130 78 5 187 22 340 92 52 389 355 83 16 47 74
416 416 514 812 605 125 559 737 802 693 552 169 465 430 386 57 304 370 375 13 206 459 231 173 395 65 300 3 374 330 81 373 301 558 97 302 772 655 531 694 303 369 203 305 260 284 63 372 487 207 35 193 371 50 26 31 15 342 853 218 115 571 362 186 83 145 111 187 401 131 109 88 163 112 56 19 128 379 340 389
33 880 33 811 529 785 560 76 144 257 585 29 526 555 630 696 533 551 450 657 596 640 548 731 474 11 89 6 140 103 16
163 491 559 514 693 552 555 630 696 163 648 657 529 6 585 533 551 558 772 655 531 694 812 589 78 605 811 109 526 818 130 571 631 646 602 615 125 785 153 60 119 29 131 11 416 137 5 92 52 257 140 50 103 83 340 389 225 297 253 111 89 74 16 22 79
297 297 615 818 60 589 644 759 555 616 630 696 602 657 526 618 675 309 204 368 432 491 529 585 785 253 421 776 853 636 327 335 330 326 499 280 184 223 296 333 323 225 533 422 325 551 98 287 324 273 427 166 647 162 191 840 527 248 205 47 187 79 153 130 131 122 6 11 119 5 257 52 163 103
41 544 846 41 128 605 571 252 636 281 428 431 334 111 432 299 358 427 644 759 422 325 170 309 131 323 380 203 125 6 50 122 145 148
430 430 605 145 514 812 571 491 374 416 636 288 166 559 304 375 802 412 185 65 173 558 644 772 655 531 694 759 300 125 131 544 846 585 693 301 552 81 165 382 618 737 291 207 111 63 487 159 648 35 516 413 78 229 31 616 386 54 128 50 137 203 92 83 52 260 6 122 148 249 163 140 130 109 340 389 401 41 103 88
47 615 47 602 818 675 60 122 644 759 589 526 499 555 616 630 696 785 571 657 636 647 618 585 432 491 529 297 253 853 236 95 776 160 277 533 131 187 79 119 153 225 11 6 130 29 50 145 148 5 103
50 802 50 571 514 812 605 636 125 559 644 759 131 585 618 516 693 552 616 533 551 486 465 416 776 386 529 737 217 83 6 122 203 260 111 145 148 128 430 109 163 103 401 47 112 15 41 19 88
178 178 124 605 171 175 167 173 184 544 846 118 441 111 159 98 182 1 302 73 94 128 125 203 41
52 618 636 776 647 52 644 759 249 616 499 612 560 491 596 640 548 731 675 78 585 140 558 772 655 531 694 533 551 571 529 555 630 696 602 526 648 785 429 631 646 657 840 527 153 447 589 615 446 263 303 11 131 137 92 119 60 89 355 130 29 6 163 257 16 103 340 122 389 74 297 253 83 145 148 5 225 22 79
56 56 812 379 260 413 382 229 412 410 402 400 279 415 417 397 201 411 418 268 285 243 484 205 398 295 362 112 15 19 125 416
187 853 818 840 527 187 489 589 737 602 462 419 239 526 605 675 615 365 414 457 785 203 616 364 776 366 499 362 290 160 612 153 60 367 464 461 308 644 759 555 630 696 329 647 331 491 618 596 640 548 731 558 772 655 531 694 636 657 230 322 225 401 130 88 297 253 131 122 111 125 11 119 74 47 79 355 29 340 389
60 615 818 644 759 60 555 616 630 696 589 657 618 491 529 297 585 253 776 853 636 602 526 533 551 785 675 647 432 840 527 499 47 187 612 489 79 571 325 204 427 309 646 648 205 323 422 558 367 772 655 531 694 153 166 596 131 122 6 225 11 130 119 5 257 78 52 203 163 140 29 103 249 355 74 16 145 148 340 389
74 776 616 74 840 612 527 153 647 596 640 548 731 644 759 555 630 696 618 657 499 631 646 560 636 491 529 236 675 585 213 853 219 149 241 818 334 615 277 134 262 283 251 222 216 253 533 551 188 589 235 204 427 321 602 187 355 60 130 119 11 6 131 52 5 140 297 29 78 22 257 163 103 225 79
203 737 605 203 853 571 818 840 527 187 489 401 636 514 812 88 644 759 414 382 131 589 419 585 462 413 415 239 111 229 388 125 618 516 400 410 616 397 365 258 402 416 279 533 559 411 551 417 369 418 201 268 802 243 457 295 484 486 776 398 285 205 602 195 60 153 6 50 122 145 148 128 430 83 260 225 103 109
76 880 76 811 529 785 560 144 257 33 585 29 526 555 630 696 533 551 450 657 474 596 640 548 731 331 185 11 89 6 140 103 16
78 491 558 772 655 531 694 78 648 631 646 555 630 696 526 657 137 618 785 596 499 529 640 548 731 675 589 602 585 92 52 559 636 776 179 533 551 514 647 693 552 560 818 644 759 444 249 616 341 119 612 163 430 130 140 340 389 6 153 83 11 60 22 5 145 29 131 125 257 225 89 122 103 109 355 16 74
79 615 818 79 60 644 759 555 616 630 696 589 657 432 618 253 491 529 602 297 585 776 853 636 449 120 459 526 427 205 325 323 675 422 533 551 367 431 334 166 371 647 840 195 527 215 238 204 434 483 47 187 153 131 122 6 225 11 130 5 257 52 163 103
210 210 136 150 211 220 190 226 247 265 286 290 48 228 250 293 206 233 239 252 264 255 214 281 275 208 209 231 236 213 234 289 219 36 149 229 202 241 246 198 258
83 558 772 655 531 694 648 631 646 514 812 83 526 605 785 596 125 640 548 731 602 559 589 802 675 693 552 560 647 657 499 465 416 818 491 386 340 405 389 612 219 206 370 78 555 630 696 459 231 737 446 6 50 22 260 5 111 203 11 153 29 137 163 122 119 225 109 131 92 130 52 140 355 112 15 401 19 16 88
340 558 772 655 531 694 648 631 646 340 526 785 596 640 548 731 602 589 675 560 647 657 499 818 491 457 389 612 78 555 630 696 445 618 811 83 341 776 6 105 529 192 177 22 5 11 125 153 29 137 122 119 225 92 130 52 187 140 163 416 355 257 89 16
88 737 605 88 203 853 571 818 840 527 187 489 382 401 414 636 413 429 476 415 229 388 410 258 402 400 514 812 366 397 368 195 279 160 292 131 111 125 416 128 50 122 145 148 83
89 811 89 560 785 529 585 880 140 29 533 551 526 596 640 548 731 555 630 696 602 631 646 657 647 648 618 589 249 491 558 303 772 655 531 694 675 499 636 52 6 92 11 257 76 78 153 103 144 33 131 130 5 163 16 225 22 340 389
92 92 560 491 78 585 140 558 772 655 531 694 533 551 499 529 648 555 596 630 696 640 548 731 675 631 646 526 618 657 785 647 388 602 636 811 776 119 444 302 263 137 52 89 11 249 29 163 130 153 6 103 340 389 131 257 83 5 22 16
225 589 818 602 526 675 785 225 499 853 558 772 655 531 694 647 491 615 648 840 527 187 631 646 432 612 489 209 130 596 640 548 731 811 555 630 696 60 644 759 122 344 299 377 364 49 616 529 462 463 657 323 618 422 418 776 239 560 421 240 11 119 153 29 297 253 78 47 340 389 203 6 131 83 355 163 257 16 79 140 22 5 89 137 74
353 593 353 453 478 434 352 377 442 452 349 171 356 448 348 347 237 357 175 346 379 394 56
355 612 647 499 355 618 675 596 640 548 731 636 776 616 644 631 646 560 759 602 840 527 153 555 630 696 589 526 350 478 558 352 772 655 531 694 119 344 349 442 785 452 657 171 356 818 448 347 348 491 357 237 175 648 346 585 394 529 343 256 236 378 354 571 127 52 11 74 187 131 60 130 140 249 122 22 5 29 78 6 225 340 389 257 16 83 103
103 585 533 551 529 555 630 696 103 657 491 571 560 454 636 811 880 140 785 644 759 131 616 615 618 776 648 646 516 350 596 640 548 731 526 612 802 257 486 647 222 153 29 60 6 11 89 5 78 92 52 163 130 50 122 203 145 148 128 297 430 253 249 76 144 33 47 16 74 355 137 79
108 108 0 228 48 469 480 423 466 36 476 475 445 310 479 120 477 366 234 160 289 318 176
109 559 514 693 552 109 491 812 605 163 125 432 555 630 696 648 476 802 657 416 6 50 78 83 130 260 111 203
111 605 111 544 846 737 514 812 128 125 203 559 459 571 802 693 552 447 853 49 636 132 8 430 268 465 416 41 131 187 401 50 88 83 145 260 109 163 148
112 812 112 260 412 410 258 402 400 279 397 201 243 484 417 411 268 514 413 418 285 398 205 229 15 224 605 295 436 396 56 195 146 19 332 215 164 270 377 364 34 403 125 379 416 50 83
125 514 812 605 559 125 802 693 552 416 737 465 558 772 655 531 694 386 50 648 83 206 370 231 459 260 395 631 646 169 111 491 430 203 373 526 57 302 369 374 375 284 571 303 362 13 450 372 249 304 109 163 131 145 187 52 128 112 15 401 56 19 6 340 389 88 78 379 22 5 41
119 499 675 119 647 602 612 618 491 596 640 548 731 589 636 130 631 646 560 818 644 759 95 526 49 463 555 630 696 138 8 121 785 458 4 558 38 772 655 531 694 39 310 20 657 776 616 137 118 120 648 51 1 132 363 43 840 53 153 78 355 122 11 225 52 187 163 131 60 140 249 22 47 29 5 6 92 257 340 74 16 389 83
249 249 618 776 52 636 647 514 812 644 759 605 616 303 560 612 499 491 596 559 640 548 731 585 811 675 78 140 802 59 89 35 125 693 840 552 527 555 429 153 631 646 630 696 2 74 15 785 529 533 62 558 551 260 416 29 11 50 131 92 137 83 119 60 355 111 203 112 130 56 19 163 109 103 16 22
122 602 675 589 526 122 499 785 571 818 647 636 47 644 558 759 772 655 531 694 131 612 585 615 648 618 516 616 236 533 551 596 640 548 731 802 486 219 631 646 149 853 776 202 241 60 262 491 119 560 529 555 292 630 696 811 235 188 737 204 277 254 225 187 130 11 6 50 203 29 145 148 128 430 297 253 153 355 340 389 78 140 103 83 257 79 52 16 401 22 5 41 88
379 379 593 56 812 260 348 237 346 357 382 381 353 413 378 415 229 410 400 279 402 112 15 19 125
124 178 124 171 175 167 173 184 302 118 441 159
253 253 615 818 60 589 644 759 616 555 630 696 602 776 657 526 840 527 618 675 325 612 432 491 529 297 585 785 853 227 636 647 499 321 326 280 259 337 296 223 168 596 533 313 640 548 731 551 225 270 485 153 287 309 323 427 422 181 273 207 74 205 166 204 162 191 47 187 79 130 131 122 6 119 11 355 5 257 52 163 103
