128 1410 544 1480 846 605 1500 571 636 1514 1799 128 516 644 759 585 1572 737 1770 1457 802 618 616 533 551 1416 514 812 1452 776 529 1556 648 853 602 1421 1618 555 630 696 647 1522 840 432 527 559 818 612 675 657 499 615 1666 1448 1622 1629 125 1481 428 1398 811 431 334 785 526 1499 589 491 1594 558 772 655 531 694 693 6 50 122 416 148 60 103 140 11 119 163 257 78 355 89 74 109 15 340 389 19
257 529 880 1445 1398 811 1385 585 257 785 555 630 696 533 551 560 657 526 1499 491 618 1522 1500 571 636 776 589 1594 648 602 11 616 596 640 548 731 1421 1618 675 1514 612 1799 646 647 818 644 840 759 527 615 1666 1448 1622 179 499 631 1416 144 1506 33 1556 406 853 516 445 558 772 655 531 694 1572 737 1770 1457 802 442 284 6 89 140 60 103 119 78 163 122 5 50 74 355 148 128 92 22 340 389
389 558 772 655 531 694 648 1452 631 646 526 389 785 596 1506 640 548 731 602 589 1594 657 675 560 1398 811 647 491 1421 1618 499 514 812 1499 818 408 1522 555 1385 630 696 605 612 529 340 776 78 559 616 1480 385 618 880 802 1445 1416 585 263 636 1556 853 840 527 368 1500 571 439 6 1629 125 1481 644 1572 759 737 1770 1457 693 552 8 217 277 22 5 416 11 92 122 119 163 50 140 60 89 355 74 257 109 144 33 103 15 19
6 648 1398 811 555 630 696 1500 571 785 6 529 491 657 560 636 1514 1799 585 558 772 655 531 694 559 880 1445 526 533 1452 551 644 759 516 514 693 552 616 1499 1572 737 1770 1457 631 646 618 1522 802 596 640 548 731 589 1594 1410 602 1416 1506 605 1421 1618 647 776 1385 1556 853 615 1666 1448 1622 163 499 544 1480 846 675 840 612 527 385 818 812 169 89 60 78 50 122 140 257 11 148 128 340 389 125 119 5 103 109 144 33 416 22 92 74 355
5 657 646 555 630 696 596 640 548 731 558 772 655 531 694 631 5 648 1452 560 491 529 1522 647 585 612 776 1499 616 526 533 551 1398 811 840 527 499 1385 190 785 615 1666 1448 1622 675 644 618 759 1506 433 636 441 233 602 1500 571 880 1445 1416 1556 818 853 589 1594 559 1514 1799 482 1421 1618 350 36 476 514 812 6 60 340 389 11 119 78 22 140 257 125 355 163 74 103 89 416 122 50 92 144 33 148 109
11 1385 526 1499 618 555 785 630 696 636 776 589 1594 491 602 529 1421 1618 11 657 1522 675 647 616 585 644 759 1398 811 612 818 880 499 1445 560 533 551 558 772 655 531 694 840 527 1500 406 571 596 640 548 731 1506 648 1556 853 631 646 1416 1452 1514 1799 615 1666 1448 1622 257 140 119 408 516 559 1572 737 1770 1457 405 802 514 385 60 78 6 122 89 163 92 355 74 5 103 144 33 340 389 50 125 22 148 128 109
140 560 1421 1618 585 533 551 1398 811 529 140 1385 618 785 596 640 548 731 1506 636 776 647 555 630 696 491 880 1445 1500 631 646 571 644 759 616 1522 526 1499 612 657 499 1514 1799 89 648 675 92 589 1594 840 558 602 11 527 772 655 531 694 516 78 1572 737 1770 1457 1416 1556 818 853 802 1452 615 1666 1448 1622 444 1410 103 6 257 60 119 355 122 163 144 5 50 33 22 74 148 128 340 389
15 1629 1481 812 1425 1748 15 514 1452 605 1480 19 802 559 125 370 395 416 388 693 552 1572 737 1770 1457 445 302 558 772 655 531 694 374 284 303 362 57 249 50 109 128 163 340 389
144 880 1445 1398 811 785 529 144 560 526 585 555 630 696 1385 533 551 257 33 596 648 640 548 731 602 657 589 1594 491 631 646 675 1500 571 1522 636 647 558 1421 772 655 531 694 1618 776 1499 302 499 618 818 612 368 450 1514 1799 89 6 11 140 103 60 119 163 78 122 92 5 340 22 355 389 74 148
19 1629 1481 812 1425 1748 19 514 1452 605 15 1480 802 559 125 382 413 693 552 1572 737 1770 1457 415 229 410 258 402 558 772 655 531 694 400 279 397 417 201 416 50 109 128 163 340 389
148 516 1500 571 636 1514 1799 644 759 148 585 1572 737 1770 1457 802 618 1410 616 533 551 605 1416 776 544 1480 529 846 1556 648 853 602 1421 1618 647 555 630 696 1522 818 840 527 675 612 499 615 1666 1448 1622 657 1398 811 432 1499 1385 491 459 589 1594 526 560 213 596 640 548 731 6 50 122 785 334 385 128 60 103 125 140 11 119 163 257 416 78 355 89 74 92 5
22 631 596 640 548 731 558 772 655 531 694 646 648 1452 560 22 647 526 1522 612 776 499 785 657 616 1398 675 811 1506 618 840 527 602 228 1499 589 1594 636 644 759 529 555 630 696 392 491 1421 1618 477 1556 853 234 880 1445 289 514 812 585 388 818 246 1500 198 571 1385 605 340 436 316 389 196 78 119 6 5 125 140 355 74 416 89 11 60 92 122 257 163 50 144 33 103
416 416 514 812 1452 605 1480 1629 1481 802 559 125 1425 1748 693 552 1572 737 1770 1457 558 772 655 531 694 648 169 1410 430 465 57 1556 853 631 646 386 1500 571 13 304 375 544 173 370 846 526 65 206 300 459 395 50 3 231 374 330 636 1514 81 1799 301 97 373 491 302 303 369 15 63 818 840 487 35 527 207 305 284 785 372 193 31 342 371 26 596 218 1506 640 548 731 115 203 19 128 109 163 340 389 6 78 22 122 5 148
33 880 1445 1398 811 785 529 33 560 526 585 555 630 696 1385 533 551 144 257 596 648 640 548 731 602 657 589 1594 491 631 646 675 1500 571 1522 636 647 558 1421 772 655 531 694 1618 776 1499 499 618 818 612 450 1514 1799 89 6 11 140 103 60 119 163 78 122 92 5 340 22 355 389 74 148
163 491 559 514 693 552 1499 648 555 630 696 163 1506 657 1398 811 529 1522 589 1594 585 1500 571 6 1452 776 616 785 558 1421 526 772 655 531 694 1618 1385 533 812 551 602 560 818 636 1514 1799 675 840 612 499 527 605 647 618 880 1445 596 640 548 731 1556 853 1480 644 759 631 646 615 1666 1448 1622 78 516 109 1416 1572 737 1770 1457 119 802 1629 125 1481 1410 11 416 60 140 257 92 89 5 74 50 122 103 340 389 355 148 128 144 33 22 15 19
50 802 1500 571 636 1514 1799 50 514 812 1452 605 1572 737 1770 1457 516 644 759 1480 585 618 1410 616 559 533 551 1629 125 1481 1416 776 648 1556 544 853 529 846 693 552 1425 1748 602 1421 558 1618 772 655 531 694 647 555 416 630 696 840 527 1522 818 675 612 499 615 1666 1448 1622 589 1594 526 657 785 491 1398 811 465 1499 631 646 596 640 548 731 1385 560 386 6 122 148 128 60 103 140 163 11 109 119 15 78 19 257 340 389 355 89 74 5 92 22
178 178 124 171 175 167 173 184 118 441 98 1 159 182 111 73 94
60 615 1666 1448 1622 1416 818 644 759 60 555 616 630 696 1556 853 589 1594 657 602 840 527 618 776 636 491 529 1522 1499 585 675 1500 571 1572 737 1770 1457 526 533 551 612 785 1514 1799 647 1421 1618 432 1385 605 1398 811 648 646 596 640 548 731 560 516 1480 122 499 1506 427 802 205 558 772 655 531 694 204 325 631 323 309 422 880 367 1410 1445 6 119 11 78 257 5 140 163 74 355 103 50 148 128 89 92 340 389 22 144 33
74 1522 776 616 840 612 527 1499 647 596 640 548 731 644 759 74 555 630 696 618 1556 853 491 499 657 818 631 646 560 636 589 1594 675 529 1385 585 1421 1618 1500 571 1572 737 1770 1457 602 526 785 1398 811 533 551 558 772 655 531 694 1514 1799 1506 605 615 1666 1448 1622 1452 119 648 355 1480 880 516 1445 334 559 1416 802 427 514 11 60 6 78 140 163 5 257 22 122 89 103 50 125 340 92 389 148 128 144 33 109
78 1506 491 1421 1618 558 772 655 531 694 78 1499 618 648 1452 631 646 555 776 630 696 636 526 589 1594 647 657 560 1385 1522 596 585 640 548 731 616 644 529 559 759 785 499 602 675 612 1398 811 514 92 818 533 551 1500 693 571 552 840 527 179 140 1514 1799 1556 853 444 880 1445 812 1416 615 1666 1448 1622 341 163 430 119 340 389 6 11 125 89 60 22 5 257 416 355 122 74 103 109 50 148 144 33
340 558 772 655 531 694 648 1452 631 646 340 526 785 596 1506 640 548 731 602 589 1594 657 675 560 1398 811 647 491 1421 1618 499 514 812 1499 818 1522 555 1385 630 696 605 612 457 529 776 389 78 559 616 445 1480 618 880 802 1445 1416 585 636 1556 341 853 840 527 1500 571 6 1629 125 1481 644 1572 759 105 737 1770 1457 693 552 192 177 22 5 416 11 92 122 119 163 50 140 60 89 355 74 257 109 144 33 103 15 19
89 1398 811 785 560 529 880 89 1445 1421 1618 526 585 596 640 548 731 555 630 696 648 533 551 140 602 1385 618 631 646 657 589 1594 647 491 636 675 1506 1522 1500 571 558 772 655 531 694 776 612 616 818 644 759 1514 1799 499 6 1452 1499 840 527 1416 303 1556 853 249 257 92 11 78 144 33 103 60 163 122 119 5 22 355 340 389 50 74 148 128
92 1506 1421 1618 560 92 491 585 558 618 772 655 531 694 78 533 551 1398 529 811 140 1499 776 1385 636 785 555 630 696 648 1452 596 640 548 731 647 631 646 526 657 644 759 616 1522 589 1594 612 499 880 1445 1500 571 602 559 388 818 1514 1799 840 89 527 302 263 514 675 11 6 119 163 103 340 389 60 257 125 5 355 22 122 74 144 33 148 109
355 612 647 1522 499 776 355 616 596 640 548 731 618 840 675 527 1499 636 644 759 631 646 560 555 630 696 602 1421 1556 1618 853 491 657 818 589 1594 1385 1500 571 529 558 772 655 531 694 1398 811 585 350 1572 737 1770 1457 785 119 1514 1799 648 526 352 478 615 1666 1448 1622 349 344 442 1506 452 1452 171 533 356 551 347 448 348 357 237 175 346 1416 394 516 74 605 880 1445 343 256 378 354 11 60 140 78 122 22 5 6 163 257 89 50 340 389 92 148 128 103 144 33
103 585 533 551 529 555 630 696 1500 571 103 657 636 1514 1799 1398 811 491 560 785 644 759 516 616 1421 1618 1522 618 1572 776 880 737 1770 1457 1445 802 1499 454 1385 648 1416 1410 605 615 1666 1448 1622 647 646 1556 853 840 612 527 1506 140 596 640 548 731 544 1480 846 589 1594 602 499 526 350 818 558 772 655 531 694 675 559 6 257 631 1452 222 60 11 50 122 89 78 148 128 92 5 163 119 74 144 33 125 355 340 389 109 22
108 1369 108 228 469 480 423 466 475 479 477 234 289 318 36 476 176
109 559 514 693 552 109 491 812 1452 605 1499 648 1480 163 802 555 630 696 1629 125 1481 1506 432 657 558 772 655 531 694 1572 737 1770 1457 1425 1748 1398 811 476 529 1522 589 1594 585 416 1500 571 6 50 78 119 11 128 15 340 19 389 92 5 74 103
119 499 1499 675 119 647 602 491 589 1594 612 1522 526 776 618 596 818 640 548 731 616 1385 785 555 630 696 840 527 636 644 759 1556 853 1421 1618 560 631 646 657 1416 1506 558 772 655 531 694 1398 811 529 1500 571 95 585 648 49 559 615 1666 1448 1622 1452 8 1572 737 1770 1457 138 121 1514 1799 38 533 4 551 39 880 514 693 1445 552 11 20 118 137 51 1 310 355 122 78 163 60 74 6 257 140 5 22 92 340 89 389 50 103 109 148 128 144 33
122 1416 602 675 1500 571 589 1594 526 636 1514 1799 499 122 818 615 1666 1448 1622 785 516 644 759 585 1572 737 1770 1457 647 1499 802 618 1556 853 1410 616 533 551 776 605 529 648 612 555 630 696 491 544 1480 840 1398 846 527 811 60 558 772 655 531 694 1522 1421 1618 1385 596 657 640 548 731 1452 236 560 219 631 646 149 880 1445 202 241 119 262 292 204 188 235 254 6 50 148 128 11 140 103 125 355 257 89 340 163 389 416 78 74 5 22 92 144 33
124 178 124 171 167 175 302 173 184 118
125 514 812 1452 605 1480 802 559 1629 1481 125 693 552 1572 737 1770 1457 1425 1748 558 772 655 531 694 416 648 1410 1556 853 631 646 1500 571 465 544 846 526 386 50 636 1514 1799 491 818 840 527 206 370 785 459 231 596 1506 640 548 731 395 602 589 169 1594 516 644 759 585 373 430 302 374 369 57 284 1499 303 362 375 675 618 657 450 372 249 128 109 15 163 19 340 389 78 6 22 122 5 148 11 92 103
