128 1410 544 1480 846 605 1500 571 636 1514 1799 516 128 802 644 759 514 812 1452 585 1572 737 1770 1457 1416 618 616 648 533 551 602 776 529 615 1666 1448 1622 1556 853 675 555 818 1421 630 696 1618 1629 1481 647 1398 811 1385 491 1522 558 772 655 531 694 499 840 527 432 589 1594 526 1499 560 657 1506 612 1425 1748 559 125 785 428 416 431 334 880 1445 6 50 122 148 60 103 163 119 140 11 78 257 89 15 355 340 389 19 74 92 109 144 33
257 529 880 1445 1385 1398 811 585 785 555 630 696 257 560 526 1499 533 551 618 657 491 636 776 1421 589 1618 648 1594 1522 602 1500 571 675 1506 616 499 647 596 640 548 731 818 1416 615 1666 1448 1622 612 644 759 11 1514 1799 516 840 527 559 631 646 802 1556 853 558 772 655 531 694 1410 179 514 693 552 1572 144 737 1770 1457 33 1452 445 544 1480 846 605 6 442 140 284 89 119 60 103 78 163 122 92 5 74 355 50 125 148 128 416 340 389 109 22
389 558 772 655 531 694 648 1452 631 646 526 389 1506 785 657 596 640 548 731 602 491 1421 1618 589 1594 514 812 560 1398 811 675 802 1385 605 647 1499 499 559 555 630 696 529 1522 776 818 1480 408 612 1416 618 636 693 552 340 1500 585 571 880 1445 1629 1481 616 1572 78 737 1770 1457 644 759 385 840 1410 527 1556 263 853 1514 533 1799 615 1666 1448 1622 551 516 1425 368 1748 439 6 125 8 217 277 416 22 5 92 11 140 163 50 119 122 89 60 257 355 109 74 128 144 15 33 103 19 148
6 648 1398 811 491 555 630 696 1500 571 559 785 6 529 657 560 636 1514 1799 516 585 558 772 655 531 694 514 693 552 880 802 1445 1506 1499 526 1410 644 533 1452 759 551 1416 1421 616 1618 1572 737 1770 1457 631 646 1385 589 602 618 1594 605 1522 776 615 1666 1448 1622 596 544 1480 640 548 731 846 499 647 812 675 1556 853 163 840 612 527 818 385 1629 1481 169 89 78 60 140 257 50 122 125 119 109 416 11 148 128 340 389 92 5 103 144 33 22 74 355 15 19
5 657 646 555 630 696 596 640 548 731 558 772 655 531 694 631 5 648 1452 560 491 529 1522 647 585 1385 776 612 1499 615 1666 1448 1622 1398 811 616 526 1506 533 551 840 527 499 644 759 618 1416 190 785 636 675 880 1445 818 559 433 1500 571 441 233 602 1556 853 1421 802 1618 693 589 552 1594 514 812 1514 1799 516 605 1572 737 1770 1457 482 1480 350 36 476 1410 6 60 340 389 11 119 78 140 22 257 163 125 355 89 74 416 103 122 50 92 144 33 109 148 128
11 1385 526 1499 618 529 555 785 630 696 636 776 1421 589 1618 1594 491 602 880 1445 585 1398 811 11 675 560 657 1522 1506 499 647 616 644 759 818 533 612 551 1416 648 1500 596 571 640 548 731 558 772 655 531 694 840 615 1666 1448 1622 527 406 1556 853 631 646 1514 1799 1452 516 559 257 802 140 514 119 1410 408 693 552 1572 737 1770 1457 605 405 544 1480 846 78 385 89 60 92 6 122 163 144 33 355 103 74 5 340 389 50 125 148 128 416 22 109
140 560 1421 1618 585 1385 1506 1398 811 529 533 551 785 618 140 491 596 640 548 731 636 776 880 1445 555 630 696 526 1499 647 648 631 646 1522 644 616 759 1500 657 571 612 558 772 655 531 694 499 675 589 1594 602 1514 1799 516 89 1452 1416 559 615 1666 1448 1622 818 840 527 92 802 78 11 514 1410 1556 853 693 552 1572 737 1770 1457 605 544 1480 846 444 6 103 257 119 60 163 144 33 355 122 5 340 22 389 50 74 125 148 128 416 109
15 1629 1481 812 1425 1748 15 514 1452 605 802 1480 559 19 693 1572 552 737 1770 1457 416 1410 370 125 558 772 655 531 694 395 1500 571 388 445 544 846 648 302 374 284 303 362 1556 853 636 1514 1799 50 128 109 6 163 340 389 148
144 880 1445 1398 811 529 785 144 560 1385 585 526 555 630 696 648 533 551 657 491 1499 1421 1618 618 602 257 589 33 1594 596 636 640 548 731 1506 1500 571 1522 776 499 675 616 647 1416 558 772 655 531 694 631 646 818 612 615 1666 1448 1622 1514 644 1799 759 516 559 802 840 1452 302 527 11 368 1410 89 6 140 78 119 60 103 92 163 122 5 50 355 74 340 389 148 128 22 109
19 1629 1481 812 1425 1748 19 514 1452 605 802 1480 559 15 693 1572 552 737 1770 1457 1410 125 558 772 655 531 694 382 416 1500 571 413 415 229 544 846 648 410 258 402 400 279 397 417 1556 853 201 636 1514 50 128 109 6 163 340 389 148
148 516 1500 571 636 1514 1799 802 1410 644 759 148 585 1572 737 1770 1457 1416 544 1480 846 618 605 616 648 533 551 602 776 529 615 1666 1448 1622 1556 853 675 555 818 1421 630 696 1618 514 1452 647 1398 811 812 526 491 1522 1385 499 840 527 589 1594 1499 560 657 612 559 1506 785 432 459 596 640 548 731 646 558 772 655 531 694 213 693 552 6 50 122 334 880 631 1445 385 1629 1481 128 60 125 416 103 163 119 140 11 257 78 89 355 74 92 109 5 340 389 144 22 33 15 19
22 631 596 640 548 731 558 772 655 531 694 646 648 1452 560 22 647 657 526 1522 1506 612 776 499 785 1398 811 616 675 618 840 527 1499 602 228 491 1421 1618 529 636 589 1594 514 812 555 630 696 644 759 802 1385 605 585 392 880 1445 559 477 1556 853 234 289 388 818 1480 246 533 551 198 615 1666 1448 1622 1416 693 552 316 340 1572 436 1500 737 1770 1457 571 389 196 78 119 6 5 125 140 416 355 89 74 92 11 60 163 50 122 257 103 144 33 109
416 514 812 1452 416 605 802 1480 559 1629 1481 693 1572 552 737 1770 1457 1425 1748 1410 125 558 772 655 531 694 1500 571 648 544 846 1556 853 636 1514 1799 631 646 516 491 169 526 430 1506 50 57 644 759 818 840 527 585 1416 657 602 304 375 785 13 589 173 596 1594 1499 640 548 731 618 65 300 330 616 1421 1618 3 533 555 15 551 630 696 81 1522 301 97 675 615 1666 1448 1622 386 374 1398 811 207 560 529 63 499 342 487 35 647 370 776 31 1385 203 218 128 109 163 19 340 389 78 6 122 60 148 22 119 140 5 11 92 89 103 74
33 880 1445 1398 811 529 785 33 560 1385 585 526 555 630 696 648 533 551 657 491 1499 1421 1618 618 602 144 257 589 1594 596 636 640 548 731 1506 1500 571 1522 776 499 675 616 647 1416 558 772 655 531 694 631 646 818 612 615 1666 1448 1622 1514 644 1799 759 516 559 802 840 1452 527 11 1410 89 6 140 78 119 60 103 92 163 122 5 50 355 74 340 389 148 128 22 109
163 491 559 514 693 552 648 1499 1506 555 630 696 163 1398 811 657 529 1500 571 1452 785 585 1385 558 1421 1522 772 655 531 694 1618 812 589 1594 526 560 776 636 1514 1799 605 516 616 499 6 675 533 551 618 602 880 802 1445 1416 647 615 1666 1448 1622 818 644 759 1410 631 646 840 612 527 596 640 548 731 1572 1556 737 1770 1457 853 544 1480 1629 846 1481 78 109 119 1425 1748 125 416 140 11 60 92 257 89 50 122 340 5 389 74 148 128 103 355 144 33 22 15 19
50 802 1500 571 514 812 1452 605 636 1514 1799 516 50 1480 1572 737 1770 1457 1410 559 644 759 1629 1481 585 1416 648 544 846 618 693 552 616 1425 1748 533 551 602 125 558 772 655 531 694 1556 853 416 776 529 615 1666 1448 1622 491 818 675 1421 1618 555 630 696 526 840 647 527 785 1385 1398 811 631 646 1522 1499 499 589 1594 560 657 612 596 640 548 731 1506 880 1445 6 122 148 128 60 163 109 15 19 119 103 11 140 340 389 257 78 89 355 92 5 74 22 144 33
178 178 124 171 175 167 173 184 441 118 98 1 182 159 73
60 615 1666 1448 1622 1416 818 644 759 60 555 616 630 696 1556 853 589 1594 602 657 840 527 618 675 776 1499 636 491 529 1522 585 1500 571 1385 526 1572 737 1770 1457 533 785 551 648 612 646 1514 1799 516 647 1421 1618 432 1398 811 605 1506 560 802 1410 596 640 548 731 880 1445 559 122 558 772 655 531 694 514 499 427 1452 631 205 204 325 544 1480 846 323 309 422 367 693 552 6 119 11 257 140 163 78 5 74 355 103 50 89 125 148 128 92 416 144 340 33 389 109 22
74 1522 776 616 840 612 527 1499 647 596 640 548 731 644 759 74 555 630 696 618 1556 853 499 491 1385 657 818 675 631 646 560 636 589 1594 529 585 1421 1618 526 1500 1506 571 1572 737 1770 1457 785 602 1398 811 615 1666 1448 1622 558 772 655 531 694 533 551 648 1514 1799 516 559 880 1445 1416 802 605 1452 1480 119 1410 355 514 693 552 334 544 846 427 11 60 6 140 78 257 163 5 22 122 89 92 125 50 103 416 340 389 148 128 144 33 109
78 1506 491 1421 1618 558 772 655 531 694 78 1499 618 648 1452 560 1385 631 646 555 776 630 696 585 636 559 1398 811 526 647 589 1594 514 596 640 548 731 657 499 529 533 551 693 675 552 1522 616 644 759 785 612 602 1500 571 880 1445 818 92 802 1514 140 1799 516 812 840 527 615 1666 1448 1622 179 1556 853 605 1480 444 1410 1572 737 1770 1457 1416 341 163 430 119 6 11 89 340 389 125 257 416 60 22 5 103 109 122 50 355 74 144 33 148 128
340 558 772 655 531 694 648 1452 631 646 340 526 1506 785 657 596 640 548 731 602 491 1421 1618 589 1594 514 812 560 1398 811 675 802 1385 605 647 1499 499 559 555 630 696 529 1522 776 818 1480 612 1416 618 457 636 693 552 1500 585 571 389 880 1445 1629 1481 616 1572 78 737 1770 1457 445 644 759 840 1410 527 1556 853 1514 533 1799 615 1666 1448 1622 551 516 341 1425 1748 6 125 105 192 177 416 22 5 92 11 140 163 50 119 122 89 60 257 355 109 74 128 144 15 33 103 19 148
89 1398 811 560 785 529 1421 1618 880 89 1445 585 1385 1506 526 648 533 551 596 640 548 731 555 630 696 491 618 636 657 602 647 631 646 776 140 1500 571 589 558 1594 772 655 531 694 1499 1522 675 616 612 644 759 499 1416 1514 1799 516 1452 559 818 615 1666 1448 1622 802 840 527 1410 514 693 1556 552 853 6 92 1572 737 1770 1457 78 605 11 544 1480 257 846 303 249 144 33 103 163 60 119 122 5 340 355 389 22 50 125 74 416 148 128 109
92 1506 1421 1618 560 491 585 1385 92 1398 618 811 558 772 655 531 694 529 1499 533 551 785 776 636 555 630 696 648 1452 596 640 548 731 526 78 647 631 646 880 140 1445 657 644 499 589 759 1594 616 1522 559 675 612 602 514 1500 571 693 552 818 1416 840 527 1514 1799 802 516 89 615 1666 1448 1622 1556 853 388 11 812 605 1480 1410 1572 737 1770 1457 302 263 6 119 163 103 340 257 389 60 125 416 355 5 122 22 144 33 50 74 109 148 128
355 612 647 1522 499 776 355 616 596 640 548 731 618 840 675 527 1499 636 644 759 631 646 560 555 630 696 602 1385 1421 1556 1618 853 491 818 657 589 1594 1500 571 615 1666 1448 1622 1506 529 558 526 772 655 531 694 785 1398 811 648 585 350 1572 737 1770 1457 119 478 1514 1799 1416 516 352 344 349 442 1452 452 880 1445 171 533 802 356 551 448 347 348 357 237 175 1410 346 559 1480 74 605 394 343 256 378 354 11 60 140 78 122 22 5 6 257 89 163 92 50 340 389 148 128 103 144 33 109
103 585 533 551 529 555 630 696 1500 571 103 657 1398 560 811 636 1514 1799 516 1421 1618 1385 491 785 880 802 1445 1506 648 618 1416 1410 644 759 776 616 1499 1522 1572 737 1770 1457 615 1666 1448 1622 646 454 544 1480 846 605 647 602 596 640 548 731 526 589 1594 499 559 1556 853 514 840 612 527 558 818 140 772 655 531 694 1452 675 631 693 552 812 350 6 257 222 11 89 60 78 92 50 122 148 128 163 119 5 125 144 33 416 74 355 340 389 109 22
108 1369 108 228 469 480 423 466 475 479 477 234 289 318 36 476 176
109 559 514 693 552 491 109 812 1452 648 605 802 1499 1506 555 630 696 1480 1398 811 1629 1481 558 657 772 655 531 694 529 1500 571 1572 737 1770 1457 163 785 585 1385 1425 1748 1421 1522 1618 526 125 589 1594 560 636 1514 432 1799 416 516 616 499 631 646 618 675 6 818 602 533 551 776 647 880 1445 1416 615 1666 1448 1622 1556 853 476 644 759 596 640 548 731 1410 840 612 527 50 78 119 140 11 60 92 257 340 89 389 15 19 122 5 74 148 128 103 355 22 144 33
119 499 1499 675 119 647 602 491 589 1594 612 1385 1522 526 776 618 596 818 640 548 731 616 785 555 630 696 1416 1506 636 840 527 1421 1618 644 759 560 1556 853 657 529 631 646 1398 811 648 559 1500 558 571 615 1666 1448 1622 772 655 531 694 585 95 514 693 49 552 1514 880 1452 1799 1445 516 533 551 1572 737 1770 1457 138 8 802 121 4 38 39 1410 11 1480 605 20 118 137 51 1 355 122 78 60 163 6 257 74 140 92 5 125 340 89 389 22 416 50 109 103 148 128 144 33
122 1416 602 675 1500 571 615 1666 1448 1622 589 1594 526 636 1514 1799 516 499 122 818 802 785 1410 644 759 585 1572 737 1770 1457 1556 853 1499 647 618 544 1480 648 846 555 605 630 696 616 529 776 533 551 491 1385 1398 811 840 527 612 657 1452 60 558 772 655 531 694 1522 1421 1618 560 514 596 640 548 731 812 880 1445 236 219 631 646 559 149 119 202 241 262 292 188 1506 204 235 254 693 552 6 50 148 128 11 125 416 140 257 103 163 355 89 340 389 78 5 74 92 144 33 22 109
124 178 124 302
125 514 812 1452 605 802 1480 559 1629 1481 125 693 1572 552 737 1770 1457 1425 1748 1410 558 772 655 531 694 416 1500 571 648 544 846 1556 853 636 1514 1799 631 646 516 491 465 526 1506 386 50 644 759 818 840 527 585 1416 657 602 206 370 785 231 459 589 596 1594 1499 640 548 731 618 395 616 1421 1618 533 555 551 630 696 1522 560 675 529 615 1666 1448 1622 373 169 302 369 374 499 284 647 776 303 362 1385 430 450 1398 811 249 612 128 109 15 163 19 340 389 78 6 122 60 148 22 119 140 5 11 92 103 89 74
