0 0 108 48 310 120 36 476 445 366 134 160 228
2 2 78 163 130 66 281 119 6 153 249 70 137 204 11 427 168 170 285 92 52 60 140 207 69 100 96 159 283 329 37 141 10 205 157 155 109 40 29 127 257 158 287 131 129 187 166 225 25 391 296 351 89 297 125 113 253 63 74 16 186 5 71 38 364 416 123 122 340 147 323 107 389 322 142 355 42 103 44 430 203 83 270 47 79 126 50 62 76 151 242 82 22 145 59 148 128 144 313 116 33 401 27 248 88
5 5 157 168 190 433 441 233 66 69 107 283 482 153 350 36 476 205 166 151 242 60 142 207 59 6 158 2 96 159 340 78 389 141 11 37 71 42 40 83 119 140 29 22 155 297 127 253 130 257 287 296 163 125 391 123 351 131 187 249 129 74 137 329 355 52 92 416 10 38 89 103 44 100 113 322 16 122 47 70 147 79 126 186 62 50 270 225 76 25 144 33 82 109
6 6 159 163 29 131 66 2 385 70 69 204 169 296 322 391 283 96 168 430 155 89 205 153 40 60 207 78 166 147 71 140 50 122 157 203 37 257 82 141 125 11 130 145 148 128 109 313 119 340 187 127 389 129 416 107 25 249 76 323 42 297 52 27 253 63 142 113 47 92 137 103 44 5 270 100 111 287 357 83 144 158 33 364 401 329 248 151 242 55 351 62 41 10 88 116 74 16 59 225 22 38 79 186 126 123 355
10 10 119 158 186 113 130 153 129 263 123 369 200 107 37 355 100 122 2 11 287 155 157 329 151 242 147 225 127 296 59 60 187 249 52 131 66 142 69 47 78 140 351 71 74 283 364 6 38 257 205 163 168 16 29 96 166 297 270 253 391 22 430 89 92 159 137 40 207 5 70 340 50 389 322 42 82 141 145 148 79 83 126 103 27
11 11 406 257 37 16 140 129 130 66 408 119 391 405 153 385 296 2 249 155 96 52 287 40 100 158 29 147 78 113 89 168 60 92 329 71 207 69 6 127 10 131 225 283 76 157 141 186 187 122 205 107 322 163 144 33 137 166 270 123 103 44 159 351 297 364 253 355 74 5 38 142 430 151 242 340 70 389 62 203 59 42 50 83 47 82 145 148 128 79 126 313 22 27 401 109 248 88 41
15 15 260 323 379 112 56 19 370 395 420 416 388 125 445 302 374 284 412 303 362 50 116 83 25 313 70 204 111 203 69 109 401 248 88
16 16 11 363 257 37 275 140 129 406 130 66 119 388 476 385 391 447 153 95 49 362 132 296 2 249 155 96 52 287 40 100 158 29 147 78 113 89 168 60 92 329 71 207 69 6 127 10 131 225 283 76 157 141 186 187 122 205 107 322 163 144 33 137 166 270 123 103 44 159 351 297 364 253 355 74 5 38 142 430 151 242 340 70 389 62 203 59 42 50 83 47 82 145 148 128 79 126 313 22 27 109
19 19 260 323 379 112 15 56 382 413 420 229 125 410 258 402 415 400 279 397 417 201 243 411 484 295 412 418 416 268 285 398 205 50 116 83 25 313 69 70 204 111 203 283 166 109 401 340 389 248 42 88
22 22 142 228 69 107 283 392 477 157 205 234 289 246 388 166 198 151 242 316 436 153 196 294 59 158 340 389 159 71 42 78 37 83 168 6 125 5 140 119 29 123 129 127 296 416 10 137 323 355 287 155 351 2 66 74 249 113 130 89 92 52 38 11 186 100 322 96 163 147 50 116 40 225 25 270 207 16 141
25 25 125 70 204 416 323 109 281 163 50 392 116 83 63 429 313 6 260 2 111 203 69 131 283 205 159 78 187 166 128 66 379 112 15 401 56 19 157 430 130 248 364 155 29 119 340 389 357 147 96 88 42 122 37 137 142 82 168 296 145 148 11 55 41 207 92 40 52 322 27 141 5 22 270 103
27 27 148 131 451 480 466 475 479 477 289 234 318 176 430 320 198 155 315 316 446 134 436 147 6 50 122 203 96 82 145 128 313 129 187 125 127 111 357 270 47 60 401 113 416 159 153 248 66 323 364 55 41 163 103 88 116 44 29 140 40 287 158 249 329 11 52 2 37 297 253 62 186 257 100 168 89 70 351 296 130 10 322 207 25 83 71 141 225 92 79 126 74 16
29 29 296 322 391 6 89 71 488 40 140 208 179 37 257 350 76 444 445 66 96 159 11 144 107 33 163 131 153 249 69 78 92 2 52 157 113 283 168 151 242 129 70 205 60 100 204 59 130 207 158 119 142 166 103 44 16 155 329 430 141 137 287 186 147 225 127 50 122 5 62 203 340 389 297 82 253 22 42 145 148 128 109 313 123 351 83 74 355 47 25 10 27 63 270 79 126 41
33 33 391 76 144 257 29 450 40 296 322 11 6 89 140 71 96 66 37 153 16 159 129 2 130 107 168 249 119 52 78 163 92 207 69 131 157 113 100 103 44 158 287 141 147 151 242 62 59 225 137 5 74
37 37 296 113 11 69 100 283 205 476 329 29 122 166 225 186 341 450 130 119 157 391 257 187 16 340 10 140 389 6 159 153 129 42 322 78 66 60 89 2 142 47 364 131 83 40 71 249 96 155 52 168 125 287 158 92 107 76 147 163 416 22 297 137 253 351 323 127 203 144 430 5 207 33 38 50 70 151 242 141 123 313 74 270 82 59 103 116 355 44 145 148 128 79 126 401 111 248 27 25 62 88 109 41
38 38 351 187 153 364 489 95 49 329 8 138 119 121 39 472 203 239 473 127 462 137 118 419 51 287 74 60 155 130 123 66 107 355 158 401 100 129 248 78 2 88 116 157 297 151 242 253 11 131 225 168 59 37 270 147 6 113 249 207 96 142 52 10 140 111 71 125 122 69 141 47 163 40 257 79 126 5 92 296 128 159 22 16 186 82 145 103 148
40 40 257 96 29 391 66 488 423 214 392 370 11 6 140 296 322 405 168 431 89 103 153 44 60 131 207 76 71 2 37 144 141 33 62 155 130 159 249 157 163 16 119 52 92 297 129 253 430 107 147 5 287 122 69 78 113 187 100 329 127 158 50 203 283 70 204 82 351 145 148 205 128 74 313 364 151 47 242 270 38 166 79 225 126 123 59 10 142 186 27 355 137 401 111 340 389 248 109 42 55 41 88 25 22
41 41 128 357 111 252 55 131 281 116 428 431 334 430 125 155 147 6 416 50 122 203 323 96 82 145 148 313 129 27 187 127 270 47 401 60 113 159 66 248 364 83 25 163 103 70 88 44 29 140 40 287 158 260 249 52 62 186 89 207 322 109 141
42 42 69 283 205 166 157 340 389 159 338 486 78 444 37 142 440 226 247 83 437 6 125 107 296 416 22 137 323 168 5 2 249 113 92 52 153 11 151 100 242 140 29 158 59 163 66 50 71 130 329 116 122 70 131 204 119 225 129 313 186 25 89 391 10 96 322 260 257 287 40 111 16 147 123 207 47 355 109 74 141 82
44 44 62 96 103 140 444 445 131 40 66 257 89 6 29 168 391 430 11 155 153 249 71 60 92 52 207 78 147 2 50 122 203 129 82 141 145 148 296 128 313 322 127 157 130 159 163 107 297 27 287 253 125 119 47 37 137 76 158 16 5 270 357 113 401 111 144 33 116 248 55 151 41 242 88 74 123 59 79 126
47 47 60 122 297 253 113 329 131 155 95 160 79 187 126 37 66 186 100 430 364 6 127 147 203 96 270 119 50 10 296 225 82 168 145 148 128 153 313 129 207 130 2 27 69 351 125 401 141 111 159 11 357 283 38 40 163 248 416 287 157 29 205 140 103 44 78 158 88 116 166 55 249 41 257 52 5 62 89 340 83 322 389 92 42 74 16
50 50 313 125 416 131 323 430 155 116 83 147 6 25 122 203 96 111 82 260 145 70 148 128 204 69 129 187 27 283 127 357 270 47 60 205 401 113 159 166 248 66 364 153 109 55 379 41 112 163 15 103 88 44 37 29 140 157 56 40 19 287 158 78 249 329 340 11 52 63 2 389 297 296 253 42 62 100 142 186 257 351 168 89 10 322 207 71 92 137 225 141 5 22 79 126 74 16
52 52 249 78 140 129 137 92 155 429 287 158 11 2 447 147 446 263 89 96 153 71 69 283 29 131 119 205 66 107 37 130 166 127 6 60 270 257 391 296 16 163 10 40 123 157 355 322 103 340 44 389 151 242 159 430 42 168 187 59 142 100 329 297 122 351 253 186 70 83 207 74 50 62 113 203 125 38 82 145 148 141 76 128 47 313 225 5 22 144 33 27 79 126 109 25 41
55 357 55 128 286 293 264 252 111 433 255 214 275 236 41 131 213 219 449 36 476 202 385 116 430 125 155 147 6 416 50 122 203 323 96 82 145 148 313 129 27 187 127 270 401 47 113 159 248 83 25 163 103 88 44 287 40 62
56 56 379 260 323 382 112 15 413 19 229 410 415 402 400 279 397 417 201 420 268 411 243 484 285 418 295 205 362 125 416 50 116 83 25 313 69 70 111 109
59 59 481 107 157 151 242 153 158 388 142 71 249 217 69 22 283 119 140 168 123 127 10 29 5 205 129 355 287 166 351 155 74 38 89 187 130 11 66 296 6 340 322 391 186 389 96 159 78 147 42 92 364 37 2 60 83 131 257 113 40 52 270 329 100 163 207 137 16 122 76 103 141 44 144 225 33 62 82
60 60 297 253 329 155 432 47 79 187 126 66 122 427 204 325 205 309 364 323 367 422 127 166 270 131 100 168 153 129 113 207 6 2 96 203 351 225 141 11 147 37 38 40 130 287 430 119 158 157 69 186 249 257 50 163 52 283 5 29 296 10 125 140 82 401 78 159 391 145 148 128 248 313 63 103 44 416 107 70 74 88 116 16 111 27 89 123 322 62 340 71 92 389 355 137 83 42 55 41 25
62 62 44 96 364 103 140 358 427 131 40 66 257 89 6 29 168 391 430 11 155 153 249 71 60 92 52 207 78 147 2 187 203 50 122 129 82 141 145 148 296 128 313 322 127 157 130 159 163 107 297 27 287 253 47 37 137 76 16 5 270 357 401 113 111 144 248 116 33 55 151 41 242 88 74 59 79 126
63 204 63 487 70 465 206 370 209 231 459 236 395 188 109 373 447 302 163 369 374 284 169 303 430 416 25 292 368 57 371 305 372 6 2 66 78 159 130 131 125 29 119 145 168 137 207 322 92 141 82
66 66 168 153 60 207 6 2 96 467 488 141 449 11 208 40 457 179 297 157 253 257 155 163 130 5 29 119 140 78 159 131 391 329 127 287 187 103 44 351 37 74 16 296 47 70 89 204 38 129 249 79 364 69 126 123 158 122 322 100 52 71 62 107 92 355 137 283 147 430 270 113 205 76 10 166 50 225 203 151 144 242 82 33 186 109 125 145 142 148 128 59 313 25 340 389 63 27 42 401 83 22 248 41 88
69 69 283 205 338 486 166 440 226 247 157 437 340 389 159 467 42 78 37 142 488 208 83 179 482 36 350 6 444 125 445 107 296 416 22 137 323 168 5 2 249 113 92 52 153 11 151 100 242 140 29 158 59 163 66 50 71 130 329 116 122 70 131 204 119 225 129 313 186 25 89 391 10 96 322 260 203 257 287 40 111 16 147 127 123 207 47 355 109 74 141 76 63 82 112 15 103 144 33 19
70 70 204 109 163 25 63 125 482 6 2 416 323 478 352 344 349 442 452 171 50 66 78 159 116 83 130 313 29 119 69 131 153 260 283 203 111 205 168 137 96 166 11 207 140 157 296 322 391 249 37 40 92 52 430 128 89 141 100 257 340 389 401 147 379 71 112 15 122 42 56 248 10 19 142 82 145 148 88 5 225 74 16 103 27 41
71 71 140 29 107 89 275 157 151 213 242 296 322 391 149 153 59 283 96 158 202 241 176 6 249 198 216 222 200 92 279 292 52 142 11 78 40 37 257 66 129 69 168 119 76 2 22 155 131 159 205 137 123 144 103 127 33 44 10 5 166 130 355 163 147 287 16 351 74 113 60 187 207 38 100 62 186 340 389 430 329 42 141 70 270 83 50 122 225 82 145 148 27 109
74 74 153 127 287 351 38 187 155 123 334 130 66 107 119 355 158 277 427 129 364 2 157 151 242 11 329 168 59 10 60 207 270 100 147 142 6 96 249 71 52 203 141 131 140 37 78 40 163 69 257 5 186 225 29 283 391 297 22 253 113 16 296 205 122 166 89 159 70 401 92 137 103 44 248 322 47 340 88 116 389 79 126 82 42 62 145 148 76 109 144 33
76 76 391 144 257 33 29 450 474 40 296 322 11 6 89 140 71 96 66 37 153 16 159 129 2 130 107 168 249 119 52 78 163 92 207 69 131 157 113 100 103 44 158 287 141 147 151 242 62 59 225 137 5 74
78 78 137 2 249 92 52 69 140 179 283 205 444 166 341 430 339 163 129 157 130 66 119 11 6 340 389 89 159 96 42 153 37 142 71 70 83 155 29 204 287 107 158 147 168 125 131 100 60 391 257 207 296 416 22 127 5 16 323 10 329 113 322 151 242 141 103 44 109 225 40 59 25 50 186 122 270 123 145 351 297 253 355 62 63 74 313 38 76 47 82 148 144 33 27 79 126
79 79 60 297 253 329 155 432 47 449 120 187 459 126 66 431 334 122 427 434 325 364 127 270 131 100 168 153 129 113 207 6 2 96 203 351 225 141 11 147 37 38 40 130 287 430 119 158 186 249 257 157 50 52 163 5 29 296 10 140 82 401 78 159 145 148 128 248 313 103 44 74 88 116 16 111 27 89 123 322 62 92 137 41
82 82 131 412 430 155 147 6 50 122 203 486 96 145 334 148 128 313 201 129 187 27 125 127 111 357 270 47 60 401 113 416 159 153 248 66 323 364 55 41 163 103 88 116 44 29 140 40 287 158 249 329 11 37 52 2 297 253 119 62 257 186 100 168 78 89 70 69 204 351 83 296 130 10 322 391 207 25 283 71 157 38 107 205 123 225 141 166 92 79 355 126 74 16 137 109 340 5 389 42
83 83 125 416 69 323 283 205 166 50 157 405 116 219 340 389 159 25 313 338 486 42 446 78 37 142 260 70 204 111 203 6 131 107 296 22 137 187 168 163 5 2 128 249 113 379 109 112 92 15 52 401 56 153 19 11 151 100 242 364 248 155 430 122 140 29 158 59 63 66 147 357 88 96 71 119 130 329 82 225 129 186 145 55 148 89 41 127 257 322 10 47 40 27 16 270 207 103 141
85 237 85 162 449 443 482 434 476 349 442 478 352 105 344 346 448
88 88 203 187 401 248 364 116 489 131 429 476 329 111 125 366 160 436 368 292 351 416 323 38 430 155 60 147 153 6 50 122 96 82 145 148 128 313 100 129 83 27 297 253 25 127 357 270 47 70 260 113 287 159 66 225 37 55 41 29 130 163 103 44 40 74 79 126 123 62 186 109 112 15 19
89 89 140 29 249 296 322 391 71 96 6 92 52 303 11 78 40 37 257 66 107 76 129 2 131 159 153 137 144 103 33 44 69 157 158 155 163 16 151 283 242 168 147 130 287 113 205 59 60 119 62 142 207 100 166 430 127 70 329 141 50 122 5 186 10 340 225 389 123 82 270 22 42 297 145 148 253 128 355 313 74 83 47 27 109 79 126 41
91 91 328 460 470 405 211 220 338 463 420 406 456 468 471 362
92 92 78 140 249 137 52 2 89 96 388 71 69 11 302 263 283 29 205 129 166 66 6 130 37 153 119 107 163 296 391 157 40 155 158 322 103 340 44 257 287 389 159 16 147 42 131 142 168 151 70 83 242 204 100 62 60 207 127 59 10 125 113 329 141 76 5 416 22 270 123 122 225 430 186 144 355 33 50 351 297 74 253 109 25 82 47 145 148 63 27 79 126
96 96 103 44 140 131 40 66 62 388 263 257 89 6 29 168 391 430 11 155 153 249 71 60 92 52 207 78 147 2 50 122 203 129 82 141 145 148 296 128 313 322 187 157 127 130 159 163 107 297 27 287 253 119 158 47 125 37 137 76 16 5 270 111 357 113 364 401 69 329 416 144 33 248 323 283 100 55 70 351 151 41 242 205 88 116 74 10 59 38 166 142 79 126 123 186 355 225 83 25 340 389 42 109 22
100 100 329 225 37 113 187 130 360 119 432 60 449 364 392 172 296 122 213 153 186 11 36 415 431 334 2 10 69 297 253 351 47 283 158 66 155 38 203 205 131 78 29 166 6 257 16 129 127 140 391 157 163 287 96 79 126 74 168 340 249 389 40 159 52 89 147 401 42 322 142 123 207 137 430 71 107 270 92 248 355 125 70 83 141 88 116 50 82 5 76 145 148 128 111 22 313 151 242 103 144 44 33 59 27 25 109
103 103 96 454 44 140 131 40 66 350 249 62 222 257 89 6 29 168 391 430 11 155 153 71 60 92 52 207 78 147 2 50 122 203 129 82 141 145 148 296 128 313 322 187 157 127 130 159 163 107 297 27 287 253 119 158 47 125 37 137 76 16 5 270 111 357 113 364 401 69 329 416 144 33 248 100 55 70 351 151 41 242 88 116 74 10 59 38 142 79 126 123 186 355 225 83 25 109
104 104 353 469 453 451 480 475 479 477 289 318 320 198 246 446 279 316
107 107 157 151 242 153 59 158 293 252 142 71 214 392 213 149 219 241 36 69 262 202 22 283 119 140 168 123 127 10 29 5 205 129 355 287 166 351 155 74 38 89 187 130 249 11 66 296 6 52 340 322 391 186 389 159 96 147 42 78 364 37 92 2 60 83 131 113 257 40 329 270 125 100 163 207 16 122 137 76 103 141 44 144 225 33 47 62 82
108 108 0 228 469 480 423 466 475 479 477 36 476 234 289 445 48 318 176
109 109 70 204 163 25 432 63 125 476 6 2 416 323 50 66 78 159 116 83 130 313 29 119 69 131 153 260 283 203 111 205 168 137 96 166 11 207 140 157 296 322 249 37 40 92 52 128 89 141 100 340 257 389 401 147 71 112 15 42 56 248 19 82 145 148 88 5 225 74 16 103 41
110 110 244 408 405 362
111 111 116 128 125 203 357 459 416 323 131 55 41 447 430 49 132 187 8 268 319 401 50 248 364 88 313 155 83 25 147 6 122 96 260 145 82 70 329 204 148 60 69 351 129 27 283 38 127 159 205 270 163 47 113 166 66 379 109 112 15 297 253 103 56 44 19 100 287 40 340 63 389 42 62 79 126
112 112 260 323 412 379 15 56 19 420 410 258 402 400 125 279 397 201 243 484 411 417 268 285 398 295 205 418 436 416 50 116 83 25 313 69 70 204 111 283 203 166 109 340 401 389 42 248 88
113 113 122 37 186 100 119 10 329 296 225 47 429 60 262 131 263 49 158 187 130 11 69 283 364 155 205 153 297 253 29 166 430 2 6 203 147 157 50 96 391 107 257 127 16 82 123 340 351 140 389 145 159 148 128 129 355 42 313 322 78 66 125 79 89 142 38 126 40 270 163 83 287 71 27 416 401 151 242 249 111 52 357 248 168 59 74 92 88 116 76 22 103 137 44 55 41 144 5 207 33 62 141
116 116 111 125 203 416 323 469 187 466 475 128 479 401 477 234 289 248 318 364 476 50 176 246 320 446 198 316 88 292 436 357 83 313 131 25 260 55 41 70 329 204 69 351 283 38 430 155 205 60 166 147 153 6 122 379 109 112 163 15 96 82 56 19 157 145 148 159 340 63 389 37 100 78 42 129 27 113 142 2 297 253 127 270 47 225 103 22 74 79 126
119 119 10 130 95 158 49 153 186 8 138 121 38 2 4 39 20 11 137 113 100 118 310 51 463 1 53 43 129 78 329 123 37 107 66 187 225 355 351 155 127 122 163 287 257 249 364 74 16 60 157 52 6 140 151 242 147 296 131 168 59 69 96 391 70 92 204 142 47 29 71 207 283 40 205 270 297 203 253 141 159 166 89 5 22 322 109 340 76 389 103 44 42 25 82 401 79 145 148 126 144 63 33 248 88
122 122 47 113 131 60 236 219 149 37 186 202 241 262 292 430 100 329 297 204 188 235 253 155 254 147 119 6 50 203 10 96 82 296 225 145 148 128 313 66 158 79 11 129 126 187 27 153 130 125 69 127 111 357 270 401 283 2 416 159 248 323 364 205 55 41 40 168 163 103 88 166 116 44 29 140 257 287 78 207 249 70 52 107 157 123 351 16 63 62 83 141 340 355 389 89 38 42 25 142 322 71 92 74 151 5 242 137 59 109
123 123 355 153 158 433 233 449 119 127 107 10 129 482 350 287 476 352 478 351 155 444 445 344 74 38 187 130 66 157 151 242 186 59 147 11 364 249 142 2 52 71 113 270 140 131 329 168 69 78 60 207 100 6 96 37 283 22 257 203 122 5 29 141 205 16 40 163 89 166 296 225 92 159 297 137 253 47 322 340 401 389 82 42 145 148 248 103 88 79 126
124 178 124 302 167
125 125 416 323 465 386 50 116 83 206 370 231 459 25 313 420 395 260 70 204 169 430 111 373 302 369 374 284 203 303 362 69 57 249 450 372 375 131 283 205 187 166 128 379 109 112 15 401 163 56 19 157 248 6 364 159 340 155 63 389 357 88 42 78 147 2 37 142 122 145 96 82 55 41 148 329 52 129 66 351 107 27 113 296 22 168 137 127 38 270 47 100 5 92 103 44
126 60 126 297 253 425 329 438 155 451 480 47 423 214 466 408 475 477 79 187 479 66 234 289 318 122 320 176 198 246 385 432 446 364 127 270 131 100 168 153 129 113 207 6 2 96 203 351 225 141 11 147 37 38 40 130 287 430 119 158 186 249 257 157 50 52 163 5 29 296 10 140 82 401 78 159 145 148 128 248 313 103 44 74 88 116 16 111 27 89 123 322 62 92 137 41
127 127 155 153 270 350 60 352 171 129 287 356 351 237 348 74 474 175 357 131 346 38 158 4 394 372 187 123 130 66 107 297 253 119 355 147 329 364 11 2 249 430 6 52 157 151 242 96 47 203 10 168 59 50 122 140 79 126 207 78 100 82 128 142 145 148 37 71 257 313 141 163 69 186 113 16 29 40 85 391 55 27 283 125 111 401 159 5 225 296 89 248 92 205 22 103 44 137 162 166 88 116 70 41 322 62 340 389 83 42
128 128 357 111 55 41 131 116 432 428 431 334 430 125 155 147 6 416 50 122 203 323 96 82 145 148 313 129 187 27 127 270 47 60 401 113 159 248 66 364 153 83 25 163 103 70 88 44 29 140 40 287 158 260 249 329 11 52 2 297 253 62 186 257 89 322 207 109 141 112 15 79 126 19
129 129 155 287 158 147 249 52 153 11 488 208 131 395 127 270 140 119 444 60 78 10 123 107 355 257 37 16 96 430 130 66 187 2 92 297 351 157 6 253 186 391 71 137 74 122 151 242 89 50 203 329 29 38 59 82 69 296 364 145 148 128 142 47 313 40 100 283 113 168 205 27 163 125 159 79 166 207 126 103 44 111 322 357 401 416 225 76 22 248 5 141 55 41 62 144 340 88 33 116 389 42 83
130 130 119 463 153 2 458 11 100 363 281 275 310 10 120 329 37 234 66 225 388 78 158 95 385 49 187 127 113 163 287 186 351 257 155 129 74 16 60 6 140 364 38 296 123 107 168 249 52 355 96 391 70 137 204 69 122 207 92 29 40 283 157 131 297 147 205 253 141 159 151 242 71 166 89 203 270 47 59 142 5 322 109 76 340 103 44 430 389 25 42 79 126 144 63 33 22 401 83 62 248 82 145 148 88 27
131 131 486 430 155 147 467 6 50 122 203 96 488 82 145 148 120 208 128 479 457 313 179 482 36 350 476 129 187 27 125 127 111 357 270 47 60 401 113 416 159 248 66 323 364 55 153 41 163 103 88 116 44 29 287 140 40 158 249 329 11 37 52 2 297 253 62 119 257 186 100 168 78 351 89 70 69 204 83 296 10 322 391 207 25 130 38 283 71 157 205 107 225 141 260 166 123 92 79 126 355 16 137 74 109 151 340 242 5 389 76 42 59 63 144 33
136 210 136 150 206 211 220 190 226 247 265 286 48 228 250 290 293 239
137 137 78 2 249 92 52 69 318 95 140 283 49 341 119 349 439 205 237 8 105 121 138 409 38 4 39 166 163 129 157 130 66 11 6 340 389 89 159 96 153 42 37 142 71 70 83 155 29 204 287 107 158 147 168 125 100 131 351 60 391 257 207 187 296 416 22 127 16 5 323 329 113 85 322 151 242 141 103 44 225 109 10 40 59 25 123 270 50 162 122 186 355 74 297 253 62 63 313 76 47 82 144 33 79 126
140 140 89 249 96 92 52 71 11 78 29 444 129 391 107 296 66 40 137 2 322 103 44 257 6 37 16 153 155 158 131 130 69 157 287 147 119 62 151 242 283 59 168 205 142 163 159 60 76 166 127 207 100 430 113 10 144 33 122 141 329 270 123 50 340 5 203 70 389 355 186 22 225 82 42 351 145 148 297 128 74 253 313 83 38 47 27 109 79 126 41
141 141 66 168 153 60 207 423 6 2 96 11 429 40 435 385 263 262 297 157 253 257 155 163 130 5 29 119 140 78 159 131 391 329 127 287 187 103 44 351 37 74 16 296 47 70 89 204 38 129 249 79 364 69 126 123 158 122 322 100 52 71 62 107 92 355 137 283 147 430 270 113 205 76 10 166 50 225 203 151 144 242 82 33 186 109 145 142 148 128 59 313 25 340 389 63 27 42 83 22 41
142 142 22 69 107 283 214 157 205 166 213 151 242 318 241 246 153 59 262 216 292 158 254 222 315 316 221 340 389 159 71 42 78 37 83 168 6 125 5 140 119 29 123 129 127 296 416 10 137 323 355 287 155 351 2 66 74 249 113 130 89 92 52 38 11 186 100 322 391 96 131 163 147 50 116 40 257 70 122 225 25 313 270 207 16 141 103
144 144 391 76 257 33 29 302 368 450 40 296 322 11 6 89 140 71 96 66 37 153 16 159 129 2 130 107 168 249 119 52 78 163 92 207 69 131 157 113 100 103 44 158 287 141 147 151 242 62 59 225 137 5 74
145 430 145 131 412 382 155 413 229 415 147 6 50 122 203 258 402 486 400 96 82 148 128 313 129 187 27 125 127 111 357 270 47 60 401 113 416 159 153 248 66 323 364 55 41 163 103 88 116 44 29 140 40 287 158 249 329 11 52 2 37 297 253 69 119 62 186 257 100 78 168 89 70 351 296 130 10 322 207 25 83 71 38 123 141 225 92 79 126 74 16 109
147 147 129 131 155 287 158 430 249 52 153 368 11 6 50 122 448 203 486 96 82 127 145 270 148 128 60 313 140 119 78 187 27 125 10 123 66 111 47 107 357 37 257 401 355 113 416 159 16 248 2 323 364 297 253 351 55 130 329 391 186 41 89 163 92 103 88 116 44 71 157 40 29 69 296 74 38 137 151 100 242 283 168 59 205 62 142 207 166 70 79 126 225 322 25 141 83 76 5 340 389 22 144 33 42 109
148 148 27 131 432 430 459 155 213 147 334 6 50 122 385 203 486 315 96 82 145 128 313 129 187 125 127 111 357 270 47 60 401 113 416 159 153 248 66 323 364 55 41 163 103 88 116 44 29 140 40 287 158 249 329 11 52 2 37 297 253 69 119 62 186 257 100 78 168 89 70 351 296 130 10 322 207 25 83 71 38 123 141 225 92 79 126 74 16 109
151 151 107 157 242 153 59 149 158 262 142 71 288 240 199 238 259 278 69 22 283 119 140 168 123 127 10 29 5 205 129 355 287 166 351 155 74 38 89 187 130 249 11 66 296 6 52 340 322 391 186 389 159 96 147 42 274 78 364 37 92 2 60 83 131 113 257 40 270 329 100 163 207 16 122 137 76 103 141 44 144 225 33 62 82
153 153 127 287 351 236 74 213 219 38 149 241 187 155 123 130 134 66 107 283 262 222 216 119 355 158 188 204 235 129 277 240 199 364 212 251 253 398 238 381 2 157 151 242 11 329 168 59 10 60 207 270 100 147 142 6 96 249 71 52 203 141 69 131 140 37 78 40 163 257 5 186 225 29 205 391 297 22 113 16 296 166 122 89 159 401 92 63 430 137 103 44 248 322 70 340 389 47 50 88 116 42 79 126 82 62 145 148 76 83 144 33 27 109
155 155 127 270 60 129 153 131 219 149 202 292 297 221 253 204 147 347 240 238 483 329 287 158 430 249 52 47 187 11 6 66 50 122 203 79 126 96 351 82 119 145 148 128 123 74 364 313 107 38 140 130 355 2 78 27 100 125 10 111 168 257 357 37 401 113 416 159 157 151 207 242 16 248 323 40 71 391 55 59 69 163 186 225 41 89 92 103 63 88 116 44 29 141 296 70 142 137 5 62 25 322 83 22 109
157 157 283 168 5 69 107 149 241 205 222 166 221 254 188 204 151 242 240 142 153 199 59 238 158 278 194 66 340 389 159 71 42 78 37 83 22 6 125 140 119 29 123 129 60 96 127 296 416 10 207 137 323 355 155 287 351 274 2 74 40 249 141 113 130 187 89 92 52 38 11 186 131 100 63 322 391 329 163 257 70 297 147 253 50 116 25 122 225 103 44 270 313 47 62 16 79 109 126 82
158 158 290 10 119 129 123 153 107 355 149 202 241 283 239 262 186 200 155 222 157 254 151 235 242 204 287 147 240 288 59 249 127 52 130 142 11 113 71 140 351 131 74 69 2 60 270 66 38 187 100 122 78 168 22 205 329 29 96 5 166 257 37 6 364 16 89 391 225 92 430 296 297 253 47 159 203 163 40 137 340 389 50 207 63 322 42 82 70 145 148 128 83 141 313 103 44 27 79 76 126 144 33 62 41
159 159 182 6 361 69 264 360 283 161 180 205 166 172 179 36 176 157 134 163 430 169 29 222 171 131 340 341 66 358 389 170 178 486 308 175 338 42 78 2 37 142 83 296 70 204 125 322 391 96 107 168 155 89 153 416 140 22 40 60 323 137 207 11 5 147 71 50 122 203 113 130 257 145 249 82 119 141 92 52 148 129 128 151 242 109 158 25 313 100 187 127 59 329 124 76 116 297 111 27 253 63 47 103 44 270 357 144 10 33 186 401 225 16 248 351 287 55 123 62 41 88 74 355 79 126
162 162 237 85 360 172 209 443 134 169 427 170
163 163 6 2 70 204 66 78 159 109 130 25 29 119 131 63 153 125 69 416 168 137 323 96 283 11 60 207 140 296 322 391 205 249 40 92 52 155 37 157 430 166 89 141 100 257 147 127 329 71 187 129 50 122 203 83 116 287 10 158 297 82 253 113 340 145 389 148 128 5 225 351 313 142 42 364 107 74 16 103 44 47 186 38 76 260 27 123 270 357 355 144 33 401 111 62 248 151 79 242 126 22 55 41 59 88
166 166 69 283 205 299 430 157 170 325 159 175 340 389 338 486 42 335 327 78 37 296 168 142 184 326 183 223 440 226 247 83 28 333 60 182 287 1 98 165 437 273 6 125 107 416 22 137 323 5 2 153 113 249 92 52 11 100 151 242 140 158 59 129 329 163 50 145 131 155 130 71 122 119 297 116 253 70 204 225 66 313 29 186 25 127 10 147 89 96 260 257 16 111 123 351 47 355 74 40 322 79 126 270 109 207 82 141
168 168 157 5 66 153 325 166 60 253 323 309 422 207 6 2 96 327 227 335 102 69 107 141 11 283 40 205 297 155 257 159 78 163 151 130 242 29 158 119 140 142 329 131 37 391 59 127 71 287 187 103 44 340 351 389 296 74 16 42 47 70 249 89 204 38 129 79 52 100 126 122 137 364 83 123 322 92 62 22 10 113 355 147 270 430 125 260 76 50 225 186 144 82 33 109 313 145 148 25 63 27
178 178 124 171 175 167 173 184 441 118 98 1 159 73 182 6 69 283 205 166 340 389 42
186 186 10 119 113 250 472 158 161 473 255 408 365 122 37 457 179 413 414 405 100 36 350 431 334 176 263 364 262 366 434 478 400 352 369 130 435 279 373 356 216 299 377 374 341 442 235 349 221 329 153 296 225 47 60 129 123 131 107 355 2 155 11 69 287 157 283 147 127 205 151 297 242 66 253 187 29 78 166 59 430 249 142 6 52 351 71 203 50 74 163 38 96 168 257 270 16 82 340 140 389 145 159 148 128 42 313 322 79 89 126 137 22 40 207 83 92 27 5 401 141 248 88 103 41
187 187 489 364 462 239 419 329 365 414 351 457 203 461 38 464 366 362 290 160 367 153 60 308 401 331 248 368 100 230 88 116 297 253 131 155 225 127 111 130 125 37 113 119 287 66 74 47 416 323 79 430 126 123 107 2 158 11 355 129 147 6 296 50 122 186 270 10 96 168 82 145 148 128 313 207 151 242 257 59 83 27 163 40 141 25 16 55 41 103
203 203 187 401 248 364 88 116 489 382 131 414 413 415 416 229 388 329 410 111 400 258 402 125 279 397 369 417 201 411 419 295 243 484 462 418 351 205 268 285 398 323 38 430 155 147 153 60 6 50 122 96 82 145 148 128 313 100 129 83 27 25 47 297 127 253 357 270 69 70 66 260 204 113 287 159 37 283 225 55 41 130 158 163 103 11 44 29 2 140 40 166 74 296 52 79 126 123 62 186 109 355 340 207 112 389 15 42 19 141 16
204 204 63 70 236 292 368 188 487 240 297 199 109 278 242 163 157 155 25 245 153 60 143 158 156 122 276 43 125 17 241 90 61 218 154 465 149 6 2 416 323 107 66 274 253 50 78 159 69 47 127 116 130 83 329 283 313 131 29 129 151 113 270 205 260 123 59 10 37 168 119 166 203 5 11 355 111 96 287 142 79 100 126 140 207 137 351 249 186 71 147 52 74 40 296 322 38 340 141 389 92 89 42 225 22 112 15 82 19 16
205 205 424 69 283 166 417 268 157 398 411 224 164 340 389 159 396 338 486 42 260 78 146 332 37 142 270 272 112 60 261 203 440 226 247 83 410 415 139 56 382 402 19 258 243 412 397 484 23 418 437 400 413 115 125 6 323 379 107 416 296 22 137 155 168 5 2 249 113 92 52 153 11 100 151 242 15 140 29 158 187 66 59 116 50 163 131 71 122 297 253 129 130 401 70 127 204 119 364 313 225 248 25 186 89 391 329 96 10 111 287 322 88 147 40 257 351 16 47 123 207 79 128 126 355 74 109 141 82 145 148 103
207 207 66 180 168 153 60 6 2 96 258 344 141 11 430 416 40 325 308 138 309 297 157 253 257 155 163 130 5 29 119 140 78 131 159 391 329 127 287 187 103 44 351 37 74 16 296 47 70 89 204 38 129 249 79 364 69 122 126 123 158 322 100 52 71 62 107 92 355 137 283 147 270 113 205 76 10 50 125 166 203 225 151 145 144 82 242 33 186 109 148 313 142 128 59 25 340 389 63 27 42 83 401 22 248 41 88
210 210 136 150 211 220 190 226 247 265 286 290 48 228 250 293 233 239 252 264 255 206 214 281 275 208 209 231 236 213 234 289 219 36 149 229 202 241 246 198 258
225 225 100 329 432 37 113 209 364 187 130 119 344 299 377 49 60 297 422 323 418 296 421 122 461 153 240 371 186 11 2 10 69 253 351 47 283 158 66 203 38 205 155 131 78 29 166 6 127 257 129 16 140 391 157 163 287 79 96 126 74 168 249 340 125 40 389 52 147 159 89 401 42 322 142 207 123 137 71 430 107 248 416 92 260 355 70 83 50 270 88 116 141 5 82 76 313 145 148 22 151 242 103 144 33 59 25 27 109
237 237 85 443 162 434 349 442 452 448 105 357 346 379 102 355 353 352 87 354 127 28 137 351 24 298 347 449 478 70 291 54 204 153 38 187 78 104 56 155 123 55 364 158 260 109 128 2 163 25 63 129 92 52 270 287 111 74 112 15 19 41
242 242 107 250 255 157 275 151 236 213 153 59 36 158 262 142 216 222 292 221 254 71 188 204 235 240 387 199 212 278 259 194 69 22 283 119 140 168 123 127 10 29 5 205 129 355 287 166 351 155 74 38 89 187 130 249 11 66 296 6 52 340 322 391 186 389 159 96 274 147 42 78 364 37 92 2 60 83 131 113 257 40 63 270 70 329 100 163 207 16 122 137 76 103 141 44 144 225 33 109 62 82
244 244 110 392 362 439 387
248 248 203 187 401 364 88 116 489 131 176 188 329 170 111 125 309 411 422 347 398 351 416 323 38 430 155 60 147 153 6 50 122 96 82 145 148 128 313 100 129 83 27 297 253 25 127 357 270 47 70 260 113 287 159 66 225 37 55 41 29 130 163 103 44 40 74 79 126 123 62 186 109 112 15 19
249 249 52 78 303 140 129 2 89 137 59 92 155 35 125 15 158 287 11 147 153 96 71 69 283 119 131 66 205 260 130 37 166 60 127 416 270 6 163 323 257 157 16 10 107 123 40 355 391 103 44 168 340 296 389 29 142 159 430 70 83 204 42 100 329 351 297 122 253 207 203 74 379 186 112 50 151 242 113 62 38 56 116 19 82 141 145 148 128 47 25 313 225 322 22 111 76 5 109 27 79 126 144 33 41
253 253 60 297 329 155 325 47 79 227 187 126 270 168 66 259 321 326 153 280 313 223 296 337 287 181 432 225 122 485 364 127 131 100 129 113 207 6 2 96 351 203 147 141 11 50 38 130 40 119 158 430 37 249 186 257 52 157 163 29 10 5 74 140 82 125 78 401 159 107 145 148 128 248 123 103 44 355 16 88 116 111 27 89 71 322 151 242 62 92 137 59 41
257 257 391 11 40 179 76 29 96 66 445 144 33 442 37 284 16 296 140 129 130 6 322 153 89 119 168 2 71 60 207 131 155 103 249 44 287 52 100 78 158 147 113 141 329 159 157 163 107 92 127 62 69 122 10 187 297 225 283 253 430 186 5 205 137 351 123 70 270 74 166 151 242 50 355 38 142 59 82 145 148 128 47 313 79 340 126 389 42 27 109 22
260 260 323 379 112 15 412 56 19 420 413 125 229 410 402 258 400 279 416 397 201 243 364 484 377 417 411 418 285 398 268 205 50 116 83 25 313 187 70 69 204 111 203 283 131 166 128 109 401 163 340 248 389 42 63 88 41
270 270 155 127 60 382 413 415 129 153 410 131 258 402 253 400 279 397 295 417 201 411 418 285 205 268 297 398 308 243 484 288 195 224 147 396 329 287 158 430 249 52 47 187 11 6 66 50 122 203 79 126 96 351 82 119 145 148 128 123 74 364 313 107 38 140 130 355 2 78 27 100 125 10 111 168 257 357 37 157 401 69 113 416 159 151 207 242 16 248 40 283 71 55 59 186 225 41 89 163 92 103 88 116 44 142 29 141 296 166 137 5 62 83 340 389 22 42
274 278 274 424 172 428 431 320 434 299 132
278 278 274 424 241 262 283 221 417 254 235 204 288 212 240 238 259 331 317 232 383 321 194 157 69 63 70 205 166 168 5 340 389 42 109
283 283 69 205 222 254 166 157 240 278 142 340 232 389 83 159 245 153 338 486 42 158 78 37 424 143 17 61 440 226 247 71 55 21 241 150 437 125 6 107 357 416 22 210 323 296 137 168 5 2 274 249 140 113 29 52 151 92 242 66 11 100 59 50 163 128 116 89 131 329 119 96 122 70 391 186 204 111 313 123 187 25 322 10 225 127 129 155 355 287 260 351 40 203 74 257 207 16 38 147 130 41 141 47 109 76 103 82 144 112 33 15 19
287 287 153 129 172 209 155 127 428 158 431 334 147 249 299 351 188 52 427 74 422 170 325 11 309 123 119 323 38 421 166 107 319 130 187 66 355 131 60 364 270 2 140 78 157 151 242 10 329 96 59 168 6 257 37 71 16 100 142 207 69 203 297 430 253 29 92 283 40 186 122 141 391 137 163 89 50 205 225 5 113 82 125 159 47 296 145 148 128 22 313 416 103 44 401 322 79 70 126 116 27 248 340 389 42 111 88 62 76 83 55 41 144 33
296 296 37 29 209 428 431 334 322 391 299 113 6 89 166 422 325 170 11 323 69 309 100 421 71 26 297 253 335 326 426 327 215 140 227 102 283 40 257 205 329 122 225 159 66 186 76 157 130 96 119 153 144 187 2 107 33 340 16 10 249 389 60 163 52 142 129 42 92 78 131 47 364 168 155 83 125 158 151 207 242 287 416 147 70 59 127 22 5 141 103 351 44 260 137 430 50 38 123 62 74 313 355 270 25 82 145 148 109 79 126 27
297 297 60 253 329 155 368 204 309 421 47 79 187 327 126 335 66 330 326 184 280 223 296 225 333 287 432 122 98 324 248 273 364 127 270 100 153 131 168 129 203 113 207 6 2 96 351 141 147 11 130 38 40 119 430 158 63 37 401 249 70 186 257 163 52 157 50 29 5 10 140 82 78 159 88 116 145 148 128 313 107 74 103 44 111 16 123 89 27 71 322 355 109 62 92 137 25 41
313 313 50 125 416 131 323 253 39 331 20 185 312 430 155 116 83 147 6 25 122 203 96 111 82 260 145 70 148 128 204 69 129 187 27 283 127 60 357 270 47 205 401 113 159 66 166 248 153 364 109 55 379 41 112 163 15 103 88 44 37 29 140 157 56 40 19 287 158 78 329 249 11 340 52 63 2 389 297 296 42 62 100 142 186 257 89 207 322 92 141 79 22 126
322 322 29 296 391 6 89 402 71 400 295 40 140 285 268 308 411 398 37 257 195 76 66 96 159 11 144 107 33 163 131 153 249 69 78 92 2 52 157 113 283 168 151 242 129 70 205 60 100 204 59 130 207 158 142 119 166 103 44 16 155 329 430 141 137 287 147 225 127 186 50 122 5 10 62 340 389 297 82 253 22 42 145 148 128 109 313 123 83 74 355 47 25 27 63 270 79 126 41
323 323 420 260 125 416 422 421 215 379 112 327 335 15 50 56 326 19 390 280 168 116 223 333 296 60 225 287 485 83 162 273 274 25 191 313 174 72 70 204 111 278 203 69 237 131 283 205 153 85 187 157 166 155 100 128 109 401 6 163 297 37 253 364 248 129 159 66 430 340 29 147 63 122 2 5 389 357 88 329 42 78 127 142 113 96 130 11 82 351 55 41 145 148 47 270 79 38 126 322 40 27 74 22 207 137 141
328 328 91 460 470 211 220 338 463 420 406 456 468 471 190 226 247 265 286 440 461 454 361 290 228 424 433 462 464 437 465 233 239 252 264 419 472 161 386 467 469 473 180 255 451 363 214 281 423 466 408 275 310 365 475 405 120 172 206 208 392 209 236 459 457 213 234
329 329 187 461 364 464 60 419 365 489 100 414 366 297 253 362 160 368 462 367 351 225 203 239 155 38 37 113 153 13 130 47 119 122 79 126 66 401 127 296 11 2 248 186 131 270 88 116 10 69 158 129 168 287 6 283 96 207 111 29 74 78 125 205 257 157 147 140 163 166 430 141 16 123 416 107 249 40 355 159 52 50 89 71 82 340 322 142 389 145 148 128 5 137 83 92 42 313 151 242 103 44 59 27
340 340 69 283 205 166 457 157 389 445 159 338 486 42 78 37 142 341 440 226 247 83 105 192 177 437 6 125 107 296 416 22 137 323 168 5 2 249 113 92 52 153 11 151 100 242 140 29 158 59 163 66 50 71 130 329 116 122 70 131 204 119 225 129 313 186 25 89 391 10 96 322 260 257 287 40 111 16 147 123 207 47 355 109 74 141 82
351 351 38 187 153 364 472 489 473 449 329 459 482 219 350 203 478 434 127 462 377 442 356 349 303 419 239 287 461 237 357 285 365 346 347 448 380 348 74 60 155 123 130 66 107 119 355 158 401 100 129 248 2 88 116 157 297 151 242 253 131 11 225 168 59 37 270 10 147 6 207 96 113 142 111 249 71 125 122 52 141 186 47 140 69 55 85 128 78 40 163 416 296 79 257 126 29 5 430 50 162 22 16 159 89 82 145 103 148 92 44 137 83 41 27
353 353 104 453 478 352 434 377 442 452 349 171 356 346 237 357 448 348 347 175 379 394 56 55 85 162 128
355 355 123 153 158 350 478 352 344 349 442 452 127 171 356 357 237 448 347 348 175 119 346 433 394 107 10 353 129 256 343 378 233 354 376 443 287 351 155 74 38 187 130 66 157 151 242 186 59 147 11 364 249 142 2 52 71 113 270 104 131 140 329 168 69 78 60 55 85 207 100 6 96 37 283 22 257 203 122 5 29 141 205 16 162 40 163 89 166 128 296 225 92 159 137 47 322 340 389 82 145 148 42 103 41
357 357 433 55 449 128 478 442 356 237 348 347 111 346 379 394 355 378 353 354 343 286 41 127 131 351 152 298 293 24 349 116 430 125 153 38 187 147 323 203 6 416 50 122 104 56 155 123 96 82 85 145 148 364 313 158 260 129 162 27 401 47 113 159 248 83 270 287 25 88 163 103 44 74 112 15 19 62
364 364 187 461 462 464 239 365 489 414 329 366 290 419 160 362 368 367 351 203 38 153 457 225 60 98 260 186 218 0 62 139 130 401 85 363 100 40 248 237 88 119 116 297 253 131 113 37 155 127 323 44 96 125 108 111 122 287 66 2 162 10 74 416 11 47 257 79 123 126 430 129 296 107 29 6 355 391 379 112 15 147 158 56 50 19 270 140 168 82 78 145 148 128 103 163 313 151 242 207 71 89 322 59 16 83 52 27 25 141 76 92 144 33 41
379 379 56 260 323 237 348 357 346 112 381 15 378 19 353 125 416 104 85 55 50 116 83 162 25 313 111 128 70 41
389 389 69 283 205 166 408 157 340 159 385 338 486 42 78 37 142 263 368 440 226 247 83 439 277 8 217 437 6 125 107 296 416 22 137 323 168 5 2 249 113 92 52 153 11 151 100 242 140 29 158 59 163 66 50 71 130 329 116 122 70 131 204 119 225 129 313 186 25 89 391 10 96 322 260 257 287 40 111 16 147 123 207 47 355 109 74 141 82
391 391 76 144 257 33 29 428 40 26 296 322 381 11 6 89 140 71 96 66 37 153 16 159 129 2 130 107 168 249 119 52 78 163 60 92 207 69 131 157 113 155 100 103 44 158 283 287 141 147 205 151 242 127 70 122 166 62 59 142 10 225 137 186 5 340 74 389 42 82
401 401 203 187 248 364 415 88 116 400 397 489 131 418 268 411 398 329 224 195 111 125 351 416 323 38 430 155 60 147 153 6 50 122 96 82 145 148 128 313 100 129 83 27 297 253 25 127 357 270 47 70 260 113 287 159 66 225 37 55 41 29 130 163 103 44 40 74 79 126 123 62 186 109 112 15 19
416 416 125 323 169 430 57 50 116 304 375 13 83 173 465 65 25 313 386 203 300 330 3 420 260 370 81 63 301 97 374 206 35 15 70 207 395 459 204 342 231 31 487 373 111 305 303 302 218 369 115 69 131 283 205 166 128 379 112 109 56 19 163 6 157 145 66 159 155 340 389 2 357 187 147 42 78 122 96 37 142 82 401 55 148 41 248 364 168 88 129 27 113 296 127 22 137 270 5 47 40 141 103 92 44
430 430 145 131 374 416 288 166 304 375 185 173 65 300 63 81 125 301 159 111 165 291 207 35 155 204 78 31 487 386 54 6 147 50 203 122 96 82 128 148 313 323 129 187 27 69 66 357 127 60 270 47 401 283 116 153 113 248 364 163 70 205 55 41 140 88 103 29 44 40 37 137 287 158 83 11 329 168 157 2 297 253 25 249 62 92 52 100 89 340 186 389 257 42 296 322 130 351 71 109 142 10 141 123 225 5 79 16 74 126
