0 0 108 48 228 310 469 36 476 120 480 445 423 466 475 366 160 479 477 364 134 234 187
2 2 78 163 130 66 281 463 119 249 458 427 170 285 6 153 70 137 52 11 168 92 60 207 69 100 204 96 141 40 140 159 283 329 37 10 205 129 109 29 127 257 166 225 287 25 351 297 253 74 16 5 123 340 389 42 103 79 126
5 5 157 168 190 433 441 233 482 149 350 36 476 66 241 69 107 283 153 205 166 151 242 60 142 207 59 6 158 2 96 340 159 389 141 11 78 71 42 37 40 83 22
6 6 159 163 29 131 66 182 385 361 486 169 179 166 488 264 360 2 70 69 296 322 391 168 96 155 89 153 40 60 207 147 71 204 50 122 203 283 82 141 11 145 430 148 128 205 78 140 37 257 157 130 109 313 340 127 389 25 76 42 27 47 5 103 270 44 83 144 33 401 248 41 88 16
10 10 119 158 186 290 250 200 263 369 472 356 49 38 161 473 95 113 130 129 123 107 351 153 355 37 100 122 2 11 287 157 151 242 147 59 52 142 71 225
11 11 406 257 37 16 140 129 130 66 408 405 385 435 119 391 153 296 2 155 52 96 40 100 287 158 147 89 168 113 60 92 71 207 69 6 249 29 78 141 329 127 10 225 76 163 144 33 186 270 123 103 44 74 5
15 15 260 323 412 370 420 395 388 112 413 445 56 229 19 302 410 374 284 303 362 258 402 416 397 400 364 201 279 224 164 379 125 187 83 25
16 16 11 406 363 275 385 408 388 476 447 339 257 95 37 138 405 132 49 362 140 129 130 66 119 391 153 296 2 155 52 96 40 100 287 158 147 89 168 113 92 71 207 6 249 141 225
19 19 260 323 412 413 229 410 420 382 258 402 400 279 397 417 201 112 418 15 285 268 411 415 243 484 205 56 398 295 195 224 215 396 146 379 125 69 416 83
22 22 142 228 392 246 477 214 234 289 388 316 69 107 213 198 294 288 318 196 436 241 315 45 292 283 157 205 166 151 242 153 59 158 340 389 159 71 42 78 37 83 5
25 25 125 70 204 416 323 465 281 386 392 373 231 206 370 429 420 459 109 163 50 116 83 63 313 6 260 2 111 203 69
27 27 148 451 480 466 475 479 131 477 289 234 318 315 432 176 320 316 198 446 134 459 409 213 294 196 436 317 288 155 147 6 50 122 203 96 82 145 430 128 313 41
29 29 296 322 391 6 89 71 488 40 208 179 350 444 445 435 140 37 257 76 66 159 96 144 107 33 163 131 11 2 92 52 168 151 113 242 100 59 207 103 44 141
33 33 391 76 428 144 257 450 29 40 296 322 11 6 89 71
37 37 296 113 11 69 100 476 406 338 486 341 450 283 205 329 29 166 225 122 186 130 157 257 16 340 140 389 159 129 42 78 66 142 119 83 391 187 6 10 322 89 2 47 40 71 52 92 22 137 207 141
38 38 351 187 489 153 472 473 95 49 449 8 138 459 119 121 482 39 219 350 462 478 434 364 137 118 419 239 94 111 377 51 53 73 356 349 78 329 127 116 130 287 128 10 203 74 123 66 107 2 158 355 100 92 52 186 401 55 41 248 88
40 40 257 96 29 66 488 423 214 392 370 391 405 435 179 431 11 6 296 322 168 140 89 153 103 44 60 207 131 71 2 141 76 37 144 33 62 130 159 163 16 297 253 5 92 82 74 79 126
41 41 128 252 281 111 428 431 334 432 299 55 131 358 427 325 170 357 116 155 147 6 50 122 203 96 82 145 430 148 27
42 42 69 338 486 283 440 226 247 205 437 166 444 467 488 157 208 474 179 177 482 340 389 159 78 37 142 83 6 125 107 296 22 137 5 2 92 113 52 100
44 44 62 96 444 445 103 140 131 66 40 257 6 89 11 168 29 92 71 52 207 147 82 141 145 148
47 47 60 122 297 432 253 95 160 236 113 277 329 155 131 79 126 66 187 37 186 100 6 127 270 147 96 50 82 168 145 148 128 207 225 141
50 50 313 125 131 416 486 323 465 386 217 155 116 83 147 6 25 122 203 96 82 145 430 148 128 111 260 70 129 27 127 270 401 47 159 248 55 41 103 88
52 52 249 78 140 129 429 447 446 263 137 92 155 287 158 11 2 147 89 96 71 69 153 283 29 131 205 66 37 130 166 127 107 270 257 16 163 10 123 103 340 44 389 42
55 357 55 128 433 286 293 449 264 252 255 214 275 478 236 213 219 442 36 476 356 111 237 160 315 346 202 385 347 348 41 131 85 116 147 50 122 162 82 145 148
56 56 379 260 323 413 382 229 410 412 402 400 279 415 397 417 201 411 418 420 285 268 243 484 205 398 295 362 112 15 19 125 69
59 59 481 107 293 388 252 157 151 242 249 214 153 217 158 392 213 149 142 71 52 69 22 140 123 127 129 10 29 5 287 351 74 130 355
60 60 297 253 329 155 432 47 79 126 66 204 325 461 464 427 205 309 367 323 422 419 166 227 326 187 122 127 270 69 100 168 131 153 364 63 129 207 70 6 2 125 260 96 141 11 283 40 113 37 351 225 130 147 159 287 163 340 389 42 83 5 109 25 82
62 62 44 96 364 358 427 187 103 140 131 66 40
63 204 63 487 236 465 188 292 368 70 206 370 209 231 459 395 240 297 199 373 447 278 302 374 369 242 157 284 169 303 430 416 155 153 245 143 371 43 17 90 156 276 305 372 288 57 60 107 274 127 109 163 125 25 270 145 5 69 287 351 131 129 74 253 151 66 158 168 123 130 59 329 2 142 71 47 79 126
66 66 168 153 60 207 6 2 467 96 488 141 449 11 208 40 457 179 435 297 253 257 163 130 5 29 155 78 140 159 131 329 127 287 103 44 351 157 37 74 16 47 129 119 79 391 126 123 107 296 70 89 38 322 100 122 52 71 62 92 355 137 147 270 82
69 69 283 205 338 486 166 440 226 247 157 437 340 389 159 467 42 78 37 142 488 424 179 208 83 482 36 444 350 445 182 6 125 107 296 22 137 5 2 92 113 52 11 100 416 323 168 249 151 242 59 163 225 25
70 70 204 109 163 25 236 482 478 352 63 344 452 349 125 292 442 171 6 2 416 323 50 66 78 159 116 83 130
71 71 140 29 107 275 213 149 202 241 176 216 283 292 198 427 222 200 293 279 436 89 157 151 242 296 322 391 153 59 158 6 96 92 52 142 11 40 249 69 78 37 257 66 129 76 22 159 123 144 33 10 5 287 103 44 163 16 74
74 74 153 236 213 219 149 241 334 127 277 134 262 251 283 222 216 287 253 351 188 204 235 427 325 321 123 130 66 107 60 38 155 187 119 355 158 129 69 63 2 157 70 151 242 11 168 59 297 329 142 207 100 71 141 40 270 79 126
76 76 391 428 144 257 450 33 474 29 40 296 322 11 6 89 71
78 78 137 2 92 52 69 179 249 444 341 338 486 430 119 339 140 283 205 166 163 129 157 130 66 340 389 159 42 37 142 145 10 83 11 6 89 96 71 158 70 287 147 207 22 141
79 79 60 432 253 297 449 120 459 329 427 155 205 325 323 422 367 431 334 166 204 371 195 434 483 215 238 47 126 66 69 187 122 125 260 127 63 270 70 283 100 168 129 207 2 141 40 340 389 42 83
82 82 131 486 412 467 488 334 120 208 155 439 479 457 179 482 201 409 147 6 50 122 203 96 145 430 148 128 313 129 187 27 125 127 60 270 111 401 47 113 159 248 66 55 41 163 103 88 116 44 357 40
83 83 125 69 416 283 338 486 323 465 440 226 247 386 205 437 405 219 166 206 370 420 467 459 231 446 50 157 116 340 389 159 25 42 78 37 142 313 260 70 111 203 6 107 296 22 137 5 92
85 237 85 162 443 434 449 442 349 360 448 105 482 357 346 452 476 379 172 344 478 352 347 355 87 209 56 123 55 260 158 128
88 88 203 187 489 401 382 414 248 413 429 476 415 229 388 410 116 258 402 366 368 400 160 195 397 436 292 279 131 364 329 111 125 351 155 147 6 50 122 82 38 145 148 128
89 89 140 29 249 303 296 322 391 71 52 6 96 92 11 40 78 37 257 66 107 129 76 159 144 33 103 44 163 16 137
91 91 328 460 470 211 220 338 463 420 406 456 468 471 190 226 247 265 286 440 461 454 361 290 405 228 424 433 462 464 437 465 233 239 252 264 419 472 161 386 467 469 473 180 255 451 363 362 214 281 423 466 408 275 310 365 475
92 92 78 140 388 137 52 302 263 444 2 89 96 71 69 249 11 283 29 205 129 166 66 130 37 157 163 107 103 340 44 257 389 40 159 16 42 142 83
96 96 103 44 140 131 66 40 388 263 486 249 454 368 62 257 6 89 168 29 11 155 153 60 92 71 52 207 147 2 50 122 203 82 141 145 430 148 128 391 78 129 313 296 322 159 163 27 47 16 5 270 41
100 100 329 225 37 113 130 360 432 461 449 464 392 172 419 187 213 463 364 366 365 36 415 344 489 119 431 334 414 299 60 296 153 122 11 186 2 69 10 297 253 351 47 283 66 205 29 166 257 16 163 79 126 74 340 389 42
103 103 96 454 350 249 277 388 44 140 222 131 66 40 52 62 257 6 89 11 168 29 155 92 71 207 147 2 50 122 82 141 145 148 128
104 104 353 453 469 451 480 475 479 477 289 478 352 434 318 377 246 320 442 198 171 349 452 446 237 279 356 316 347 348 346 448 85 162
107 107 157 151 242 153 59 158 293 252 142 71 214 213 149 481 241 392 262 283 222 219 36 216 204 250 254 292 188 202 235 221 240 200 134 69 22 140 123 127 10 29 5 129 287 351 74 63 119 168 70 130 66 205 355 166 38 89 340 296 52 322 186 389 159 42 92 83 109
108 108 0 228 48 469 480 423 466 36 476 475 445 310 479 120 477 234 366 160 289 318 176
109 109 70 204 432 476 482 163 25 381 63 125 6 2 416
110 110 244 408 392 362 405 439 387
111 111 116 128 459 447 469 125 49 203 132 8 430 466 319 268 475 55 131 41 357 416 323 187 145 401 50 248 88 83 25 147 122 82 313 148
112 112 260 412 323 410 258 402 400 420 279 397 201 243 484 417 411 268 418 285 413 398 205 15 56 229 19 224 295 436 396 195 146 215 332 164 379 125 69 416 83
113 113 122 37 186 100 262 429 263 250 235 10 329 296 225 47 131 119 130 11 69 60 158 187 283 205 29 166 147 16 82 340 389 145 148 42
116 116 111 125 203 469 466 475 479 416 477 289 323 234 465 318 476 459 176 246 320 386 198 446 187 316 292 436 128 401 248 50 88 83 131 25 364 313 260 55 41 70 329 357 351 82
119 119 10 130 95 49 463 8 138 38 121 4 458 39 20 310 158 137 118 51 153 186 120 111 53 43 1 291 298 132 2 78 351 11 100 116 128 113 187 129 329 123 37 107 66 225 127 163 287 52 92 257 140 74 16 355 55 41
122 122 47 113 131 236 486 219 149 60 262 202 241 235 292 204 188 277 254 37 186 100 155 147 6 50 203 96 82 145 430 148 128 297 329 253 63 70 10 296 225 313 66 79 129 27 126 130 127 270 401 111 159 248 163 55 41 103 88
123 123 355 153 158 433 233 290 449 350 478 352 482 344 149 349 442 476 171 452 356 241 357 237 347 444 445 236 348 127 107 10 129 287 351 74 119 130 66 55 155 85 38 187 157 151 242 186 59 147 11 142 2 52 71 162 128 207 141
124 178 124 171 175 167 173 184 302 118 441
125 125 416 323 420 465 386 50 116 83 206 370 231 459 25 395 169 430 373 57 302 369 374 375 284 303 362 249 372 13 304 450 313 193 371 305 65 260 70 111 203 69 131 204 145 52 283 205 166 128 109 112 15 401 163 56 19 248 340 389 159 88 42 82
126 60 126 425 438 297 432 253 451 480 423 214 466 408 475 477 329 479 155 234 205 289 367 318 320 176 198 204 246 385 427 446 325 47 79 66 187 122 69 127 63 270 70 100 168 129 207 2 141 40
127 127 155 153 350 352 219 149 171 356 237 236 348 175 474 357 271 270 213 346 204 355 4 60 87 232 394 372 202 287 351 129 74 131 123 130 66 107 85 55 38 158 187 63 297 119 253 70 147 329 11 2 6 128 162 151 242 52 47 168 59 50 122 79 126 207 82 145 148 141
128 128 111 55 41 131 357 432 486 428 252 431 334 286 315 160 116 155 147 6 50 122 203 96 82 145 430 148 125 313 27 270 401 47 248 103 88
129 129 155 287 158 147 52 11 488 208 249 395 290 406 153 444 131 127 270 140 60 78 10 123 107 257 37 16 119 130 66 355 96 2 92 297 253 351 137 186 71 89 50 122 74 151 242 82 59 145 148 79 126
130 130 119 463 153 2 458 11 100 281 363 275 310 120 95 234 406 49 388 385 435 8 138 447 10 329 37 66 225 78 127 163 113 287 351 257 74 16 140 129 158 123 187 107 186 60 155 6 38 296 168 355 52 70 137 207 92 122 40 141 151 242 59
131 131 486 155 147 467 6 50 122 203 96 488 82 145 430 148 120 208 128 479 457 179 482 36 350 476 313 129 187 27 125 127 270 111 47 401 60 113 159 248 66 55 41 163 103 88 116 44 29 140 357 40 416 364 287 52 62 186 207 141
136 210 136 150 211 220 190 226 247 265 286 290 48 228 250 293 206 233 239 252 264 255 214 281 275 208 209 231 236 213 234 289
137 137 78 318 341 95 49 179 119 2 349 121 38 439 4 237 39 92 8 105 444 52 138 409 20 69 249 351 140 283 130 205 85 10 166 187 163 129 157 66 340 389 159 42 37 142 162 83 89 186
140 140 89 96 92 52 71 11 249 444 406 78 29 129 107 66 103 44 257 37 40 16 131 130 391 296 137 2 322 6 158 147 287 62 151 242 59 207 141
141 141 66 423 467 488 435 168 449 429 208 153 457 385 249 60 179 217 263 262 380 207 6 2 96 11 40 52 297 253 257 163 130 5 29 155 78 140 159 131 329 127 287 103 44 129 351 37 74 16 47 79 126 123
142 142 22 69 107 214 283 213 338 486 228 241 246 318 440 226 247 262 292 216 316 222 315 254 221 204 157 392 205 437 293 235 166 151 242 153 59 158 340 389 159 71 42 78 37 83 63 70 5 123 10 137 74
144 144 391 76 428 257 33 26 381 302 359 102 368 450 383 29 40 296 322 11 6 89 71
145 430 145 131 412 486 374 416 382 413 288 166 229 415 366 467 375 258 402 304 436 400 155 147 6 50 122 203 125 96 82 148 128 69 313 323 129 27 283 127 270 205 401 111 47 116 113 159 248 55 41 163 103 88 83 44 340 389 25 42
147 147 129 131 486 155 488 208 368 448 177 467 483 212 287 158 52 11 6 50 122 203 96 82 145 430 148 128 249 153 127 270 313 60 140 78 27 10 66 123 47 401 111 257 113 159 16 248 116 55 41 163 103 88 44
148 148 27 131 486 432 459 213 479 315 451 480 466 334 475 467 385 409 155 147 6 50 122 203 96 82 145 430 128 313 129 127 270 401 111 47 113 159 248 116 55 41 163 103 88 44
151 151 107 149 262 293 157 252 242 240 214 153 199 288 59 238 278 158 259 392 213 241 232 142 71 274 69 5 22 140 123 127 10 29 168 129 283 287 351 74 205 166 130 355 340 389 42
153 153 127 287 351 236 74 213 219 149 241 123 130 134 66 107 262 38 283 222 216 188 204 235 277 199 251 212 253 240 381 398 259 238 187 155 119 355 158 129 2 157 151 242 11 168 59 364 69 63 60 207 100 142 6 70 71 96 141 329 40 10 270 147 163 52 5 225 22 16 109
155 155 127 270 60 129 131 219 149 202 292 221 204 347 486 153 238 240 483 271 297 253 147 329 287 158 52 47 11 6 50 122 63 203 79 66 126 96 70 82 145 430 148 128 249 187 351 313 123 74 130 27 401 16 248 109 41 103 88
157 157 5 69 107 283 149 241 222 168 221 254 188 204 338 486 151 242 240 190 440 226 247 199 238 278 433 194 205 437 293 232 271 245 166 142 153 59 158 274 340 389 159 71 42 78 37 63 83 70 66 22 6 123 10 137 74 109
158 158 290 10 129 123 107 149 119 202 241 262 239 283 200 222 254 153 235 204 355 240 238 288 186 155 157 151 242 287 147 59 52 142 11 71 69 63 249 127 70 130 113 140 351 74 270 22 5 16 109
159 159 182 6 361 69 264 360 161 180 172 179 486 338 36 176 166 283 440 226 247 169 134 205 437 171 430 341 222 178 170 358 467 175 177 308 192 1 157 163 29 131 340 66 389 42 78 37 142 83 124 145 2 296 70 322 391 125 168 96 107 89 22 40 137 207 147 71 50 122 5 82 141 92 148
162 162 85 237 360 172 209 443 449 134 434 482 175 169 427 349 476 442 170
163 163 6 2 70 204 452 281 66 78 159 109 130 25 29 131 119 63 153 125 69 168 137 11 96 207 296 322 40 92 52 89 141 100 147 71 82 145 148
166 166 69 338 486 299 283 440 226 247 430 170 325 205 437 175 467 335 327 159 184 326 488 168 183 296 28 157 333 223 208 287 60 179 1 98 162 165 273 276 36 182 482 340 37 389 42 78 142 85 153 83 6 237 145 297 253 129 5 66 29 155 329 125 107 47 131 22 137 79 11 2 126 113 52 100 92 127 147 163 322 74 207 141
168 168 5 66 157 190 325 433 323 309 253 422 166 441 233 102 327 335 227 467 326 60 153 207 6 2 96 141 69 11 40 125 260 107 297 283 205 329 257 159 78 163 130 29 127 47 287 103 79 44 126 340 74 389 16 151 242 83 42 59 112 15 19
178 178 124 171 175 167 173 184 118 441 98 159 1 111 73 302 94 6 116 128 69 283 205 166 55 41 163 340 389 42
186 186 10 113 250 472 161 473 119 255 408 365 457 179 413 414 405 263 158 36 350 262 431 334 369 176 356 366 434 478 400 352 364 435 279 373 235 216 299 377 249 374 122 341 442 349 217 387 238 37 100 187 130 52 329 296 225 47 129 123 131 107 11 355
187 187 489 364 462 239 419 329 461 365 464 414 351 457 203 366 362 290 160 367 308 368 38 331 472 458 230 473 153 218 60 401 248 100 88 116 131 297 253 155 225 127 130 111 37 287 113 74 47 79 126 123 82
203 203 187 489 401 248 88 116 414 382 131 419 462 413 415 364 239 229 388 400 410 397 258 402 365 411 279 417 369 418 201 243 484 398 416 268 295 285 457 486 205 125 329 111 351 155 147 6 50 122 323 96 82 38 69 145 430 148 128 313 83 25 27 270 41
204 204 63 70 236 487 292 188 368 297 199 240 465 60 278 242 157 153 155 245 143 122 276 43 158 206 370 156 90 209 231 459 61 17 154 218 241 395 109 107 163 274 25 127 47 131 253 270 113 129 123 10 5 329 125 69 287 351 6 66 2 74 151 119 168 130 59 79 126 355 142 71 186 147 38 100 82
205 205 424 69 338 486 417 283 268 440 226 247 411 398 437 224 164 166 396 467 260 332 146 270 488 272 261 60 379 155 112 203 157 56 208 19 410 415 139 23 402 285 179 243 258 484 397 400 115 482 455 412 340 323 389 159 42 78 37 142 83 187 297 253 401 15 248 329 125 88 116 131 6 127 47 107 364 296 22 79 137 126 66 2 5 129 113 92 52 100 111
207 207 66 180 467 344 258 430 416 488 325 168 449 138 208 153 253 457 308 60 179 199 305 309 6 2 96 141 11 40 125 145 297 257 163 130 5 131 29 155 78 140 159 329 127 287 103 44 351 37 74 16 47 79 126 123
210 210 136 150 211 220 190 226 247 265 286 290 48 228 250 293 206 233 239 252 264 255 214 281 275 208 209 231 236 213 234 289 219 36 149 229 202 241 246 198 258
225 225 100 432 209 329 360 344 299 364 377 49 323 422 37 449 421 113 297 392 172 240 253 418 371 327 227 335 130 326 213 187 60 119 296 125 260 153 122 11 186 2 69 351 47 10 79 126 112 15 19 16
237 237 85 443 434 349 442 452 448 162 105 357 346 379 449 102 352 355 353 87 354 478 127 28 347 137 351 482 24 298 70 291 344 348 186 15 377 54 476 101 394 204 153 260 38 187 78 104 56 155 123 55 10 113 109 323 163 119 25 364 158 128 112 2 19 63 122 92 52 270 287 74 41
242 242 107 250 255 275 213 236 36 262 157 293 216 222 292 153 204 252 221 254 188 235 151 240 214 212 199 387 278 241 59 158 149 259 392 194 202 283 245 142 71 274 63 69 70 5 22 140 123 127 168 10 29 66 129 287 351 205 74 166 130 355 109 340 389 42
244 244 110 392 408 362 439 387 405
248 248 203 187 489 401 176 382 413 414 229 411 398 415 388 188 410 170 258 402 88 116 400 397 309 279 422 347 131 364 329 111 125 351 155 147 6 50 122 82 38 145 148 128
249 249 52 303 78 140 59 129 89 35 2 153 125 62 429 15 74 260 44 416 323 107 29 92 137 155 287 158 11 163 50 130 147 71 66 116 96 83 69 25 157 127 151 242 112 6 56 19 351 70 142 313 296 322 123 16
253 253 60 325 432 297 155 227 321 329 326 280 259 153 168 296 337 313 223 270 287 485 427 207 181 204 309 225 162 273 422 323 191 47 66 79 126 85 50 237 100 37 127 129 187 29 5 122 125 63 351 260 131 157 74 70 130 6 11 113 123 107 2 158 96 40 147 141 38 322 355
257 257 391 11 40 179 406 445 308 442 284 76 29 66 96 144 33 37 16 140 129 130 296 6 153 322 89 119 168 2 71 207 103 44 52 100 287 147 141 92
260 260 323 420 112 15 412 56 19 413 229 410 379 402 400 258 279 397 201 243 484 417 411 285 418 398 364 268 205 377 215 224 382 195 125 187 416 69 50 116 83 25
270 270 155 382 413 415 127 410 219 258 402 400 149 279 60 397 295 417 202 201 418 285 292 268 205 308 398 243 221 411 484 288 204 195 253 129 224 396 347 131 153 297 147 69 63 329 287 158 70 52 47 11 6 50 122 66 203 79 126 96 82 145 148 128 74
274 278 274 424 172 241 262 283 428 221 417 431 254 235 204 320 434 383 288 321 299 212 240 157 132 69 63 70 5 107 205 168 166 340 389 42 109
278 278 274 424 241 262 283 221 417 254 235 204 172 288 212 240 383 321 238 428 157 331 259 232 317 431 194 69 63 70 5 107 205 166 168 340 389 42 109
283 283 69 222 254 338 486 240 440 226 247 157 278 205 437 232 245 166 153 467 158 357 142 143 488 83 17 424 61 208 350 71 55 21 150 179 482 36 340 107 274 389 159 42 78 125 37 210 22 128 140 5 123 29 10 127 129 287 416 351 323 74 168 6 151 119 242 130 59 66 355 296 137 11 2 111 52 89 38 50 113 92 100 322 41 186 116 25 147
287 287 153 129 172 209 428 431 334 188 299 427 236 213 170 325 253 219 155 422 323 309 149 421 319 241 166 127 158 147 351 52 74 11 60 123 130 107 66 249 38 187 69 119 125 260 355 131 270 140 2 157 78 10 151 297 242 168 59 257 16 142 207 71 141 79 126
296 296 37 29 209 428 431 334 299 422 325 170 309 323 227 421 166 102 26 326 253 335 297 426 327 215 322 391 113 6 89 69 60 11 100 71 40 283 140 125 260 205 329 257 66 159 225 122 186 76 157 130 96 340 144 107 389 33 16 42 163 142 83 47 79 126
297 297 60 204 309 368 432 253 421 327 335 329 330 326 155 280 184 223 296 333 98 287 325 422 324 323 225 162 273 427 248 191 166 47 79 126 66 203 153 85 100 237 63 37 70 129 187 29 122 69 127 125 260 270 131 168 113 6 401 11 207 130 2 116 88 40 147 322 141 109 163 74 25
313 313 50 125 131 39 20 253 331 312 185 416 323 60 155 116 83 147 6 25 122 203 96 82 145 430 148 128 297 111 47 27 79 126
322 322 29 402 400 295 296 391 488 285 398 268 308 208 411 6 89 187 179 195 71 40 364 140 37 257 329 76 351 66 159 203 96 144 107 33 163 131 38
323 323 420 260 125 422 416 421 465 215 327 335 326 386 412 390 278 280 168 223 333 296 60 225 485 287 273 274 162 370 191 206 174 459 231 72 112 15 50 56 19 85 116 153 83 237 100 25 37 379 297 253 129 66 29 5 329 155 313 157 70 47 111 69 203 79 126 113 131 11 130 127 322 147 89 207 74 141
328 328 91 460 470 211 220 338 463 420 406 456 468 471 190 226 247 265 286 440 461 454 361 290 228 424 433 462 464 437 465 233 239 252 264 419 472 405 161 386 467 469 473 180 255 451 363 214 281 423 466 408 275 310 365 475 120 172 206 208 392 362 209 236 459 457 213 234
329 329 187 489 461 419 464 60 364 365 414 100 462 239 366 362 160 367 368 457 432 297 253 290 13 351 225 203 155 37 113 130 47 79 126 66 38 153 119 122 401 296 11 2 248 127 186 270 88 116 207 141
340 340 69 338 486 283 440 226 247 457 205 437 445 166 467 341 488 157 177 192 208 105 371 381 179 482 389 159 42 78 37 142 83 6 125 107 296 22 137 5 2 92 113 52 100
351 351 38 187 489 153 472 473 364 462 419 239 449 459 219 482 365 350 414 457 478 434 377 461 442 356 303 349 366 329 160 237 362 357 285 464 346 398 347 448 380 331 348 381 236 290 203 127 287 74 123 130 66 107 55 85 60 155 119 355 158 401 100 248 129 2 88 116 162 151 242 128 59 207 141
353 353 104 453 469 451 480 478 434 352 377 475 442 452 349 171 479 356 477 237 448 357 348 347 175 289 318 346 394 379 20 87 376 56 55 85 260 162 128
355 355 123 350 153 478 433 352 158 344 349 442 233 452 171 356 237 357 448 347 348 175 449 346 394 256 353 343 378 127 354 482 376 84 345 443 104 155 55 85 107 10 129 287 351 74 119 130 66 162 128 38 270 151 242 186 59
357 357 433 55 449 478 286 442 293 356 237 347 348 346 264 252 128 379 255 394 378 355 214 353 343 275 354 236 351 152 298 127 213 24 219 476 38 153 187 104 56 123 155 85 111 131 41 364 158 260 162 116 287 270 74 82
364 364 187 461 462 489 239 464 365 414 419 366 290 160 362 329 367 368 457 351 203 237 260 98 225 308 218 0 186 363 91 139 62 328 130 85 100 458 60 40 331 119 323 456 108 44 153 38 162 10 113 96 257 2 112 66 15 29 56 19 401 11 37 248 297 253 379 88 116 391 158 131 155 122 125 296 127 47 322 79 287 126 103 74 89 207 123 16 141
379 379 56 260 237 348 357 346 382 381 378 413 415 229 353 402 410 400 279 323 104 85 55 112 15 19 162 128
389 389 69 338 486 408 283 440 226 247 205 437 166 467 385 263 488 368 277 157 208 439 38 179 8 217 482 483 340 159 42 78 37 142 83 351 6 125 107 296 22 137 5 2 92 113 52 100
391 391 76 144 257 33 29 428 26 359 381 102 40 296 322 11 6 89 71 140 66 37 96 16 159
401 401 203 415 187 400 397 489 382 418 268 413 411 248 398 414 224 195 229 410 388 396 258 402 417 243 484 332 146 270 88 116 201 295 34 279 285 205 322 272 261 155 131 364 29 329 111 125 351 69 127 147 6 50 122 296 82 38 145 148 128 89
416 416 125 169 323 430 465 386 57 204 304 375 13 370 206 173 459 231 65 395 420 300 3 374 330 81 301 97 373 302 303 369 63 50 305 207 35 372 284 116 371 193 203 15 342 31 26 218 115 260 186 83 25 145 66 10 187 313 113 70 131 401 111 248 69 119 88 112 364 56 19 158 168 122 6 37 2 379 109 128 163 141 82
430 430 145 374 416 288 204 166 304 375 412 131 185 65 173 300 125 301 81 165 63 382 291 207 159 35 111 78 486 413 31 229 386 54 323 69 6 66 116 128 50 137 283 155 2 203 83 205 92 70 52 147 122 96 25 82 148 157 313 249 168 340 389 163 42 142 55 41 141 40 27 401 248 109 88
