128 1410 544 1480 846 605 1500 571 636 1514 1799 128 3293 3584 3218 3290 802 516 644 759 514 812 1452 1416 585 1572 737 1770 1457 618 616 533 602 551 648 776 529 3331 1556 853 675 1629 1481 3183 1421 1618 555 630 696 3228 647 615 1666 1448 1622 589 1594 818 1522 499 558 3425 772 655 531 694 3557 3508 840 432 527 526 785 1398 811 491 3257 1425 1748 612 1499 657 1385 3260 428 560 431 334 559 3277 3246 1506 6 148 103 140 119 11 355 19 74
355 612 647 1522 499 776 355 616 596 640 548 731 618 840 675 527 1499 636 644 759 631 646 560 555 630 696 602 3173 1421 1556 1618 853 491 1385 818 657 3290 589 1594 3228 1500 615 1666 1448 1622 571 3246 1506 3260 3331 3425 3257 529 558 772 655 531 694 3557 3508 1398 811 585 785 350 526 1572 737 1770 1457 648 119 1416 1514 478 1799 352 344 1452 349 442 452 171 3218 802 533 516 551 356 880 347 1445 3201 448 237 346 348 357 175 559 3277 394 74 605 343 378 256 1480 443 354 11 140 22 6 148 128 103 144
6 648 3331 1398 811 491 555 630 696 1500 571 559 3277 785 3257 6 529 657 560 514 636 1514 1799 585 558 772 655 531 694 3557 3508 693 552 3425 3173 3218 3290 802 3246 1506 880 516 1445 3201 1499 526 3260 1416 644 533 1452 759 551 616 1572 737 1770 1457 1421 1618 1410 631 646 602 589 1594 1522 3228 618 615 1666 1448 1622 776 596 640 548 731 3293 3584 1385 605 544 1480 846 499 647 675 1556 853 812 840 612 818 527 385 169 140 119 11 148 128 103 144 22 74 355
103 585 533 551 529 555 630 696 1500 571 3425 103 657 3257 3260 1398 811 636 1514 1799 560 491 3173 3218 3290 802 516 880 1445 3201 1421 1618 785 1416 3246 1506 644 3331 759 1385 618 616 776 648 1522 3228 615 1666 1448 1622 1572 737 1770 1457 1410 1499 646 454 602 647 605 544 1480 846 596 1556 3293 640 548 731 853 589 3584 1594 514 1452 559 499 840 612 818 3277 527 140 558 772 655 531 694 3557 3508 675 526 812 693 552 350 631 6 222 11 148 128 119 144 74 355 22
74 1522 776 616 840 612 527 1499 647 596 640 548 731 644 759 74 555 630 696 618 1556 853 491 499 657 3173 818 631 646 560 636 589 1594 675 1385 3331 529 585 1421 1618 3425 3246 1506 1500 571 1572 737 1770 1457 3260 526 602 785 3228 615 1666 1448 1622 3290 3257 1398 811 533 558 551 772 655 531 694 3557 3508 1514 1799 559 3277 648 1416 880 1445 3201 3218 802 605 516 1452 119 355 1480 514 693 552 3293 3584 334 1410 427 11 6 140 22 103 148 128 144
11 1385 3425 526 1499 618 529 555 785 630 696 636 776 589 1594 491 602 1421 1618 880 1445 3201 11 1398 3257 3260 811 675 657 1522 3246 647 1506 616 560 499 585 644 759 818 3173 612 3331 3290 1416 533 558 3228 551 772 655 531 694 3557 3508 615 1666 1448 1622 840 596 527 640 548 731 1500 648 571 406 1556 853 631 646 1452 1514 559 1799 3277 140 3218 802 514 516 119 408 693 552 1572 737 1770 1457 1410 405 3293 3584 1480 385 605 6 144 355 74 103 22 148 128
140 3257 3260 560 1421 1618 585 3246 1506 1398 811 1385 529 533 551 785 140 618 491 596 640 548 731 636 3425 880 1445 3201 776 555 630 696 647 3331 526 1499 631 646 648 1500 3173 571 644 1522 759 558 616 772 655 531 694 3557 3508 657 612 499 675 1514 1799 589 1594 3290 1452 602 1416 559 3277 3218 3228 802 615 1666 1448 1622 516 840 527 11 818 514 1556 693 853 552 1572 737 1770 1457 1410 3293 3584 1480 444 605 6 103 119 144 355 22 74 148 128
144 880 1445 3201 3425 1398 811 529 785 3257 144 560 1385 585 526 555 630 696 533 551 648 3260 657 491 602 3331 1499 596 640 548 731 1421 1618 3173 589 1594 618 3246 1506 776 1522 636 675 631 646 647 3290 616 499 558 818 772 655 531 694 3557 3508 1416 3228 612 615 1666 1448 1622 644 759 1500 571 559 3277 302 11 368 1452 840 527 6 140 119 103 355 74 22
19 1629 1481 3183 812 1425 1748 3293 3584 19 514 1452 605 3218 802 1480 559 3277 693 552 1572 737 1770 1457 558 3331 772 655 531 694 3557 3508 1500 571 382 1410 413 415 229 648 410 636 1514 258 402 1799 400 279 544 846 397 417 201 1556 631 646 853 128 6 148 22
148 516 1500 571 636 1514 1799 3218 3290 802 644 759 148 1416 585 1572 737 1770 1457 1410 618 616 533 602 551 605 544 1480 846 3293 3584 648 776 529 3331 1556 853 675 514 1452 812 1421 1618 555 630 696 3228 647 615 1666 1448 1622 589 1594 818 1522 499 3425 526 840 527 1398 811 491 3257 612 1499 657 1385 3246 1506 560 432 559 3277 785 3260 459 880 1445 3201 596 640 548 731 213 3173 6 1629 646 1481 3183 334 558 772 655 531 694 3557 3508 693 385 552 128 103 140 119 11 355 74 144 19
22 631 596 640 548 731 558 772 655 531 694 3557 3508 646 648 1452 560 22 3173 647 657 526 3246 1506 1522 612 776 499 785 3260 1398 616 811 675 3293 3584 3257 618 840 527 602 1499 228 491 1421 1618 514 812 589 1594 3331 636 529 644 759 555 630 696 605 3218 802 3425 392 3290 477 559 3277 1556 880 853 1445 3201 234 1385 1500 571 289 585 388 1480 818 246 198 3228 615 1666 1448 1622 1572 737 1770 1457 1416 693 552 316 436 1514 1799 533 196 551 1629 1481 3183 119 6 140 355 74 11 144 103 148 19
119 499 1499 675 119 647 602 491 589 1594 612 1522 526 776 1385 618 3290 3331 596 818 640 548 731 616 785 3246 1416 1506 555 630 696 840 636 527 1421 1618 3425 3260 644 759 1556 853 560 657 631 646 3173 559 3277 529 3228 1398 615 1666 1448 1622 811 558 1500 772 655 531 694 3557 3508 648 571 585 95 514 693 552 49 1452 1514 1799 1572 737 1770 1457 138 8 533 880 551 1445 3201 3218 121 802 516 3257 4 38 39 11 3293 3584 605 20 1480 118 137 51 1410 1 355 6 74 140 22 148 103 128 144
