0 0 108 48 228 469 480 36 476 310 120 423 466 445 475 366 479 160 477 234 289 380 318 138 277 367 364 134
257 529 880 585 257 555 630 696 533 551 657 491 11 811 785 76 406 29 179 526 144 33 618 445 560 442 308 284 103 153 60 6 131 5 78 16 140 163 130 89
130 491 589 818 602 526 130 675 555 630 696 119 785 657 463 153 499 458 529 585 11 558 772 655 531 694 776 616 363 647 533 551 281 275 310 120 406 840 612 648 95 527 225 49 78 618 234 596 640 548 731 385 388 138 631 646 163 8 38 489 187 435 447 121 60 122 6 29 5 257 74 16 140 340 103 389 355 137 83 92 22
131 571 636 644 759 585 618 616 131 533 551 776 529 647 516 555 630 696 486 802 657 612 499 737 467 6 50 122 675 203 544 846 491 488 648 145 120 208 148 128 479 457 602 596 640 548 731 179 482 36 350 476 605 60 153 103 140 430 52 11 257 29 119 125 355 111 401 47 41 5 163 88
128 544 846 128 605 111 571 41 131 636 432 486 428 431 334 299 203 125 50 122 145 148
389 558 772 655 531 694 648 631 646 526 389 785 596 640 548 731 602 589 675 560 647 499 818 408 340 612 78 385 83 263 368 657 618 6 439 8 217 277 22 5 11 153 29 122 225 119 187 130 125 140 137 355 52 92
6 648 555 630 696 6 657 558 772 655 531 694 491 529 585 631 646 533 551 526 811 163 571 29 559 131 596 640 548 731 785 602 560 636 514 693 385 552 589 486 880 675 169 153 60 78 11 340 389 5 83 257 140 103 130 22 89 50 122 109 145 148 225 76 144 33
260 812 260 112 412 15 56 19 413 125 410 229 402 400 279 258 397 201 243 417 514 484 411 268 285 418 398 205 377 364 382 224 605 195 396 379 416 50 83
136 210 136 150 211 220 190 226 247 265 286 290 48 228 250 293 233 239 252 264 206 255 214 281 275 208 209 231 236 213 234 289 219 36 149 229 202 241
137 137 78 499 491 675 558 772 655 531 694 647 318 341 179 119 95 49 648 121 349 444 602 4 38 439 39 237 8 105 138 20 409 631 646 612 555 630 696 526 92 52 130 163 340 389 83 355 22
5 657 646 555 630 696 596 640 548 731 558 772 655 531 694 631 5 648 560 491 529 647 585 526 533 551 612 499 190 785 675 433 618 441 233 602 776 589 636 153 482 350 36 476 818 6 60 340 389 11 78 22 83 29 140 257 119 163 103 130 355 131 122 52 225 74
11 526 618 555 785 630 696 636 776 602 11 657 589 647 675 644 759 529 491 585 616 558 772 655 531 694 406 612 818 499 533 551 648 631 646 257 596 640 548 731 16 140 130 408 880 560 405 385 463 153 435 60 52 6 29 131 122 225 78 187 5 119 355 340 389 163 103 83 249 89 22 92 76 144 33
140 560 585 533 551 140 529 596 640 548 731 555 630 696 631 646 647 657 89 491 92 52 11 612 499 618 558 772 655 531 694 811 406 636 785 675 444 776 29 526 648 103 131 153 249 78 60 6 5 22 119 355 257 16 130 163 340 389
15 15 260 812 412 370 395 413 388 229 410 445 258 402 400 302 279 364 397 374 377 284 243 201 484 303 362 164 268 417 418 224 411 398 205 285 416 125 112 56 19
16 16 11 406 499 526 618 675 363 555 785 630 696 275 636 776 385 408 602 388 476 657 405 339 447 589 647 138 119 95 132 49 644 257 140 130 52 225
145 430 145 571 131 636 486 412 374 416 382 644 759 288 166 585 413 375 467 304 229 415 185 366 173 618 436 488 258 402 65 301 125 6 50 122 203 148 128 103
401 401 737 203 605 415 400 397 382 413 418 268 414 411 229 410 398 388 224 258 402 195 243 484 417 396 279 332 205 295 285 270 201 146 369 272 261 34 322 403 187 88 131 111 125
19 19 260 812 412 413 229 410 258 402 400 382 279 417 397 201 418 285 411 268 243 484 205 398 415 295 224 377 364 195 396 146 253 332 215 270 164 60 112 15 56 125
148 516 148 571 131 636 486 432 644 759 459 585 213 467 334 315 618 488 385 6 50 122 203 145 128 103
144 880 144 76 811 257 33 529 29 785 560 450 302 474 368 11 89 6
22 631 596 640 548 731 558 772 655 531 694 646 648 560 22 647 526 612 499 785 675 618 602 228 589 776 636 392 477 234 289 388 153 818 644 246 759 198 616 657 340 436 316 389 196 78 83 6 5 119 29 140 355 11 122 52 225 130 137 74
278 763 278 424 241 262 283 221 417 254 235 204 288 212 240 238 331 259 232 317 194 383 321 157 271
153 776 616 840 612 527 153 647 596 640 548 731 644 759 555 630 696 618 657 499 631 646 560 636 491 529 675 585 533 551 236 558 772 655 531 694 74 602 213 489 187 219 149 241 355 130 648 853 134 262 283 222 216 188 235 204 277 818 199 212 526 251 240 463 589 398 381 253 60 11 6 131 52 5 140 29 22 119 78 257 163 103 340 389 122 83 225
29 811 785 560 529 880 526 29 585 596 640 548 731 602 555 630 696 533 551 589 631 646 675 657 647 558 772 655 531 694 499 89 6 818 491 648 488 612 208 257 179 76 618 350 140 444 445 144 33 153 11 103 60 131 122 119 225 5 187 130 22 78 340 389 163 355 83
416 416 125 514 812 605 737 465 559 169 430 386 57 370 206 693 552 304 375 459 13 231 395 173 65 300 374 3 373 302 330 369 303 81 301 97 305 284 372 193 371 207 63 487 26 35 203 260 31 342 15 362 218 115 450 249 135 186 145 50 187 401 83 111 52 88 131 109 163 112 19
33 880 33 76 811 144 257 529 29 785 560 450 474 11 89 6
163 491 559 514 693 552 163 555 630 696 657 6 529 585 648 533 551 78 109 130 125 153 60 11 5 119 257 29 131 416 103 140 137 92
297 297 60 615 589 812 818 602 644 759 526 432 309 204 368 675 421 555 616 630 696 785 327 335 330 326 280 184 223 253 323 422 296 325 333 287 98 427 225 324 657 166 499 205 273 260 191 426 162 215 428 248 227 274 367 112 15 56 19 47 187 79 130 125 122 11
41 41 544 846 128 252 428 281 431 334 432 299 358 427 422 325 170 309 323 380 421 111 131
430 430 605 145 514 812 491 374 416 288 166 559 412 304 375 558 772 655 531 694 125 185 173 65 300 382 693 301 552 165 81 413 291 207 229 111 648 159 63 487 35 415 78 386 31 258 54 131 137 128 203 50 92 52 83 260 163 130 340 389 109
47 47 60 122 615 602 818 675 589 644 759 432 526 236 499 555 616 630 696 95 277 204 160 219 297 253 131 187 79 225
50 802 50 125 571 514 812 131 605 636 486 465 386 559 644 759 585 217 206 370 448 416 83 6 122 203 260 111 145 148 128 109 103
178 178 124 605 171 175 167 173 184 118 441 302 111 159 98 182 1 73 94 128 125 203
52 618 636 776 647 52 644 759 249 616 499 612 675 78 596 640 548 731 140 560 491 631 646 602 585 429 153 558 303 772 655 531 694 447 446 263 11 131 119 60 355 137 92 89 130 22 340 389 5 103 16
56 56 379 260 812 413 382 412 229 410 402 400 279 397 417 415 201 411 418 268 285 243 484 205 398 348 237 295 346 362 195 357 112 15 19 125
187 853 818 840 527 187 489 589 602 462 419 239 526 365 675 737 414 457 785 203 364 366 362 290 499 153 160 60 605 367 308 464 461 615 329 331 558 772 655 531 694 776 616 230 322 225 130 122 401 119 11 88 297 253 29 111 74 47 340 389 79
60 615 818 644 759 60 555 616 630 696 589 657 618 491 529 297 253 585 602 776 636 526 675 533 551 432 647 785 47 489 187 79 853 612 325 204 499 427 309 205 323 422 367 326 153 166 327 227 335 131 6 225 11 130 5 52 78 257 122 163 103 140 29 119 355
74 74 153 776 616 840 612 527 236 647 596 213 640 548 731 644 759 219 149 555 630 696 241 618 134 262 277 283 222 216 334 251 253 188 235 204 657 499 321 240 199 631 646 560 242 636 427 212 60 187 355 130 5 22
203 737 605 203 489 187 853 401 88 414 462 419 571 382 818 840 131 527 239 415 413 125 229 388 111 400 365 410 636 397 258 402 457 486 279 411 418 417 369 268 201 243 398 295 484 416 514 812 285 205 195 366 364 128 50 122 145 148 83
76 880 76 811 144 257 33 529 29 785 560 450 474 331 185 11 89 6
78 491 558 772 655 531 694 78 648 631 646 555 630 696 526 657 137 785 499 596 640 548 731 675 529 585 92 602 52 647 589 179 533 551 560 618 444 341 612 119 818 163 130 430 340 389 6 83 249 153 60 11 22 140 5 145 29 257 122 225 103 355
79 79 60 615 818 432 644 759 555 616 630 696 449 120 427 459 205 325 253 589 323 422 367 166 657 371 431 334 215 195 204 238 309 299 483 326 335 426 327 321 434 297 47 187 225
210 210 136 150 211 220 190 226 247 265 286 290 48 228 250 293 206 233 239 252 264 255 214 281 275 208 209 231 236 213 234 289 219 36 149 229 202 241 246 198 258
83 558 772 655 531 694 648 631 646 83 526 785 596 125 640 548 731 602 514 812 589 605 675 560 647 465 499 386 818 559 340 405 389 206 370 219 459 231 612 78 395 693 552 446 6 416 22 5 11 153 50 29 122 225 119 260 111 130 137 355 163 109
340 558 772 655 531 694 648 631 646 340 526 785 596 640 548 731 602 589 675 560 647 499 818 457 389 612 78 445 83 341 657 618 6 105 192 177 22 5 11 153 29 122 225 119 187 130 125 140 137 355 52 92
88 88 737 203 605 382 413 414 415 229 388 429 476 410 258 402 400 279 397 369 417 201 295 195 368 366 243 418 160 411 268 484 285 205 292 187 401 131 111 125
89 89 811 140 560 29 785 529 585 880 533 551 526 596 640 548 731 249 303 488 444 38 52 6 92 11 257 76 103 144 33
92 92 78 140 499 560 491 675 585 647 558 772 655 531 694 388 533 551 444 119 179 302 263 137 52 89 130 11 163 103 340 389
225 589 818 602 526 675 785 225 499 558 772 655 531 694 647 648 489 187 631 646 432 209 612 130 853 60 491 618 122 344 299 377 364 615 49 463 462 239 596 323 640 548 731 422 418 840 527 458 776 421 419 636 240 11 29 119 340 389 78 153 83 6 355 297 253 47 22 5 79 16
353 593 353 453 478 434 352 377 442 452 349 171 356 448 348 347 237 357 175 346 394 379 56
355 612 647 499 355 618 675 596 640 548 731 636 631 646 560 602 153 644 759 776 616 589 350 526 478 840 527 352 558 119 772 655 531 694 344 349 442 452 171 356 785 448 347 348 357 237 175 346 648 236 818 394 213 343 256 378 127 354 52 11 131 60 122 22 140 187 29 5 74 130 225 340 389 83
103 585 533 551 529 555 630 696 103 657 491 454 140 571 131 560 350 636 486 811 257 222 153 60 29 6 11 5 78 163 130 89 92 52 50 122 145 148
108 108 0 48 228 469 480 36 476 310 423 466 475 445 120 479 366 160 477 234 289 318 380 277 367 176 138 364
109 559 514 693 552 109 163 491 125 432 812 476 605 416 6 50 83
111 605 111 544 846 128 737 125 203 459 514 812 447 49 8 132 465 430 268 432 416 145 41 131 187 401 50 88 83
112 112 260 812 412 410 258 402 400 279 397 243 201 484 413 417 411 268 418 285 398 205 229 396 195 295 146 377 364 224 436 215 332 164 270 403 34 321 261 272 15 56 19 125
125 514 812 605 559 125 693 552 416 802 465 386 50 83 206 370 231 459 260 395 169 737 111 430 203 57 558 373 772 655 531 694 375 302 369 374 284 303 362 304 13 450 372 65 371 305 249 193 109 163 145 52 131 112 128 15 401 56 19 340 389 88
119 499 675 119 647 602 612 618 596 640 548 731 605 526 776 636 785 130 631 646 560 644 759 491 95 49 463 589 616 138 8 558 772 655 531 694 458 121 4 38 39 310 20 648 818 120 118 137 363 51 111 132 1 281 53 43 78 355 122 128 153 52 125 203 131 11 29 22 140 225 5 340 163 389 83
249 249 52 514 812 618 605 303 776 636 559 647 644 759 59 153 693 429 552 616 35 125 89 447 2 74 446 62 263 612 260 15 416 140 78 29 50 83 111 203 11 109 355 112 19
122 602 675 589 526 122 499 785 818 647 47 571 558 772 655 531 694 131 612 618 636 648 236 486 596 640 548 731 219 631 646 149 202 241 776 262 119 292 644 759 235 188 277 204 585 254 225 187 130 60 11 29 153 355 340 389 6 50 203 78 145 83 148 128 22 5 103
379 379 593 56 348 382 237 346 357 353 413 381 415 229 378 410 402 400 279 417 397 201 291 260
124 178 124 605 171 175 167 173 184 118 302 441 111 98 159 182 1 128 125 203
253 253 60 615 589 812 616 818 602 776 644 759 526 432 325 840 612 527 675 555 630 696 153 227 785 321 326 618 647 280 499 259 297 596 337 296 640 548 731 223 168 427 313 270 287 485 422 309 657 225 323 205 273 166 204 207 181 74 260 162 191 327 335 367 112 15 56 19 47 187 130 79 125 122 355 119 11
