0 0 108 48 228 310 120 36 476 469 445 480 366 423 466 160 475 364 134 187
2 2 78 163 130 66 281 119 6 249 153 463 427 170 285 70 137 11 52 168 92 204 60 207 69 100 96 141 140 40 159 283 329 37 10 205 109 29 129 127 257 131 166 287 225 157 155 25 351 297 253 74 113 158 16 5 107 123 296 340 89 389 63 42 186 103 71 44 142 147 83 47 322 79 126
5 5 157 168 190 433 441 233 66 482 69 350 36 476 107 149 241 283 153 205 166 151 242 60 142 207 59 6 158 2 96 340 159 389 141 78 11 71 42 37 40 83 22 257 163 123 74 137 103 16
6 6 159 163 29 131 66 182 385 361 169 486 2 70 69 296 322 391 96 168 155 89 204 153 40 60 207 283 147 71 50 122 203 430 205 82 141 11 145 78 148 166 128 140 37 157 257 130 109 313 125 340 127 389 129 25 76 42 297 107 27 253 142 47 5 103 113 270 44 83 144 33 111 401 287 52 63 116 248 92 137 55 41 88 74 16 79 126 62
10 10 119 158 186 290 113 263 200 369 250 130 356 472 129 123 107 153 355 37 100 122 2 11 155 287 157 151 242 147 59 329 52 142 225 127 71 296 249 47 74 16 22
11 11 406 257 37 16 140 129 130 66 408 405 385 119 435 391 153 296 2 155 96 52 40 287 100 158 147 89 168 113 249 60 92 71 207 69 29 6 78 141 329 127 10 131 225 283 76 205 107 122 163 186 157 144 33 166 270 123 103 159 351 44 297 322 253 74 137 5 340 389 355 47 42 62 79 126
15 15 260 323 420 370 412 112 395 56 19 388 445 379 413 302 374 416 284 303 362 229 402 400 258 410 279 125 50 116 83 25
16 16 11 406 363 275 385 257 37 388 476 408 140 447 129 339 95 130 132 138 362 49 66 119 391 153 296 2 155 96 52 40 287 100 158 147 89 168 113 249 60 92 71 207 69 29 6 78 141 329 127 10 225 76 163 186 144 33 270 123 103 44 322 74 5
19 19 260 323 413 412 420 229 112 382 15 410 258 402 56 400 279 417 397 201 415 418 285 379 411 268 243 398 484 205 295 195 224 215 396 125 416 69 50 116 83 25
22 22 142 228 392 477 69 246 107 234 289 214 388 316 198 294 213 288 196 318 436 283 157 205 166 151 242 153 59 158 340 389 159 71 42 78 37 83 5 123 10 137 74
25 25 125 70 204 416 323 465 281 392 386 109 420 373 429 163 50 116 83 63 313 6 260 2 111 203 69 131 283 205 159 166 128 112 15 401 56 19 248 340 389 88 42
27 27 148 451 480 131 466 475 479 477 289 234 318 315 176 198 320 316 446 134 432 409 294 459 486 436 196 155 147 6 50 122 203 430 96 82 145 128 313 129 127 270 401 111 47 113 159 248 116 55 41 103 88 44
29 29 296 322 391 6 89 71 488 40 208 179 350 140 444 445 37 257 76 66 159 96 144 107 33 163 131 11 153 69 2 92 52 157 168 113 151 242 249 78 70 100 59 207 158 103 44 142 141 122 130 147 16 82 145 148 62
33 33 391 76 144 257 428 29 450 40 296 322 11 6 89 71 140 66 37 96 16
37 37 296 113 11 69 100 476 283 341 406 450 338 486 205 329 29 166 122 225 186 130 157 257 16 340 140 389 159 129 119 42 78 66 391 142 187 83 6 153 10 322 60 89 2 47 40 71 131 158 155 52 364 125 96 287 168 92 107 249 147 22 137 5 207 76 163 141 144 33
38 38 351 187 153 489 95 472 49 473 364 8 138 119 449 121 459 39 462 482 219 419 239 350 137 118 51 94 478 53 329 127 78 203 287 130 74 10 123 66 107 158 60 155 2 355 100 401 129 248 11 52 92 151 242 88 186 116 59 207 225 141
40 40 257 96 29 66 488 391 423 214 392 370 405 435 431 11 6 296 322 140 168 89 153 103 44 60 207 131 71 2 141 76 37 144 33 62 155 130 159 163 16 297 129 253 78 52 107 92 5 147 127 287 122 50 82 74 145 148 47 79 126
41 41 128 252 111 281 357 428 55 131 431 334 432 299 358 427 116 155 147 6 50 122 203 430 125 96 82 145 148 313 416 27 270 401 47 248 103 88
42 42 69 283 338 486 205 166 440 226 247 437 444 157 467 340 488 389 159 474 208 177 78 179 37 142 83 6 125 107 296 22 137 5 2 416 113 92 52 323 11 168 100 249 151 242 59 163 225 25
44 44 62 96 444 445 103 140 131 66 40 257 6 89 11 168 29 155 71 92 52 207 147 2 50 122 430 249 82 141 145 148 128 322 27 16
47 47 60 122 297 253 113 329 432 155 131 95 160 79 126 66 187 37 186 100 6 127 147 270 96 203 50 430 364 82 168 145 148 128 129 207 10 225 11 2 296 313 141 40 27 103 41
50 50 313 125 131 416 323 486 465 386 217 155 116 83 147 6 25 122 203 430 96 82 145 148 128 111 260 70 69 129 27 204 127 270 401 47 113 159 248 357 55 41 163 103 88 44 109 112 15 19
52 52 249 78 140 129 429 447 446 263 137 92 155 287 158 11 2 147 89 96 71 69 153 283 29 131 205 66 107 37 130 166 127 270 257 119 16 163 10 157 6 123 40 103 340 44 389 296 159 42 142 322 355 83 151 242 59 62 74 82
55 357 55 128 433 286 293 264 252 449 255 214 275 236 111 213 478 219 36 476 442 202 385 160 315 41 131 116 155 147 6 50 122 203 430 125 96 82 145 148 313 27
56 56 379 260 323 413 382 229 410 402 400 412 415 279 420 397 417 201 411 112 418 15 285 268 243 484 398 205 295 19 362 125 416 69 83 25
59 59 481 107 157 151 242 388 293 153 252 158 249 217 142 214 213 71 149 392 69 22 140 123 52 127 10 29 5 129 287 283 351 119 168 74 205 355 166 130 66 78 38 89 340 322 186 389 159 147 42 92 83
60 60 297 253 329 155 432 47 79 126 66 204 325 427 205 187 309 461 464 367 323 422 166 122 127 270 364 100 168 131 153 129 69 207 6 2 96 63 113 141 11 70 40 125 260 283 351 203 225 37 130 147 287 159 163 38 257 50 5 340 389 186 82 42 83 145 148 103 109 25 74 16 112 15 19
62 62 44 96 364 358 427 103 140 187 131 66 40 257 29 6 11 89 168 92 52 71 207 147 82 141 145 148
63 204 63 487 465 236 70 188 206 370 209 231 459 292 368 395 240 297 373 199 447 302 374 369 284 169 278 303 430 416 242 157 153 155 143 371 305 372 57 109 163 60 25 274 107 127 125 270 6 2 145 5 69 287 131 351 129 253 74 158 151 66 168 59 123 130 142 38 71 47 355 79 126 83
66 66 168 153 60 207 6 2 467 96 488 141 449 11 208 40 457 179 297 253 257 163 130 5 155 29 78 140 159 131 329 127 157 287 103 44 351 119 37 391 74 16 47 129 187 79 126 123 107 296 70 89 38 69 158 322 122 100 52 71 62 92 355 137 147 249 270 113 151 242 82 76 145 148 59 225 144 33 109
69 69 283 205 338 486 166 440 226 247 157 437 340 389 159 467 42 78 37 142 488 208 424 179 83 482 36 350 444 445 6 125 107 296 22 137 5 2 416 113 92 52 323 11 168 100 249 151 242 140 29 59 163 158 66 50 71 130 116 122 225 25 186 16
70 70 204 109 163 25 482 236 63 125 478 352 344 452 6 349 487 2 442 171 416 323 50 66 78 159 116 83 130 29 131 313 111 137 207 141
71 71 140 29 107 275 213 149 89 202 241 176 216 222 292 283 198 200 427 157 279 151 242 296 322 391 153 59 158 6 96 92 52 142 11 40 249 78 69 37 257 66 129 76 22 131 159 123 144 127 33 10 5 103 44 168 205 130 2 163 287 16 166 351 137 74 355 147 340 389 207 62 42 141
74 74 153 127 236 213 287 219 334 351 149 277 241 251 134 262 253 283 222 216 427 188 325 123 130 66 107 38 187 155 119 355 158 60 129 2 157 151 242 364 11 168 59 329 207 100 142 6 69 96 71 297 10 141 270 40 147 163 5 225 47 22 79 16 126
76 76 391 144 257 33 428 29 450 474 40 296 322 11 6 89 71 140 66 37 96 16
78 78 137 2 92 52 69 249 179 444 140 341 283 430 338 486 339 205 166 163 129 157 130 66 340 389 159 42 37 142 119 11 6 83 89 96 153 71 145 70 155 287 158 147 107 168 125 100 29 207 296 22 40 5 141 16 103 109
79 79 60 297 432 253 329 155 449 120 459 427 205 325 47 323 431 334 422 367 166 434 126 66 187 122 127 69 270 364 100 168 131 153 125 260 129 207 283 6 2 96 113 141 11 37 40 351 225 159 147 340 389 42 83 112 15 19 82
82 82 131 486 412 155 467 334 147 488 6 50 122 203 439 430 120 208 201 96 145 148 128 313 129 187 27 125 127 111 270 47 401 60 113 159 248 66 357 55 41 163 103 88 116 44 29 140 416 364 40 287 52 62 186 207 141
83 83 125 69 416 323 283 338 486 205 465 166 440 226 247 405 386 219 420 437 50 157 446 116 340 389 159 25 42 78 37 142 313 260 70 111 203 6 204 131 107 296 22 137 5 2 113 92 52 168 100 163 128 109 112 15 401 56 19 151 242 248 59 88
85 237 85 162 443 434 449 349 442 360 482 448 105 357 346 476 452 379 478 352 344 347 87 56 55 260 128
88 88 203 187 401 489 248 382 116 429 476 414 413 364 131 415 229 388 366 368 160 436 462 292 329 111 125 351 155 416 147 38 323 6 50 122 430 96 82 145 148 128 313 27 83 25 41
89 89 140 29 249 296 322 391 71 303 6 96 52 92 11 40 78 37 257 66 107 129 76 131 159 144 33 103 44 2 163 16 137 130 151 242 147 59 62 207 141
91 91 328 460 470 211 220 338 463 420 406 456 468 471 190 226 247 265 286 440 461 454 361 405 290 228 424 433 462 464 437 465 233 239 252 264 419 472 161 386 467 469 473 362 180 255 451 363
92 92 78 140 137 52 388 2 89 302 263 249 96 71 69 11 283 29 205 129 166 66 130 37 163 107 157 6 103 40 340 44 257 389 159 16 119 131 296 42 142 158 322 83 287 147 151 242 62 207 59 141
96 96 103 44 140 131 66 40 388 263 368 62 257 6 89 168 29 11 155 153 71 60 92 52 207 147 2 50 122 203 430 391 249 82 141 145 78 148 128 129 313 296 322 127 130 159 163 297 107 27 253 47 37 16 5 270 287 401 111 113 248 137 76 55 41 88 74 144 33 79 126
100 100 329 225 37 113 130 360 432 187 461 449 392 172 119 464 213 489 419 36 415 463 60 366 431 334 344 365 299 296 153 122 11 186 364 2 69 10 297 253 351 47 283 66 155 203 205 78 29 131 166 257 158 16 38 127 140 129 163 287 79 126 74 340 389 159 42 123 83 207 141
103 103 96 454 44 350 140 249 131 66 40 277 222 62 52 257 6 89 168 29 11 155 153 71 60 92 207 147 2 50 122 203 430 391 78 82 141 145 148 128 129 313 296 322 159 163 27 47 16 5 270 41
104 104 353 453 469 451 480 475 479 477 289 318 478 352 434 246 320 198 446 377 279 442 316 171 349 452
107 107 157 151 242 153 59 158 293 252 142 71 214 213 149 392 241 283 262 481 222 219 36 216 204 292 202 254 188 221 235 250 200 240 134 69 22 140 123 127 10 29 5 129 287 351 119 168 74 205 355 166 130 155 66 63 38 89 187 70 11 296 52 6 340 322 186 389 159 96 42 78 147 37 249 92 2 83 40 207 109 141
108 108 0 228 48 469 480 423 466 475 36 476 479 445 477 234 310 289 366 120 160 318 176
109 109 70 204 432 163 25 476 482 358 63 125 6 2 416 323 50 66 78 159 116 83 130
110 110 244 408 392 405 362 439 387
111 111 116 128 459 125 203 447 49 132 430 469 8 319 268 357 55 131 41 416 323 187 401 50 248 145 88 155 83 364 25 147 6 122 313 96 82 148 70 27
112 112 260 323 412 420 410 258 402 15 400 279 56 397 201 19 243 484 417 411 268 418 285 398 205 413 379 295 436 224 215 229 195 146 396 164 125 416 69 283 50 116 83 166 25 340 389 42
113 113 122 37 186 100 262 429 10 263 329 235 296 49 225 47 119 131 130 60 11 69 158 187 283 205 155 153 29 166 364 2 6 297 253 203 129 147 157 50 430 257 16 82 340 389 145 159 148 128 42 142 123 83 322 79 126 27
116 116 111 125 203 469 416 466 323 475 479 477 289 234 187 318 476 465 176 246 320 128 198 446 459 316 401 489 292 386 436 248 50 88 83 364 131 25 313 260 357 55 41 70 329 69 351 204 147 38 122 82 145 148 109 112 15 19
119 119 10 130 95 49 8 138 38 463 158 121 4 39 20 153 186 458 310 137 118 51 2 111 53 1 43 120 291 298 11 100 78 351 113 187 116 129 329 123 128 37 107 66 225 127 163 287 355 257 74 52 16 364 122 140 155 92 203 249 151 242 147 296 59 55 41 207 141
122 122 47 113 131 236 60 219 149 486 202 241 262 235 292 204 188 277 254 37 186 100 155 147 6 50 203 430 297 329 253 96 82 145 148 128 10 187 296 225 119 313 66 63 79 70 129 27 126 130 11 125 69 127 111 270 158 401 159 248 29 357 55 41 163 103 88 116 44 40 207 109 141
123 123 355 153 158 433 233 449 350 290 478 482 352 344 476 349 442 171 452 356 149 444 445 127 107 10 129 287 351 119 74 130 155 66 38 187 157 151 242 186 59 147 11 142 2 52 71 364 168 249 207 100 113 270 141 22 5 16
124 178 124 171 167 175 302 173 184 118
125 125 416 323 465 420 386 50 116 83 206 370 459 231 25 395 169 430 373 313 302 57 369 374 284 375 303 362 249 260 372 450 304 13 371 305 70 111 203 69 204 131 283 205 145 187 166 128 52 109 112 15 401 163 56 19 157 248 6 379 340 78 389 159 88 42 37 147 142 122 63 82 148 55 41
126 60 126 425 297 438 253 451 480 329 432 155 423 214 466 408 475 477 479 234 289 205 47 318 367 320 176 198 79 246 385 446 66 187 122 127 270 364 100 168 131 69 153 129 207 6 2 96 113 141 11 40 351 225 147 82
127 127 155 153 350 352 219 171 270 149 356 60 237 348 175 357 474 271 355 346 236 4 87 232 213 394 372 287 129 351 74 131 123 130 66 107 38 158 187 297 119 253 147 85 55 329 11 2 6 157 151 242 52 364 96 47 128 168 203 59 50 122 430 249 79 162 126 207 100 82 142 10 145 148 71 141 40 16 27 41
128 128 111 357 55 41 131 432 428 431 334 486 116 252 315 160 155 147 6 50 122 203 430 125 96 82 145 148 313 416 323 129 27 127 270 401 47 113 159 248 163 103 88 44 83 25
129 129 155 287 158 147 52 11 488 249 208 153 395 444 131 127 270 140 60 78 10 123 107 119 257 37 16 130 66 355 96 2 92 297 6 253 351 391 137 186 71 89 74 157 50 122 151 242 203 430 329 82 59 296 113 145 148 128 40 100 142 47 38 313 79 207 126 27 141 103
130 130 119 463 153 2 458 11 100 281 363 275 310 120 234 95 49 388 406 385 435 10 8 447 138 329 37 66 225 78 127 163 113 287 351 257 158 74 16 187 129 140 186 123 107 155 60 6 38 296 168 355 52 391 70 137 96 364 69 207 122 92 40 249 157 141 147 29 151 242 71 89 59 159 142 270 47 5 109
131 131 486 155 147 467 6 50 122 203 430 96 488 82 145 148 120 208 128 479 457 179 482 36 350 476 444 313 129 187 27 125 127 111 270 47 401 60 113 159 248 66 357 55 41 163 103 88 116 44 29 140 416 364 40 323 153 287 158 329 11 52 2 37 297 253 62 186 249 168 89 70 100 351 257 296 322 207 71 83 25 141 79 126
136 210 136 150 211 220 190 226 247 265 286 290 206 48 228 250 293 233 239 252 264 255 214 281 275 208 209 231 236
137 137 78 318 2 341 95 92 49 52 119 349 121 439 179 38 69 237 4 8 105 138 39 409 249 20 444 140 283 205 351 166 130 163 129 157 66 85 10 340 153 389 159 187 42 37 142 11 6 83 89 96 158 162 71 70 287 100 147 186 207 22 141 16
140 140 89 96 92 52 71 11 249 78 444 29 129 107 66 103 44 257 40 37 16 391 131 296 137 130 2 322 6 153 158 155 69 147 119 287 157 62 151 242 59 168 142 207 100 113 163 159 141 76 144 33 82
141 141 66 423 168 153 467 60 207 435 6 429 488 2 449 96 385 208 263 262 249 11 40 297 253 257 163 130 5 155 29 78 140 159 131 329 127 157 287 103 44 351 119 37 391 74 16 47 129 79 126 123 107 296 70 89 38 322 122 100 52 71 62 92 355 137 270 82
142 142 22 69 107 214 283 213 338 486 241 157 246 205 318 228 262 292 216 316 222 315 254 221 166 440 226 247 204 235 151 242 153 59 158 340 389 159 71 42 78 37 83 63 6 125 5 140 70 29 123 127 296 10 137 168 129 287 351 2 74 92 52 113 355 109
144 144 391 76 257 33 428 29 26 302 381 450 368 359 102 40 296 322 11 6 89 71 140 66 37 96 16
145 430 145 131 412 486 382 374 416 413 229 415 288 166 366 258 402 400 155 147 6 50 122 203 96 82 148 128 125 313 69 129 187 27 60 323 127 111 270 401 47 113 159 248 66 283 357 55 41 163 103 205 88 116 44 29 40 83 25 340 389 62 42
147 147 129 131 486 155 488 368 287 158 448 208 177 467 483 212 52 11 6 50 122 203 430 249 96 82 145 148 128 153 127 270 313 60 140 78 187 27 10 66 125 123 111 47 107 401 37 119 257 113 159 16 248 357 55 130 41 163 103 88 116 44 355 29 40 297 253 186 89 92 71 137 74 62 79 126
148 148 27 131 486 432 459 213 315 479 334 451 480 385 466 155 147 6 50 122 203 430 96 82 145 128 313 129 187 125 60 127 111 270 401 47 113 159 248 66 357 55 41 163 103 88 116 44 29 40 62
151 151 107 149 157 262 242 293 153 59 252 158 240 288 199 142 278 238 259 214 213 71 392 274 69 22 5 140 123 127 10 29 168 129 287 283 351 119 74 205 355 166 130 66 38 89 52 340 322 186 389 159 42 92 83
153 153 127 287 351 236 74 213 219 149 38 241 123 130 134 66 107 283 262 216 222 188 204 235 187 277 155 240 199 251 212 253 381 398 238 259 119 355 158 129 2 157 151 242 364 11 168 59 60 207 100 142 6 329 96 69 71 63 10 141 270 70 40 147 37 203 78 52 131 163 140 257 205 5 225 29 249 166 297 22 113 159 16 186 340 389 103 109 42 79 126
155 155 127 270 60 129 131 219 149 202 292 153 204 221 347 238 240 483 486 297 271 253 147 329 287 158 52 47 11 6 50 122 203 430 79 66 126 249 96 82 187 145 148 128 63 70 351 123 313 74 107 140 130 119 78 27 10 2 38 355 168 100 111 401 257 113 159 163 16 248 40 207 116 55 41 103 88 44 141 109
157 157 5 69 107 283 149 168 241 222 221 188 254 204 151 242 338 486 240 205 199 278 238 190 166 440 226 247 194 232 271 245 142 153 59 158 340 389 159 71 42 78 37 274 66 83 63 70 22 6 125 140 29 123 127 296 10 137 129 11 287 351 2 74 92 207 52 113 355 130 100 163 141 109 25
158 158 290 10 129 123 107 119 149 153 202 241 355 283 239 262 200 222 254 235 204 240 238 288 186 155 157 151 242 287 147 59 52 142 11 71 249 127 130 69 113 140 63 351 131 74 70 270 66 78 37 22 205 2 29 5 166 38 100 257 122 168 16 340 389 92 42 109
159 159 182 6 361 69 264 360 161 180 172 179 283 166 486 338 36 205 176 440 226 247 134 169 430 171 222 341 178 170 437 358 175 308 177 192 467 157 1 163 29 131 340 66 389 42 78 37 142 83 2 296 124 70 145 125 322 391 96 168 153 107 89 155 204 60 22 40 137 207 11 147 71 5 50 122 203 113 416 140 82 141 92 52 148 128 100 257 130 109 151 25 242 59 27 103
162 162 237 85 360 172 209 443 134 449 434 169 175 427 349 482 442 170
163 163 6 2 70 204 66 78 452 159 109 130 25 29 131 119 63 153 125 69 168 137 11 60 96 207 296 322 391 416 40 92 52 323 155 283 89 141 100 140 205 249 147 71 50 122 37 166 257 82 145 148 128 83 340 389 5 225 42 74 16 103
166 166 69 283 338 486 205 299 430 170 440 226 247 325 175 437 159 335 157 327 184 467 326 168 296 340 183 28 488 333 223 389 60 287 1 37 182 179 98 162 165 42 208 273 78 276 142 83 6 237 85 153 145 5 125 297 253 129 107 66 29 155 22 137 329 2 11 113 52 131 416 92 323 100 47 249 158 79 126 127 163 140 122 151 242 147 130 322 71 59 89 74 207 225 270 25 141 16
168 168 5 66 157 190 325 323 309 253 422 166 433 327 102 60 335 227 441 233 326 321 153 207 6 2 96 141 11 69 40 107 297 283 125 260 205 257 159 78 155 163 130 329 29 140 131 127 37 151 242 287 142 103 158 44 47 351 416 74 59 129 79 340 16 126 389 71 42 123 83 322 137 112 62 15 19
178 178 124 171 175 167 173 184 118 441 98 159 1 111 73 94 6 116 128 69 283 205 166 55 41 163 340 389 42
186 186 10 113 250 119 472 161 473 255 408 365 158 457 414 179 413 405 263 36 350 122 431 334 262 176 369 37 364 366 356 434 478 400 352 435 279 373 216 299 377 235 374 341 249 442 349 221 100 130 187 329 296 225 47 129 123 153 131 107 52 60 11 69 355 2 147 151 287 242 59 16 82
187 187 489 364 462 239 419 365 329 461 414 464 351 457 203 366 362 290 160 367 38 308 368 331 153 60 230 472 401 248 100 88 116 131 297 253 155 225 127 130 111 37 125 287 113 66 74 47 122 79 126 123 107 50 147 128 82 355 145 148
203 203 187 401 489 248 88 116 364 382 131 414 413 415 419 462 229 388 410 400 239 258 402 365 397 279 411 416 417 369 201 243 418 484 295 398 268 285 205 329 125 111 351 155 323 147 38 6 50 122 430 96 82 145 148 128 60 153 69 313 83 100 129 27 25 127 270 159 113 47 55 41 103
204 204 63 70 236 487 292 368 188 297 240 199 465 278 242 157 60 153 155 245 143 122 158 43 276 109 156 90 61 17 154 163 209 218 206 370 241 459 25 107 274 127 125 253 47 6 2 131 270 129 113 329 123 5 10 69 287 66 151 416 351 323 168 119 74 59 79 126 355 142 130 283 71 147 186 50 38 37 205 159 100 166 83 116 82 340 145 207 148 389 22 42 141
205 205 424 69 283 417 338 486 268 166 440 226 247 411 398 224 164 437 260 396 146 332 157 270 467 272 261 60 112 340 203 56 488 389 19 410 379 415 159 139 155 23 402 258 243 484 42 397 400 208 382 285 412 115 78 455 179 323 37 142 83 187 125 297 6 15 253 401 107 248 296 22 137 329 131 127 88 116 416 2 5 364 113 92 52 47 168 100 11 129 79 126 66 249 122 151 50 242 59 163 111 25 225 82
207 207 66 180 168 344 258 153 467 430 60 416 325 6 488 2 253 138 449 96 308 208 309 199 305 141 11 40 297 257 125 163 130 5 155 29 131 78 140 159 145 329 127 157 287 103 44 351 119 37 391 74 16 47 129 79 126 123 107 296 70 89 38 122 50 322 100 52 71 62 92 355 147 137 270 25 82
210 210 136 150 211 220 190 226 247 265 286 290 48 228 250 293 233 239 252 264 206 255 214 281 275 208 209 231 236 213 234 289 219 36 149 229 202 241 246 198 258
225 225 100 432 329 209 37 344 299 364 360 113 377 49 323 130 422 187 297 421 418 240 253 449 371 461 227 392 172 327 60 119 296 153 122 11 186 2 69 125 260 10 351 47 155 66 203 283 416 205 79 38 166 126 127 257 16 163 74 340 83 112 389 15 42 19
237 237 85 443 434 162 349 442 452 448 105 357 346 379 102 355 353 352 449 87 354 127 28 478 137 347 351 298 24 70 482 291 186 15 348 344 54 101 204 153 260 38 187 78 104 56 155 123 55 10 113 323 109 119 364 163 158 25 128 2 112 125 19 63 329 122 92 52 270 287 37 130 129 74 100 41
242 242 107 250 255 275 236 213 36 157 153 262 151 216 222 292 293 204 221 254 188 235 59 252 158 240 212 214 387 199 278 142 241 259 149 194 283 71 392 69 274 22 5 63 140 123 127 10 29 70 168 129 287 351 119 205 74 166 355 130 66 38 89 340 389 159 52 322 186 42 109 83 92 25
244 244 110 392 362 408 439 387
248 248 203 187 401 489 176 382 88 116 413 414 188 364 411 398 131 170 229 415 388 309 410 422 347 462 258 402 400 329 111 125 351 155 416 147 38 323 6 50 122 430 96 82 145 148 128 313 27 83 25 41
249 249 52 303 78 140 129 59 89 2 35 125 62 15 74 153 260 44 416 323 137 92 155 107 158 11 287 147 71 96 29 69 163 50 130 127 66 116 157 83 283 151 25 242 131 112 119 6 56 205 351 19 123 37 70 142 166 313 379 296 322 270 257 40 16 10 355 111 103 340 389 42
253 253 60 297 325 155 432 329 227 321 326 259 280 168 153 313 270 296 223 337 47 287 485 181 207 225 273 79 427 66 126 187 127 100 50 122 129 37 29 131 5 364 351 6 157 113 130 11 2 96 74 158 125 141 40 147 123 107 38 322 52 355 89 82 16
257 257 391 11 40 179 406 445 76 29 308 442 284 96 66 144 33 37 16 140 129 130 296 6 322 153 89 119 168 2 71 60 207 155 103 44 52 131 287 100 158 147 141 113 249 92 163 159 62 225 5
260 260 323 420 112 15 412 56 19 379 413 229 410 402 400 258 279 397 201 243 484 417 411 364 418 285 398 377 268 125 205 215 416 187 69 50 116 83 25 313
270 270 155 382 127 413 60 415 410 258 402 400 279 397 417 295 219 201 149 418 129 285 202 268 131 205 253 308 243 411 398 484 292 288 195 204 224 221 396 153 297 147 329 287 158 52 47 69 11 6 50 122 203 430 79 66 126 249 96 63 82 187 145 148 128 70 351 123 313 74 130 27 159 16 41
274 278 274 424 172 241 428 262 283 431 320 221 417 434 254 204 235 299 383 321 132 69 63 70 109
278 278 274 424 241 262 283 221 417 254 204 235 288 240 172 212 383 238 321 157 259 331 232 317 194 428 69 63 70 5 107 205 168 166 340 389 42 109
283 283 69 222 254 338 486 205 240 157 166 440 226 247 278 232 437 245 153 142 158 143 467 83 424 357 17 340 61 488 389 159 55 71 21 150 350 42 208 78 241 179 37 274 125 107 210 22 128 140 5 6 29 416 123 323 10 127 129 168 296 287 137 119 351 151 242 74 2 355 59 52 11 113 92 130 111 155 66 100 89 50 249 131 38 116 186 322 41 25 147 163 225 16
287 287 153 129 172 209 428 431 334 188 299 155 427 127 158 170 325 147 236 422 309 253 323 421 319 166 213 219 351 52 74 11 123 130 107 249 66 60 38 187 119 355 131 270 140 69 2 78 10 157 151 242 125 260 364 168 59 329 257 37 297 96 16 6 283 100 207 71 142 205 141 40 92 47 137 186 79 126 340 82 389 42
296 296 37 29 209 428 431 334 299 422 325 170 309 323 322 391 421 166 227 26 102 253 335 297 326 327 426 215 113 6 89 69 11 100 71 60 40 283 140 205 257 329 122 66 159 225 186 76 157 130 125 260 96 144 107 33 340 389 16 163 42 142 78 129 119 131 2 83 47 52 10 92 79 126 207 112 15 22 141 19 103
297 297 60 253 204 368 309 432 329 421 155 327 335 326 330 280 184 223 296 333 47 287 98 324 225 325 422 323 162 273 248 79 191 126 66 187 153 203 237 85 100 122 63 129 127 37 70 270 29 364 168 131 113 125 6 260 207 11 2 96 401 130 351 141 40 147 158 116 88 163 322 109 52 74 89 25 123 82
313 313 50 125 131 39 253 416 20 331 323 312 185 60 155 116 83 147 6 25 122 203 430 96 82 145 148 128 111 260 70 297 129 47 27 127 270 401 248 55 41 79 103 88 126
322 322 29 296 391 402 400 295 6 89 285 268 308 488 398 411 71 187 208 195 40 140 364 37 257 76 66 159 96 144 107 33 163 329 131 11 351 203 2 92 52 113 38 168 151 242 100 59 207 103 44 141 16
323 323 420 260 125 416 422 421 215 327 335 465 326 390 280 168 296 223 386 333 412 60 278 225 287 485 112 274 162 273 15 191 50 56 174 19 72 370 116 379 83 25 237 85 153 100 313 37 297 253 129 66 70 29 5 111 69 203 329 157 155 204 131 47 113 283 79 126 11 6 130 205 127 147 122 166 322 128 109 89 40 207 401 74 163 248 340 389 141 42 88
328 328 91 460 470 211 220 338 463 420 406 456 468 471 190 226 247 265 286 440 461 454 361 290 228 424 433 462 464 437 465 233 239 252 264 419 472 161 386 467 469 473 405 180 255 451 363 214 281 423 466 408 275 310 365 475 120 172 206 208 392 209 236 459 457 362 213 234
329 329 187 461 489 419 464 60 364 365 414 100 462 366 239 362 160 367 368 297 253 457 432 351 225 203 13 155 37 113 130 47 38 79 153 126 66 119 122 401 296 11 127 2 248 131 186 270 88 116 168 129 10 207 287 141 74 16
340 340 69 283 338 486 205 457 166 440 226 247 445 437 157 341 467 488 389 192 177 159 105 371 381 42 208 78 179 37 142 83 6 125 107 296 22 137 5 2 416 113 92 52 323 11 168 100 249 151 242 59 163 225 25
351 351 38 187 489 153 364 472 473 462 449 419 239 459 219 482 350 365 329 461 478 434 414 457 377 442 356 464 303 349 237 357 285 346 347 160 366 448 362 203 380 348 398 127 287 74 123 130 66 107 60 155 119 355 158 401 55 85 100 248 129 2 88 116 157 151 242 131 11 168 59 162 297 253 128 207 142 225 71 111 141 270 79 126
353 353 104 453 478 469 434 352 451 480 377 442 452 349 171 475 356 237 357 448 348 479 347 175 477 346 379 394 56 55 85 260 162 128
355 355 123 153 158 350 352 478 433 344 349 442 452 171 356 233 237 347 357 448 348 175 346 449 394 127 353 256 343 378 354 376 84 443 345 482 155 107 10 104 129 287 351 119 55 74 85 130 66 38 187 157 151 242 162 186 59 128 147 11 270 142 52 71 207 141 41
357 357 433 55 449 478 128 286 442 356 346 237 293 348 347 379 264 252 394 355 255 378 343 353 354 214 351 275 127 152 236 298 24 111 38 153 187 104 41 131 56 123 155 85 364 116 158 260 162 203 329 147 287 270 50 122 74 82 145 148 112 15 19
364 364 187 461 462 489 239 464 365 414 419 366 290 329 160 362 367 368 457 351 203 225 98 260 237 218 0 186 308 363 62 139 85 130 60 38 328 100 458 40 91 456 331 153 119 323 108 44 162 10 96 401 113 257 248 66 2 37 112 15 88 29 116 297 56 253 19 11 131 379 155 391 158 125 127 122 296 47 6 287 140 79 111 74 126 168 322 103 123 207 89 163 71 141 16 82
379 379 56 260 237 348 357 346 323 381 382 378 353 229 413 410 402 415 112 15 19 104 85 55 125 162 128 416 41
389 389 69 283 338 486 205 408 166 440 226 247 437 385 157 467 263 368 340 488 277 439 159 8 217 38 42 208 78 179 37 142 83 6 351 125 107 296 22 137 5 2 416 187 113 92 52 323 11 168 100 249 151 242 59 163 225 25
391 391 76 144 257 33 29 428 26 381 359 102 40 296 322 11 6 89 71 140 66 37 96 16 159 129 130 163 207 103 141
401 401 203 187 415 400 489 397 248 418 268 382 411 413 88 116 398 224 195 414 364 229 131 410 258 402 396 332 388 417 146 243 484 34 270 295 462 279 329 111 125 351 155 416 147 38 323 6 50 122 430 96 82 145 148 128 313 27 83 25 41
416 416 125 323 169 430 465 57 386 204 13 304 375 173 420 370 65 206 300 459 50 395 3 231 330 81 374 116 301 97 373 63 303 302 369 35 207 203 83 305 284 15 193 342 372 25 31 371 260 26 218 115 186 313 70 145 66 111 131 10 187 69 113 401 119 248 112 283 88 56 19 205 364 158 379 109 128 6 166 168 163 37 96 2 147 159 100 122 340 141 389 40 42 82 148 41
430 430 145 374 416 288 131 166 204 304 375 65 185 173 300 412 125 301 81 165 63 291 159 207 35 111 486 78 382 31 386 54 323 69 6 66 50 155 116 128 203 147 122 283 96 137 82 205 70 148 83 2 313 92 52 25 60 157 249 163 168 129 340 389 140 27 42 357 55 401 41 37 127 29 142 270 47 40 113 248 141 88 109 103 44
