0 0 108 48 310 120 36 476 228 445 366 160 469 134
2 2 78 163 130 66 281 119 6 153 249 70 137 204 427 170 285 11 168 92 52 60 207 69 100 140 96 159 283 141 329 37 40 10 205 109 29 157 155 127 257 131 129 287 166 225 158 187 25 351 297 253 113 391 74 296 16 89 125 5 63 186 71 123 38 340 107 389 364 122 147 142 42 416 103 44 322 355 83 47 50 79 126 270 62 151 242 76 82 145 59 148 22 144 33
5 5 157 168 190 433 441 233 66 69 107 482 350 36 476 283 153 205 166 151 242 60 142 207 59 6 158 2 96 159 340 78 389 141 11 71 37 42 40 83 29 140 22 155 297 119 127 253 130 257 163 296 129 287 125 123 351 131 74 329 137 10 355 103 92 44 52 38 89 100 16 113 47 322 79 147 126 186 62
6 6 159 163 29 131 66 385 2 169 182 70 69 204 296 322 391 96 168 283 155 89 153 430 40 60 205 207 147 71 50 122 78 166 203 140 37 82 157 141 11 257 145 148 128 130 125 109 313 340 127 119 129 187 389 25 107 76 42 297 27 253 416 142 47 52 113 323 249 103 44 5 63 270 111 92 83 144 137 33 401 100 357 158 329 364 248 287 55 351 41 88 116 74 151 16 242 62 10 59 79 22 126 123 225 186
10 10 119 158 186 113 130 263 153 200 369 290 129 356 123 188 107 355 37 100 122 2 11 287 155 157 151 242 329 147 59 225 127 296 52 249 60 142 131 66 187 71 47 78 69 140 351 74 283 257 163 38 6 16 205 168 29 270 166 22 297 253 92 137 89 5 40 207 340 389 42 82 141 79 126
11 11 406 257 37 16 140 129 130 66 408 119 405 391 153 385 435 296 2 155 96 52 287 249 40 100 158 147 113 89 168 29 78 60 92 71 207 69 6 329 127 10 131 225 283 141 76 157 122 186 205 107 187 163 144 33 322 166 270 123 137 103 44 159 351 297 253 74 355 5 364 142 38 340 389 151 242 70 42 62 59 83 47 82 79 126 145 148 22
15 15 260 323 112 379 56 19 370 420 395 388 412 416 445 302 125 374 284 303 362 413 50 116 83 25 313 70 111 109
16 16 11 363 406 275 257 37 140 129 385 130 388 476 66 447 119 95 339 362 49 132 391 153 296 2 155 96 52 287 249 40 100 158 147 113 89 168 29 78 60 92 71 207 69 6 329 127 10 131 225 283 141 76 157 122 186 205 107 187 163 144 33 322 166 270 123 137 103 44 159 351 297 253 74 355 5 142 38 340 389 151 242 42 62 59 83 47 82 79 126
19 19 260 323 112 15 379 56 420 413 382 229 412 410 258 402 400 279 415 397 417 201 411 418 295 125 243 285 398 268 484 205 416 50 116 83 25 313 69 70 111
22 22 142 228 69 107 392 477 234 283 289 246 388 157 205 198 316 214 166 294 196 436 288 151 242 153 59 158 340 389 159 71 42 78 37 83 6 125 5 168 140 29 119 123 127 296 10 129 137 416 287 66 355 351 11 2 74 113 92 52 130 249 89 38 100 186 322 163 16
25 25 125 70 204 416 323 281 109 392 163 50 465 116 420 429 83 373 63 313 6 260 2 111 203 69 131 283 205 159 78 187 166 128 66 112 15 401 379 56 19 157 130 248 29 430 340 389 88 147 42 122 142 137 82 145 148 55 41 207 92 27 141
27 27 148 131 451 480 466 475 479 477 234 289 318 320 176 198 315 446 316 134 409 436 486 294 196 155 430 147 6 50 122 203 96 82 145 128 313 129 187 125 127 111 270 47 60 401 357 113 159 248 66 416 364 323 55 41 163 103 88 116 44 29 140 40 287 52 62 186 207 83 25 141
29 29 296 322 391 6 89 71 488 40 208 140 179 37 350 257 444 445 76 66 96 159 144 107 33 11 163 131 153 69 2 92 52 249 157 78 113 168 151 242 283 70 60 100 59 207 158 205 129 155 204 142 130 103 44 166 16 119 141 329 430 147 50 122 287 127 137 225 186 5 62 340 82 389 10 145 148 128 42 22 109 313 123 83 74 25 27
33 33 391 76 144 257 29 428 450 40 296 322 11 6 89 71 140 66 37 96 16 159 129 130 107 2 168 163 52 92 207 103 44 141 62
37 37 296 113 11 69 100 283 476 205 329 29 122 166 341 225 450 186 130 157 119 257 391 16 340 187 140 389 159 129 10 42 6 78 66 153 142 322 60 89 2 83 47 131 40 71 364 52 96 249 125 168 287 155 158 92 107 147 22 137 76 163 416 297 253 351 203 5 207 127 144 33 50 38 141 151 242 123 74 59 82 103 44 145 148 270 79 126
38 38 351 187 153 364 489 95 49 8 138 472 119 473 121 39 329 462 449 419 239 459 137 219 118 51 365 94 203 127 287 74 130 60 123 66 107 155 78 158 355 401 100 129 248 2 10 88 116 157 151 242 131 11 297 253 168 59 225 52 6 37 249 207 96 142 113 147 140 270 71 92 111 141 122 186 40 47 163 79 126 5 16 22 82
40 40 257 96 29 66 391 488 423 214 392 370 11 405 6 296 322 140 431 168 89 103 153 44 60 131 207 71 2 76 37 141 144 33 62 155 130 159 163 16 52 157 297 249 129 119 92 253 107 5 147 430 78 287 122 329 127 69 50 113 203 100 158 82 351 70 145 148 74 128 47 151 313 242 79 270 126 123 38 59 142 225 27 355 137 109 41
41 41 128 111 357 252 55 131 281 428 431 334 116 299 155 430 125 147 6 50 122 203 96 82 416 145 148 323 313 129 187 27 60 127 270 401 47 113 159 66 248 83 163 103 88 44 25 40 62
42 42 69 283 205 166 338 486 157 340 440 226 247 389 444 159 437 78 37 142 83 467 474 6 125 107 296 22 137 416 323 5 2 168 113 92 52 249 11 100 153 151 242 140 29 158 59 163 66 50 71 131 130 329 119 116 122 225 129 70 186 25 89 313 322 10 16 207 141
44 44 62 96 103 444 445 140 131 40 66 257 89 6 29 168 11 155 153 430 71 391 92 60 52 249 207 147 2 50 122 78 203 82 141 145 129 148 128 313 296 322 127 37 130 159 163 297 27 253 47 287 16 5 270 137 76 401 111 248 144 33 55 41 88 74 79 126
47 47 60 122 297 253 113 329 155 131 95 160 79 126 66 187 37 186 100 430 6 127 364 147 270 96 203 50 119 82 168 10 225 145 296 148 128 153 129 207 313 2 130 158 27 351 141 69 11 125 40 401 111 159 163 357 248 287 29 38 103 44 88 116 55 41 5 62 16
50 50 313 125 131 416 323 486 155 116 430 83 147 6 25 122 203 96 82 145 148 128 111 260 70 204 69 129 187 27 127 283 270 47 60 401 357 113 205 159 248 66 166 364 55 41 163 103 88 44 109 29 140 112 15 40 379 56 37 19 287 158 11 340 52 389 297 63 253 42 62 186 89 322 207 141 79 126
52 52 249 78 140 129 429 137 92 155 447 446 263 287 158 11 2 147 89 96 71 69 153 283 29 131 205 66 119 107 37 130 166 127 60 270 6 257 16 163 10 391 157 296 123 40 103 340 44 389 355 159 322 42 151 242 142 168 430 59 100 83 113 297 351 253 70 207 74 50 122 62 186 82 145 148 141 76 47 5 225 22 144 33 27 79 126
55 357 55 128 286 293 433 264 252 255 111 214 275 449 236 213 41 131 219 36 476 202 385 116 155 430 125 147 6 50 122 203 96 82 416 145 148 323 313 129 27 127 270 401 47 113 159 248 83 103 88 44 25
56 56 379 260 323 382 413 112 229 15 410 415 402 19 400 420 279 397 417 201 412 411 243 484 268 418 285 295 362 398 205 125 416 50 69 116 83 25 313 111
59 59 481 107 157 151 242 153 158 388 142 71 293 249 217 252 69 22 140 123 283 119 127 10 29 5 168 129 205 287 355 351 74 166 155 38 130 66 89 187 11 52 296 6 340 322 391 78 186 389 159 96 147 42 92 37 2 83 40 257 113 100 270 207 137 16 141 103
60 60 297 253 329 155 432 47 79 126 66 187 204 427 325 205 309 122 367 323 422 166 127 364 270 100 131 168 153 129 207 113 6 2 96 203 351 141 11 225 40 37 147 130 287 38 119 430 158 63 69 257 157 163 50 125 186 260 70 52 5 249 29 78 159 140 296 82 401 145 148 128 10 103 44 313 248 116 74 16 123 88 27 62 25 109 41
62 62 44 96 364 358 427 103 140 131 40 66 187 257 89 6 29 168 11 155 153 430 71 391 60 92 52 249 207 147 203 2 50 122 78 82 141 145 129 148 128 313 296 322 159 163 27 47 16 5 401 270 137 76 248 144 33 88 41
63 204 63 487 465 70 236 206 370 209 231 459 188 395 292 368 447 373 374 302 369 169 284 303 109 430 416 240 297 199 163 371 305 372 57 25 6 2 60 125 145 66 78 159 130 253 79 126
66 66 168 153 60 207 6 2 96 467 488 141 449 11 208 40 457 179 297 253 257 157 155 163 130 5 29 140 78 159 131 329 127 119 391 287 103 44 187 351 37 74 16 47 129 296 79 70 89 126 123 38 107 69 204 158 122 322 100 52 71 249 62 364 92 355 137 147 270 283 430 113 205 76 10 50 203 166 225 151 242 82 144 145 148 128 33 142 59 109 186 313 25 340 389 27 42 63 41
69 69 283 205 338 486 166 440 226 247 157 437 340 389 159 467 42 78 37 142 488 208 83 179 482 36 350 424 444 445 6 125 107 296 22 137 416 323 5 2 168 113 92 52 249 11 100 153 151 242 140 29 158 59 163 66 50 71 130 329 116 122 131 225 129 70 186 119 25 313 89 96 10 322 257 16 287 111 40 147 123 207 47 74 109 141
70 70 204 109 163 25 63 125 482 6 2 478 352 416 236 344 323 349 452 487 442 171 50 66 78 159 116 83 130 29 313 131 119 69 153 260 203 111 283 168 137 205 96 11 207 166 296 322 40 92 52 89 141 128 340 389 401 112 15 42 82 248 19 88
71 71 140 29 107 275 89 213 157 149 151 242 296 322 391 202 241 176 153 283 198 59 222 200 216 292 158 279 96 6 92 52 249 142 11 78 40 37 257 66 69 129 76 22 168 119 2 131 159 155 123 205 144 127 103 33 10 44 5 137 130 166 163 287 16 355 351 147 74 113 207 38 100 62 340 389 186 42 122 141 83 270 225 82 145 148
74 74 153 127 287 351 334 123 38 236 130 66 107 187 213 155 277 219 253 427 251 149 325 119 355 158 129 364 2 157 151 242 11 168 59 329 60 207 100 10 142 6 270 96 71 147 141 52 249 203 40 131 140 37 78 163 257 69 5 225 29 186 297 22 113 16 296 159 89 103 401 44 92 137 322 248 79 88 126 82
76 76 391 144 257 33 29 450 474 428 40 296 322 11 6 89 71 140 66 37 96 16 159 129 130 107 2 168 163 52 92 207 103 44 141 62
78 78 137 2 92 52 249 69 179 140 283 444 205 341 166 430 339 163 129 157 130 66 340 389 119 11 6 159 42 89 96 37 142 153 83 71 70 155 287 29 204 107 158 147 168 125 100 131 60 207 296 22 257 5 391 416 145 127 16 10 113 329 141 151 40 103 242 44 322 109 225 25 59 270 50 123 186 74 63 62 82
79 79 60 297 253 329 155 432 449 120 47 459 126 66 187 431 334 427 205 325 367 434 323 122 127 364 270 100 131 168 153 129 207 113 6 2 96 203 351 141 11 225 40 37 147 130 287 38 69 119 430 125 260 158 257 50 78 186 163 5 159 52 82 401 145 148 128 10 103 313 44 248 74 16 88 27
82 82 131 412 486 155 430 147 6 50 122 203 96 334 145 148 128 467 439 201 313 129 187 27 125 127 111 270 47 60 401 357 113 159 248 66 416 364 153 323 55 41 163 103 88 116 44 29 140 40 287 158 329 11 52 2 249 37 297 253 62 69 186 168 100 257 89 70 78 351 296 322 207 83 25 71 10 130 141 92 123 225 79 126 74 16 109
83 83 125 69 416 323 283 205 166 50 338 486 405 157 465 219 116 420 340 440 226 247 389 446 159 25 42 78 313 37 142 260 70 111 204 203 6 131 107 296 22 137 5 2 168 187 163 113 128 92 52 249 109 112 15 11 401 100 379 56 19 151 242 248 122 140 66 29 59 430 158 88 63 71 147 130 82 225 186 145 148 55 41 16 27
85 237 85 162 443 449 434 482 349 442 476 448 105 357 346 360 478 352 344 55 128
88 88 203 187 401 248 364 489 116 131 429 476 414 382 462 366 160 436 368 292 329 111 125 351 416 323 38 155 430 147 6 50 122 60 153 96 82 145 148 128 313 100 129 27 83 25 127 297 270 253 47 357 113 159 70 287 225 55 41 163 103 44 74 79 126
89 89 140 29 249 296 322 391 71 96 6 52 92 303 11 78 40 37 257 66 107 76 129 131 159 2 144 153 103 33 44 137 69 163 16 158 155 157 151 242 130 283 168 147 60 287 59 113 205 119 62 207 100 166 142 70 430 141 127 50 122 10 340 82 389 225 5 123 145 148 42 270 186 22 74 27
91 91 328 460 470 211 220 338 463 420 406 456 468 471 405 190 226 247 265 286 440 461 454 361 228 290 424 433 462 464 437 465 239 419 362
92 92 78 140 137 52 249 2 89 388 96 71 69 302 263 11 283 29 205 129 166 66 130 6 37 163 107 157 153 119 40 296 391 103 340 44 257 155 158 389 159 322 16 287 42 131 147 142 83 168 70 151 242 100 62 207 59 127 113 10 141 76 5 22 123 270 225 144 33 186 74 109 82
96 96 103 44 140 131 40 66 388 62 263 368 257 89 6 29 168 11 155 153 430 71 391 60 92 52 249 207 147 2 50 122 78 203 82 141 145 129 148 128 296 313 322 127 187 130 159 163 107 157 297 27 253 47 287 37 125 16 5 119 270 158 111 137 76 113 401 357 69 329 364 248 416 144 33 55 351 41 100 88 116 74 70 151 242 79 59 126 123
100 100 329 225 37 113 130 360 187 119 432 449 392 172 60 213 364 461 489 296 153 122 36 415 464 431 334 419 366 11 186 2 10 69 297 253 351 47 283 66 155 203 158 205 38 78 131 29 166 257 16 6 127 140 129 157 163 391 287 79 126 74 96 340 389 159 168 40 42 142 52 89 123 147 249 401 107 322 207 137 71 83 92 248 270 355 141 88 116 82 5 145 148 22 103
103 103 96 454 44 140 131 40 66 350 249 222 277 62 257 89 6 29 168 11 155 52 153 430 71 391 92 60 207 147 2 78 50 122 203 82 141 129 145 148 128 296 313 322 127 130 159 163 107 157 297 27 253 287 47 37 125 16 5 270 137 111 158 76 113 401 357 248 144 33 55 41 88 116 74 151 242 123 79 59 126
104 104 353 453 469 451 480 475 479 477 289 318 320 198 246 446 279 316
107 107 157 151 242 153 59 158 293 252 142 71 214 213 392 149 283 241 219 262 36 222 216 202 292 134 69 22 140 123 119 127 10 29 5 168 129 205 287 355 351 74 166 155 38 130 66 89 187 11 296 52 6 249 340 322 391 186 389 159 96 42 147 78 37 92 2 364 83 40 131 113 257 270 100 207 163 16 137 76 141 103 144 33
108 108 0 228 469 480 423 466 475 48 479 36 476 477 234 445 289 318 366 160 176
109 109 70 204 163 432 25 63 476 125 6 2 358 416 323 50 66 78 159 116 83 130 29 313 131 119 69 260 203 111 168 137 207 322 40 92 141 82
110 110 244 408 405 362 392 439
111 111 116 128 125 459 203 357 416 447 131 55 41 430 323 49 132 8 268 319 187 401 50 248 364 88 155 313 83 25 147 6 122 145 96 82 260 148 70 329 204 69 351 129 27 127 38 270 159 47 163 113 109 112 103 44 15 56 19
112 112 260 323 412 15 379 56 19 420 410 258 402 400 279 397 201 243 484 417 268 411 285 398 418 205 295 413 125 436 195 224 215 416 50 116 83 25 69 313 70 111
113 113 122 37 186 100 119 10 329 296 225 429 47 262 263 49 60 131 130 158 11 187 69 283 155 205 364 153 297 29 253 166 2 6 430 203 147 157 50 96 257 391 16 82 340 107 140 389 145 159 148 128 123 129 127 351 42 78 66 142 322 313 79 89 126 355 83 40 270 163 38 287 71 27 401 151 242 248 111 59 92 74 88 22 103 55 41
116 116 111 125 203 416 323 469 466 475 187 479 477 128 234 289 401 318 476 320 176 198 248 246 446 50 316 364 292 489 436 88 83 131 25 357 313 260 55 41 70 329 204 69 351 283 38 155 430 205 147 6 122 166 96 82 109 112 163 15 145 148 379 56 19 159 340 389 100 63 42 27 270 47 103
119 119 10 130 95 49 158 8 138 153 186 121 38 4 2 39 20 463 137 310 118 51 11 100 458 111 1 53 43 113 78 129 351 329 123 37 107 187 66 225 127 355 163 122 155 287 257 74 16 364 60 52 140 116 249 157 6 128 151 242 147 296 69 92 131 168 59 203 96 391 70 142 71 207 283 47 29 40 205 297 141 253 357 270 166 159 89 55 5 41 22 340 109 389 42 103 79 82 126
122 122 47 113 131 60 236 219 149 202 241 262 37 186 292 204 235 188 486 254 100 277 155 430 329 297 253 147 6 50 203 96 82 119 10 145 148 128 296 225 313 66 79 129 158 126 187 27 11 130 125 69 153 127 111 270 401 357 159 248 283 2 416 364 323 55 41 205 70 63 163 103 88 116 40 44 29 140 168 166 257 287 207 52 16 62 83 123 141 340 389 89 25 42 322 109 74
123 123 355 153 158 433 233 449 350 482 119 127 107 10 352 478 129 476 290 344 349 442 287 444 445 351 74 155 38 130 66 187 157 151 242 186 59 147 11 364 142 2 52 249 60 71 113 168 270 329 140 131 207 100 78 6 69 96 37 22 257 141 5 29 122 297 40 253 16 163 225 89 92 47 137 82 79 126
124 178 124 171 302 167 175 173
125 125 416 323 465 386 50 116 420 83 206 370 459 231 25 395 313 169 260 373 430 70 302 369 374 284 57 111 303 362 204 375 249 450 203 372 69 131 283 205 187 166 128 109 112 15 401 379 163 56 19 157 248 6 159 340 364 155 145 389 78 88 63 42 147 37 142 122 2 357 52 96 82 148 55 41 129 27 137 22 270 47 5 103
126 60 126 297 253 425 438 329 155 451 480 423 214 466 408 475 477 47 479 432 79 234 289 66 187 318 320 176 198 205 246 385 446 122 127 364 270 100 131 168 153 129 207 113 6 2 96 203 351 141 11 225 40 37 147 130 287 38 69 119 430 158 257 78 186 163 50 5 159 52 82 401 145 148 128 10 103 44 248 74 16 88 27
127 127 155 153 350 270 60 352 171 356 237 287 129 348 175 357 474 351 346 219 74 131 149 4 271 394 372 87 123 38 158 130 66 107 187 297 119 253 355 147 329 11 364 2 6 157 52 151 242 249 430 96 47 203 168 59 10 50 122 79 126 128 85 207 140 55 100 82 142 145 78 148 71 37 141 313 257 163 40 162 113 29 16 186 27 159 111 5 401 225 248 116 22 89 103 92 44 41 137 88 62
128 128 111 357 55 41 131 432 116 428 431 334 155 430 125 147 6 50 122 203 96 82 416 145 148 323 313 129 187 27 127 270 47 401 60 113 159 66 248 364 83 163 103 88 44 25 29 140 40 70 287 62 186 207 141
129 129 155 287 158 147 52 249 11 153 488 208 395 131 127 444 270 140 60 78 119 10 123 107 257 37 16 355 130 66 96 430 2 92 297 351 6 253 157 186 187 391 137 71 122 74 89 151 242 50 203 329 59 82 29 38 69 296 145 148 128 142 47 40 100 313 364 283 113 168 205 79 27 163 207 126 159 166 103 44 111 401 322 225 141 76 248 22 5 116 55 41 144 340 88 33 389 62 42
130 130 119 463 153 2 458 11 100 363 281 275 310 120 10 234 329 37 95 388 66 225 49 385 435 78 127 158 113 187 163 287 351 257 186 74 129 16 140 155 60 6 123 38 107 364 296 168 52 355 96 391 70 249 137 69 122 207 204 92 40 29 157 283 131 147 141 297 151 205 253 242 71 159 89 166 59 203 270 142 47 5 109 322 76 340 103 389 44 25 42 79 126 144 33 63 22 83 62 82
131 131 486 155 430 147 467 6 50 122 203 96 488 82 145 148 120 208 128 479 457 179 482 313 36 350 476 444 129 187 27 125 127 111 270 47 60 401 357 113 159 248 66 416 364 153 323 55 41 163 103 88 116 44 29 140 40 287 158 329 11 52 2 37 249 297 253 62 186 391 168 100 257 89 70 69 119 78 351 296 322 83 207 25 71 10 130 38 141 92 123 225 79 126 74 16 355 137 109
136 210 136 150 211 220 206 190 226 247 265 286 290 48 228 250 293 233 239 252 264 255
137 137 78 2 92 52 249 318 69 95 341 49 119 349 439 237 8 140 121 38 283 105 138 4 409 39 20 179 205 166 163 130 129 157 66 340 389 11 6 159 153 42 89 96 37 142 351 83 71 70 155 158 287 29 204 85 107 187 147 168 125 100 10 131 207 296 22 257 162 127 5 416 113 16 141 151 242 40 103 44 322 225 109 59 123 25 186 270 74 62
140 140 89 96 92 52 71 249 11 78 29 444 129 107 66 391 40 296 103 137 44 257 2 37 322 16 6 131 153 130 155 158 69 147 287 119 157 62 151 242 283 59 168 205 60 163 142 207 159 166 100 76 127 113 430 10 122 141 144 33 329 50 270 123 340 389 82 5 42 145 225 148 128 355 186 22 74 313 83 47 27
141 141 66 168 153 423 60 207 6 2 96 429 435 11 385 40 467 263 262 297 253 257 157 155 163 130 5 29 140 78 159 131 329 127 119 391 287 103 44 351 187 37 74 16 47 129 296 79 70 89 126 123 38 107 69 204 158 122 322 100 52 71 249 62 364 92 355 137 147 270 283 430 113 205 76 10 50 166 225 151 242 82 144 145 148 128 33 59 109 186 25 340 389 27 42
142 142 22 69 107 283 214 157 205 213 166 241 318 246 151 242 262 292 216 254 153 222 315 316 221 204 338 486 59 158 235 340 389 159 71 42 78 37 83 6 125 5 168 140 29 119 123 127 296 129 10 137 416 287 323 355 351 2 74 155 66 113 130 92 52 249 70 63 89 11 38 100 186 322 163 147 225 25 109
144 144 391 76 257 33 29 302 428 368 450 26 40 296 322 11 6 89 71 140 66 37 96 16 159 129 130 107 2 168 163 52 92 207 103 44 141 62
145 430 145 131 412 382 486 413 155 229 415 374 416 147 258 402 400 6 50 122 203 96 82 148 128 313 125 129 187 27 127 111 270 47 60 401 357 113 159 323 248 66 364 55 153 41 163 103 88 116 44 29 140 40 287 158 329 11 52 2 249 297 37 253 70 62 186 296 257 100 89 83 25 322 207 71 141 79 126
147 147 129 131 155 287 158 486 368 430 52 249 448 11 177 153 6 50 122 203 96 82 145 148 128 127 270 60 313 140 78 187 27 119 10 125 66 123 111 47 107 37 401 257 357 113 159 355 16 248 416 2 364 323 55 130 297 41 253 163 103 88 116 44 351 329 186 29 391 40 89 92 71 157 69 296 74 137 100 151 242 38 168 59 62 70 207 142 79 126 322 141 83 225 25
148 148 27 131 432 459 486 213 155 430 334 315 385 147 6 50 122 203 96 82 145 128 313 129 187 125 127 111 270 47 60 401 357 113 159 248 66 416 364 323 55 153 41 163 103 88 116 44 29 140 40 287 158 329 11 52 2 249 297 37 253 62 70 186 296 257 100 89 322 207 83 71 25 141 79 126
151 151 107 157 242 149 153 59 158 262 142 71 293 288 240 199 238 278 252 259 69 22 140 123 283 119 127 10 29 5 168 129 205 287 355 351 74 166 155 274 38 130 66 89 187 11 296 52 6 249 340 322 391 186 389 159 96 42 147 78 37 92 2 83 40 257 113 100 270 207 16 137 141 103
153 153 127 287 351 236 74 213 38 219 149 241 123 130 134 66 107 187 262 283 155 222 216 204 188 119 235 355 158 277 240 199 212 251 253 129 398 238 381 259 364 2 157 151 242 11 168 59 329 60 207 100 10 142 6 270 96 71 147 141 52 249 69 203 40 37 131 78 140 163 257 5 225 29 63 186 297 22 205 113 70 16 391 159 296 166 122 89 92 103 401 44 137 322 248 340 47 389 79 42 88 126 82 62 109
155 155 127 270 60 129 131 219 149 153 202 292 221 204 297 253 347 240 147 238 483 329 287 158 430 52 47 249 11 6 50 122 187 66 203 79 126 96 82 145 148 128 351 123 74 313 119 107 140 364 130 38 355 78 27 2 100 10 125 63 111 168 257 37 401 357 70 113 159 16 248 207 416 157 40 151 242 163 55 29 41 71 103 88 116 44 59 186 89 141 225 92 296 142 137 62 25 5 109
157 157 283 5 69 107 168 149 241 205 222 221 254 188 204 166 240 151 242 199 278 238 142 153 338 486 59 194 158 340 389 159 66 71 42 78 37 83 22 6 125 274 140 29 119 123 127 296 129 10 137 60 63 416 96 207 287 323 355 351 155 2 70 74 113 130 92 52 249 40 141 89 11 38 100 186 163 322 147 257 25 225 109 103
158 158 290 10 119 129 123 107 153 355 149 202 241 239 262 283 200 222 254 186 235 204 155 157 240 151 242 287 238 288 147 59 52 249 142 127 11 130 71 113 140 351 131 69 74 270 60 66 78 2 38 22 100 187 122 168 205 37 29 5 257 329 96 166 16 6 63 89 70 92 296 225 297 253 137 47 340 163 40 389 159 50 207 42 322 82 145 148 83 141 103 109 79 126
159 159 182 6 361 69 264 360 161 180 283 166 205 172 179 36 176 486 134 338 169 157 430 222 171 341 163 178 358 170 29 131 340 66 175 440 226 247 308 192 389 177 42 78 37 142 2 83 296 70 125 204 322 391 96 107 168 155 89 153 22 40 60 137 416 207 140 11 145 147 5 323 71 50 122 203 124 113 82 130 257 141 92 52 249 148 128 100 119 151 109 129 242 25 313 158 127 59 329 116 76 297 27 253 47 103 44 287 63 270 144 33 401 111 186 225 16 248 55 41 88 74 62 79 126
162 162 237 85 360 172 209 443 134 169 427 434 175 170
163 163 6 2 70 204 66 78 159 109 130 25 29 131 119 63 153 125 69 168 137 416 96 11 60 323 207 283 296 322 391 140 40 92 52 205 249 155 89 141 100 37 430 166 157 257 147 71 50 122 203 129 127 329 83 82 10 116 145 148 297 128 158 253 340 113 107 389 287 5 225 351 313 42 74 16 142 111 103 44 47 76 27 186 123 270 144 33 401 248 79 62 126 41 88 22
166 166 69 283 205 299 430 170 325 338 486 157 159 175 340 440 226 247 389 335 327 184 326 296 168 42 437 37 78 142 183 223 28 333 60 182 287 1 98 83 467 165 273 6 125 107 153 22 137 5 416 323 2 113 145 92 52 249 11 129 100 297 253 329 155 66 131 151 242 158 29 140 163 59 50 122 130 119 71 127 116 225 147 70 186 47 25 313 79 126 322 10 257 123 74 16 40 89 270 207 141 82 109
168 168 5 157 66 325 323 253 166 309 422 60 153 207 190 327 335 102 227 6 2 96 69 141 107 11 40 283 297 205 257 155 159 78 163 130 29 151 242 329 140 131 158 37 127 142 119 391 59 287 103 44 71 187 351 340 389 74 47 16 296 125 260 42 79 129 126 70 89 123 38 83 100 52 122 249 137 322 92 62 416 355 22 113 147 270 10 50 76 225 82 144 145 25 148 33 112 15 109 19
178 178 124 171 175 167 173 184 118 441 98 1 159 111 73 94 6 116 128 69 283 205 166 357 55 41 163 340 389 42
186 186 10 113 119 250 472 161 473 158 255 408 365 122 457 179 37 413 414 405 36 350 431 334 100 263 176 364 262 366 369 434 478 400 352 435 279 356 373 216 299 377 374 341 442 349 235 221 130 329 296 225 153 47 129 123 60 131 107 355 187 11 69 2 155 157 283 287 147 205 151 242 127 297 29 66 253 166 59 78 142 6 430 52 351 249 203 71 140 96 50 257 74 163 38 16 82 340 389 270 145 159 148 128 42 89 322 79 126 22 83 137 27
187 187 489 364 462 239 419 329 365 414 461 351 457 203 464 366 362 290 38 160 367 308 153 60 331 368 401 230 248 100 88 116 131 297 253 155 225 127 111 130 37 125 113 287 66 119 74 47 416 79 323 126 123 107 430 2 129 147 11 355 6 50 122 158 296 96 82 270 186 145 148 128 168 10 313 207 151 242 59 27 83 141 25 16 41
203 203 187 401 248 364 489 88 116 382 131 414 413 415 229 388 410 416 400 419 258 402 329 397 279 411 369 417 111 462 125 201 243 295 418 484 365 268 398 285 205 239 351 323 38 155 430 147 6 50 122 60 153 96 82 145 148 128 313 100 83 129 27 69 25 127 297 270 253 47 357 113 159 283 70 260 66 287 37 225 55 41 163 103 44 166 130 40 74 79 126 62 340 389 42 109
204 204 63 70 236 487 292 368 188 240 297 199 278 109 242 153 157 155 60 163 245 465 143 158 43 122 276 156 25 17 90 61 154 241 218 125 6 2 416 107 323 274 253 127 47 131 329 113 129 270 50 151 123 287 78 159 119 10 168 66 187 5 59 69 116 351 83 355 74 142 79 29 126 313 186 71 147 38 37 130 100 52 111 137 22 322 82 207 145 148 141
205 205 424 69 283 417 166 268 398 411 338 486 157 224 164 260 340 440 226 247 389 396 159 146 270 332 42 272 437 261 78 60 112 37 142 203 56 410 415 19 139 382 402 258 23 243 397 412 83 484 467 413 115 418 400 285 323 379 155 125 6 107 296 22 416 137 15 187 5 168 2 113 92 52 297 249 253 153 11 401 100 127 151 66 242 248 140 364 158 29 329 131 50 59 129 163 88 116 122 71 130 119 47 225 25 70 313 186 79 126 89 287 351 147 322 10 111 16 207 141 74 82
207 207 66 180 168 153 60 6 2 96 258 344 430 253 416 141 325 11 138 308 40 467 309 297 257 157 155 163 130 5 29 140 78 131 159 329 127 119 391 287 103 44 351 187 37 74 16 47 129 296 125 79 70 89 126 123 38 107 122 69 204 158 322 100 52 71 249 62 145 364 92 355 137 147 270 283 50 113 203 205 76 10 166 225 151 82 242 148 128 313 144 33 25 59 109 186 83 340 389 27 42
210 210 136 150 211 220 190 226 247 265 286 290 48 228 250 293 233 239 252 264 206 255 214 281 275 208 209 231 236 213 234 289 219 36 149 229 202 241 246 198 258
225 225 100 329 432 209 37 113 364 187 130 344 299 377 49 119 323 422 297 360 253 60 418 461 421 240 371 227 327 296 153 122 11 186 2 10 69 351 47 283 66 203 158 205 155 38 78 131 29 166 257 127 16 129 6 140 125 260 163 157 79 287 126 107 74 96 340 389 168 159 40 42 401 52 147 89 123 142 322 83 207 137 248 116 92 71 355 270 88 141 112 82 15 19
237 237 85 443 162 434 349 442 452 448 105 357 346 379 102 355 353 352 354 87 127 449 28 137 351 478 347 24 298 70 291 186 54 453 15 348 204 153 38 187 78 104 56 155 123 55 10 113 119 364 158 260 109 163 128 25 2 63 329 122 92 52 270 129 249 37 287 130 100 74 111 112 19 41
242 242 107 250 255 275 157 236 213 151 36 153 59 158 262 216 222 292 221 254 188 142 204 235 240 71 387 293 212 199 278 252 259 214 241 194 69 22 140 123 5 283 168 119 127 10 29 129 205 287 355 351 74 166 155 274 38 130 66 89 187 63 11 296 52 6 249 340 322 391 186 70 389 159 96 42 147 78 37 92 2 83 40 257 113 100 270 163 207 109 16 137 141 103
244 244 110 392 362 439 387
248 248 203 187 401 364 489 88 116 176 131 188 170 411 398 309 382 414 462 422 347 329 111 125 351 416 323 38 155 430 147 6 50 122 60 153 96 82 145 148 128 313 100 129 27 83 25 127 297 270 253 47 357 113 159 70 287 225 55 41 163 103 44 74 79 126
249 249 52 303 78 140 129 89 2 59 35 125 15 74 153 137 92 155 158 287 11 147 96 71 260 69 416 323 283 107 66 131 119 130 205 163 37 157 29 166 60 6 127 270 257 123 16 10 50 83 40 351 391 142 355 151 70 242 112 116 103 44 340 379 56 389 19 159 168 25 42 38 100 313 296 322 207 297 122 113 253 62 186 141 82 22 5 145 148 109 79 126
253 253 60 297 155 329 325 227 47 321 432 259 168 270 79 326 280 126 153 313 66 296 223 187 337 287 207 181 225 485 273 122 127 364 100 131 129 50 113 6 2 96 351 37 130 11 203 141 147 40 29 158 38 5 157 119 74 430 125 257 52 249 186 107 140 123 163 78 10 159 82 355 145 148 128 322 401 103 71 44 248 89 16 88 27
257 257 391 11 40 179 76 29 445 96 66 144 33 406 442 284 308 37 16 140 129 296 130 6 322 153 89 119 168 2 71 60 207 155 131 103 44 287 52 249 100 158 147 78 141 113 92 329 159 69 163 107 127 157 62 10 297 122 225 253 5 186 351 123 74 270 137 47 151 242 355 82 59 145 148 79 126
260 260 323 112 15 412 379 56 19 420 413 229 410 125 402 400 258 279 397 201 243 484 364 417 411 377 398 418 285 268 205 416 50 187 116 83 25 313 70 203 69 111 109
270 270 155 127 60 382 413 415 410 129 258 402 400 131 279 397 153 253 201 417 295 418 411 243 285 484 268 205 308 398 219 288 195 149 224 396 297 202 147 329 287 158 430 52 47 249 11 6 50 122 187 66 203 79 126 96 82 145 148 128 351 123 74 313 119 107 140 364 130 38 78 69 355 27 2 100 10 125 37 111 168 159 401 157 357 257 113 40 16 248 207 151 242 55 41 163 103 88 116 44 71 59 186 142 92 141 225 137 62
274 278 274 424 172 428 431 320 434 241 299 262 132
278 278 274 424 241 262 283 221 417 254 204 235 240 288 212 238 259 383 321 331 157 317 232 194 69 63 70 205 5 166 107 168 340 389 42 109
283 283 69 222 205 254 157 166 240 278 338 486 142 232 245 153 340 440 226 247 83 389 158 159 424 42 437 143 78 17 37 61 71 55 21 150 241 467 357 125 107 6 210 22 274 416 323 296 5 137 168 140 2 29 128 151 242 113 52 92 249 11 66 59 100 123 119 10 127 129 50 131 287 355 111 89 163 351 116 74 391 155 96 186 322 25 329 70 313 122 38 225 130 41 40 257 207 147 16 141 109 82 103
287 287 153 129 172 209 428 155 127 431 334 158 147 299 188 427 351 422 170 325 52 309 74 249 253 323 421 166 319 11 123 107 130 66 38 119 187 355 60 131 270 140 2 364 78 157 151 10 242 329 59 96 168 257 6 37 16 69 71 100 297 142 207 203 283 40 430 391 141 92 29 205 113 125 260 50 137 186 89 163 122 47 225 5 82 159 296 145 148 128 22 79 313 126 103 44 340 401 389 322 27 42 248 83 88
296 296 37 29 209 428 431 334 322 391 299 422 325 113 170 166 309 6 89 323 421 11 69 26 253 100 297 335 326 227 426 327 102 215 71 40 283 140 257 205 329 122 225 159 66 60 186 76 157 130 96 144 119 107 153 33 340 187 16 2 389 163 142 129 42 10 78 131 52 249 92 47 83 155 168 125 260 364 158 207 151 242 287 147 70 59 22 127 141 5 103 44 137 79 126 74 62 112 82 15 19
297 297 60 253 329 155 368 204 309 421 47 327 432 335 326 280 79 184 330 126 223 296 66 187 333 287 225 98 324 248 273 122 127 364 100 153 270 203 129 131 168 113 207 6 63 2 96 37 70 351 11 141 130 29 147 40 158 401 119 38 163 430 257 52 186 249 88 140 116 50 5 159 74 10 82 322 145 109 148 128 103 123 44 111 89 16 25 27
313 313 50 125 131 416 323 253 39 331 20 312 185 155 116 430 83 147 6 25 122 203 96 82 145 148 128 111 260 60 70 204 69 129 187 27 127 283 47 270 401 357 113 205 66 159 248 297 166 55 41 163 103 88 44 109 29 140 112 15 40 379 56 19 287 340 389 63 42 62 79 126
322 322 29 296 391 6 89 402 400 71 295 285 40 268 308 411 398 140 187 195 37 257 76 66 96 159 144 107 33 11 163 364 131 153 69 2 92 52 249 157 78 113 168 151 242 283 60 100 70 59 329 207 158 205 155 129 203 130 142 103 44 166 351 16 141 147 38 287 50 122 225 137 186 5 62 340 82 389 145 148 42 22 109 74
323 323 420 260 125 416 422 421 215 327 335 112 326 15 390 379 280 296 50 56 168 333 19 223 60 225 465 287 485 116 274 162 273 412 191 83 174 72 25 278 313 237 70 111 204 203 69 85 153 131 100 37 283 297 157 253 205 129 187 29 66 5 166 329 128 155 6 109 401 113 163 122 147 364 248 11 159 47 130 340 2 127 389 78 430 96 79 88 126 63 42 322 351 142 89 82 40 74 207 145 148 55 41 141 27
328 328 91 460 470 211 220 338 463 420 406 456 468 471 190 226 247 265 286 440 461 454 361 290 228 424 433 462 464 437 465 233 239 252 264 419 472 161 386 467 469 473 180 255 451 363 405 214 281 423 466 408 275 310 365 475 120 172 206 208 392 209 236 459 457 213 234
329 329 187 461 364 464 60 419 489 365 100 414 366 462 362 297 160 239 367 253 368 351 225 203 155 37 113 457 13 38 153 130 47 79 119 122 126 66 401 296 127 11 2 248 186 131 270 88 116 10 69 168 129 287 6 158 96 207 283 29 74 78 205 111 257 147 141 140 163 166 40 16 123 159 355 128 82 340 389 145 148 5 42 103
340 340 69 283 205 166 457 338 486 157 445 440 226 247 389 159 341 42 437 78 37 142 192 105 177 83 467 371 381 6 125 107 296 22 137 416 323 5 2 168 113 92 52 249 11 100 153 151 242 140 29 158 59 163 66 50 71 131 130 329 119 116 122 225 129 70 186 25 89 313 322 10 16 207 141
351 351 38 187 153 364 489 472 473 449 459 329 219 482 462 350 419 239 478 434 203 461 377 414 127 442 356 349 303 237 464 357 365 285 346 347 448 287 380 348 74 123 60 130 155 66 107 119 355 158 401 100 129 248 2 88 116 157 151 242 297 131 253 11 168 59 225 55 85 6 37 207 10 96 142 270 147 113 71 111 128 141 122 162 140 40 52 47 163 186 79 257 126 5 22 16 82 103 41
353 353 104 453 478 352 434 377 442 171 349 452 237 356 469 347 348 448 357 346 451 480 175 379 394 475 56 85 55 162 260 128 41
355 355 123 153 158 350 478 352 344 349 442 452 171 237 356 347 433 448 357 127 348 346 175 394 233 353 256 343 378 354 449 443 376 84 119 107 10 129 287 155 351 74 38 130 66 187 157 151 242 104 186 59 147 11 85 55 364 142 60 2 52 249 71 270 168 131 113 329 162 140 96 6 207 128 100 37 78 22 257 141 5 40 16 163 225 41
357 357 433 55 449 128 478 442 356 237 348 347 346 286 379 394 355 293 378 111 353 343 354 264 252 127 351 152 255 298 24 349 41 131 116 153 38 187 104 56 155 123 85 430 125 364 203 147 323 6 50 122 158 260 162 96 82 416 145 148 313 129 270 287 27 74 401 47 248 112 15 88 19 103
364 364 187 461 462 464 239 489 365 414 419 366 290 329 160 362 368 367 351 203 457 38 225 98 260 153 218 186 60 0 62 139 85 363 130 40 458 237 308 100 401 119 248 323 88 116 44 108 113 297 131 96 253 37 162 10 155 66 2 127 257 125 122 11 111 112 287 15 29 379 56 19 74 391 296 47 158 416 6 79 123 126 107 129 140 430 168 355 147 103 50 163 207 322 270 82 71 145 148 128 16 89 141 151 242 76 59 83 25 27 144 33
379 379 56 260 323 237 348 357 346 381 378 112 353 15 413 382 19 125 416 104 85 55 162 128 50 116 83 25 111 313 41
389 389 69 283 205 166 408 338 486 157 340 440 226 247 385 159 263 42 437 78 37 368 142 439 277 83 467 8 217 6 125 107 296 22 137 416 323 5 2 168 113 92 52 249 11 100 153 151 242 140 29 158 59 163 66 50 71 131 130 329 119 116 122 225 129 70 186 25 89 313 322 10 16 207 141
391 391 76 144 257 33 29 428 26 381 359 40 296 322 11 6 89 71 140 66 37 96 16 159 153 129 130 107 131 2 168 163 119 52 249 92 207 78 113 100 103 44 147 287 141 151 242 59 62
401 401 203 187 248 415 364 489 400 88 116 397 418 131 268 411 398 224 195 382 413 414 462 396 329 111 125 351 416 323 38 155 430 147 6 50 122 60 153 96 82 145 148 128 313 100 129 27 83 25 127 297 270 253 47 357 113 159 70 287 225 55 41 163 103 44 74 79 126
416 416 125 323 430 169 57 50 465 304 13 375 386 116 420 173 65 83 300 204 3 370 330 81 25 203 301 97 206 395 459 374 63 313 260 35 207 373 15 231 31 342 302 303 369 305 372 186 284 70 218 115 193 371 487 26 111 69 131 283 145 205 66 112 166 128 10 187 379 113 109 56 19 119 163 6 401 157 155 159 248 340 96 389 364 147 78 122 42 158 88 37 142 168 357 82 148 55 2 41 100 141 27 40 5 137 22 270 103
430 430 145 374 416 131 288 166 304 375 185 65 173 204 300 81 301 125 165 63 159 291 207 111 35 412 78 31 486 386 54 155 6 50 147 203 122 323 96 128 82 69 148 313 66 116 283 187 129 205 70 27 60 357 127 137 401 270 47 83 163 153 113 248 2 55 140 41 364 157 25 92 29 52 168 249 40 88 103 44 340 11 389 260 42 287 158 37 142 297 253 109 141 257 89 62 186 322 5 22 79 16 126
