128 1410 544 1480 846 605 1500 571 636 1514 1799 128 644 759 585 1572 737 1770 1457 618 616 533 551 776 529 1556 853 1421 647 1618 1522 432 555 840 630 696 527 612 818 428 125 431 334 657 6 50 122 148 60 103 140 11 257 355 74
257 529 880 1445 1398 811 585 257 785 555 630 696 533 551 560 657 526 491 1500 571 11 1522 596 640 548 731 636 1514 406 1799 602 1499 589 179 1594 776 616 144 33 644 759 840 612 527 445 647 646 631 675 618 1572 308 442 558 737 1770 1457 772 655 531 694 284 6 89 140 103 60 5 78 119 163 50 122 74 148 128 355 22 340 389
389 558 772 655 531 694 648 1452 631 646 526 389 785 596 640 548 731 602 589 1594 675 560 647 1398 811 499 818 408 1522 612 1499 340 776 78 385 616 263 529 1556 853 368 880 1445 439 618 840 6 527 125 8 217 277 22 5 11 119 122 140 89 355 74 257 144 33
6 648 1398 811 555 630 696 1500 571 785 6 529 657 560 636 1514 1799 585 558 772 655 531 694 880 1445 491 526 533 1452 551 644 759 1572 616 737 1770 1457 631 646 1522 618 596 640 548 731 1499 602 647 776 589 1594 605 1556 853 163 840 612 527 818 675 499 1421 1618 1480 385 169 89 60 50 122 257 140 78 11 148 128 340 389 5 103 144 33 125 119 22 74 355
5 657 646 555 630 696 596 640 548 731 558 772 655 531 694 631 5 648 1452 560 491 529 1522 647 585 612 776 616 526 533 551 1499 1398 811 840 527 499 190 785 675 433 618 441 233 602 644 759 636 589 1594 1500 1556 571 853 880 1445 818 482 350 36 476 1514 1799 6 60 340 389 11 78 119 22 140 125 355 257 74 163 103 89 122 144 33 148
11 1385 526 1499 618 555 785 630 696 636 776 589 1594 491 602 11 657 1522 1421 647 1618 675 616 644 759 612 818 529 585 1398 811 558 772 655 531 694 840 527 406 499 1500 571 596 640 548 731 1556 853 533 551 560 631 646 648 1452 257 1514 1799 140 119 408 880 1445 405 1572 737 1770 1457 385 60 78 6 122 355 163 74 5 340 389 89 103 50 22 148 128 144 33
140 560 1421 1618 585 533 551 140 529 1398 811 618 596 640 548 731 636 776 785 555 630 696 647 1500 571 631 646 644 759 657 880 616 612 1445 1522 1514 1799 89 499 491 92 526 11 675 1499 840 527 1572 737 1770 1457 602 558 772 655 531 694 406 78 444 589 1594 103 6 257 119 60 355 50 122 5 22 148 128 144 33 74 163 340 389
15 1629 1481 812 1425 1748 15 19 125 370 395 388 445 302 374 284 303 362 57 249 416
144 880 1445 1398 811 785 144 560 529 526 585 257 33 596 640 548 731 602 555 630 696 533 551 589 1594 631 646 675 657 647 302 450 368 1522 558 499 772 655 531 694 89 6 140 11 103 122 5 22 340 389 74
19 1629 1481 812 1425 1748 19 15 125 382 413 415 229 410 258 402 400 279 397 417 201
148 516 1500 571 636 1514 1799 644 759 148 585 1572 737 1770 1457 618 616 533 551 776 605 529 1556 853 1421 647 1618 1480 1522 555 840 630 696 527 612 818 432 657 499 459 213 6 50 122 596 640 548 731 1398 811 334 1499 491 385 128 60 103 140 11 125 119 257 78 355 74 5
22 631 596 640 548 731 558 772 655 531 694 646 648 1452 560 22 647 526 1522 612 499 776 785 616 675 1398 811 618 840 527 602 228 1499 589 1594 636 644 759 529 392 477 555 1556 630 696 853 234 289 880 1445 491 1421 1618 388 818 246 198 657 340 436 316 389 196 78 119 6 5 125 140 355 74 11 89 122 257 144 33
416 416 1629 1481 812 125 1425 1748 514 1452 605 465 169 430 386 57 1480 370 206 304 459 375 231 559 13 395 173 374 65 300 373 3 302 369 330 303 81 301 97 305 284 372 693 552 193 371 1572 737 1770 1457 207 63 15 487 26 35 31 342 362 218 558 772 655 531 694 115 450 249 203 186 282 135 19 50 109 128 163 340 389
33 880 1445 1398 811 785 33 560 529 526 585 144 257 596 640 548 731 602 555 630 696 533 551 589 1594 631 646 675 657 647 450 1522 558 499 772 655 531 694 89 6 140 11 103 122 5 22 340 389 74
163 491 559 514 693 552 1499 163 555 630 696 657 589 1594 1522 6 529 585 776 616 818 840 612 527 602 533 551 526 78 1556 853 109 675 785 647 596 640 548 731 644 759 119 1398 499 811 125 618 560 11 60 74 5 257 355 103 140 122
50 802 1500 571 636 1514 1799 50 644 759 585 1572 737 1770 1457 618 616 533 551 125 776 605 529 1556 853 1421 647 1618 1480 1522 555 840 630 696 527 465 612 818 386 657 499 206 370 459 6 122 148 128 60 103 140 11 257 355 74
178 178 124 171 175 167 173 184 118 441 302 159 98 182 111 1 73 94
60 615 1666 1448 1622 1416 818 644 759 60 555 616 630 696 1556 853 589 1594 657 840 527 618 776 636 491 529 1522 585 1499 602 1500 571 1572 737 1770 1457 526 533 551 675 612 1514 1799 647 1421 785 1618 432 605 596 640 548 731 1398 811 122 499 1480 560 427 205 204 325 323 309 422 367 6 11 119 78 5 74 140 257 355 103 50 163 148 128 89
74 1522 776 616 840 612 527 1499 647 596 640 548 731 644 759 74 555 630 696 618 1556 853 491 657 499 631 646 560 636 818 589 1594 675 529 585 1421 1618 1572 737 1770 1457 1500 571 602 533 551 1398 526 811 785 1514 1799 558 772 655 531 694 605 119 355 648 1452 334 1480 880 427 1445 11 60 6 78 140 5 163 22 122 257 103 50 148 128 89 340 389 144 33
78 1506 491 1421 1618 558 772 655 531 694 78 1499 618 648 1452 631 646 555 776 630 696 636 526 589 1594 657 647 1522 616 644 785 759 596 640 548 731 602 612 529 499 92 585 818 675 840 1500 527 571 179 560 533 551 1398 811 1556 853 444 1514 1799 140 341 163 430 119 340 389 11 6 125 60 22 5 355 74 122 257 103 89 148
340 558 772 655 531 694 648 1452 631 646 340 526 785 596 640 548 731 602 589 1594 675 560 647 1398 811 499 818 457 1522 612 1499 389 776 78 445 616 529 1556 853 341 880 1445 618 840 6 527 125 105 192 177 22 5 11 119 122 140 89 355 74 257 144 33
89 1398 811 785 560 529 880 89 1445 526 585 596 640 548 731 140 602 555 630 696 533 551 589 1594 631 646 675 657 647 1522 558 499 772 655 531 694 6 1499 818 491 612 1500 648 776 616 1452 571 303 249 257 144 33 11 119 103 122 60 5 22 355 340 389 74
92 92 78 140 499 1499 675 647 388 444 119 179 491 589 1594 302 263 602
355 612 647 1522 499 776 355 616 596 640 548 731 618 840 675 527 1499 636 644 759 631 646 560 555 630 696 602 1421 1556 1618 853 491 657 818 589 1594 1500 571 526 529 785 1398 585 811 558 772 655 531 694 350 1572 737 1770 1457 119 478 1514 1799 352 344 349 442 452 171 533 356 648 1452 551 448 347 348 357 237 175 346 74 394 605 343 256 378 354 11 60 140 78 122 22 5 6 163 50 340 389 257 89 148 128 103
103 585 533 551 529 555 630 696 1500 571 103 657 636 1514 1799 1398 811 491 644 759 785 616 1522 1572 737 1770 1457 560 618 454 1499 776 880 1445 840 612 527 1556 605 647 853 140 526 596 640 548 731 1421 1618 589 1480 818 1594 350 6 499 257 675 602 222 60 50 122 11 148 128 5 89 78 119 163 74 355 144 33
108 1369 108 228 469 480 423 466 475 479 477 234 289 318 36 476 176
109 559 514 693 552 109 163 125 432 476
119 499 1499 675 119 647 602 491 589 1594 612 1522 776 526 618 596 818 640 548 731 616 785 840 527 555 630 696 636 1556 853 644 759 631 646 560 657 1421 1618 558 772 655 531 694 95 1398 811 49 529 585 138 8 1500 571 648 1452 1572 121 737 1770 1457 4 38 39 11 533 551 20 1514 1799 118 137 51 1 355 122 78 163 60 74 6 140 5 22 340 389 89 257 103 148
122 1416 602 675 1500 571 589 1594 526 636 1514 1799 499 122 785 818 644 759 585 1572 737 1770 1457 647 1499 618 616 1556 853 533 551 776 612 605 60 558 772 655 531 694 1398 811 529 840 527 491 1522 1421 1618 1480 596 640 548 731 648 1452 236 555 630 696 219 631 646 560 149 202 241 119 262 657 204 292 188 880 1445 235 254 6 50 148 128 11 103 140 355 125 340 389 89 78 257 74 163 5 22 144 33
124 178 124 171 175 167 173 184 118 441 302 98 159 182 111 1 73
125 514 812 1452 605 1480 559 1629 1481 125 693 552 1572 737 1770 1457 1425 1748 558 772 655 531 694 416 648 631 646 1556 853 465 526 386 50 1500 571 818 840 527 206 370 785 231 459 596 640 548 731 395 169 602 589 636 1514 1594 1799 430 57 373 375 302 374 369 284 303 362 13 304 450 372 371 305 65 675 249 109 128 15 163 19 340 389 78 6 22 5 122 148
