128 128 1410 544 1480 846 432 1500 428 605 431 334 315 299 160 452 316 188 358 427 450 196 205 571 339 325 170 422 323 380 8 309 421 474 138 367 409 448
355 355 612 350 478 352 349 344 442 647 452 171 356 347 348 448 357 237 175 346 1522 394 256 378 443 343 376 354 345 336 298 232 351 24 127 84 353 441 153 152 70 186 54 94
6 6 648 3331 1398 555 1500 491 385 811 529 559 169 630 696 785 3257 571 560 657 166 585 636 1514 404 558 253 164 880 102 3218 3290 383
103 103 454 585 350 222 533 170 249 217 409 277 178 529 251 199 121 404 407 167 483
74 74 1522 334 427 325 249 776 616 277 422 840 612 251 253 215 227 426 335 187 321 327 326 256
11 11 1385 406 3425 526 1499 618 408 555 405 529 589 385 435 491 785 263 374 292 636 776 436 427 880 630 696 254 235 356 339 308 249 1522 387 217 243 602 57
140 140 3257 3260 560 1421 585 3246 1618 1398 444 533 362 341 529 450 339 387 57 237 474 1506 175 178 618 26 596 177
144 144 880 1445 3201 302 368 3425 450 387 57 474 319 26 192 166 305 381 195 359 13 331 1398 102 383
19 19 1629 382 413 229 1481 3183 415 410 258 402 400 279 397 417 812 1425 295 201 418 285 268 205 243 398 411 57 192 346 294 224 396 146 195 253 215
148 148 516 432 1500 459 213 334 385 299 315 358 427 439 571 339 325 170 249 268 418 323 380 422 309 409 138 367 166
22 22 631 228 392 477 234 289 388 246 198 436 316 196 319 294 288 409 26 596 305 45 317 13 359 164 304 383
119 119 499 1499 675 95 49 647 138 8 491 121 589 4 38 39 20 1522 602 118 137 612 51 1 43 111 53 291 298 310 1594 124 78 132 86 257 17 54 0 526 70 120 142 106 52 7 163 11 140 92 776 130 135 618 3331 71 16 14 110 129 596 148 131 69 141 440
