0 0 48 310 120 36 476 445 134 366 95 132 364 49 160 362 367 380 8 105 138 57 121 277 474 4 26 192 177 178
2 2 281 427 285 170 309 249 422 421 4 297 253 215 78 227 335 426 327 321 326 193
5 5 190 433 441 233 482 350 36 476 478 352 434 344 171 377 369 349 452 303 362 442 284 341 168 356 175 346 237 430 268 357 380 448 105 348 347 138
6 6 385 169 159 166 404 253 164 102 383
10 10 263 369 119 200 188 358 356 196 170 57 409 277 422 367 158 372 238
11 11 406 408 405 385 435 263 374 292 436 427 254 235 356 339 308 387 217 243 249 484 57
15 15 370 395 388 445 302 374 284 303 362 416 249 57 237 305 26 371 251 375 372 4 260 379 164 13 224 300 65 3 193 173 185
16 16 363 275 388 476 385 447 95 49 132 362 339 380 105 138 121 178 177 119 251 38 39 4 381
19 19 382 413 229 415 410 258 402 400 279 397 417 295 201 418 285 268 243 398 484 205 411 57 260 192 346 294 224 396 146 195 215 332 253 270
22 22 228 392 477 234 289 388 246 198 436 316 196 319 294 425 288 409 26 305 45 317 13 359 164 304 142 383
25 25 281 392 429 263 435 373 299 201 315 366 436 221 358 439 217 387 325 308 205
27 27 451 480 466 475 479 477 289 234 318 320 176 198 446 134 315 436 316 196 319 425 294 288 409 317 45 238
29 29 488 208 179 350 444 445 447 435 377 171 452 427 450 439 356 322 296 339 325 391 105 249 138 448
33 33 450 339 391 474 240 371 297 483 331
37 37 476 341 450 296 308 105 474 422 177 357 381 372 379 359 227
38 38 95 49 138 8 121 351 119 39 137 118 51 94 389 73 153 111 53 132 440 310 89 16 86 125 191 133 47 10 120 0 78 101 54 48 106 88 31 96 163 140 130
40 40 423 214 488 392 370 405 431 385 320 446 435 366 302 364 160 49 368 362 316 221 452 188 439 339 325 430 387 217
41 41 252 281 428 431 334 446 435 299 200 201 292 222 436 362 221 358 427 422 325 170 380 309 418 249 138 323 421 409 448
42 42 444 474 177 379 426 256 267
44 44 444 445 303 341 450 474 367 177
47 47 95 160 341 450 339 277 474 288 60 177 4 122 404 407 38
50 50 313 217 448 121 483 167 102 39 399 383 20 267 321 375
52 52 249 429 447 446 263 436 417 170 387 8 105 409 277 323 294 121
55 55 286 293 264 252 255 214 275 236 213 219 357 36 476 202 385 134 446 292 435 262 216 283 315 222 160 200 221 254 188 358 427 235 450 439 339 240 204 138 409 319 199
56 56 382 413 415 229 410 402 279 400 397 417 295 201 379 418 362 285 268 243 484 205 398 411 224 396 260 146 195 332 270 215 164
59 59 481 388 217 249 381 167 102 164 256 87 384
60 60 432 297 253 427 329 309 325 155 205 422 204 367 323 166 371 195 215 238 326 483 227 335 426 327 187 489 47 280 223 321 184 20 464 168 296 330
62 62 364 358 427 249 251 404 238 215 483 167 39 194
63 63 487 465 370 206 231 209 459 395 204 373 447 374 302 284 369 169 303 188 416 430 305 375 57 288 319 26 372 371 304 394 4 81 300 65 13 359 193 3 173 125 45 330 386 97 35 165
66 66 467 488 449 208 457 179 444 478 435 369 344 377 315 366 341 452 168 450 235 356 430 339 325 416
69 69 338 486 440 226 247 437 467 488 283 208 179 482 205 36 350 444 445 166 434 435 95 344 377 366 49 303 362 157 341 284 171 452 450 356 285 430 339 170 416
70 70 482 204 478 352 344 349 452 442 171 308 448 105 347 348 237 175 277 357 394 192 381 346 379 119 378
71 71 275 213 149 176 241 202 198 279 292 216 283 222 200 436 254 427 235 240 348 204 277 319 294 199 212 251
74 74 334 427 325 249 277 153 422 251 253 215 227 335 426 321 327 326
76 76 450 391 474 331 256 185 336 300 168 329 98 68 306
78 78 179 444 341 137 339 430 121 4 357 119 2 407 379 38 426 359 39
79 79 432 449 120 459 431 334 434 299 344 200 292 283 452 221 358 427 235 439 196 325 170 205 422 380 418 347 138 409 448 421 367 323 411 166
82 82 412 334 201 295 358 427 439 170 325 309 422 409 421 166 297 121
83 83 405 219 446 315 200 283 436 221 417 358 439 356 196 308 217 387 105 418 319 288 409 277 323 294 212 421 240
85 85 449 237 482 476 478 352 434 344 377 349 374 364 442 171 356 448 105 380 357 347 348 367 175 443 394 346 192 379
88 88 429 476 366 160 368 292 436 439 325 319 421 251 195 404 407 215
89 89 303 249 483 38 399 194
91 91 405 436 362 308 380 217 249 409 277 404 121
92 92 388 302 263 368 316 217 387 249 57 26 251 305 404 199
96 96 388 263 368 439 285 380 249 277 288 297 404
100 100 360 432 449 392 172 213 36 415 431 334 445 435 299 369 344 366 283 436 221 452 358 427 341 329 450 439 196 325 170 422 309 225 380
103 103 454 350 222 170 217 249 409 277 178 251 199 121 404 407 167
104 104 469 451 480 475 479 477 289 318 320 246 198 446 279 316 358 288 196 294 319 418 425 409 277 317 45 212 251 166 353 4 238
107 107 293 252 214 392 213 219 36 149 241 202 134 258 262 292 446 435 216 283 366 315 157 222 49 160 200 201 242 151 436 254 221 188 358 427 341 235 450 439 356 204 240 196 153 339 170 217
108 108 228 469 480 466 423 475 479 477 289 234 318 36 476 320 176 246 445 198 446 315 299 292 366 295 160 283 316 436 254 417 452 358 235 196 285 294 288 277 268 409 319 380 217 367 425 317
109 109 432 476 358 170 409 422 381 215 483 426 359
110 110 408 405 302 200 292 368 362 188 439 325 105 217 309 387 57 474
111 111 459 447 49 132 430 268 105 8 277 319 178 119 357 4 195 38 39 331 399 375 378 20 173 271
112 112 412 410 258 402 400 279 397 295 201 417 436 285 243 484 268 418 398 205 411 237 260 396 146 195 332 215 164 224 270 403 383 34 272 321 261 45 401
113 113 429 263 262 49 315 368 362 169 439 235 339 387 217 249 212 404
116 116 469 466 475 479 477 289 234 318 476 320 176 246 198 446 292 436 316 196 294 288 319 425 409 367 45 317 192 177 251 398 199 238 125
119 119 95 49 138 8 121 4 38 39 20 118 130 137 10 310 51 1 43 291 53 111 298 132 440 120 16 124 86 78 257 48 17 54 463 0 106 52 142 7 163 70 92 140 135 71 14 110 148 141
122 122 236 219 149 241 202 262 292 188 254 235 204 277 240 199 238 259 102 194 47 278 271 242 157
123 123 433 233 449 482 350 476 444 445 478 352 434 344 377 355 49 349 452 442 341 171 356 346 357 237 339 430 380 448 8 217 175 474 347 348 153
124 124 178 302 387 26 167 119 483 426 164 102 383
125 125 465 386 370 206 231 416 459 395 323 169 373 302 374 369 284 303 362 430 450 375 249 305 57 420 372 26 371 304 398 81 65 394 300 173 38 63 13 331 3 487 193 116
126 126 425 438 451 480 466 423 214 408 475 477 479 289 234 318 320 176 246 385 198 446 315 200 316 436 417 221 452 358 288 196 294 339 170 205 319 317 45 409 367
127 127 350 352 171 356 348 175 474 237 153 357 346 155 4 394 372 375 378 355 354 271 313 443 12 173 376 87 353 441 232 345 152 84 337 298 401 24 351 51 270 18 324 301 81
128 128 432 428 431 334 315 299 160 452 316 188 358 427 450 196 339 325 170 205 422 380 8 309 421 474 138 367 409 448 323
129 129 488 208 395 444 284 362 452 341 427 450 356 155 339 308 380 8 448 347 474 367
130 130 463 458 363 281 275 310 120 234 388 119 385 447 435 95 132 366 369 344 49 364 362 358 138 450 439 356 170 339 380 121 8 105 367 249
131 131 486 467 488 120 208 479 457 179 482 36 350 476 444 435 95 344 377 366 49 160 315 374 436 171 452 284 450 235 439 356 339 155 416 8 217 205
136 136 210 206 177 381 394 359
137 137 318 95 49 349 341 439 105 138 8 237 409 121 119 4 372 78 38 39 375 20 65 118 51 81
140 140 444 362 341 450 339 387 57 474 175 237 178 26 177
141 141 423 429 385 263 435 262 295 368 436 362 427 188 285 387 217 380 249 367
142 142 214 213 318 241 246 262 292 216 283 222 315 316 254 221 235 418 288 204 294 367 251 238 119 259 22
144 144 302 368 450 391 387 57 474 319 26 192 305 166 381 195 359 13 331 102 383
145 145 412 382 413 415 430 229 258 402 400 279 397 295 417 201 366 411 436 418 358 341 398 285 243 439 484 268 205 380 367 347 319 175
147 147 368 448 212 177 404 483 259 224 335
148 148 432 459 213 334 385 299 315 358 427 439 339 325 170 268 418 380 422 309 249 409 138 367 323
151 151 149 262 288 240 199 238 259 278 157 232 245 155 156 107 153 158 143 276 291 73 43
153 153 236 213 219 149 241 262 134 216 222 283 188 127 235 204 277 240 212 251 351 398 199 238 381 253 74 259 38 287 242 399 321 194 278 157 232 271 245 151 107 143 156 155 280 43 123 183 130 355 276 158 181 230 337 66
155 155 219 149 202 292 221 204 347 240 60 127 238 270 483 271 278 65 87 129 151 232 156 157 242 153 245 43 131 158
157 157 149 241 283 222 254 221 188 204 240 199 238 194 278 271 45 242 245 151 183 153 232 156 403 143 158 276 69 107 155 216 17 122 90 61 272 5 43 236 64 202
158 158 290 149 241 202 239 262 283 200 222 254 235 204 288 240 238 259 317 278 194 10 157 245 187 271 232 489 151 242 183
159 159 182 361 264 360 161 180 172 179 36 176 134 222 169 171 341 358 170 430 308 175 178 192 177 1 166 297 6 167 164 359 165 304 184 173 183 336
162 162 360 172 209 134 169 427 170 308 422 175 323 421 411 166 215 297 327 253 326 335 167 227 426 184 280 321
163 163 377 49 452 341 450 356 8 448 348 474 175 192 177
166 166 299 170 325 430 175 335 327 184 326 183 168 223 296 28 333 98 1 165 287 182 273 69 276 159 60 162 172 144 6 72 274 79 360 334 422 148 128 432 104 209 71 41 77 441 82 100 75 130 431 309 66
168 168 325 309 422 323 166 253 227 335 102 304 327 321 280 326 181 223 420 5 296 28 337 287 225 66 118 333 485 60 76 273 248 207 68 1
178 178 171 175 124 167 173 184 441 118 98 1 182 73 94 159 111 139 103 16 86 140 48 135 117 123 5 145 79 77 126 41 130 29 55 14 131 25 108 69 0
186 186 250 472 161 473 255 365 408 457 179 414 413 405 36 350 431 334 176 478 352 434 400 279 262 435 373 263 216 299 369 377 366 374 356 349 364 442 417 284 221 341 235 418 268 416 448 387 217 237 243 484 309 249 348 347 305 357 175 421 346 192 394 199 379 238 193 372 224 378 426 331 242 354
187 187 489 462 239 419 365 364 414 457 290 461 366 464 160 362 329 367 308 331 351 203 458 230 368 322 1 218 248 158 260 60 207 125 74 88
203 203 382 413 414 229 388 415 410 258 402 400 279 397 417 295 369 201 418 401 268 187 285 489 416 398 243 484 205 411 57 288 248 224 396 419 146 332 195 270 167 272 261 34 88
204 204 236 292 368 188 240 199 297 63 487 278 242 157 70 245 155 156 241 153 43 276 143 158 149 60 214 90 122 216 202 275 17 218 154 61 142 222 254 93 283 219 221 213 465 456 262 107 293 21 71 424 150 200 250 211 220 235 286 290 55 328 460 470 255
205 205 424 417 268 411 398 224 164 396 146 332 270 272 415 261 410 382 402 412 258 243 484 397 69 60 418 400 413 139 260 112 295 229 203 201 279 455 285 23 486 56 19 115 75 21 195 150 145 79 126 278 128 226 247 107 338 25 34 131 232 403
207 207 180 258 344 430 416 325 308 309 138 26 305 199 253 404 304 483 13 193 378 321 187 489 173 3 326 65 280
210 210 136 150 211 220 206 190 226 247 265 286 290 48 228 250 293 233 239 252 264 255 214 281 275 208 209 231 236 213 234
225 225 432 209 299 344 377 49 364 422 418 323 421 240 297 371 253 227 335 327 326 280 343 296 223 87 168 100 181 420 34 146 333 461 337 332
237 237 443 434 442 349 452 448 105 346 357 379 102 85 352 87 355 354 347 28 127 353 478 137 291 298 433 449 348 453 351 24 139 112 15 186 394 5 123 54 70 482 344 101 441 356 282 140 84 472 150 350 131 378 77 175 171 377
242 242 250 255 275 236 213 36 262 216 222 292 221 254 188 235 204 387 240 212 199 259 194 278 153 156 245 241 157 143 223 107 202 276 158 61 150 122 155 17 90 186 149 43
244 244 392 362 439 387 394 195 238 167 164 383 267
248 248 176 188 309 170 422 347 421 411 398 121 297 215 227 426 203 335 327 256 321 187 489 280 326 12 184 183 223 296 168
249 249 303 52 59 35 89 74 125 15 62 186 2 103 31 96 91 92 113 21 141 150 117 148 77 14 481 130 25 100 69 66 40 41 107 29 11
253 253 325 60 227 321 259 326 280 313 223 181 168 337 296 485 270 273 153 225 287 298 207 351 162 191 432 260 82 174 19 6 74 274 2 72 44 79 133 148 145 128 41 150
257 257 179 445 442 284 308 391 8 105 119 372 13 359 102
260 260 412 323 413 229 410 402 258 400 397 279 377 201 417 420 364 285 268 418 398 205 411 243 484 396 112 146 199 19 195 297 15 238 215 332 253 164 403 224 270 102 34 330 321 56 261 187 272 489
270 270 382 413 415 410 402 258 400 279 397 295 417 201 418 285 268 398 205 411 308 243 484 288 155 195 396 253 272 224 304 261 332 330 403 322 139 412 280 112 203 34 146 230 260 401 19 56 181 23 127 229
274 274 172 428 431 320 434 299 132 325 170 309 278 421 323 422 26 305 166 326 297 335 327 426 253 215 280 227 321
278 278 424 241 262 283 221 254 417 235 204 288 240 212 238 259 194 317 331 383 271 321 330 151 274 157 242 232 245 158 155 17 122 90 189 202 153 43 156 61 276 205 291 143 147 111 342 351 389 154
283 283 222 254 240 278 157 232 245 69 153 143 158 424 338 17 226 247 142 241 61 486 216 21 71 150 293 83 221 440 275 79 262 55 134 108 290 286 100 211 220 107 246 204 235 437 213 149 236 219 350 252 242 202 255 328 188 460 470 228
287 287 172 209 428 334 431 299 427 188 325 422 170 309 421 323 319 166 297 215 253 280 335 227 426 326 359 153 296 327 321 184 223 313 168 181 12 333 330 337 420
296 296 209 428 431 334 299 325 422 309 170 323 421 26 166 297 335 253 227 215 167 426 321 102 326 37 327 267 287 333 280 184 420 223 225 181 29 168 60 273 337 248
297 297 368 309 204 421 60 335 327 326 330 280 184 223 296 333 98 324 225 287 248 428 273 159 172 431 422 162 191 209 432 260 174 82 218 274 75 334 2 72 154 323 33 96 299 148 128 113 41 163 117 55 100 325 360
313 313 50 253 331 39 185 20 312 230 28 127 353 51 324 340 156 272 389 32 287 147 53 351
322 322 402 400 295 285 268 411 308 398 195 224 304 332 396 187 489 270 65 330 403 87 34 146 272 230 261 401 29
323 323 420 422 421 215 260 335 327 280 326 390 125 223 168 296 333 485 225 287 431 428 273 60 299 191 162 174 274 432 72 209 334 309 172 41 128 297 328 100 325 21 460 470 75 52 465 79 170 83 14 148 253 166
328 328 460 470 211 220 338 463 420 406 456 468 471 190 226 247 265 286 440 461 454 361 290 228 424 433 462 464 437 465 233 239 252 264 419 472 161 386 467 469 473 180 363 255 451 214 281 423 466 408 365 275 310 475 120 172 206 208 392 209 236 459 457 213 234 405 476 289 428 388 429 36 149 431 334 176 444 202 445 385 446 246 447 364 352 292 362 435 263 373 216 132 95 299 369 344 377 169 316 222 160 200 374 283 341 284 303 368
329 329 461 464 419 365 414 364 366 187 489 368 367 160 362 462 239 60 13 87 300 354 223 100 28 84 98 324 97 76
340 340 457 445 341 105 192 177 371 381 185 313 87 326 230 300
351 351 472 473 449 459 482 219 350 38 478 434 442 377 356 349 303 187 489 285 380 448 348 347 357 153 175 237 346 394 192 381 398 379 253 331 378 259 13 355 343 354 321 376 256 353 84 87 127 20 345 313 152
353 353 453 478 352 434 442 377 349 452 171 356 348 448 347 357 175 346 237 394 354 443 379 39 355 256 378 20 313 343 152 376 87 298 24 441 345 351 104 28 84 127 245
355 355 350 478 352 349 344 442 452 171 356 347 348 448 357 175 346 237 443 394 256 378 343 376 354 441 298 345 336 123 232 24 351 84 472 353 127 152 433 449 70 186 54 153 94
357 357 433 449 478 442 356 348 347 237 346 394 379 378 343 355 354 55 349 443 353 472 127 152 298 342 453 85 351 434 123 111 352 24 5 186 482 282 78 31 54 70 350 163 93 37 84 448 135 452 101 113 344 129 83 66 29
364 364 461 462 464 239 365 414 366 290 187 489 368 160 362 367 419 329 98 225 139 260 218 363 62 186 457 85 0 328 132 460 470 463 130 40 454 458 455 456
379 379 348 237 346 357 381 378 56 353 291 351 24 449 42 186 15 443 101 85 93 78 54 154 47 70 10 433 23 37 91
389 389 408 385 263 368 439 8 217 277 404 38 483 167 164 102 383 267 390 384 313 183 278
391 391 428 76 26 381 144 359 257 33 102 383 267 29
401 401 415 400 397 418 268 411 398 195 203 224 396 34 146 403 272 332 261 413 127 270 322 139 410
416 416 169 430 57 125 304 375 13 173 65 300 330 3 81 301 97 374 386 207 342 63 487 35 370 465 15 305 203 218 373 395 206 31 186 303 369 302 459 115 372 193 371 456 135 282 284 26 231 468 471 328 131 460 470 338 69 486 66
430 430 374 416 288 166 304 375 185 173 65 300 81 301 165 145 291 207 159 63 35 487 111 386 125 78 169 370 31 54 101 206 459 373 57 282 305 369 123 451 303 372 361 468 471 371 5 231 182 393 395 193 13 328 460 470 69 180 338 66 465 40 161 264 360
