0 0 48 310 120 36 476 445 134 366 95 132 49 160 362 364 367 380 8 105 138 57 121 277 474 4 26 192 177
2 2 281 427 170 285 78 309 422 249 421 163 4 297 130 215 426 253 335 327 227 66 321 193
5 5 190 433 441 233 482 350 36 476 168 478 352 157 434 344 171 377 369 349 452 303 362 442 284 341 356 175 346 268 357 380 237 430 448 105 348 347 138
6 6 385 159 169 163 166 404 29 182 164 253 102 131 66 383
10 10 119 263 369 200 158 188 358 356 196 170 186 57 409 277 422 367 372 238
11 11 406 408 405 385 435 263 374 292 436 427 254 235 356 257 339 308 387 217 37 16 57
15 15 370 395 388 445 302 374 284 303 362 260 416 57 249 305 26 237 371 251 375 372 4 164 13 379 224 300 65 3 193 173 185
16 16 363 275 388 476 385 447 95 49 132 362 339 380 105 138 121 177 251 178 39 119 381 38 4 11
19 19 382 413 229 415 410 402 258 279 400 397 417 295 201 418 285 268 260 398 243 484 205 411 57 192 224 396 346 294 146 215 195 332
22 22 228 392 477 234 289 388 246 198 436 316 196 319 142 294 425 288 409 26 45 305 317 13 359 164 304 383
25 25 281 392 429 263 435 373 299 201 315 366 436 221 358 439 217 125 387 325 308 70
27 27 451 480 466 475 479 477 289 234 318 320 176 198 446 134 315 436 316 196 319 425 294 317 288 409 45 148 238 259
29 29 488 208 179 350 322 444 445 296 447 391 435 377 171 452 89 427 6 450 439 356 339 325 105
33 33 391 450 339 474 240 371 297 483 331
37 37 476 296 341 450 308 105 474 422 113 177 381 100 357 227 11 372 102
38 38 95 49 351 138 8 121 39 119 118 137 51 94 73 389 53 111 440 132 472 310 153 120 16 89 86 78 133 191 47 10 101 125 473 0 54 106 48 88 31
40 40 423 214 488 392 370 405 431 385 320 446 435 366 302 160 49 368 362 364 316 221 452 188 439 257 339 325 308
41 41 252 281 428 431 334 446 435 299 200 201 292 222 436 362 221 358 427 422 325 170 380 309 418 138 421 409 448 249
42 42 444 474 177 379 426 69 256 267 185
44 44 444 445 303 341 62 450 474 367 96 177 215
47 47 95 160 60 341 122 450 339 277 474 288 177 4 404 407
50 50 313 217 448 125 121 483 167 102 131 20 39 399 383 375 267
52 52 249 429 447 446 263 436 417 78 170 387 8 105 409 277 140 294 323 121
55 55 286 293 264 252 255 214 275 357 236 213 219 36 476 202 385 134 446 435 262 292 216 315 222 160 200 283 221 254 188 358 427 235 450 439 339 240 204 138 409 433 319 199
56 56 382 379 413 415 229 410 402 279 400 397 417 295 201 418 362 285 268 260 243 484 398 205 411 224 396 146 195 332 164 215 270
59 59 481 388 217 249 381 167 102 164 107 256 87 384 403
60 60 432 297 253 329 155 427 309 325 47 422 205 367 204 323 79 166 326 371 335 195 238 215 464 483 227 126 426 280 223 187 327 461 489 184 66 321 20 168
62 62 364 358 427 44 249 251 404 238 215 483 167 39 194
63 63 487 465 204 370 206 231 209 459 395 373 447 374 302 284 369 169 303 188 305 416 430 375 57 288 319 26 372 371 304 394 4 81 300 13 359 65 193 3 173 45 330 125 97 165 35 386
66 66 467 488 449 208 457 179 168 444 478 435 369 344 377 207 315 366 153 341 452 235 325 6 450 356 2
69 69 338 486 440 226 247 437 283 467 488 205 208 166 179 482 36 350 157 445 444 434 340 435 95 389 344 377 366 49 159 341 171 303 362 284 452 42 170 430 78 450 356
70 70 204 482 478 352 344 349 452 442 171 308 448 105 348 347 175 277 237 109 394 163 357 192 381 346 379 378 25
71 71 275 213 149 176 241 202 198 279 216 292 222 200 283 436 254 427 235 240 348 277 319 294 212 204 140 199 251
74 74 334 153 427 325 277 249 422 251 253 215 227 321 335 426 327 326
76 76 391 450 474 331 256 185 336 300 98 68 168
78 78 179 444 137 341 2 339 430 92 52 121 4 119 407 39 38 357 69 359 426 379
79 79 432 449 120 459 431 334 434 299 344 200 292 452 221 283 358 427 235 439 196 60 325 170 380 422 418 205 347 138 409 448 367 421 323 411 398 294
82 82 412 334 201 295 358 427 439 170 325 309 422 409 421 121 166
83 83 405 219 446 315 200 436 221 417 283 358 439 356 125 196 308 217 387 105 418 319 288 409 277 323 294 212 421
85 85 237 449 482 476 478 352 434 344 377 349 374 442 171 364 162 443 356 105 448 380 347 357 348 175 367 394 346 192
88 88 429 476 366 160 368 292 436 439 325 203 319 421 251 195 404 407 215
89 89 303 249 140 29 483 38 399 194
91 91 405 436 362 308 380 217 409 277 249 404 121
92 92 388 302 263 368 316 78 217 387 57 249 140 26 251 305 404 199
96 96 388 263 368 439 285 103 380 44 277 249 288 140
100 100 360 432 449 392 172 213 36 415 431 334 329 445 225 435 366 299 369 344 436 221 452 283 358 427 341 450 439 196 325 170 422 309 37
103 103 454 350 222 170 217 277 249 409 96 251 178 199 121 404 407 167 483
104 104 469 451 480 475 479 477 289 318 320 246 198 446 279 353 316 358 288 196 294 319 418 425 409 277 317 45 212 251 166 4 238
107 107 293 252 214 392 213 219 242 157 151 36 149 241 202 134 262 258 292 446 59 435 158 216 283 153 366 315 222 49 160 200 201 254 436 221 235 188 358 427 341 240 142 204 450 439 356 170 196 217
108 108 228 469 480 466 423 475 479 477 289 234 318 36 476 320 176 246 445 198 446 315 299 292 366 295 160 316 436 283 254 417 452 358 235 196 285 294 288 277 268 409 319 380 217 367 425 317 138
109 109 432 476 358 170 409 422 70 381 215 483 359 426
110 110 408 405 302 200 292 368 362 244 188 439 325 387 105 217 309 57 474
111 111 459 447 49 132 268 105 430 8 277 319 116 178 128 4 119 195 357 39 331 38 399 375 378 20 271 173
112 112 412 410 258 402 400 279 397 295 201 417 436 285 243 268 484 260 418 398 205 411 237 396 146 195 332 215 164 224 403 270 34 383 272 321 261 45 230
113 113 429 263 262 49 315 368 362 169 122 439 235 186 339 387 37 217 249 212
116 116 469 466 475 479 477 289 234 318 476 320 176 246 198 446 292 436 316 125 196 288 111 294 203 319 425 409 367 45 317 192 177 398 251 199
119 119 95 49 138 8 121 10 130 4 39 38 20 118 310 137 51 463 1 43 132 53 291 298 111 440 120 86 16 78 124 458 48 17 54 0 257 70 106 142 163 52 7 92 135
122 122 236 219 149 241 202 262 292 188 235 254 47 277 113 204 240 199 238 259 131 102 194 271
123 123 433 233 449 482 355 350 476 444 445 478 352 434 344 377 49 349 452 158 153 442 341 171 356 346 357 339 237 380 175 448 430 8 217 474 347 348
124 124 178 302 387 26 167 483 426 164 119 102 383 173
125 125 465 386 416 323 206 370 231 459 395 420 169 373 302 374 369 284 303 362 375 430 450 50 305 57 249 116 193 372 26 304 83 65 398 81 371 300 173 25 3 394 63 331 487 13 38
126 126 425 438 451 480 466 423 214 408 475 477 479 289 234 318 320 176 246 385 198 446 315 200 316 436 417 221 452 358 288 196 294 339 170 60 319 317 205 45 409 367
127 127 350 352 155 153 171 356 348 175 474 237 346 357 4 394 372 375 378 355 271 354 12 173 443 376 87 313 353 441 232 345 152 270 337 84 18 298 351 51 24 401 81 324
128 128 432 428 431 334 315 299 160 111 452 316 188 358 427 450 196 422 339 325 170 380 8 309 205 138 421 367 409 448 474
129 129 488 208 395 444 155 158 147 284 362 452 341 287 427 450 356 339 308 380 8 448 347 474
130 130 463 458 363 281 275 310 120 119 234 388 385 447 435 95 366 132 369 344 49 153 362 364 358 138 8 450 439 356 2 170 339 121 380
131 131 486 467 488 120 208 479 457 179 482 36 350 476 444 155 435 95 344 377 366 49 160 315 374 147 436 171 452 284 50 122 235 6 450 439 356
136 136 210 206 177 381 394 359
137 137 318 95 49 349 341 439 78 105 138 8 409 237 121 119 4 372 39 38 375 20 65 118 51 81 18
140 140 444 362 341 89 450 339 387 57 92 474 96 175 52 26 71 237
141 141 423 429 385 263 435 262 295 368 436 362 427 188 285 387 217 380 249 367
142 142 214 213 318 241 246 262 292 216 222 315 283 316 254 221 22 235 288 418 294 367 204 251 238 107 259
144 144 391 302 368 450 387 57 474 319 26 192 305 381 166 195 359 13 331 102 383
145 145 412 430 382 413 415 229 258 402 400 279 397 295 417 201 366 411 436 418 358 341 398 285 243 439 484 268 380 205 367 347 319 175
147 147 368 448 212 177 129 404 483 224 259 131 335
148 148 432 459 213 334 385 315 299 358 427 439 339 325 170 27 268 418 380 309 409 422 138 249 367
151 151 149 262 288 240 199 238 259 107 278 232 157 245 156 155 158 143 153 276 291 73 43
153 153 236 213 219 149 241 127 134 262 216 222 351 283 287 188 74 235 277 212 240 251 204 398 199 381 238 123 259 253 130 242 399 278 107 38 321 232 66 194 271 157 151 245 280 155 355 183 156 143
155 155 219 149 202 127 270 292 221 60 347 204 240 238 129 483 131 271 278 65 151 157 245 87 242 232 156
157 157 149 241 283 222 254 221 188 240 204 199 238 107 5 69 194 278 271 45 242 151 245 183 156 403 232 155 158 143 153 43 276 17 216 90 122 272 61 64
158 158 290 149 241 202 239 262 200 222 283 254 235 10 288 204 240 238 129 123 259 317 107 278 194 232 245 157 271 242 151 183 187
159 159 182 361 264 360 161 180 172 179 36 176 134 222 169 171 341 358 170 6 430 308 175 178 192 177 1 166 297 167 359 164 165 304 69 184 173 183 336
162 162 360 172 209 134 169 427 170 308 422 175 85 421 411 323 215 166 327 297 326 253 167 227 335 426 184 280 321 185
163 163 377 49 452 341 6 450 356 2 70 448 348 8 474 175 192 177
166 166 299 170 325 430 175 335 327 184 69 326 183 223 168 296 28 333 98 1 165 287 182 273 276 159 338 486 162 172 60 144 72 75 6 274 360 79 422 148 41 334 128 104 77 209 71 441 82 440 226 247
168 168 325 309 422 323 166 5 253 227 102 335 304 66 327 321 280 326 181 223 296 337 420 28 118 287 333 225 485 1 273 248 68 207 60 76
178 178 171 124 175 167 173 184 441 118 98 1 73 182 94 159 111 139 103 16 140 48 86 14 135 117 0 145 5 79 77 123 126
186 186 250 472 161 473 255 365 408 457 179 414 413 405 36 350 431 334 176 478 352 434 400 279 262 263 435 373 369 216 299 377 366 374 356 349 442 417 284 221 341 364 235 418 268 387 217 448 243 416 484 10 309 348 237 347 249 305 175 421 357 113 346 192 394 199 238 372 379 193 426 224 378 331 167 354 242
187 187 489 462 239 419 364 365 414 457 461 464 290 329 366 160 362 367 351 308 203 331 368 458 230 322 1 218 60 207 248 158 260
203 203 382 413 414 229 388 415 187 489 401 410 258 402 400 279 397 417 248 295 369 201 418 268 285 398 243 484 416 88 205 411 116 419 57 288 396 224 146 332 195 270 272 167 261 131
204 204 236 292 368 188 63 487 240 70 199 297 278 242 245 157 155 156 43 241 276 143 465 153 149 158 214 90 216 60 202 275 122 17 218 154 61 55 222 142 254 93 293 219 213 221 107 262 283 21 150 200 71 250
205 205 424 417 268 411 398 224 164 69 396 146 332 270 272 415 261 410 486 382 402 412 243 258 484 397 418 400 139 338 413 112 295 260 229 60 201 285 455 279 226 247 203 23 56 19 115 437 21 75 440 195 150 79 145 25 126 278 128 131 107 232
207 207 180 258 344 325 430 308 416 309 138 305 26 199 404 253 483 304 13 193 66 378 321 173 326 3 65 187 280 489
210 210 136 150 206 211 220 190 226 247 265 286 290 48 228 250 293 233 239 252 264 177 255 381
225 225 432 209 299 344 377 49 364 422 418 421 323 240 371 297 227 253 100 335 327 326 280 343 223 87 181 296 168 34 146 333 337 332
237 237 443 434 442 349 452 448 105 346 85 357 379 102 352 87 354 355 347 28 353 478 127 137 449 291 298 433 348 453 351 24 139 112 15 394 186 282 123 54 5 344 482 70 101 441 356 472 84 140 150 378 377 350 171 77 175 131
242 242 250 255 275 236 213 36 262 216 222 292 254 221 188 235 387 240 204 212 199 259 107 194 278 241 156 245 153 157 143 223 202 43 276 155 158 61 150 17 90 122 149 293 186
244 244 392 362 439 387 110 394 238 195 167 164 383 267 45
248 248 176 188 309 170 203 422 347 421 411 398 121 297 215 227 426 335 327 256 321 280 187 326 489 12 184 183 223
249 249 303 52 59 35 89 74 15 62 186 125 103 31 2 91 92 96 21 113 141 150 117 77 148 14 481 29 25 130 11 100 66 40 41
253 253 60 325 227 321 259 326 280 313 223 181 337 168 296 485 270 273 225 287 298 153 207 432 351 191 162 82 19 174 74 297 79 274 260 72 6 44 2 133 148 145
257 257 179 445 391 442 284 308 8 105 11 372 119 102 359 13 40 399
260 260 412 323 413 229 410 420 402 258 400 279 397 201 417 377 285 112 268 418 364 15 398 411 243 205 484 56 19 224 396 146 195 199 215 164 332 238 297 403 253 270 34 330 321 261 102 272
270 270 382 413 415 410 402 258 400 279 397 295 417 201 418 155 285 268 398 411 308 243 484 205 288 195 396 253 224 304 272 261 332 330 401 322 403 139 412 280 34 146 127 112 260 230 203 181 19 56 23
274 274 172 428 431 278 320 434 299 132 325 170 309 421 422 323 26 305 326 166 335 426 327 215 297 280 253 321 227
278 278 424 241 262 283 221 254 417 235 288 240 204 274 212 238 259 317 194 331 383 321 271 330 151 232 242 245 157 158 17 153 155 90 189 122 43 202 156 61 276 291 143 389 342 147 111 154
283 283 222 254 240 69 278 157 232 245 338 486 143 158 153 424 226 247 17 142 61 241 440 216 21 83 150 293 71 275 221 79 437 262 55 286 211 220 108 290 134 246 100 107 467 350 328 235 460 470 213 202 149 236 204 252 219 242 255 228
287 287 172 209 428 334 431 299 427 188 153 325 170 422 309 421 319 323 166 297 280 215 227 335 253 426 359 326 184 129 327 321 296 223 181 12 168 337 313 333 330
296 296 209 428 431 334 299 325 422 309 170 37 421 323 26 335 166 297 227 215 29 253 167 426 102 321 326 327 267 333 280 287 168 184 181 223 420 225 337 273 248 60
297 297 368 60 309 421 204 335 327 326 330 280 184 223 333 296 98 324 225 287 248 273 428 432 172 159 191 162 422 209 218 174 82 431 75 274 323 72 260 154 299 253 334 33 2 96 41 325 148 128 117 113 163 100 55
313 313 50 331 253 39 185 20 312 230 28 127 353 51 324 340 156 272 32 389 147 53 287 351
322 322 402 400 295 285 268 411 308 398 195 29 224 304 332 396 330 65 403 270 187 489 87 34 272 146 230 261 401
323 323 420 260 422 421 125 215 335 327 280 326 390 223 168 333 296 485 225 287 431 273 428 465 299 191 60 162 174 432 274 72 209 334 83 79 309 172 297 41 128 412 148 386 328 100 21 460 470 75 325 52 170 14
328 328 460 470 211 220 338 463 420 406 456 468 471 190 226 247 265 286 440 461 454 361 290 228 424 433 462 464 437 465 233 239 252 264 419 472 161 386 467 469 473 180 363 255 451 214 281 423 466 408 365 275 310 475 120 172 206 208 392 209 236 459 457 213 234 405 476 289 428 388 429 36 149 431 334 176 444 202 445 385 446 246 447 352 292 362 435 364 263 373 216 132 95 299 369 344 377 169 316 222 160 200 374 341 284 303 368 188
329 329 461 464 419 365 414 364 187 489 366 368 367 160 362 462 60 239 100 13 87 223 300 354 98 28 84 324
340 340 457 445 341 105 192 177 371 381 69 185 313 87 326 230 300
351 351 472 473 449 38 459 482 219 350 187 489 478 434 442 377 153 356 349 303 285 380 448 348 347 357 175 346 394 237 381 192 398 379 331 253 259 378 13 355 343 321 354 376 256 353 127 84 87 20
353 353 453 478 352 434 442 377 349 452 171 356 348 448 347 175 346 357 237 394 104 354 443 379 39 256 355 378 20 127 313 343 152 376 87 298 24 441 345 351 28 84 245
355 355 350 478 352 349 344 442 452 171 356 347 348 448 175 346 357 237 443 123 394 256 378 343 376 354 441 298 336 345 232 24 433 84 351 472 353 449 127 152 54 70 186 153 94
357 357 433 449 478 442 356 348 347 237 346 55 394 379 378 343 354 355 443 349 353 472 127 152 298 342 453 85 434 351 352 123 111 286 101 24 5 186 482 282 31 54 78 93 350 163 84 70 135 255 293 113 37 448 83
364 364 461 462 464 239 365 414 187 489 366 290 368 419 160 367 362 329 98 225 457 139 260 218 363 62 186 85 0 328 132 460 470 463 130 454 40 458 455 456
379 379 348 56 237 346 357 381 378 353 291 24 351 42 70 449 186 15 101 93 85 443 37 78 54 47 154 23 10
389 389 408 385 263 368 439 8 217 277 404 483 167 38 164 102 69 383 267 390 384 313 183 278
391 391 428 76 144 33 257 26 381 359 29 102 383 267
401 401 415 400 397 418 268 203 411 398 195 224 270 396 34 146 272 403 261 332 413 410 127 139 322 248 382
416 416 169 430 125 57 304 375 13 173 65 300 330 3 386 81 301 97 465 374 370 342 207 63 35 487 206 395 373 305 459 15 218 369 31 302 303 203 372 186 193 231 284 115 371 456 135 282 26 468 471 66 69 328 131 338 486 460 470
430 430 374 416 288 166 304 375 145 185 173 65 300 81 301 165 291 207 35 63 159 487 111 386 125 169 370 31 54 78 101 459 57 282 206 369 303 305 69 373 465 372 123 66 371 468 471 264 40 180 361 193 338 5 393 395 231 451 13 328 182 460 470
