0 0 48 310 120 36 476 445 134 364 366 95 132 49 160 362 367 380 8 105 138 57 277 474 121 4 26 192 177
257 257 529 880 179 445 442 284 585 308 8 105 555 119 372 13 359 102 399 11
130 130 491 589 463 458 363 281 119 275 310 120 234 388 385 447 435 95 364 366 818 132 369 344 49 153 362 358 602 526 8 138 450 439 356 170 339 380
131 131 571 636 644 486 585 467 488 120 208 759 479 457 618 179 482 36 350 476 616 444 533 435 95 344 377 366 49 160 315 374 436 171 452 284 450 235 439 356
128 128 544 846 432 428 431 334 315 299 160 452 316 188 358 427 111 450 422 196 205 339 325 170 323 380 8 309 421 138 367 409 448 474
389 389 408 558 385 263 772 655 531 694 368 439 8 217 277 648 404 38 483 167 631 646 164 102 383 267 390 313 384 183 278
6 6 648 555 385 630 696 169 657 558 166 491 529 404 163 253 102 164 29 383
260 260 812 412 413 229 410 402 258 400 397 279 201 417 364 377 285 268 418 205 112 398 411 243 15 323 56 19 396 195 199 146 215 297 164 238 253 224 332 270 403 321 34 102 330 261 272
136 136 210 206 177 381 394 359
137 137 318 95 49 349 341 439 105 138 78 237 8 409 121 119 4 38 372 39 375 20 65 118 51 155 81 18 306
5 5 657 646 190 433 441 233 482 350 36 476 478 352 434 377 369 344 171 349 303 362 452 284 442 341 356 237 347 448 555 346 268 430 357 175 380 105 596 348
11 11 526 406 618 555 408 405 785 385 636 776 435 630 696 263 374 292 436 427 602 589 254 235 356 339 657 308 387 217 647 57
140 140 560 585 444 533 362 341 450 89 339 529 387 596 57 237 474 175 92 26 178
15 15 370 395 388 445 302 374 284 303 362 416 260 57 249 237 305 26 371 251 372 375 4 379 164 13 224 300 65 3 193 173 185
16 16 363 275 388 476 385 447 95 49 132 362 339 380 105 138 121 177 178 251 119 38 39 4 381
145 145 412 430 382 413 415 229 258 402 400 279 397 295 417 201 366 411 436 418 358 341 285 439 205 268 398 243 380 367 347 319 175
401 401 415 400 397 418 268 411 203 398 195 224 396 34 146 403 332 272 261 127 737 270 322 139
19 19 382 413 229 415 410 402 258 279 400 397 417 295 201 418 285 268 260 205 243 398 411 57 192 346 294 224 396 146 195 215 253 332 270
148 148 516 432 459 213 334 385 299 315 358 427 439 339 325 170 268 418 323 380 422 309 409 249 138 367
144 144 880 302 368 450 387 57 474 319 26 192 166 305 381 195 359 13 331 102 383
22 22 631 228 392 477 234 289 388 246 198 436 316 196 319 294 596 288 409 26 305 45 317 558 13 359 164 304 383
278 278 763 424 241 262 283 221 254 417 235 204 288 240 212 238 259 317 194 331 383 271 321 157 330 151 242 232 155 245 153 17 189 90 122 43 156 158 61 276 291 147 143 351 389 111 154 342
153 153 776 616 840 612 596 527 555 647 236 213 644 219 149 241 640 548 731 618 134 262 630 696 283 216 222 188 235 204 657 74 277 631 646 560 759 212 240 251 355 398 199 491 238 381 253 38 259 242 529 399 499 157 130 194 278 321 232 271 151 585 245 155 280 183 156 143
29 29 811 785 560 529 880 488 208 179 350 526 444 445 447 435 377 171 452 427 450 439 356 89 339 325 6 585 105
416 416 169 430 125 57 304 375 13 173 65 300 330 3 81 301 97 207 342 63 514 812 35 374 605 15 218 203 31 186 386 370 305 115 303 373 395 135 282 369 302 193 284 372 206 371 459 26 465 69 131 66 328 231
33 33 880 450 339 474 240 371 297 483 331 327
163 163 491 559 514 693 377 49 452 341 450 356 6 8 448 348 552 474 175 192 177
297 297 368 60 309 204 421 335 327 326 330 280 184 615 223 296 333 98 324 287 225 248 273 159 162 818 191 428 2 82 218 174 274 260 75 422 72 154 323 33 113 431 432 148 96 299 41 172 128 117 55 163 100
41 41 252 281 428 431 334 446 435 299 200 201 292 222 436 362 221 358 427 422 325 170 323 380 309 418 421 249
430 430 374 416 288 166 304 375 185 173 145 65 300 81 301 165 291 207 159 63 35 111 125 31 78 54 101 169 282 123 40 370 69 5 57 386 66 305 303 459 328 373
47 47 95 160 341 60 450 122 339 277 474 288 177 4 404 407 38
50 50 802 217 448 121 125 483 167 102 39 399 383 267 131 20 321 375
178 178 171 124 175 167 173 184 118 98 1 73 94 159 111 139 441 103 16 140 86 14 135 123 0 117 145 79 5 77 126 55 69 41 25 130
52 52 618 249 429 447 636 776 446 263 436 417 170 387 323 647 8 105 78 409 277 644 294 121
56 56 382 413 379 415 229 410 402 279 400 397 417 295 201 418 362 285 268 260 205 243 398 411 224 396 195 146 164 215 332 270
187 187 853 818 840 489 462 419 239 527 365 414 457 364 366 589 160 362 308 367 203 331 290 329 230 322 1 464 737 248 158 207 218 60 602 526
60 60 615 818 644 555 297 253 432 759 616 630 696 589 427 309 205 325 204 657 323 422 367 47 618 166 371 326 215 195 238 483 227 335 426 327 79 491 529 280 223 184 321 20 168 296 585 187 330
74 74 334 153 427 325 277 249 422 251 253 215 227 321 426 335 327 326 256
203 203 737 605 382 413 414 229 388 415 187 401 410 258 402 400 279 397 417 295 369 201 418 268 285 205 398 243 416 411 57 288 88 224 396 853 146 195 332 270 167
76 76 880 450 474 331 256 185 336 300 329 168 68 98 144 306 46 81 51 391 33
78 78 491 558 179 444 137 772 655 531 694 341 339 430 648 92 121 357 52 119 4 407 38 359 631 646 379 426 194 555 39
79 79 432 449 120 459 431 334 434 299 344 283 200 292 452 221 358 427 235 439 196 205 325 170 422 323 380 418 60 347 138 409 448 421 367 166 411
210 210 136 150 206
83 83 558 405 219 446 315 283 200 772 655 531 694 436 221 417 358 439 356 196 308 125 323 217 387 105 418 319 288 409 277 648 294 212
340 340 558 457 445 772 655 531 694 341 105 648 192 177 371 381 631 646 185 313 87 326 526 230 300 28
88 88 429 476 366 160 368 292 436 439 325 203 319 421 251 195 404 407 38 215 483
89 89 303 249 140 38 483 399 29 194
92 92 388 302 263 368 316 217 387 78 57 249 26 251 305 404 199 140
225 225 589 432 209 818 299 344 377 364 49 602 323 422 418 526 421 240 371 297 253 227 335 327 280 326 343 296 87 34 146 333 337 332 181 223 168 287
353 353 593 453 478 352 434 442 377 349 452 171 356 348 448 347 357 237 346 175 394 354 379 39 256 355 378 20 313 343 376 87 152 298 345 351 24 127 28 84 245 443
355 355 612 350 478 352 647 349 442 344 452 171 356 347 348 448 357 237 175 346 394 256 378 153 343 376 354 345 336 298 232 443 351 24 127 84 353 499 152 70 186 54 94
103 103 585 454 350 533 222 170 529 217 249 409 277 178 251 199 121 404 407 167 551 483
108 108 228 469 480 466 423 475 479 477 289 234 318 36 476 320 176 246 445 198 446 315 283 299 366 292 295 160 316 436 254 417 452 358 235 196 285 294 288 268 409 277 380 319 217 367
109 109 559 432 514 693 476 358 170 552 409 422 381 215 483 359 426
111 111 605 459 447 49 132 268 105 430 8 277 319 178 357 119 4 195 38 128 39 331 399 375 378 20 271 173
112 112 412 410 258 402 400 279 397 295 201 417 436 285 268 243 418 260 398 205 237 411 396 195 146 215 164 332 224 270 383 403 34 321 272 45 261 322 401 230
125 125 514 812 605 465 416 386 206 370 231 459 395 559 169 373 374 302 369 284 303 362 430 450 375 305 249 57 193 372 26 50 304 398 65 371 81 83 394 38 300 173 331 3 13 693 63
119 119 499 675 647 95 49 138 8 121 4 38 39 130 20 602 118 137 51 612 1 43 291 53 298 111 310 124 16 86 618 132 257 17 78 54 142 70 0 106 7 52 92 163 135 140 71 14 120 491 110
249 249 303 52 59 35 89 2 74 62 15 186 125 31 103 96 91 92 113 21 141 150 117 77 148 69 14 29 130 100 25 66 11 107 40 41
122 122 602 236 675 219 149 241 202 262 292 526 188 254 235 589 204 277 47 240 199 238 259 102 194 157 271 242 278 131
379 379 348 237 357 346 381 56 378 353 291 351 24 42 15 101 93 70 37 186 85 54 154 78 47 10 23 91
124 124 178 302 387 26 167 483 119 426 164 102 383 173 185
253 253 325 60 227 321 259 326 280 313 615 223 181 168 337 296 270 485 287 273 225 298 153 207 351 162 818 191 82 2 19 174 74 260 274 6 72 44 79 133 148 145 150
