0 0 48 310 120 36 476 445 134 364 366 95 132 49 160 362 367 380 8 105 138 57 121 277 474 4 119 178 26 192 177
257 257 529 880 179 445 585 442 284 308 8 105 555 630 696 533 551 119 372 13 359 102 399
130 130 463 458 491 589 363 281 275 310 120 234 388 818 602 385 119 447 435 95 132 364 366 369 344 49 526 362 358 138 450 439 356 170 339 675 380 249 367 8 105 121
131 131 571 486 636 644 759 467 585 488 618 120 208 616 479 457 179 533 551 482 36 350 476 776 444 435 95 344 377 366 529 49 160 315 374 436 171 452 284 450 235 439 356 205 416 339 8 217
128 128 544 846 432 428 431 334 315 299 160 452 316 188 358 427 450 196 205 339 325 170 422 323 380 8 309 421 474 138 367 409 448
389 389 408 558 772 655 531 694 385 263 648 368 439 8 217 631 646 277 404 38 483 167 164 102 383 526 267 390 313 384 278 183 763
6 6 648 555 630 696 385 657 558 772 655 531 694 169 491 529 166 404 585 253 164 102 383
260 260 812 412 413 229 410 402 258 400 397 279 364 377 201 417 285 268 418 205 398 411 243 323 484 396 199 195 146 297 238 253 215 332 270 164 56 403 19 102 224 34 330 321 261 272 187 112 15 853 489
136 136 210 206 177 381 394 359
137 137 318 95 49 349 341 439 105 138 237 8 409 121 119 4 38 372 39 375 20 78 65 118 51 81 155
5 5 657 190 646 433 441 233 482 350 36 476 478 555 352 630 696 434 344 171 377 369 596 349 640 548 731 452 303 362 442 284 341 356 175 430 357 346 237 268 448 105 380 558 348 772 655 531 694 347 138
11 11 406 526 618 408 555 630 696 785 636 776 405 602 385 657 435 263 374 647 589 292 436 427 254 644 235 356 759 339 308 675 249 387 217 243 484 57
140 140 560 585 533 551 444 596 529 640 548 731 362 341 450 339 387 57 237 474 175 178 26 177
15 15 370 395 388 445 302 374 284 303 362 416 249 57 237 305 26 371 251 375 372 4 379 13 164 300 224 65 193 3 173 185
16 16 363 275 388 476 385 447 95 49 132 362 339 380 105 138 121 178 177 38 251 39 119 4 381
145 145 412 382 413 415 229 258 402 400 279 430 397 295 417 201 366 411 436 418 358 341 398 285 243 439 484 205 268 380 367 347 319 175
401 401 415 400 397 418 268 411 398 195 224 203 737 396 34 146 403 272 332 261 127 413 270 322 139
19 19 382 413 229 415 410 258 402 400 279 397 417 295 201 418 285 268 205 243 398 484 411 57 192 346 294 396 224 146 260 195 332 270 253 215
148 148 516 432 459 213 334 385 299 315 358 427 439 339 325 170 268 418 323 380 249 422 309 409 138 367 166
144 144 880 302 368 450 387 57 474 319 26 192 166 305 381 195 359 13 331 102 383
22 22 631 228 392 477 234 289 388 246 198 596 640 548 731 436 316 196 319 294 425 558 288 772 655 531 694 409 26 305 646 45 317 13 359 164 304
278 278 763 424 241 262 283 221 254 417 235 204 288 240 212 238 259 194 317 331 383 271 321 157 330 151 242 155 232 245 17 122 153 90 189 202 43 205 156 61 158 276 291 342 143 147 111 389 351 154 222
153 153 776 616 840 612 527 647 596 640 548 731 644 759 555 630 696 236 618 213 219 149 241 657 262 134 283 499 216 222 631 646 560 636 188 204 235 277 240 212 491 529 251 398 199 238 675 381 585 253 38 259 242 355 399 194 278 763 321 232 271 74 245 155 143 156 280 183 158 43 157 151 276 181 230
29 29 811 785 560 529 880 488 208 526 179 350 444 445 447 435 377 596 585 640 548 731 452 171 427 450 439 356 339 325 555 249 630 696 105 138 347 448 474
416 416 169 430 57 304 375 13 173 125 65 300 330 3 81 301 97 374 386 207 342 63 514 812 487 35 605 370 15 203 737 305 218 373 465 31 395 186 206 303 369 115 302 193 372 459 371 284 456 135 282 26 468 471 231 69 66 486 131 338 328 571 460 470
33 33 880 450 339 474 240 371 297 483 331
163 163 491 559 514 693 552 377 49 452 341 450 356 8 448 348 474 175 555 630 696 192 177
297 297 368 309 204 421 60 615 335 327 326 330 280 184 223 296 333 98 324 287 225 248 428 273 159 172 431 162 422 209 191 260 432 174 2 323 218 274 75 818 334 72 154 33 299 113 148 128 96 516 163 41 117 100 55 360 82 325
41 41 252 281 428 431 334 446 435 299 200 201 292 222 436 362 221 358 427 422 325 170 323 380 249 309 418 421 138 409 448
430 430 374 416 288 166 304 375 185 173 65 300 81 301 165 291 207 159 63 487 35 111 386 125 145 169 78 370 31 54 101 206 459 373 57 605 282 305 369 123 303 451 372 361 371 468 471 182 69 5 231 395 193 393 66 13 338 328 180 460 470 465 40 161 264 360 514 812
47 47 95 160 341 450 339 277 474 288 177 4 404 407 38
50 50 802 217 448 121 483 167 102 39 399 383 267 20 321 375
178 178 171 175 167 124 173 184 441 118 98 1 182 73 94 159 111 139 103 16 86 140 48 135 123 117 5 145 79 77 126 69 130 29 41 131 55 811 486 25 100 108 14 571 66 0 107 40
52 52 618 636 776 249 429 447 446 263 647 436 417 644 759 170 387 323 8 105 409 277 294 121
56 56 382 413 415 229 410 402 400 279 397 417 295 201 418 362 268 285 205 243 484 398 379 411 224 396 260 195 146 270 332 215 164
187 187 489 853 818 840 527 462 419 239 365 414 457 589 290 364 366 160 362 308 367 464 602 461 331 526 458 329 230 322 203 675 1 737 248 158 218 60 615 368 207 125 260 812 74
60 60 615 818 644 759 432 555 630 696 616 589 297 657 253 427 618 205 325 309 204 323 422 367 491 529 166 371 585 215 195 238 326 483 227 335 426 327 187 602 526 280 636 776 489 853 321 184 20 223 168 296 420 330 337 333 47
74 74 334 427 325 249 277 422 251 153 253 215 227 335 426 321 327 326
203 203 737 605 382 413 414 229 388 415 410 258 402 400 279 397 417 295 369 201 418 268 285 416 205 398 243 484 401 411 57 288 187 489 853 396 146 270 195 332 419 224 167 272 34 261
76 76 880 450 474 331 256 185 336 300 329 168 68 306
78 78 491 179 558 772 655 531 694 444 648 341 430 339 631 646 555 137 630 696 121 357 119 4 38 407 379 359 426 39 194
79 79 432 449 120 459 431 334 434 299 344 283 200 292 452 221 358 427 235 439 196 205 325 170 422 323 380 418 347 138 409 448 421 367 166 411
210 210 136 150 211 220 190 226 247 265 286 206 290 48 228 250 293 233 239 252 264 255 214 281 275 208 209 231 236 213 234 289 219 36 149 229
83 83 558 772 655 531 694 405 219 446 315 283 648 200 436 221 417 358 439 356 196 308 323 217 387 105 418 631 646 319 288 409 277 294 212 240 421
340 340 457 558 772 655 531 694 445 648 341 105 631 646 192 177 371 381 526 185 313 87 326 230 300
88 88 429 476 366 160 368 292 436 439 325 319 421 251 195 404 407 215 38
89 89 303 249 38 483 399 194
92 92 388 302 263 368 316 249 217 387 57 26 251 305 404 199
225 225 589 432 209 818 602 299 344 377 364 49 526 323 422 675 418 421 240 297 371 253 785 227 335 327 326 280 420 296 343 461 223 168 87 181 34 146 333 337 332 287
353 353 593 453 478 352 434 442 377 349 452 171 356 348 448 347 357 237 175 346 394 354 443 379 39 355 256 378 20 313 343 376 152 87 298 351 24 441 345 127 28 84 245
355 355 612 647 350 478 352 349 344 442 452 171 356 347 348 448 357 237 175 499 346 443 394 256 378 343 376 618 675 153 776 354 441 298 345 336 232 351 24 596 640 548 731 127 84 472 353 593 70 152 186 54 94
103 103 454 585 533 551 350 529 222 170 217 249 409 277 178 251 199 121 555 404 630 696 407
108 108 228 469 480 466 423 475 479 477 289 234 318 36 476 320 176 246 445 198 446 315 283 299 292 366 295 160 316 436 254 417 452 358 235 196 285 294 288 277 268 409 319 380 217 367
109 109 559 514 693 552 432 476 358 170 409 422 381 215 483 426 359
111 111 605 459 447 49 132 430 268 105 8 277 319 178 119 357 4 195 38 39 331 399 375 378 20 173 271
112 112 412 410 258 402 400 279 397 295 201 417 436 243 285 484 268 418 398 205 237 411 396 146 195 332 215 164 260 224 270 403 383 34 321 272 261 401 45
125 125 514 812 605 465 386 559 370 206 231 459 395 416 693 552 373 169 302 374 369 284 303 362 430 450 375 249 305 57 372 26 371 398 304 81 65 394 38 300 63 173 13 331 487 3 193 187 489 853
119 119 499 675 647 95 49 602 138 8 612 121 4 38 39 20 618 118 137 310 526 51 130 596 589 640 548 731 636 1 43 291 53 111 298 132 440 120 124 776 86 78 257 48 17 54 0 70 142 106 52 7 163 140 92 491 135 71 14 69 16 110 129 148 785 141 516 486 131 560 463 11
249 249 303 52 59 35 89 125 74 2 15 62 186 103 31 96 91 92 113 141 21 150 117 148 516 77 481 14 130 100 40 69 41 107 29 66 811 11 25
122 122 602 675 236 219 149 526 241 202 589 262 292 499 188 254 235 204 785 277 240 199 238 259 102 242 278 194 157 763 271 818
379 379 348 237 357 346 381 378 353 593 291 56 351 24 449 42 443 15 101 78 93 70 37 186 433 85 154 54 47 23 91 10
124 124 178 302 387 26 119 167 483 426 164 102 383
253 253 325 227 60 615 321 259 326 280 313 223 181 168 337 296 270 485 273 287 153 225 298 207 351 162 191 260 432 82 6 174 2 74 274 818 72 133 79 148 145 334 516 323 128 44 172 19 422 41 100 150 83 431
