0 0 48 310 120 36 476 445 134 366 95 132 49 364 160 362 367 380 8 105 138 57 277 474 121 4
2 2 281 427 285 170 309 249 422 421 78 4 297 253 215 227 426 335 327 321 163 193 326
5 5 190 433 441 233 482 350 36 476 478 352 434 168 377 369 344 171 349 303 362 452 284 442 341 157 356 347 430 237 346 268 175 448 380 105 357 348
6 6 385 169 159 166 404 253 164 102 163 383
10 10 119 263 369 200 188 358 356 196 170 158 57 409 277 422 367 186 372 238
11 11 406 408 405 385 435 263 374 292 436 427 254 235 356 339 308 387 217 57
15 15 370 395 388 445 302 374 284 303 362 416 249 57 237 305 26 260 371 251 372 375 4 379 164 13 224 300 65 3 193 173 185
16 16 363 275 388 476 385 447 95 49 132 362 339 380 105 138 121 178 177 251 119 38 39 4 381
19 19 382 413 229 415 410 258 402 279 400 397 417 295 201 418 285 268 243 398 205 411 57 260 192 346 294 224 396 146 195 215 253
22 22 228 392 477 234 289 388 246 198 436 316 196 319 294 288 409 26 305 45 142 317 13 359 164 304 383
25 25 281 392 429 263 435 373 299 201 315 366 436 221 358 439 217 387 325 308 205
27 27 451 480 466 475 479 477 289 234 318 320 176 198 446 134 315 436 316 196 319 294 288 409 317 45 238
29 29 488 208 179 350 444 445 447 435 377 322 296 391 171 452 427 450 439 356 339 325 105
33 33 391 450 339 474 240 371 297 483 331
37 37 476 296 341 450 308 105 474 422 177 381 357 379 372 359 227
38 38 95 49 138 8 351 121 119 39 137 118 51 94 73 389 53 153 111 89 86 16 191 125 133 47 132 10 101 54 0 78 88 106 31 96 163 140
40 40 423 214 488 392 370 405 431 385 320 446 435 366 302 364 160 49 368 362 316 221 452 188 439
41 41 252 281 428 431 334 446 435 299 200 201 292 222 436 362 221 358 427 325 170 422 380 309 418 249
42 42 444 474 177 379 426 256 267 185
44 44 444 445 303 341 450 474 367 62 177
47 47 95 160 341 450 339 60 277 474 288 122 177 4 404 407
50 50 313 217 448 121 483 167 102 39 399 383 125 20 267 321 375
52 52 249 429 447 446 263 436 417 170 387 8 105 409 277 323 294 78 121
55 55 286 293 264 252 255 214 275 236 357 213 219 36 476 202 385 134 446 435 262 292 216 315 283 222 160 200 221 254 188 358 427 235 450 439 339 240 138 204 409 319
56 56 382 413 415 229 410 379 402 279 400 397 417 295 201 418 362 285 268 243 205 398 260 411 224 396 195 146 215 164 332
59 59 481 388 217 249 381 167 102 164 256 87 107 384 403
60 60 432 297 253 329 155 427 309 325 205 422 367 204 323 166 371 47 195 215 238 483 326 227 335 426 327 187 280 223 321 184 20 79 168 296 330
62 62 364 358 427 249 251 404 44 238 215 483 167 39 194
63 63 487 465 370 206 231 209 459 204 395 373 447 374 302 369 284 169 303 188 416 430 305 57 288 375 319 26 372 371 304 394 4 81 13 359 300 65 193 3 173 45 330 125 97
66 66 467 488 449 208 457 179 444 478 435 168 369 344 377 315 366 341 452 235 450 356 325 153
69 69 338 486 440 226 247 437 283 467 488 208 205 179 482 166 36 350 445 444 434 157 435 95 344 377 366 49 341 303 362 284 171 452 340 170 430 450 356 389 285 159
70 70 204 482 478 352 344 349 452 442 171 308 448 105 347 348 237 175 277 357 394 192 346 381 379 119 378
71 71 275 213 149 176 241 202 198 279 216 292 283 222 200 436 254 427 235 240 348 277 204 319 294 212 199 251
74 74 334 427 153 325 249 277 422 251 253 215 227 426 335 321 327 326
76 76 391 450 474 331 256 185 336 300 168 98 68 329 306
78 78 179 444 137 341 339 430 2 121 4 119 357 407 92 359 379 38 426 52 194 39
79 79 432 449 120 459 431 334 434 299 344 200 292 283 452 221 358 427 235 439 196 325 170 205 422 380 418 347 138 409 448 421 367 323 411
82 82 412 334 201 295 358 427 439 170 325 309 422 409 421 166 121 297
83 83 405 219 446 315 200 283 436 221 417 358 439 356 196 308 217 387 105 418 319 288 409 277 323 294 212 125
85 85 237 449 482 476 478 352 434 344 377 349 374 442 364 171 356 105 448 380 347 348 357 175 367 162 394 346 192
88 88 429 476 366 160 368 292 436 439 325 319 421 203 251 195 404 407 215
89 89 303 249 483 38 399 140 194
91 91 405 436 362 308 380 217 249 409 277 404 121
92 92 388 302 263 368 316 217 387 249 57 26 78 251 305 404 199
96 96 388 263 368 439 285 380 249 277 288 404 103 297
100 100 360 432 449 392 172 213 36 415 431 334 445 435 329 299 369 344 366 283 436 221 452 225 358 427 341 450 439 196 325 170
103 103 454 350 222 170 217 249 409 277 178 251 199 121 404 407 167 96 483
104 104 469 451 480 475 479 477 289 318 320 246 198 446 279 316 358 196 288 294 319 353 418 409 277 212 317 45 251 166 4 238
107 107 293 252 214 392 213 219 36 149 241 202 134 157 242 262 258 151 292 446 435 283 216 366 315 222 49 160 200 201 254 436 221 235 188 358 427 341 153 158 59 204 240 450 439 356 170 196
108 108 228 469 480 466 423 475 479 477 289 234 318 36 476 320 176 246 445 198 446 315 299 366 292 295 160 283 316 436 254 417 452 358 235 196 285 294 288 268 277 409 319 380
109 109 432 476 358 170 409 422 381 215 483 359 426
110 110 408 405 302 200 292 368 362 188 439 325 387 105 217 309 57 474 244
111 111 459 447 49 132 430 268 105 8 277 319 178 119 357 4 195 38 39 331 399 375 378 20 128 271 173 116
112 112 412 410 258 402 400 279 397 295 201 417 436 285 268 243 418 398 205 260 411 237 396 195 146 215 164 332 224 383 403 270 34 321 272 45 261
113 113 429 263 262 49 315 368 362 169 439 235 339 387 217 249 122 212
116 116 469 466 475 479 477 289 234 318 476 320 176 246 198 446 292 436 316 196 288 294 319 409 367 125 45 317 192 177 203 251 398 199 238 111
119 119 95 49 138 8 121 4 38 39 20 10 130 118 137 51 1 43 291 53 298 111 310 124 16 86 132 78 257 17 54 0 106 52 7 142 163 92 70 140 120 135 14 71 110
122 122 236 219 149 241 202 262 292 188 235 254 277 204 240 199 238 47 259 102 113 194 271 278 242
123 123 433 233 449 482 350 476 355 444 445 478 434 352 344 377 49 349 452 341 442 171 356 346 347 153 357 448 339 237 158 430 380 175 8 217 474 348
124 124 178 302 387 26 167 119 483 426 164 102 383 185
125 125 465 386 416 206 370 231 459 395 323 169 373 374 302 369 284 303 362 430 450 375 249 305 57 193 372 26 398 304 371 65 81 116 394 300 173 38 13 331 3 50 83 63
126 126 425 438 451 480 466 423 214 408 475 477 479 289 234 318 320 176 246 385 198 446 315 200 316 436 417 221 452 358 288 196 294 339 170 205 319 317 409 367
127 127 350 352 171 356 153 348 155 175 474 237 357 346 4 394 372 375 378 355 271 354 313 12 173 376 87 353 232 345 152 84 337 298 401 351 24 51 270 18 324 301 81
128 128 432 428 431 334 315 299 160 452 316 188 358 427 450 196 422 339 325 170 205 380 111 8 309 138 367 421 409 448 474
129 129 488 208 395 444 155 362 284 452 341 427 450 356 339 158 308 147 380 8 448 347 474
130 130 463 458 363 281 275 310 120 119 234 388 385 447 435 95 366 132 369 344 49 364 362 358 8 138 450 439 356 153 170 339 380
131 131 486 467 488 120 208 479 457 179 482 36 350 476 444 435 95 344 377 366 49 160 315 374 155 436 171 452 284 450 235 439 356
136 136 210 206 177 381 394 359
137 137 318 95 49 349 341 439 105 138 8 409 237 121 78 119 4 372 38 39 375 20 65 118 51 81 18
140 140 444 362 341 450 339 387 57 474 89 175 237 178 26
141 141 423 429 385 263 435 262 295 368 436 362 427 188 285 387 217 380 249 367
142 142 214 213 318 241 246 262 292 216 283 222 315 316 254 221 235 418 288 204 294 367 251 22 238 259 119
144 144 302 368 391 450 387 57 474 319 26 192 305 166 381 195 359 13 331 102 383
145 145 412 382 430 413 415 229 258 402 400 279 397 295 417 201 366 411 436 418 358 341 285 439 398 268 243 205 380 367 347 319 175
147 147 368 448 212 177 404 483 259 224 335 129 313
148 148 432 459 213 334 385 299 315 358 427 439 339 325 170 268 418 380 309 422 249 409 138 367 323
151 151 149 262 288 240 199 238 259 278 107 157 232 245 155 153 143 158 276 291 73 43 156
153 153 236 213 219 149 241 262 134 127 216 222 283 188 235 351 204 277 212 240 251 74 287 398 199 381 238 253 259 38 399 242 321 194 232 157 271 278 245 151 123 130 280 155 156 355 183 143 337 181 43 230 107 276 66 158
155 155 219 149 202 292 221 127 60 270 204 347 240 238 483 271 129 278 65 87 245 131 151 232 156 242 157 153 43
157 157 149 241 283 222 254 221 188 204 240 199 238 194 278 271 45 242 245 151 107 69 183 232 403 156 153 143 158 5 276 155 17 122 90 272 61 64 43
158 158 290 149 241 202 262 283 200 222 254 235 288 204 240 238 10 259 317 278 239 194 157 245 232 271 151 187 242 129 123 107 183 87
159 159 182 361 264 360 161 180 172 179 36 176 134 222 169 171 341 358 170 430 308 175 178 6 192 177 166 297 1 167 164 359 304 184 165 183 69 173 336 312
162 162 360 172 209 134 169 427 170 308 422 175 323 421 411 166 215 297 327 253 326 167 227 335 85 426 184 280 321 185
163 163 377 49 452 341 450 356 8 448 348 474 175 6 2 192 177
166 166 299 170 325 430 175 335 327 184 326 183 223 168 296 28 333 98 69 1 165 287 273 276 159 60 162 144 6 72 75 274 79 148 128 104 41 71 77 82 422 172 100
168 168 325 309 422 323 166 253 227 335 102 304 327 321 280 326 5 181 223 66 28 337 296 287 118 225 333 485 60 76 273 248 68 207 1
178 178 171 175 124 167 173 184 118 98 1 73 94 159 111 441 139 103 140 16 86 14 135 0 117 145 123 79 5 77 126 55 130 41 29
186 186 250 472 161 473 255 365 408 457 414 179 413 405 36 350 431 334 176 478 352 434 400 279 262 435 263 373 369 216 299 377 366 374 349 356 442 364 417 284 221 341 235 418 268 416 448 387 217 243 237 309 348 249 347 175 305 357 421 346 192 394 199 238 379 10 372 193 224 426 378 331
187 187 489 462 239 364 419 365 414 457 366 329 160 362 367 308 464 461 351 290 331 203 230 322 368 1 218 248 158 260 207 60 125 74
203 203 382 413 414 229 388 415 410 258 402 400 279 397 187 401 417 295 369 201 418 268 285 248 398 416 243 205 411 57 288 224 396 146 195 88 332 116 270 167
204 204 236 292 368 188 240 199 63 297 70 278 242 157 245 155 156 43 153 276 143 158 241 60 90 122 17 149 218 154 61 142 216 93 202 107 21 254 222 214 71 150 283 275 221 487 262 55 219
205 205 424 417 268 411 398 224 164 396 146 332 270 272 69 261 410 415 60 243 402 139 258 260 112 397 382 203 418 400 23 295 56 285 413 201 229 279 19 115 412 75 21 150 79 145 126 195 128 131 107 25
207 207 180 258 344 430 416 308 325 309 138 26 305 199 404 253 304 483 13 193 378 321 187 173 3 326 65 280 66
210 210 136 150 206 211 220
225 225 432 209 299 344 377 49 364 422 418 323 421 240 371 297 253 227 335 327 280 326 343 223 100 87 296 168 34 146 337 333 332 181
237 237 443 434 442 349 452 448 105 346 357 379 85 102 87 355 354 28 353 127 137 352 291 298 478 347 351 24 139 112 348 15 186 449 282 54 5 123 70 394 101 140 150 482 344 356 77 131 433
242 242 250 255 275 236 213 36 262 216 222 292 221 254 188 235 204 387 240 212 199 259 194 278 107 153 245 156 157 223 143 241 276 158 155 61 122 17 90 150 43
244 244 392 362 439 387 394 195 238 167 164 383 267 110 45
248 248 176 188 309 170 422 347 421 411 398 203 121 297 215 227 426 335 327 256 321 187 326 280 12 184 223 183
249 249 303 52 59 35 89 74 15 125 62 186 2 103 31 91 96 92 113 21 141 150 117 77 148 14 29 11 130 25 100 66 69 40 41 107
253 253 325 60 227 321 259 326 280 313 223 181 168 337 296 485 270 273 225 287 153 298 207 351 162 191 82 260 174 19 74 6 274 72 2 44 79 133 148 145
257 257 179 445 391 442 284 308 8 105 119 372 13 359 102
260 260 412 323 413 229 410 402 258 400 397 279 201 377 417 364 285 268 418 398 205 411 243 112 15 195 396 56 199 146 19 297 215 238 164 253 332 224 270 403 102 321 34 330 261 187
270 270 382 413 415 410 402 258 400 279 397 295 417 201 418 285 268 398 205 308 411 243 155 288 195 396 253 224 304 272 261 332 330 403 322 139 280 34 146 230 112 401 203 181 260 56 19 127 23
274 274 172 428 431 320 434 299 278 132 325 170 309 421 422 323 26 305 166 297 326 335 327 426 215 253 227 280 321
278 278 424 241 262 283 221 254 417 235 204 288 240 212 238 259 194 317 331 383 271 321 274 330 151 242 157 232 245 158 155 17 90 189 122 43 153 156 61 276 291 143 342 147 111 389 351 154
283 283 222 254 240 278 157 69 232 245 153 143 158 17 142 61 21 241 71 150 83 79 216 55 108 221 424 100 107 262 328 134 275 204 226 247 235 246
287 287 172 209 428 334 431 299 427 188 325 422 309 170 421 323 319 153 166 297 215 253 335 227 426 359 326 321 327 296 223 184 280 313 12 168 181 333 330 337
296 296 209 428 431 334 299 325 422 309 170 421 323 26 166 335 297 37 253 227 215 167 426 102 321 326 327 267 29 280 333 287 184 223 181 225 168 337 60 273 248
297 297 368 309 60 204 421 335 327 326 330 280 184 223 296 333 98 324 225 287 248 273 159 162 191 428 174 218 260 82 274 75 72 422 2 154 33 96 431 323 148 113 128 41 299 117 163 432 172 55 100
313 313 50 253 331 39 185 20 312 230 28 127 353 51 324 340 156 272 389 32 287 147 53 351
322 322 402 400 295 285 268 411 308 398 195 224 304 332 396 187 29 330 65 270 403 87 34 146 230 272 401 261
323 323 420 422 421 260 215 335 327 125 280 326 390 223 168 296 333 485 225 287 273 60 191 431 162 174 428 274 72 299 41 148 128 309 100 21 75 334 297 52 79 209 14 83 432 325
328 328 460 470 211 220 338 463 420 406 456 468 471 190 226 247 265 286 440 461 454 361 290 228 424 433 462 464 437 465 233 239 252 264 419 472 161 386 467 469 473 180 255 451 363 214 281 423 466 408 275 310 365 475 120 172 206 208 392 209 236 459 457 213 234 405 289 476 428 388 429 36 149 431 334 176 202 444 445 385 446 246 447 160 352 292 435 263 373 200 362 132 95 216 299 369 344 377
329 329 461 464 419 365 414 364 187 366 368 160 362 367 60 13 462 100 87 239 300 354 223 489 28 84 98 324 97 76
340 340 457 445 341 105 192 177 371 381 185 313 87 326 69 230 300
351 351 472 473 449 459 38 482 219 350 478 434 187 442 377 349 303 356 153 285 380 448 348 347 357 175 237 346 394 192 381 398 379 253 331 259 378 13 355 343 321 354 256 376 353 87 20 127 84 345 313
353 353 453 478 352 434 442 377 349 452 171 356 348 448 347 175 346 357 237 394 354 379 39 256 355 378 20 313 104 343 376 87 152 298 345 24 351 28 84 443 127 245
355 355 350 478 352 349 344 442 452 171 356 347 348 448 175 357 346 237 394 256 378 123 343 376 354 443 336 345 298 232 24 351 84 353 127 152 70 441 186 54 94 153
357 357 433 449 478 442 356 348 347 237 346 394 379 378 55 343 355 354 353 127 349 152 298 342 351 85 111 24 443 123 186 434 352 5 282 472 78 31 54 70 163 93 37 135 101 113 83 129
364 364 461 462 464 239 365 414 187 366 368 160 362 367 419 290 489 329 98 225 139 260 218 62 186 85 457 0 130 363 40 132
379 379 348 237 346 357 381 378 56 353 291 24 351 70 42 186 15 101 37 93 85 78 54 154 47 10 23 91
389 389 408 385 263 368 439 8 217 277 404 483 167 38 164 102 383 267 390 384 313 183 278 69
391 391 428 76 144 26 257 33 381 359 102 383 267 29
401 401 415 400 397 418 268 411 398 203 195 224 396 34 146 403 332 272 261 127 270 322 139 248
416 416 169 430 57 125 304 375 13 173 65 300 330 3 81 301 97 342 207 63 374 35 15 218 203 31 386 370 186 305 115 303 373 395 135 282 369 302 193 372 284 206 371 459 26 66 69 131 465 328 231
430 430 374 416 288 166 304 375 185 173 65 300 145 81 301 165 291 207 159 63 35 111 125 78 31 54 101 169 282 69 370 66 123 386 40 57 5 305 303 373 459 328 206
