128 128 1410 544 1480 846 1500 605 432 428 431 334 571 315 299 160 452 316 188 358 427 450 422 196 205 339 325 170 636 1514 323 380 8 309 421 138 367 409 448 474
355 355 612 350 647 478 352 349 442 344 452 171 356 347 348 448 1522 357 237 175 346 394 256 378 343 376 354 345 336 298 232 351 127 24 84 353 499 443 153 152 70 186 54 94
6 6 648 3331 1398 555 1500 491 811 559 385 529 630 696 785 3257 571 169 585 560 657 636 1514 558 166 3277 880 3218 3290 404 253 164 102 383
103 103 585 454 350 533 222 529 170 249 217 409 277 178 251 199 121 551 404 407 167 483
74 74 1522 334 776 616 427 325 249 840 612 277 422 251 253 215 1499 227 426 335 187 327 326 256 321
11 11 1385 3425 526 1499 618 406 555 408 529 405 589 785 491 636 776 385 602 630 696 880 435 263 374 292 1522 436 427 254 119 235 356 657 647 1421 339 308 249 387 217
140 140 3257 3260 560 1421 585 1618 3246 1398 533 444 529 1506 362 341 811 450 618 339 596 387 57 237 474 175 178 26
144 144 880 1445 3201 3425 302 368 450 387 57 474 319 26 192 166 305 1398 381 195 359 13 331 102 383
19 19 1629 1481 3183 382 413 812 1425 229 415 410 258 402 400 279 397 417 295 201 418 285 268 205 243 398 57 411 1748 192 346 294 224 396 195 253 146 215
148 148 516 1500 432 459 213 334 385 571 299 315 358 427 439 339 325 170 249 268 636 1514 418 323 380 422 309 409 138 367 166
22 22 631 228 392 477 234 289 388 246 198 436 316 196 319 596 294 288 409 26 305 45 558 317 13 359 164 304 383
119 119 499 1499 675 647 95 49 491 589 138 8 121 4 602 38 1522 39 20 612 118 137 1594 51 1 43 111 291 53 298 526 776 3331 618 124 78 16 11 596 257 86 17 54 818 0 70 142 310 106 52 7 163 132 92 135 130 71
