0 0 108 48 228 469 480 466 310 423 476 475 120 445 479 366 477 289 160 234 318 36 320 176 380 246 367 138 277 198 134 95 132 446 192 177 121 315 295 49 299 362 292 316 452 436 254 417 425 399 358 224 294 378 327 288 235 185 196 285 319 268 105 146 8 57 217 343 354 336 409 474 312 376 3 212 396 345 152 232 473 314 26 98 51 99 84 421 251 337 306 333 1 94 291 238 199 324 195 4 394 46 331 404 372 317 311 301 342 17 97 227 483 307 485 414 266 407 165 156 189 276 363 164 259 114 150 117 426 183 245 261 53 21 13 31 106 18 32 298 39 72 61 393 154 193 43 68 365 102 135 197 332 218 194 115 403 77 390 14 75 335 173 174 58 184 23 455 86 7 230 139 282 64 271 30 181 223 269 73 101 118 180 300 28 143 384 20 267 326 280 272 24 321 67 133 81 330 9 45 90 80 35 93 453 273 440 54 65 191 12 438 447 87 464 34
2 2 163 78 130 137 281 66 463 119 92 207 141 6 70 109 458
5 5 168 190 157 433 441 233 482 350 36 476 478 352 66 434 207 141 344 171 377 369 107 349 151 242 59 452 303 362 442 284 341 356 175 268 346 380 448 105 69 177 348 102 192 381 394 283 166 205 340 389 42 347 138 327 371 319 367
6 6 159 163 182 361 29 322 2 66 264 360 207 141 131 82 161 70 109 180 296 89 179
10 10 119 186 158 250 113 130 472 161 473 123 355 255 290 408 365 356 463 457 263 100 369 414 225 129 179 350 200 122 358 238 262
11 11 16 406 257 37 130 140 129 363 275 408 385 40 66 463 119 296 207 141
15 15 260 112 19 370 323 56 379 395 412 388 445 420 302 374 284 303 410 362 413 402 400 229 279 258 397 382 57 201 411 243 417 305 484 26 371 251 418 375 372 268 285 295 398 164 224 4 415 3 13 300 81 330 84 193 195 51 185 125 416 301 139 28 173 65 146 215 386 291 143 354 396 197 23 343 35 80 46 269 298 332 97 115 31 403 34
16 16 363 11 275 406 388 476 385 447 95 257 49 132 362 339 138 105 380 37 130 121 381 140 129 177 251 359 39 4 227 408 256 375 20 118 321 12 343 51 185 98 184 87 312 40 310 94 306 354 81 152 68 66 485 119 28 463 207 300 296 141 376 114 311 97 64 307 32
19 19 260 112 15 382 323 56 379 413 412 229 415 402 279 410 397 258 400 420 295 418 417 201 285 268 398 243 484 57 411 396 215 192 146 294 346 332 370 230 403 195 261 139 34 272 280 224 164 375 181 259 84 383 395 125 321 51 416 28 23 45 3 189 143 43 301 291 271 115 197 80 330 12 65 324 87 276 46 298 269 232
22 22 142 228 392 477 234 289 246 388 198 214 107 151 242 59 436 294 316 196 319 213 288 425 69 283 205 166 409 340 389 42 318 26 305 157 315 241 317 481 292 304 13 359 164 262 146 222 383 245 254 45 291 216 28 320 235 221 143 43 173 189 390 65 17 314 165 276 197 80 345 3 114 293 376 311 98 81 338 486 300 71 83 87 159 307 34 30 261 90 99 84
25 25 70 109 125 416 281 204 63 487 392 323 163 83 429 50 116 313 373 263 435 299 315 465 201 366 420 436 308 221 358 439 277 231 304 206 370 325 459 387 217 371 375 372 193 26 386 65 57 13 173 199 359 398 111 409 474 212 432 45 483 319 331 381
27 27 148 451 480 466 475 479 477 289 234 318 315 320 176 432 198 446 134 459 131 82 436 213 316 196 319 238 334 294 425 288 259 385 409 486 147 145 390 430 299 376 317 34 330 146 189 439 339 358 427 291 256 170 99 20 418 45 314 380 271 268 80 325 276 212 342 156 122 50 261 32 307 197 272 313 30 336 367 165 245 138 422 17 67 43 46 309 192 311 298 3 53 224 114 90 28 421 9 139 68
29 29 322 296 89 71 40 391 6 76 144 33 488 257 140 179 208 37 159
33 33 391 76 144 257 450 339 29 322 474 40 240 371 483 331 300 327 193 378 46 185 68 266 97 306 64 343 307 18 32 89 35 296 51 301 30 94 312 376 9 485 428 311 298 324 73 345 3 336 67
37 37 296 113 100 225 186 11 16 122 69 283 205 166 340 389 42 476 406 29 322 130 329
38 38 351 187 489 364 472 473 95 49 153 462 74 449 461 239 459 8 138 329 464 482 219 365 121 419 350 127 287 39 414 478 434 356 377 203 123 349 355 88 401 248 94 442
40 40 257 96 103 488 29 322 423 214 392 370 66 207 141 391 76 144 33 44 62 405 296 89 71 11 431 16 454 435 385 140
41 41 128 252 281 111 55 357 428 334 431 446 435 427 299 200 201 292 116 286 170 222 309 436 362 221 358 138 448 421 367 325 294 293 422 433 432 380 418 121 319 409 212 240 411 227 407 483 264 331 192 317 131 82 199 371 280 238 372 195 215 267 214 184 160 255 271 332 396 304 315 259 399 327 426 223 403 181 245 354 335 390 345 3 384 330 232 378 194 333 337 193 152 230 51 321 275 455 20 185 84 189 1 272 306 72 273 459 314 219 342 449 32 156 196 65 326 165 34 485 94 17 202 236 73 307 339 174 53 80 216 266 261 114 311 12 343 291 276 68 43 24 191 30 118 64 9 188 90 316 269 67 139 154 450 133 93 31 447 101 117 8 312 376 23 58 135 21 106 218 77 150 99 7 213 61 35 75 14 134 476 54
42 42 69 283 205 166 340 389 444 338 486 159 83 474 440 226 247 157 142 22 177 437 424 182 256 426 467 185 78 37 28 137 267 384 336 98 12 179 306 314 312 361 5 300 68 345 81 1 84 64 46 51
44 44 62 96 103 444 445 454 40 215 303 39 341 358 427 450 140 251 404 223 474 384 367 167
47 47 122 60 297 253 79 126 113 95 329 160 186 425 277 341 450 339 155 236 131 270 438 82 432 474 407 404 177 4 288
50 50 313 125 416 131 82 323 83 25 116 486 147 145 148 430 27 465 420 20 39
52 52 249 78 137 92 140 129 89 287 147 429 71 263
55 55 357 286 293 128 433 41 264 252 255 214 111 275 449 236 213 219 36 476 202 385 134 478 446 435 262 292 216 315 222 160 200 116 442 212 221 199 254 188 358 427 294 343 235 138 356 450 439 428 371 354 339 346 281 317 407 399 348 431 334 240 227 152 347 432 238 409 194 20 271 319
56 56 379 260 112 15 19 382 323 413 412 415 229 402 279 410 397 420 400 398 295 417 411 418 201 285 268 362 224 258 195 215 164 243 396 484 146 346 332 348
59 59 481 107 151 242 388 157 142 71 22 293 158 250 217 213 252 149 381 262 5 167 102 164 275 255 256 392 222 214 153 216 241 36 123 74 355 384 292 254 236 403 143 87 240
60 60 297 253 79 126 47 329 425 438 155 270 122 451 480 423 214 466 408 432 461 449 475 477
62 62 44 96 103 358 427 215 445 444 454 251 404 238 40 384 483 303 167 223 341 39 327 84 194 333 450 314 152 485 266 311 184 156 197 30 324 67 114 337 298 307 181 291 165 342 396 390 367 53 9 140 330 273 403 326 474
63 63 487 204 465 70 109 370 206 231 209 459 395 25 373 447 374 302 236 284 369 163 303 169 188 305 57 375 288 319 26 372 371 394 304 4 368 81 292 13 359 300 193 65 3 173 45 143 51 146 345 301 97 18 165 330 386 35 183 34 31 199 90 432
66 66 207 141 168 2 40 5 96 6 103 467 488 423 163 11 180 16 257
69 69 283 205 166 340 389 42 338 486 159 83 440 226 247 157 142 22 437 424 182 78 37 137 467 361 5
70 70 109 204 25 63 487 163 465 432 2 125 416 482 6 281 476 206 370
71 71 140 89 29 322 107 151 242 59 275 92 213 296 149 481 176 241 202 198 292 279 427 216 254 436 157 52 142 222 200 249 22 235
74 74 153 127 287 334 351 123 38 355 427 325 277 422 251 130 215 227 426 335 327 256 321 280 20 107 181 337 151 242 59 345 223 230 390 326 158 396 84 403 333
76 76 391 144 33 257 450 29 322 474 40 331 336 300 256 46 185 266 68 98 64 306 81 307 296 89 35 51 301 32 30 428 9 298
78 78 137 92 2 52 249 140 179 69 283 205 166 163 340 389 42 341 444
79 79 60 253 297 126 432 449 120 459 47 431 334 434 344 299 329 200 292 425 452 221 427 358 235 439 170 196 325 422 418 438 380 138 347 409 448 421 367 155 270 294 177 192 411 398 251 121 371 238 215 195 404 122 407 214 480 331 335 483 259 317 399 224 327 426 280 184 408 223 256 451 194 193 464 477 267 181 321 337 20 333 232 396 84 230 271 345 332 423 466 34 336 273 245 326 12 343 485 72 306 152 3 314 312 354 461 403 156 191 189 475 272 261 342
82 82 412 131 334 486 147 145 148 430 27 201 295 427 439 358 170 325 309 50 122 313 422 409 421 121 128 41 483 215 372 227 394 331 335 167 426 155 6 39 399 270 224 327 184 193 280 378 396 321 20 181 333 337 467 203 96 401 384 223 248 88 103 47 390 403 332 232 261 272 12 336 326 345 230 146 306 485 330 312 376 314 266 156 114
83 83 125 416 69 283 323 205 166 340 389 25 42 405 219 50 116 313 446 315 338 486 465 159 200 420 436 221 417 356 358 439 196 308 409 277 217 387 105 418 440 226 247 386 157 142 294 375 212 319 288 111 22 304 199 331 240
85 85 237 162 360 443 449 172 209 482 476 346 105 448 478 175 352 434 134 87 344 377 349 374 452 169 442 171 28 427 356 321 170 185 308 380 298 354 184 347 12 394 348 24 183 367 422
88 88 203 401 248 429 476 116 366 187 160 489 364 368 292 436 439 325 319 111 421 251 415 414 365 195 404 462 407 215 483 331 317 400 461 396 399 397 194 327 382 267 239 332 330 272 411 146 261 336 410 229 419 131 223 403 398 271 82 258 181 337 413 12 343 390 268 418 402 139 245 176 312 329 351 266 38 345 384 464 189
89 89 140 29 322 71 92 296 52 249 303 40 96 103 391 6 76 144 33 483
91 91 328 460 470 211 220 338 463 420 406 456 468 471 440 190 226 247 265 286 461 454 361 290 424 465 228 433 462 464 437 419 264 233 239 252 472 386 467 469 473 161 405 180 363 451 255 466 423 408 281 214 310 365 275 475 120 206 208 172 392 457 459 236 209 213 234 362 428 476 289 429 388 149 36 431 176 308 445 334 380 373 444 202 447 277 385 352 246 446 374 369 132 95 435 303 292 216 349 121 299 263 377 160 344 200 368 316 452 169 222 254 442 407 414 284 436 372 341 304 221 317 427 358 235 188 150 422 450 267 375 387 309 138 448 105 348 282 170 384 474 305 217 390 8 347 57 183 288 371 300 280 175 173 218 409 421 232 240 345 230 346 333 177 381 26 326 251 212 181 337 238 81 192 354 314 342 231 51 98 167 443 152 306 18 403 455 31 256 1 426 359 404 17 335 378 383 259 93 61 266 193 311 77 165 227 156 99 276 215 245 3 72 483 458 75 7 14 13 117 87 54 101 174 97 307 164 114 86 135 481 21 58 73 46 154 321 106 102 94 185 84 143 115 197 39 399 273 298 133 68 32 269 271 301 223 118 64 194 327 48 53 189 324 35 453 45 30 332 80 485 67 43 241 250 20 146 291 396 24 134 272 90 9 23 191 65 343 261 139 312 376 12 4 184 320 294 366 293 302
92 92 78 137 140 52 249 89 388 71 2 302 263 368 316 407 217 387 96 26 57 194 103
96 96 103 44 62 454 40 140 66 207 141 131 82 89 92 257
100 100 225 329 113 432 360 37 130 186 449 461 392 172 463 296 119 209 122 344 299 464 187 419 489 364 10 365 213 366 431 334 36 414 458 422
103 103 454 96 44 62 350 40 222 277 170 217 140 409 404 407 251 483 167 199 121 66 207 141 256 267 321 102 383 399 384 390 343 183 345 232 335 312 333 223 185 131 314 82 485 114 337 266 396 18 12 1 68 189 301 342 89 92 257 165 197 388 311 156 30 307 423
104 104 353 453 469 480 451 475 479 477 289 318 320 246 478 198 352 434 446 279 377 442 349 452 171 316 358 356 288 196 294 319 348 418 448 347 425 277 409 175 212 346 245 394 251 152 4 238 291 314 354 317 167 399 259 224 378 256 39 276 194 298 267 17 321 20 53 443 45 441 271 54 84 183 403 345 146 189 101 343 330 376 396 87 230 332 98 24 106 384 3 99
107 107 151 242 59 481 157 142 71 22 293 158 250 213 252 149 262 5 275 255 222 392 241 214 153 36 123 74 355 216 292 254 221 240
108 108 0 228 48 469 480 466 423 310 36 476 475 445 120 479 477 289 366 234 160 318 320 176 246 380 277 367 138 198 132 95 446 134 177 192 315 121 292 299 362 295 49 316 436 254 417 452 399 358 224 327 294 378 235 185 288 196 285 20 319 268 105 45 152 8 217 425 57 12 343 396 354 146 474 336 409 312 376 232 3 345 212 473 421 26 314 189 98 84 99 394 251 306 337 51 333 1 291 199 238 4 324 317 301 118 46 97 165 307 311 342 195 404 17 331 363 13 414 94 407 485 156 266 483 261 227 43 276 372 259 183 114 80 21 86 39 31 150 393 117 18 164 32 68 298 106 102 197 135 154 426 72 28 61 101 58 218 7 403 14 77 335 365 75 245 23 267 269 53 115 282 230 174 300 223 184 455 332 384 194 191 34 181 90 30 193 64 180 73 139 24 87 143 272 321 67 65 280 81 133 390 9 271 93 35 273 453 438 54 330 326 173 447 440 464
109 109 70 204 25 63 487 432 163 476 358 465 170 422 409 381 2 215 125 416 483 482 359 426 39 327 335 345 84 321 6 28 223 184 206 281 51 181 18 337 280 94 68 333 396 46 390 370 326 311 376 307 114 403 209 87 30 197 314 306 230 189 9 90 485 276
110 110 244 408 392 405 439 387 302 200 292 368 394 167 362 164 188 267 325 390 309 384 105 217 300 173 57 474 183 34 146 26 421 28 305 294 84 251 195 333 301 381 68 324 266 4 404 238 407 311 143 342 114 304 393 197 269 359 307 483 46 43 64 298 13 73 259 7 291 102 383 399 224 94 58 32 30 194 35 67 336 154 80 23 61 86 115 133 31 72 90 9 45 54 81 93 230 97 118 3 106 139 101 77 223 181 117 75 51 98 135 152 245 65 18 282 14 314 12 306 189 337 1 326 87 150 165 156 485
111 111 116 128 41 55 357 459 252 469 203 125 416 401 248 88 447 49 466 286 132 475 446 399 428 20 479 293 268 281 433 378 431 334 271 331 8 105 476 195 432 477 292 131 409 323 50 277 376 83 25 82 313 319 436
112 112 260 15 19 412 323 56 379 402 400 279 410 397 258 420 413 295 285 201 382 268 418 417 436 398 243 484 229 415 411 396 146 332 164 261 272 195 230 403 215 34 370 139 280 224 181 395 383 84 125 321 416 45 300 51 23 291 143 271 43 189 301 80 197 57 115 276 324 330 87 384 81 298 245 269
113 113 186 122 100 225 37 47 10 250 296 472 262 161 473 119 329 263 255 429 365 130 408 235 49 432
116 116 111 469 125 203 416 401 248 88 466 128 41 475 479 477 323 83 25 289 234 318 476 459 55 357 176 50 313 246 320 436 198 319 446 316 196 292 465 187 489 420 364 409 294 288
119 119 10 130 186 463 158 458 113 2 95 49 250 100 225 472 138 310 281 369 121 363 11 8 153 16 74 20 161 473 4 123 355 39 356
122 122 47 113 186 236 131 82 219 149 60 297 253 79 126 100 262 225 202 241 37 235 486 147 145 148 430 27 277 292 10 329 188
123 123 355 433 158 233 153 74 449 10 442 482 452 349 171 356 350 476 290 127 287 347 348 448 346 175 444 445 129 434 478 352 107 151 242 59 394 256 344 377 341 351 49 38 119 186 378
124 124 178 302 167 171 387 175 184 26 118 483 426 164 102 383 185 390 173 183 384 312 87
125 125 416 323 83 25 50 116 313 465 420 386 111 70 109 206 370 260 15 112 19 459 231 395
126 126 425 438 480 451 466 423 214 408 60 297 253 79 477 475 479 289 234 318 47 320 176 246 385 198 446 315 329 200 316 436 221 417 452 288 358 294 170 196 339 319 409 367 155 421 270 251 121 199 317 4 404 122 215 407 227 164 399 426 259 224 194 335 223 292 99 193 184 378 337 464 20 321 181 271 333 45 336 432 189 396 183 232 390 345 80 485 449 325 291 84 230 152 34 306 173 12 343 384 330 245 332 273 326 342 376 461 1 156 3 314 354 324 261 272
127 127 155 270 153 74 350 287 352 129 351 123 38 355 171 356 175 346 348 474
128 128 41 111 55 357 252 286 116 428 293 281 433 431 334 432 264 131 82 358 427 299 435 255 446 409 138 315 160 212 214 292 422 325 170 380 367 309 200 294 319 222 421 448 275 399 449 20 199 221 188 317 371 450
129 129 287 147 158 52 249 155 270 11 16 488 208 127 153 10 123 74 355 395
130 130 463 119 458 2 100 225 10 281 363 11 16 153 74 275 310 186 120 163 49 234 95 388 406 385 37 435 329 113
131 131 82 486 147 145 148 430 27 122 50 313 128 412 41 155 6 270 467 203 96 401 248 47 88 103
136 136 210 206 177 381 394 359 185 271 173 403 393
137 137 78 92 318 2 52 249 95 49 341 349 439 105 138 8 121 409 140 4 372 39 179 375 118 69 283 205 166 163 42 340 389 20 444 306 314 18 51 440 1 81 65 97 64 266 53
140 140 89 92 71 52 249 96 103 78 11 137 16 29 322 44 62
141 141 423 66 207 429 385 435 168 263 262 295 368 436 362 427 188 217 380 285 387 367 2 40 305 26 5 407 483 227 4 404 96 359 317 103 6 167 102 399 327 256 164 267 13 378 383 224 194 185 384 467 181 183 223 28 343 488 337 45 230 184 345 232 312 376 396 163 390 354 300 68 485 11 306 333 34 114 18 16 301 180 245 152 314 3 51 81 324 189 266 342
142 142 22 228 214 107 151 242 59 392 246 213 477 69 283 205 166 340 389 42 234 289 316 157 241 388 481 318 198 294 254 288 262 292 216 196 436 222 315 221 235 338 486 45 71 159 83
144 144 391 76 33 257 302 368 450 29 387 57 322 474 319 381 192 26 305 40 359 195 336 331 13 102 383 46 68 266 81 185 97 98 173 301 300 64 35 307 393 65 30 12 3 32 9 89 324 296 384 18 376 94 298 73 28 428 197 269 67 7 58
145 145 430 412 382 131 82 413 415 229 258 402 400 279 486 147 148 366 397 374 27 295 417 436 201 411 418 439 358 341 285 243 398 484 380 268 122 50 367 313 347 319 175 421 288 192 224 195 212 121
147 147 129 131 82 287 155 270 486 145 148 430 27 158 52 249 368 448 488 122 50 313 483 177 224 212
148 148 27 480 451 466 432 475 479 459 131 82 315 477 289 234 213 318 334 320 176 409 198 385 294 134 446 486 147 145 430 299 436 317 238 259 316 288 439 358 427 339 196 20 319 380 325 170 122 50 268 313 418 390 367 309 212 146 422 376 45 421 34 330 192 138 425
151 151 107 242 59 149 481 262 157 142 71 22 293 158 250 213 288 240 252 199 238 275 259 5 241 222 216 255 245 254 392 292 236 214 153 232 36 123 74 221 202 355 156 43 235 143 276
153 153 74 127 287 351 123 38 355 130 107 151 242 59 158 236
155 155 270 127 129 147 60 253 297 79 126 382 131 82 287 413 153 74 149 219
157 157 5 168 190 107 151 242 433 59 441 233 69 283 205 166 340 389 42 149 142 22 481 241 36 254 221 482 222 338 486 188 159 71 83 350 240
158 158 10 123 355 290 129 119 186 107 151 242 59 287 433 147 149 250 262 233 481 202 241 200 153 74
159 159 182 361 264 360 6 161 180 172 179 69 283 166 205 340 389 42 163 36 176 134 169 338 486 83 222 171 341 358 170 177 175 192 308 29 1 440 226 247 157 322 142 22 164
162 162 85 237 360 172 209 443 449 134 482 175 169 427 170 476 308 346 422 105 448 478 352 434 321 421 184 185 411 374 344 215 183 377 452 171 87 349 327 227 167 442 298 426 335 28 24 1 337 118 280 356 306 98 18 485 441 97 354 394 348 12 65 380 347 273 223 307 326 73 181 4 311 30 34 3 101
163 163 2 70 109 6 204 25 63 487 159 281 78 130 182 137 452 66 341 207 141 377 49
166 166 69 283 205 340 389 42 299 338 486 159 83 170 325 440 226 247 157 142 22 175 437 424 182 335 327 78 37 137 28 184 326 467 98 333 223 361 1 5 183
168 168 5 190 157 433 66 441 233 207 141 482 325 350 36 476 344 309 102 478 327 422 335
178 178 124 302 167 171 173 387 175 184 26 118 483 426 102 164 383 185 390 384 87 183 312
186 186 10 250 113 472 161 473 119 255 408 365 457 179 158 122 414 413 405 263 36 350 431 334 100 262 225 176 369 478 356 352 37 434 400 279 435 373 130 216 299 377 235 366 374 47 349 417 442 284 387 217 221 341 238 418 268 372 346 448 421 309 243 394 175 484 267 348 192 426 347 123 355 305
187 187 489 364 462 461 239 329 351 464 38 365 419 414 203 401 248 88 366 362 160 290 457 367 472 100 225 368 473 116
203 203 401 248 88 116 187 489 364 111 415 462 461 382 239 400 131 82 476 397 329 351 419 464 38 413 414 398
204 204 63 487 70 465 109 25 206 370 236 209 231 459 163 395 373 447 302 369 374 284 292 169 368 303 188 371 57 305 372 319 375 193 13 304 26 432 199 359 394
205 205 424 69 283 166 340 389 42 338 486 159 83 417 268 440 226 247 157 142 22 411 398 437 182 164 224 78 37 137 396 146 332 467 361 5
207 207 180 66 141 258 168 344 325 308 138 309 305 2 40 26 5 199 483 96 404 103 6 193 304 13 378 467 223 321 173 337 181 488 280 28 326 423 163 230 65 3 11 485 16 118 301 68 324 98
210 210 136 206 177 381 394 359 185 271 173 403
225 225 100 432 209 329 113 299 344 377 49 360 37 130 422 421 186 418 240 371 227 449 461 172 335 327 392 296 463 119 122 280 431 326 343 181 464 187 419 364 223 489 10 365 213 333 366 146 332 36 245 337 334 306 485 87 324 415 414 314 189 458 34
237 237 85 162 443 360 434 449 349 442 172 209 448 105 482 452 346 352 476 478 175 344 134 347 354 377 169 87 374 298 24 171 102 348 356 28 427 394 185 321 170 308 380 12 184 183 101 422 291
242 242 250 255 107 151 59 275 236 213 36 481 262 216 222 292 157 142 71 221 254 22 188 235 293 158 240 387 212 149 252 199 241 214 259 5 194 202 245 392 156 143 153 74 123 219 43 355 276 200 90 223 61 17 150 228
244 244 110 408 392 405 362 439 387 302 200 368 394 292 238 167 164 188 383 267 217 325 105 474 57 309 390 384 183 173 146 294 300 34 305 26 421 84 28 251 381 404 333 359 301 68 266 304 324 195 143 114 342 4 311 393 407 197 307 46 224 102 259 269 483 298 13 64 43 7 291 73 3 58 194 94 32 399 67 154 30 336 80 86 61 23 115 31 72 35 133 45 81 54 87 139 118 93 181 97 106 9 117 419 90 101 135 65 77 51 75 282 14 326 245 223 18 152 98 230 12 314 189 306 337 1 150 429
248 248 203 401 88 176 116 187 489 364 188 170 309 422 411 347 111 398 415 421 121 462 414 215 227 400 426 397 332 461 335 327 256 382 321 184 239 223 280 131 272 326 413 419 82 337 261 476 12 183 229 329 351 268 410 266 464 258 402 38 195 418 139 306
249 249 52 78 137 92 140 129 303 89 287 147 429 71 263
253 253 60 297 79 126 47 329 425 325 438 155 270 227 122 321 259 451 480 280 337 223 181 326 432 423 214 466 408 485 461 449 475 477
257 257 40 391 76 144 33 11 16 179 406 29 322 445 96 103 488 308 66
260 260 112 15 19 323 56 379 412 420 410 413 402 400 279 229 258 382 397 201 417 243 411 484 418 285 295 268 398 415 370 224 125 416 164 195 215 395 396 146 332
270 270 155 382 127 413 415 410 258 402 400 279 397 295 417 201 418 285 129 268 398 308 243 411 484 288 147 60 253 297 79 126 396 195 146 332 131 304 224 82 272 403 261 287 330 230 153 181 139 74 149 219 280 34
274 274 278 424 172 428 431 241 320 434 262 299 132 221 417 254 235 325 170 309 422 421 288 212 240 26 305 238 215 227 426 232 280 259 331 317 43 335 194 184 143 327 383 276 326 321 267 245 271 45 191 173 330 65 90 154 223 376 61 17 181 87 333 300 3 337 230 146
278 278 274 424 172 428 431 241 320 262 434 299 221 417 132 254 235 325 309 170 422 288 421 212 240 26 305 238 215 43 143 227 426 331 232 317 259 276 280 194 184 335 383 327 321 326 267 45 17 90 271 245 65 173 191 223 61 154 330 3 181 146 376 333 300 87
283 283 69 205 166 340 389 42 338 486 222 159 83 254 440 226 247 157 142 22 424 240 437 182 78 37 137 467 232 245 361 5
287 287 129 153 74 172 209 147 428 127 431 334 158 155 270 299 351 52 123 38 249 355 188 427 170 325 422 309 421 319
296 296 37 29 322 209 428 89 431 334 113 71 299 100 225 40 325 422 170 257 186 421 391 6 11 309 102 76 144 33 16 227 26
297 297 60 253 79 126 47 329 425 368 309 438 421 155 270 122 327 335 280 451 480 333 330 432 326 223 423 214 466 408 184 461 325 449 475 477 98 324
313 313 50 125 416 131 82 323 83 25 331 312 116 39 20 185 486 147 145 148 430 27 156 230 465 420
322 322 29 296 89 402 400 71 295 40 285 268 308 411 391 6 398 76 144 33 488 257 195 140 224 304 396 146 332 403 230 330 272 34 179 261 208 65 37 159 87
323 323 420 260 112 15 19 125 416 56 379 83 25 412 50 116 313 465 410 413 370 402 215 400 279 229 201 258 382 397 417 386 395 421 111 243 422 398 484
328 328 460 470 91 211 220 338 463 420 406 456 468 471 440 190 226 247 265 286 461 454 361 290 228 424 433 462 464 437 465 233 239 252 264 419 472 467 161 386 469 473 405 180 451 363 255 423 466 408 214 281 310 365 275 475 120 172 206 208 392 457 209 459 236 362 234 213 428 429 289 476 388 36 149 431 334 308 202 380 176 373 444 445 217 385 277 409 447 352 446 246 435 374 372 292 369 132 95 121 263 344 216 299 404 377 349 303 222 160 200 368 452 316 407 442 414 436 341 317 284 304 254 169 152 427 221 358 164 188 399 235 194 150 327 450 390 267 280 422 282 170 232 375 387 384 183 300 348 347 138 448 165 105 309 173 458 8 474 57 343 218 345 175 305 288 421 312 51 371 240 18 212 333 230 181 346 156 26 251 381 481 192 177 98 314 231 337 342 81 306 354 94 238 73 31 143 93 99 17 114 298 77 311 266 426 184 14 403 3 256 117 135 174 46 307 483 61 7 54 1 197 273 72 86 58 35 335 75 259 215 101 68 276 97 443 21 133 227 24 383 167 32 193 106 90 269 378 84 245 53 359 13 154 39 223 146 326 115 301 64 376 102 321 191 48 118 324 80 9 189 67 43 453 30 241 185 485 20 250 332 271 134 45 291 396 139 272 23 65 4 320 294 12 366 261 196 302 356 87 395 293 455 198
329 329 461 464 187 419 489 364 100 225 365 60 297 253 462 79 126 414 239 351 38 366 432 362 367 47 113 368 449 203 160 401 248 88 425 360 37 130 122
340 340 457 69 283 205 166 389 42 445 338 486 159 83 341 105 440 226 247 157 142 22 192 177 371 381 437 424 182 467 185 78 37 137 28 230 81 87 98 326 306 314 361 5 68 300
351 351 38 187 489 364 472 473 153 462 74 449 461 239 459 329 464 482 219 365 419 350 127 287 414 478 434 95 356 377 203 123 349 355 401 248 88 49 442
353 353 104 453 469 480 451 475 479 477 289 318 320 246 478 352 198 434 446 279 377 442 349 452 171 316 356 358 288 196 294 319 348 448 347 418 425 277 175 409 346 212 394 152 251 245 4 298 354 314 238 291 317 167 399 259 39 256 224 378 17 194 276 267 271 20 53 321 443 441 45 183 54 84 146 343 189 345 101 403 376 330 87 396 24 230 98
355 355 123 350 433 158 478 233 352 344 349 442 452 171 356 449 153 74 347 448 348 175 346 482 10 394 256 354 378 476 443 127 290 287 434 343 345 84 376 444 445 152 129 336 232 441 298 24 107 151 242 59 341 472 377 381 351 49 38 186 54 119
357 357 55 433 286 293 128 41 449 264 252 255 214 111 275 478 236 442 213 356 219 476 36 347 348 202 385 134 346 446 435 262 292 354 216 343 315 222 160 200 116 394 319 212 221 199 254 188 358 427 294 235 138 378 152 450 439 428 371 298 339 281 342 399 407 317 431 334 240 227 24 238 432 376 271 409 194 20
364 364 461 462 464 187 239 489 365 414 419 329 351 38 366 290 367 368 203 160 401 248 88 362 457 472 100 225 473 116
379 379 56 260 112 15 19 382 323 413 412 415 229 402 348 279 410 397 420 400 346 398 295 417 381 411 418 201 285 268 362 224 195 258 378 215 164 291 396 243 484 146 332 23
389 389 408 69 283 205 166 340 42 385 263 338 486 159 83 368 439 277 8 217 440 226 247 157 142 22 404 483 437 424 182 167 164 102 383 384 390 78 37 267 137 183 230 98 467 361 5 81
391 391 76 144 33 257 29 322 40 450 474 296 89 428
401 401 203 248 88 415 400 116 397 187 489 364 418 268 411 398 111 195 396 413 224 382 462 414 332 272 229 146 461 261 403 410 239 258 402 243 131 484 419 417 82 139 279 476 295 329 351 464 38 285 34
416 416 125 323 83 25 50 116 313 169 465 420 386 57 111 304 375 70 109 206 370 13 173 300 459 260 395 15 112 19 3 373 231 81 65 301 330 97 374
430 430 145 412 382 131 82 374 413 415 229 288 258 402 400 279 486 147 148 366 397 27 295 417 436 201 411 304 375 341 418 439 358 285 243 398 484 185 380 301 268 175 50 122 165 367 313 65 173 347 319 291 192 421 300 35 224 195 212
