0 0 48 310 120 108 476 36 445 134 366 95 132 160 49 362 380 367 138 277 121 8 105 57 474 192 177 4 364 26
2 2 281 78 163 130 66 427 170 285 463 309 422 4 137 421 426 227
5 5 190 433 441 233 168 157 482 350 36 476 478 352 434 344 171 377 369 349 452 303 362 442 284 341 356 175 268 346 380 448 105 348 347 138
6 6 159 163 182 29 385 66 131 169 361 264 360 179
10 10 119 158 186 263 369 200 356 188 358 196 170 57 472 409 277 290 422 367 250 238
11 11 406 408 16 257 37 405 140 130 129 385 435 66 263 339 374 292 356 436 427 308
15 15 370 260 395 388 445 302 374 284 303 362 57 305 26 323 371 251 375 372 4 416 164 249 224 13 3 300 65 237 193 173 185 330 81
16 16 363 275 388 476 385 11 447 95 49 132 362 339 138 380 105 406 121 177 251 381 39 4 359
19 19 382 260 413 229 415 402 410 258 279 400 397 417 295 201 418 285 268 398 243 484 412 411 57 323 224 396 192 346 294 146 112 215 332 164 195 205 403 34
22 22 228 392 142 477 234 289 388 246 198 436 316 196 294 319 425 288 409 26 45 305 317 13 359 164 304 383
25 25 281 392 70 125 429 373 263 435 299 201 315 366 436 221 358 416 439 308 325 57 387 217 277
27 27 451 480 466 475 479 477 289 234 148 318 320 176 198 315 446 134 436 316 196 319 294 425 288 409 45 238 317 259
29 29 322 296 488 89 391 208 6 179 71 350 40 444 445 447 435 377 452 427 325 171
33 33 391 450 339 76 474 240 371 144 483 331 193 327
37 37 296 113 476 100 11 69 341 450 422 308 474 105 406
38 38 351 95 49 138 8 121 472 39 473 187 489 153 119 449 118 459 51 137 94 73 482 219 53 364 440 389 111 54 133 31 86 132 350 310 101 191
40 40 488 423 214 392 370 257 405 96 431 29 385 320 435 446 66 366 302 368 160 49 452 362 439 316 221 188 339 325 8
41 41 252 281 428 128 334 431 446 435 299 200 201 292 222 436 362 427 221 358 170 309 325 138 380 421 422 448 418 367 409 319 212 294
42 42 444 69 474 177 338 486 283 426 256 205 185 267
44 44 62 96 444 445 303 341 450 474 367 177 215
47 47 122 60 95 160 341 450 339 277 474 288 297 253 177 4 404
50 50 313 125 131 416 217 448 39 121 486 323 20 483 465
52 52 249 78 140 429 129 447 446 263 436 417 170 387 8 105 409 277
55 55 286 357 293 264 252 255 214 275 236 433 213 128 219 36 476 202 385 134 446 435 262 292 216 315 222 160 200 221 449 254 188 358 427 235 450 439 339 138 240 409 199 212 319
56 56 379 382 260 413 415 229 410 402 279 400 397 417 295 201 418 362 285 268 243 398 484 412 411 323 224 205 396 112 146 215 332 195 164
59 59 481 388 107 217 381 249 167 102 164 256 87 384 403 293
60 60 297 253 329 432 155 47 79 126 461 66 464 309 427 419 270 325 187 489 367 326 227 422 425 335 327 223
62 62 44 358 427 251 364 215 404 238 483 167 249 39 194 327
63 63 487 204 465 370 206 231 209 459 395 373 447 374 302 284 369 169 303 188 305 57 375 70 288 319 236 26 372 371 304 394 4 416 430 81 13 359 300 65 193 3 173 45 330 97 165 35 183
66 66 168 467 207 488 449 208 2 457 141 6 179 153 96 60 40 11 444 435 478 344 253 325
69 69 338 486 283 205 440 226 247 166 437 467 340 157 389 159 42 488 179 208 424 142 78 83 37 482 182 36 350 445 444 341 434 435
70 70 204 109 163 482 25 478 352 63 487 344 452 349 442 171 308 448 348 175 277 347 105 381 236 394 192 346
71 71 275 213 140 149 29 176 241 202 107 198 279 292 216 222 200 436 427 254 235 240 348 319 277 283 199 251 212
74 74 153 334 427 325 277 422 251 215 227 321 249 287 335 426 327 326 253 256
76 76 391 450 474 144 33 331 256 185 257 336 300 98 68 46 306
78 78 137 2 92 179 52 444 69 341 249 339 121 4
79 79 432 449 120 459 60 431 334 434 299 344 200 292 253 452 221 358 427 235 439 196 325 170 422 380 418 347 138 409 448 367 421 297 294 192 177 398 411 371 195 251 283
82 82 412 334 131 201 295 358 427 439 325 170 309 422 409 421 121 486 227 215 372 483
83 83 125 405 219 446 283 69 315 200 436 221 417 323 358 416 356 439 196 308 217 387 105 418 409 277 319 288 212 294 421
85 85 237 162 449 482 443 476 478 352 434 344 377 349 374 105 448 442 171 356 175 380 347 348 367 357 360 394 346 192 87 364
88 88 203 429 476 366 160 368 292 436 439 325 319 421 251 195 404 407 187 215 483 489 331 317
89 89 140 29 303 483 249 399 194
91 91 405 328 460 470 362 436 308 380 217 277 211 220 338 463 420 406 456 468 471 409 440 121 407 404 372
92 92 78 140 388 302 263 368 316 217 387 57 26 407 251 305 13 404 199
96 96 103 44 140 388 40 66 131 263 368 454 439 277 380 285
100 100 360 225 329 432 449 392 172 113 37 213 36 415 130 431 334 445 366 461 435 299 369 344 341 436 439 450 221 452 464 358 427 422 367
103 103 454 96 350 222 170 217 277 409 251 404 199 121 407 483 167 249 102
104 104 353 469 451 480 475 479 477 289 318 453 320 246 198 446 279 316 358 288 196 294 319 418 425 409 277 317 45 212 251 4 238
107 107 293 151 242 252 59 157 214 158 392 142 213 153 71 481 222 262 149 219 241 36 292 254 202 221 188 134 235 250 258 446 240 216 435 200 366 49 160 201 315 436
108 108 228 469 480 466 423 475 479 0 477 289 234 36 476 318 445 320 176 246 198 446 366 315 160 299 292 295 316 436 254 417 452 358 235 277 196 285 380 294 288 367 268 138 319 217 317 425 409 45 212
109 109 432 70 476 358 170 409 422 204 381 215 483 359 426 39
110 110 244 408 405 302 200 292 368 439 362 188 387 325 105 217 309 57 474 238 26 421 294 251
111 111 459 116 128 447 49 132 268 105 8 277 319 4 195 430 20 331 39 399 271 375 378 178 376
112 112 412 260 410 402 400 258 279 397 295 201 417 285 436 268 418 243 484 398 411 323 396 146 332 413 195 164 215 205 403 224 34 19 383 237 56 272 261 230 270 321 87 45 271
113 113 122 186 37 429 100 263 262 49 315 368 362 169 439 235 339 387 217
116 116 469 466 111 475 479 477 289 125 203 234 318 476 320 176 246 198 446 292 436 316 416 288 196 294 319 425 45 409 367 398 317 401 192 177 251
119 119 10 130 95 49 463 138 8 121 4 458 39 310 20 38 118 120 51 137 53 1 158 132 43 186 291 363 298
122 122 47 236 113 219 149 241 202 262 131 292 188 235 254 277 238 259 240 486 199 194 102 271
123 123 433 355 233 449 158 153 482 350 476 444 445 478 434 352 452 344 377 49 356 349 341 346 347 442 171 348 448 175 339 380 394 8 217 474
124 124 178 302 387 167 26 483 173 426 164 102 184 383 185
125 125 416 323 465 386 420 50 206 370 231 459 116 83 395 25 169 373 302 369 374 284 375 303 362 450 372 305 371 193 13 430 304 57 65 260 26 81 313 398 173 300
126 126 425 438 451 480 466 423 214 408 475 477 479 289 234 60 318 320 176 246 385 198 446 315 200 316 436 221 417 452 358 288 196 294 339 170 319 317 45 409 367
127 127 155 153 350 352 171 356 348 175 270 474 346 4 394 372 237 375 357 378 287 271 351 354 219 355 12 173 376 87 84 443 232 441 149 345 152 123 337
128 128 111 432 41 55 428 431 334 131 299 315 160 358 427 452 188 316 450 422 325 170 409 339 8 380 309 196 138 252 448 212 367
129 129 287 147 488 155 158 208 395 52 11 444 284 362 427 341 452 356 450 339
130 130 463 458 119 363 281 275 310 120 2 153 234 388 100 11 385 435 447 369 344 366 95 132 138 49 8 362 358 170 450 439 356 121
131 131 486 467 147 488 155 122 50 120 208 82 479 457 6 179 145 148 203 482 96 128 36 350 476 444 315 95 435
136 136 210 206 177 381 394 359
137 137 78 318 95 49 341 349 439 105 138 8 409 121 4 372 39 237 375 20 119 38 65 118 51 2 81 18 306 314
140 140 89 92 71 52 96 11 444 362 341 249 387 450 339 57
141 141 423 429 385 435 263 262 66 295 368 436 362 427 188 285 217 380 387 367 26 404 305
142 142 214 22 213 318 241 246 107 262 283 292 216 69 222 315 316 254 221 235 288 418 228 294 367 251 242 238 259 151
144 144 391 302 368 450 76 387 57 474 319 26 192 381 305 359 195 13 331 33 102 383 185
145 145 430 412 382 413 415 229 258 402 400 279 131 397 295 366 417 201 436 411 418 358 341 439 285 243 398 484 268 380 367 347 319 175 192 212 195
147 147 129 131 368 448 177 212 486 483 404 224 259 335
148 148 432 27 459 213 334 385 315 131 299 358 427 439 339 409 325 170 380 268 418 309 422 367 138 294
151 151 149 262 107 288 240 199 238 259 157 232 278 293 245 242 158 156 143 43 252 276 142 291 73
153 153 127 287 74 351 236 213 219 123 149 130 241 38 134 107 262 66 222 216 188 235 277 463 251 355 212 240 199 242 381 155 449 283 259 151 398
155 155 270 127 60 219 149 129 202 131 292 221 347 253 297 238 240 483 486 271 153
157 157 5 149 241 107 283 69 222 221 254 188 240 190 242 199 151 238 338 486 433 194 205 245 232 271 45 204 278 166 441 233 440 226 247 183 403 156 158 43
158 158 290 10 123 149 129 241 202 107 239 262 200 222 254 235 288 283 238 240 151 259 242 119 194 317
159 159 182 361 264 360 161 180 172 6 179 36 176 134 69 222 169 171 341 358 170 166 308 175 192 1 177 283 338 486 430 164 359 165 167 178 304 205 184 183 173 336 297
162 162 360 172 209 85 134 169 427 237 170 308 175 422 421 411 215 327 326 167 227 426 335 184 321 185 297 280 166
163 163 2 6 70 377 49 452 341 450 356 448 348 8 175 474 192
166 166 299 69 170 325 175 338 486 283 430 335 327 205 184 326 440 226 247 183 223 28 437 98 333 1 168 165 296 273 276 182 340 467 274 389 287 157 172 72 75 144 162 159 42 82
168 168 5 66 325 309 422 190 227 102 335 327 433 304 253 166 280 321 326 223 207 441 233 337 181 333 323 28 118
178 178 124 171 175 167 173 184 441 118 98 1 73 94 182 139 159 86 135 302 111 103 16
186 186 250 472 161 473 255 408 365 457 10 179 414 413 405 113 36 350 431 334 176 478 263 352 262 434 400 279 435 369 373 356 216 299 377 366 374 349 442 417 284 221 341 235 418 387 217 268 448 243 484 309 348 347 175 305 421 372 238 394 346 192 364 199 426 119 237 167 193 224 249 357
187 187 489 364 462 239 419 365 461 464 414 329 351 457 203 290 366 367 160 362 38 368 308 472 248 331 473 60 88 401 230 458 218
203 203 401 248 187 489 88 382 116 413 414 364 415 229 388 410 462 258 397 402 400 411 279 419 131 239 417 295 369 418 201 398 268 365 285 195 243 484 288 224 57 396 332
204 204 63 487 236 70 292 368 188 465 240 199 297 206 370 209 231 459 245 278 395 242 109 43 156 17 276 143 61 154 157 218 369 163 90 122
205 205 424 69 417 268 411 398 338 486 283 164 224 226 247 440 166 146 396 332 437 272 261 270 410 415 382 243 402 484 258 412 397 139 285 467 340 157 400 389 260 418 112 455 413 229 56 23 295 279 201 42 159 115 150 145 488 203 79 21 75 19 126
207 207 180 258 66 344 325 308 309 138 305 26 199 430 416 483 404 304 193 13 378 168 321 253 173 326 3 65 280 181
210 210 136 206 150 177 381 394 359 211 220
225 225 432 209 100 299 344 377 49 422 418 421 240 364 371 227 335 327 297 253 326 280 343 323 223 181 87 34 146 337 332 333
237 237 443 85 434 442 349 452 448 105 346 102 357 352 449 379 87 347 354 478 162 28 355 353 291 298 482 348 137 127 453 101 344 433 24 351 394 139 356 186 282 377 171 112 175 441 70 123 54 15 84 5 476 378 77 472
242 242 250 255 275 236 213 36 262 107 216 222 292 254 221 188 235 387 240 212 199 259 194 157 204 241 278 214 156 202 245 293 143 223 149 151 43 158 276 142 61 150 17 90 153 71 252
244 244 392 110 362 439 387 394 238 167 195 164 383 267 390 45 173
248 248 203 176 188 309 170 422 347 421 411 401 398 121 215 227 426 187 489 335 327 256 321 280 297 326 12 184 183 223 332
249 249 52 303 59 35 78 74 62 89 31 92 15 140 103 2 429 186 91 14 21 117 77 150
253 253 60 325 297 227 321 259 326 280 223 181 337 79 329 313 432 485 155 273 270 168 298 287 296 72 47 225 162 174 74 207 191 274 126 66 133
257 257 391 179 40 11 445 442 284 308 76 8 105 406 359 102 372
260 260 323 412 420 112 15 19 56 413 410 229 402 400 279 258 397 201 417 285 268 418 398 377 411 243 484 224 195 215 379 382 205 396 146 164 125 332 403
270 270 155 382 413 415 410 402 258 400 279 397 295 417 201 418 285 268 398 308 411 243 484 288 127 195 396 205 224 304 272 261 332 330 403 253 139 60 401 280 34 146 322 230 181 412 112 19
274 274 278 172 428 431 424 320 434 299 132 170 325 309 422 421 26 305 321 383 326 215 335 327 227 426 280 166
278 278 424 274 241 262 221 417 254 235 288 240 212 283 238 259 317 331 194 383 321 271 204 330 232 143 245 276 172 17 157 151 90 242 189 291 43 156 61
283 283 222 69 254 240 338 486 205 226 247 440 157 166 232 245 278 437 424 143 142 83 340 467 389 17 61 159 42 158 241 488 216 293 350 21 107 208 150 71 55 221 153 108 275 36 79 134
287 287 172 209 153 428 334 431 129 299 427 188 325 170 309 422 421 319 326 127 215 280 227 426 359 335 184 74 327 253 321 166 12 223 297 323 337 181 330
296 296 209 37 428 431 334 29 299 422 325 309 170 421 26 335 227 102 215 167 426 321 326 267 327 166 297 181 333 223 253 280 323 184 337 89
297 297 60 368 309 421 253 335 327 326 330 280 204 184 223 432 329 333 98 324 155 273 428 296 225 47 248 422 79 162 287 172 191 274 325 126 154 218 75 174 209 431 82 159 33 72
313 313 50 331 39 185 20 312 253 230 28 51 324 156 272 353 340 32 53 125 127
322 322 29 402 400 295 285 268 411 308 398 195 224 304 332 396 330 403 65 34 87 230 272 146 261 270 401
323 323 420 260 125 416 422 421 215 465 335 327 412 280 326 390 386 223 112 15 83 333 19 485 56 191 370 50 273 168 287 413 174 225 162 206 296 116 72 428 274 75 431 459 231
328 328 460 470 211 220 338 463 420 406 456 468 471 190 226 247 265 286 440 461 454 361 290 228 424 433 462 464 437 465 233 239 252 264 419 472 161 386 467 469 473 180 363 255 451 214 281 423 466 408 365 275 310 475 120 172 206 208 392 91 209 236 459 457 405 213 234 476 289 428 388 429 36 149 431 334 176 444 202 445 385 446 246 447 362 352 292 373 435 263 216 369 132 95 299 344 377 374 316 222 160 200 341 284 368 349 188 452 169 303 254 221 442
329 329 461 464 419 187 365 489 364 414 60 366 462 100 239 367 368 160 362 297 253 13 351 432 457 223 87
340 340 457 445 69 341 105 192 177 371 381 338 486 283 205 185 440 226 247 87 166 326 230 300 81 28 313
351 351 38 472 473 187 489 449 459 153 482 219 364 350 462 478 434 239 377 442 356 303 349 419 285 461 380 448 348 347 365 175 398 381 346 394 192 464 414 127 329 357 237 259 331 378 13
353 353 453 104 478 352 434 377 442 349 452 171 356 348 448 347 175 346 394 354 357 469 443 237 39 256 378 20 355 152 379 343 451 480 298 376 87 441 475 345 24 245 313 28 84 314 127
355 355 123 350 478 352 344 349 442 452 171 356 347 348 448 175 346 433 443 394 357 237 256 378 233 343 376 353 449 354 336 441 127 345 298 232 24 84 152 351 54 482 153 434 94
357 357 433 449 55 478 442 356 348 347 346 286 394 293 237 378 264 252 343 379 354 255 355 349 152 472 353 214 443 298 275 342 236 351 85 352 127 453 54 101 24 434 186 123 31 111 93 282 476 473 5
364 364 461 462 464 239 187 489 365 414 366 419 290 368 367 160 362 351 457 203 98 225 329 139 218 363 62 456 38 472 260 186 308 328 460 470 473 132 85 0
379 379 56 348 346 381 237 378 357 382 353 260 291 413 24 54 229 23 93 42 101 15 85 154
389 389 408 385 263 69 368 439 277 8 217 404 338 486 283 483 167 164 102 383 205 267 390 384 38 440 226 247 166 183
391 391 76 144 33 257 428 29 26 359 381 102 383
401 401 203 415 400 397 418 268 411 398 195 248 224 413 382 396 272 261 332 34 146 410 270 403 322 402 187 258 489 243 116 139 417 484 229
416 416 125 169 57 430 323 465 304 375 386 13 173 65 300 370 330 3 206 374 301 459 395 81 420 231 97 373 50 342 302 305 35 303 369 207 116 372 63 487 193 83 371 218 284 25 26 31 15 135 115 282 186
430 430 145 374 288 416 304 375 166 185 173 65 300 412 81 301 165 291 35 382 207 386 63 487 125 159 229 31 54 413 111 370 169 282 101 415 459
