128 128 432 428 431 334 315 299 160 452 316 188 358 427 450 196 205 339 325 170 422 323 380 8 309 421 474 138 367 409 448 212
257 257 179 445 442 284 308 8 105 119 372 13 359 102 399
389 389 408 385 263 368 439 8 217 277 404 38 483 167 164 102 383 267 390 313 384 278 183
6 6 385 169 166 404 253 164 102 383
5 5 190 433 441 233 482 350 36 476 478 352 434 344 171 377 369 349 452 303 362 442 284 341 430 356 346 175 357 237 268 448 105 380 348 347 138 178
11 11 406 408 405 385 435 263 374 292 436 427 254 235 356 339 308 249 387 217 243 57 138 277 409 474
140 140 444 362 341 450 339 387 57 237 474 175 178 26 177
15 15 370 395 388 445 302 374 284 303 362 416 249 57 237 305 26 371 251 375 372 4 379 13 164 300 224 65 193 3 173 185
144 144 302 368 450 387 57 474 319 26 192 166 305 381 195 359 13 331 102 383
19 19 382 413 229 415 410 258 402 400 279 397 417 295 201 418 285 268 205 243 398 411 57 192 346 294 224 396 146 195 253 215
148 148 432 459 213 334 385 299 315 358 427 439 339 325 170 249 268 418 323 380 422 309 409 138 367 166
22 22 228 392 477 234 289 388 246 198 436 316 196 319 294 288 409 26 305 45 317 425 13 359 164 304
416 416 169 430 57 304 375 13 173 65 300 330 3 81 301 97 374 207 342 63 35 125 203 15 218 386 31 186 370 305 303 115 373 206 369 395 135 193 282 302 371 372 26 231 284 459 487 131 69 66 465 328 456
33 33 450 339 474 240 297 371 483 331
163 163 377 49 452 341 450 356 8 448 348 474 175 192 177 119
50 50 217 448 121 483 167 102 39 399 383 267 321 375 20
178 178 171 175 167 184 173 441 118 98 1 73 94 159 111 124 139 182 103 16 140 86 135 123 5 131 130 29 69 126 145 117 41 55 25 79 14 100 0 108 66 77 107 40
60 60 432 427 205 325 204 309 323 422 367 166 297 253 371 215 238 195 227 483 327 335 187 426 321 280 20 184 223 168 326 296 330 337 333 396 230 232 287 332 151 329
74 74 334 427 325 249 277 422 251 253 215 227 335 426 187 321 327 326
78 78 179 444 341 430 339 121 119 357 4 38 379 407 359 426 39 194 193 20 185
340 340 457 445 341 105 192 177 371 381 185 313 87 326 230 300
89 89 303 249 38 483 399 194
92 92 388 302 263 368 316 249 217 387 57 26 251 305 404 199 119
355 355 350 478 352 349 344 442 452 171 356 347 348 448 357 237 175 346 394 443 256 378 343 376 354 298 345 336 232 351 24 127 84 353 441 153 70 152 186 54 472 94
103 103 454 350 222 170 249 217 409 277 178 251 199 121 404 407 167
108 108 228 469 480 466 423 475 479 477 289 234 318 36 476 320 176 246 445 198 446 315 283 299 366 292 295 160 316 436 254 417 452 358 235 196 285 294 288 268 277 409 319 380 217 367
109 109 432 476 358 170 409 422 381 215 483 426 359
119 119 95 49 138 8 121 4 38 39 20 118 137 51 310 1 43 111 291 53 298 132 124 440 78 257 54 17 0 70 86 142 106 163 7 140 130 120 135 71 16 69 14 148 92 131 52 110 141 129 11 48
122 122 236 219 149 241 202 262 292 188 254 235 204 277 240 199 238 259 102 278 194 242 157 271
124 124 302 387 178 26 119 167 483 426 164 102 383
125 125 465 386 370 206 231 459 395 373 169 302 374 369 284 303 362 416 430 450 249 375 305 57 372 26 371 398 304 65 81 394 38 187 300 13 331 173 63 193 3 45
