128 128 1410 544 1480 846 605 432 1500 571 428 431 334 636 1514 1799 299 1572 315 737 1770 1457 160 316 452 188 358 427 450 3293 196 205 3584 422 339 325 170 3218 3290 309 323 802
355 355 612 647 350 478 352 349 344 442 1522 452 171 356 347 348 448 357 237 175 499 346 443 776 616 394 256 378 618 596 640 548 731 343 376 840 675 527 354 441 298 345 336 232 351 24 127 84 472 353 70 153 152 186
6 6 648 3331 1398 811 491 555 630 696 1500 571 559 3277 785 3257 529 385 657 560 636 1514 1799 585 558 514 693 772 655 531 694 3557 3508 552 169 3218 3290 802 3246 3425 1506 880 1445 3201 3173 166
103 103 454 585 533 551 350 529 222 170 249 217 409 277 178 251 199 121 555 404 630 696 407 167 483 102
74 74 1522 776 616 334 840 612 527 427 325 249 277 422 1499 251 253 215 227 335 426 187 321 489 327 326 256
11 11 1385 406 3425 526 1499 618 408 529 555 785 630 696 636 776 589 405 1594 491 602 140 880 1445 3201 119 1421 1618 385 3257 657 1522 435 585 263 647 374 292 1398 436 811
140 140 3257 3260 560 1421 1618 585 3246 1506 1398 811 533 551 529 785 11 1385 444 618 596 3425 640 548 731 362 341 491 450 555 339 630 696 880 1445 3201
144 144 880 1445 3201 3425 302 368 450 1398 387 57 811 474 319 26 192 529 166 305 381 195 359 13 331 102 383
19 19 1629 1481 3183 382 812 1425 1748 413 229 415 410 258 402 400 279 397 417 295 201 418 285 268 205 243 398 484 411 57 192 346 294 396 224 146 195 253 332 270 215
148 148 516 432 459 1500 571 213 334 385 636 1514 1799 299 315 358 427 439 339 325 170 3218 3290 249 268 802 418 323 380 422 309 409 138 367 166
22 22 631 228 392 477 234 289 388 246 198 596 640 548 731 436 316 196 319 294 558 425 288 772 655 531 694 3557 3508 409 26 305 646 45 317 13 359 164 304 383
119 119 499 1499 675 647 602 491 95 49 589 1594 612 138 8 1522 121 4 38 39 618 3290 3331 20 11 596 1385 818 640 548 731 118 776 616 137 51 526 310 3246 1 1506 53 43 111 636 555 1416 630 696 298 291 840 527
