128 128 1410 544 1480 846 605 432 1500 571 428 431 334 636 1514 1799 299 1572 315 737 1770 1457 160 316 452 188 358 427 450 196 205 422 339 325 170 309 323
257 257 529 880 1445 179 1398 811 11 1385 445 585 442 284 308 785 555 630 696 144 8 105 33 406 533 551 560 372
389 389 408 558 772 655 531 694 385 263 648 1452 368 439 8 217 631 646 277 404 38 483 167 164 102 383 526 267 390 313 384 278 183 340
6 6 648 1398 811 555 630 696 1500 571 163 785 529 385 657 560 636 1514 1799 491 585 558 772 655 531 694 169 880 1445 166
5 5 657 190 646 433 441 233 482 350 36 476 478 555 352 630 696 434 344 171 377 369 596 349 640 548 731 452 303 362 442 284 341 430 356 175 357 346 237 268 448 105 380 558 348 772 655 531 694 347 138
11 11 1385 406 526 1499 618 408 555 785 630 696 257 636 776 589 405 1594 491 602 140 119 1421 1618 385 657 529 1522 435 263 647 374 292 436
140 140 560 1421 1618 585 89 92 533 551 1398 811 529 11 1385 444 618 596 640 548 731 362 341 450 78 339 387 1506 57 785
15 15 1629 1481 370 812 1425 1748 395 388 445 302 374 284 303 362 249 57 237 19 305 26 371 251 375 372 4 416 379 13 164 300 224 65 3 193 173 185 81
144 144 880 1445 302 368 450 1398 387 33 57 811 474 319 26 192 166 257 305 381 195 359 13 331 102 383 185
19 19 1629 1481 382 812 1425 1748 413 229 415 410 258 402 400 279 397 417 295 201 418 285 268 205 243 398 15 484 411 57 192 346 294 396 224 146 195 253 332 270 215 164
148 148 516 432 459 1500 571 213 334 385 636 1514 1799 299 315 358 427 439 339 325 170 249 268 418 323 380 422 309 409 138 367 166
22 22 631 228 392 477 234 289 388 246 198 596 640 548 731 436 316 196 319 294 558 425 288 772 655 531 694 409 26 305 646 45 317 13 359 164 304 383
416 416 125 169 514 812 1452 430 57 605 465 304 375 386 13 173 65 300 370 330 1480 3 206 374 301 459 395 231 81 97 559 373 1629 1481 207 50 63 302 802 342 369 305 487 303 35 372 203 193 218 284 371 26 31 15 186 135 115 282 69 66 693 486 131 552
33 33 880 1445 450 339 144 1398 811 474 257 240 297 371 483 331 193 327
163 163 491 559 514 693 552 6 1499 648 377 49 452 341 555 630 696 450 356 109 8 448 348 474 175
50 50 802 1500 571 125 636 1514 1799 514 812 1452 416 217 448 605 121 1572 483 465 737 1770 1457
178 178 124 171 175 167 173 184 441 118 98 1 182 159 73 94 111 139 16 86 135 302 103
60 60 615 1666 1448 1622 1416 818 644 759 432 555 616 630 696 1556 853 589 1594 122 657 427 618 205 204 325 776 602 323 309 1522 422 840 527 367
74 74 1522 776 616 334 840 612 527 427 325 249 277 422 1499 251 253 215 227 335 426 187 321 489 327 326 256
78 78 1506 491 1421 1618 92 558 179 772 655 531 694 444 1499 618 648 1452 341 430 339 631 646 140 555 630 696 119
340 340 457 558 772 655 531 694 445 648 1452 341 105 631 646 192 177 371 381 526 185 313 87 326 230 389 300
89 89 1398 811 785 560 140 303 529 249 880 1445 38 483 399 194
92 92 78 1506 140 388 302 263 368 1421 1618 316 249 217 387 57 26 407 251 305 560 13 404 199
355 355 612 647 350 478 352 349 344 442 1522 452 171 356 347 348 448 357 237 175 499 346 443 776 616 394 256 378 618 596 640 548 731 343 376 840 675 527 354 441 298 345 336 232 351 24 127 84 472 353 70 153 152 186
103 103 454 585 533 551 350 529 222 170 249 217 409 277 251 199 121 555 404 630 696 407 483 167 102
108 108 1369 228 469 480 466 423 475 479 477 289 234 318 36 476 320 176 246 445 198 446 315 283 299 292 366 295 160 316 436 254 417 452 358 235 196 285 294 288 277 268 319 380 217 367 317 425 138 409 212
109 109 559 514 693 552 432 476 358 170 409 422 163 381 215 483 359 426 39
119 119 499 1499 675 647 602 491 95 49 589 1594 612 138 8 1522 121 4 38 39 618 20 11 596 1385 818 640 548 731 118 776 616 137 51 526 310 1 53 43 111 636 555 630 696 78 298 291 1506 840 163 527
122 122 1416 602 675 236 1500 571 219 149 589 1594 241 202 526 262 636 1514 1799 292 499 60 188 615 1666 1448 1622 254 235 818 204 277 644 759 785 240 199 238 259
124 124 178 302 387 167 26 483 173 426 164 102 184 383 185
125 125 514 812 1452 416 605 465 386 1480 559 206 370 50 1629 802 1481 231 459 395 693 552 169 1572 737 1770 1457 1425 1748 430 373 302 374 369 558 772 655 531 694 284 303 362 375 450 249 372 305 371 13 193 304 57 26 65 81 173
