0 0 48 310 120 476 36 445 134 366 95 132 49 160 362 364 367 380 138 8 105 121 108 57 277 474 4 192 177 26
2 2 281 78 427 170 285 163 309 422 249 130 421 4 66 426 297 215 335 327 227 253
5 5 190 433 441 233 482 168 157 350 36 476 478 352 434 344 171 377 369 349 452 303 362 442 284 341 356 175 268 346 380 448 237 105 357 348 430 347 138
6 6 385 159 169 163 29 182 131 66 166 404 164 102 253
10 10 119 158 263 369 200 186 188 358 356 196 170 57 409 277 422 367 238 372
11 11 406 408 405 385 435 263 257 374 292 16 436 37 427 254 235 356 308 339 140 387 217
15 15 370 395 388 445 302 374 284 260 303 362 416 57 249 305 26 371 251 237 375 372 4 164 13 224 379 300 3 65 193 173 185
16 16 363 275 388 476 385 447 95 49 132 362 339 380 105 138 11 121 177 251 178 381 39 4 38 119
19 19 382 413 229 415 410 402 258 279 400 397 417 295 260 201 418 285 268 398 243 484 411 57 205 192 224 396 346 294 146 215 332 195
22 22 228 392 477 234 289 388 246 198 142 436 316 196 319 294 425 288 409 26 45 305 317 13 359 164 304 383
25 25 281 392 429 263 435 373 299 201 315 366 125 70 436 221 358 439 217 387 308 325 57
27 27 451 480 466 475 479 477 289 234 318 320 176 198 446 134 315 436 316 196 148 319 425 294 317 288 409 45 238 259
29 29 488 208 179 322 296 350 391 444 445 447 89 435 377 6 171 452 427 450 439 356 71 339 325
33 33 391 450 339 474 240 371 483 297 331
37 37 296 476 341 450 113 308 474 422 105 11 100 177 381 69 227
38 38 95 351 49 138 8 121 39 119 118 137 51 472 94 73 389 53 473 111 440 132 310 120 133 86 16 89 191 78 153 47 10 101 0 54 106 88 125 48 31
40 40 423 214 488 392 370 405 431 385 320 446 435 366 302 368 257 160 49 362 316 221 452 364 188 96 439 308
41 41 252 281 428 334 431 446 435 299 200 201 292 222 436 362 221 427 358 422 170 325 380 309 128 418 138 421 448 367 409
42 42 444 474 177 69 426 379 256 267 185
44 44 444 445 62 303 341 96 450 474 367 177 215
47 47 60 122 95 160 341 450 339 277 474 288 177 4 404 407
50 50 313 125 217 448 131 121 483 167 102 20 39 399 383 375 267
52 52 249 429 447 446 263 78 436 417 170 140 387 8 105 129 409 277 294 121
55 55 286 293 264 252 255 357 214 275 236 213 219 36 476 202 385 134 446 435 262 292 216 315 222 160 200 221 283 254 188 358 427 235 433 450 439 339 240 128 138 409 204 199 319
56 56 379 382 413 415 229 410 402 279 400 397 417 295 260 201 418 362 285 268 243 484 398 205 411 224 396 146 195 332 164 215
59 59 481 388 217 249 107 381 167 102 164 256 87 384 403
60 60 297 253 432 329 155 47 427 309 325 79 367 422 205 126 464 326 461 204 335 323 371 66 166 321 195 483 238 215 187 227 280 223 489 184 426 327 419 20
62 62 44 358 427 364 249 251 404 238 215 483 167 39 194 327
63 63 487 465 204 370 206 231 209 459 395 373 447 374 302 284 369 169 303 188 305 416 430 57 375 288 319 26 372 371 304 394 4 81 300 13 359 65 193 3 173 45 330 97 165 35 125 386
66 66 467 488 449 208 457 179 168 207 444 478 153 435 369 344 377 6 2 315 366 60 341 452 325 235 96
69 69 338 486 440 226 247 437 283 467 205 166 488 208 179 482 157 36 350 340 389 445 444 159 434 42 435 95 344 377 366 341 424 78 49 142 171 303 362 37 284 452 170 450
70 70 204 482 478 352 344 452 349 442 171 109 163 308 448 105 348 347 175 277 25 237 394 357 192 381 346 379 378
71 71 275 213 149 176 241 202 198 279 216 292 222 200 436 283 427 254 235 240 140 348 277 319 29 107 204 294 251 212 199
74 74 334 153 427 325 277 422 249 251 253 215 227 321 335 426 327 326
76 76 391 450 474 331 256 185 336 300 98 68
78 78 179 137 444 2 341 92 52 339 430 121 69 4 407 39 119 38 359 426 357
79 79 432 449 120 459 431 334 434 299 344 200 292 60 452 221 358 427 283 235 439 196 325 170 422 380 418 347 138 409 448 205 367 421 411 294 398 253 192 177
82 82 412 334 201 295 358 427 439 325 170 309 422 409 421 131 121 166
83 83 405 219 446 315 200 125 436 221 417 358 439 283 356 196 308 217 387 105 418 319 288 409 277 323 294 212 421
85 85 237 449 482 476 478 352 434 162 344 377 349 443 374 442 171 356 364 105 448 380 357 347 348 175 367 394 346 192
88 88 429 476 366 160 368 292 203 436 439 325 319 421 251 195 404 407 215
89 89 303 140 249 29 483 399 38 194
91 91 405 436 362 308 380 217 409 277 249 404 121
92 92 388 302 263 78 368 316 140 217 387 57 249 26 251 305 404 199 407
96 96 388 263 103 368 44 439 285 140 380 277 288 249 40 66 131
100 100 360 432 449 392 172 213 329 36 415 225 431 334 445 435 366 299 369 344 436 37 221 452 341 358 427 450 283 439 113 196 422 325 170 309
103 103 454 350 222 96 170 217 277 409 249 251 199 121 178 404 407 167 483
104 104 469 451 480 475 479 477 289 318 353 320 246 198 446 279 316 358 288 196 294 319 418 425 409 277 317 45 212 251 4 166 453 238
107 107 293 252 214 392 242 151 157 213 219 36 149 241 59 262 202 158 134 292 258 153 446 435 216 283 366 142 222 49 160 200 201 315 254 436 240 221 235 71 188 358 427 341 196 450 439 356
108 108 228 469 480 466 423 475 479 477 289 234 318 36 476 320 176 445 246 198 446 315 366 299 292 160 295 316 436 254 417 452 358 283 235 0 196 285 294 288 277 409 380 268 319 367 217 425 317 138
109 109 432 476 358 70 170 409 422 381 215 483 359 426
110 110 408 405 244 302 200 292 368 362 439 188 325 387 105 217 309 57 474 26 421
111 111 459 447 49 132 116 268 105 8 128 430 277 319 178 4 195 119 357 39 331 38 399 375 378 20 271
112 112 412 410 402 258 400 279 397 260 295 201 417 436 285 243 268 484 418 398 205 411 237 396 146 195 332 215 164 224 403 34 383 270 261 272 321 45 230
113 113 429 263 262 122 49 315 186 368 362 169 37 439 235 339 387 217 249 100 212
116 116 469 466 475 479 477 289 234 318 476 320 176 246 198 446 111 292 125 203 436 316 288 196 294 319 425 409 367 45 317 192 177 398 251 199
119 119 95 49 10 138 8 130 121 4 39 38 20 463 118 310 137 51 1 43 132 291 458 53 298 120 111 440 86 16 54 78 124 7 257 48 17 0 106 70 142
122 122 236 219 149 241 202 262 292 188 47 235 254 113 277 240 131 238 199 204 259 102 194 271
123 123 433 233 449 355 482 350 476 444 445 478 158 434 352 153 344 377 49 452 349 341 442 171 356 346 347 448 357 339 237 175 380 8 217 474 348 430
124 124 178 302 387 26 167 483 426 164 102 119 383 173
125 125 465 416 386 323 206 370 231 459 395 420 169 373 374 369 302 284 50 303 362 116 375 450 430 83 193 57 305 249 372 25 13 304 26 65 398 81 371 173 300 3 63 394 487 331
126 126 425 438 451 480 466 423 214 408 475 477 479 289 234 318 320 176 246 385 198 446 315 200 60 316 436 417 221 452 358 288 196 294 339 170 319 317 45 409 205 367
127 127 350 155 352 153 171 356 348 175 474 346 237 357 4 394 372 375 378 355 271 354 12 173 376 443 87 313 353 270 441 232 345 152 337 84 351 18 298 51 24 81 401 287
128 128 432 428 431 334 111 299 315 160 358 427 316 452 188 450 422 196 339 325 170 380 409 55 309 138 448 41 8 421 367 474 212
129 129 488 208 395 155 444 147 158 287 284 362 341 452 427 450 356 52 339 448 308 380 347 8
130 130 463 458 363 281 119 275 310 120 234 388 385 447 153 435 95 366 132 369 344 2 49 362 138 8 358 364 450 439 356 170 339 121 380
131 131 486 467 488 120 208 479 457 179 482 36 350 476 155 444 147 435 50 122 95 344 377 366 6 49 160 315 374 203 436 171 452 82 284 96 235 439
136 136 210 206 177 381 394 359
137 137 318 95 49 78 341 349 439 105 138 8 409 121 237 119 4 372 39 38 375 20 65 118 51 81 18
140 140 444 89 362 341 92 96 450 52 71 339 387 57 474 175 11 26
141 141 423 429 385 263 435 262 295 368 436 362 427 188 285 387 217 380 367 249 26
142 142 214 213 318 241 246 262 292 22 216 283 222 315 316 254 221 235 418 288 367 294 251 107 204 69 238 259
144 144 391 302 368 450 387 57 474 319 26 192 305 381 195 166 359 13 331 102 383
145 145 430 412 382 413 415 229 258 402 400 279 397 295 417 201 366 411 436 418 358 341 285 398 243 439 484 268 380 367 347 205 319 175
147 147 368 448 129 212 177 131 404 483 224 259 335
148 148 432 459 213 334 385 315 299 27 358 427 439 339 325 170 268 418 380 409 309 422 138 367
151 151 149 262 288 240 107 199 238 259 278 232 157 245 156 143 158 155 153 276 291 73 43
153 153 236 213 127 219 149 241 287 351 134 262 74 216 222 283 188 235 277 123 212 251 240 130 204 398 107 381 199 66 238 259 253 242 399 278 321 232 271 194 38 151 157 245 355 155
155 155 219 149 127 270 202 60 292 221 347 129 240 204 238 131 483 271 232 65 151 278 87 245 157 242 156
157 157 149 241 283 222 254 221 188 240 5 204 107 199 69 238 194 278 271 45 242 151 245 183 403 156 232 43 143 158 276 153 155 338 486 17 216 272 90
158 158 290 149 241 202 239 262 200 222 283 254 10 235 123 129 288 240 238 107 204 259 317 278 194 232 151 271 245 242 157 183
159 159 182 361 264 360 161 180 172 179 36 176 134 6 222 169 171 341 358 170 308 430 175 192 177 1 166 178 69 297 164 359 167 165 304 184 173 183 336 312
162 162 360 172 209 134 169 427 85 170 308 175 422 421 411 323 215 327 166 326 297 167 227 335 253 426 184 280 321 185
163 163 377 6 49 2 452 70 341 450 356 448 348 8 474 175 192
166 166 299 170 325 430 175 69 335 327 184 326 183 223 168 28 296 98 333 338 486 1 165 182 273 276 287 159 162 172 440 226 247 144 72 75 82 60 274 360 6 79 422 148 334 128 77 104 41 71 209 441 283
168 168 325 309 422 5 66 323 166 253 227 102 335 304 327 321 280 326 181 223 296 337 28 118 333 287 420 485 225 1 207 273 68 248 76
178 178 124 171 175 167 173 184 441 118 98 1 73 182 94 159 111 139 135 103 16 48 86 14 140 117 0 79 77 5 145 123 126
186 186 250 472 161 473 255 365 408 457 179 414 413 405 36 350 431 334 176 478 352 434 400 262 279 263 435 373 369 216 299 377 366 374 356 349 442 417 284 10 221 341 235 364 418 113 268 387 217 448 243 484 309 348 347 416 237 249 305 175 421 357 346 192 394 199 238 372 426 193 224 379 378 167 331 354
187 187 489 462 239 364 419 365 414 461 457 464 329 290 366 351 160 362 367 203 308 331 368 458 230 248 218 322 60 1 207
203 203 382 187 413 489 414 401 229 415 388 248 410 258 402 400 279 397 417 295 369 201 418 88 268 116 285 398 419 243 484 416 411 57 205 288 462 396 224 131 332 146 364 195 270 239 167 272 365
204 204 236 63 487 292 368 188 70 240 199 297 278 242 245 465 157 155 156 43 241 276 143 149 214 158 153 90 216 275 202 17 122 218 150 154 60 61 222 293 55 71 93 142 254 209 213 206 219 107 221 262 21 231 370 283 200
205 205 424 417 268 411 398 69 224 164 396 146 332 270 272 415 261 382 410 338 486 402 412 243 258 484 397 226 247 400 139 413 418 112 229 260 285 295 455 279 440 201 60 437 23 203 56 19 115 283 21 75 150 79 195 128 145 25 126 278
207 207 180 258 344 325 308 430 416 309 138 305 26 66 199 404 483 304 253 13 193 378 321 173 326 3 65 280
210 210 136 150 206 211 220 190 226 247 265 286 290 48 228 250 293 177 233 239 252 264 381 394
225 225 432 209 299 344 377 49 364 422 418 421 100 240 323 371 297 227 253 335 327 326 280 343 223 87 181 296 34 146 333 337 168 332
237 237 443 434 442 349 452 85 448 105 346 357 379 102 352 87 354 355 347 478 28 353 127 449 137 291 298 433 348 453 351 24 139 112 394 15 344 282 186 482 123 54 5 356 441 101 70 84 140 472 77 150 377 171 378 175
242 242 250 255 275 236 213 36 262 216 222 292 254 221 188 235 387 240 212 204 107 199 259 194 278 156 241 245 157 223 143 202 153 43 276 293 158 61 150 155 17 149 90 122 186
244 244 392 362 439 110 387 394 238 195 167 164 383 267 45
248 248 176 203 188 309 170 422 347 421 411 398 121 215 297 227 426 335 327 256 321 280 187 326 489 12 401 184 183 223
249 249 303 52 59 35 89 74 15 62 186 103 31 2 125 91 92 21 96 117 141 150 113 77 148 14 41 481 25 130 29 100 11
253 253 60 325 227 321 259 326 280 313 223 181 337 168 296 485 270 273 432 225 287 298 297 207 153 274 191 162 351 79 19 82 174 74 260 72 44 133 6 2 148
257 257 179 391 445 442 284 308 8 105 11 40 102 372 359 13 399 119
260 260 412 323 413 420 229 410 402 258 400 279 397 112 15 201 417 377 56 285 19 268 418 398 364 411 243 484 205 224 396 146 195 164 199 215 332 238 403 297 270 34 253 330 261 321
270 270 382 413 415 410 402 258 400 155 279 397 295 417 201 418 285 268 398 411 308 243 484 205 288 195 396 253 224 304 272 261 332 330 403 401 322 139 412 127 280 34 146 112 230 260 181 203 19 56 23
274 274 172 278 428 431 320 434 299 132 170 325 309 421 422 26 323 305 326 335 426 327 166 215 424 321 280 297 253 227
278 278 424 241 262 221 283 254 417 274 235 288 240 212 204 238 259 317 194 331 383 321 271 330 232 151 245 242 157 276 17 158 153 90 189 43 202 156 155 122 61 389 291 143 342
283 283 222 254 240 69 278 232 157 245 338 486 226 247 143 158 424 153 440 17 142 61 241 437 216 83 21 150 275 221 293 71 79 262 55 205 211 220 286 108 134 350 246 467 100 328 460 470 107 235 213 202 166 149 252 290
287 287 172 209 428 334 431 299 153 427 188 325 170 422 309 421 319 129 323 166 280 215 297 227 335 426 359 326 253 184 327 321 296 223 181 12 337 333 330 168 313 127
296 296 209 428 431 334 299 37 422 325 309 170 421 29 26 323 335 227 166 297 215 167 426 102 253 321 326 327 267 333 280 287 168 184 337 181 223 225 420 273
297 297 60 368 309 421 204 335 327 326 330 280 184 223 333 98 296 324 225 248 287 273 428 432 253 172 159 191 422 162 209 218 174 82 75 274 154 72 431 323 334 260 299 33 2 128 325 148 41 117 96
313 313 50 331 253 39 185 20 312 230 28 51 353 127 324 156 340 272 53 32 389 147 287
322 322 402 400 295 285 268 411 308 398 29 195 224 304 332 396 330 65 403 270 87 34 401 272 146 230 187 261 489
323 323 420 260 125 422 421 215 335 327 280 326 390 223 168 333 296 485 465 225 287 273 428 431 416 191 299 412 162 174 83 432 334 72 274 60 209 79 386 14 309 52 41 297 128 148 172 328 100 460 470 21 75 325
328 328 460 470 211 220 338 463 420 406 456 468 471 190 226 247 265 286 440 461 454 361 290 228 424 433 462 464 437 465 233 239 252 264 419 472 161 386 467 469 473 180 363 255 451 214 281 423 466 408 365 275 310 475 120 172 206 208 392 209 236 459 457 213 234 405 476 289 428 388 429 36 149 431 334 176 444 202 445 385 446 246 447 352 292 362 435 263 373 216 132 95 299 369 344 377 169 316 364 222 160 200 374 341 284 303 368 188
329 329 461 464 419 365 414 187 489 364 366 368 60 367 462 160 362 239 100 13 87 223 354 300 98 28 84
340 340 457 445 341 105 192 177 69 371 381 185 313 87 326 230 300
351 351 472 473 38 449 459 187 482 489 219 350 478 434 153 442 377 356 349 303 285 380 448 348 347 175 346 357 394 381 398 462 192 237 331 239 379 259 253 378 364 13 343 355 321 354 127 376 256 84 87 353 20
353 353 453 478 352 434 442 377 349 452 171 356 104 348 448 347 175 346 357 394 237 354 443 39 379 256 378 355 20 343 313 152 127 376 87 298 24 441 345 351 28 84 245
355 355 350 478 352 349 344 442 452 171 356 347 348 448 175 123 346 357 237 443 394 256 378 343 376 354 433 441 298 336 345 232 24 84 449 472 351 353 127 152 54 186 94 233 70 153
357 357 433 449 478 442 356 348 347 55 346 237 394 379 378 343 354 355 349 443 472 353 152 127 286 298 342 85 453 186 123 70 352 351 24 101 434 293 111 5 255 482 282 31 54 37 163 93 264 252 84 350 135 78 113
364 364 461 462 464 239 365 187 489 414 366 290 419 368 160 367 362 329 98 457 225 139 260 218 363 62 186 85 0 328 460 470 132 351 463 203 130 454 40 458 455 456
379 379 56 348 346 237 357 381 378 353 291 24 351 42 186 449 15 70 93 101 85 23 154 443 54 78 37 47
389 389 408 385 263 368 439 8 217 277 404 69 483 167 164 38 102 383 267 390 384 313 183
391 391 76 428 144 33 257 29 26 381 359 102 383 267
401 401 415 400 397 203 418 268 411 398 195 224 270 396 272 34 146 261 403 332 322 413 410 382 248 139 127
416 416 169 125 430 57 304 375 13 173 65 300 330 386 3 465 81 301 97 374 370 342 207 206 63 35 395 487 459 373 231 305 218 15 302 369 303 31 372 193 186 115 203 371 284 323 26 456 135 282 420 468 471 66 328 460 470 69 131 338
430 430 374 416 288 145 166 304 375 185 173 65 300 81 301 165 291 207 35 63 159 487 111 386 169 370 31 54 125 78 101 459 282 57 206 305 412 373 303 465 69 468 471 371 372 123 264 180 66 40 369 193 361 338 393 5 395 451 328 231
