128 128 1410 544 1480 846 1500 432 605 428 431 334 315 299 571 160 452 316 188 358 427 450 422 196 205 339 325 170 323 380 8 309 421 636 1514 138 367 409 448 474
257 257 529 880 1445 179 445 1398 442 284 585 308 8 105 555 119 811 372 13 359 102 11 399
389 389 408 558 385 263 772 655 531 694 368 439 8 217 277 648 1452 404 38 483 167 631 646 164 102 383 267 390 313 384 278 183 526
6 6 648 1398 555 1500 811 385 529 630 696 785 571 169 585 560 657 636 1514 558 166 491 404 880 163 253 102 164 383
5 5 657 646 190 433 441 233 482 350 36 476 478 352 434 344 377 369 349 171 452 303 362 442 284 341 430 356 555 346 268 237 175 448 357 105 380 596 348 347 138
11 11 1385 526 1499 406 618 555 408 405 589 785 491 385 636 776 435 630 696 263 374 292 436 1522 427 602 254 235 356 339 657 119 308 249 387 217 1421 647 57 257
140 140 560 1421 585 1618 444 533 362 341 529 1398 450 89 339 618 387 596 57 237 474 175 92 26 178
15 15 1629 370 1481 395 388 812 1425 445 302 374 284 303 362 249 416 57 237 305 26 371 251 1748 372 375 4 379 13 164 224 300 65 193 3 173 185
144 144 880 1445 302 368 450 387 57 474 319 26 192 166 305 1398 381 195 359 13 331 102 383
19 19 1629 382 1481 413 229 415 812 1425 410 258 402 400 279 397 417 295 201 418 285 268 205 243 398 411 57 192 346 294 1748 224 396 195 253 146 215
148 148 516 1500 432 459 213 334 385 299 315 571 358 427 439 339 325 170 249 268 418 323 380 422 309 636 1514 409 138 367 166
22 22 631 228 392 477 234 289 388 246 198 436 316 196 319 294 596 288 409 26 305 45 317 558 13 359 164 304 383
416 416 169 430 125 57 304 375 13 173 65 300 330 3 81 301 97 207 342 63 514 812 1452 374 35 203 15 218 605 31 186 386 370 305 115 303 373 395 135 282 206 369 302 193 284 372 371 459 26 465 131 69 66 328 231
33 33 880 1445 450 339 474 240 297 371 1398 483 331 327
163 163 491 559 514 693 377 49 452 341 1499 450 356 6 8 448 348 552 474 175 192 177
50 50 802 1500 571 217 636 1514 448 121 125 483 167 102 39 399 383 267 20 321 375
178 178 171 124 175 167 173 184 118 98 1 73 94 159 111 139 441 103 16 140 86 123 14 135 0 145 117 79 5 77 130 131 126 29 69 41 55 25 100 66 108
60 60 615 1666 1448 1622 1416 818 644 555 432 759 616 1556 630 696 589 427 205 325 204 309 657 323 422 367 618 166 297 253 371 853 215 195 238 483 227 326 187 426 327 335 491 529 1594 321 280 20 1522 585 184 1500 223 168
74 74 1522 334 776 616 427 325 249 840 612 277 422 251 253 215 227 1499 426 335 187 321 327 326 256
78 78 1506 491 1421 1618 558 179 444 1499 772 655 531 694 341 430 339 618 648 1452 92 121 357 4 119 407 38 379 359 631 646 426 555 39 194
340 340 558 457 445 772 655 531 694 341 105 648 1452 192 177 371 381 631 646 185 313 87 326 526 230 300 28 127
89 89 1398 811 785 303 560 249 529 140 880 38 483 399 194
92 92 388 302 263 368 316 249 217 387 78 57 26 251 305 404 199 140 407 13
355 355 612 350 478 352 647 349 442 344 452 171 356 347 348 448 357 1522 237 175 346 394 256 378 343 376 354 345 336 298 232 351 443 127 24 84 353 499 153 152 70 186 54 94
103 103 585 454 350 533 222 170 249 529 217 409 277 178 251 199 121 404 407 167 551 483
108 108 1369 228 469 480 466 423 475 479 477 289 234 318 36 476 320 176 246 445 198 446 315 283 299 366 292 295 160 316 436 254 417 452 358 235 196 285 294 288 268 409 277 380 319 217 367
109 109 559 432 514 693 476 358 170 552 409 422 381 215 483 359 426
119 119 499 1499 675 647 95 49 491 138 8 589 121 4 38 602 39 1522 20 612 118 137 1594 51 1 43 111 53 291 298 526 776 124 16 618 86 310 596 11 257 17 78 54 0 70 132 142 52 106 818 7 92 140 163 135 130 71 14 110 69
122 122 1416 602 1500 236 675 219 149 241 202 262 292 571 589 188 254 235 526 204 636 1514 277 240 199 238 259 102 278 194 157 242 271
124 124 178 302 387 26 167 483 119 426 164 102 383 173 185
125 125 514 812 1452 605 465 416 386 206 370 1480 231 459 395 559 1629 169 373 374 302 369 284 303 362 430 1572 450 249 375 305 57 193 558 372 26 50 1481 304 398 371 65 81 394 38 300 173 187 3 13 331 693 63
