0 0 48 310 120 476 36 445 134 366 364 95 132 160 49 108 362 367 380 138 8 105 121 277 57 474 192 177 4 26 38
257 257 529 880 179 445 585 442 284 11 308 555 8 105 630 696 76 533 551 372 13 359
130 130 463 458 491 589 119 363 281 275 310 120 234 388 818 602 153 675 385 499 447 435 526 95 364 366 132 369 344 49 362 138 8 358 11 555 356 630 696 450 439 339 121 170
131 131 571 636 486 644 759 585 467 488 618 120 208 616 479 457 179 533 551 482 36 350 476 50 122 802 6 776 444 203 737 435 145 148 95 516 344 377 366 160 315 529 49 374 128 452 436
128 128 544 846 432 428 111 431 334 299 315 41 160 452 316 358 427 188 422 450 325 170 196 205 339 131 323 380 571 409 448 309 421 367 138 474 8
389 389 408 558 772 655 531 694 385 263 648 368 439 8 217 631 646 277 404 38 483 167 164 102 383 526 267 390 313 384 183
6 6 648 555 630 696 385 657 163 558 772 655 531 694 169 491 29 811 529 131 571 585 166 404 102 164
260 260 812 412 413 112 229 410 15 402 258 400 279 56 397 19 201 417 364 377 285 268 418 205 398 411 243 484 125 323 224 396 146 195 215 164 332 199 270 403 238 34 382
136 136 210 206 177 381 394 359
137 137 318 78 95 49 341 349 439 105 138 237 8 409 121 4 38 372 119 39 375 20 65 118 51 491 155 81 18 306
5 5 657 190 646 433 441 233 482 350 36 476 478 555 352 630 696 434 344 171 377 369 596 349 640 548 731 452 303 362 442 284 341 356 175 357 346 237 268 448 105 380 558 348 772 655 531 694 347 138
11 11 406 526 618 408 555 785 630 696 636 776 405 602 257 385 16 657 435 589 263 140 647 374 292 529 436 130 427 339 356 491 254 644 235 759 308
140 140 560 585 533 551 89 444 92 52 529 596 640 548 731 362 341 11 450 339 387 57 474 237
15 15 370 395 388 260 445 302 374 284 303 362 57 812 237 416 305 26 249 371 251 375 372 4 164 13 224 300 3 65 193 379 173 185
16 16 363 275 388 476 385 447 95 49 132 362 11 339 380 105 138 121 177 251 39 381 4 38 178
145 145 430 412 382 413 415 229 258 402 400 279 397 295 417 366 201 436 411 418 358 341 439 398 285 243 205 484 268 380 131 571 367 347 319 175 192 212 195
401 401 415 400 203 737 397 418 268 411 398 195 224 605 413 396 272 403 332 34 146 261 382 410 127 270 322 139 402 243 258 484
19 19 382 413 229 415 260 410 402 258 279 400 397 417 295 201 418 285 268 205 398 243 484 812 411 57 224 192 396 346 294 146 332 215 270 195 164 412
148 148 516 432 459 213 334 385 315 299 358 427 439 339 325 170 268 380 131 571 418 323 422 309 409 367 138 166
144 144 880 302 368 450 387 76 57 474 319 26 192 166 305 381 195 359 13 331 102 33 383
22 22 631 228 392 477 234 289 388 246 198 596 640 548 731 436 316 196 319 294 425 558 288 772 655 531 694 409 26 305 646 45 317 13 359 164 304 383
278 278 763 424 241 262 283 221 254 417 235 204 288 240 212 238 259 317 194 331 383 321 271 330 157 151 242 232 155 245 143 276 17 189 90 43 205 156 158 202 61 147 122 342 291 351 389 153
153 153 776 616 840 612 527 647 596 640 548 731 644 759 555 630 696 236 618 213 219 74 149 241 657 134 355 262 283 499 216 222 631 646 560 636 130 187 188 853 489 491 235 204 277 240 212 251 529 398 199 675 381 585 238 259 38 194 399 242 157 253
29 29 811 785 560 529 880 488 208 526 179 89 350 6 444 445 447 435 377 585 596 640 548 731 171 452 427 555 630 696 450 439 356 339 325
416 416 125 169 430 57 514 812 304 375 605 13 173 465 386 65 300 330 3 370 301 81 374 97 206 395 207 459 342 63 231 487 35 373 305 369 302 303 218 559 372 15 193 31 371 186 284 115 26 456 135 282 203 737 69 66 468 471 338 328
33 33 880 450 339 76 474 240 371 483 331 144 297 327
163 163 491 559 514 693 552 6 377 49 452 341 450 356 555 630 696 8 648 448 348 474 175 192
297 297 60 615 368 309 204 421 335 818 327 326 330 280 184 223 253 296 644 333 759 98 324 287 432 248 428 225 273 159 422 172 323 162 191 209 82 218 274 2 174 75 96 431 154 72 325 299 260 113 33 555 148 166
41 41 252 281 428 334 431 446 435 299 200 201 292 128 222 436 362 427 221 358 170 325 309 422 323 380 421 138 418 448 367 409 166 319
430 430 374 145 416 288 166 304 375 185 173 65 300 81 301 165 291 207 159 63 487 35 386 412 111 370 31 54 169 101 125 78 459 66 282 69 206 57 5 303 305 40 123 373 361 395 371 372 193 369
47 47 122 60 615 95 160 341 450 339 277 474 288 177 4 38 404 407
50 50 802 125 131 571 217 448 514 812 121 483 167 102 39 399 383 375
178 178 124 171 175 167 173 184 441 118 98 1 182 159 73 94 139 111 135 103 48 14 123 86 117 16 77 0
52 52 249 618 636 776 429 78 447 446 263 140 647 436 417 644 759 170 387 323 8 105 409 277
56 56 379 382 413 415 229 260 410 402 279 400 397 417 295 201 418 362 285 268 205 243 484 398 812 411 224 396 146 195 270 332 164 412 215
187 187 853 489 840 818 527 462 419 239 365 414 457 589 290 203 737 364 366 160 362 308 367 60 615 464 602 461 331 153 605 526 329 230 322 458 1 675
60 60 615 818 644 759 297 253 432 555 630 696 616 589 47 657 187 79 489 853 427 309 618 205 204 325 323 422 367 491 529 326 166 227 327 335 321 426 371 585 280 195 238 215 223 483
74 74 153 334 427 325 776 616 277 422 251 249 840 612 215 527 227 253 321 335 426 327 326
203 203 737 605 401 187 489 853 382 413 414 229 415 388 88 410 258 402 400 397 279 417 295 369 418 201 268 419 840 818 285 527 205 398 243 484 131 571 111 195 57 411 416 462 288 224 396 146 332 270
76 76 880 450 474 144 331 33 256 185 257 336 300 329 168 391 306 98 68
78 78 491 137 558 179 772 655 531 694 444 92 52 648 341 339 631 646 555 430 630 696 121 38 357 407 4 39
79 79 432 449 120 459 431 334 60 615 434 299 344 283 200 292 452 221 358 427 235 439 196 205 325 170 422 323 380 418 347 138 253 409 448 166 367 421 411 398 294 192 177
210 210 136 206 150 211 220 190 226 247 265 286 177 381 394 359
83 83 558 772 655 531 694 405 219 125 446 315 283 648 200 436 221 417 358 439 356 196 308 323 217 387 105 418 631 646 319 288 409 277 514 812 294 212 240 421
340 340 457 558 772 655 531 694 445 648 341 105 631 646 192 177 371 381 526 185 313 87 326 230 300
88 88 429 476 203 737 366 160 368 292 436 439 325 319 421 251 195 404 407 38 215 483
89 89 140 303 29 811 560 249 38 483 399 785 194
92 92 388 78 302 263 140 368 316 217 387 57 26 249 251 305 407 404 199 13
225 225 589 432 209 818 602 299 344 377 364 49 526 323 422 675 418 421 240 371 785 227 297 335 253 327 326 280 420 296 343 461 223 168 87 181 34 146 333 337 332 287
353 353 593 453 478 352 434 442 377 349 452 171 356 348 448 347 357 237 175 346 394 354 443 39 256 378 379 355 20 313 343 376 152 87 298 351 24 441 345 127 28 84 245
355 355 612 647 350 478 352 349 344 442 452 171 356 347 348 448 357 237 175 499 346 153 443 394 256 378 618 343 376 675 596 354 640 548 731 441 298 345 336 232 351 24 776 616 127 84 472 353 593 70 152 186 54 94
103 103 454 585 533 551 350 529 222 170 217 409 277 249 251 199 121 555 404 630 696 178 407 167 483
108 108 228 469 480 466 423 475 479 477 289 234 318 36 476 320 176 445 246 198 446 0 366 315 283 160 299 292 295 316 436 254 417 452 358 235 196 285 294 277 288 380 409 268 367 319 217 138 425 317
109 109 559 514 693 552 432 476 358 170 409 422 381 215 483 359 426
111 111 605 459 447 49 128 132 268 105 8 277 319 430 357 4 195 203 38 178 737 544 846 39 331 399 119 375 125 378 20 271
112 112 412 260 410 402 258 400 279 397 295 201 417 436 285 268 243 484 418 398 205 812 237 411 396 146 195 332 164 215 224 270 403 34 383 261 272 321 322 230 45 413 87
125 125 514 812 605 416 465 386 559 206 370 231 459 395 693 552 50 802 169 373 83 302 374 369 284 303 362 375 450 372 430 260 193 57 305 304 13 65 249 81 26 111 173 398 300 371 3 394 63 487 38
119 119 499 675 647 95 49 602 130 138 8 612 121 4 38 39 463 20 310 618 118 458 137 51 596 640 548 731 526 1 120 491 43 132 291 53 298 111 440 589 363 86 78 54 16 17 124 70 7 636 776
249 249 52 303 59 35 618 89 62 2 186 74 15 96 31 103 91 113 92 125 141 21 117 150 77 481 69 148 14 41 100 516 25 66 263 429
122 122 602 675 236 219 149 526 241 47 202 589 262 292 499 188 254 235 204 131 571 785 277 240 199 238 259 194 102
379 379 56 348 237 346 357 381 378 353 593 291 351 70 24 54 186 37 42 443 101 23 154 93 85 15 10 449
124 124 178 302 387 26 167 483 426 164 102 173 383 184 185
253 253 60 615 325 227 321 818 259 326 280 313 223 168 181 297 337 296 644 759 270 485 432 287 273 616 225 298 207 79 351 274 162 191 82 2 153 133 174 260 74 19 44 555 72 6 630 696 323
