0 0 48 310 120 36 476 445 134 366 95 132 364 49 160 362 367 380 8 105 138 57 277 474 121 119 4 178
2 2 281 427 285 170 309 249 422 421 297 4 253 215 227 335 426 327 321 326 193
5 5 190 433 441 233 482 350 36 476 478 352 434 377 369 344 171 349 303 362 452 284 442 341 356 430 347 346 237 448 175 268 380 357 105 348
6 6 385 169 166 404 253 164 102 159 383
10 10 263 369 200 188 358 356 196 170 57 409 277 422 367 119 372 238 38
11 11 406 408 405 385 435 263 374 292 436 427 254 235 356 339 308 249 387 217 243 57
15 15 370 395 388 445 302 374 284 303 362 416 249 57 237 305 26 371 251 375 372 4 379 13 164 224 300 65 193 173 3 185
16 16 363 275 388 476 385 447 95 49 132 362 339 380 105 138 121 178 177 251 38 39 119 4 381
19 19 382 413 229 415 410 258 402 400 279 397 417 295 201 418 285 268 205 243 398 411 57 192 346 294 224 396 146 195 253 215 260
22 22 228 392 477 234 289 388 246 198 436 316 196 319 294 288 409 26 305 45 317 13 359 164 304
25 25 281 392 429 263 435 373 299 201 315 366 436 221 358 439 217 387 325 205 308
27 27 451 480 466 475 479 477 289 234 318 320 176 198 446 134 315 436 316 196 319 294 288 409 317 45 238
29 29 488 208 179 350 444 445 447 435 377 171 452 427 450 439 356 339 325 249 105 138 448
33 33 450 339 474 240 391 371 297 483 331
37 37 476 341 450 308 105 474 422 177 296 357 381 379 372 227 359 102
38 38 95 49 138 8 121 119 39 351 137 118 51 153 389 94 73 111 53 89 125 86 16 132 191 133 47 78 10 0 54 101 106 88 96 31 163 140 120 310 130
40 40 423 214 488 392 370 405 431 385 320 446 435 366 302 364 368 160 49 362 316 221 452 188 439 430 339 325
41 41 252 281 428 431 334 446 435 299 200 201 292 222 436 362 221 358 427 422 325 170 380 249 309 418 421 323
42 42 444 474 177 379 426 256 267
44 44 444 445 303 341 450 474 367 177
47 47 95 160 341 450 339 277 474 288 177 4 404 407 38
50 50 313 217 448 121 483 167 102 39 399 383 267 321 375 20
52 52 249 429 447 446 263 436 417 170 387 8 105 323 409 277 294 121
55 55 286 293 264 252 255 214 275 236 213 219 36 476 202 385 134 357 446 435 262 292 216 283 315 222 160 200 221 254 188 358 427 235 450 439 339 204 240 138 409 319
56 56 382 413 415 229 410 402 400 279 397 417 295 201 362 418 285 268 243 205 398 411 379 224 396 195 146 260 215 332 270 164
59 59 481 388 249 217 381 167 102 164 256 87 384 403
60 60 432 297 253 427 309 325 205 422 204 323 367 329 155 166 371 215 195 238 483 227 335 327 426 187 321 280 184 20 223 168 326 296 330 337 333
62 62 364 358 427 249 251 404 238 215 483 167 39 194
63 63 487 465 370 206 231 209 459 395 373 447 374 302 369 284 169 303 188 204 416 430 305 57 288 375 319 26 372 371 304 394 4 81 300 13 359 65 193 3 173 45 125 330 165 97 35
66 66 467 488 449 208 457 179 444 478 435 369 344 377 315 366 341 452 450 235 356 430 416 339 325
69 69 338 486 440 226 247 437 467 488 208 283 179 482 36 350 444 445 434 435 95 344 377 366 49 303 362 205 341 284 171 452 450 356 430 285 416 339 170 249
70 70 482 478 352 344 349 452 442 171 204 308 448 105 237 347 348 175 277 357 394 192 381 346 119 379 378 304 13
71 71 275 213 149 176 241 202 198 279 292 216 283 222 200 436 254 427 235 240 204 348 277 319 294 199 212 251
74 74 334 427 325 249 277 422 251 253 153 215 227 426 335 321 327 326
76 76 450 474 391 331 256 185 336 300 168 329 68 98 306
78 78 179 444 341 430 339 121 137 119 357 4 407 38 379 359 426 39 194
79 79 432 449 120 459 431 334 434 299 344 200 292 283 452 221 358 427 235 439 196 325 170 205 422 380 418 347 138 323 409 448 421 367 166 411
82 82 412 334 201 295 358 427 439 170 325 309 422 409 421 166 297 121
83 83 405 219 446 315 200 283 436 221 417 358 439 356 196 308 217 387 105 418 323 319 288 409 277 294 212
85 85 449 482 237 476 478 352 434 344 377 349 374 364 442 171 356 448 105 380 357 347 348 367 175 394 346 192
88 88 429 476 366 160 368 292 436 439 325 319 421 251 195 404 407 215
89 89 303 249 483 38 399 194
91 91 405 436 362 308 380 249 217 409 277 404 121
92 92 388 302 263 368 316 249 217 387 57 26 251 305 404 199
96 96 388 263 368 439 285 380 249 277 288 404 297
100 100 360 432 449 392 172 213 36 415 431 334 445 435 299 369 344 366 283 436 221 452 358 427 341 450 439 196 325 170 309 422 380
103 103 454 350 222 170 249 217 409 277 178 251 199 121 404 407
104 104 469 451 480 475 479 477 289 318 320 246 198 446 279 316 358 288 196 294 319 418 409 277 317 212 45 251 166 4 238
107 107 293 252 214 392 213 219 36 149 241 202 134 258 446 292 435 262 216 283 366 315 222 49 160 200 201 436 221 254 188 358 427 341 235 450 439 356 204 157 242 196 339 170 205 217 240
108 108 228 469 480 466 423 475 479 477 289 234 318 36 476 320 176 246 445 198 446 315 299 366 292 283 295 160 316 436 254 417 452 358 235 196 285 294 288 268 277 409 319 380 217
109 109 432 476 358 170 409 422 381 215 483 426 359
110 110 408 405 302 200 292 368 362 188 439 325 105 217 309 387 57 474
111 111 459 447 49 132 430 268 105 8 277 319 178 119 357 4 195 38 39 331 399 375 378 20 173 271
112 112 412 410 258 402 400 279 397 295 201 417 436 285 243 268 418 398 205 411 237 396 195 146 260 215 332 224 164 403 383 270 34 321 272 261 45 401
113 113 429 263 262 49 315 368 362 169 439 235 339 387 249 217 212 404
116 116 469 466 475 479 477 289 234 318 476 320 176 246 198 446 292 436 316 196 294 288 319 409 367 317 45 192 177 251 398 199 238
119 119 95 49 138 8 121 4 38 39 20 118 137 51 130 1 310 43 291 53 111 298 10 124 132 86 78 257 17 54 0 120 106 142 70 52 163 7 140 92 135 71 14 440 16 110 148 129 141 69 131 11
122 122 236 219 149 241 202 262 292 188 254 235 204 277 240 199 238 259 102 194 278 157 242 271
123 123 433 233 449 482 350 476 444 445 478 352 434 344 377 49 349 452 442 341 171 356 346 355 357 430 237 339 380 448 8 217 474 175 347 348
124 124 178 302 387 26 119 167 483 426 164 102 383
125 125 465 386 370 231 206 459 395 416 373 169 374 302 369 284 303 362 430 323 450 249 375 305 57 372 26 371 398 304 65 81 394 38 300 13 331 173 3 193 187 63
126 126 425 438 451 480 466 423 214 408 475 477 479 289 234 318 320 176 246 385 198 446 315 200 316 436 417 221 452 358 288 196 294 339 170 205 319 317 409 367 45
127 127 350 352 171 356 348 175 474 237 357 346 4 394 153 372 375 378 355 271 354 313 173 12 376 87 155 353 345 232 84 337 298 401 24 351 152 51 270 18 443 441 81 324 301
128 128 432 428 431 334 315 299 160 452 316 188 358 427 450 422 196 339 325 170 205 380 8 309 421 138 323 367 409 448 474
129 129 488 208 395 444 362 284 452 341 427 450 356 339 308 380 8 448 347 474 367
130 130 463 458 363 281 275 310 120 234 388 385 119 447 435 95 366 132 369 344 364 49 362 358 138 450 439 356 170 339 380 249 8 105 367
131 131 486 467 488 120 208 479 457 179 482 36 350 476 444 435 95 344 377 366 49 160 315 374 436 171 452 284 450 235 439 356 416 339 205 8 217
136 136 210 206 177 381 394 359
137 137 318 95 49 349 341 439 105 138 8 237 409 121 119 4 38 372 39 375 20 78 65 118 51 81 18
140 140 444 362 341 450 339 387 57 474 237 175 178 26 177
141 141 423 429 385 263 435 262 295 368 436 362 427 188 285 387 217 380 249 367
142 142 214 213 318 241 246 262 292 283 216 222 315 254 316 221 235 204 418 288 367 294 251 119 238 259
144 144 302 368 450 387 57 474 319 26 192 305 166 391 381 195 359 13 331 102 383
145 145 412 382 413 415 229 258 402 400 279 397 295 417 201 366 430 411 436 418 358 341 285 439 398 243 268 205 380 367 347 319 175
147 147 368 448 212 177 404 483 259 224 335 313
148 148 432 459 213 334 385 299 315 358 427 439 339 325 170 268 418 380 249 422 309 409 323 138 367
151 151 149 262 288 240 199 238 259 278 157 232 155 245 158 143 153 276 291 107 43 73 156 122 60
153 153 236 213 219 149 241 262 134 283 216 222 188 235 204 277 240 212 127 251 398 199 238 381 253 259 38 278 399 194 321 351 242 271 245 74 280 155 143 156 183 43 355 157 151 232 158 230 276 337 181
155 155 219 149 202 292 221 204 347 240 238 483 60 271 278 65 127 87 151 157 270 232 156 242 153 245 43 158 143
157 157 149 241 283 222 254 221 188 204 240 199 238 278 194 271 45 242 245 151 183 403 232 158 155 143 276 107 153 17 122 90 272 61 69 43 156 216 64
158 158 290 149 241 202 262 283 200 222 254 235 204 288 239 240 238 259 317 278 194 187 157 245 271 232 242 151 183 87 155 153
159 159 182 361 264 360 161 180 172 179 36 176 134 222 169 171 341 358 430 170 308 175 178 192 177 166 297 1 167 359 164 304 165 184 183 6 173 336
162 162 360 172 209 134 169 427 170 308 422 323 175 421 411 166 215 297 253 327 326 335 167 227 426 184 280 321
163 163 377 49 452 341 450 356 8 448 348 474 175 192 177
166 166 299 170 325 430 175 335 327 184 326 183 168 223 296 28 333 98 1 165 287 273 276 60 159 162 6 144 72 274 172 79 148 128 104 71 41 69 422 77 82 100 334 75 130 66 40
168 168 325 309 422 323 166 253 227 335 102 304 327 321 280 326 181 223 296 28 337 287 225 60 118 333 76 248 273 68 207 5 1 485
178 178 171 175 167 124 173 184 118 98 1 441 73 94 159 111 139 103 16 140 86 135 117 123 5 145 79 77 126 29 130 41 131 69 55 25 14 108 0 100
186 186 250 472 161 473 255 365 408 457 414 179 413 405 36 350 431 334 176 478 434 352 400 279 262 435 373 263 216 299 369 377 366 374 349 364 356 442 417 284 221 341 235 418 416 268 237 448 387 217 243 249 348 309 347 357 175 305 421 346 192 199 238 193 372 224 426 378 331 379 394 167
187 187 489 462 239 419 365 414 364 457 366 160 362 367 308 290 329 464 461 331 230 322 1 351 368 248 203 218 158 60 207 260 458 74 125 88
203 203 382 413 414 229 388 415 410 258 402 400 279 397 417 295 369 201 418 268 285 416 398 243 205 411 57 401 288 396 187 146 195 332 270 224 248 167 34 272 261
204 204 236 292 368 188 240 199 297 278 157 242 245 155 63 153 156 43 276 158 143 241 60 70 149 122 90 17 218 154 216 61 142 202 214 93 222 254 283 275 107 21 221 71 150 219 262 213 55 200 235 328
205 205 424 417 268 411 398 224 164 396 146 332 270 272 261 415 410 60 402 382 243 258 397 260 139 112 203 400 418 295 413 412 229 201 279 23 56 285 19 115 75 21 69 150 145 79 195 126 128 131 25 107
207 207 180 258 344 430 416 308 325 309 138 26 305 199 253 404 304 483 13 193 187 378 321 173 3 326 65 280
210 210 136 150 211 220 206 190 226 247 265 286 290 48 228 250 293 233 239 252 264 255
225 225 432 209 299 344 377 49 364 422 418 323 421 240 297 371 253 227 335 327 280 326 343 296 223 87 168 34 146 333 337 332 181
237 237 443 434 442 349 452 448 105 346 357 379 102 87 355 354 127 353 28 85 352 137 347 478 291 298 351 348 24 139 112 15 449 186 70 54 5 123 433 394 101 140 282 344 356 150 482 131 453 77
242 242 250 255 275 236 213 36 262 216 222 292 221 254 188 235 204 387 240 212 199 259 278 194 245 241 156 157 223 143 158 276 155 107 122 61 17 202 90 150 153 43
244 244 392 362 439 387 394 195 238 167 164 383 267 45
248 248 176 188 309 170 422 347 421 411 398 297 121 215 227 426 335 327 187 256 321 280 326 12 203 184 223 183 296 168
249 249 303 52 59 35 89 125 74 15 62 2 186 31 103 96 91 92 113 21 141 150 117 148 77 14 130 69 25 100 66 40 107 41 29 11
253 253 325 227 321 259 60 326 280 313 181 223 168 337 296 270 485 153 273 225 287 298 207 351 162 191 260 6 82 174 74 2 274 72 44 133 79 432 148 145 128 19 41 83 150
257 257 179 445 442 284 308 8 105 391 119 372 13 359 102 399
260 260 412 413 323 229 410 402 258 400 397 279 377 201 364 417 285 268 418 205 398 411 243 199 396 297 112 195 146 238 253 215 332 164 102 403 187 270 224 34 321 56 330 19 261 272 267
270 270 382 413 415 410 402 258 400 279 397 295 417 201 418 285 268 398 205 411 308 243 288 195 253 396 224 304 272 261 332 330 322 403 139 280 34 146 203 112 155 230 260 401 181 56 19 127 23 60
274 274 172 428 431 320 434 299 132 325 170 309 323 421 422 26 166 305 297 326 335 327 253 426 215 227 280
278 278 424 241 262 283 221 254 417 235 204 288 240 212 238 259 194 317 331 383 271 321 330 151 157 242 232 245 155 17 153 122 90 189 43 156 61 276 158 291 143 389 342 147 351 111 154 202
283 283 222 254 240 278 157 232 245 153 158 143 69 17 142 61 241 21 424 71 216 150 83 79 55 221 108 100 262 107 275 134 204 328 235 246 226 247 293 213 149 202 242
287 287 172 209 428 334 431 299 427 188 325 422 309 170 323 421 319 166 297 253 215 335 227 426 359 326 296 321 327 184 223 280 313 168 12 181 333 330 337 225
296 296 209 428 431 334 299 422 325 309 170 323 421 26 166 297 335 253 227 215 167 426 321 102 326 327 267 287 280 333 184 37 223 225 181 168 60 337 248 273
297 297 368 309 204 421 335 60 327 326 330 280 184 223 296 333 98 324 225 287 248 273 428 159 162 191 260 174 82 218 422 431 2 274 75 72 154 33 323 299 172 432 113 209 148 128 334 163 117 41 96 55 100
313 313 253 331 39 185 20 50 312 230 28 127 353 51 324 340 272 156 287 389 32 351 53 147
322 322 402 400 295 285 268 411 308 398 195 224 304 187 332 396 270 65 330 403 87 34 146 230 272 401 261
323 323 420 422 421 215 335 327 280 326 260 390 223 168 296 333 485 225 287 273 125 60 431 428 162 191 174 274 299 72 309 209 334 100 432 75 21 52 297 172 325 79 83 14 148 328 128 170 41
328 328 460 470 211 220 338 463 420 406 456 468 471 190 226 247 265 286 440 461 454 361 290 228 424 433 462 464 437 465 233 239 252 264 419 472 161 386 467 469 473 180 363 255 451 214 281 423 466 408 365 275 310 475 120 172 206 208 392 209 236 459 457 213 234 405 289 476 428 388 429 36 149 431 334 176 202 444 445 385 446 246 447 292 352 435 362 263 373 216 132 95 299 369 344 377 169 283 316 222 160 200 374
329 329 461 464 419 365 414 364 366 368 160 187 362 367 13 60 462 87 239 300 354 223 489 28 84 98 324 76 97
340 340 457 445 341 105 192 177 371 381 185 313 87 326 230 300
351 351 472 473 449 459 482 219 350 478 434 38 442 377 349 356 303 285 380 448 348 347 357 237 175 346 394 192 381 398 379 153 253 187 331 378 259 13 355 343 354 321 256 376 353 87 20 84 127 313 345
353 353 453 478 352 434 442 377 349 452 171 356 348 448 347 357 237 175 346 394 354 379 39 355 256 378 20 313 343 443 376 87 152 298 345 24 351 28 84 127 245
355 355 350 478 352 349 344 442 452 171 356 347 348 448 357 175 346 237 394 256 378 443 343 376 354 345 336 298 232 351 24 441 84 127 353 152 70 153 186 54 123 94
357 357 433 449 478 442 356 348 347 237 346 394 379 378 343 355 354 353 127 349 152 55 298 443 342 351 85 111 472 352 24 434 123 186 5 78 282 31 70 54 37 163 93 135 101 113 129 83 66 448 350 482 84 452 29
364 364 461 462 464 239 365 414 366 368 160 187 362 367 290 419 329 489 98 225 260 139 218 62 186 85 363 0 130 457 40 132 328
379 379 348 237 346 357 381 378 353 291 351 24 56 42 15 78 101 93 85 186 54 154 70 47 37 10 23 91
389 389 408 385 263 368 439 8 217 277 404 38 483 167 164 102 383 267 390 384 313 183 278
391 391 428 26 76 381 359 102 383 267 144 257 33
401 401 415 400 397 418 268 411 398 195 224 203 396 34 146 403 272 332 261 127 270 322 139
416 416 169 430 57 304 375 13 173 125 65 300 330 3 81 301 97 207 374 342 63 35 15 203 218 386 31 370 186 305 115 303 206 395 373 135 369 282 302 193 372 371 231 26 459 284 131 69 328 66 465
430 430 374 416 288 166 304 375 185 173 65 300 81 301 165 291 207 159 63 35 111 125 78 31 54 145 169 386 101 370 282 123 57 459 305 303 206 373 5 372 371 69 193 369 66 328 13 395 40
