0 0 48 310 120 36 476 445 134 364 366 95 132 49 160 362 367 380 8 105 138 121 57 277 474 4 178 119
2 2 281 427 285 170 309 249 422 421 297 4 253 215 227 335 426 327 326 193 321
5 5 190 433 441 233 482 350 36 476 478 352 434 344 171 377 369 349 452 303 362 442 284 341 356 430 175 357 346 237 268 448 105 380 348 347 138 178
6 6 385 169 166 404 253 164 102 383
10 10 263 369 200 188 358 356 196 170 57 409 277 422 367 372 238 38 379
11 11 406 408 405 385 435 263 374 292 436 427 254 235 356 339 308 249 387 217 243 484 57 138 277 409 474
15 15 370 395 388 445 302 374 284 303 362 416 249 57 237 305 26 371 251 375 372 4 379 13 164 300 224 65 193 3 173 185
16 16 363 275 388 476 385 447 95 49 132 362 339 380 105 138 178 121 177 38 251 119 39 4 381
19 19 382 413 229 415 410 258 402 400 279 397 417 295 201 418 285 268 205 243 398 484 411 57 192 346 294 396 224 146 195 253 215 270 332
22 22 228 392 477 234 289 388 246 198 436 316 196 319 294 425 288 409 26 305 45 317 13 359 164 304
25 25 281 392 429 263 435 373 299 201 315 366 436 221 358 439 217 205 387 325 308 249
27 27 451 480 466 475 479 477 289 234 318 320 176 198 446 134 315 436 316 196 319 425 294 288 409 317 45 238
29 29 488 208 179 350 444 445 447 435 377 452 171 427 450 439 356 339 325 249 105 138 347 448 474 367 288
33 33 450 339 474 240 297 371 483 331
37 37 476 341 450 308 105 474 422 177 357 381 379 372 227 359 102
38 38 95 49 138 8 119 121 39 137 118 51 153 389 94 73 111 53 132 351 440 89 310 125 16 86 191 78 133 120 0 101 54 48 96 106 140 88 31 163 130 47 10
40 40 423 214 488 392 370 405 431 385 320 446 435 364 366 302 368 160 49 362 316 221 452 188 439 430 339 325 387 217 277
41 41 252 281 428 431 334 446 435 299 200 201 292 222 436 362 221 358 427 422 325 170 249 380 323 309 418 421
42 42 444 474 177 379 426 256 267
44 44 444 445 303 341 450 474 367 177 253
47 47 95 160 341 450 339 277 474 288 177 4 404 407 38 379
50 50 217 448 121 483 167 102 39 399 383 267 321 375 20
52 52 429 447 446 263 436 417 170 387 249 323 8 105 409 277 294 121 119
55 55 286 293 264 252 255 214 275 236 213 219 36 476 202 385 134 446 292 435 262 283 216 315 222 160 200 221 254 188 358 427 235 450 439 204 339 240 138 409 319 199
56 56 382 413 415 229 410 402 400 279 397 417 295 201 418 362 268 285 205 243 484 398 411 224 396 195 146 270 332 215 164
59 59 481 388 249 217 381 167 102 164 256 87 384
60 60 432 427 205 325 204 309 323 422 367 166 297 253 371 215 238 195 227 483 335 327 187 426 489 321 280 20 184 223 168 326 420 296 330 337 333 396 230 232 332 287 151
62 62 364 358 427 249 251 404 238 215 483 167 39 194
63 63 487 465 370 206 231 209 459 395 373 447 374 302 284 369 169 303 188 416 430 305 375 57 288 319 26 372 371 304 394 4 81 300 65 13 359 193 3 173 125 45 330 386 97 35 165
66 66 467 488 449 208 457 179 444 478 435 369 344 377 315 366 341 452 430 450 235 356 416 339 325 249 217 380
69 69 338 486 440 226 247 437 467 488 208 179 482 36 350 444 445 434 435 95 283 344 377 366 49 303 362 341 284 171 452 430 450 356 416 285 249 339 170 121 380 448 348 474 347
70 70 482 478 352 344 349 452 442 171 308 237 448 105 347 348 175 277 357 394 192 381 346 119 379 378 304 355 13
71 71 275 213 149 176 241 202 198 279 283 292 216 222 200 436 254 427 235 204 240 348 277 319 294 199 212 251 166
74 74 334 427 325 249 277 422 251 253 215 227 335 426 187 321 489 327 326
76 76 450 474 331 256 185 336 300 329 168 68 306
78 78 179 444 341 430 339 121 119 357 4 407 38 379 359 426 39 194 193 20
79 79 432 449 120 459 431 334 434 299 344 283 200 292 452 221 358 427 235 439 196 205 325 170 422 380 323 418 347 138 409 448 421 367 166 178 411
82 82 412 334 201 295 358 427 439 170 325 309 422 409 421 166 121 297
83 83 405 219 446 315 283 200 436 221 417 358 439 356 196 308 323 217 387 105 418 319 288 409 277 294 212 240 421
85 85 449 482 476 478 352 434 344 377 364 349 374 442 171 356 237 448 105 380 357 347 348 367 175 394 346 192 379
88 88 429 476 366 160 368 292 436 439 325 319 421 251 195 404 407 215
89 89 303 249 38 483 399 194
91 91 405 436 362 308 249 380 217 409 277 404 121
92 92 388 302 263 368 316 249 217 387 57 26 251 305 404 199 119
96 96 388 263 368 439 285 249 380 277 288 297 404 167 407
100 100 360 432 449 392 172 213 36 415 431 334 445 435 299 369 344 283 366 436 221 452 358 427 341 450 439 196 325 170 422 249 309 380 323 448 8
103 103 454 350 222 170 249 217 409 277 178 251 199 121 404 407
104 104 469 451 480 475 479 477 289 318 320 246 198 446 279 316 358 288 196 294 319 418 425 409 277 317 45 212 166 251 4 238
107 107 293 252 214 392 213 219 36 149 241 202 134 258 292 446 435 262 283 216 366 315 222 49 160 200 201 436 221 254 188 358 427 341 235 450 439 356 204 196 205 339 170 217 249 380 240
108 108 228 469 480 466 423 475 479 477 289 234 318 36 476 320 176 246 445 198 446 315 283 299 292 366 295 160 316 436 254 417 452 358 235 196 285 294 288 277 268 409 319 380 217 367
109 109 432 476 358 170 409 422 381 215 483 426 359
110 110 408 405 302 200 292 368 362 188 439 325 105 217 309 387 57 474
111 111 459 447 49 132 430 268 105 8 277 319 178 119 357 4 195 38 39 331 399 375 378 20 173 271
112 112 412 410 258 402 400 279 397 295 201 417 436 243 285 484 268 418 398 205 237 411 396 146 195 215 332 224 164 270 383 403 34 321 261 272 45 401
113 113 429 263 262 49 315 368 362 169 439 235 339 387 249 217 212 404 297
116 116 469 466 475 479 477 289 234 318 476 320 176 246 198 446 292 436 316 196 294 288 319 425 409 367 45 317 192 177 251 398 199 238
119 119 95 49 138 8 121 4 38 39 20 118 137 310 51 440 1 43 111 291 53 298 132 124 78 257 54 17 0 48 120 70 86 142 106 163 7 140 130 135 71 16 69 14 148 131 92 52 110 486 129 141 11
122 122 236 219 149 241 202 262 292 188 254 235 204 277 240 199 238 259 102 278 242 194 157 271
123 123 433 233 449 482 350 476 444 445 478 352 434 344 377 49 349 452 442 341 171 357 356 430 346 339 237 448 380 8 217 474 347 348 175 178
124 124 302 387 178 26 119 167 483 426 164 102 383
125 125 465 386 370 206 231 459 395 373 169 302 374 369 284 303 362 416 430 450 249 375 305 57 372 26 371 398 81 304 65 394 38 187 300 13 331 63 489 487 173 193 3 45
126 126 425 438 451 480 466 423 214 408 475 477 479 289 234 318 320 176 246 385 198 446 315 200 316 436 417 221 452 358 288 196 205 294 339 170 319 317 45 409 367
127 127 350 352 171 356 348 237 175 474 357 346 4 394 372 375 378 355 354 271 313 443 173 12 376 87 353 441 345 232 84 401 337 298 24 351 152 270 51 18 81 324 301 153 481 340 32 189
128 128 432 428 431 334 315 299 160 452 316 188 358 427 450 196 205 339 325 170 422 380 323 8 309 421 474 138 367 409 448 212
129 129 488 208 395 444 284 362 452 341 427 450 356 339 308 380 8 448 347 474 367
130 130 463 458 363 281 275 310 120 234 388 385 447 435 95 132 364 366 369 344 49 362 358 450 439 356 138 170 339 249 380 367 8 105 121
131 131 486 467 488 120 208 479 457 179 482 36 350 476 444 435 95 344 377 366 49 160 315 374 436 171 452 284 439 450 235 356 416 205 339 217 380 348 8 367 347
136 136 206 177 381 394 359
137 137 318 95 49 349 341 439 105 138 237 8 409 119 121 4 38 372 39 375 20 65 118 51 81 155
140 140 444 362 341 450 339 387 57 474 237 175 178 26 177
141 141 423 429 385 263 435 262 295 368 436 362 427 188 285 249 387 217 380 367
142 142 214 213 318 241 246 262 283 292 216 222 315 254 316 221 235 204 418 288 367 294 251 119 238 259 45
144 144 302 368 450 387 57 474 319 26 192 166 305 381 195 359 13 331 102 383
145 145 412 382 413 415 229 258 402 400 279 397 295 417 201 366 411 436 418 358 341 398 285 243 439 484 205 268 380 367 347 319 175 178
147 147 368 448 212 177 404 483 259 224 335 313 278
148 148 432 459 213 334 385 299 315 358 427 439 339 325 170 268 249 418 380 323 422 309 409 138 367 166
151 151 149 262 288 240 199 238 259 278 157 155 232 245 153 158 143 276 291 122 73 43 156 60
153 153 236 213 219 149 241 262 134 283 216 222 188 235 204 277 240 212 251 398 238 199 381 253 259 38 278 399 242 194 321 271 245 155 143 156 280 183 157 158 43 151 355 276 232 122 230 181 337 17 127 270
155 155 219 149 202 292 221 204 347 240 238 483 271 278 65 87 157 151 153 156 242 232 43 245 158 143 122 137 60 276
157 157 149 241 283 222 254 221 188 204 240 199 238 278 194 271 45 242 245 151 183 155 403 232 143 276 153 122 17 216 90 236 272 61 43 156 158 64 154
158 158 290 149 241 202 239 262 283 200 222 254 235 204 288 240 238 259 317 278 187 489 194 245 271 232 242 151 153 155 157 87 183 156 34
159 159 182 361 264 360 161 180 172 179 36 176 134 222 169 171 341 358 430 170 308 175 178 192 177 1 166 297 167 359 164 304 165 184 183 173 336
162 162 360 172 209 134 169 427 170 308 323 422 175 421 411 166 297 215 253 327 326 335 167 227 426 184 280 321
163 163 377 49 452 341 450 356 8 448 348 474 175 192 177 119
166 166 299 430 170 325 175 335 327 184 326 168 183 223 296 28 333 98 1 287 165 60 182 273 276 159 162 6 172 144 72 274 79 422 334 360 128 432 148 104 209 41 431 77 323 100 82 441 130 66 75 309 131 40 107 71
168 168 325 309 323 422 166 253 227 335 102 304 327 321 280 326 420 181 223 296 287 60 28 337 225 118 333 76 248 273 207 68 1 485
178 178 171 175 167 184 173 441 118 98 1 182 73 94 159 111 124 139 103 16 140 86 48 135 123 5 131 130 29 69 126 145 486 117 41 55 25 79 14 108 0 100 66 77 107 40
186 186 250 472 161 473 255 365 408 457 179 414 413 405 36 350 431 334 176 478 434 352 400 279 262 435 373 263 216 299 369 377 364 366 374 349 356 442 417 284 221 341 235 416 418 237 268 448 249 387 217 243 348 484 309 347 357 305 175 421 346 192 199 238 193 372 224 242 379 378 426 331 354 394 167
187 187 489 462 419 239 365 414 457 290 364 366 160 362 308 367 464 461 331 329 230 458 322 1 60 248 158 368 207 260 125 74 88 282 142 218 10 154 150
203 203 382 413 414 229 388 415 410 258 402 400 279 397 417 295 369 201 418 268 285 416 205 243 398 484 411 57 288 396 146 195 332 270 224 167 272 34 261 330
204 204 236 292 368 188 240 199 297 278 157 242 155 245 153 241 156 158 43 276 60 143 149 214 122 216 90 202 275 17 218 154 142 283 61 254 222 93 219 221 213 262 456 21 71 200 293 150 210 250 290 235 211 220 286 55 328 460 470 255 107 424
205 205 424 417 268 411 398 224 164 396 146 332 270 272 415 261 410 382 60 402 412 258 243 484 397 418 400 260 413 139 112 295 203 229 201 279 455 285 56 23 19 115 75 21 195 150 145 210 79 128 278 126 131 107 25 34 232 403
207 207 180 258 344 430 416 308 325 309 138 26 305 199 253 404 304 483 13 187 193 489 378 321 173 3 326 65 280
210 210 150 211 220 190 226 247 265 286 290 48 228 250 293 233 239 252 264 255 214 281 275 206 208 236 209 231 213 234 289 219 36 149 229 241 202 246 198 258 292 134 279 262 283 263 216 222 200 295 160 201 254 221 188 284 235 204 196 285 205 268 240 249 294 217 243 484 288 277 237 212 199 242
225 225 432 209 299 344 377 364 49 323 422 418 421 240 297 253 371 227 335 327 326 280 420 296 343 223 461 168 87 34 146 333 337 332 287 181
237 237 443 434 442 349 452 448 105 346 357 379 102 87 352 355 354 127 353 28 347 137 478 291 298 433 351 453 348 449 24 139 112 15 186 70 394 54 140 101 282 85 344 356 472 131 84 150 210 468 471 77 123 482 350 211 220 378 441 190 175 5 250 328
242 242 250 255 275 236 213 36 262 216 222 292 221 254 188 204 235 387 240 212 199 259 278 194 157 156 245 241 143 223 155 158 276 202 61 122 150 17 210 153 186 90 283 142 43 55
244 244 392 362 439 387 394 195 238 167 164 383 267
248 248 176 188 309 170 422 347 421 411 398 297 121 215 227 426 335 187 489 327 256 321 280 326 12 296 168 184 183 223
249 249 303 59 35 89 125 74 15 2 62 186 103 31 96 92 91 113 52 141 21 150 117 148 210 77 130 481 14 29 100 40 41 69 107 11 66 25
253 253 325 227 321 259 326 280 313 181 223 168 337 296 270 153 485 225 273 287 60 298 207 351 260 162 6 191 82 174 2 74 274 432 72 133 79 148 145 334 431 128 19 44 83 41 150 172 323 100 210 209
257 257 179 445 442 284 308 8 105 119 372 13 359 102 399
260 260 412 413 229 410 402 258 400 397 279 377 364 201 417 285 268 418 205 398 411 323 243 484 396 199 297 195 146 253 238 215 332 187 489 164 270 102 403 224 321 330 34 261 272 267
270 270 382 413 415 410 402 258 400 279 397 295 417 201 418 285 268 398 205 411 308 243 484 288 195 253 396 272 224 304 261 332 322 330 403 139 412 203 112 280 260 34 146 401 230 56 181 19 127 153 23 60 229
274 274 172 428 431 320 434 299 132 325 170 323 309 421 422 26 166 305 297 326 253 335 327 426 215 280 227
278 278 424 241 262 283 221 254 417 235 204 288 240 212 238 259 194 317 331 383 271 321 157 330 151 242 155 232 245 153 17 122 90 189 202 43 205 156 61 158 276 291 147 351 143 389 342 111 154 260 222 50 244
283 283 222 254 240 278 157 232 245 153 158 143 424 17 241 142 61 216 21 71 293 150 83 275 210 79 221 262 55 204 134 290 108 100 69 107 286 226 247 211 220 246 213 235 149 338 202 219 236 242 252 188 255 328 460 470 228 238 214 350 259 194 199
287 287 172 209 428 334 431 299 427 188 325 422 309 170 323 421 319 166 297 253 215 335 227 426 326 359 296 321 327 223 184 168 280 420 313 333 12 181 330 337 225 60
296 296 209 428 431 334 299 325 422 309 323 170 421 26 166 297 335 253 215 227 167 426 321 102 326 327 267 420 287 280 333 184 225 223 168 60 181 248 337 273 162 72
297 297 368 309 204 421 335 327 326 330 280 184 223 296 333 98 324 225 287 248 428 60 273 159 431 172 162 260 209 191 422 174 2 218 274 75 323 334 72 432 154 33 299 113 148 128 163 96 117 41 55 100 360 82 107
313 313 253 331 39 185 20 312 230 127 28 353 51 324 340 272 156 287 389 32 53 351 147 50 162 78
322 322 402 400 295 285 268 411 308 398 195 224 304 187 489 332 396 270 65 330 403 87 34 146 272 230 401 261
323 323 420 422 421 215 335 327 280 326 390 223 168 296 333 485 225 287 428 60 431 273 260 162 191 299 174 274 209 72 432 334 172 309 328 52 325 297 75 460 470 21 83 79 148 14 170 128 166 41 100 184 253 321
328 328 460 470 211 220 338 463 420 406 456 468 471 190 226 247 265 286 440 461 454 361 290 228 424 433 462 464 437 465 233 239 252 264 419 472 161 386 467 469 473 180 363 255 451 214 281 423 466 408 365 275 310 475 120 172 206 208 392 209 236 459 457 213 234 405 476 289 428 388 429 36 149 431 334 176 202 444 445 385 446 364 246 447 292 352 362 435 263 373 216 323 132 95 299 369 344 377 283 222 169 316 368 160 200 374 341 284 303
329 329 461 464 419 365 414 364 366 368 160 367 362 462 187 489 13 239 87 300 354 223 28 84 98 76 324 97 60
340 340 457 445 341 105 192 177 371 381 185 313 87 326 230 300
351 351 472 473 449 459 482 219 350 478 434 442 377 356 349 303 285 380 448 348 357 347 237 175 346 394 192 381 398 379 253 331 38 378 13 355 259 343 354 353 376 321 256 84 87 20 127 313 345 152 278
353 353 453 478 352 434 442 377 349 452 171 356 348 448 347 357 237 175 346 394 354 379 443 355 39 256 378 20 313 343 376 152 87 298 351 24 441 345 127 28 84 245
355 355 350 478 352 349 344 442 452 171 356 347 348 448 357 237 175 346 443 394 256 378 343 376 354 441 298 345 336 232 351 24 127 84 472 353 70 153 152 186 54 94
357 357 433 449 478 442 356 348 347 237 346 379 394 378 343 355 354 443 349 127 353 472 152 298 342 453 351 434 85 111 123 352 24 5 186 78 482 282 350 70 37 31 54 163 448 452 66 84 93 344 135 129 113 101 83 29 473 130 393 377 55
364 364 461 462 464 239 365 414 366 290 368 160 362 367 419 187 489 329 98 225 260 139 363 218 62 186 85 0 130 132 328 463 460 470 40 458 454 455 456 457 161
379 379 348 237 357 346 381 378 353 291 351 24 449 42 443 78 15 101 70 186 433 37 154 85 54 23 47 93 91 140 163 10
389 389 408 385 263 368 439 8 217 277 404 38 483 167 164 102 383 267 390 313 384 278 183
391 391 428 26 381 359 102 383 267
401 401 415 400 397 418 268 411 398 195 224 34 146 396 403 272 332 261 127 270 322 139 413
416 416 169 430 57 304 375 13 173 65 300 330 3 81 301 97 374 207 342 63 487 35 125 386 203 15 370 218 305 31 186 373 206 115 395 369 303 193 302 372 456 135 282 371 284 459 26 468 471 131 69 465 486 66 338 328 460 470 231 454
430 430 374 416 288 166 304 375 185 173 65 300 81 301 165 291 207 159 63 487 35 111 125 386 78 169 370 31 54 206 101 459 373 57 369 282 305 303 123 451 361 371 468 471 5 182 372 231 69 395 193 393 66 13 338 465 328 180 460 470 40 161 264 360 302
