128 128 1410 544 1480 846 1500 605 571 636 1514 148 1572 3218 3290 3293 644 6 1799 516
355 355 612 647 1522 74 499 776 616 596 618 840
6 6 648 3331 1398 555 1500 491 811 559 630 696 529 785 3257 571 560 585 657 636 1514 148 558 3277 880 3218 3290 128 514 693
103 103 585 533 529 551 140 555 1500 3425 3257 3260 630 696 571
74 74 1522 776 616 840 612 1499 527 355 596 555 647 618 644 640 548 731 119 491 1556
11 11 1385 3425 526 1499 618 140 555 529 1421 589 785 119 491 636 776 3257 3260 630 696 602 880 560 1522 585 1398 657 647 1618 1594 3246 644
140 140 3257 3260 560 1421 585 11 1618 3246 1398 103 1385 529 533 618 1506 811 3425 785 596 491 555 551 526 1499
144 144 880 1445 3201 3425 1398 529 811 785 3257
19 19 1629 1481 3183 812 1425 1748 3293
148 148 516 1500 571 636 1514 3218 3290 128 644 6 1799 585 1572 802 1410
22 22 631 596 558 640 548 731 646 772 655 531 694 3557 3508 560 648 1452 647
119 119 499 1499 675 647 491 589 602 11 1522 612 1594 526 1385 618 776 74 355 3331
