128 128 1410 544 1480 846 1500 605 432 571 428 431 334 299 315 160 636 1514 316 452 188 358 427 450 196 205 339 325 170 309 422 1572 323 380
355 355 612 647 350 478 352 349 442 344 452 171 1522 356 347 348 448 357 237 175 346 394 256 378 343 376 499 354 345 336 232 298 127 351 84 353 24 153 152 776 616 70 186 94 596 54 618
6 6 648 3331 1398 555 1500 491 811 559 630 696 529 785 3257 571 385 560 585 657 169 636 1514 558 3277 880 3218 3290 166 253 404 164
103 103 585 454 533 350 529 222 170 249 217 551 409 277 178 251 199 121 404 407 167 483 102
74 74 1522 334 776 616 840 612 427 325 249 277 422 251 1499 253 215 227 426 335 187 327 326 256 321 20
11 11 1385 3425 526 1499 618 555 406 529 589 408 785 491 636 776 630 696 405 602 140 880 1421 119 385 1522 435 263 657 374 647 292 585 436 427 1594 254
140 140 3257 3260 560 1421 585 1618 3246 1398 533 529 1506 444 11 811 618 362 596 341 450 339 387 785 57 474 551 237
144 144 880 1445 3201 3425 302 368 450 387 57 474 319 1398 26 192 166 305 381 195 359 13 331 102 383 185
19 19 1629 1481 3183 812 1425 382 413 229 415 410 258 402 400 279 397 295 417 201 418 285 268 1748 205 243 398 57 411 192 346 294 224 396 195 253 215 146 164
148 148 516 1500 432 459 213 571 334 385 299 315 636 1514 358 427 439 339 325 170 249 268 418 323 380 422 309 409 138 367 3218 3290
22 22 631 228 392 477 234 289 388 246 198 436 596 316 196 319 294 288 409 26 558 305 45 317 13 359 164 304 383
119 119 499 1499 675 647 95 491 49 589 138 8 602 121 1522 4 38 612 39 20 1594 118 137 51 526 1 11 43 776 111 291 53 298 618 3331 596 124 78 818 16 86 257 54 70 17 7 142
