128 128 1410 544 1480 846 605 432 1500 571 428 431 334
355 355 612 647 350 478 352 344 349 442 1522 74 452 171 356 347 448 348 357 499 237 175 346 776 616 443 394 354 256 618 378 353 127 596 640 548 731 345 84 343 840 376 527 675 119 298 152
6 6 648 3331 1398 811 491 555 630 696 1500 571 559 3277 785 3257
103 103 454 585 533 551 350 529 222 170 249 217 140 277 409 178 251 199 121 404 407 167 483 102 383 399 256 267 555 630 696 321 335 185 1500 3425 571 313 390 12 343 312 3257 3260 183 384
74 74 1522 776 616 334 840 612 527 355 427 325 249 422 277 1499 251 253 215 227 426 335 187 489 327 256 321 20 596 640 548 731 280 390 326 647 223 296 168 181
11 11 1385 406 3425 526 1499 618 140 408 529 555 630 696 785 119
140 140 3257 3260 560 1421 1618 585 103 3246 1506 11 1385 1398 811 533 551
144 144 880 1445 3201 3425 302 368 450 1398 387 57 811 474 319 192 26 529 305 166 381 195 359 331 13 102 383 185 173 313 300 65 12 3 785 3257 376 393 384 336
19 19 1629 1481 3183 382 812 1425 1748 413 229 415 410 258 402 400 279 397 417 295 201 418 268 285 205 243 398 484 411 57 192 294 396 346 146 253 270 332 195 215 224 164 261 403 272 259 375 383 34 3293 321 3584 401 322 45 139 230 278 271 412 424 203 112 260 330 12 65 87 280 157 181 3 127 56 232
148 148 516 432 1500 459 571 213 334 385 636 1514 1799 299 315 358 427 439 339 325 170 3218 3290 249 268 802 418 323 380 422 309 409 138 367
22 22 631 228 392 477 234 289 388 246 198 596 640 548 731 436 316 196 319 294 288 425 558 772 655 531 694 3557 3508 409 26 305 646 317 304 13 359 164 383 45 173 390 65 3 648 1452 560 376 300 87 34 320
119 119 499 1499 675 647 602 491 95 49 589 1594 11 8 1522 1385 74 612 138 355
