128 128 1410 544 1480 432 1500 846 428 431 334 605 315 299 160 452 316 188 358 427 450 196 205 339 325 170 422 323 380 8 309 421 474 138 367 409 448 212
355 355 612 350 478 352 349 344 442 452 171 356 347 348 448 647 357 237 175 346 394 1522 256 378 443 343 376 354 345 336 298 232 351 24 127 84 353 441 153 152 70 186 54 94
6 6 648 3331 1398 555 1500 385 491 169 529 811 559 785 3257 630 696 166 571 404 253 560 585 657 164 102 636 1514 383 558
103 103 454 585 350 222 170 249 217 533 409 277 178 251 199 121 404 407 167 483
74 74 1522 334 427 325 249 277 422 251 776 616 253 215 227 335 426 840 612 187 321 327 326
11 11 1385 406 3425 526 1499 618 408 555 405 385 435 263 529 374 292 589 436 491 427 254 235 356 785 339 308 249 387 217 243 636 776 57 138 602 277 409 474
140 140 3257 3260 560 1421 585 3246 444 1618 1398 362 341 450 339 387 533 57 237 474 529 175 178 26 177
144 144 880 302 1445 3201 368 450 387 57 474 319 3425 26 192 166 305 381 195 359 13 331 102 383
19 19 1629 382 413 229 415 410 258 402 400 279 397 417 295 1481 3183 201 418 285 268 205 812 1425 243 398 411 57 192 346 294 224 396 146 195 253 215
148 148 516 432 459 1500 213 334 385 299 315 358 427 439 339 325 170 249 268 418 323 380 422 309 409 138 367 166
22 22 631 228 392 477 234 289 388 246 198 436 316 196 319 294 288 409 26 305 45 317 13 359 164 304 596 383
119 119 499 1499 95 675 49 647 138 8 121 491 4 38 39 589 20 118 1522 137 51 1 310 602 43 111 291 53 298 612 124 132 78 257 120 17 54 0 70 142 86 106 52 7 163 140 130 135 71 16 14 69 92 11 110 129 148 141 131 1594 440
