128 128 1410 544 1480 846 432 1500 428 605 431 334 315 299 160 452 316 188 358 427 450 196 205 571 339 325 170 422 323 380 8 309 421 474 138 367 409 448
257 257 529 880 179 1445 445 1398 442 284 308 8 105 585 119 372 13 359 102 555 399
389 389 408 558 385 263 368 439 772 655 531 694 8 217 277 404 648 1452 38 483 167 164 102 383 267 631 646 390 313 384 278 183
6 6 648 1398 555 1500 385 811 529 169 630 696 785 571 560 657 166 585 636 1514 404 558 253 164 880 102 383
5 5 657 646 190 433 441 233 482 350 36 476 478 352 434 344 377 369 171 349 452 303 362 442 284 341 430 356 346 175 237 268 357 448 105 380 348 347 138
11 11 1385 406 526 1499 618 408 555 405 589 385 435 491 785 263 374 292 636 776 436 427 630 696 254 235 356 339 308 249 1522 387 217 243 602 57
140 140 560 1421 585 1618 444 533 362 341 450 339 529 387 57 237 474 1398 175 178 618 26 596 177
15 15 1629 370 395 1481 388 445 302 812 1425 374 284 303 362 416 249 57 237 305 26 371 251 375 372 4 379 13 164 300 224 65 3 193 173 185
144 144 880 1445 302 368 450 387 57 474 319 26 192 166 305 381 195 359 13 331 1398 102 383
19 19 1629 382 413 229 1481 415 410 258 402 400 279 397 417 812 1425 295 201 418 285 268 205 243 398 411 57 192 346 294 224 396 146 195 253 215
148 148 516 432 1500 459 213 334 385 299 315 358 427 439 571 339 325 170 249 268 418 323 380 422 309 409 138 367 166
22 22 631 228 392 477 234 289 388 246 198 436 316 196 319 294 288 409 26 596 305 45 317 13 359 164 304 383
416 416 169 430 57 304 375 13 125 173 65 300 330 3 81 301 97 207 374 342 63 35 203 15 218 386 31 186 370 305 303 115 206 373 395 135 369 282 193 302 372 371 514 812 1452 26 459 284 131 69 66 465 328 605 231
33 33 880 1445 450 339 474 240 297 371 483 331 1398 327
163 163 491 559 514 693 377 49 452 341 450 356 8 1499 448 348 474 175 192 177
50 50 802 1500 571 217 448 636 1514 121 483 167 102 39 399 383 267 321 375 20
178 178 171 175 167 124 173 184 118 98 1 441 73 94 159 111 139 103 16 86 140 135 123 117 145 5 77 131 130 29 126 69 41 55 25 79 108 100 14 66 0 107 40
60 60 615 1666 1448 1622 1416 818 644 432 555 759 616 1556 427 589 630 696 205 325 309 204 323 422 367 657 166 297 253 371 215 195 618 238 227 483 327 335 187 426 321 20 491 529 280 184 223 168 326 296 853 330 585 1522 1500
74 74 1522 334 427 325 249 776 616 277 422 840 612 251 253 215 227 426 335 187 321 327 326
78 78 1506 491 1421 558 179 1618 444 341 430 1499 339 772 655 531 694 618 121 357 119 4 648 1452 38 379 407 359 426 39 194
340 340 457 558 445 341 772 655 531 694 105 192 177 371 381 648 1452 631 646 185 313 87 326 230 300
89 89 1398 811 303 785 249 560 529 38 483 880 399 194
92 92 388 302 263 368 316 249 217 387 57 26 251 305 404 199
355 355 612 350 478 352 349 344 442 647 452 171 356 347 348 448 357 237 175 346 1522 394 256 378 443 343 376 354 345 336 298 232 351 24 127 84 353 441 153 152 70 186 54 94
103 103 454 585 350 222 533 170 249 217 409 277 529 178 251 199 121 404 407 167 483
108 108 1369 228 469 480 466 423 475 479 477 289 234 318 36 476 320 176 246 445 198 446 315 283 299 366 292 295 160 316 436 254 417 452 358 235 196 285 294 288 268 277 409 319 380 217 367
109 109 559 432 476 514 693 358 170 409 422 381 215 483 359 426 552
119 119 499 1499 675 95 49 647 491 138 8 121 589 4 38 39 20 1522 602 118 137 612 51 1 43 111 53 291 298 310 1594 124 132 86 78 257 17 54 0 526 70 120 142 106 52 7 163 11 140 92 776 130 135 618 71 16 14 110 129 596 141 131 69 148 440
122 122 1416 602 1500 236 219 149 241 202 675 262 292 188 254 235 589 571 204 526 277 240 199 636 1514 238 259 102 278 194 242 157 271
124 124 178 302 387 26 119 167 483 426 164 102 383 185
125 125 514 812 1452 605 465 386 370 231 206 459 416 395 1480 559 373 169 374 302 369 1629 284 303 362 430 450 249 375 1572 305 57 372 26 371 398 304 65 558 81 394 38 300 187 173 13 331 3 193 63
