0 0 48 310 120 36 476 445 134 364 366 95 132 49 160 362 367 380 8 105 138 57 277 474 121 4 119 178 26 192 177
257 257 529 880 179 445 442 284 308 8 105 585 119 372 13 359 555 102 399
130 130 463 491 458 589 363 281 275 310 120 234 388 119 385 447 435 95 364 366 132 369 344 49 362 818 358 138 450 439 356 170 339 602 526 380 249 8 105 367
131 131 571 636 486 644 585 467 488 120 208 479 457 179 482 759 618 36 350 476 444 616 435 95 344 377 366 533 49 160 315 374 436 171 452 284 450 235 439 356 205 416 339 8 217
128 128 544 846 432 428 431 334 315 299 160 452 316 188 358 427 450 422 196 205 339 325 170 323 380 8 309 421 138 367 409 448 474
389 389 408 558 385 263 368 439 772 655 531 694 8 217 277 404 648 38 483 167 164 102 383 631 646 267 390 313 384 278 183
6 6 648 555 385 169 630 696 657 166 558 404 253 164 102 383 491 529
260 260 812 412 413 229 410 402 258 400 397 279 364 377 201 417 285 268 418 205 398 411 243 323 396 199 146 195 297 56 238 19 253 112 215 332 164 15 270 224 403 102 34 330 321 261 272 187 267
136 136 210 206 177 381 394 359
137 137 318 95 49 349 341 439 105 138 237 8 409 121 119 4 38 372 39 78 375 20 65 118 51 155 81 18 306
5 5 657 646 190 433 441 233 482 350 36 476 478 352 434 344 377 369 171 349 452 303 362 442 284 341 356 430 346 237 268 175 448 357 105 380 348 347 138
11 11 406 526 618 408 555 405 385 435 785 263 374 636 776 292 436 630 696 427 254 235 356 339 308 602 589 249 387 217 243 57
140 140 560 585 444 533 362 341 450 339 387 57 237 474 175 529 178 596 26 177
15 15 370 395 388 445 302 374 284 303 362 416 249 57 237 305 26 371 251 375 372 4 379 13 164 260 224 300 65 3 193 173 185
16 16 363 275 388 476 385 447 95 49 132 362 339 380 105 138 121 178 177 251 38 39 4 381 119
145 145 412 382 413 415 229 430 258 402 400 279 397 295 417 201 366 411 436 418 358 341 285 439 398 205 268 243 380 367 347 319 175
401 401 415 400 397 418 268 411 398 195 224 203 396 34 146 403 332 272 261 127 270 322 139
19 19 382 413 229 415 410 258 402 400 279 397 417 295 201 418 285 268 205 243 398 411 57 192 346 294 224 260 396 146 195 215 253 332 270
148 148 516 432 459 213 334 385 299 315 358 427 439 339 325 170 268 418 323 380 422 249 309 409 138 367 166
144 144 880 302 368 450 387 57 474 319 26 192 166 305 381 195 359 13 331 102 383
22 22 631 228 392 477 234 289 388 246 198 436 316 196 319 294 288 409 596 26 305 45 317 13 359 164 304 383
278 278 763 424 241 262 283 221 254 235 417 204 288 240 212 238 259 194 317 331 383 271 321 157 330 151 242 155 232 245 17 122 153 189 90 43 156 61 158 276 291 147 143 351 389 111 154 342 202
153 153 776 616 840 612 596 555 527 236 213 647 219 149 241 644 262 134 283 640 548 731 216 222 618 630 696 188 204 235 277 240 657 212 251 631 646 560 398 199 238 381 253 38 259 759 242 74 399 194 355 278 321 232 271 491 529 245 499 155 585 143 280 156 183 157 158 43 151 181 230 276
29 29 811 785 560 529 880 488 208 179 350 444 445 447 526 435 377 171 452 427 450 439 356 339 325 249 105 138 448
416 416 169 430 57 304 375 125 13 173 65 300 330 3 81 301 97 207 342 374 63 35 15 203 218 386 31 186 370 305 115 303 605 206 373 395 514 812 135 282 369 193 302 372 371 26 459 284 69 66 465 131 328 231
33 33 880 450 339 474 240 371 297 483 331
163 163 491 559 514 693 377 49 452 341 450 356 8 448 348 474 175 192 177
297 297 368 309 204 421 60 335 327 326 330 280 184 223 296 333 98 324 287 225 248 273 615 159 428 162 191 260 174 2 218 274 323 75 422 431 72 154 33 299 113 172 432 148 128 96 209 163 117 41 334 55 100 82
41 41 252 281 428 431 334 446 435 299 200 201 292 222 436 362 221 358 427 422 325 170 323 380 249 309 418 421
430 430 374 416 288 166 304 375 185 173 65 300 81 301 165 291 207 159 145 63 35 111 125 78 31 54 169 101 386 370 282 123 57 305 303 459 69 5 373 206 66 371 372 369 193 328 40 13
47 47 95 160 341 450 339 277 474 288 177 60 4 404 407 38
50 50 802 217 448 121 483 167 102 39 399 383 267 321 375 20
178 178 171 175 167 124 173 184 118 98 1 73 94 441 159 111 139 103 16 86 140 135 123 117 145 5 79 77 126 69 130 29 41 55 25 131 100 108 14 66 0
52 52 618 249 429 447 446 263 636 776 436 417 170 387 323 8 105 409 277 647 294 121
56 56 382 413 415 229 410 402 400 279 397 417 295 201 362 418 379 285 268 205 243 398 411 224 260 396 195 146 215 164 332 270
187 187 853 489 818 840 462 419 239 365 527 414 457 364 366 160 362 589 308 367 290 331 329 464 230 203 322 1 461 248 158 60 207 218 260 125 74
60 60 615 818 644 555 432 759 297 253 616 589 630 696 427 205 309 325 204 323 422 367 657 166 371 618 215 195 238 326 483 227 335 426 327 280 187 321 491 529 184 223 20 47 168 296 330 585 337 333
74 74 334 427 325 249 277 422 153 251 253 215 227 426 335 321 327 326
203 203 737 605 382 413 414 229 388 415 410 258 402 400 279 397 417 295 369 201 418 268 285 401 416 205 243 398 187 411 57 288 396 146 195 270 332 224 167 34 272
76 76 880 450 474 331 256 185 336 300 329 168 68 306 98 391
78 78 491 558 179 444 341 430 772 655 531 694 339 137 121 357 648 119 4 38 407 379 359 426 39 194
79 79 432 449 120 459 431 334 434 299 344 283 200 292 452 221 358 427 235 439 196 205 325 170 422 323 380 418 347 138 409 448 421 367 166 411
210 210 136 150 206 211 220 190 226 247 265 286 290 48 228 250 293 233 239 252 264
83 83 558 405 219 446 315 283 200 436 221 417 358 439 356 196 772 655 531 694 308 323 217 387 105 418 319 288 409 277 294 212 421 240
340 340 457 558 445 341 772 655 531 694 105 192 177 648 371 381 631 646 185 313 87 326 230 300
88 88 429 476 366 160 368 292 436 439 325 319 421 251 195 404 407 215 38
89 89 303 249 38 483 399 194
92 92 388 302 263 368 316 249 217 387 57 26 251 305 404 199
225 225 589 432 209 299 344 377 364 49 818 602 323 422 418 421 526 240 297 371 253 227 335 327 280 326 343 296 223 168 87 34 146 333 337 332 181 287
353 353 593 453 478 352 434 442 377 349 452 171 356 348 448 347 357 237 346 175 394 354 379 39 355 256 378 20 313 343 376 87 152 298 443 351 345 24 127 28 84 245
355 355 612 350 478 352 349 647 344 442 452 171 356 347 348 448 357 237 175 346 394 256 378 443 343 376 354 345 336 298 232 153 351 24 127 84 353 441 152 70 186 54 94 499
103 103 454 585 350 533 222 170 217 249 409 277 529 178 251 199 121 404 407 167 483
108 108 228 469 480 466 423 475 479 477 289 234 318 36 476 320 176 246 445 198 446 315 283 299 366 292 295 160 316 436 254 417 452 358 235 196 285 294 288 268 277 409 319 380 217 367
109 109 559 432 476 514 693 358 170 409 422 381 552 215 483 359 426
111 111 605 459 447 49 132 430 268 105 8 277 319 178 119 357 4 195 38 39 331 399 375 378 20 173 271
112 112 412 410 258 402 400 279 397 295 201 417 436 285 268 243 418 398 205 237 411 260 396 195 146 215 332 164 224 270 383 403 34 321 272 261 45 401
125 125 514 812 605 465 386 370 416 231 206 459 395 559 373 169 374 302 369 284 303 362 430 450 375 249 305 57 372 26 371 398 304 65 81 394 38 300 173 13 331 3 193 63 187
119 119 499 675 95 647 49 138 8 121 4 38 39 20 118 137 130 602 51 1 43 310 291 53 111 298 612 124 132 86 78 257 17 54 0 70 142 106 120 618 52 7 92 163 140 135 71 14 16 110 69 129 148 141
249 249 303 52 59 35 89 125 74 2 15 62 186 31 103 96 91 92 113 141 21 150 117 148 77 14 130 25 66 107 100 40 69 41 29 11
122 122 602 236 219 149 675 241 202 262 292 188 254 235 526 204 589 277 240 199 238 259 102 194 242 278 157 271
379 379 348 237 357 346 381 378 353 56 291 351 24 42 15 101 78 93 70 37 186 85 54 154 47 23 91 10
124 124 178 302 387 26 167 119 483 426 164 102 383 185
253 253 325 60 227 321 259 326 280 313 223 181 168 337 296 270 485 287 273 225 153 298 615 207 351 162 191 260 82 174 6 2 74 274 72 133 79 432 148 145 128 44 41 19 150 83 100
