128 128 1410 544 1480 846 432 1500 428 605 431 334 315 299 160 452 316 188 358 427 450 196 205 339 325 170 422 571 323 380 8 309 421 474 138 367 409 448
257 257 529 880 179 1445 445 1398 442 284 308 8 105 585 119 372 13 359 102 399
389 389 408 558 385 263 368 439 8 217 277 772 655 531 694 404 38 648 1452 483 167 164 102 383 267 390 631 646 313 384 278 183
6 6 648 1398 555 1500 385 811 529 169 630 696 785 571 560 166 657 585 404 636 1514 253 558 164 102 880 383
5 5 657 646 190 433 441 233 482 350 36 476 478 352 434 344 377 369 171 349 452 303 362 442 284 341 430 356 346 175 237 268 357 448 105 380 348 347 138
11 11 1385 406 526 1499 618 408 555 405 385 435 589 263 491 374 785 292 436 636 776 427 602 254 235 356 630 696 339 308 249 1522 387 217 243 57
140 140 560 1421 585 1618 444 362 341 533 450 339 387 57 529 237 474 175 178 1398 26 177 618
15 15 1629 370 395 388 1481 445 302 374 284 812 1425 303 362 416 249 57 237 305 26 371 251 375 372 4 379 13 164 300 224 65 3 193 173 185
144 144 880 1445 302 368 450 387 57 474 319 26 192 166 305 381 195 359 13 331 102 383 1398
19 19 1629 382 413 229 415 1481 410 258 402 400 279 397 417 295 812 1425 201 418 285 268 205 243 398 411 57 192 346 294 224 396 146 195 253 215
148 148 516 432 1500 459 213 334 385 299 315 358 427 439 339 325 170 249 268 571 418 323 380 422 309 409 138 367 166
22 22 631 228 392 477 234 289 388 246 198 436 316 196 319 294 288 409 26 305 45 596 317 13 359 164 304 383
416 416 169 430 57 304 375 13 173 125 65 300 330 3 81 301 97 207 374 342 63 35 203 15 218 386 31 186 370 305 303 115 206 373 395 135 369 282 193 302 372 371 26 459 284 131 69 514 812 1452 66 328 465 231
33 33 880 1445 450 339 474 240 297 371 483 331 327
163 163 491 559 514 693 377 49 452 341 450 356 8 448 348 474 1499 175 192 177
50 50 802 1500 571 217 448 121 636 1514 483 167 102 39 399 383 267 321 375 20
178 178 171 175 167 124 173 184 118 98 1 441 73 94 159 111 139 103 16 140 86 135 123 117 5 145 131 77 130 29 126 69 55 41 25 79 14 108 100 66 0 107 40
60 60 615 1666 1448 1622 1416 818 644 432 555 759 616 1556 427 589 205 630 696 325 309 204 323 422 367 166 657 297 253 371 215 195 238 227 618 483 327 335 187 426 321 20 280 184 491 529 223 168 326 296 330 337 333 585
74 74 1522 334 427 325 249 776 616 277 422 251 840 612 253 215 227 426 335 187 321 327 326
78 78 1506 491 1421 558 179 1618 444 341 430 339 1499 772 655 531 694 121 618 357 119 4 648 1452 38 379 407 359 426 39 194
340 340 457 558 445 341 105 772 655 531 694 192 177 371 381 648 1452 185 631 646 313 87 326 230 300
89 89 1398 811 303 785 249 560 529 38 483 399 880 194
92 92 388 302 263 368 316 249 217 387 57 26 251 305 404 199
355 355 612 350 478 352 349 344 442 452 647 171 356 347 348 448 357 237 175 346 1522 394 256 378 443 343 376 354 345 336 298 232 351 24 127 441 84 353 153 152 70 186 54 94
103 103 454 585 350 222 533 170 249 217 409 277 178 529 251 199 121 404 407 167 483
108 108 1369 228 469 480 466 423 475 479 477 289 234 318 36 476 320 176 246 445 198 446 315 283 299 366 292 295 160 316 436 254 417 452 358 235 196 285 294 288 268 277 409 319 380 217 367
109 109 559 432 476 514 693 358 170 409 422 381 215 483 359 426
119 119 499 1499 675 95 49 647 138 491 8 121 589 4 38 39 20 1522 118 602 137 51 612 1 43 111 53 310 291 298 1594 124 132 86 78 257 17 54 120 0 70 142 106 52 7 163 526 140 92 11 130 135 71 440 16 14 110 129 141 69 148 131 618 776
122 122 1416 602 236 1500 219 149 241 202 675 262 292 188 254 235 204 589 571 277 526 240 199 238 636 1514 259 102 278 194 242 157 271
124 124 178 302 387 26 119 167 483 426 164 102 383 185
125 125 514 812 1452 605 465 386 370 231 206 459 395 416 1480 559 373 169 374 302 369 284 1629 303 362 430 450 249 375 305 57 1572 372 26 371 398 304 65 81 394 558 38 300 187 13 331 173 3 193 63
