0 0 48 310 120 36 476 445 134 366 95 132 364 49 160 362 367 380 8 105 138 57 121 277 474 4 119 178
2 2 281 427 285 170 309 249 422 421 297 4 253 215 227 335 426 327 321 326 193
5 5 190 433 441 233 482 350 36 476 478 352 434 344 171 377 369 349 452 303 362 442 284 341 356 237 430 175 346 357 268 380 448 105 348 347 138
6 6 385 169 166 404 253 164 102 383
10 10 263 369 200 188 358 356 196 170 57 409 277 422 367 372 238
11 11 406 408 405 385 435 263 374 292 436 427 254 235 356 339 308 249 387 217 243 484 57 138 277 409 474
15 15 370 395 388 445 302 374 284 303 362 416 249 57 237 305 26 371 251 375 372 4 379 13 164 300 224 65 193 3 173 185
16 16 363 275 388 476 385 447 95 49 132 362 339 380 105 138 121 178 177 251 38 119 39 4 381
19 19 382 413 229 415 410 258 402 400 279 397 417 295 201 418 285 268 205 243 398 484 411 57 192 346 294 396 224 146 195 253 270 332 215
22 22 228 392 477 234 289 388 246 198 436 316 196 319 294 425 288 409 26 305 45 317 13 359 164 304
25 25 281 392 429 263 435 373 299 201 315 366 436 221 358 439 217 387 205 325 308 249
27 27 451 480 466 475 479 477 289 234 318 320 176 198 446 134 315 436 316 196 319 425 294 288 409 317 45 238
29 29 488 208 179 350 444 445 447 435 377 452 171 427 450 439 356 339 325 249 105 138 347 448 474
33 33 450 339 474 240 297 371 483 331 391
37 37 476 341 450 308 105 474 422 177 357 381 379 372 296 227 359 102
38 38 95 49 138 8 121 119 39 351 137 118 51 153 389 94 73 111 53 132 440 310 89 125 16 86 191 133 47 78 120 0 101 10 54 48 106 88 96 31 163 140 130
40 40 423 214 488 392 370 405 431 385 320 446 435 366 302 364 368 160 49 362 316 221 452 188 439 430 339 325 387 217
41 41 252 281 428 431 334 446 435 299 200 201 292 222 436 362 221 358 427 422 325 170 249 380 309 418 421 323
42 42 444 474 177 379 426 256 267
44 44 444 445 303 341 450 474 367 177
47 47 95 160 341 450 339 277 474 288 177 4 404 38 407
50 50 217 313 448 121 483 167 102 39 399 383 267 321 375 20
52 52 429 249 447 446 263 436 417 170 387 8 105 323 409 277 294 121 119
55 55 286 293 264 252 255 214 275 236 213 219 36 476 202 385 134 446 292 435 262 216 283 315 222 160 200 357 221 254 188 358 427 235 450 439 339 204 240 138 409 319 199
56 56 382 413 415 229 410 402 400 279 397 417 295 201 418 362 285 268 243 205 484 398 411 224 396 195 146 332 270 215 164
59 59 481 388 249 217 381 167 102 164 256 87 384
60 60 432 297 253 427 325 309 205 204 422 323 367 166 371 215 329 195 238 155 483 227 335 327 426 187 489 280 321 20 184 223 168 326 296 330 420 337 333 396
62 62 364 358 427 249 251 404 238 215 483 167 39 194
63 63 487 465 370 206 231 209 459 395 373 447 374 302 284 369 169 303 188 416 430 305 375 57 288 319 204 26 372 371 304 394 4 81 300 65 13 359 193 3 173 125 45 330 386 97 35 165
66 66 467 488 449 208 457 179 444 478 435 369 344 377 315 366 341 452 430 450 235 356 416 339 325 217
69 69 338 486 440 226 247 437 467 488 208 179 482 283 36 350 444 445 434 435 95 344 377 366 49 303 362 341 284 171 452 430 450 356 416 285 339 170 249 121 380 448
70 70 482 478 352 344 349 452 442 171 308 448 105 237 347 348 175 277 357 204 394 192 381 346 119 379 378 304 13 355
71 71 275 213 149 176 241 202 198 279 292 216 283 222 200 436 254 427 235 240 204 348 277 319 294 199 212 251
74 74 334 427 325 249 277 422 251 253 215 227 335 426 321 153 327 187 326
76 76 450 474 331 391 256 185 336 300 168 329 68 98 306
78 78 179 444 341 430 339 121 119 357 4 407 38 379 137 359 426 39 194
79 79 432 449 120 459 431 334 434 299 344 283 200 292 452 221 358 427 235 439 196 205 325 170 422 380 418 347 323 138 409 448 421 367 166 411 178
82 82 412 334 201 295 358 427 439 170 325 309 422 409 421 166 121 297
83 83 405 219 446 315 283 200 436 221 417 358 439 356 196 308 217 387 105 418 323 319 288 409 277 294 212 421 240
85 85 449 482 476 478 237 352 434 344 377 349 364 374 442 171 356 448 105 380 357 347 348 367 175 394 346 192 379
88 88 429 476 366 160 368 292 436 439 325 319 421 251 195 404 407 215
89 89 303 249 38 483 399 194
91 91 405 436 362 308 249 380 217 409 277 404 121
92 92 388 302 263 368 316 249 217 387 57 26 251 305 404 199
96 96 388 263 368 439 285 249 380 277 288 297 404
100 100 360 432 449 392 172 213 36 415 431 334 445 435 299 369 344 283 366 436 221 452 358 427 341 450 439 196 325 170 309 249 380 422 448 323
103 103 454 350 222 170 249 217 409 277 178 251 199 121 404 407
104 104 469 451 480 475 479 477 289 318 320 246 198 446 279 316 358 288 196 294 319 418 425 409 277 317 45 212 166 251 4 238
107 107 293 252 214 392 213 219 36 149 241 202 134 258 446 292 435 262 216 283 366 315 222 49 160 200 201 436 221 254 188 358 427 341 235 450 439 356 196 204 205 339 170 217
108 108 228 469 480 466 423 475 479 477 289 234 318 36 476 320 176 246 445 198 446 315 283 299 292 366 295 160 316 436 254 417 452 358 235 196 285 294 288 277 268 409 319 380 217 367
109 109 432 476 358 170 409 422 381 215 483 426 359
110 110 408 405 302 200 292 368 362 188 439 325 105 217 309 387 57 474
111 111 459 447 49 132 430 268 105 8 277 319 178 119 357 4 195 38 39 331 399 375 378 20 173 271
112 112 412 410 258 402 400 279 397 295 201 417 436 243 285 484 268 418 398 205 411 237 396 146 195 215 332 224 164 260 270 403 383 34 321 261 272 401 45
113 113 429 263 262 49 315 368 362 169 439 235 339 387 249 217 212 404
116 116 469 466 475 479 477 289 234 318 476 320 176 246 198 446 292 436 316 196 294 288 319 425 409 367 45 317 192 177 251 398 199 238
119 119 95 49 138 8 121 4 38 39 20 118 137 310 51 1 43 111 291 53 298 130 132 440 124 120 78 257 17 54 0 48 86 106 70 142 52 163 7 140 92 135 10 71 14 16 110 148 141 131 69 129 486 11
122 122 236 219 149 241 202 262 292 188 254 235 204 277 240 199 238 259 102 278 194 242 271 157
123 123 433 233 449 482 350 476 444 445 478 352 434 344 377 49 349 452 442 341 171 356 346 357 430 237 339 355 380 448 8 217 474 347 348 175
124 124 178 302 387 26 119 167 483 426 164 102 383
125 125 465 386 370 206 231 459 395 416 373 169 302 374 369 284 303 362 430 450 375 249 305 57 372 26 323 371 398 304 81 65 394 38 300 63 13 331 173 487 3 193 187 489
126 126 425 438 451 480 466 423 214 408 475 477 479 289 234 318 320 176 246 385 198 446 315 200 316 436 417 221 452 358 288 196 294 205 339 170 319 317 45 409 367
127 127 350 352 171 356 348 175 237 474 357 346 4 394 372 375 378 355 153 354 271 313 443 12 173 376 87 353 441 345 232 152 84 337 401 298 24 351 51 270 18 324 301 81 481
128 128 432 428 431 334 315 299 160 452 316 188 358 427 450 196 205 339 325 170 422 380 8 309 421 323 474 138 367 409 448 212
129 129 488 208 395 444 284 362 452 341 427 450 356 339 308 380 8 448 347 474 367
130 130 463 458 363 281 275 310 120 234 388 385 447 435 95 132 366 364 369 344 49 119 362 358 138 450 439 356 170 339 249 380 8 105 367 121
131 131 486 467 488 120 208 479 457 179 482 36 350 476 444 435 95 344 377 366 49 160 315 374 436 171 452 284 450 235 439 356 416 205 339 8 217 380
136 136 210 206 177 381 394 359
137 137 318 95 49 349 341 439 105 138 8 237 409 119 121 4 38 372 39 375 20 65 118 51 78 81
140 140 444 362 341 450 339 387 57 474 237 175 178 26 177
141 141 423 429 385 263 435 262 295 368 436 362 427 188 285 387 217 249 380 367
142 142 214 213 318 241 246 262 292 283 216 222 315 254 316 221 235 204 418 288 367 294 251 119 238 259
144 144 302 368 450 387 57 474 319 26 192 166 305 381 195 359 391 13 331 102 383
145 145 412 382 413 415 229 258 402 400 279 397 295 417 201 366 411 436 418 358 341 398 285 243 439 484 268 205 380 367 347 430 319 175 178
147 147 368 448 212 177 404 483 259 224 335 313
148 148 432 459 213 334 385 299 315 358 427 439 339 325 170 268 249 418 380 422 309 323 409 138 367
151 151 149 262 288 240 199 238 259 278 157 155 232 245 156 158 153 143 276 291 43 73 122 60
153 153 236 213 219 149 241 262 134 283 216 222 188 235 204 277 240 212 251 398 238 199 381 253 127 259 38 278 399 194 242 321 271 245 143 351 155 156 280 183 43 158 157 355 74 276 151 232 337 230 181 122
155 155 219 149 202 292 221 204 347 240 238 483 271 278 60 65 87 157 151 156 232 242 153 43 245 158 143
157 157 149 241 283 222 254 221 188 204 240 199 238 278 194 271 45 242 245 151 183 403 232 158 155 143 276 153 17 122 216 90 272 61 107 43 236 156 202 64
158 158 290 149 241 202 239 262 283 200 222 254 235 204 288 240 238 259 317 278 194 157 187 489 245 232 271 242 151 155 183 153 87
159 159 182 361 264 360 161 180 172 179 36 176 134 222 169 171 341 358 430 170 308 175 178 192 177 1 166 297 167 359 164 304 165 184 183 173 336
162 162 360 172 209 134 169 427 170 308 422 323 175 421 411 166 215 297 253 327 326 335 167 227 426 184 280 321
163 163 377 49 452 341 450 356 8 448 348 474 175 192 177
166 166 299 170 430 325 175 335 327 184 326 183 168 223 296 28 333 98 1 287 165 182 273 276 60 159 162 172 6 144 72 274 79 334 422 360 148 128 432 104 209 71 41 77 431 82 441 100 130 75 323 309 66 131 40 107
168 168 325 309 422 323 166 253 227 335 102 304 327 321 280 326 420 181 223 296 28 287 337 60 225 118 333 76 248 273 68 207 1 485
178 178 171 175 167 173 184 441 124 118 98 1 182 73 94 159 111 139 103 16 140 86 48 135 123 117 5 145 77 29 126 130 131 69 41 55 486 25 14 79 108 0 100 66 40
186 186 250 472 161 473 255 365 408 457 179 414 413 405 36 350 431 334 176 478 434 352 400 279 262 435 373 263 216 299 369 377 366 374 364 349 356 442 417 284 221 341 235 418 416 268 237 448 387 217 249 243 348 484 309 347 357 305 175 421 346 192 199 238 193 372 224 242 378 426 331 379 354 394 167
187 187 489 462 239 419 365 414 457 364 290 366 160 362 461 464 367 308 329 331 458 230 322 1 368 248 60 158 218 207 260 125 351 88 74 203 142 282
203 203 382 413 414 229 388 415 410 258 402 400 279 397 417 295 369 201 418 268 285 416 243 398 205 484 411 57 288 396 401 146 195 270 332 224 167 272 34 261
204 204 236 292 368 188 240 199 297 278 157 242 245 155 153 156 241 43 158 276 143 149 60 214 122 63 90 216 487 202 275 17 218 154 61 142 283 222 254 93 219 213 221 70 262 456 107 293 21 71 150 200 250 235 290 211 220 286 55 328 460 470 255 424
205 205 424 417 268 411 398 224 164 396 146 332 270 272 415 261 410 382 402 412 258 243 60 484 397 418 400 260 413 139 112 295 229 203 201 279 455 285 23 56 19 115 75 21 195 150 145 79 128 278 126 131 25 34 107 486 232 403 69
207 207 180 258 344 430 416 308 325 309 138 26 305 199 253 404 304 483 13 193 187 489 378 321 173 3 326 65 280
210 210 136 150 211 220 190 226 247 265 286 290 48 228 250 293 206 233 239 252 264 255 214 281 275 208 209 231 236 213 234 289 219 36 149 229 202 241 246 198 258 134 292 262 279
225 225 432 209 299 344 377 364 49 422 418 323 421 240 297 371 253 227 335 327 326 280 343 296 420 223 87 461 168 181 34 146 333 337 332 287
237 237 443 434 442 349 452 448 105 346 357 379 102 352 87 355 354 127 347 353 28 478 137 85 291 298 433 449 351 453 348 24 139 112 15 186 5 70 394 123 54 101 482 344 140 282 356 472 84 131 150 441 350 77 378 171 175
242 242 250 255 275 236 213 36 262 216 222 292 221 254 188 235 204 387 240 212 199 259 278 194 156 245 157 241 143 223 202 158 276 155 61 150 122 17 90 186 107 153 283 43 149 142
244 244 392 362 439 387 394 195 238 167 164 383 267
248 248 176 188 309 170 422 347 421 411 398 297 121 215 227 426 335 327 187 256 489 321 280 326 12 184 183 223 296 168
249 249 303 59 52 35 89 125 74 15 62 2 186 103 31 96 92 91 113 141 21 150 117 148 77 14 481 130 66 107 40 29 100 41 11 69 25
253 253 325 227 321 259 326 280 60 313 181 223 168 337 296 270 485 153 273 225 287 298 207 351 162 432 260 191 6 82 174 74 2 274 72 44 133 79 148 145 431 128 19 83 323 41 150 172 334 100
257 257 179 445 442 284 308 8 105 119 372 13 359 391 102 399
260 260 412 413 229 410 402 258 323 400 397 279 377 364 201 417 285 268 418 398 205 411 243 484 420 199 396 297 195 146 253 238 215 112 332 164 187 270 403 102 489 224 34 321 330 261 272 267
270 270 382 413 415 410 402 258 400 279 397 295 417 201 418 285 268 398 205 411 308 243 484 288 195 396 253 272 224 304 261 332 330 322 403 139 412 203 112 280 34 146 260 401 230 56 181 19 127 23 229 153
274 274 172 428 431 320 434 299 132 325 170 323 309 421 422 26 166 305 297 326 335 327 253 426 215 280 227
278 278 424 241 262 283 221 254 417 235 204 288 240 212 238 259 194 317 331 383 271 321 330 157 151 242 232 245 155 17 153 122 90 189 202 43 156 61 205 276 158 291 143 147 389 342 351 111 154
283 283 222 254 240 278 157 232 245 153 158 143 424 69 17 241 142 61 216 21 338 71 226 247 293 150 221 83 275 79 262 55 134 290 108 204 100 286 107 211 220 246 235 213 486 149 202 440 219 242 252 255 188 328 460 470 228 350 238 236 214 259
287 287 172 209 428 334 431 299 427 188 325 422 309 170 323 421 319 166 297 253 215 335 227 426 326 359 296 321 327 223 184 280 168 313 420 12 181 333 330 337 225
296 296 209 428 431 334 299 422 325 309 170 323 421 26 166 297 335 253 215 227 167 426 321 102 326 327 267 287 420 333 280 184 225 223 168 181 60 248 273 337 37
297 297 368 309 204 421 335 327 326 60 330 280 184 223 296 333 98 324 225 287 248 428 273 159 172 431 162 422 209 191 260 174 218 2 274 75 323 432 334 72 154 33 299 113 148 128 163 41 117 96 100 55 360 82
313 313 253 331 39 185 20 312 50 230 28 127 353 51 324 340 272 156 287 389 32 351 53 147
322 322 402 400 295 285 268 411 308 398 195 224 304 187 489 332 396 270 65 330 403 87 34 146 272 230 261 401
323 323 420 422 421 215 335 327 280 326 390 223 168 260 296 333 485 225 287 431 428 273 60 162 299 191 174 274 209 432 72 125 309 334 172 328 100 297 325 75 460 470 21 52 79 83 14 148 128 170 166 41 253 184
328 328 460 470 211 220 338 463 420 406 456 468 471 190 226 247 265 286 440 461 454 361 290 228 424 433 462 464 437 465 233 239 252 264 419 472 161 386 467 469 473 180 363 255 451 214 281 423 466 408 365 275 310 475 120 172 206 208 392 209 236 459 457 213 234 405 476 289 428 388 429 36 149 431 334 176 444 202 445 385 446 364 246 447 352 292 362 435 263 373 216 132 283 95 299 369 344 377 169 316 323 222 160 200 374 341 284 303 368
329 329 461 464 419 365 414 364 366 368 160 367 362 187 489 462 239 13 60 87 300 354 223 28 84 98 76 324 97
340 340 457 445 341 105 192 177 371 381 185 313 87 326 230 300
351 351 472 473 449 459 482 219 350 478 434 442 377 356 349 303 38 285 380 448 348 357 347 237 175 346 394 192 381 398 379 253 331 378 13 259 355 343 354 153 321 353 376 256 84 87 20 127 313 345 152
353 353 453 478 352 434 442 377 349 452 171 356 348 448 347 357 237 175 346 394 354 443 379 355 39 256 378 20 313 343 376 152 87 298 24 351 441 345 127 28 84 245
355 355 350 478 352 349 344 442 452 171 356 347 348 448 357 175 346 237 443 394 256 378 343 376 354 441 298 345 336 232 351 24 84 127 472 353 123 152 70 449 433 186 153 54 94
357 357 433 449 478 442 356 348 347 237 346 394 379 378 343 355 354 443 349 353 127 472 152 298 342 453 351 434 85 55 123 111 352 24 5 186 78 482 282 350 70 31 54 37 163 448 452 93 84 135 66 129 101 113 344 83 29 473 393 377 130
364 364 461 462 464 239 365 414 366 290 368 160 362 367 419 187 489 329 98 225 260 139 363 218 62 186 85 0 132 328 457 130 460 470 463 40 454 458 455 456 161
379 379 348 237 346 357 381 378 353 291 351 24 449 42 443 15 78 101 93 85 186 70 154 54 433 37 47 10 23 91
389 389 408 385 263 368 439 8 217 277 404 38 483 167 164 102 383 267 390 384 313 278 183
391 391 428 26 381 359 76 102 383 267 144 257 33
401 401 415 400 397 418 268 411 398 195 224 396 34 146 403 272 332 261 203 127 270 413 322 139
416 416 169 430 57 304 375 13 173 65 300 330 125 3 81 301 97 374 207 342 63 386 487 35 370 203 15 218 305 31 373 186 395 115 303 369 206 302 193 465 372 371 456 135 459 284 282 26 468 471 231 131 69 486 328 66 338 460 470 454
430 430 374 416 288 166 304 375 185 173 65 300 81 301 165 291 207 159 63 487 35 111 125 386 78 169 370 31 54 206 101 459 373 57 369 282 305 123 303 451 361 371 468 471 5 145 372 182 231 395 193 393 69 13 66 328 338 465 180 460 470 40 161 264 360
