0 0 108 48 310 120 476 36 445 366 134 160 95 132 49 362 380 367 138 277 8 105 121 57 474 192 177 364
2 2 78 163 130 66 281 427 137 170 285 309 4 422 421
5 5 168 157 190 433 441 233 482 350 36 476 478 352 434 377 369 344 349 171 303 362 442 452 284 341
6 6 159 163 29 66 131 385 169
10 10 119 158 186 263 369 200 356 188 358 196 170 57 409 277 422 367 238
11 11 16 257 37 140 129 130 66 406 408 405 385
15 15 260 370 395 388 445 302 374 284 303 362 57 323 26 305 371 251 372 375 4 416 164 224 249 13 3 237 65 193 19 173 300 330
16 16 11 363 275 388 476 385 447 95 49 132 362 339 138 380 105 121 177 251 381 39 4
19 19 260 382 413 229 415 402 279 410 258 397 400 295 417 201 418 285 268 398 243 323 57 411 112 205 224 192 346 294 215 396 164 146 195 15
22 22 142 228 392 477 234 289 246 388 198 436 316 196 294 319 288 409 26 305 45 317 383 13 359 164 304
25 25 70 125 281 392 429 373 263 435 299 416 201 315 366 436
27 27 148 451 480 466 475 479 289 477 234 318 320 176 315 198 446 134 436 316 196 319 294 288 409 317 238 45 259
29 29 322 296 89 391 6 71 40 488 208 179 350
33 33 391 76 450 339 474 144 240 371 483 331
37 37 296 113 100 11 69 476 422 341 450 308 474
38 38 351 95 49 138 8 121 39 187 153 119 118 51 94 73 137 53 389 54 133 31 111 86 191
40 40 257 96 29 66 488 423 214 392 370 405 431 435 385 320
41 41 128 252 281 428 334 431 446 435 299 200 201 292 222 427 436 362 221 358 170 422 309 380 325
42 42 69 444 474 177 283 426 256 185 340 267
44 44 62 96 444 445 303 341 450 474 367 215
47 47 122 60 95 160 341 450 277 339 297 474 253 288 177
50 50 313 125 131 416 448 217 39 121 323 20
52 52 249 78 140 129 429 447 446 263 436 417 137 387
55 55 357 128 286 293 264 252 255 214 275 236 213 219 36 476 202 385 134 446 435 262 216 292 222 160 200 315 221 254 188 358 427 235 339 450 439
56 56 379 260 382 413 415 229 402 279 410 397 400 295 417 201 418 285 362 268 243 398 323 195 112 411 224 205 15 215
59 59 107 481 388 217 381 249 167 102 164 256 87 403 384
60 60 297 253 329 155 47 79 126 66 432 325 270 187 367 309 427
62 62 44 358 427 251 364 215 404 238 483 167 249 39
63 63 204 487 465 370 206 231 209 459 395 373 374 447 302 369 284 169 303 70 188 305 57 288 319 375 26 371 372 304 394 4 416 430 13 359 193 65 300 81 3 173 45 330
66 66 168 207 2 141 6 153 96 60 40 11 467 488 253 449 208 457
69 69 283 205 166 340 157 389 42 159 142 78 83 37 338 486 440 226 247 437 467 179 488
70 70 204 109 163 25 63 482 478 352 452 344 349 442 171 308 448 348 277 175 381 105 347 346
71 71 140 29 107 275 213 149 176 241 202 198 292 279 216 222 200 427 254 436 235
74 74 153 334 427 325 277 422 251 287 215 227 321 249 426 335 327 253
76 76 391 450 474 144 33 331 257 256 185 336 300 98 46 68 306 266
78 78 137 2 92 52 69 179 444 249 341 339 121 4
79 79 60 432 449 120 459 253 431 334 434 299 344 200 292 452 221 358 427 235 439 196 325 170 380 418 422 347 138 409 448 297 367
82 82 131 412 334 201 295 439 358 427 325 170 309 422 409 421 121
83 83 125 69 405 283 219 323 446 416 315 200 436 221 417 356 358 439 196 308 409
85 85 237 162 449 482 476 478 352 434 346 105 344 377 349 448 374 442 171 356 175 380 347 348 367
88 88 203 429 476 366 160 368 292 436 439 325 319 187 421 251 195 404
89 89 140 29 303 483 249 296 399 194
91 91 328 405 362 436 308 380 277 217 409 404 121
92 92 78 140 388 302 263 368 316 217 387 57 26
96 96 103 44 140 40 66 131 388 263 368 439 277
100 100 225 329 113 37 130 360 432 449 392 172 213 36 415 344 431 334 366 299 445 435
103 103 96 454 350 222 170 277 217 409 251 404 407 199 121 483 167 249
104 104 353 469 451 480 475 479 477 289 318 320 246 198 446 279 316 358 196 288 319 294 418 409 277 212 317 251 45 4
107 107 151 242 59 157 158 142 153 71 149 293 252 262 241 222 214 392 216 36 213 254 292 219 235 202 221 188 240
108 108 0 228 469 480 466 423 475 479 289 477 234 36 476 318 445 176 320 246 198 366 446 160 315 299 292 295 196 316 436 417 452 254 358 380 285 235 277
109 109 70 432 476 358 170 409 422 204 381 215 483
110 110 244 408 405 302 439 200 292 368 362 188 387 325 105 217 309 57 474
111 111 116 128 459 447 49 132 268 105 8 277 319 4 195 20 430 331 378 39 399 271 375
112 112 260 412 402 400 279 410 397 258 295 201 285 417 268 436 418 243 398 323 411 396 164 195 146 19 215 332 205 224 56 34 403 383 237 321 87 230 45
113 113 122 186 37 100 429 263 262 235 49 315 362 169 368 439 387 217
116 116 111 125 203 469 466 475 479 289 477 234 318 476 320 176 246 198 446 416 292 436 316 401 288 196 294 319 398 409 367
119 119 10 130 95 49 138 8 121 4 39 20 38 118 51 137 53 1 158 43 186 291 298
122 122 47 113 131 236 219 149 241 202 262 292 235 188 254 277 238 259 240 199 194
123 123 355 158 153 433 233 449 482 350 476 444 445 442 349 171 452 434 478 352 356 344 377 49 347 348 448 346 341
124 124 178 302 387 167 26 173 483 426 164 184 102 383
125 125 416 323 50 116 83 25 465 386 206 370 231 459 395 169 373 57 302 369 374 375 260 284 303 362 450 313 304 13 430 193 372 26 65 371 305
126 126 60 425 438 451 480 466 423 214 408 475 479 477 289 234 318 320 176 246 385 198 446 315 200 316 436 221 417 452 358 196 339 170 288 294 367 409 319
127 127 155 153 350 352 270 171 356 348 175 474 346 4 287 394 372 351 237 375 357 378 271 354 12 173 355 376 87 232 84 123 345 337
128 128 111 41 55 131 432 428 431 334 299 160 315 358 427 450 188
129 129 287 147 155 158 52 11 488 208 395 444
130 130 119 2 153 100 11 463 458 281 363 275 310 120 234 95 388 385 49 435 447
131 131 147 155 122 50 82 6 145 148 203 96 128 486 467 488 120 208
136 136 210 206 177 381 394 359
137 137 78 318 95 49 341 349 439 105 138 8 409 121 4 372 39 237 375 20 38 119 65 2 118 51 81 18 306 314 52
140 140 89 92 71 52 96 11 444 249
141 141 66 423 429 385 435 263 262 295 368 436 362 427 188 285 217 380 387 367
142 142 22 107 69 214 213 283 241 246 318 262 216 292 222 315 316 254 221 235 288 418 367 294 242 151 251
144 144 391 302 76 368 450 387 57 474 319 26 192 381 33 305 359 195 13 331 257 102 383
145 145 430 131 412 382 413 415 229 258 402 400 279 366 397 201 436 295 417 243 439 358 341 411 268 285 418 380
147 147 129 131 368 448 177 212 483 404 224 259 335 287
148 148 27 131 432 459 213 334 385 315 299 439 358 427 409 339 380
151 151 107 149 262 288 240 199 238 259 157 232 278 158 245 156 242 143 43 142 276 291 73 153
153 153 127 287 74 351 123 130 107 66 38 219 236 213 149 241 134 262 222 216 355 235 188 277 155 251 242 151 212 240
155 155 270 127 60 129 131 219 149 202 292 221 253 347 297 238 483 240 153 271
157 157 5 107 69 283 149 241 222 221 254 188 151 242 240 199 238 194 205 245 271 232 45 204 403 278 183 158 166 156 43 168
158 158 10 123 129 107 290 149 241 202 200 262 222 254 235 151 242 238 283 288 240 119 259 317 194 157
159 159 6 182 69 361 264 360 161 180 172 179 36 176 134 166 169 222 171 341 358 170 308 175 192 177 430 164 359 283 167 178 304 340 1 183 173 184
162 162 85 360 172 209 134 237 169 427 170 308 175 422 421 411 215 167 227 327 426 321 335 185 326 184 166 297
163 163 2 6 70 377 452 49 341 450 356 448 348
166 166 69 299 170 325 175 430 335 283 327 184 205 326 183 159 223 28 98 333 1 165 168 296 273 276 162 340 287 274 144 72 75 157 389
168 168 5 66 325 309 422 227 102 335 327 253 304 207 166 280 326 321 223 337 181 333 323 28 118 485
178 178 124 171 175 167 173 184 118 98 1 73 94 139 111 159 86 135 16 103
186 186 10 113 250 472 161 473 255 365 408 457 414 179 413 405 36 350 431 334 263 176 478 262 352 434 369 400 279 435 373 216 299 377 366 356 374 349 442 417 235 284 221 341 387 217 418 268 448 243 309 348 347 238 175 421 372 305 346 192 394 119 364 199
187 187 364 329 351 203 462 365 239 414 489 419 366 457 367 38 160 362 464 461 308 248 331 60 88 401 230 368 100
203 203 401 248 187 88 116 131 364 382 413 414 415 229 388 397 410 411 258 402 400 279 418 398 369 268 201 295 243 417 285 195
204 204 63 70 236 292 368 188 240 199 297 245 278 242 43 109 156 90 276 143 17 61 154 157 163 218
205 205 69 424 417 268 411 398 164 224 283 146 396 332 166 272 261 270 139 260 340 157 112 389 115 19 56 23 21 75 150 159 42
207 207 66 180 258 344 325 308 138 309 305 26 199 430 416 483 404 304 168 193 13 378 321 253 173 326 65 3 280
210 210 136 150 206
225 225 100 432 209 299 344 377 49 422 418 421 240 371 364 227 335 327 297 253 280 343 326 323 223 181 87 332 34 146 337 333
237 237 85 443 434 442 349 452 448 105 346 357 102 379 87 354 162 28 355 353 291 298 137 127 24 139 101 351 112 186 282 54 15 70
242 242 107 250 255 275 236 213 36 262 216 222 292 254 221 188 235 387 240 212 199 259 157 194 204 278 158 245 223 156 143 151 43 142 276 153 71 17
244 244 110 392 362 439 387 394 238 167 195 164 383 267 45 390
248 248 203 176 188 401 309 170 422 347 411 421 398 187 121 215 227 426 335 327 256 321 280 184 297 326 12 332 223 183
249 249 52 303 59 35 78 74 62 89 31 15 92 103 2 140 186 91
253 253 60 325 297 227 321 259 326 280 223 181 79 337 329 313 485 155 273 270 168 298 296 287 72 225 47 162 174 74 207 191 274 66 126 133
257 257 391 40 11 179 445 76 442 308 284 8 105 144 359 33 102
260 260 323 112 15 19 56 412 413 410 229 402 400 279 258 397 201 417 411 285 268 418 398 243 377 379 215 224 125 195 205 164 146 396
270 270 155 382 413 415 410 402 258 400 279 397 295 417 201 418 285 127 268 398 308 243 411 288 195 205 224 396 304 60 272 330 261 253 332 403 280 34 146 230 181 401 322 139
274 274 278 172 428 431 320 434 299 132 170 325 309 422 421 26 305 321 383 215 426
278 278 274 424 241 262 221 254 417 235 288 240 212 283 238 259 317 331 194 383 321 271 204 330 232 245 143 276 151 17 157 242 189 90 291 43 156
283 283 69 222 254 240 157 205 232 166 245 278 142 143 83 340 17 389 61 158 159 42 150 21
287 287 153 129 172 209 428 334 431 299 427 188 325 170 309 422 127 319 421 326 74 215 227 426 359 280 335 327 253 184 321 166 147 12 223 297 323 181 337 330
296 296 37 29 209 428 431 334 299 422 325 309 170 421 26 227 335 102 215 167 426 267 321 326 327 166 297 181 333 223 253 280 323 89 337 184
297 297 60 368 309 253 421 335 327 326 330 280 204 184 223 329 333 98 324 273 155 296 225 72 47 248 174 162 218 191 79 287 274 154 126 75 159
313 313 50 331 39 185 20 312 253 230 28 51 156 324 272 353 340 32 53 127 125
322 322 29 402 400 295 285 268 411 308 398 195 224 304 396 332 330 403 65 34 87 230 146 272 261 401 270
323 323 260 125 420 416 422 421 215 335 327 280 326 390 223 83 112 15 333 19 485 56 191 273 50 168 287 174 225 162 296 116 274 72 75
328 328 91 460 470 211 220 338 463 420 406 456 468 471 190 226 247 265 286 440 461 454 361 290 228 424 433 462 464 437 465 233 239 252 264 419 472 161 386 467 469 473 180 255 451 363 214 281 423 466 408 275 310 365 475 120 172 206 208 392 405 209 236 459 457 213 234 289 476 428 36 149 429 388 431 334 176
329 329 187 60 364 100 419 365 461 464 414 366 367 368 160 362 297 253 13 351 223
340 340 69 457 445 341 105 192 177 371 381 283 185 205 87 326 230 159 166 42 28 300 313
351 351 38 187 153 364 472 473 449 459 219 482 350 478 434 377 442 349 303 356 285 127 380 448 348 347 175 398 329 381 394 346 192 331 237 259 74 378 13 357
353 353 104 453 478 352 434 442 377 349 452 171 356 348 448 347 346 175 394 357 237 39 256 378 354 20 355 379 343 376 87 152 298 345 313 28 84 314 24 245
355 355 123 350 478 352 349 344 442 452 171 356 347 348 448 175 346 394 357 237 256 378 343 376 354 336 345 353 232 127 298 84 24 152 153 94
357 357 55 433 449 478 442 356 348 347 346 394 237 378 343 379 354 355 152 353 298 342 127 351 24 54 85 101 31 111 93 186
364 364 187 462 239 461 464 365 414 366 368 160 362 367 351 203 98 419 225 329 139 489 218 62 0 457 260 186
379 379 56 348 346 381 237 378 357 353 291 260 15 24 54 42 23
389 389 69 408 385 263 368 439 277 8 217 404 483 167 283 164 102 383 267 390 205 384 38 183
391 391 76 144 33 257 29 428 359 102 381 26 383
401 401 203 415 400 397 418 268 411 398 195 248 224 396 332 34 146 403 272 261 116 270 187 322
416 416 125 169 57 430 323 304 375 13 173 300 65 330 3 301 81 97 50 342 35 207 116 63 218 83 31 25 15 135 115 282 374
430 430 145 374 288 416 304 375 166 185 173 65 300 81 301 165 291 35 207 63 159 31 54 125 111 101 282
