128 128 1410 544 1480 846 432 1500 605 428 431 334 315 299 160 452 316 571 188 358 427 450 422 196 205 339 325 170 323 380 8 309 421 138 367 409 448 474
257 257 529 880 179 1445 445 1398 442 284 308 8 105 585 119 372 555 13 359 102 399
389 389 408 558 385 263 368 439 772 655 531 694 8 217 277 404 648 1452 38 483 167 164 102 383 631 646 267 390 313 384 278 183
6 6 648 1398 555 1500 811 385 529 630 696 785 169 571 585 560 657 636 1514 166 558 404 253 880 164 102 383 491
5 5 657 646 190 433 441 233 482 350 36 476 478 352 434 344 377 369 171 349 452 303 362 442 284 341 430 356 346 237 268 175 448 357 105 380 348 555 347 138
11 11 1385 406 526 1499 618 408 555 405 589 385 785 491 435 263 636 776 374 630 696 292 436 427 254 235 356 1522 602 339 308 249 387 217 243 57
140 140 560 1421 585 1618 444 533 362 341 450 529 339 1398 387 57 237 474 618 175 596 178 26 177 89
15 15 1629 370 395 1481 388 445 812 1425 302 374 284 303 362 416 249 57 237 305 26 371 251 372 375 4 379 1748 13 164 300 224 65 193 3 173 185
144 144 880 1445 302 368 450 387 57 474 319 26 192 166 305 381 195 1398 359 13 331 102 383
19 19 1629 382 413 1481 229 415 410 258 402 812 1425 400 279 397 417 295 201 418 285 268 205 243 398 411 57 192 346 294 224 396 195 253 146 215
148 148 516 432 1500 459 213 334 385 299 315 571 358 427 439 339 325 170 249 268 418 323 380 422 309 409 138 367 166
22 22 631 228 392 477 234 289 388 246 198 436 316 196 319 294 288 409 596 26 305 45 317 13 359 164 304 558 383
416 416 169 430 57 125 304 375 13 173 65 300 330 3 81 301 97 207 342 374 63 35 203 15 218 31 386 186 370 514 812 1452 305 115 303 206 373 395 135 282 369 302 193 372 371 605 26 459 284 131 69 465 66 328 231
33 33 880 1445 450 339 474 240 297 371 1398 483 331 327
163 163 491 559 514 693 377 49 452 341 450 356 1499 8 448 348 474 175 192 177
50 50 802 1500 571 217 448 636 1514 121 483 167 102 39 399 383 267 321 375 20
178 178 171 175 124 167 173 184 118 98 1 73 94 159 441 111 139 103 16 86 140 135 123 117 145 5 79 130 77 29 126 131 69 41 55 25 100 66 108 14 0
60 60 615 1666 1448 1622 1416 818 644 555 432 759 616 1556 630 696 589 427 205 325 204 309 323 422 657 367 166 297 618 253 371 215 195 238 483 227 326 187 426 327 335 853 491 529 321 20 280 184 223 168 1522 585 1594 296 1500 330
74 74 1522 334 427 776 616 325 249 277 422 840 612 251 253 215 227 426 335 187 321 327 1499 326 256
78 78 1506 491 1421 558 1618 179 444 341 1499 772 655 531 694 430 339 618 121 648 1452 357 119 4 38 379 407 359 426 39 631 646 194
340 340 558 457 445 341 772 655 531 694 105 192 177 648 1452 371 381 631 646 185 313 87 326 230 300 526
89 89 1398 811 785 303 249 560 529 38 880 483 399 194 140
92 92 388 302 263 368 316 249 217 387 57 26 251 305 404 199
355 355 612 350 478 352 647 349 344 442 452 171 356 347 348 448 357 237 175 346 1522 394 256 378 343 376 443 354 345 336 298 232 351 24 127 84 353 153 152 441 70 186 499 54 94
103 103 454 585 350 533 222 170 249 217 409 277 529 178 251 199 121 404 407 167 483
108 108 1369 228 469 480 466 423 475 479 477 289 234 318 36 476 320 176 246 445 198 446 315 283 299 366 292 295 160 316 436 254 417 452 358 235 196 285 294 288 268 277 409 319 380 217 367
109 109 559 432 476 514 693 358 170 409 422 552 381 215 483 359 426
119 119 499 1499 675 95 647 49 491 138 8 589 121 4 38 39 1522 602 20 118 612 137 51 1594 1 43 111 53 291 298 310 124 526 86 132 78 257 17 776 54 618 0 70 142 11 596 106 52 7 92 120 163 140 135 130 71 16 14 110 131 69 129 141 148 818
122 122 1416 602 1500 236 219 149 675 241 202 262 292 188 589 571 254 235 526 204 277 636 1514 240 199 238 259 102 278 194 242 157 271
124 124 178 302 387 26 167 119 483 426 164 102 383 185 173
125 125 514 812 1452 605 465 386 416 370 231 206 459 395 1480 559 1629 169 373 374 302 369 284 303 362 430 1572 450 249 375 305 57 372 26 558 371 304 398 65 81 394 38 300 173 187 1481 13 331 3 193 63
