128 128 1410 544 1480 432 1500 428 431 334 846 315 299 160 452 316 188 358 427 605 450 196 205 339 325 170 422 323 380 8 309 421 474 138 367 409 448 212
355 355 612 350 478 352 349 344 442 452 171 356 347 348 448 357 237 175 346 647 394 256 443 378 1522 343 376 354 298 345 336 232 351 24 127 441 84 353 153 70 152 186 54 94
6 6 648 3331 1398 555 1500 385 169 491 529 811 559 166 404 253 785 3257 630 696 164 102 571 383 585 560
103 103 454 585 350 222 170 249 217 409 277 178 251 533 199 121 404 407 167 483
74 74 1522 334 427 325 249 277 422 251 253 215 227 335 426 187 776 616 321 327 326
11 11 406 1385 3425 526 1499 618 408 555 405 385 435 263 374 292 436 427 529 254 235 356 589 339 308 249 491 387 217 243 57 138 277 409 474
140 140 3257 3260 560 1421 585 444 3246 362 1398 341 1618 450 339 387 57 237 474 175 178 26 177
144 144 880 302 368 450 1445 3201 387 57 474 319 26 192 166 305 381 3425 195 359 13 331 102 383
19 19 1629 382 413 229 415 410 258 402 400 279 397 417 295 201 418 285 268 205 1481 3183 243 398 411 57 812 1425 192 346 294 224 396 146 195 253 215
148 148 516 432 459 1500 213 334 385 299 315 358 427 439 339 325 170 249 268 418 323 380 422 309 409 138 367 166
22 22 228 631 392 477 234 289 388 246 198 436 316 196 319 294 288 409 26 305 45 317 13 359 164 304 425
119 119 499 1499 95 49 675 138 8 121 647 4 38 39 491 20 589 118 137 1522 51 1 310 43 111 291 53 298 124 132 78 257 120 440 17 602 54 0 70 86 142 106 52 7 163 140 130 135 71 16 14 612 69 148 92 110 129 131 141 11
