128 128 1410 544 1480 432 428 431 334 1500 315 299 160 452 316 188 358 427 450 196 205 339 325 170 422 323 380 8 309 421 474 138 367 409 448 212
355 355 612 350 478 352 349 344 442 452 171 356 347 348 448 357 237 175 346 394 443 256 378 343 376 354 298 345 336 232 351 24 127 84 353 441 153 70 152 186 54 472 94 647
6 6 648 3331 1398 555 1500 385 169 166 404 253 164 102 383
103 103 454 585 350 222 170 249 217 409 277 178 251 199 121 404 407 167
74 74 1522 334 427 325 249 277 422 251 253 215 227 335 426 187 321 327 326
11 11 406 1385 408 3425 526 1499 618 405 555 385 435 263 374 292 436 427 254 235 356 339 308 249 387 217 243 57 138 277 409 474
140 140 3257 3260 560 1421 585 444 362 341 450 339 387 57 237 474 175 178 26 177
144 144 880 302 368 450 387 57 474 319 26 192 166 305 381 195 359 13 331 102 383
19 19 382 1629 413 229 415 410 258 402 400 279 397 417 295 201 418 285 268 205 243 398 411 57 192 346 294 224 396 146 195 253 215
148 148 516 432 459 213 334 1500 385 299 315 358 427 439 339 325 170 249 268 418 323 380 422 309 409 138 367 166
22 22 228 631 392 477 234 289 388 246 198 436 316 196 319 294 288 409 26 305 45 317 425 13 359 164 304
119 119 499 1499 95 49 138 8 121 4 38 39 20 118 137 51 675 310 1 43 111 291 53 298 647 132 124 491 78 440 257 589 54 17 0 70 86 142 106 163 7 140 130 135 71 16 120 69 14 148 92 52 131 110 141 129 1522 11
