128 128 1410 544 1480 432 846 1500 428 431 334 605 315 299 160 452 316 188 358 427 450 196 205 339 325 170 422 323 380 8 309 421 474 138 367 571 409 448
355 355 612 350 478 352 349 344 442 452 171 356 647 347 348 448 357 237 175 346 1522 394 256 378 443 343 376 354 345 336 298 232 351 24 127 84 353 441 153 152 70 186 54 94
6 6 648 3331 1398 555 1500 385 491 811 529 169 559 785 3257 630 696 571 560 166 657 404 585 253 636 1514 558 164 102 383 880 3218 3290
103 103 454 585 350 222 533 170 249 217 409 277 178 251 529 199 121 404 407 167 483
74 74 1522 334 427 325 249 277 776 616 422 251 253 840 612 215 227 426 335 187 321 327 326
11 11 1385 406 3425 526 1499 618 408 555 405 385 529 435 263 589 374 491 292 785 436 427 254 636 776 235 356 602 339 880 308 249 630 696 387 217 243 57 138 1522 277 409 474
140 140 3257 3260 560 1421 585 3246 1618 1398 444 362 341 533 450 339 529 387 57 237 474 175 178 26 177
144 144 880 1445 3201 302 368 450 3425 387 57 474 319 26 192 166 305 381 195 359 13 331 102 383
19 19 1629 382 413 229 415 410 258 1481 3183 402 400 279 397 417 295 201 812 1425 418 285 268 205 243 398 411 57 192 346 294 224 396 146 195 253 215
148 148 516 432 459 1500 213 334 385 299 315 358 427 439 339 325 170 249 268 418 323 380 422 309 409 571 138 367 166
22 22 631 228 392 477 234 289 388 246 198 436 316 196 319 294 288 409 26 305 45 596 317 13 359 164 304 383
119 119 499 1499 675 95 49 647 138 8 121 491 589 4 38 39 20 1522 118 137 602 51 1 612 43 111 310 291 53 298 124 78 132 257 1594 17 120 54 0 70 142 86 106 52 7 163 440 140 130 135 11 71 16 14 69 92 141 110 129 148 131 526
