0 0 48 310 120 36 476 445 134 364 366 95 132 49 160 362 367 380 8 105 138 57 277 474 121 4 178 119
257 257 529 880 179 445 442 284 308 8 105 119 585 372 13 359 102 399
130 130 463 458 491 589 363 281 275 310 120 234 388 385 447 435 95 364 366 132 369 344 119 49 362 358 450 439 356 138 170 339 249 380 8 105 367 818 121
131 131 571 486 636 644 467 585 488 120 208 479 457 179 482 36 350 476 444 618 759 435 95 344 377 366 49 160 315 374 436 171 452 284 616 450 235 439 356 416 205 339 533 8 217 380
128 128 544 432 846 428 431 334 315 299 160 452 316 188 358 427 450 196 205 339 325 170 422 323 380 8 309 421 474 138 367 409 448
389 389 408 558 385 263 368 439 8 217 277 404 772 655 531 694 38 483 167 164 102 383 648 267 390 313 384 631 646 278 183
6 6 648 555 385 169 630 696 166 404 657 253 164 102 558 383
260 260 812 412 413 229 410 402 258 400 397 279 364 377 201 417 285 268 418 205 398 411 323 243 199 297 396 195 146 253 238 215 332 112 164 270 102 403 224 187 321 34 330 261 272 267
136 136 210 206 177 381 394 359
137 137 318 95 49 349 341 439 105 138 237 8 409 119 121 4 38 372 39 375 20 65 118 51 78 155 81 18
5 5 657 190 646 433 441 233 482 350 36 476 478 352 434 344 377 369 171 349 452 303 362 442 284 341 356 430 346 175 237 268 357 448 105 380 348 347 138
11 11 406 526 618 408 555 405 385 435 263 374 292 436 427 785 254 235 356 339 636 776 308 249 387 217 243 57
140 140 560 585 444 362 341 450 339 533 387 57 237 474 175 178 26 177
15 15 370 395 388 445 302 374 284 303 362 416 249 57 237 305 26 371 251 375 372 4 379 13 164 224 300 65 193 173 3 185
16 16 363 275 388 476 385 447 95 49 132 362 339 380 105 138 121 178 177 251 38 119 39 4 381
145 145 412 382 413 415 229 258 402 400 279 397 295 417 201 366 411 436 418 358 341 285 439 398 243 205 268 380 367 347 430 319 175 178
401 401 415 400 397 418 268 411 398 195 224 396 34 146 403 272 332 261 203 127 270 322 139
19 19 382 413 229 415 410 258 402 400 279 397 417 295 201 418 285 268 205 243 398 411 57 192 346 294 224 396 146 195 253 215
148 148 516 432 459 213 334 385 299 315 358 427 439 339 325 170 268 249 418 323 380 422 309 409 138 367 166
144 144 880 302 368 450 387 57 474 319 26 192 166 305 381 195 359 13 331 102 383
22 22 631 228 392 477 234 289 388 246 198 436 316 196 319 294 288 409 26 305 45 317 596 13 359 164 304
278 278 763 424 241 262 283 221 254 417 235 204 288 240 212 238 259 194 317 331 383 271 321 157 330 151 242 155 232 245 17 153 122 90 189 43 156 61 158 276 291 147 143 202 389 351 111 154 342
153 153 776 616 612 840 596 555 236 213 219 527 149 241 647 262 134 283 216 222 644 188 235 204 640 548 731 618 277 630 696 240 212 251 398 238 199 381 253 657 259 38 631 646 560 278 399 194 242 321 271 245 155 143 156 491 529 280 183 157 158 151 43 355 276 232 181 230 337 585 127 74 759 122
29 29 811 785 560 529 880 488 208 179 350 444 445 447 435 377 452 171 427 526 450 439 356 339 325 249 105 138 347 448 474
416 416 169 430 57 304 375 13 173 65 300 330 125 3 81 301 97 374 207 342 63 35 203 15 218 386 31 186 370 305 303 115 206 373 395 369 135 282 193 302 372 371 231 26 284 459 69 131 66 605 328 465
33 33 880 450 339 474 240 297 371 483 331
163 163 491 559 377 49 514 693 452 341 450 356 8 448 348 474 175 192 177
297 297 368 309 204 421 335 327 326 60 330 280 184 223 296 333 98 324 287 225 248 273 428 159 162 191 260 174 2 218 274 323 431 422 75 72 172 154 299 33 209 113 432 148 128 334 96 163 117 41 55 100 82
41 41 252 281 428 431 334 446 435 299 200 201 292 222 436 362 221 358 427 422 325 170 249 323 380 309 418 421
430 430 374 416 288 166 304 375 185 173 65 300 81 301 165 291 207 159 63 35 111 125 78 31 54 386 169 101 370 282 57 123 459 373 206 303 305 369 5 145 69 372 66 371 193 13 328 40 395
47 47 95 160 341 450 339 277 474 288 177 4 404 407 38
50 50 802 217 448 121 483 167 102 39 399 383 267 321 375 20
178 178 171 175 167 173 184 124 118 98 441 1 73 94 159 111 139 103 16 140 86 135 123 117 5 145 77 126 29 130 69 131 41 182 55 25 108 14 79 100 66 0 107 40
52 52 618 429 249 447 446 263 436 417 170 636 776 387 323 8 105 409 277 294 121 119
56 56 382 413 415 229 410 402 400 279 397 417 295 201 362 418 285 268 205 243 398 411 224 396 195 146 215 332 270 164
187 187 489 853 818 840 462 419 239 365 414 457 527 364 366 160 362 308 367 290 589 331 464 329 230 461 322 1 248 158 60 207 218 458 260 125 368 74 88 142
60 60 615 818 644 432 555 759 297 253 427 616 205 325 309 204 323 422 589 630 696 367 166 371 215 195 238 657 227 483 335 327 426 618 187 321 280 20 184 223 168 296 326 330 491 529 337 333 396
74 74 334 427 325 249 277 422 251 253 215 227 335 426 321 327 153 187 326
203 203 737 605 382 413 414 229 388 415 410 258 402 400 279 397 417 295 369 201 418 268 285 416 205 243 398 411 57 288 396 401 146 195 270 332 224 167 34 272 261
76 76 880 450 474 331 256 185 336 300 329 168 68 306 98 391
78 78 491 179 558 444 341 430 339 121 772 655 531 694 119 357 4 38 407 379 137 359 426 39 648 194 20
79 79 432 449 120 459 431 334 434 299 344 283 200 292 452 221 358 427 235 439 196 205 325 170 422 323 380 418 347 138 409 448 421 367 166 411 178
210 210 136 150 211 220 190 226 247 265 286 290 206 48 228 250 293 233 239 252 264 255 214 281 275
83 83 558 405 219 446 315 283 200 436 221 417 358 439 356 196 308 323 217 387 105 418 319 288 409 277 294 212 421 240
340 340 457 558 445 341 105 192 177 772 655 531 694 371 381 648 185 313 631 646 87 326 230 300
88 88 429 476 366 160 368 292 436 439 325 319 421 251 195 404 407 215 38
89 89 303 249 38 483 399 194
92 92 388 302 263 368 316 249 217 387 57 26 251 305 404 199 119
225 225 589 432 209 299 344 377 364 49 323 422 418 818 602 421 240 297 371 253 526 227 335 327 280 326 343 296 223 168 87 34 146 333 337 332 181 287
353 353 593 453 478 352 434 442 377 349 452 171 356 348 448 347 357 237 175 346 394 354 379 39 355 256 378 20 313 443 343 376 87 152 298 351 345 24 127 28 84 245 441
355 355 612 350 478 352 349 344 442 452 171 356 647 347 348 448 357 237 175 346 394 256 378 443 343 376 354 345 336 298 232 351 24 127 84 353 152 70 186 153 54 441 94
103 103 454 585 350 222 170 533 249 217 409 277 178 251 199 121 404 529 407 167 483
108 108 228 469 480 466 423 475 479 477 289 234 318 36 476 320 176 246 445 198 446 315 283 299 366 292 295 160 316 436 254 417 452 358 235 196 285 294 288 268 277 409 319 380 217 367
109 109 559 432 476 514 693 358 170 409 422 381 215 483 359 426
111 111 605 459 447 49 132 430 268 105 8 277 319 178 119 357 4 195 38 39 331 399 375 378 20 173 271
112 112 412 410 258 402 400 279 397 295 201 417 436 285 243 268 418 205 398 237 411 396 195 146 215 332 224 164 270 260 383 403 34 321 261 272 45 401
125 125 514 812 605 465 386 370 206 231 459 395 416 373 169 302 374 369 284 559 303 362 430 450 249 375 305 57 372 26 371 398 304 65 81 394 38 300 13 331 173 3 193 187 63
119 119 499 95 675 49 647 138 8 121 4 38 39 20 118 137 51 1 310 43 291 111 53 298 130 124 602 132 78 257 17 54 120 0 70 142 86 106 440 52 612 7 163 140 135 71 14 16 69 110 92 129 148 141 131 11 618
249 249 303 59 52 35 89 125 74 15 2 62 186 103 31 96 91 92 113 141 21 150 117 148 77 14 130 100 40 29 69 41 107 11 66 25
122 122 602 236 219 149 241 202 262 292 675 188 254 235 204 277 526 589 240 199 238 259 102 278 194 242 157 271
379 379 348 237 357 346 381 378 353 291 351 24 42 15 78 101 70 186 37 154 85 54 47 23 93 449 91 10
124 124 178 302 387 26 119 167 483 426 164 102 383 185
253 253 325 227 321 259 326 280 60 313 223 181 168 337 296 270 485 153 273 287 225 298 207 351 162 260 191 6 82 174 2 74 274 72 133 79 432 148 145 128 19 44 150 41 83 100
