34 "[(0, 0), (173, 0)]"
107 "[(0, 0), (58, 0), (171, 0), (900, 0), (904, 0), (908, 0), (909, 0), (923, 0), (928, 0), (929, 0), (950, 0), (951, 0), (955, 0), (970, 0), (990, 0), (996, 0), (1023, 0), (1030, 0), (1031, 0), (1033, 0), (1043, 0), (1045, 0), (1050, 0), (1055, 0), (1061, 0), (1073, 0), (1077, 0), (1085, 0), (1087, 0), (1088, 0), (1098, 0), (1111, 0), (1136, 0), (1140, 0), (1144, 0), (1165, 0), (1171, 0), (1174, 0), (1178, 0), (1187, 0), (1193, 0), (1197, 0), (1203, 0), (1224, 0), (1251, 0), (1252, 0), (1254, 0), (1266, 0), (1274, 0), (1297, 0), (1307, 0), (1317, 0), (1325, 0), (1328, 0), (1360, 0), (1368, 0), (1384, 0), (1387, 0), (1410, 0), (1421, 0), (1433, 0), (1434, 0), (1441, 0), (1445, 0), (1450, 0), (1461, 0), (1465, 0), (1486, 0), (1494, 0), (1505, 0), (1511, 0), (1534, 0), (1544, 0), (1555, 0), (1564, 0), (1567, 0), (1577, 0), (1579, 0), (1585, 0), (1588, 0), (1593, 0), (1615, 0), (1641, 0), (1642, 0), (1656, 0), (1666, 0), (1676, 0), (1684, 1), (1687, 0), (1698, 0), (1701, 0), (1705, 0), (1708, 0), (1718, 0), (1719, 0), (1726, 0), (1758, 0), (1788, 0), (1803, 0), (1806, 0), (1822, 0), (1825, 0), (1838, 0), (1866, 0), (1889, 0), (1905, 0), (1908, 0)]"
1549 "[(171, 0), (1297, 0), (1387, 0)]"
348 "[(173, 0), (198, 0), (351, 0), (364, 0), (384, 0), (393, 0), (399, 0), (441, 0), (454, 0), (464, 0), (476, 0), (501, 0), (552, 0), (564, 0)]"
414 "[(173, 0)]"
427 "[(173, 0), (464, 0)]"
549 "[(173, 0), (198, 0)]"
649 "[(173, 0), (1023, 0)]"
350 "[(384, 0), (552, 0)]"
428 "[(1912, 0)]"
563 "[(1136, 0), (1687, 0), (1912, 0), (1967, 0)]"
567 "[(3437, 1), (3861, 1)]"
3626 "[(857, 1), (3437, 1)]"
3592 "[(862, 1), (1085, 0), (3437, 1), (3521, 1), (3677, 1), (3891, 1)]"
3779 "[(862, 1), (3437, 1), (3448, 1), (3503, 1), (3596, 1), (3609, 1), (3642, 1), (3750, 1), (3930, 1), (3938, 1)]"
3872 "[(862, 1), (1085, 0), (3437, 1), (3495, 1), (3550, 1), (3672, 1), (3684, 1), (3797, 1)]"
919 "[(900, 0)]"
1014 "[(900, 0)]"
1261 "[(900, 0)]"
1553 "[(900, 0), (1085, 0), (1098, 0), (1187, 0), (1274, 0), (1307, 0), (1360, 0), (1511, 0), (1555, 0), (1579, 0), (1615, 0), (1698, 0), (1806, 0), (1825, 0), (1908, 0)]"
1327 "[(908, 0), (951, 0), (1384, 0), (1656, 0), (1718, 0)]"
1337 "[(908, 0), (950, 0), (951, 0), (1045, 0), (1077, 0), (1360, 0), (1384, 0), (1441, 0), (1567, 0), (1585, 0), (1593, 0)]"
1518 "[(908, 0), (1085, 0), (1567, 0), (1866, 0)]"
1537 "[(908, 0), (950, 0), (1085, 0), (1567, 0), (1806, 0)]"
1436 "[(909, 0)]"
916 "[(1718, 0)]"
921 "[(1718, 0)]"
961 "[(923, 0), (1087, 0), (1088, 0), (1197, 0), (1505, 0)]"
1369 "[(923, 0), (1165, 0), (1178, 0), (1317, 0), (1461, 0), (1505, 0), (1656, 0), (1718, 0), (1726, 0)]"
925 "[(1718, 0)]"
973 "[(951, 0), (990, 0), (1178, 0), (1461, 0), (1505, 0), (1656, 0)]"
1161 "[(951, 0), (1656, 0)]"
1523 "[(951, 0), (1718, 0)]"
1540 "[(951, 0), (1088, 0), (1718, 0)]"
1618 "[(951, 0), (1577, 0), (1718, 0)]"
1702 "[(951, 0), (1077, 0), (1445, 0), (1465, 0), (1656, 0), (1718, 0), (1806, 0)]"
1852 "[(951, 0), (1656, 0), (1718, 0)]"
956 "[(1889, 0)]"
967 "[(1441, 0)]"
1847 "[(970, 0), (1085, 0), (1203, 0), (1360, 0), (1555, 0), (1567, 0), (1588, 0), (1698, 0), (1719, 0), (1803, 0), (1866, 0)]"
978 "[(1274, 0)]"
979 "[(1889, 0)]"
987 "[(1758, 0)]"
1419 "[(990, 0), (1165, 0), (1178, 0), (1684, 1), (1758, 0), (2813, 0), (2971, 0), (3034, 0), (3178, 0), (3410, 1), (3420, 1)]"
1674 "[(990, 0), (1023, 0), (1505, 0), (1534, 0), (1642, 0), (1758, 0)]"
1678 "[(990, 0), (1360, 0), (1387, 0), (1450, 0), (1555, 0), (1588, 0), (1726, 0)]"
991 "[(1165, 0), (1317, 0), (1505, 0), (1641, 0), (1701, 0), (1726, 0)]"
995 "[(1171, 0), (1274, 0), (1461, 0)]"
1860 "[(996, 0), (1434, 0), (1564, 0), (1585, 0)]"
1003 "[(1641, 0)]"
1008 "[(1073, 0), (1505, 0), (1708, 0)]"
1013 "[(1465, 0)]"
1016 "[(1889, 0)]"
1017 "[(1187, 0)]"
1861 "[(1023, 0), (1073, 0)]"
1028 "[(1718, 0)]"
1029 "[(1165, 0), (1171, 0), (1577, 0), (1687, 0)]"
1237 "[(1030, 0)]"
1697 "[(1033, 0), (1718, 0), (1806, 0)]"
1896 "[(1043, 0)]"
1048 "[(1450, 0)]"
1049 "[(1317, 0), (1534, 0)]"
1779 "[(1050, 0), (1055, 0), (1266, 0), (1434, 0), (1441, 0), (1544, 0), (1564, 0), (1585, 0), (1822, 0), (1905, 0)]"
1053 "[(1171, 0)]"
1431 "[(1055, 0), (1266, 0), (1434, 0), (1441, 0), (1544, 0), (1564, 0), (1585, 0), (1905, 0)]"
1513 "[(1055, 0), (1718, 0)]"
1058 "[(1077, 0), (1171, 0), (1642, 0)]"
1059 "[(1544, 0)]"
1528 "[(1073, 0), (1505, 0)]"
1074 "[(1171, 0), (1465, 0), (1577, 0)]"
1202 "[(1077, 0)]"
1858 "[(1077, 0), (1758, 0), (1908, 0)]"
1863 "[(1077, 0), (1718, 0)]"
1911 "[(1077, 0), (1718, 0)]"
1420 "[(1085, 0)]"
1283 "[(1087, 0), (1165, 0), (1384, 0), (1421, 0), (1505, 0), (1641, 0), (1803, 0)]"
1301 "[(1088, 0)]"
1123 "[(1585, 0)]"
1126 "[(1718, 0)]"
1138 "[(1266, 0), (1889, 0)]"
1173 "[(1140, 0), (1171, 0), (1534, 0), (1577, 0), (1698, 0)]"
1146 "[(1165, 0), (1726, 0)]"
1150 "[(1656, 0)]"
1151 "[(1171, 0)]"
1182 "[(1165, 0), (1171, 0), (1718, 0)]"
1561 "[(1165, 0), (1317, 0), (1360, 0), (1450, 0), (1505, 0), (1555, 0), (1656, 0)]"
1883 "[(1171, 0), (1465, 0)]"
1177 "[(1641, 0), (1889, 0)]"
1196 "[(1197, 0), (1718, 0)]"
1851 "[(1197, 0)]"
1240 "[(1203, 0), (1642, 0)]"
1218 "[(1593, 0), (1889, 0)]"
1232 "[(1593, 0)]"
1272 "[(1585, 0)]"
1289 "[(1577, 0)]"
1305 "[(1656, 0)]"
1312 "[(1544, 0), (1718, 0)]"
1334 "[(1718, 0)]"
1352 "[(1718, 0)]"
1361 "[(1465, 0), (1577, 0), (1718, 0)]"
1371 "[(1758, 0)]"
1376 "[(1718, 0)]"
1774 "[(1384, 0)]"
1403 "[(1889, 0)]"
1405 "[(1544, 0), (1684, 1), (2724, 1), (2752, 0), (2775, 1), (2869, 1), (2892, 1), (2962, 1), (3001, 1), (3019, 1), (3100, 1), (3162, 1), (3168, 1), (3233, 1), (3295, 1), (3304, 1), (3331, 1), (3366, 1), (3404, 1), (3406, 1), (3412, 1)]"
1411 "[(1450, 0)]"
1424 "[(1889, 0)]"
1460 "[(1434, 0), (1505, 0)]"
1590 "[(1434, 0), (1585, 0), (1718, 0)]"
1846 "[(1434, 0), (1718, 0)]"
1440 "[(1718, 0)]"
1792 "[(1450, 0), (1666, 0)]"
1452 "[(1593, 0)]"
1458 "[(1718, 0)]"
1483 "[(1465, 0)]"
1469 "[(1866, 0), (1889, 0)]"
1476 "[(1642, 0)]"
1477 "[(1505, 0), (1585, 0), (1641, 0), (1666, 0)]"
1480 "[(1666, 0), (1758, 0)]"
1485 "[(1718, 0)]"
1499 "[(1889, 0)]"
1552 "[(1505, 0), (1642, 0)]"
1509 "[(1718, 0)]"
1519 "[(1642, 0)]"
1522 "[(1718, 0)]"
1527 "[(1642, 0)]"
1533 "[(1758, 0)]"
1546 "[(1889, 0)]"
1562 "[(1889, 0)]"
1675 "[(1564, 0)]"
1784 "[(1593, 0)]"
1787 "[(1593, 0), (1758, 0)]"
1617 "[(1718, 0)]"
1621 "[(1718, 0)]"
1626 "[(1718, 0)]"
1817 "[(1641, 0), (1718, 0)]"
1670 "[(1642, 0), (1908, 0)]"
1663 "[(1718, 0)]"
1713 "[(1676, 0)]"
1769 "[(1718, 0)]"
1780 "[(1718, 0)]"
1782 "[(1718, 0)]"
1835 "[(1718, 0), (1758, 0)]"
1836 "[(1718, 0)]"
1909 "[(1718, 0)]"
1837 "[(1758, 0)]"
3454 "[(3437, 1), (3586, 1), (3605, 1), (3621, 1), (3642, 1), (3677, 1), (3693, 1), (3861, 1), (3880, 1)]"
3477 "[(3437, 1), (3651, 1), (3756, 1)]"
3487 "[(3437, 1), (3496, 1)]"
3504 "[(3437, 1), (3677, 1)]"
3515 "[(3437, 1), (3460, 1), (3506, 1), (3511, 1), (3555, 1), (3593, 1), (3706, 1), (3829, 1), (3855, 1)]"
3522 "[(3437, 1), (3438, 1), (3677, 1), (3930, 1)]"
3530 "[(3437, 1), (3511, 1)]"
3544 "[(3437, 1), (3674, 1)]"
3547 "[(3437, 1), (3496, 1), (3628, 1), (3677, 1), (3684, 1), (3693, 1), (3747, 1), (3750, 1)]"
3548 "[(3437, 1), (3495, 1), (3661, 1), (3737, 1), (3908, 1), (3948, 1)]"
3551 "[(3437, 1), (3496, 1), (3525, 1)]"
3565 "[(3437, 1), (3756, 1)]"
3566 "[(3437, 1), (3511, 1), (3549, 1), (3662, 1), (3780, 1)]"
3575 "[(3437, 1), (3672, 1)]"
3589 "[(3437, 1)]"
3610 "[(3437, 1), (3532, 1), (3674, 1), (3764, 1), (3927, 1)]"
3637 "[(3437, 1), (3756, 1)]"
3659 "[(3437, 1), (3642, 1), (3930, 1)]"
3660 "[(3437, 1), (3780, 1), (3870, 1)]"
3671 "[(3437, 1), (3499, 1), (3511, 1), (3768, 1), (3793, 1), (3821, 1)]"
3673 "[(3437, 1), (3612, 1)]"
3723 "[(3437, 1)]"
3732 "[(3437, 1)]"
3767 "[(3437, 1), (3470, 1), (3532, 1), (3555, 1), (3764, 1), (3782, 1), (3803, 1), (3829, 1), (3927, 1)]"
3770 "[(3437, 1), (3459, 1), (3511, 1), (3524, 1), (3534, 1), (3602, 1), (3604, 1), (3719, 1), (3768, 1)]"
3772 "[(3437, 1), (3756, 1), (3968, 1)]"
3775 "[(3437, 1), (3496, 1), (3895, 1)]"
3805 "[(3437, 1), (3440, 1), (3449, 1)]"
3808 "[(3437, 1)]"
3839 "[(3437, 1), (3586, 1), (3677, 1)]"
3847 "[(3437, 1), (3674, 1), (3677, 1)]"
3882 "[(3437, 1), (3680, 1), (3792, 1)]"
3888 "[(3437, 1), (3674, 1), (3677, 1)]"
3893 "[(3437, 1), (3584, 1), (3612, 1), (3825, 1), (3836, 1)]"
3897 "[(3437, 1), (3661, 1), (3908, 1)]"
3916 "[(3437, 1), (3891, 1)]"
3925 "[(3437, 1)]"
3941 "[(3437, 1), (3442, 1), (3612, 1), (3645, 1), (3930, 1)]"
3950 "[(3437, 1), (3525, 1), (3550, 1), (3750, 1), (3796, 1), (3841, 1)]"
3953 "[(3437, 1)]"
3958 "[(3437, 1), (3506, 1), (3558, 1), (3680, 1), (3826, 1), (3951, 1)]"
3961 "[(3437, 1)]"
3979 "[(3437, 1), (3674, 1)]"
