3 1.0 0.8333333333333334 0.75 0.6190476190476191 0.6153846153846154 0.5625 0.4883720930232558 0.48936170212765956 0.5172413793103449 0.45454545454545453 0.4722222222222222 0.43209876543209874 0.40229885057471265 0.3 0.24561403508771928 0.2413793103448276 0.2396694214876033 0.23577235772357724 0.24324324324324326 0.24770642201834864 0.3404255319148936 0.3333333333333333 0.41025641025641024 0.42105263157894735 0.5454545454545454 0.6226415094339622 0.7209302325581395 0.875 0.92 1.0 1.0 1
4 1.0 0.8 0.6470588235294118 0.68 0.5555555555555556 0.42857142857142855 0.5272727272727272 0.5087719298245614 0.5161290322580645 0.5466666666666666 0.5238095238095238 0.46938775510204084 0.43119266055045874 0.371900826446281 0.36585365853658536 0.36134453781512604 0.36752136752136755 0.35714285714285715 0.4639175257731959 0.4725274725274725 0.47126436781609193 0.5 0.4722222222222222 0.5 0.4444444444444444 0.5909090909090909 0.696969696969697 0.7692307692307693 0.8888888888888888 1.0 1.0 1
6 1.0 0.8461538461538461 0.6470588235294118 0.68 0.6875 0.6818181818181818 0.6 0.5588235294117647 0.569620253164557 0.5483870967741935 0.5102040816326531 0.44954128440366975 0.3898305084745763 0.36585365853658536 0.39823008849557523 0.3888888888888889 0.3786407766990291 0.36082474226804123 0.4146341463414634 0.46153846153846156 0.4594594594594595 0.47058823529411764 0.45161290322580644 0.4482758620689655 0.4642857142857143 0.5652173913043478 0.65 0.7575757575757576 0.8064516129032258 0.9047619047619048 1.0 1
7 1.0 0.8181818181818182 0.75 0.6521739130434783 0.6774193548387096 0.5555555555555556 0.44680851063829785 0.5161290322580645 0.49295774647887325 0.4588235294117647 0.422680412371134 0.4 0.3793103448275862 0.35537190082644626 0.36752136752136755 0.3805309734513274 0.36936936936936937 0.3644859813084112 0.44 0.4583333333333333 0.4588235294117647 0.46987951807228917 0.4358974358974359 0.5223880597014925 0.5789473684210527 0.6595744680851063 0.7142857142857143 0.7241379310344828 0.7777777777777778 0.8571428571428571 1.0 1
8 1.0 0.75 0.5714285714285714 0.6190476190476191 0.5882352941176471 0.55 0.4666666666666667 0.5172413793103449 0.5238095238095238 0.5135135135135135 0.4318181818181818 0.3763440860215054 0.3684210526315789 0.3269230769230769 0.3148148148148148 0.2982456140350877 0.26229508196721313 0.28695652173913044 0.2920353982300885 0.34579439252336447 0.42 0.45263157894736844 0.46236559139784944 0.5061728395061729 0.5652173913043478 0.6666666666666666 0.7391304347826086 0.8333333333333334 0.8461538461538461 1.0 1.0 1
11 1.0 0.8 0.75 0.5652173913043478 0.47058823529411764 0.5416666666666666 0.5 0.47540983606557374 0.45454545454545453 0.41333333333333333 0.38636363636363635 0.34 0.3269230769230769 0.3090909090909091 0.3157894736842105 0.25 0.24786324786324787 0.23893805309734514 0.2549019607843137 0.26 0.2653061224489796 0.3493975903614458 0.45714285714285713 0.5333333333333333 0.5 0.5185185185185185 0.5714285714285714 0.6875 0.8095238095238095 0.8571428571428571 1.0 1
12 1.0 0.875 0.8333333333333334 0.6551724137931034 0.5428571428571428 0.42857142857142855 0.5 0.47692307692307695 0.45454545454545453 0.4222222222222222 0.36633663366336633 0.32075471698113206 0.2972972972972973 0.3008130081300813 0.29411764705882354 0.29914529914529914 0.3274336283185841 0.32710280373831774 0.33980582524271846 0.31313131313131315 0.31958762886597936 0.4146341463414634 0.4084507042253521 0.5081967213114754 0.5254237288135594 0.4909090909090909 0.5833333333333334 0.7142857142857143 0.8064516129032258 0.9047619047619048 1.0 1
16 1.0 0.8181818181818182 0.7777777777777778 0.7037037037037037 0.65 0.5925925925925926 0.5517241379310345 0.5 0.4411764705882353 0.4246575342465753 0.37662337662337664 0.3409090909090909 0.3333333333333333 0.32653061224489793 0.3090909090909091 0.30434782608695654 0.29508196721311475 0.2972972972972973 0.2830188679245283 0.28846153846153844 0.2653061224489796 0.36470588235294116 0.4246575342465753 0.4084507042253521 0.40298507462686567 0.46153846153846156 0.5714285714285714 0.6571428571428571 0.76 0.8571428571428571 1.0 1
18 1.0 0.8666666666666667 0.7894736842105263 0.75 0.7647058823529411 0.7073170731707317 0.6595744680851063 0.6226415094339622 0.5555555555555556 0.4647887323943662 0.3902439024390244 0.3402061855670103 0.32673267326732675 0.3565217391304348 0.3445378151260504 0.32231404958677684 0.3217391304347826 0.34545454545454546 0.3877551020408163 0.4588235294117647 0.5189873417721519 0.5405405405405406 0.6307692307692307 0.6666666666666666 0.673469387755102 0.7333333333333333 0.6923076923076923 0.7297297297297297 0.7931034482758621 0.8888888888888888 1.0 1
20 1.0 0.8461538461538461 0.7894736842105263 0.6666666666666666 0.6410256410256411 0.5454545454545454 0.5357142857142857 0.5072463768115942 0.475 0.49473684210526314 0.43137254901960786 0.4205607476635514 0.39285714285714285 0.38596491228070173 0.36666666666666664 0.3333333333333333 0.36363636363636365 0.3584905660377358 0.3473684210526316 0.34065934065934067 0.3411764705882353 0.30864197530864196 0.36231884057971014 0.45161290322580644 0.4666666666666667 0.56 0.6410256410256411 0.7419354838709677 0.84 0.8666666666666667 1.0 1
25 1.0 0.8571428571428571 0.8095238095238095 0.7241379310344828 0.6410256410256411 0.6470588235294118 0.6451612903225806 0.5342465753424658 0.5348837209302325 0.4583333333333333 0.45794392523364486 0.4098360655737705 0.38333333333333336 0.41284403669724773 0.4230769230769231 0.43137254901960786 0.43820224719101125 0.4117647058823529 0.4473684210526316 0.4594594594594595 0.45454545454545453 0.5333333333333333 0.6071428571428571 0.6153846153846154 0.7446808510638298 0.7619047619047619 0.7894736842105263 0.8787878787878788 0.8947368421052632 1.0 1.0 1
38 1.0 0.8666666666666667 0.8 0.7272727272727273 0.7058823529411765 0.6666666666666666 0.6140350877192983 0.5714285714285714 0.55 0.5434782608695652 0.5145631067961165 0.42105263157894735 0.4117647058823529 0.4336283185840708 0.44761904761904764 0.49473684210526314 0.5280898876404494 0.5238095238095238 0.5365853658536586 0.5466666666666666 0.5625 0.6206896551724138 0.6428571428571429 0.6923076923076923 0.7272727272727273 0.7948717948717948 0.8181818181818182 0.7931034482758621 0.9166666666666666 0.8181818181818182 1.0 1
14 1.0 0.6666666666666666 0.7647058823529411 0.6428571428571429 0.6744186046511628 0.6666666666666666 0.6491228070175439 0.65625 0.5945945945945946 0.5609756097560976 0.5053763440860215 0.4766355140186916 0.4594594594594595 0.43089430894308944 0.415929203539823 0.42342342342342343 0.42574257425742573 0.45263157894736844 0.5121951219512195 0.5263157894736842 0.5294117647058824 0.5161290322580645 0.5087719298245614 0.5272727272727272 0.6 0.6744186046511628 0.7837837837837838 0.8787878787878788 1.0 1.0 1.0 1
29 1.0 0.9047619047619048 0.7857142857142857 0.6842105263157895 0.5909090909090909 0.46153846153846156 0.40298507462686567 0.3670886075949367 0.35555555555555557 0.3333333333333333 0.3269230769230769 0.32075471698113206 0.3162393162393162 0.29508196721311475 0.2903225806451613 0.26666666666666666 0.2523364485981308 0.2621359223300971 0.3191489361702128 0.36363636363636365 0.375 0.42424242424242425 0.4666666666666667 0.5319148936170213 0.5813953488372093 0.6842105263157895 0.7575757575757576 0.7272727272727273 0.7647058823529411 1.0 1.0 1
15 1.0 0.6666666666666666 0.6470588235294118 0.6428571428571429 0.6744186046511628 0.6470588235294118 0.6428571428571429 0.6 0.6111111111111112 0.5476190476190477 0.5157894736842106 0.48148148148148145 0.4262295081967213 0.4482758620689655 0.4727272727272727 0.49056603773584906 0.5247524752475248 0.5157894736842106 0.5 0.5584415584415584 0.5733333333333334 0.5714285714285714 0.6206896551724138 0.7037037037037037 0.75 0.7209302325581395 0.7837837837837838 0.8518518518518519 0.8260869565217391 0.9047619047619048 1.0 1
43 1.0 0.8823529411764706 0.8461538461538461 0.7647058823529411 0.6888888888888889 0.6206896551724138 0.5555555555555556 0.5476190476190477 0.5531914893617021 0.5192307692307693 0.4608695652173913 0.4426229508196721 0.4608695652173913 0.46153846153846156 0.47058823529411764 0.4845360824742268 0.5268817204301075 0.5172413793103449 0.5443037974683544 0.589041095890411 0.6176470588235294 0.6226415094339622 0.6170212765957447 0.7209302325581395 0.7560975609756098 0.8285714285714286 0.8181818181818182 0.7931034482758621 0.75 0.8181818181818182 1.0 1
50 1.0 0.8823529411764706 0.7391304347826086 0.5555555555555556 0.5151515151515151 0.47368421052631576 0.44680851063829785 0.45454545454545453 0.4626865671641791 0.4936708860759494 0.44086021505376344 0.422680412371134 0.37037037037037035 0.3445378151260504 0.33884297520661155 0.3275862068965517 0.3394495412844037 0.34615384615384615 0.42857142857142855 0.4418604651162791 0.4523809523809524 0.4634146341463415 0.42857142857142855 0.5142857142857142 0.5 0.5918367346938775 0.5555555555555556 0.6923076923076923 0.8064516129032258 0.9 1.0 1
22 1.0 0.8888888888888888 0.8333333333333334 0.6666666666666666 0.6571428571428571 0.6 0.6 0.574468085106383 0.5357142857142857 0.4782608695652174 0.4520547945205479 0.43529411764705883 0.42857142857142855 0.39215686274509803 0.34513274336283184 0.3162393162393162 0.3114754098360656 0.288135593220339 0.308411214953271 0.26 0.2653061224489796 0.36470588235294116 0.44 0.5333333333333333 0.5 0.5185185185185185 0.5714285714285714 0.6875 0.8095238095238095 0.8571428571428571 1.0 1
36 1.0 0.8181818181818182 0.8095238095238095 0.75 0.6818181818181818 0.6551724137931034 0.6190476190476191 0.5833333333333334 0.5789473684210527 0.5641025641025641 0.5056179775280899 0.44 0.3888888888888889 0.39285714285714285 0.38461538461538464 0.4117647058823529 0.41509433962264153 0.4230769230769231 0.4838709677419355 0.5421686746987951 0.5641025641025641 0.5555555555555556 0.5789473684210527 0.6 0.6818181818181818 0.7142857142857143 0.7894736842105263 0.875 0.92 0.9047619047619048 1.0 1
33 1.0 0.8947368421052632 0.8461538461538461 0.8 0.75 0.7058823529411765 0.7 0.6 0.6071428571428571 0.53125 0.4594594594594595 0.4634146341463415 0.46236559139784944 0.38461538461538464 0.3805309734513274 0.34959349593495936 0.44954128440366975 0.4423076923076923 0.43478260869565216 0.46511627906976744 0.47619047619047616 0.4794520547945205 0.4666666666666667 0.5319148936170213 0.6190476190476191 0.6129032258064516 0.6153846153846154 0.6190476190476191 0.8823529411764706 1.0 1.0 1
55 1.0 0.8 0.5714285714285714 0.6 0.5151515151515151 0.47368421052631576 0.5294117647058824 0.47692307692307695 0.4492753623188406 0.41025641025641024 0.4 0.3902439024390244 0.4 0.4020618556701031 0.37037037037037035 0.35 0.3333333333333333 0.3333333333333333 0.39622641509433965 0.4105263157894737 0.37777777777777777 0.38636363636363635 0.37349397590361444 0.47058823529411764 0.4375 0.46153846153846156 0.5714285714285714 0.6571428571428571 0.7777777777777778 0.8823529411764706 1.0 1
57 1.0 0.75 0.5714285714285714 0.5555555555555556 0.6 0.5652173913043478 0.5416666666666666 0.5636363636363636 0.5 0.4594594594594595 0.4358974358974359 0.40229885057471265 0.391304347826087 0.36082474226804123 0.3761467889908257 0.3504273504273504 0.3 0.3217391304347826 0.36538461538461536 0.3763440860215054 0.4939759036144578 0.5789473684210527 0.59375 0.5862068965517241 0.6071428571428571 0.7083333333333334 0.7894736842105263 0.875 0.9047619047619048 1.0 1.0 1
45 1.0 0.8666666666666667 0.7 0.6363636363636364 0.6097560975609756 0.5636363636363636 0.5223880597014925 0.49295774647887325 0.4634146341463415 0.41935483870967744 0.3939393939393939 0.36538461538461536 0.35185185185185186 0.34959349593495936 0.36666666666666664 0.3620689655172414 0.3684210526315789 0.39805825242718446 0.40594059405940597 0.38144329896907214 0.3626373626373626 0.37209302325581395 0.43243243243243246 0.373134328358209 0.4642857142857143 0.5510204081632653 0.6410256410256411 0.7241379310344828 0.7777777777777778 0.8571428571428571 1.0 1
46 1.0 0.8 0.7333333333333333 0.7142857142857143 0.6666666666666666 0.625 0.5555555555555556 0.5102040816326531 0.42857142857142855 0.373134328358209 0.38666666666666666 0.3793103448275862 0.3673469387755102 0.3394495412844037 0.3387096774193548 0.40350877192982454 0.43119266055045874 0.4563106796116505 0.4583333333333333 0.5238095238095238 0.4936708860759494 0.5064935064935064 0.5342465753424658 0.6 0.6206896551724138 0.574468085106383 0.7297297297297297 0.6875 0.8095238095238095 0.8571428571428571 1.0 1
23 1.0 0.875 0.75 0.6470588235294118 0.5555555555555556 0.5 0.40298507462686567 0.325 0.3170731707317073 0.30952380952380953 0.25 0.24 0.2571428571428571 0.24786324786324787 0.256198347107438 0.2413793103448276 0.24561403508771928 0.3018867924528302 0.32 0.3626373626373626 0.40229885057471265 0.47368421052631576 0.5555555555555556 0.6140350877192983 0.6538461538461539 0.6585365853658537 0.7222222222222222 0.8125 0.8888888888888888 0.8333333333333334 1.0 1
26 1.0 0.8571428571428571 0.7777777777777778 0.7058823529411765 0.6363636363636364 0.5384615384615384 0.5357142857142857 0.4626865671641791 0.4146341463414634 0.425531914893617 0.34615384615384615 0.3577981651376147 0.3333333333333333 0.391304347826087 0.40540540540540543 0.41284403669724773 0.3786407766990291 0.38144329896907214 0.3978494623655914 0.4878048780487805 0.5128205128205128 0.5652173913043478 0.59375 0.660377358490566 0.6444444444444445 0.627906976744186 0.6756756756756757 0.8125 0.9259259259259259 1.0 1.0 1
27 1.0 0.8571428571428571 0.75 0.6774193548387096 0.5609756097560976 0.46153846153846156 0.40298507462686567 0.3670886075949367 0.35802469135802467 0.3493975903614458 0.25 0.24 0.25 0.24786324786324787 0.256198347107438 0.2413793103448276 0.2962962962962963 0.3018867924528302 0.3402061855670103 0.3626373626373626 0.4117647058823529 0.4567901234567901 0.4857142857142857 0.543859649122807 0.5769230769230769 0.7021276595744681 0.7674418604651163 0.7931034482758621 0.9166666666666666 1.0 1.0 1
28 1.0 0.8823529411764706 0.76 0.6571428571428571 0.6170212765957447 0.5471698113207547 0.4375 0.3670886075949367 0.35802469135802467 0.2553191489361702 0.25 0.25925925925925924 0.25663716814159293 0.24786324786324787 0.23333333333333334 0.2413793103448276 0.24561403508771928 0.3465346534653465 0.4444444444444444 0.4878048780487805 0.5068493150684932 0.5223880597014925 0.5 0.5384615384615384 0.6086956521739131 0.6585365853658537 0.7297297297297297 0.875 0.9259259259259259 1.0 1.0 1
30 1.0 0.8666666666666667 0.8181818181818182 0.75 0.6842105263157895 0.5652173913043478 0.5081967213114754 0.4166666666666667 0.39759036144578314 0.3684210526315789 0.308411214953271 0.30275229357798167 0.2972972972972973 0.22580645161290322 0.23333333333333334 0.2413793103448276 0.2962962962962963 0.3018867924528302 0.32 0.3953488372093023 0.42857142857142855 0.42424242424242425 0.45454545454545453 0.5238095238095238 0.5675675675675675 0.625 0.6153846153846154 0.8181818181818182 0.8888888888888888 1.0 1.0 1
32 1.0 0.8333333333333334 0.7894736842105263 0.76 0.7241379310344828 0.6216216216216216 0.5319148936170213 0.45161290322580644 0.3698630136986301 0.38823529411764707 0.3402061855670103 0.3333333333333333 0.25 0.24786324786324787 0.23333333333333334 0.2413793103448276 0.2897196261682243 0.32673267326732675 0.3684210526315789 0.3763440860215054 0.4117647058823529 0.43243243243243246 0.4782608695652174 0.5357142857142857 0.6 0.7 0.6153846153846154 0.7272727272727273 0.8888888888888888 1.0 1.0 1
52 1.0 0.6666666666666666 0.75 0.7272727272727273 0.7297297297297297 0.6818181818181818 0.6551724137931034 0.625 0.5942028985507246 0.5324675324675324 0.47126436781609193 0.4375 0.38317757009345793 0.3805309734513274 0.36585365853658536 0.3728813559322034 0.41509433962264153 0.45098039215686275 0.42857142857142855 0.46153846153846156 0.47368421052631576 0.5428571428571428 0.5757575757575758 0.59375 0.5686274509803921 0.627906976744186 0.7368421052631579 0.8709677419354839 0.9 0.875 1.0 1
49 1.0 0.6666666666666666 0.6666666666666666 0.6923076923076923 0.7073170731707317 0.6862745098039216 0.6428571428571429 0.6129032258064516 0.5492957746478874 0.5 0.4772727272727273 0.47368421052631576 0.45794392523364486 0.44642857142857145 0.41379310344827586 0.4166666666666667 0.4017094017094017 0.44642857142857145 0.45454545454545453 0.49514563106796117 0.5434782608695652 0.5632183908045977 0.5789473684210527 0.625 0.7241379310344828 0.75 0.8333333333333334 0.8571428571428571 0.9375 1.0 1.0 1
