106 106 114 110 46 115 116 108 113 41 104 178 109 175 183 49 112 31 142 196 182 177 127 147 195 157 153 111 9 192 98 34 77 191 164 165 171 60 144 20 194 55 161 179 151 187 67 52 168 132 150 80 190 163 160 167 173 117 146 28 148 48 50 152 158 159 166 169 170 172 18 180 107 137 8 118 129 154 74 64 135 188 193 10 149 184 95 174 155 162 124 134 189 197 139 97 99 156 128 122 35 176 120 133 181 131 121 141 123 130 73 33 185 186 136 21 27 126 85 125 119 44 145 16 43 140 86 143 138
107 107 141 121 145 119 44 140 18 123 130 86 143 138 108 144 139 125 131 16 43 85 126 135 133 95 142 136 128 137 99 55 73 129 104 132 35 134 10 189 197 64 97 188 193 118 116 179 106 154 194 74 127 21 195 112 180 174 196 183 120 49 109 9 171 155 162 173 31 187 111 176 192 168 149 161 122 46 34 27 191 98 181 151 124 147 175 8 177 153 163 150 114 156 164 67 157 146 178 60 182 165 41 33 52 113 185 186 184 80 190 115 110 160 167 117 28 148 48 50 152 158 159 166 169 170 172 77 20
108 108 106 153 194 49 137 157 114 20 151 46 110 107 145 147 52 80 190 180 161 16 41 121 141 179 160 167 144 115 163 125 9 116 184 149 60 139 43 146 117 119 44 175 28 148 48 50 152 158 159 166 169 170 172 104 113 142 177 131 178 129 8 126 132 67 118 173 124 182 18 35 165 95 168 134 140 187 189 197 34 155 162 77 123 191 127 174 195 98 171 130 156 109 181 176 183 135 138 10 164 150 99 112 196 33 73 154 185 186 64 74 188 193 55 27 86 21 111 136 192 120 128 122 85 97 143 31 133
31 31 34 18 183 177 64 188 193 175 135 8 142 173 109 129 128 9 113 104 106 191 132 164 171 21 127 111 195 192 112 196 139 134 110 189 197 115 141 176 118 41 138 187 131 179 44 49 144 123 114 67 27 182 98 95 156 150 181 147 163 55 77 165 124 116 43 99 126 125 174 60 86 130 52 85 10 161 80 190 107 145 140 178 154 74 184 143 35 180 46 33 137 122 185 186 133 136 194 146 153 149 120 160 167 97 16 157 108 117 28 148 48 50 152 158 159 166 169 170 172 73 151 20 121 155 162 168 119
41 41 175 106 153 191 127 195 115 112 196 187 114 194 20 182 124 157 67 110 147 46 60 151 108 52 164 80 190 161 171 113 181 116 174 178 176 183 98 149 180 160 167 16 144 8 49 109 184 31 135 34 137 142 118 117 125 28 148 48 50 152 158 159 166 169 170 172 131 74 104 177 150 173 43 163 123 146 9 154 179 122 132 130 55 129 143 111 192 95 128 18 145 126 85 121 165 134 77 97 64 189 197 136 188 193 27 133 35 141 10 33 185 186 21 120 99 155 162 168 119 44 139 138 107 156 86 140 73
46 46 178 106 153 132 194 137 182 115 114 20 141 151 77 108 157 165 113 110 163 161 67 16 146 145 180 43 41 177 175 35 116 109 99 9 118 125 149 126 49 112 127 196 183 195 173 164 104 191 144 8 187 147 120 150 129 171 142 10 124 174 134 98 189 197 60 34 131 181 143 133 74 27 55 111 86 176 192 168 52 95 119 128 156 80 190 117 138 160 167 122 64 31 28 148 48 50 152 158 159 166 169 170 172 139 188 193 140 21 97 130 179 155 162 18 121 154 136 184 123 107 135 85 73 33 185 186 44
49 49 157 147 179 108 146 144 131 139 177 175 8 173 142 118 9 153 129 104 127 195 164 106 171 132 191 21 115 110 180 134 135 116 111 189 197 113 192 194 187 141 41 182 176 109 20 64 188 193 31 114 178 46 183 67 125 126 34 161 163 77 151 95 43 55 150 52 128 80 190 149 145 138 98 107 16 184 27 140 156 154 181 137 124 99 112 18 196 120 122 130 85 60 160 167 136 174 33 185 186 143 73 86 10 121 165 74 133 35 117 28 148 48 50 152 158 159 166 169 170 172 119 44 123 155 162 168 97
52 52 80 190 184 160 167 60 163 77 151 165 34 116 161 144 180 113 108 146 177 175 41 149 16 43 33 126 185 186 178 142 153 135 173 8 67 191 194 129 136 137 109 183 112 104 182 115 196 164 127 35 195 118 171 125 9 132 95 134 55 21 189 197 150 187 106 20 122 176 157 179 74 46 10 124 111 138 131 174 192 120 49 97 139 130 110 181 155 162 98 99 133 27 147 73 18 143 154 128 31 156 64 188 193 114 86 85 145 119 123 140 107 121 117 28 148 48 50 152 158 159 166 169 170 172 44 141 168
109 109 34 18 183 177 8 175 142 173 55 129 191 106 113 171 132 164 31 137 127 195 115 168 134 122 189 197 141 111 27 114 192 77 116 187 145 194 46 179 95 67 147 112 135 182 41 49 196 163 43 21 150 125 165 131 110 9 149 176 33 185 186 99 118 107 139 184 64 180 10 188 193 108 124 151 144 174 143 60 128 52 178 80 190 74 120 86 140 181 85 130 133 153 121 138 156 136 161 35 160 167 104 126 73 16 146 123 157 154 117 28 148 48 50 152 158 159 166 169 170 172 119 44 98 20 155 162 97
110 110 9 106 114 115 161 150 46 117 28 148 48 50 152 158 159 166 169 170 172 131 116 108 64 113 188 193 41 160 167 157 168 121 49 60 147 163 137 20 155 162 31 21 98 178 122 176 191 134 194 165 189 197 183 142 104 175 182 111 18 127 192 177 195 124 187 144 119 44 156 109 173 179 153 171 139 164 154 34 151 77 123 180 120 8 112 52 86 196 80 190 129 133 145 140 132 146 130 174 67 181 99 136 55 138 97 85 125 184 126 74 141 143 135 128 73 16 43 149 118 95 33 185 186 107 10 27 35
111 111 192 179 34 165 123 183 154 150 131 180 125 139 64 177 188 193 8 175 173 142 128 129 9 109 149 191 113 106 132 137 171 49 164 134 10 189 197 178 95 127 43 195 194 44 112 110 196 174 144 187 31 115 120 141 118 27 147 135 153 181 124 99 133 35 114 55 46 126 122 41 85 176 74 97 77 163 116 161 182 21 138 18 67 145 156 60 104 98 108 73 16 136 107 86 157 151 33 52 185 186 80 190 146 121 160 167 143 140 130 117 28 148 48 50 152 158 159 166 169 170 172 119 184 20 155 162 168
104 104 98 139 85 55 118 128 136 106 153 97 10 95 74 134 189 197 168 31 49 174 194 155 162 133 120 157 179 114 20 99 135 67 124 108 154 21 176 86 181 116 18 143 27 129 122 73 123 173 125 130 145 138 191 119 110 183 180 137 46 107 34 175 151 156 161 41 147 132 187 33 52 185 186 142 165 184 80 190 146 64 126 188 193 150 177 35 9 163 16 121 131 182 160 167 111 192 149 144 60 164 171 115 77 140 8 117 28 148 48 50 152 158 159 166 169 170 172 43 127 112 195 196 44 109 113 141 178
112 112 196 60 130 183 154 161 74 150 41 126 175 64 188 193 178 8 142 191 35 129 115 113 171 182 95 106 67 137 127 77 195 173 10 131 85 9 149 145 44 109 120 187 134 122 165 174 179 189 197 31 111 46 192 118 194 133 97 18 114 136 124 180 143 146 147 86 116 164 135 43 125 151 55 181 49 99 139 144 108 177 110 138 153 73 107 176 128 52 80 190 98 27 34 16 132 157 140 163 33 20 104 185 186 121 160 167 156 123 117 28 148 48 50 152 158 159 166 169 170 172 21 119 141 184 155 162 168
113 113 183 178 177 142 106 164 182 127 195 115 173 171 114 77 46 165 109 110 116 147 187 67 146 31 52 80 190 112 196 41 144 60 34 175 111 160 167 192 95 132 179 108 49 191 131 18 117 28 148 48 50 152 158 159 166 169 170 172 184 157 43 163 8 122 149 20 141 137 124 150 176 161 21 55 156 194 135 121 139 129 154 134 64 189 197 188 193 151 153 125 128 181 155 162 104 180 123 145 174 138 133 130 85 143 98 9 86 168 126 97 119 44 27 74 107 16 120 35 140 118 10 33 185 186 73 99 136
114 114 106 110 115 46 117 28 148 48 50 152 158 159 166 169 170 172 116 108 113 41 168 160 167 121 157 20 155 162 60 98 163 147 178 119 44 104 156 109 18 142 171 175 183 164 144 153 9 127 195 165 182 49 161 151 77 194 177 123 112 31 154 196 86 139 130 191 187 150 137 131 97 64 99 8 188 193 67 140 111 34 55 179 173 192 132 146 129 74 136 180 138 125 124 73 126 141 122 85 145 16 43 52 80 190 176 133 134 149 189 197 128 184 135 107 174 33 118 185 186 181 21 95 10 143 35 27 120
115 115 178 175 106 182 127 195 191 114 67 46 77 113 41 165 110 187 147 164 146 171 112 109 196 117 144 28 148 48 50 152 158 159 166 169 170 172 116 183 108 8 60 177 131 49 157 160 167 31 43 118 173 142 163 149 34 168 121 111 192 18 153 52 80 190 122 180 124 135 194 9 20 155 162 134 137 98 189 197 150 136 132 179 104 161 64 188 193 154 176 181 119 44 95 130 129 151 74 139 133 184 123 174 141 156 125 85 21 27 126 86 143 120 99 55 107 145 16 128 138 140 97 10 35 33 185 186 73
116 116 144 142 55 106 168 114 124 171 110 113 180 52 187 80 190 181 176 174 98 184 135 182 160 167 41 115 108 33 185 186 109 49 60 127 46 195 147 117 28 148 48 50 152 158 159 166 169 170 172 104 77 164 123 138 157 183 129 163 121 97 146 143 128 18 20 156 27 34 139 74 175 165 134 120 189 197 179 122 107 191 177 130 137 85 178 141 16 145 155 162 31 132 21 194 133 153 10 112 173 150 151 196 95 131 161 67 99 119 44 111 86 192 125 9 140 8 154 73 35 126 64 149 188 193 43 136 118
117 117 28 148 48 50 152 158 159 166 169 170 172 168 160 167 121 114 20 155 162 157 163 60 98 156 147 119 44 110 164 171 151 77 165 18 97 86 123 115 161 99 154 130 140 150 73 144 74 138 146 64 131 188 193 125 139 136 116 108 153 16 43 149 113 41 142 126 33 194 185 186 106 127 195 46 55 178 137 129 182 135 187 128 9 122 8 133 180 132 95 85 124 118 176 21 143 173 134 35 189 197 177 191 184 174 67 145 181 183 10 120 104 175 109 179 141 27 49 112 31 34 196 111 192 52 80 190 107
16 16 67 153 194 137 27 20 151 181 124 157 46 180 35 107 174 108 161 145 175 178 52 136 80 190 156 10 121 182 98 176 187 41 184 160 167 155 162 141 97 73 138 165 125 77 191 163 123 149 33 99 185 186 117 74 43 28 148 48 50 152 158 159 166 169 170 172 116 119 44 115 34 95 126 60 146 134 49 168 189 197 139 179 31 109 129 104 118 183 112 150 196 111 192 143 147 144 154 140 133 55 132 135 9 113 110 114 64 188 193 18 164 120 130 173 86 177 128 171 131 122 142 85 21 106 127 195 8
18 18 109 95 31 183 145 107 34 121 179 141 142 97 130 117 28 148 48 50 152 158 159 166 169 170 172 129 86 119 44 138 177 171 175 8 113 125 114 164 168 173 143 155 162 160 167 140 163 64 188 193 73 134 110 189 197 147 60 116 132 98 157 135 126 85 139 104 156 191 106 55 99 77 115 123 137 35 10 20 41 151 27 154 136 133 52 49 161 74 165 144 80 190 178 108 127 112 128 195 196 131 194 150 184 67 149 46 33 9 185 186 180 146 122 174 181 153 187 16 43 21 124 111 176 192 182 118 120
118 118 74 64 188 193 175 133 135 132 191 10 104 21 137 44 141 49 27 174 176 67 156 85 99 163 154 98 181 139 35 194 31 46 115 128 112 122 196 136 55 109 111 192 107 145 151 97 138 157 124 183 73 180 131 144 43 108 120 41 134 52 189 197 95 80 190 150 9 155 162 168 161 140 147 177 121 16 160 167 173 187 129 130 184 164 110 179 117 28 148 48 50 152 158 159 166 169 170 172 86 20 119 153 8 77 34 182 114 143 165 127 60 149 195 171 146 113 126 116 106 33 185 186 142 18 123 125 178
21 21 176 156 138 177 139 133 55 128 9 35 118 132 173 164 168 122 99 141 31 49 120 135 27 181 124 110 154 174 191 10 150 74 109 104 163 73 98 95 137 146 123 67 140 134 143 189 197 86 97 116 46 113 107 161 111 192 187 117 119 64 179 28 148 48 50 152 158 159 166 169 170 172 33 52 188 193 185 186 184 80 190 34 85 155 162 180 129 175 136 194 157 131 147 182 142 126 20 114 165 41 43 171 18 115 183 108 130 112 121 196 149 144 60 153 160 167 16 8 127 77 195 106 151 44 145 178 125
27 27 181 156 34 73 180 16 138 33 185 186 139 55 129 133 136 118 132 153 184 10 95 143 21 109 168 134 194 189 197 99 174 86 67 176 155 162 122 97 135 141 104 35 31 85 149 20 124 120 137 74 128 18 46 49 140 111 163 192 125 130 116 191 161 183 144 98 179 173 154 177 145 157 112 119 151 196 165 187 43 107 9 178 142 146 41 150 123 131 126 175 52 80 190 121 108 64 188 193 113 160 167 164 110 182 171 117 8 28 148 48 50 152 158 159 166 169 170 172 114 44 106 77 60 115 127 195 147
119 119 120 107 121 141 117 28 148 48 50 152 158 159 166 169 170 172 44 154 138 145 143 161 168 155 162 146 150 140 180 126 18 123 160 167 85 114 98 9 130 73 97 163 139 156 20 99 157 86 55 133 147 60 129 128 144 136 108 131 137 125 95 104 74 35 151 132 164 110 116 16 43 134 171 189 197 10 135 194 165 64 188 193 77 21 142 33 185 186 178 109 153 174 173 179 67 115 27 183 31 46 49 176 122 177 41 8 149 113 184 181 191 34 118 175 112 124 196 52 187 80 190 111 192 127 106 195 182
120 120 119 154 161 150 143 146 138 180 85 126 133 55 136 129 128 9 137 132 73 97 104 21 99 134 189 197 74 122 35 194 168 155 162 149 176 95 112 196 141 10 135 111 174 124 192 27 140 181 46 67 179 98 156 139 131 118 153 33 110 183 163 145 185 186 43 123 109 116 8 175 191 49 151 16 31 173 144 107 157 64 20 188 193 127 195 178 52 177 182 80 190 187 121 108 165 160 167 86 125 130 41 117 28 148 48 50 152 158 159 166 169 170 172 147 115 44 34 60 114 184 142 77 18 106 113 171 164
43 43 125 132 127 195 137 134 189 197 141 194 163 187 147 164 46 149 145 107 151 182 52 80 190 173 180 165 121 171 161 131 160 167 126 109 108 115 111 140 153 99 144 192 95 179 49 20 157 16 35 183 117 31 184 28 148 48 50 152 158 159 166 169 170 172 177 119 44 150 135 113 41 60 139 118 112 196 64 9 10 188 193 168 116 77 154 156 27 98 155 162 97 110 120 67 174 114 129 74 181 175 18 123 138 104 130 133 73 55 124 146 33 176 185 186 21 86 34 191 142 143 136 85 122 128 8 106 178
44 44 64 188 193 107 121 131 141 117 28 148 48 50 152 158 159 166 169 170 172 119 9 118 145 168 155 162 18 123 140 114 31 160 167 60 20 130 157 139 147 86 163 112 98 138 196 108 144 156 125 154 111 74 192 164 110 99 16 43 97 73 171 165 151 183 150 116 135 126 161 179 143 175 142 95 10 137 35 8 77 34 194 134 49 128 173 132 189 197 115 129 177 104 146 180 85 153 55 41 133 178 109 113 33 185 186 191 136 149 174 67 46 120 184 27 21 127 195 106 181 176 187 52 80 190 122 124 182
121 121 107 141 117 28 148 48 50 152 158 159 166 169 170 172 119 44 145 168 155 162 18 123 140 114 160 167 20 130 157 86 98 147 163 108 138 144 139 60 156 125 131 110 164 16 43 73 97 99 171 151 126 116 154 143 64 188 193 165 95 74 135 77 161 142 115 35 150 137 128 85 55 10 194 146 129 153 104 132 134 113 9 189 197 41 33 118 179 180 133 109 185 186 149 136 183 178 49 8 173 31 67 177 174 46 175 112 120 196 34 184 111 192 27 191 106 127 195 21 181 187 176 122 124 52 80 190 182
122 122 191 130 140 150 73 74 146 149 85 142 133 55 35 9 135 128 99 86 95 143 175 10 168 109 97 21 137 154 174 145 67 176 138 120 136 171 179 116 27 104 118 180 155 162 181 194 112 196 124 98 111 134 192 189 197 117 28 148 48 50 152 158 159 166 169 170 172 139 161 31 126 156 129 113 131 18 49 110 8 115 157 125 20 183 46 187 147 173 132 33 182 185 186 107 34 119 178 164 114 153 52 123 80 190 151 60 41 16 127 195 64 177 188 193 144 108 43 121 141 184 160 167 106 44 163 77 165
123 123 128 111 192 124 107 174 99 121 176 138 139 98 181 187 86 141 117 28 148 48 50 152 158 159 166 169 170 172 119 44 35 10 179 165 182 154 97 135 145 34 116 150 125 168 155 162 64 74 31 188 193 131 143 140 95 160 167 16 114 73 146 104 110 156 41 183 9 180 18 163 164 33 67 130 171 185 186 60 49 21 20 161 157 137 153 178 144 194 149 142 120 55 108 151 109 177 77 8 129 133 147 113 184 173 136 132 115 175 43 134 189 197 191 126 46 85 122 27 52 80 190 106 112 196 127 195 118
124 124 174 176 181 187 98 182 97 123 143 99 74 138 146 116 16 41 33 185 186 55 128 133 35 9 136 135 153 85 67 168 184 140 194 73 10 137 86 155 162 20 104 21 127 178 95 195 122 157 161 46 110 118 156 129 145 147 27 120 31 112 139 196 117 115 49 28 148 48 50 152 158 159 166 169 170 172 144 180 149 151 191 109 164 130 171 132 114 111 113 192 154 134 189 197 126 106 108 179 183 150 34 142 131 125 175 18 107 173 52 119 80 190 60 64 188 193 43 8 177 121 141 165 160 167 77 44 163
125 125 43 149 153 95 134 189 197 194 20 111 192 180 145 179 150 157 151 107 173 165 46 121 161 141 97 18 140 8 131 41 108 130 127 49 195 183 139 123 137 117 171 126 28 148 48 50 152 158 159 166 169 170 172 34 16 86 109 27 119 44 160 167 60 112 163 187 196 154 52 164 104 138 132 80 190 98 178 143 181 73 10 77 99 155 162 168 142 174 64 133 147 85 9 188 193 35 113 124 156 184 110 116 74 114 135 129 182 31 122 144 115 67 33 177 185 186 136 55 146 191 128 176 175 106 120 118 21
55 55 168 116 33 185 186 129 184 10 109 104 21 174 122 134 189 197 176 120 27 181 124 156 98 133 135 119 73 191 146 128 130 143 138 9 107 139 85 180 97 74 144 95 142 140 118 173 187 112 196 35 67 111 179 192 34 31 121 99 18 52 136 80 190 106 137 150 160 167 132 155 162 163 49 114 165 178 151 117 161 28 148 48 50 152 158 159 166 169 170 172 123 86 16 157 194 182 64 188 193 41 154 20 126 149 44 177 113 46 147 125 171 153 141 60 164 110 131 43 77 183 115 145 127 195 108 8 175
126 126 131 35 137 95 134 189 197 145 120 112 196 194 143 161 119 179 86 107 60 64 188 193 67 154 183 151 150 180 130 52 173 165 80 190 97 43 9 125 121 141 133 122 46 73 138 18 140 160 167 108 10 74 49 129 163 174 109 16 124 184 111 117 99 192 28 148 48 50 152 158 159 166 169 170 172 191 147 31 132 98 85 157 110 44 139 155 162 181 187 104 116 77 176 136 142 168 27 156 20 41 146 127 164 195 128 182 171 135 144 149 175 114 21 55 115 153 113 177 33 123 185 186 118 178 34 8 106
127 127 195 187 147 182 164 171 115 144 43 113 41 131 149 178 135 177 8 109 175 173 183 142 77 116 106 180 31 49 112 196 125 114 46 165 150 111 124 192 191 34 157 60 110 117 28 148 48 50 152 158 159 166 169 170 172 67 20 64 160 167 188 193 179 174 134 98 137 189 197 153 168 18 194 163 107 52 80 190 74 176 129 126 118 181 55 161 151 95 132 155 162 97 146 154 122 184 120 9 99 139 35 10 156 133 128 33 185 186 108 121 141 123 73 104 130 138 21 119 44 145 27 136 16 140 86 143 85
128 128 123 86 99 138 139 35 135 10 104 21 174 73 176 122 120 31 133 124 140 98 143 111 192 67 95 156 181 132 118 119 55 74 191 97 146 187 130 150 107 85 136 134 189 197 154 27 168 34 49 163 161 116 121 137 155 162 9 109 149 173 165 182 126 177 129 178 18 180 41 183 52 80 190 157 33 194 144 184 151 185 186 160 167 112 60 147 8 117 196 28 148 48 50 152 158 159 166 169 170 172 110 46 142 164 64 188 193 171 20 44 114 141 113 153 179 77 106 127 131 16 195 125 115 175 145 108 43
129 129 33 185 186 55 135 184 136 109 137 95 168 27 31 49 155 162 179 120 145 34 112 196 18 183 111 192 97 181 194 73 180 74 116 8 133 161 138 67 134 119 189 197 150 173 104 147 142 156 151 118 60 122 126 10 107 177 154 139 157 174 191 99 144 124 108 46 175 52 171 130 165 80 190 132 41 98 113 128 146 35 187 16 121 176 163 164 127 195 160 167 77 106 64 125 188 193 21 9 143 110 114 115 182 131 117 28 148 48 50 152 158 159 166 169 170 172 123 43 20 44 86 153 149 141 85 178 140
130 130 10 95 122 112 196 174 145 107 191 86 143 74 97 60 85 121 73 179 18 140 67 183 141 150 154 35 117 28 148 48 50 152 158 159 166 169 170 172 142 138 126 119 44 168 146 125 149 55 98 133 99 155 162 160 167 109 161 104 128 134 129 189 197 9 124 163 139 116 171 64 114 188 193 156 135 181 137 123 113 165 77 49 41 27 136 151 173 132 52 34 194 20 118 80 190 180 31 157 131 184 176 175 115 33 144 187 185 186 153 108 110 177 8 46 147 164 182 16 43 178 111 192 21 106 120 127 195
131 131 64 188 193 126 9 127 195 44 134 189 197 49 147 111 192 110 187 164 179 107 173 161 171 157 165 182 139 121 31 144 112 43 196 150 125 115 120 141 140 137 149 35 95 123 34 113 117 60 28 148 48 50 152 158 159 166 169 170 172 109 41 118 122 145 178 108 119 160 167 180 135 151 191 194 163 177 116 156 52 114 168 98 20 80 190 154 175 142 183 10 104 27 99 74 21 146 155 162 132 8 174 181 77 176 184 124 129 18 46 138 67 133 106 130 55 86 153 33 185 186 73 128 97 16 143 85 136
85 85 97 154 74 133 10 104 95 122 120 174 136 130 99 73 98 155 162 143 145 118 107 140 112 179 196 124 119 191 86 35 67 181 146 27 183 138 176 141 55 150 111 18 134 60 192 189 197 168 128 156 117 28 148 48 50 152 158 159 166 169 170 172 161 175 121 187 149 126 178 41 139 21 137 116 34 160 167 9 64 188 193 165 163 125 20 173 180 110 151 109 33 114 185 186 142 132 157 194 184 8 129 44 182 52 135 80 190 113 77 164 147 115 177 49 153 46 171 31 106 123 108 144 131 16 43 127 195
132 132 141 163 46 99 43 177 35 118 137 21 10 109 173 164 27 194 120 31 49 176 174 156 133 67 34 128 111 181 113 192 151 180 140 145 161 143 52 136 80 190 18 119 55 106 134 157 189 197 179 125 86 122 165 183 147 124 191 175 95 107 74 129 184 73 126 139 149 178 153 150 160 167 108 135 64 41 138 104 116 188 193 9 182 115 168 110 187 114 77 154 98 60 16 121 33 20 142 185 186 146 127 130 195 8 171 131 112 117 196 28 148 48 50 152 158 159 166 169 170 172 123 85 44 97 144 155 162
133 133 154 140 99 85 35 136 118 21 97 95 74 122 176 155 162 120 134 27 189 197 128 181 73 143 67 156 124 132 138 174 179 191 145 104 112 98 196 126 10 107 86 129 146 55 119 130 183 150 168 163 9 34 117 137 60 28 148 48 50 152 158 159 166 169 170 172 135 111 180 192 165 173 161 139 178 187 125 18 110 149 160 167 114 109 151 116 8 164 20 194 46 41 31 147 177 16 52 33 121 141 157 80 190 184 185 186 113 123 182 77 106 131 142 127 195 171 115 49 64 188 193 153 175 43 44 108 144
134 134 189 197 173 165 140 125 131 43 139 126 9 55 133 135 10 137 95 104 177 8 109 99 145 168 174 179 149 120 27 194 31 49 161 110 122 85 129 18 118 34 183 138 112 35 196 150 64 188 193 111 181 130 154 192 46 98 164 97 67 128 132 74 180 171 178 191 113 73 156 21 127 147 182 143 195 176 187 119 124 116 33 185 186 142 144 151 60 136 86 41 108 107 77 153 115 163 175 106 52 16 80 190 155 162 121 157 20 114 160 167 146 117 28 148 48 50 152 158 159 166 169 170 172 123 44 141 184
135 135 144 138 139 8 118 129 128 127 195 173 171 31 122 187 134 189 197 49 77 116 180 124 176 182 21 191 74 55 123 149 179 164 174 181 109 133 107 95 104 99 111 10 147 98 192 137 27 150 120 156 52 80 190 165 168 140 41 35 43 184 115 73 121 33 194 185 186 34 112 64 113 160 167 60 196 188 193 18 175 163 131 86 146 67 183 117 132 153 154 28 148 48 50 152 158 159 166 169 170 172 136 155 162 130 177 9 97 119 44 161 125 141 46 16 142 110 126 114 157 151 108 145 143 20 85 106 178
136 136 155 162 97 73 67 99 74 133 129 85 104 95 143 120 140 35 27 154 86 16 181 124 122 117 28 148 48 50 152 158 159 166 169 170 172 98 174 128 168 10 145 179 191 118 107 176 112 20 119 55 196 138 132 178 183 175 52 80 190 150 114 137 182 184 157 33 187 185 186 134 189 197 156 110 115 194 46 18 147 135 126 9 180 153 146 21 109 31 130 164 64 188 193 111 139 121 141 192 34 123 49 171 125 77 116 160 167 161 165 44 173 142 41 113 106 60 163 108 43 144 151 131 177 149 127 195 8
137 137 194 145 151 46 161 108 180 16 43 126 35 153 132 9 129 118 109 20 141 134 189 197 67 149 122 95 157 163 110 120 112 196 150 21 41 131 124 176 191 52 181 27 111 80 190 99 192 135 165 125 133 106 146 174 34 173 31 104 74 10 184 64 60 188 193 143 178 182 136 187 119 116 49 85 55 160 167 33 107 185 186 113 73 175 177 114 77 115 140 144 123 183 142 154 139 168 130 128 147 121 179 86 18 164 127 195 171 8 98 156 117 28 148 48 50 152 158 159 166 169 170 172 44 138 97 155 162
138 138 135 128 21 95 176 120 27 156 181 124 139 123 119 145 174 107 99 97 86 179 122 143 35 98 187 121 73 133 10 180 34 154 141 18 31 129 9 183 144 191 136 118 130 8 55 134 104 16 189 197 155 162 74 168 173 117 85 126 146 28 148 48 50 152 158 159 166 169 170 172 33 182 185 186 44 177 184 116 52 80 190 125 67 150 109 132 153 161 49 111 192 140 194 175 137 163 178 165 114 41 142 112 20 160 167 60 196 131 171 64 147 164 188 193 46 108 127 151 195 110 43 157 115 113 149 77 106
139 139 135 128 104 21 134 189 197 49 27 156 176 111 192 138 98 123 181 179 173 107 157 147 31 99 144 118 34 165 120 131 122 121 10 141 35 174 55 140 109 177 125 86 129 95 124 168 180 117 191 8 28 148 48 50 152 158 159 166 169 170 172 73 64 116 9 188 193 133 108 164 132 161 119 44 20 163 110 97 33 160 167 185 186 114 187 155 162 60 151 171 154 153 184 74 194 149 137 67 112 52 43 196 80 190 178 106 41 175 16 77 113 136 183 127 195 142 46 150 115 126 146 85 145 182 18 130 143
140 140 99 133 134 122 189 197 107 191 154 121 141 136 128 85 155 162 73 35 74 173 124 95 130 117 132 139 28 148 48 50 152 158 159 166 169 170 172 165 119 44 174 150 168 125 10 145 176 131 181 9 135 163 43 146 55 138 156 97 109 126 160 167 120 149 137 67 21 179 86 118 27 60 187 18 123 31 49 177 114 175 8 183 182 142 20 104 98 151 34 180 144 161 194 116 157 108 178 171 46 112 64 196 188 193 147 164 110 16 143 52 80 190 77 184 33 153 185 186 129 113 111 192 115 41 127 195 106
141 141 132 107 163 46 121 99 43 145 119 44 177 35 118 140 10 137 18 123 109 138 21 139 130 125 143 173 49 31 86 144 108 131 120 194 164 27 179 34 174 16 85 133 111 192 126 183 135 156 176 67 95 180 73 64 55 188 193 128 136 175 178 154 142 9 129 161 134 189 197 153 74 104 147 8 181 97 191 113 116 127 150 149 195 151 168 146 155 162 157 106 187 165 98 112 196 122 171 33 185 186 114 124 184 60 52 80 190 160 167 182 41 117 28 148 48 50 152 158 159 166 169 170 172 115 110 77 20
86 86 73 35 128 10 143 95 174 67 130 145 107 123 138 99 136 121 122 97 179 141 126 85 18 155 162 124 139 133 181 117 140 28 148 48 50 152 158 159 166 169 170 172 183 119 44 176 104 27 74 132 156 154 168 125 112 196 135 55 21 52 191 137 80 190 34 175 134 111 142 189 197 150 9 192 187 98 31 163 182 60 109 180 194 114 173 178 129 177 184 8 49 118 20 160 167 131 153 144 165 171 64 108 46 188 193 151 116 161 146 120 110 149 147 164 16 43 33 185 186 157 77 41 115 113 106 127 195
142 142 171 116 113 109 183 95 8 122 31 49 179 112 196 18 177 111 192 127 34 106 195 144 191 173 147 164 130 77 150 60 114 115 107 145 41 157 187 165 182 175 129 110 52 80 190 178 149 121 154 74 146 108 160 167 55 97 46 168 137 117 28 148 48 50 152 158 159 166 169 170 172 64 180 188 193 163 73 10 134 189 197 104 125 184 161 35 140 98 123 174 67 126 131 128 156 132 119 44 27 194 20 9 120 181 124 99 139 21 155 162 176 86 151 135 33 141 85 185 186 138 143 153 133 16 43 136 118
143 143 73 35 10 86 95 174 120 124 67 145 107 130 97 136 181 119 138 176 85 133 126 179 141 122 155 162 187 99 128 74 154 98 18 27 146 55 104 132 121 183 168 140 156 117 161 137 28 148 48 50 152 158 159 166 169 170 172 123 150 182 112 196 163 60 134 180 160 167 189 197 21 139 116 125 151 34 165 111 192 9 175 129 20 194 191 33 52 44 149 77 185 186 184 80 190 157 109 178 142 135 31 110 173 16 113 41 49 64 171 114 188 193 147 153 46 164 115 177 8 118 131 144 108 43 106 127 195
144 144 116 180 135 127 195 49 147 187 149 164 171 107 157 182 52 80 190 142 121 115 139 160 167 113 108 131 41 117 138 28 148 48 50 152 158 159 166 169 170 172 106 141 151 114 179 31 111 20 168 184 43 192 163 153 55 146 109 119 44 77 8 165 183 129 150 110 124 194 118 161 60 98 27 181 145 137 134 156 189 197 173 64 155 162 188 193 46 112 196 174 154 95 97 74 176 104 128 99 33 185 186 140 73 120 18 123 177 16 130 9 175 86 126 125 35 34 10 132 191 67 21 122 136 143 85 133 178
145 145 137 95 107 194 179 141 18 97 151 130 121 126 143 46 86 108 183 125 138 161 16 43 85 119 44 35 129 180 140 133 142 134 73 189 197 136 153 109 112 196 74 10 9 155 162 132 154 139 123 99 20 122 104 118 131 157 174 149 98 144 173 49 135 117 67 28 148 48 50 152 158 159 166 169 170 172 64 191 31 60 124 171 188 193 178 163 150 116 34 110 41 181 168 147 113 120 146 165 8 111 27 192 160 167 175 164 177 156 187 55 128 114 176 33 185 186 184 52 80 190 115 182 127 195 21 106 77
153 153 20 194 157 151 46 180 161 108 16 149 125 41 137 104 49 27 181 124 106 98 67 43 144 145 150 147 187 114 111 182 192 174 120 52 110 80 190 178 176 156 115 116 122 9 146 77 138 160 167 191 118 132 163 8 175 184 60 109 143 97 55 139 183 133 134 119 189 197 168 95 135 113 141 117 112 31 165 28 148 48 50 152 158 159 166 169 170 172 196 18 127 74 195 179 123 173 35 171 99 121 126 33 155 162 185 186 129 164 86 107 64 188 193 136 34 10 131 130 128 73 154 85 177 44 21 142 140
8 8 173 77 171 149 135 109 177 31 49 112 142 196 111 192 164 178 127 150 34 195 113 183 125 180 179 165 147 60 134 182 189 197 115 175 52 144 80 190 18 139 187 129 157 191 160 167 41 131 116 46 138 123 122 163 130 106 117 114 28 148 48 50 152 158 159 166 169 170 172 154 137 184 67 161 140 95 118 121 168 74 145 44 20 110 43 194 119 64 188 193 126 107 55 151 120 153 108 85 10 141 132 143 98 86 9 174 128 133 146 155 162 156 124 73 97 176 35 104 181 33 185 186 16 99 21 27 136
9 9 110 150 161 131 64 188 193 21 44 137 134 189 197 176 122 31 49 120 111 192 124 194 156 106 149 145 112 196 191 126 180 173 119 146 179 74 140 114 174 138 118 181 46 55 139 187 35 98 151 109 133 177 165 168 130 52 154 80 190 108 125 123 117 97 28 148 48 50 152 158 159 166 169 170 172 99 157 34 121 95 107 143 147 43 86 20 73 164 85 182 153 141 10 135 115 41 116 155 162 16 128 184 171 129 104 113 132 142 27 67 183 8 175 127 195 163 144 136 160 167 77 33 185 186 18 60 178
34 34 109 31 27 111 192 183 181 52 18 80 190 177 156 179 175 184 8 180 165 173 129 142 139 113 160 167 55 163 123 191 77 106 73 132 125 150 138 131 171 60 164 33 185 186 137 16 64 118 188 193 116 141 154 134 135 115 189 197 127 41 168 194 46 195 145 144 133 10 95 67 122 114 9 110 107 161 153 44 43 140 86 143 151 49 85 130 149 187 147 136 174 157 128 121 99 20 146 119 182 120 74 155 162 104 126 108 112 124 196 97 98 176 21 117 35 28 148 48 50 152 158 159 166 169 170 172 178
64 64 188 193 44 131 9 118 31 112 196 111 110 192 150 126 161 60 74 49 183 107 175 34 121 130 154 117 28 148 48 50 152 158 159 166 169 170 172 165 141 191 145 41 134 120 189 197 135 123 133 137 85 18 164 179 127 43 171 10 195 115 160 167 173 8 119 109 113 21 114 163 139 194 142 149 156 86 177 143 132 55 77 67 122 144 98 138 140 153 95 129 187 136 174 147 108 151 176 52 104 16 80 190 182 125 35 106 20 155 162 168 46 128 116 99 184 146 180 178 27 124 181 97 73 157 33 185 186
175 175 191 115 67 41 118 109 178 31 49 112 196 106 111 192 34 183 122 16 127 195 182 147 113 179 74 46 60 77 165 52 80 190 177 114 8 10 157 18 35 64 188 193 164 150 171 130 142 110 187 137 173 108 131 160 167 85 129 116 163 194 184 174 136 144 135 139 154 132 145 133 123 140 44 161 143 55 141 153 86 107 180 95 125 126 146 155 162 104 120 151 168 119 20 121 149 43 138 73 21 98 134 189 197 9 99 176 117 28 148 48 50 152 158 159 166 169 170 172 156 97 124 181 27 33 185 186 128
177 177 164 173 113 132 21 109 8 183 31 49 141 111 192 163 34 176 127 195 171 156 142 179 147 46 77 52 106 80 190 165 134 18 189 197 115 139 43 175 187 182 178 131 118 160 167 157 114 99 110 55 138 125 137 123 191 116 184 144 41 9 140 168 149 129 60 120 35 135 150 145 108 117 119 107 180 28 148 48 50 152 158 159 166 169 170 172 121 67 95 133 10 44 130 86 122 146 143 194 85 151 64 188 193 126 154 20 128 161 27 98 174 155 162 74 104 112 196 33 185 186 181 16 97 73 153 124 136
183 183 113 109 95 31 112 196 111 192 18 177 34 142 179 145 106 178 130 173 60 175 164 8 171 127 115 195 129 97 126 41 154 150 182 125 114 64 191 188 193 77 165 123 86 46 116 143 147 67 110 187 131 49 85 138 149 161 134 43 189 197 144 139 74 52 122 118 80 190 44 73 137 132 55 146 135 120 10 133 157 180 163 194 160 167 141 140 136 104 168 27 108 153 184 119 35 155 162 174 20 107 121 117 98 181 28 148 48 50 152 158 159 166 169 170 172 151 99 9 33 185 186 128 124 156 16 176 21
178 178 182 77 165 46 115 67 146 113 175 106 127 112 195 196 183 8 187 16 114 191 171 147 164 52 80 190 124 60 173 110 35 111 49 192 177 109 117 28 148 48 50 152 158 159 166 169 170 172 174 157 142 98 20 155 162 179 181 41 131 123 10 176 153 168 136 134 161 120 74 194 108 189 197 132 122 184 130 137 73 116 151 119 97 139 156 18 163 143 121 104 125 160 167 140 55 138 31 85 128 126 44 27 133 99 86 150 141 21 145 149 154 180 95 43 64 188 193 107 129 34 135 144 118 33 185 186 9
146 146 178 182 49 122 120 77 124 165 46 115 191 67 157 52 113 80 190 176 181 150 147 174 119 98 187 160 167 143 74 85 133 179 138 184 130 117 55 28 148 48 50 152 158 159 166 169 170 172 161 168 163 116 73 154 9 128 108 137 97 112 60 196 99 180 156 41 135 149 21 140 144 151 123 155 162 20 107 183 110 126 142 145 27 194 16 35 104 114 86 164 139 131 177 171 33 185 186 141 109 129 95 10 111 125 18 192 136 153 64 121 188 193 175 173 31 43 132 8 34 134 118 189 197 44 106 127 195
179 179 49 95 111 192 145 157 147 183 97 125 18 130 131 142 139 34 177 165 86 129 175 143 123 126 8 108 138 173 144 146 85 180 109 154 64 150 113 171 188 193 191 104 133 134 9 189 197 149 73 112 106 164 135 196 136 31 127 120 132 195 27 43 128 67 35 116 41 74 187 181 182 122 110 55 178 115 140 141 98 124 99 137 44 194 114 153 174 46 155 162 118 60 176 52 161 10 163 80 190 156 77 21 151 107 16 184 20 33 160 167 185 186 121 117 28 148 48 50 152 158 159 166 169 170 172 119 168
147 147 127 195 49 187 164 157 171 182 179 115 144 117 28 148 48 50 152 158 159 166 169 170 172 131 113 41 43 149 108 20 146 168 114 160 167 135 178 139 121 155 162 60 163 110 156 98 109 177 116 183 180 107 77 150 64 151 188 193 142 175 18 165 31 161 111 119 44 192 124 125 141 8 173 191 118 153 126 154 129 34 104 112 196 138 145 86 123 67 194 132 122 136 97 137 130 99 181 174 85 9 55 74 134 143 106 189 197 95 21 52 140 80 190 46 128 73 184 16 33 185 186 133 27 10 120 35 176
157 157 153 49 20 194 151 147 108 179 46 117 28 148 48 50 152 158 159 166 169 170 172 161 180 41 149 125 16 146 168 160 167 144 114 164 131 139 104 156 98 121 155 162 163 110 171 60 177 77 115 150 142 175 124 178 116 119 44 181 67 165 27 8 107 173 182 113 137 191 118 64 129 187 188 193 18 141 136 145 86 176 135 138 132 154 97 122 85 174 127 43 123 126 55 195 95 99 52 34 9 80 190 73 143 130 106 109 184 183 134 189 197 21 74 33 140 111 185 186 31 192 128 133 120 10 112 196 35
80 80 52 190 184 160 167 60 163 77 151 165 34 116 161 144 180 113 108 146 177 175 41 149 16 43 33 126 185 186 178 142 153 135 173 8 67 191 194 129 136 137 109 183 112 104 182 115 196 164 127 35 195 118 171 125 9 132 95 134 55 21 189 197 150 187 106 20 122 176 157 179 74 46 10 124 111 138 131 174 192 120 49 97 139 130 110 181 155 162 98 99 133 27 147 73 18 143 154 128 31 156 64 188 193 114 86 85 145 119 123 140 107 121 117 28 148 48 50 152 158 159 166 169 170 172 44 141 168
10 10 174 130 67 86 143 85 55 118 73 128 132 104 35 74 134 168 141 189 197 97 122 27 95 133 99 191 181 112 196 138 16 98 111 124 175 192 120 154 145 107 176 21 163 123 126 46 135 178 109 139 119 137 136 173 60 121 140 165 182 116 44 150 33 18 185 186 194 187 184 52 49 155 162 80 190 64 34 156 188 193 31 115 43 129 160 167 157 153 146 183 125 20 131 142 117 28 148 48 50 152 158 159 166 169 170 172 177 9 147 110 180 41 114 106 171 164 8 179 161 149 151 77 127 195 144 108 113
33 33 185 186 184 55 129 168 27 181 124 116 52 174 80 190 156 176 98 160 167 187 138 109 117 28 148 48 50 152 158 159 166 169 170 172 16 97 143 34 155 162 120 182 133 136 60 163 137 128 73 122 20 123 107 139 145 95 85 135 31 74 10 77 134 141 157 194 189 197 146 180 132 104 183 99 151 179 41 153 127 111 195 192 67 49 191 21 165 18 112 114 196 86 147 150 154 121 144 161 46 110 164 118 173 113 35 64 188 193 108 130 171 177 125 131 119 44 115 175 43 149 126 140 142 9 178 8 106
35 35 67 86 143 126 133 128 73 132 21 137 122 176 141 10 99 112 196 16 136 145 174 194 191 124 120 46 85 163 138 95 140 123 181 118 131 178 27 107 60 156 130 139 175 151 154 55 182 179 52 9 80 190 98 18 135 111 187 43 192 121 74 161 109 160 167 146 77 150 97 183 134 177 115 44 31 189 197 49 104 142 117 184 125 28 148 48 50 152 158 159 166 169 170 172 108 41 119 153 165 173 164 180 116 114 171 149 129 157 33 113 185 186 20 155 162 168 64 110 188 193 147 106 127 195 144 8 34
184 184 33 185 186 52 80 190 160 167 55 129 60 163 77 168 151 165 27 34 116 181 124 161 180 144 113 146 108 177 135 187 175 176 149 16 43 156 174 182 153 136 41 98 142 126 194 137 178 95 20 67 155 162 97 173 138 164 112 191 109 196 183 8 132 74 171 125 115 104 73 143 157 133 117 139 28 148 48 50 152 158 159 166 169 170 172 150 128 35 145 134 118 127 189 197 123 195 85 179 114 130 110 9 18 147 131 122 99 111 21 192 86 106 120 46 10 119 121 154 49 64 188 193 31 140 44 107 141
149 149 150 180 125 8 153 127 195 122 194 171 20 173 77 157 144 43 147 187 151 191 164 111 192 52 80 190 41 182 46 137 120 161 112 160 167 196 179 135 9 49 115 108 131 183 145 117 27 134 28 148 48 50 152 158 159 166 169 170 172 109 189 197 16 107 130 95 181 113 85 184 141 73 124 140 154 132 60 163 128 74 146 133 55 143 31 116 156 139 110 138 64 188 193 176 174 155 162 165 18 114 123 142 86 121 168 98 104 35 97 67 175 177 119 44 21 34 10 126 99 33 185 186 129 178 118 136 106
60 60 112 196 52 80 190 160 167 117 28 148 48 50 152 158 159 166 169 170 172 184 77 161 163 130 183 41 150 154 165 74 20 168 114 151 126 155 162 121 116 171 175 164 44 142 115 113 147 98 157 178 110 144 64 188 193 8 129 119 156 108 137 35 191 146 18 34 86 67 125 149 131 194 97 46 16 43 135 173 182 180 95 127 195 99 153 123 85 33 185 186 134 177 138 10 189 197 55 145 140 106 139 132 73 187 133 143 174 31 122 104 109 128 124 118 179 141 136 181 176 111 192 49 27 107 120 9 21
151 151 153 194 137 20 157 46 161 108 52 80 190 180 16 145 160 167 125 117 28 148 48 50 152 158 159 166 169 170 172 184 41 149 60 163 43 77 126 168 165 144 98 155 162 116 121 114 147 164 129 132 156 104 110 150 119 67 118 171 35 113 146 131 109 175 124 34 74 112 115 134 18 44 196 99 189 197 49 97 9 139 142 130 181 86 123 55 138 135 27 191 177 33 187 154 185 186 141 73 183 140 173 64 179 85 188 193 133 122 182 120 143 176 174 95 111 128 127 192 195 136 178 8 21 107 10 31 106
180 180 144 149 153 194 137 120 27 20 111 151 192 157 125 150 46 161 181 116 145 16 119 52 108 80 190 34 156 49 138 127 8 195 147 122 135 55 143 187 184 139 154 129 132 168 73 171 41 126 179 165 164 117 134 173 112 141 28 148 48 50 152 158 159 166 169 170 172 189 197 85 196 133 140 124 191 121 107 74 130 160 167 98 182 97 131 9 77 183 18 155 162 44 31 123 146 95 128 99 86 43 67 109 115 110 174 104 136 118 176 175 114 177 33 60 163 185 186 64 188 193 113 35 10 142 21 106 178
95 95 145 179 97 18 130 183 143 86 125 138 85 126 142 133 136 73 129 104 134 189 197 107 74 155 162 35 154 10 111 122 109 192 99 137 140 113 174 27 120 131 112 67 135 196 141 181 43 31 119 98 21 124 176 121 128 194 171 149 177 191 49 55 123 44 33 60 185 186 139 116 173 9 16 132 168 46 157 180 52 80 190 187 118 153 150 144 165 156 160 167 41 20 182 147 146 117 175 28 148 48 50 152 158 159 166 169 170 172 34 8 114 163 64 115 188 193 161 184 178 106 151 77 110 164 127 195 108
190 190 52 80 184 160 167 60 163 77 151 165 34 116 161 144 180 113 108 146 177 175 41 149 16 43 33 126 185 186 178 142 153 135 173 8 67 191 194 129 136 137 109 183 112 104 182 115 196 164 127 35 195 118 171 125 9 132 95 134 55 21 189 197 150 187 106 20 122 176 157 179 74 46 10 124 111 138 131 174 192 120 49 97 139 130 110 181 155 162 98 99 133 27 147 73 18 143 154 128 31 156 64 188 193 114 86 85 145 119 123 140 107 121 117 28 148 48 50 152 158 159 166 169 170 172 44 141 168
160 160 52 80 190 167 117 28 148 48 50 152 158 159 166 169 170 172 184 60 163 77 151 20 168 165 155 162 114 121 116 164 157 161 98 144 147 156 113 110 171 119 108 146 34 44 115 41 16 43 149 180 18 125 33 126 185 186 97 150 142 86 130 153 99 177 123 135 175 194 74 131 154 137 138 129 139 73 140 55 64 67 132 188 193 104 46 183 178 173 118 35 112 109 196 191 95 134 8 189 197 128 133 85 145 136 127 182 195 143 179 10 141 49 120 187 27 9 111 174 192 21 31 181 122 176 124 106 107
161 161 9 153 194 137 120 112 196 20 151 110 157 150 46 60 180 108 52 119 80 190 145 131 16 41 126 160 167 125 154 64 188 193 117 28 148 48 50 152 158 159 166 169 170 172 130 74 184 146 143 168 77 129 134 122 44 149 189 197 163 138 132 85 111 124 98 133 192 156 43 181 183 55 128 191 121 27 176 144 35 155 162 175 147 141 104 67 21 114 49 123 139 171 164 165 187 179 173 182 115 116 142 18 174 140 113 178 97 107 8 73 31 118 86 127 177 109 195 34 99 136 95 135 10 33 185 186 106
77 77 178 8 182 173 171 165 115 46 146 67 52 80 190 113 160 167 149 117 28 148 48 50 152 158 159 166 169 170 172 184 60 163 135 112 196 20 151 168 183 109 157 155 162 164 144 161 147 114 116 150 121 177 98 180 18 125 49 31 142 156 175 34 110 119 108 130 154 111 139 192 44 131 74 153 179 41 16 43 64 138 194 188 193 137 129 123 97 33 126 99 86 185 186 132 191 55 127 195 128 140 73 104 134 189 197 85 118 95 187 35 145 133 120 141 136 143 9 122 21 124 176 174 181 10 27 106 107
163 163 132 141 52 80 190 160 167 46 117 28 148 48 50 152 158 159 166 169 170 172 184 99 43 60 177 77 164 168 165 20 151 155 162 121 156 114 157 35 118 116 137 147 161 144 119 98 109 171 34 113 125 18 110 173 146 108 194 86 21 44 180 115 10 175 142 126 139 130 150 138 16 41 131 55 67 149 74 33 135 133 123 49 185 186 120 27 129 183 97 154 31 153 111 145 64 192 143 188 193 73 104 128 176 140 179 191 174 134 189 197 85 112 196 181 127 195 95 8 178 136 182 187 107 122 124 9 106
165 165 178 134 189 197 182 77 111 192 115 46 67 146 52 80 190 113 173 160 167 125 179 117 131 28 148 48 50 152 158 159 166 169 170 172 183 34 184 139 60 163 150 123 168 140 154 43 177 121 180 164 20 151 114 112 44 196 126 137 161 155 162 110 98 175 171 142 55 116 119 64 144 147 9 188 193 157 133 135 156 18 130 132 99 128 129 194 10 109 86 8 145 138 104 108 85 141 174 97 191 74 31 95 149 41 124 107 27 181 187 33 16 143 185 186 127 195 120 73 153 49 106 176 118 122 35 136 21
167 167 52 80 190 160 117 28 148 48 50 152 158 159 166 169 170 172 184 60 163 77 151 20 168 165 155 162 114 121 116 164 157 161 98 144 147 156 113 110 171 119 108 146 34 44 115 41 16 43 149 180 18 125 33 126 185 186 97 150 142 86 130 153 99 177 123 135 175 194 74 131 154 137 138 129 139 73 140 55 64 67 132 188 193 104 46 183 178 173 118 35 112 109 196 191 95 134 8 189 197 128 133 85 145 136 127 182 195 143 179 10 141 49 120 187 27 9 111 174 192 21 31 181 122 176 124 106 107
192 192 111 179 34 165 123 183 154 150 131 180 125 139 64 177 188 193 8 175 173 142 128 129 9 109 149 191 113 106 132 137 171 49 164 134 10 189 197 178 95 127 43 195 194 44 112 110 196 174 144 187 31 115 120 141 118 27 147 135 153 181 124 99 133 35 114 55 46 126 122 41 85 176 74 97 77 163 116 161 182 21 138 18 67 145 156 60 104 98 108 73 16 136 107 86 157 151 33 52 185 186 80 190 146 121 160 167 143 140 130 117 28 148 48 50 152 158 159 166 169 170 172 119 184 20 155 162 168
150 150 149 9 122 120 112 196 111 192 110 161 180 191 125 154 119 60 8 130 64 146 131 188 193 153 126 85 74 194 21 117 133 28 148 48 50 152 158 159 166 169 170 172 183 171 143 137 49 44 140 77 168 160 167 165 179 109 138 43 173 73 142 135 121 144 55 52 35 136 127 176 41 80 190 163 195 128 123 145 134 86 95 164 189 197 34 114 151 113 46 129 115 104 147 187 67 18 184 175 139 31 182 107 10 20 155 162 108 16 99 118 98 174 116 156 141 124 178 97 132 181 27 33 185 186 177 157 106
154 154 85 133 120 112 196 111 192 97 74 140 119 99 150 60 136 161 95 126 117 122 143 130 28 148 48 50 152 158 159 166 169 170 172 118 104 21 183 146 35 168 138 179 165 123 98 121 10 180 191 44 86 145 55 64 67 176 188 193 18 134 160 167 41 114 129 189 197 34 149 174 131 163 171 139 49 110 77 128 137 107 142 43 164 135 113 109 27 125 8 175 194 20 155 162 156 115 157 173 141 181 153 124 144 151 132 46 147 16 73 178 108 9 116 182 187 52 80 190 184 106 33 177 185 186 127 195 31
98 98 104 124 174 176 181 187 117 28 148 48 50 152 158 159 166 169 170 172 97 123 168 182 155 162 20 74 99 139 114 116 138 121 143 160 167 146 55 157 41 128 85 16 119 33 185 186 133 163 60 136 153 156 86 110 118 147 10 135 151 18 9 44 95 21 194 154 130 161 164 122 125 31 108 178 165 144 171 127 184 195 137 67 27 129 35 120 73 77 145 126 180 142 150 191 106 134 131 189 197 179 115 64 188 193 46 140 49 183 173 8 34 175 149 177 132 43 112 196 141 111 192 107 113 52 80 190 109
74 74 85 118 136 97 122 155 162 112 196 124 133 154 191 174 181 73 176 104 130 67 120 99 60 187 143 10 98 95 146 128 117 150 28 148 48 50 152 158 159 166 169 170 172 135 64 27 188 193 182 9 86 44 140 175 168 21 121 145 123 41 160 167 132 180 149 179 137 141 142 55 183 194 109 116 35 138 107 153 16 161 111 129 192 34 18 114 52 151 80 190 49 119 171 77 184 177 163 126 46 144 115 20 33 185 186 113 43 125 165 147 164 131 110 108 156 157 139 178 8 31 134 189 197 127 195 106 173
196 196 112 60 130 183 154 161 74 150 41 126 175 64 188 193 178 8 142 191 35 129 115 113 171 182 95 106 67 137 127 77 195 173 10 131 85 9 149 145 44 109 120 187 134 122 165 174 179 189 197 31 111 46 192 118 194 133 97 18 114 136 124 180 143 146 147 86 116 164 135 43 125 151 55 181 49 99 139 144 108 177 110 138 153 73 107 176 128 52 80 190 98 27 34 16 132 157 140 163 33 20 104 185 186 121 160 167 156 123 117 28 148 48 50 152 158 159 166 169 170 172 21 119 141 184 155 162 168
20 20 153 194 157 151 117 46 28 148 48 50 152 158 159 166 169 170 172 161 108 180 125 16 149 41 168 160 167 121 114 155 162 98 147 163 156 60 119 44 110 164 104 106 171 77 49 150 124 165 181 27 67 86 97 178 187 182 18 139 137 144 123 73 99 146 115 9 154 176 136 130 127 140 195 138 8 131 174 74 116 64 142 188 193 122 33 185 186 133 175 191 179 43 184 113 55 52 129 173 126 80 190 95 134 21 189 197 143 85 145 118 132 135 177 128 34 35 120 10 183 141 112 196 109 31 111 192 107
28 28 117 148 48 50 152 158 159 166 169 170 172 168 160 167 121 114 20 155 162 157 163 60 98 156 147 119 44 110 164 171 151 77 165 18 97 86 123 115 161 99 154 130 140 150 73 144 74 138 146 64 131 188 193 125 139 136 116 108 153 16 43 149 113 41 142 126 33 194 185 186 106 127 195 46 55 178 137 129 182 135 187 128 9 122 8 133 180 132 95 85 124 118 176 21 143 173 134 35 189 197 177 191 184 174 67 145 181 183 10 120 104 175 109 179 141 27 49 112 31 34 196 111 192 52 80 190 107
148 148 117 28 48 50 152 158 159 166 169 170 172 168 160 167 121 114 20 155 162 157 163 60 98 156 147 119 44 110 164 171 151 77 165 18 97 86 123 115 161 99 154 130 140 150 73 144 74 138 146 64 131 188 193 125 139 136 116 108 153 16 43 149 113 41 142 126 33 194 185 186 106 127 195 46 55 178 137 129 182 135 187 128 9 122 8 133 180 132 95 85 124 118 176 21 143 173 134 35 189 197 177 191 184 174 67 145 181 183 10 120 104 175 109 179 141 27 49 112 31 34 196 111 192 52 80 190 107
48 48 117 28 148 50 152 158 159 166 169 170 172 168 160 167 121 114 20 155 162 157 163 60 98 156 147 119 44 110 164 171 151 77 165 18 97 86 123 115 161 99 154 130 140 150 73 144 74 138 146 64 131 188 193 125 139 136 116 108 153 16 43 149 113 41 142 126 33 194 185 186 106 127 195 46 55 178 137 129 182 135 187 128 9 122 8 133 180 132 95 85 124 118 176 21 143 173 134 35 189 197 177 191 184 174 67 145 181 183 10 120 104 175 109 179 141 27 49 112 31 34 196 111 192 52 80 190 107
50 50 117 28 148 48 152 158 159 166 169 170 172 168 160 167 121 114 20 155 162 157 163 60 98 156 147 119 44 110 164 171 151 77 165 18 97 86 123 115 161 99 154 130 140 150 73 144 74 138 146 64 131 188 193 125 139 136 116 108 153 16 43 149 113 41 142 126 33 194 185 186 106 127 195 46 55 178 137 129 182 135 187 128 9 122 8 133 180 132 95 85 124 118 176 21 143 173 134 35 189 197 177 191 184 174 67 145 181 183 10 120 104 175 109 179 141 27 49 112 31 34 196 111 192 52 80 190 107
152 152 117 28 148 48 50 158 159 166 169 170 172 168 160 167 121 114 20 155 162 157 163 60 98 156 147 119 44 110 164 171 151 77 165 18 97 86 123 115 161 99 154 130 140 150 73 144 74 138 146 64 131 188 193 125 139 136 116 108 153 16 43 149 113 41 142 126 33 194 185 186 106 127 195 46 55 178 137 129 182 135 187 128 9 122 8 133 180 132 95 85 124 118 176 21 143 173 134 35 189 197 177 191 184 174 67 145 181 183 10 120 104 175 109 179 141 27 49 112 31 34 196 111 192 52 80 190 107
155 155 136 162 97 73 117 28 148 48 50 152 158 159 166 169 170 172 99 67 74 168 121 160 167 133 114 20 129 98 85 156 163 157 86 60 119 44 95 104 147 124 143 110 164 181 171 120 151 77 165 138 161 27 18 176 122 123 187 154 182 139 150 130 178 140 174 145 144 115 191 153 131 180 126 146 125 142 55 108 64 116 9 188 193 16 43 46 194 21 175 33 106 185 186 179 107 149 135 137 113 184 128 141 127 195 52 41 80 190 132 134 118 189 197 183 8 173 177 34 35 10 109 112 49 196 31 111 192
97 97 85 136 95 155 162 74 124 133 145 154 179 181 174 98 143 99 176 187 104 67 86 73 18 122 117 28 148 48 50 152 158 159 166 169 170 172 130 120 183 138 182 27 129 168 191 10 125 107 123 112 196 134 189 197 126 114 20 121 160 167 116 146 157 142 180 52 80 190 41 16 178 184 55 153 141 49 137 9 106 194 163 34 33 173 175 171 185 186 127 128 195 21 111 110 147 119 44 60 156 164 192 46 31 135 8 139 151 77 177 35 144 115 165 161 131 118 149 150 140 64 188 193 108 113 43 132 109
156 156 21 27 176 181 138 117 28 148 48 50 152 158 159 166 169 170 172 139 168 34 133 73 177 55 118 180 132 136 122 163 157 16 9 114 20 121 155 160 162 167 141 33 185 186 124 128 107 86 147 129 35 184 143 173 98 191 31 60 153 52 120 110 119 44 164 80 190 67 85 174 18 99 187 171 46 145 165 161 194 154 182 151 77 134 97 64 189 197 188 193 95 74 150 49 10 123 109 137 130 106 140 175 115 135 179 8 131 144 127 142 195 183 126 146 125 108 116 178 111 192 149 41 113 43 104 112 196
73 73 86 143 136 122 155 162 27 35 181 95 10 191 67 74 174 156 85 97 133 99 120 145 128 107 117 28 148 48 50 152 158 159 166 169 170 172 124 104 34 176 141 179 21 168 180 130 140 150 129 132 137 187 112 146 9 196 138 183 55 139 182 175 16 149 114 20 121 160 167 134 194 189 197 46 52 33 157 80 190 184 185 186 135 109 49 178 173 142 177 8 106 171 153 110 147 119 44 60 98 163 164 111 192 126 127 195 31 18 118 151 77 115 123 165 144 161 154 131 64 188 193 108 116 125 41 113 43
158 158 117 28 148 48 50 152 159 166 169 170 172 168 160 167 121 114 20 155 162 157 163 60 98 156 147 119 44 110 164 171 151 77 165 18 97 86 123 115 161 99 154 130 140 150 73 144 74 138 146 64 131 188 193 125 139 136 116 108 153 16 43 149 113 41 142 126 33 194 185 186 106 127 195 46 55 178 137 129 182 135 187 128 9 122 8 133 180 132 95 85 124 118 176 21 143 173 134 35 189 197 177 191 184 174 67 145 181 183 10 120 104 175 109 179 141 27 49 112 31 34 196 111 192 52 80 190 107
99 99 140 133 136 128 132 155 162 141 124 163 97 176 123 85 181 174 122 67 74 35 143 21 134 86 120 189 197 187 107 154 73 46 98 117 191 138 28 148 48 50 152 158 159 166 169 170 172 104 27 10 95 145 177 173 182 118 43 139 179 137 34 135 52 168 80 190 111 31 180 192 178 175 109 194 106 183 49 114 20 121 160 167 184 116 146 129 127 9 195 153 41 16 8 112 196 33 185 186 110 147 119 44 60 156 157 164 171 55 144 151 77 126 125 64 188 193 115 18 165 130 150 131 108 161 149 113 142
159 159 117 28 148 48 50 152 158 166 169 170 172 168 160 167 121 114 20 155 162 157 163 60 98 156 147 119 44 110 164 171 151 77 165 18 97 86 123 115 161 99 154 130 140 150 73 144 74 138 146 64 131 188 193 125 139 136 116 108 153 16 43 149 113 41 142 126 33 194 185 186 106 127 195 46 55 178 137 129 182 135 187 128 9 122 8 133 180 132 95 85 124 118 176 21 143 173 134 35 189 197 177 191 184 174 67 145 181 183 10 120 104 175 109 179 141 27 49 112 31 34 196 111 192 52 80 190 107
162 162 136 155 97 73 117 28 148 48 50 152 158 159 166 169 170 172 99 67 74 168 121 160 167 133 114 20 129 98 85 156 163 157 86 60 119 44 95 104 147 124 143 110 164 181 171 120 151 77 165 138 161 27 18 176 122 123 187 154 182 139 150 130 178 140 174 145 144 115 191 153 131 180 126 146 125 142 55 108 64 116 9 188 193 16 43 46 194 21 175 33 106 185 186 179 107 149 135 137 113 184 128 141 127 195 52 41 80 190 132 134 118 189 197 183 8 173 177 34 35 10 109 112 49 196 31 111 192
164 164 177 127 195 173 187 147 113 171 182 117 115 28 148 48 50 152 158 159 166 169 170 172 144 8 109 131 132 21 41 43 183 157 149 168 49 31 163 178 114 20 121 155 160 162 167 52 141 106 80 190 176 34 18 111 192 175 46 135 142 60 179 98 156 180 110 119 44 9 191 165 150 107 184 139 124 99 123 154 64 188 193 125 151 77 122 129 161 136 153 86 97 146 194 130 112 145 133 196 137 67 138 134 189 197 140 181 74 174 73 85 143 55 128 108 116 126 16 33 95 185 186 118 104 27 10 35 120
166 166 117 28 148 48 50 152 158 159 169 170 172 168 160 167 121 114 20 155 162 157 163 60 98 156 147 119 44 110 164 171 151 77 165 18 97 86 123 115 161 99 154 130 140 150 73 144 74 138 146 64 131 188 193 125 139 136 116 108 153 16 43 149 113 41 142 126 33 194 185 186 106 127 195 46 55 178 137 129 182 135 187 128 9 122 8 133 180 132 95 85 124 118 176 21 143 173 134 35 189 197 177 191 184 174 67 145 181 183 10 120 104 175 109 179 141 27 49 112 31 34 196 111 192 52 80 190 107
168 168 55 117 28 148 48 50 152 158 159 166 169 170 172 116 33 185 186 121 129 160 167 114 20 155 162 98 156 157 21 184 163 119 44 122 10 109 104 176 60 147 174 134 110 164 124 189 197 18 171 181 86 120 144 27 165 130 151 77 139 140 136 161 133 138 123 187 191 85 154 97 142 143 99 106 150 73 9 173 115 182 153 180 131 67 194 74 125 137 108 64 46 188 193 126 135 132 146 107 177 145 34 128 141 16 43 95 127 195 149 118 113 8 183 41 178 175 35 179 49 112 196 31 111 192 52 80 190
169 169 117 28 148 48 50 152 158 159 166 170 172 168 160 167 121 114 20 155 162 157 163 60 98 156 147 119 44 110 164 171 151 77 165 18 97 86 123 115 161 99 154 130 140 150 73 144 74 138 146 64 131 188 193 125 139 136 116 108 153 16 43 149 113 41 142 126 33 194 185 186 106 127 195 46 55 178 137 129 182 135 187 128 9 122 8 133 180 132 95 85 124 118 176 21 143 173 134 35 189 197 177 191 184 174 67 145 181 183 10 120 104 175 109 179 141 27 49 112 31 34 196 111 192 52 80 190 107
170 170 117 28 148 48 50 152 158 159 166 169 172 168 160 167 121 114 20 155 162 157 163 60 98 156 147 119 44 110 164 171 151 77 165 18 97 86 123 115 161 99 154 130 140 150 73 144 74 138 146 64 131 188 193 125 139 136 116 108 153 16 43 149 113 41 142 126 33 194 185 186 106 127 195 46 55 178 137 129 182 135 187 128 9 122 8 133 180 132 95 85 124 118 176 21 143 173 134 35 189 197 177 191 184 174 67 145 181 183 10 120 104 175 109 179 141 27 49 112 31 34 196 111 192 52 80 190 107
171 171 8 142 127 195 173 77 187 147 164 113 149 182 116 109 177 117 115 28 148 48 50 152 158 159 166 169 170 172 144 135 183 112 196 49 31 178 111 192 157 131 34 52 80 190 106 179 41 43 168 175 18 191 122 180 114 20 121 155 160 162 167 107 46 163 184 95 9 98 124 156 150 141 145 110 119 44 60 139 176 136 153 138 21 97 67 129 86 146 151 132 85 165 55 181 194 64 143 99 188 193 161 133 174 134 189 197 125 140 123 73 154 137 130 74 108 104 128 118 16 33 185 186 126 27 35 120 10
172 172 117 28 148 48 50 152 158 159 166 169 170 168 160 167 121 114 20 155 162 157 163 60 98 156 147 119 44 110 164 171 151 77 165 18 97 86 123 115 161 99 154 130 140 150 73 144 74 138 146 64 131 188 193 125 139 136 116 108 153 16 43 149 113 41 142 126 33 194 185 186 106 127 195 46 55 178 137 129 182 135 187 128 9 122 8 133 180 132 95 85 124 118 176 21 143 173 134 35 189 197 177 191 184 174 67 145 181 183 10 120 104 175 109 179 141 27 49 112 31 34 196 111 192 52 80 190 107
67 67 16 178 175 35 136 10 191 115 182 155 162 174 77 46 165 86 143 146 41 97 130 113 118 112 196 73 126 99 85 133 74 128 106 132 52 80 190 27 124 181 137 183 109 153 194 176 187 60 21 122 34 127 154 104 195 31 49 151 163 108 8 140 116 177 184 55 141 156 139 161 98 142 138 123 129 114 157 173 150 180 160 167 147 171 111 135 179 192 164 145 9 20 18 64 188 193 144 131 125 134 43 168 95 189 197 33 185 186 107 110 120 149 119 121 117 28 148 48 50 152 158 159 166 169 170 172 44
176 176 21 124 156 181 174 187 98 138 182 123 97 99 133 143 177 139 55 35 9 128 74 146 116 33 185 186 135 168 16 118 132 41 27 164 85 73 31 120 173 104 10 154 136 184 140 67 141 122 86 178 155 162 137 109 129 153 194 95 161 110 20 117 134 28 148 48 50 152 158 159 166 169 170 172 126 189 197 145 127 49 179 150 195 180 191 113 46 34 115 149 111 130 114 192 171 107 144 163 142 131 64 119 151 188 193 175 52 112 106 80 190 196 157 183 108 18 147 8 125 43 165 60 121 160 167 77 44
181 181 27 124 176 174 187 156 98 182 34 16 138 97 33 185 186 73 143 123 99 180 74 55 116 146 136 133 41 139 128 184 153 21 135 129 10 85 67 104 194 95 86 35 168 137 9 140 132 31 155 162 118 178 145 120 144 20 161 157 46 134 149 49 151 189 197 111 192 141 130 127 109 195 18 183 154 126 125 179 112 122 196 142 108 150 110 191 173 115 131 147 163 175 106 177 119 107 43 171 164 64 188 193 113 52 8 80 190 165 60 114 121 160 167 77 44 117 28 148 48 50 152 158 159 166 169 170 172
191 191 175 122 115 67 41 118 130 150 109 140 74 73 146 31 178 112 149 49 196 85 142 183 34 106 111 192 55 179 133 35 147 182 127 99 195 171 8 18 46 114 9 110 135 86 154 16 136 128 168 157 97 143 104 129 164 187 131 173 95 177 155 162 77 10 132 137 52 64 80 190 188 193 123 125 98 60 174 134 117 189 197 21 28 148 48 50 152 158 159 166 169 170 172 194 165 176 124 20 139 180 153 161 145 181 138 126 27 120 116 184 144 108 113 156 151 160 167 107 33 119 185 186 163 43 121 141 44
187 187 127 195 124 182 147 164 174 176 181 171 98 115 41 144 43 131 123 97 113 149 135 143 178 99 138 74 146 116 16 177 8 33 185 186 183 142 31 175 112 125 109 106 67 196 180 173 55 128 46 114 168 191 110 117 49 28 148 48 50 152 158 159 166 169 170 172 111 73 157 20 150 192 153 9 184 139 155 162 122 35 133 129 136 34 85 118 179 194 134 189 197 10 126 154 156 18 132 137 161 64 104 21 188 193 107 145 95 52 80 190 60 86 140 151 108 27 130 120 77 165 163 119 121 141 160 167 44
174 174 10 124 181 176 187 143 130 98 67 86 182 85 55 97 123 128 73 99 118 138 74 104 146 132 168 116 122 16 33 185 186 41 134 27 189 197 154 191 178 112 196 140 111 192 139 136 184 46 163 175 135 133 153 141 35 9 109 156 155 162 150 129 60 49 194 20 157 115 161 149 151 43 95 147 165 137 180 117 110 125 127 28 148 48 50 152 158 159 166 169 170 172 173 126 195 131 34 113 160 167 21 52 64 80 190 188 193 142 164 144 114 171 179 120 183 145 108 44 106 119 121 31 177 77 18 8 107
182 182 178 127 195 187 115 124 77 165 46 113 146 67 147 164 174 176 181 171 98 41 144 175 43 106 112 196 131 8 97 123 149 183 135 143 114 74 177 191 99 138 173 142 116 110 16 117 28 148 48 50 152 158 159 166 169 170 172 33 132 52 185 186 184 168 80 190 180 60 49 20 157 130 122 109 140 155 162 31 134 73 189 197 55 128 129 35 108 34 150 125 161 9 153 111 126 192 179 118 85 136 133 139 156 64 188 193 194 10 86 154 137 151 18 95 104 21 145 160 167 107 27 120 163 119 121 141 44
195 195 127 187 147 182 164 171 115 144 43 113 41 131 149 178 135 177 8 109 175 173 183 142 77 116 106 180 31 49 112 196 125 114 165 46 150 111 124 192 191 34 60 157 117 110 28 148 48 50 152 158 159 166 169 170 172 67 64 160 167 20 188 193 179 174 134 98 137 168 189 197 18 163 194 107 52 153 80 190 74 176 129 126 118 181 55 161 95 151 132 155 162 97 146 154 122 184 120 9 99 139 35 10 156 133 128 33 185 186 108 73 121 141 123 104 130 138 21 119 44 145 27 136 16 140 86 143 85
189 189 134 197 173 165 140 125 131 43 139 126 9 55 133 135 10 137 95 104 177 8 109 99 145 168 174 179 149 120 27 194 31 49 161 110 122 85 129 18 118 34 183 138 112 35 196 150 64 188 193 111 130 181 154 192 46 164 98 97 67 128 132 74 180 171 178 116 191 113 73 156 21 127 147 182 143 195 119 176 187 124 33 185 186 142 144 151 60 136 86 41 108 107 77 153 115 163 175 106 52 16 80 190 155 162 121 157 20 114 160 167 146 117 28 148 48 50 152 158 159 166 169 170 172 123 44 141 184
173 173 177 8 134 189 197 164 77 171 113 109 149 165 135 31 49 132 183 21 111 192 34 127 195 139 142 140 131 179 125 178 147 18 43 182 9 150 176 112 126 196 46 187 163 141 180 52 129 80 190 115 175 118 157 106 144 191 55 116 122 156 99 41 60 138 64 188 193 10 137 110 108 67 161 104 184 128 154 123 35 174 74 160 167 151 194 133 95 130 27 114 181 124 168 146 153 145 98 143 86 85 97 33 16 120 185 186 44 20 136 73 155 162 119 117 28 148 48 50 152 158 159 166 169 170 172 121 107
197 197 134 189 173 165 140 125 131 43 139 126 9 55 133 135 10 137 95 104 177 8 109 99 145 168 174 179 149 120 27 194 31 49 161 110 122 85 129 18 118 34 183 138 112 35 196 150 64 188 193 111 130 181 154 192 46 164 98 97 67 128 132 74 180 171 178 116 191 113 73 156 21 127 147 182 143 195 119 176 187 124 33 185 186 142 144 151 60 136 86 41 108 107 77 153 115 163 175 106 52 16 80 190 155 162 121 157 20 114 160 167 146 117 28 148 48 50 152 158 159 166 169 170 172 123 44 141 184
194 194 153 137 20 151 157 46 161 145 108 180 16 149 125 41 43 126 35 132 104 27 67 49 106 9 181 52 80 190 129 124 118 144 163 150 95 98 110 184 176 141 146 114 116 178 160 167 182 187 174 109 77 31 134 147 115 34 189 197 131 165 21 60 175 99 113 135 191 8 122 136 173 33 143 185 186 156 139 127 10 120 195 179 55 171 74 86 133 112 164 168 85 196 177 117 28 148 48 50 152 158 159 166 169 170 172 111 138 123 128 64 192 119 188 193 142 73 121 140 154 107 130 18 97 183 44 155 162
185 185 33 186 184 55 129 168 27 181 124 116 52 174 80 190 156 176 98 160 167 187 138 109 117 28 148 48 50 152 158 159 166 169 170 172 16 97 143 34 155 162 120 182 133 136 60 163 137 73 128 122 20 145 107 95 135 31 85 74 10 111 77 139 192 157 141 194 146 134 183 180 132 189 197 123 179 104 99 151 41 153 127 195 67 49 21 191 165 18 112 114 196 86 147 121 144 161 46 110 164 150 118 154 113 35 173 108 130 171 177 119 44 64 115 175 188 193 43 149 126 140 125 142 131 9 178 8 106
186 186 33 185 184 55 129 168 27 181 124 116 52 174 80 190 156 176 98 160 167 187 138 109 117 28 148 48 50 152 158 159 166 169 170 172 16 97 143 34 155 162 120 182 133 136 60 163 137 73 128 122 20 145 107 95 135 31 85 74 10 111 77 139 192 157 141 194 146 134 183 180 132 189 197 123 179 104 99 151 41 153 127 195 67 49 21 191 165 18 112 114 196 86 147 121 144 161 46 110 164 150 118 154 113 35 173 108 130 171 177 119 44 64 115 175 188 193 43 149 126 140 125 142 131 9 178 8 106
188 188 64 193 44 131 9 118 31 112 196 111 110 192 150 126 161 60 74 49 183 107 175 34 121 130 154 117 28 148 48 50 152 158 159 166 169 170 172 165 141 191 145 41 134 120 189 197 135 123 133 137 85 18 164 179 127 43 171 10 195 115 160 167 173 8 119 109 113 21 114 163 139 194 142 149 156 86 177 143 132 55 77 67 122 144 98 138 140 153 95 129 187 136 174 147 108 151 176 52 104 16 80 190 182 125 35 106 20 155 162 168 46 128 116 99 184 146 180 178 27 124 181 97 73 157 33 185 186
193 193 64 188 44 131 9 118 31 112 196 111 110 192 150 126 161 60 74 49 183 107 175 34 121 130 154 117 28 148 48 50 152 158 159 166 169 170 172 165 141 191 145 41 134 120 189 197 135 123 133 137 85 18 164 179 127 43 171 10 195 115 160 167 173 8 119 109 113 21 114 163 139 194 142 149 156 86 177 143 132 55 77 67 122 144 98 138 140 153 95 129 187 136 174 147 108 151 176 52 104 16 80 190 182 125 35 106 20 155 162 168 46 128 116 99 184 146 180 178 27 124 181 97 73 157 33 185 186
