128 544 571 605 636 846 1410 1480 1500 1514 1799
257 529 555 585 630 696 785 811 880 1385 1398 1445
389 531 558 631 646 648 655 694 772 1452
6 6 491 499 514 516 526 529 531 533 544 548 551 552 555 558 559 560 571 585 589 596 602 605 615 616 618 630 631 636 640 644 646 647 648 655 657 675 693 694 696 731 737 759 772 776 785 802 811 812 846 853 880 1385 1398 1410 1416 1421 1445 1448 1452 1457 1480 1499 1500 1506 1514 1522 1556 1572 1594 1618 1622 1666 1770 1799
5 531 548 555 558 596 630 631 640 646 655 657 694 696 731 772
11 491 526 529 555 585 589 602 618 630 636 696 776 785 811 880 1385 1398 1421 1445 1499 1594 1618
140 529 533 551 560 585 785 811 1385 1398 1421 1506 1618
15 812 1425 1481 1629 1748
144 529 785 811 880 1398 1445
19 812 1425 1481 1629 1748
148 516 571 636 644 759 802 1410 1500 1514 1799
22 531 548 558 596 631 640 646 648 655 694 731 772 1452
416 416 514 552 559 605 693 737 802 812 1425 1452 1457 1480 1481 1572 1629 1748 1770
33 529 785 811 880 1398 1445
163 491 514 552 559 693
50 50 125 416 491 499 514 516 526 527 529 531 533 544 548 551 552 555 558 559 560 571 585 589 596 602 605 612 615 616 618 630 631 636 640 644 646 647 648 655 657 675 693 694 696 731 737 759 772 776 785 802 811 812 818 840 846 853 880 1385 1398 1410 1416 1421 1425 1445 1448 1452 1457 1480 1481 1499 1500 1506 1514 1522 1556 1572 1594 1618 1622 1629 1666 1748 1770 1799
178 1 98 118 124 159 167 171 173 175 178 182 184 441
60 60 432 491 516 526 527 529 533 548 551 555 560 571 585 589 596 602 605 612 615 616 618 630 636 640 644 646 647 648 657 675 696 731 737 759 776 785 802 811 818 840 853 880 1385 1398 1410 1416 1421 1445 1448 1457 1499 1500 1506 1514 1522 1556 1572 1594 1618 1622 1666 1770 1799
74 527 548 596 612 616 640 644 647 731 759 776 840 1499 1522
78 78 491 499 514 526 529 531 533 548 551 552 555 558 559 560 571 585 589 596 602 612 616 618 630 631 636 640 644 646 647 648 655 657 675 693 694 696 731 759 772 776 785 811 818 880 1385 1398 1421 1445 1452 1499 1500 1506 1522 1594 1618
340 531 558 631 646 648 655 694 772 1452
89 529 560 785 811 1398
92 1421 1506 1618
355 355 491 499 526 527 529 531 548 555 558 560 571 585 589 596 602 612 615 616 618 630 631 636 640 644 646 647 648 655 657 675 694 696 731 759 772 776 785 811 818 840 853 1385 1398 1421 1448 1499 1500 1506 1522 1556 1594 1618 1622 1666
103 529 533 551 555 585 630 696
108 36 108 176 228 234 289 318 423 466 469 475 476 477 479 480 1369
109 514 552 559 693
119 119 491 499 526 527 529 531 548 555 558 559 560 571 585 589 596 602 612 615 616 618 630 631 636 640 644 646 647 648 655 657 675 694 696 731 759 772 776 785 811 818 840 853 1385 1398 1416 1421 1448 1499 1500 1506 1522 1556 1594 1618 1622 1666
122 526 571 589 602 615 636 675 1416 1448 1500 1514 1594 1622 1666 1799
124 124 178 302
125 514 559 605 802 812 1452 1480 1481 1629
