0 0 1 4 8 16 20 36 38 39 48 49 51 53 94 95 98 105 111 118 119 120 121 132 137 138 161 171 175 178 179 182 310 388 440 441 447 473 476
2 2 60 166 168 170 172 181 184 209 215 223 225 227 253 273 280 287 296 297 299 309 321 323 325 326 327 333 334 335 337 420 421 422 426 427 428 431 432
5 0 1 2 3 4 5 6 7 8 9 10 11 12 13 14 15 16 17 18 19 20 21 22 23 24 25 26 27 28 29 30 31 32 33 34 35 37 38 39 40 41 42 43 44 45 46 47 50 51 52 53 54 55 56 57 58 59 60 61 62 63 64 65 66 67 68 69 70 71 72 73 74 75 76 77 78 79 80 81 82 83 84 85 86 87 88 89 90 91 92 93 94 96 97 98 99 100 101 102 103 104 105 106 107 108 109 110 111 112 113 114 115 116 117 118 119 121 122 123 124 125 126 127 128 129 130 131 133 135 136 137 138 139 140 141 142 143 144 145 146 147 148 150 151 152 153 154 155 156 157 158 159 162 163 164 165 166 167 168 169 170 171 173 174 175 177 178 181 183 184 185 186 187 189 191 192 193 194 195 197 199 201 203 204 205 207 212 215 217 218 221 223 224 225 227 230 232 235 237 238 240 242 243 244 245 248 249 251 253 256 257 258 259 260 261 262 263 266 267 268 269 270 271 272 273 274 276 277 278 279 280 282 285 287 288 291 294 295 296 297 298 299 300 301 304 305 306 307 308 309 311 312 313 314 317 319 321 322 323 324 325 326 327 328 329 330 331 332 333 335 336 337 339 340 341 342 343 345 346 347 348 349 351 353 354 355 356 357 358 359 367 369 371 372 374 375 376 378 379 380 381 383 384 387 389 390 391 394 396 397 398 399 400 401 402 403 404 407 409 411 416 417 418 421 422 426 427 430 438 439 442 448 450 452 474 478 483 485
6 0 1 2 3 4 5 6 7 8 9 10 11 12 13 14 15 16 17 18 19 20 21 22 23 24 25 26 27 28 29 30 31 32 33 34 35 37 38 39 40 41 42 43 44 45 46 47 49 50 51 52 53 54 55 56 57 58 59 60 61 62 63 64 65 66 67 68 69 70 71 72 73 74 75 76 77 78 79 80 81 82 83 84 85 86 87 88 89 90 91 92 93 94 95 96 97 98 99 100 101 102 103 104 105 106 107 108 109 110 111 112 113 114 115 116 117 118 119 121 122 123 124 125 126 127 128 129 130 131 132 133 135 136 137 138 139 140 141 142 143 144 145 146 147 148 150 151 152 153 154 155 156 157 158 159 162 163 164 165 166 167 168 169 170 171 173 174 175 177 178 181 183 184 185 186 187 188 189 191 192 193 194 195 196 197 198 199 200 201 202 203 204 205 207 212 214 215 216 217 218 221 222 223 224 225 227 230 232 235 237 238 240 241 242 243 244 245 246 248 249 251 253 254 256 257 258 259 260 261 262 266 267 268 269 270 271 272 273 274 276 277 278 279 280 282 283 284 285 287 288 291 294 295 296 297 298 299 300 301 302 303 304 305 306 307 308 309 311 312 313 314 315 316 317 319 320 321 322 323 324 325 326 327 328 329 330 331 332 333 335 336 337 339 340 341 342 343 344 345 346 347 348 349 351 352 353 354 355 356 357 358 359 367 368 369 371 372 373 374 375 376 377 378 379 380 381 383 384 387 389 390 391 394 396 397 398 399 400 401 402 403 404 407 409 410 411 415 416 417 418 421 422 426 427 430 434 435 436 439 442 443 448 450 452 474 478 483 485
10 0 1 2 3 4 5 6 7 8 9 10 11 12 13 14 15 16 17 18 19 20 21 22 23 24 25 26 27 28 29 30 31 32 33 34 35 37 38 39 40 41 42 43 44 45 46 47 49 50 51 52 53 54 55 56 57 58 59 60 61 62 63 64 65 66 67 68 69 70 71 72 73 74 75 76 77 78 79 80 81 82 83 84 85 86 87 88 89 90 91 92 93 94 95 96 97 98 99 100 101 102 103 104 105 106 107 108 109 110 111 112 113 114 115 116 117 118 119 121 122 123 124 125 126 127 128 129 130 131 133 135 136 137 138 139 140 141 142 143 144 145 146 147 148 150 151 152 153 154 155 156 157 158 159 162 163 164 165 166 167 168 169 170 171 173 174 175 177 178 181 183 184 185 186 187 189 191 192 193 194 195 196 197 199 201 202 203 204 205 207 212 214 215 217 218 221 222 223 224 225 227 230 232 235 237 238 240 242 243 244 245 248 249 251 253 254 256 257 258 259 260 261 262 266 267 268 269 270 271 272 273 274 276 277 278 279 280 282 283 284 285 287 288 291 294 295 296 297 298 299 300 301 303 304 305 306 307 308 309 311 312 313 314 317 319 321 322 323 324 325 326 327 328 329 330 331 332 333 335 336 337 339 340 341 342 343 344 345 346 347 348 349 351 353 354 355 356 357 358 359 367 369 371 372 373 374 375 376 378 379 380 381 383 384 387 389 390 391 394 396 397 398 399 400 401 402 403 404 407 409 410 411 416 417 418 421 422 426 427 430 439 442 448 450 452 474 478 483 485
11 0 1 2 3 4 5 6 7 8 9 10 11 12 13 14 15 16 17 18 19 20 21 22 23 24 25 26 27 28 29 30 31 32 33 34 35 37 38 39 40 41 42 43 44 45 46 47 50 51 52 53 54 55 56 57 58 59 60 61 62 63 64 65 66 67 68 69 70 71 72 73 74 75 76 77 78 79 80 81 82 83 84 85 86 87 88 89 90 91 92 93 94 96 97 98 99 100 101 102 103 104 105 106 107 108 109 110 111 112 113 114 115 116 117 118 119 121 122 123 124 125 126 127 128 129 130 131 133 135 136 137 138 139 140 141 142 143 144 145 146 147 148 150 151 152 153 154 155 156 157 158 159 162 163 164 165 166 167 168 169 170 171 173 174 175 177 178 181 183 184 185 186 187 189 191 192 193 194 195 197 199 201 203 204 205 207 212 214 215 217 218 221 223 224 225 227 230 232 235 237 238 240 242 243 244 245 248 249 251 253 256 257 258 259 260 261 262 266 267 268 269 270 271 272 273 274 276 277 278 279 280 282 285 287 288 291 294 295 296 297 298 299 300 301 304 305 306 307 308 309 311 312 313 314 317 319 321 322 323 324 325 326 327 328 329 330 331 332 333 335 336 337 339 340 341 342 343 345 346 347 348 349 351 353 354 355 356 357 358 359 360 361 367 369 371 372 374 375 376 377 378 379 380 381 383 384 387 389 390 391 394 396 397 398 399 400 401 402 403 404 407 409 411 416 417 418 421 422 426 427 430 439 442 448 450 452 474 478 483 485
15 3 13 15 26 57 65 81 97 169 173 193 206 231 284 300 302 303 304 305 369 370 371 372 373 374 375 386 395 416 430 459 481
16 4 8 16 20 38 39 48 49 51 94 95 105 118 119 120 121 132 137 138 310 388 440 447 473 476
19 19 34 146 195 201 203 205 224 229 243 258 261 265 268 270 272 279 285 295 322 330 332 382 392 393 396 397 398 400 401 402 403 410 411 412 413 415 417 418 455
22 22 45 80 189 196 198 228 234 246 288 289 294 315 316 317 318 319 320 392 425 436 438 446 451 466 477 479 480
25 0 1 2 3 4 5 6 7 8 9 10 11 12 13 14 15 16 17 18 19 20 21 22 23 24 25 26 27 28 29 30 31 32 33 34 35 37 38 39 40 41 42 43 44 45 46 47 50 51 52 53 54 55 56 57 58 59 60 61 62 63 64 65 66 67 68 69 70 71 72 73 74 75 76 77 78 79 80 81 82 83 84 85 86 87 88 89 90 91 92 93 94 96 97 98 99 100 101 102 103 104 105 106 107 108 109 110 111 112 113 114 115 116 117 118 119 121 122 123 124 125 126 127 128 129 130 131 133 135 136 137 138 139 140 141 142 143 144 145 146 147 148 150 151 152 153 154 155 156 157 158 159 162 163 164 165 166 167 168 169 170 171 173 174 175 177 178 181 183 184 185 186 187 189 191 192 193 194 195 197 199 201 203 204 205 207 212 215 217 218 221 223 224 225 227 230 232 235 237 238 240 242 243 244 245 248 249 251 253 256 257 258 259 260 261 262 266 267 268 269 270 271 272 273 274 276 277 278 279 280 282 285 287 288 291 294 295 296 297 298 299 300 301 304 305 306 307 309 311 312 313 314 317 319 321 322 323 324 325 326 327 328 329 330 331 332 333 335 336 337 339 340 341 342 343 345 346 347 348 349 351 353 354 355 356 357 358 359 367 371 372 374 375 376 378 379 380 381 383 384 387 389 390 391 394 396 397 398 399 400 401 403 404 407 409 411 416 417 418 421 422 426 427 430 434 439 442 448 450 452 455 474 478 483 485
27 27 45 189 196 198 234 246 288 289 294 315 316 317 318 319 320 425 436 446 451 466 477 479 480
29 0 1 2 3 4 5 6 7 8 9 10 11 12 13 14 15 16 17 18 19 20 21 22 23 24 25 26 27 28 29 30 31 32 33 34 35 37 38 39 40 41 42 43 44 45 46 47 50 51 52 53 54 55 56 57 58 59 60 61 62 63 64 65 66 67 68 69 70 71 72 73 74 75 76 77 78 79 80 81 82 83 84 85 86 87 88 89 90 91 92 93 94 96 97 98 99 100 101 102 103 104 105 106 107 108 109 110 111 112 113 114 115 116 117 118 119 121 122 123 124 125 126 127 128 129 130 131 133 135 136 137 138 139 140 141 142 143 144 145 146 147 148 150 151 152 153 154 155 156 157 158 159 162 163 164 165 166 167 168 169 170 171 173 174 175 177 178 181 183 184 185 186 187 189 191 192 193 194 195 197 199 201 203 204 205 207 212 215 217 218 221 223 224 225 227 230 232 235 237 238 240 242 243 244 245 248 249 251 253 254 256 257 258 259 260 261 262 266 267 268 269 270 271 272 273 274 276 277 278 279 280 282 285 287 288 291 294 295 296 297 298 299 300 301 304 305 306 307 308 309 311 312 313 314 317 319 321 322 323 324 325 326 327 328 329 330 331 332 333 335 336 337 339 340 341 342 343 345 346 347 348 349 351 353 354 355 356 357 358 359 367 369 371 372 374 375 376 378 379 380 381 383 384 387 389 390 391 394 396 397 398 399 400 401 402 403 404 407 409 411 416 417 418 421 422 426 427 430 439 442 448 450 452 474 478 483 485
33 0 1 2 3 4 5 6 7 8 9 10 11 12 13 14 15 16 17 18 19 20 21 22 23 24 25 26 27 28 29 30 31 32 33 34 35 37 38 39 40 41 42 43 44 45 46 47 49 50 51 52 53 54 55 56 57 58 59 60 61 62 63 64 65 66 67 68 69 70 71 72 73 74 75 76 77 78 79 80 81 82 83 84 85 86 87 88 89 90 91 92 93 94 95 96 97 98 99 100 101 102 103 104 105 106 107 108 109 110 111 112 113 114 115 116 117 118 119 121 122 123 124 125 126 127 128 129 130 131 133 135 136 137 138 139 140 141 142 143 144 145 146 147 148 150 151 152 153 154 155 156 157 158 159 162 163 164 165 166 167 168 169 170 171 173 174 175 177 178 181 183 184 185 186 187 188 189 191 192 193 194 195 196 197 199 201 203 204 205 207 212 215 217 218 221 222 223 224 225 227 230 232 235 237 238 240 242 243 244 245 248 249 251 253 254 256 257 258 259 260 261 262 266 267 268 269 270 271 272 273 274 276 277 278 279 280 282 283 284 285 287 288 291 294 295 296 297 298 299 300 301 302 303 304 305 306 307 308 309 311 312 313 314 315 317 319 321 322 323 324 325 326 327 328 329 330 331 332 333 335 336 337 339 340 341 342 343 344 345 346 347 348 349 351 353 354 355 356 357 358 359 367 369 371 372 373 374 375 376 378 379 380 381 383 384 387 389 390 391 394 396 397 398 399 400 401 402 403 404 407 409 410 411 416 417 418 421 422 426 427 430 436 439 442 448 450 452 458 474 478 483 485
37 0 1 2 3 4 5 6 7 8 9 10 11 12 13 14 15 16 17 18 19 20 21 22 23 24 25 26 27 28 29 30 31 32 33 34 35 37 38 39 40 41 42 43 44 45 46 47 49 50 51 52 53 54 55 56 57 58 59 60 61 62 63 64 65 66 67 68 69 70 71 72 73 74 75 76 77 78 79 80 81 82 83 84 85 86 87 88 89 90 91 92 93 94 95 96 97 98 99 100 101 102 103 104 105 106 107 108 109 110 111 112 113 114 115 116 117 118 119 121 122 123 124 125 126 127 128 129 130 131 132 133 135 136 137 138 139 140 141 142 143 144 145 146 147 148 150 151 152 153 154 155 156 157 158 159 162 163 164 165 166 167 168 169 170 171 173 174 175 177 178 181 183 184 185 186 187 188 189 191 192 193 194 195 196 197 199 201 202 203 204 205 207 212 215 216 217 218 221 222 223 224 225 227 230 232 235 237 238 240 241 242 243 244 245 246 248 249 251 253 254 256 257 258 259 260 261 262 266 267 268 269 270 271 272 273 274 276 277 278 279 280 282 283 284 285 287 288 291 294 295 296 297 298 299 300 301 302 303 304 305 306 307 308 309 311 312 313 314 315 317 319 321 322 323 324 325 326 327 328 329 330 331 332 333 335 336 337 339 340 341 342 343 344 345 346 347 348 349 351 352 353 354 355 356 357 358 359 367 368 369 371 372 373 374 375 376 377 378 379 380 381 383 384 387 389 390 391 394 396 397 398 399 400 401 402 403 404 407 409 410 411 416 417 418 421 422 426 427 430 436 439 442 448 450 452 474 478 483 485 486
38 8 38 39 49 95 119 120 121 132 138 310 440
40 0 1 2 3 4 5 6 7 8 9 10 11 12 13 14 15 16 17 18 19 20 21 22 23 24 25 26 27 28 29 30 31 32 33 34 35 37 38 39 40 41 42 43 44 45 46 47 50 51 52 53 54 55 56 57 58 59 60 61 62 63 64 65 66 67 68 69 70 71 72 73 74 75 76 77 78 79 80 81 82 83 84 85 86 87 88 89 90 91 92 93 94 96 97 98 99 100 101 102 103 104 105 106 107 108 109 110 111 112 113 114 115 116 117 118 119 121 122 123 124 125 126 127 128 129 130 131 133 135 136 137 138 139 140 141 142 143 144 145 146 147 148 150 151 152 153 154 155 156 157 158 159 162 163 164 165 166 167 168 169 170 171 173 174 175 177 178 181 183 184 185 186 187 189 191 192 193 194 195 197 199 201 203 204 205 207 212 214 215 217 218 221 223 224 225 227 230 232 235 237 238 240 242 243 244 245 248 249 251 253 256 257 258 259 260 261 262 266 267 268 269 270 271 272 273 274 276 277 278 279 280 282 285 287 288 291 294 295 296 297 298 299 300 301 304 305 306 307 309 311 312 313 314 317 319 321 322 323 324 325 326 327 328 329 330 331 332 333 335 336 337 339 340 341 342 343 345 346 347 348 349 351 353 354 355 356 357 358 359 367 371 372 374 375 376 377 378 379 380 381 383 384 387 389 390 391 394 396 397 398 399 400 401 403 404 407 409 411 416 417 418 421 422 426 427 430 439 442 448 450 452 458 474 478 483 485
41 2 41 60 62 72 74 75 79 82 100 109 128 148 162 166 168 170 172 174 181 184 191 207 209 215 223 225 227 248 249 252 253 273 274 280 281 287 296 297 299 306 309 321 323 325 326 327 333 334 335 337 358 360 420 421 422 426 427 428 431 483 485
42 0 1 2 3 4 5 6 7 8 9 10 11 12 13 14 15 16 17 18 19 20 21 22 23 24 25 26 27 28 29 30 31 32 33 34 35 37 38 39 40 41 42 43 44 45 46 47 49 50 51 52 53 54 55 56 57 58 59 60 61 62 63 64 65 66 67 68 69 70 71 72 73 74 75 76 77 78 79 80 81 82 83 84 85 86 87 88 89 90 91 92 93 94 95 96 97 98 99 100 101 102 103 104 105 106 107 108 109 110 111 112 113 114 115 116 117 118 119 121 122 123 124 125 126 127 128 129 130 131 132 133 135 136 137 138 139 140 141 142 143 144 145 146 147 148 150 151 152 153 154 155 156 157 158 159 162 163 164 165 166 167 168 169 170 171 173 174 175 177 178 181 183 184 185 186 187 188 189 191 192 193 194 195 196 197 198 199 201 202 203 204 205 207 212 214 215 216 217 218 221 222 223 224 225 227 230 232 235 237 238 240 241 242 243 244 245 246 248 249 251 253 254 256 257 258 259 260 261 262 266 267 268 269 270 271 272 273 274 276 277 278 279 280 282 283 284 285 287 288 291 294 295 296 297 298 299 300 301 302 303 304 305 306 307 308 309 311 312 313 314 315 317 319 321 322 323 324 325 326 327 328 329 330 331 332 333 335 336 337 339 340 341 342 343 344 345 346 347 348 349 351 352 353 354 355 356 357 358 359 363 367 369 370 371 372 373 374 375 376 377 378 379 380 381 383 384 387 389 390 391 394 396 397 398 399 400 401 402 403 404 407 409 410 411 416 417 418 421 422 426 427 430 434 436 439 442 448 450 452 464 474 478 483 485
44 0 1 2 3 4 5 6 7 8 9 10 11 12 13 14 15 16 17 18 19 20 21 22 23 24 25 26 27 28 29 30 31 32 33 34 35 37 38 39 40 41 42 43 44 45 46 47 49 50 51 52 53 54 55 56 57 58 59 60 61 62 63 64 65 66 67 68 69 70 71 72 73 74 75 76 77 78 79 80 81 82 83 84 85 86 87 88 89 90 91 92 93 94 95 96 97 98 99 100 101 102 103 104 105 106 107 108 109 110 111 112 113 114 115 116 117 118 119 121 122 123 124 125 126 127 128 129 130 131 133 135 136 137 138 139 140 141 142 143 144 145 146 147 148 150 151 152 153 154 155 156 157 158 159 162 163 164 165 166 167 168 169 170 171 173 174 175 177 178 181 183 184 185 186 187 188 189 191 192 193 194 195 196 197 199 201 203 204 205 207 212 215 217 218 221 222 223 224 225 227 230 232 235 236 237 238 240 242 243 244 245 248 249 251 253 254 256 257 258 259 260 261 262 266 267 268 269 270 271 272 273 274 276 277 278 279 280 282 283 284 285 287 288 291 294 295 296 297 298 299 300 301 302 303 304 305 306 307 308 309 311 312 313 314 317 319 321 322 323 324 325 326 327 328 329 330 331 332 333 335 336 337 339 340 341 342 343 344 345 346 347 348 349 351 352 353 354 355 356 357 358 359 367 369 371 372 373 374 375 376 378 379 380 381 383 384 387 389 390 391 394 396 397 398 399 400 401 402 403 404 407 409 410 411 416 417 418 421 422 426 427 430 436 439 442 448 450 452 458 474 478 483 485
47 0 1 2 3 4 5 6 7 8 9 10 11 12 13 14 15 16 17 18 19 20 21 22 23 24 25 26 27 28 29 30 31 32 33 34 35 37 38 39 40 41 42 43 44 45 46 47 49 50 51 52 53 54 55 56 57 58 59 60 61 62 63 64 65 66 67 68 69 70 71 72 73 74 75 76 77 78 79 80 81 82 83 84 85 86 87 88 89 90 91 92 93 94 95 96 97 98 99 100 101 102 103 104 105 106 107 108 109 110 111 112 113 114 115 116 117 118 119 121 122 123 124 125 126 127 128 129 130 131 133 135 136 137 138 139 140 141 142 143 144 145 146 147 148 150 151 152 153 154 155 156 157 158 159 162 163 164 165 166 167 168 169 170 171 173 174 175 177 178 181 183 184 185 186 187 188 189 191 192 193 194 195 196 197 199 200 201 203 204 205 207 212 215 217 218 221 222 223 224 225 227 230 232 235 237 238 240 242 243 244 245 248 249 250 251 253 254 256 257 258 259 260 261 262 266 267 268 269 270 271 272 273 274 276 277 278 279 280 282 283 284 285 287 288 291 294 295 296 297 298 299 300 301 302 303 304 305 306 307 308 309 311 312 313 314 317 319 321 322 323 324 325 326 327 328 329 330 331 332 333 335 336 337 339 340 341 342 343 344 345 346 347 348 349 351 352 353 354 355 356 357 358 359 367 369 371 372 373 374 375 376 378 379 380 381 383 384 387 389 390 391 394 396 397 398 399 400 401 402 403 404 407 409 410 411 416 417 418 421 422 426 427 430 436 439 442 448 450 452 474 478 483 485
50 0 1 2 3 4 5 6 7 8 9 10 11 12 13 14 15 16 17 18 19 20 21 22 23 24 25 26 27 28 29 30 31 32 33 34 35 37 38 39 40 41 42 43 44 45 46 47 49 50 51 52 53 54 55 56 57 58 59 60 61 62 63 64 65 66 67 68 69 70 71 72 73 74 75 76 77 78 79 80 81 82 83 84 85 86 87 88 89 90 91 92 93 94 95 96 97 98 99 100 101 102 103 104 105 106 107 108 109 110 111 112 113 114 115 116 117 118 119 121 122 123 124 125 126 127 128 129 130 131 132 133 135 136 137 138 139 140 141 142 143 144 145 146 147 148 150 151 152 153 154 155 156 157 158 159 162 163 164 165 166 167 168 169 170 171 173 174 175 177 178 181 183 184 185 186 187 188 189 191 192 193 194 195 196 197 199 201 202 203 204 205 207 212 215 216 217 218 221 222 223 224 225 227 230 232 235 237 238 240 242 243 244 245 248 249 251 253 254 256 257 258 259 260 261 262 263 266 267 268 269 270 271 272 273 274 276 277 278 279 280 282 283 284 285 287 288 291 294 295 296 297 298 299 300 301 302 303 304 305 306 307 308 309 311 312 313 314 317 319 321 322 323 324 325 326 327 328 329 330 331 332 333 335 336 337 339 340 341 342 343 344 345 346 347 348 349 351 352 353 354 355 356 357 358 359 367 369 371 372 373 374 375 376 377 378 379 380 381 383 384 387 389 390 391 394 396 397 398 399 400 401 402 403 404 405 407 409 410 411 416 417 418 421 422 426 427 429 430 434 436 437 439 442 448 450 452 474 478 483 485
52 0 1 2 3 4 5 6 7 8 9 10 11 12 13 14 15 16 17 18 19 20 21 22 23 24 25 26 27 28 29 30 31 32 33 34 35 37 38 39 40 41 42 43 44 45 46 47 49 50 51 52 53 54 55 56 57 58 59 60 61 62 63 64 65 66 67 68 69 70 71 72 73 74 75 76 77 78 79 80 81 82 83 84 85 86 87 88 89 90 91 92 93 94 95 96 97 98 99 100 101 102 103 104 105 106 107 108 109 110 111 112 113 114 115 116 117 118 119 121 122 123 124 125 126 127 128 129 130 131 133 135 136 137 138 139 140 141 142 143 144 145 146 147 148 150 151 152 153 154 155 156 157 158 159 162 163 164 165 166 167 168 169 170 171 173 174 175 177 178 181 183 184 185 186 187 189 191 192 193 194 195 197 199 201 203 204 205 207 212 215 217 218 221 223 224 225 227 230 232 235 237 238 240 242 243 244 245 248 249 251 253 256 257 258 259 260 261 262 266 267 268 269 270 271 272 273 274 276 277 278 279 280 282 284 285 287 288 291 294 295 296 297 298 299 300 301 303 304 305 306 307 308 309 311 312 313 314 317 319 321 322 323 324 325 326 327 328 329 330 331 332 333 335 336 337 339 340 341 342 343 345 346 347 348 349 351 353 354 355 356 357 358 359 367 369 371 372 374 375 376 378 379 380 381 383 384 387 389 390 391 394 396 397 398 399 400 401 402 403 404 407 409 410 411 416 417 418 421 422 426 427 430 439 442 448 450 452 458 472 474 478 483 485
55 0 1 2 3 4 5 6 7 8 9 10 11 12 13 14 15 16 17 18 19 20 21 22 23 24 25 26 27 28 29 30 31 32 33 34 35 37 38 39 40 41 42 43 44 45 46 47 48 50 51 52 53 54 55 56 57 58 59 60 61 62 63 64 65 66 67 68 69 70 71 72 73 74 75 76 77 78 79 80 81 82 83 84 85 86 87 88 89 90 91 92 93 94 96 97 98 99 100 101 102 103 104 105 106 107 108 109 110 111 112 113 114 115 116 117 118 119 121 122 123 124 125 126 127 128 129 130 131 133 135 136 137 138 139 140 141 142 143 144 145 146 147 148 150 151 152 153 154 155 156 157 158 159 162 163 164 165 166 167 168 169 170 171 173 174 175 177 178 181 183 184 185 186 187 189 191 192 193 194 195 196 197 199 201 203 204 205 207 212 214 215 217 218 219 221 222 223 224 225 227 230 232 235 237 238 240 242 243 244 245 248 249 251 253 254 256 257 258 259 260 261 262 266 267 268 269 270 271 272 273 274 276 277 278 279 280 282 283 285 287 288 291 294 295 296 297 298 299 300 301 304 305 306 307 308 309 311 312 313 314 317 319 321 322 323 324 325 326 327 328 329 330 331 332 333 335 336 337 339 340 341 342 343 345 346 347 348 349 351 353 354 355 356 357 358 359 367 369 371 372 374 375 376 378 379 380 381 383 384 387 389 390 391 394 396 397 398 399 400 401 402 403 404 407 409 411 416 417 418 421 422 426 427 430 439 442 448 450 452 474 478 483 485
56 34 56 139 146 195 201 205 224 229 243 258 261 265 268 270 272 279 285 295 322 330 332 382 392 393 396 397 398 400 401 402 403 410 411 412 413 415 417 418 455
59 0 1 2 3 4 5 6 7 8 9 10 11 12 13 14 15 16 17 18 19 20 21 22 23 24 25 26 27 28 29 30 31 32 33 34 35 37 38 39 40 41 42 43 44 45 46 47 49 50 51 52 53 54 55 56 57 58 59 60 61 62 63 64 65 66 67 68 69 70 71 72 73 74 75 76 77 78 79 80 81 82 83 84 85 86 87 88 89 90 91 92 93 94 95 96 97 98 99 100 101 102 103 104 105 106 107 108 109 110 111 112 113 114 115 116 117 118 119 121 122 123 124 125 126 127 128 129 130 131 132 133 135 136 137 138 139 140 141 142 143 144 145 146 147 148 150 151 152 153 154 155 156 157 158 159 162 163 164 165 166 167 168 169 170 171 173 174 175 177 178 181 183 184 185 186 187 188 189 191 192 193 194 195 196 197 198 199 200 201 202 203 204 205 207 212 214 215 216 217 218 221 222 223 224 225 227 230 232 235 237 238 240 241 242 243 244 245 246 248 249 251 253 254 256 257 258 259 260 261 262 266 267 268 269 270 271 272 273 274 276 277 278 279 280 282 283 284 285 287 288 291 294 295 296 297 298 299 300 301 302 303 304 305 306 307 308 309 311 312 313 314 315 316 317 319 320 321 322 323 324 325 326 327 328 329 330 331 332 333 335 336 337 339 340 341 342 343 344 345 346 347 348 349 351 352 353 354 355 356 357 358 359 367 369 371 372 373 374 375 376 377 378 379 380 381 383 384 387 389 390 391 394 396 397 398 399 400 401 402 403 404 407 409 410 411 415 416 417 418 421 422 426 427 430 434 435 436 439 442 448 450 451 452 474 478 483 485
60 60 166 168 170 172 184 209 215 223 227 253 280 287 296 297 299 309 321 323 325 326 327 333 334 335 337 420 421 422 426 427 428 431 432
62 0 1 2 3 4 5 6 7 8 9 10 11 12 13 14 15 16 17 18 19 20 21 22 23 24 25 26 27 28 29 30 31 32 33 34 35 37 38 39 40 41 42 43 44 45 46 47 49 50 51 52 53 54 55 56 57 58 59 60 61 62 63 64 65 66 67 68 69 70 71 72 73 74 75 76 77 78 79 80 81 82 83 84 85 86 87 88 89 90 91 92 93 94 95 96 97 98 99 100 101 102 103 104 105 106 107 108 109 110 111 112 113 114 115 116 117 118 119 121 122 123 124 125 126 127 128 129 130 131 133 135 136 137 138 139 140 141 142 143 144 145 146 147 148 150 151 152 153 154 155 156 157 158 159 162 163 164 165 166 167 168 169 170 171 173 174 175 177 178 181 183 184 185 186 187 189 191 192 193 194 195 196 197 199 201 203 204 205 207 212 215 217 218 221 222 223 224 225 227 230 232 235 237 238 240 242 243 244 245 248 249 251 253 254 256 257 258 259 260 261 262 265 266 267 268 269 270 271 272 273 274 276 277 278 279 280 282 283 284 285 287 288 291 294 295 296 297 298 299 300 301 302 303 304 305 306 307 308 309 311 312 313 314 317 319 321 322 323 324 325 326 327 328 329 330 331 332 333 335 336 337 339 340 341 342 343 344 345 346 347 348 349 351 353 354 355 356 357 358 359 360 367 369 371 372 373 374 375 376 378 379 380 381 383 384 387 389 390 391 394 395 396 397 398 399 400 401 402 403 404 407 409 410 411 416 417 418 421 422 426 427 430 436 439 442 448 450 452 474 478 483 485
63 3 13 26 57 63 65 81 169 173 193 206 231 284 300 302 303 304 305 369 370 371 372 373 374 375 386 395 416 430 459 465 481
66 0 1 2 3 4 5 6 7 8 9 10 11 12 13 14 15 16 17 18 19 20 21 22 23 24 25 26 27 28 29 30 31 32 33 34 35 37 38 39 40 41 42 43 44 45 46 47 50 51 52 53 54 55 56 57 58 59 60 61 62 63 64 65 66 67 68 69 70 71 72 73 74 75 76 77 78 79 80 81 82 83 84 85 86 87 88 89 90 91 92 93 94 96 97 98 99 100 101 102 103 104 105 106 107 108 109 110 111 112 113 114 115 116 117 118 119 121 122 123 124 125 126 127 128 129 130 131 133 135 136 137 138 139 140 141 142 143 144 145 146 147 148 150 151 152 153 154 155 156 157 158 159 162 163 164 165 166 167 168 169 170 171 173 174 175 177 178 181 183 184 185 186 187 189 191 192 193 194 195 197 199 201 203 204 205 207 212 214 215 217 218 221 223 224 225 227 230 232 235 237 238 240 242 243 244 245 248 249 251 253 256 257 258 259 260 261 262 266 267 268 269 270 271 272 273 274 276 277 278 279 280 282 285 287 288 291 294 295 296 297 298 299 300 301 304 305 306 307 308 309 311 312 313 314 317 319 321 322 323 324 325 326 327 328 329 330 331 332 333 335 336 337 339 340 341 342 343 345 346 347 348 349 351 353 354 355 356 357 358 359 367 369 371 372 374 375 376 378 379 380 381 383 384 387 389 390 391 394 396 397 398 399 400 401 402 403 404 407 409 411 416 417 418 421 422 426 427 428 430 439 442 448 450 452 458 474 478 483 485
69 0 1 2 3 4 5 6 7 8 9 10 11 12 13 14 15 16 17 18 19 20 21 22 23 24 25 26 27 28 29 30 31 32 33 34 35 37 38 39 40 41 42 43 44 45 46 47 50 51 52 53 54 55 56 57 58 59 60 61 62 63 64 65 66 67 68 69 70 71 72 73 74 75 76 77 78 79 80 81 82 83 84 85 86 87 88 89 90 91 92 93 94 96 97 98 99 100 101 102 103 104 105 106 107 108 109 110 111 112 113 114 115 116 117 118 119 121 122 123 124 125 126 127 128 129 130 131 133 135 136 137 138 139 140 141 142 143 144 145 146 147 148 150 151 152 153 154 155 156 157 158 159 162 163 164 165 166 167 168 169 170 171 173 174 175 177 178 181 183 184 185 186 187 189 191 192 193 194 195 197 199 201 203 204 205 207 212 215 217 218 221 223 224 225 227 228 230 232 235 237 238 240 242 243 244 245 248 249 251 253 256 257 258 259 260 261 262 266 267 268 269 270 271 272 273 274 276 277 278 279 280 282 285 287 288 291 294 295 296 297 298 299 300 301 304 305 306 307 308 309 311 312 313 314 316 317 319 321 322 323 324 325 326 327 328 329 330 331 332 333 335 336 337 338 339 340 341 342 343 345 346 347 348 349 351 353 354 355 356 357 358 359 367 369 371 372 374 375 376 378 379 380 381 383 384 387 389 390 391 394 396 397 398 399 400 401 402 403 404 407 409 410 411 416 417 418 421 422 426 427 430 439 442 448 450 452 474 478 483 485
70 24 70 84 87 127 152 171 175 186 233 237 250 255 256 298 343 344 345 346 347 348 349 350 351 352 353 354 355 356 357 363 376 377 378 379 381 392 393 394 433 434 441 442 443 448 449 452 453 465 469 472 473 476 478 482
71 0 1 2 3 4 5 6 7 8 9 10 11 12 13 14 15 16 17 18 19 20 21 22 23 24 25 26 27 28 29 30 31 32 33 34 35 37 38 39 40 41 42 43 44 45 46 47 50 51 52 53 54 55 56 57 58 59 60 61 62 63 64 65 66 67 68 69 70 71 72 73 74 75 76 77 78 79 80 81 82 83 84 85 86 87 88 89 90 91 92 93 94 96 97 98 99 100 101 102 103 104 105 106 107 108 109 110 111 112 113 114 115 116 117 118 119 121 122 123 124 125 126 127 128 129 130 131 133 134 135 136 137 138 139 140 141 142 143 144 145 146 147 148 149 150 151 152 153 154 155 156 157 158 159 162 163 164 165 166 167 168 170 171 173 174 175 177 178 181 183 184 185 186 187 188 189 191 192 193 194 195 196 197 198 199 200 201 202 203 204 205 207 212 215 216 217 218 219 221 222 223 224 225 227 230 232 234 235 237 238 240 241 242 243 244 245 246 248 249 251 253 254 256 257 259 260 261 262 266 267 268 269 270 271 272 273 274 276 277 278 280 282 283 285 287 288 289 291 292 294 295 296 297 298 299 300 301 304 305 306 307 309 311 312 313 314 315 316 317 318 319 320 321 322 323 324 325 326 327 328 329 330 331 332 333 335 336 337 339 340 342 343 345 346 347 348 349 351 353 354 355 356 357 358 359 367 371 372 374 375 376 378 379 380 381 383 384 387 389 390 391 394 396 397 398 399 400 401 403 404 407 409 411 416 417 418 421 422 426 427 430 434 439 442 448 450 452 457 474 478 479 483 485
74 60 74 166 168 170 172 181 184 209 215 223 225 227 248 253 273 280 287 296 297 299 309 321 323 325 326 327 333 334 335 337 420 421 422 426 427 428 431 432
76 0 1 2 3 4 5 6 7 8 9 10 11 12 13 14 15 16 17 18 19 20 21 22 23 24 25 26 27 28 29 30 31 32 33 34 35 37 38 39 40 41 42 43 44 45 46 47 49 50 51 52 53 54 55 56 57 58 59 60 61 62 63 64 65 66 67 68 69 70 71 72 73 74 75 76 77 78 79 80 81 82 83 84 85 86 87 88 89 90 91 92 93 94 95 96 97 98 99 100 101 102 103 104 105 106 107 108 109 110 111 112 113 114 115 116 117 118 119 121 122 123 124 125 126 127 128 129 130 131 132 133 135 136 137 138 139 140 141 142 143 144 145 146 147 148 150 151 152 153 154 155 156 157 158 159 162 163 164 165 166 167 168 169 170 171 173 174 175 177 178 181 183 184 185 186 187 188 189 191 192 193 194 195 196 197 198 199 200 201 202 203 204 205 207 212 215 216 217 218 221 222 223 224 225 227 230 232 235 237 238 240 241 242 243 244 245 246 248 249 251 253 254 256 257 258 259 260 261 262 263 266 267 268 269 270 271 272 273 274 276 277 278 279 280 282 283 284 285 287 288 291 292 294 295 296 297 298 299 300 301 302 303 304 305 306 307 308 309 311 312 313 314 315 316 317 319 320 321 322 323 324 325 326 327 328 329 330 331 332 333 335 336 337 339 340 341 342 343 344 345 346 347 348 349 351 352 353 354 355 356 357 358 359 367 368 369 371 372 373 374 375 376 377 378 379 380 381 383 384 387 389 390 391 394 396 397 398 399 400 401 402 403 404 407 409 410 411 415 416 417 418 421 422 426 427 428 430 431 434 435 436 439 442 445 448 450 452 474 478 483 485
78 0 1 2 3 4 5 6 7 8 9 10 11 12 13 14 15 16 17 18 19 20 21 22 23 24 25 26 27 28 29 30 31 32 33 34 35 37 38 39 40 41 42 43 44 45 46 47 49 50 51 52 53 54 55 56 57 58 59 60 61 62 63 64 65 66 67 68 69 70 71 72 73 74 75 76 77 78 79 80 81 82 83 84 85 86 87 88 89 90 91 92 93 94 95 96 97 98 99 100 101 102 103 104 105 106 107 108 109 110 111 112 113 114 115 116 117 118 119 121 122 123 124 125 126 127 128 129 130 131 132 133 135 136 137 138 139 140 141 142 143 144 145 146 147 148 150 151 152 153 154 155 156 157 158 159 162 163 164 165 166 167 168 169 170 171 173 174 175 177 178 181 183 184 185 186 187 188 189 191 192 193 194 195 196 197 198 199 201 202 203 204 205 207 212 214 215 216 217 218 221 222 223 224 225 227 230 231 232 235 237 238 240 241 242 243 244 245 246 248 249 251 253 254 256 257 258 259 260 261 262 266 267 268 269 270 271 272 273 274 276 277 278 279 280 282 283 284 285 287 288 291 294 295 296 297 298 299 300 301 302 303 304 305 306 307 308 309 311 312 313 314 315 316 317 319 321 322 323 324 325 326 327 328 329 330 331 332 333 335 336 337 339 340 341 342 343 344 345 346 347 348 349 351 352 353 354 355 356 357 358 359 367 369 371 372 373 374 375 376 377 378 379 380 381 383 384 387 389 390 391 394 396 397 398 399 400 401 402 403 404 407 409 410 411 416 417 418 421 422 426 427 430 434 436 439 442 448 450 452 473 474 478 483 485
79 2 41 60 62 72 74 75 79 82 100 109 128 148 162 166 168 170 172 174 181 184 191 207 209 215 223 225 227 248 249 252 253 273 274 280 281 287 296 297 299 306 309 321 323 325 326 327 333 334 335 337 358 360 420 421 422 426 427 428 431 483 485
82 60 82 166 168 170 172 181 184 209 215 223 225 227 248 253 273 280 287 296 297 299 309 321 323 325 326 327 333 334 335 337 420 421 422 426 427 428 431 432
83 0 1 2 3 4 5 6 7 8 9 10 11 12 13 14 15 16 17 18 19 20 21 22 23 24 25 26 27 28 29 30 31 32 33 34 35 37 38 39 40 41 42 43 44 45 46 47 49 50 51 52 53 54 55 56 57 58 59 60 61 62 63 64 65 66 67 68 69 70 71 72 73 74 75 76 77 78 79 80 81 82 83 84 85 86 87 88 89 90 91 92 93 94 95 96 97 98 99 100 101 102 103 104 105 106 107 108 109 110 111 112 113 114 115 116 117 118 119 121 122 123 124 125 126 127 128 129 130 131 133 135 136 137 138 139 140 141 142 143 144 145 146 147 148 150 151 152 153 154 155 156 157 158 159 162 163 164 165 166 167 168 169 170 171 173 174 175 177 178 181 183 184 185 186 187 189 191 192 193 194 195 197 199 201 203 204 205 207 212 214 215 217 218 221 223 224 225 227 230 232 235 237 238 240 242 243 244 245 248 249 251 253 256 257 258 259 260 261 262 266 267 268 269 270 271 272 273 274 276 277 278 279 280 282 285 287 288 291 294 295 296 297 298 299 300 301 304 305 306 307 308 309 311 312 313 314 317 319 321 322 323 324 325 326 327 328 329 330 331 332 333 335 336 337 339 340 341 342 343 345 346 347 348 349 351 353 354 355 356 357 358 359 361 367 369 371 372 374 375 376 378 379 380 381 383 384 387 389 390 391 394 396 397 398 399 400 401 402 403 404 407 409 411 416 417 418 421 422 426 427 428 430 439 442 448 450 452 474 478 483 485
85 24 54 84 85 87 101 127 152 171 175 186 233 237 250 255 256 298 343 344 345 346 347 348 349 350 351 352 353 354 355 356 357 363 376 377 378 379 380 381 392 393 394 433 434 441 442 443 448 449 452 453 465 469 472 473 476 478 482
88 0 1 2 3 4 5 6 7 8 9 10 11 12 13 14 15 16 17 18 19 20 21 22 23 24 25 26 27 28 29 30 31 32 33 34 35 37 38 39 40 41 42 43 44 45 46 47 49 50 51 52 53 54 55 56 57 58 59 60 61 62 63 64 65 66 67 68 69 70 71 72 73 74 75 76 77 78 79 80 81 82 83 84 85 86 87 88 89 90 91 92 93 94 95 96 97 98 99 100 101 102 103 104 105 106 107 108 109 110 111 112 113 114 115 116 117 118 119 121 122 123 124 125 126 127 128 129 130 131 132 133 135 136 137 138 139 140 141 142 143 144 145 146 147 148 150 151 152 153 154 155 156 157 158 159 162 163 164 165 166 167 168 169 170 171 173 174 175 177 178 181 183 184 185 186 187 188 189 191 192 193 194 195 196 197 199 201 202 203 204 205 207 212 214 215 216 217 218 221 222 223 224 225 227 230 232 235 237 238 240 241 242 243 244 245 246 248 249 251 253 254 256 257 258 259 260 261 262 266 267 268 269 270 271 272 273 274 275 276 277 278 279 280 282 283 284 285 287 288 291 294 295 296 297 298 299 300 301 302 303 304 305 306 307 308 309 311 312 313 314 317 319 321 322 323 324 325 326 327 328 329 330 331 332 333 335 336 337 339 340 341 342 343 344 345 346 347 348 349 351 352 353 354 355 356 357 358 359 367 369 371 372 373 374 375 376 377 378 379 380 381 383 384 387 389 390 391 394 396 397 398 399 400 401 402 403 404 407 409 410 411 416 417 418 421 422 426 427 430 436 439 442 448 450 452 474 478 483 485
89 0 1 2 3 4 5 6 7 8 9 10 11 12 13 14 15 16 17 18 19 20 21 22 23 24 25 26 27 28 29 30 31 32 33 34 35 37 38 39 40 41 42 43 44 45 46 47 49 50 51 52 53 54 55 56 57 58 59 60 61 62 63 64 65 66 67 68 69 70 71 72 73 74 75 76 77 78 79 80 81 82 83 84 85 86 87 88 89 90 91 92 93 94 95 96 97 98 99 100 101 102 103 104 105 106 107 108 109 110 111 112 113 114 115 116 117 118 119 121 122 123 124 125 126 127 128 129 130 131 132 133 135 136 137 138 139 140 141 142 143 144 145 146 147 148 150 151 152 153 154 155 156 157 158 159 162 163 164 165 166 167 168 169 170 171 173 174 175 177 178 181 183 184 185 186 187 188 189 191 192 193 194 195 196 197 199 201 203 204 205 207 212 214 215 217 218 221 222 223 224 225 227 230 232 235 237 238 240 242 243 244 245 248 249 251 253 254 256 257 258 259 260 261 262 266 267 268 269 270 271 272 273 274 276 277 278 279 280 282 283 284 285 287 288 291 293 294 295 296 297 298 299 300 301 302 303 304 305 306 307 308 309 311 312 313 314 317 319 321 322 323 324 325 326 327 328 329 330 331 332 333 335 336 337 339 340 341 342 343 344 345 346 347 348 349 350 351 352 353 354 355 356 357 358 359 367 369 371 372 373 374 375 376 378 379 380 381 383 384 387 389 390 391 394 396 397 398 399 400 401 402 403 404 407 409 410 411 416 417 418 421 422 426 427 430 436 439 442 448 450 452 474 478 483 485
91 0 1 2 3 4 5 6 7 8 9 10 11 12 13 14 15 16 17 18 19 20 21 22 23 24 25 26 27 28 29 30 31 32 33 34 35 37 38 39 40 41 42 43 44 45 46 47 49 50 51 52 53 54 55 56 57 58 59 60 61 62 63 64 65 66 67 68 69 70 71 72 73 74 75 76 77 78 79 80 81 82 83 84 85 86 87 88 89 90 91 92 93 94 95 96 97 98 99 100 101 102 103 104 105 106 107 108 109 110 111 112 113 114 115 116 117 118 119 121 122 123 124 125 126 127 128 129 130 131 133 135 136 137 138 139 140 141 142 143 144 145 146 147 148 150 151 152 153 154 155 156 157 158 159 162 163 164 165 166 167 168 169 170 171 173 174 175 177 178 181 183 184 185 186 187 189 191 192 193 194 195 197 199 201 203 204 205 207 212 214 215 217 218 221 223 224 225 227 230 232 235 237 238 240 242 243 244 245 248 249 251 253 256 257 258 259 260 261 262 266 267 268 269 270 271 272 273 274 276 277 278 279 280 282 284 285 287 288 291 294 295 296 297 298 299 300 301 303 304 305 306 307 308 309 311 312 313 314 317 319 321 322 323 324 325 326 327 328 329 330 331 332 333 335 336 337 339 340 341 342 343 345 346 347 348 349 351 353 354 355 356 357 358 359 367 369 371 372 373 374 375 376 378 379 380 381 383 384 387 389 390 391 394 396 397 398 399 400 401 402 403 404 407 409 410 411 416 417 418 421 422 426 427 430 439 442 448 450 452 472 474 478 483 485
92 0 1 2 3 4 5 6 7 8 9 10 11 12 13 14 15 16 17 18 19 20 21 22 23 24 25 26 27 28 29 30 31 32 33 34 35 37 38 39 40 41 42 43 44 45 46 47 49 50 51 52 53 54 55 56 57 58 59 60 61 62 63 64 65 66 67 68 69 70 71 72 73 74 75 76 77 78 79 80 81 82 83 84 85 86 87 88 89 90 91 92 93 94 95 96 97 98 99 100 101 102 103 104 105 106 107 108 109 110 111 112 113 114 115 116 117 118 119 121 122 123 124 125 126 127 128 129 130 131 133 135 136 137 138 139 140 141 142 143 144 145 146 147 148 150 151 152 153 154 155 156 157 158 159 162 163 164 165 166 167 168 169 170 171 173 174 175 177 178 181 183 184 185 186 187 189 191 192 193 194 195 196 197 199 201 203 204 205 207 212 214 215 217 218 221 222 223 224 225 227 230 232 235 237 238 240 241 242 243 244 245 248 249 251 253 254 256 257 258 259 260 261 262 266 267 268 269 270 271 272 273 274 276 277 278 279 280 282 283 284 285 287 288 291 294 295 296 297 298 299 300 301 303 304 305 306 307 308 309 311 312 313 314 317 319 321 322 323 324 325 326 327 328 329 330 331 332 333 335 336 337 339 340 341 342 343 345 346 347 348 349 351 353 354 355 356 357 358 359 367 369 371 372 373 374 375 376 378 379 380 381 383 384 387 389 390 391 394 396 397 398 399 400 401 402 403 404 407 409 410 411 416 417 418 421 422 426 427 430 439 442 448 450 452 453 474 478 483 485
96 0 1 2 3 4 5 6 7 8 9 10 11 12 13 14 15 16 17 18 19 20 21 22 23 24 25 26 27 28 29 30 31 32 33 34 35 37 38 39 40 41 42 43 44 45 46 47 49 50 51 52 53 54 55 56 57 58 59 60 61 62 63 64 65 66 67 68 69 70 71 72 73 74 75 76 77 78 79 80 81 82 83 84 85 86 87 88 89 90 91 92 93 94 95 96 97 98 99 100 101 102 103 104 105 106 107 108 109 110 111 112 113 114 115 116 117 118 119 121 122 123 124 125 126 127 128 129 130 131 133 135 136 137 138 139 140 141 142 143 144 145 146 147 148 150 151 152 153 154 155 156 157 158 159 162 163 164 165 166 167 168 169 170 171 173 174 175 177 178 181 183 184 185 186 187 189 191 192 193 194 195 196 197 199 201 203 204 205 207 212 214 215 217 218 221 222 223 224 225 227 230 232 235 237 238 240 242 243 244 245 248 249 251 253 254 256 257 258 259 260 261 262 266 267 268 269 270 271 272 273 274 276 277 278 279 280 282 283 284 285 287 288 291 294 295 296 297 298 299 300 301 303 304 305 306 307 308 309 311 312 313 314 317 319 321 322 323 324 325 326 327 328 329 330 331 332 333 335 336 337 339 340 341 342 343 345 346 347 348 349 351 353 354 355 356 357 358 359 367 369 371 372 373 374 375 376 378 379 380 381 383 384 387 389 390 391 394 396 397 398 399 400 401 402 403 404 405 407 409 410 411 416 417 418 421 422 426 427 430 439 442 448 450 452 474 478 483 485
100 2 41 60 62 72 74 75 79 82 100 109 128 148 162 166 168 170 172 174 181 184 191 207 209 215 223 225 227 248 249 252 253 273 274 280 281 287 296 297 299 306 309 321 323 325 326 327 333 334 335 337 358 360 420 421 422 426 427 428 431 483 485
103 0 1 2 3 4 5 6 7 8 9 10 11 12 13 14 15 16 17 18 19 20 21 22 23 24 25 26 27 28 29 30 31 32 33 34 35 37 38 39 40 41 42 43 44 45 46 47 49 50 51 52 53 54 55 56 57 58 59 60 61 62 63 64 65 66 67 68 69 70 71 72 73 74 75 76 77 78 79 80 81 82 83 84 85 86 87 88 89 90 91 92 93 94 95 96 97 98 99 100 101 102 103 104 105 106 107 108 109 110 111 112 113 114 115 116 117 118 119 121 122 123 124 125 126 127 128 129 130 131 132 133 135 136 137 138 139 140 141 142 143 144 145 146 147 148 150 151 152 153 154 155 156 157 158 159 162 163 164 165 166 167 168 169 170 171 173 174 175 177 178 181 183 184 185 186 187 188 189 191 192 193 194 195 196 197 199 201 203 204 205 207 212 214 215 217 218 221 222 223 224 225 227 230 232 235 237 238 240 242 243 244 245 248 249 251 253 254 256 257 258 259 260 261 262 266 267 268 269 270 271 272 273 274 276 277 278 279 280 282 283 284 285 287 288 291 294 295 296 297 298 299 300 301 302 303 304 305 306 307 308 309 311 312 313 314 317 319 321 322 323 324 325 326 327 328 329 330 331 332 333 335 336 337 339 340 341 342 343 344 345 346 347 348 349 351 352 353 354 355 356 357 358 359 367 369 371 372 373 374 375 376 378 379 380 381 383 384 387 389 390 391 394 396 397 398 399 400 401 402 403 404 407 409 410 411 416 417 418 421 422 426 427 430 436 439 442 448 450 451 452 474 478 483 485
104 0 1 2 3 4 5 6 7 8 9 10 11 12 13 14 15 16 17 18 19 20 21 22 23 24 25 26 27 28 29 30 31 32 33 34 35 37 38 39 40 41 42 43 44 45 46 47 48 50 51 52 53 54 55 56 57 58 59 60 61 62 63 64 65 66 67 68 69 70 71 72 73 74 75 76 77 78 79 80 81 82 83 84 85 86 87 88 89 90 91 92 93 94 96 97 98 99 100 101 102 103 104 105 106 107 108 109 110 111 112 113 114 115 116 117 118 119 121 122 123 124 125 126 127 128 129 130 131 133 135 136 137 138 139 140 141 142 143 144 145 146 147 148 150 151 152 153 154 155 156 157 158 159 162 163 164 165 166 167 168 169 170 171 173 174 175 176 177 178 181 183 184 185 186 187 188 189 191 192 193 194 195 196 197 198 199 201 202 203 204 205 207 212 215 216 217 218 219 221 222 223 224 225 227 230 232 234 235 237 238 240 241 242 243 244 245 246 248 249 251 253 254 256 257 258 259 260 261 262 266 267 268 269 270 271 272 273 274 276 277 278 279 280 282 283 285 287 288 289 291 294 295 296 297 298 299 300 301 304 305 306 307 309 311 312 313 314 315 316 317 318 319 320 321 322 323 324 325 326 327 328 329 330 331 332 333 335 336 337 339 340 341 342 343 345 346 347 348 349 351 353 354 355 356 357 358 359 367 369 371 372 374 375 376 378 379 380 381 383 384 387 389 390 391 394 396 397 398 399 400 401 403 404 407 409 411 416 417 418 421 422 426 427 430 436 439 442 446 448 450 452 466 474 477 478 479 483 485
107 0 1 2 3 4 5 6 7 8 9 10 11 12 13 14 15 16 17 18 19 20 21 22 23 24 25 26 27 28 29 30 31 32 33 34 35 37 38 39 40 41 42 43 44 45 46 47 50 51 52 53 54 55 56 57 58 59 60 61 62 63 64 65 66 67 68 69 70 71 72 73 74 75 76 77 78 79 80 81 82 83 84 85 86 87 88 89 90 91 92 93 94 96 97 98 99 100 101 102 103 104 105 106 107 108 109 110 111 112 113 114 115 116 117 118 119 121 122 123 124 125 126 127 128 129 130 131 133 135 136 137 138 139 140 141 142 143 144 145 146 147 148 150 151 152 153 154 155 156 157 158 159 162 163 164 165 166 167 168 169 170 171 173 174 175 177 178 181 183 184 185 186 187 189 191 192 193 194 195 196 197 199 201 203 204 205 207 212 215 217 218 219 221 222 223 224 225 227 230 232 235 237 238 240 242 243 244 245 248 249 251 253 254 256 257 258 259 260 261 262 266 267 268 269 270 271 272 273 274 276 277 278 279 280 282 283 285 287 288 291 294 295 296 297 298 299 300 301 304 305 306 307 308 309 311 312 313 314 317 319 321 322 323 324 325 326 327 328 329 330 331 332 333 335 336 337 339 340 341 342 343 345 346 347 348 349 351 353 354 355 356 357 358 359 360 367 369 371 372 374 375 376 378 379 380 381 383 384 387 389 390 391 394 396 397 398 399 400 401 402 403 404 407 409 411 416 417 418 421 422 426 427 430 439 442 448 450 452 474 478 483 485
108 0 1 2 3 4 5 6 7 8 9 10 11 12 13 14 15 16 17 18 19 20 21 22 23 24 25 26 27 28 29 30 31 32 33 34 35 37 38 39 40 41 42 43 44 45 46 47 50 51 52 53 54 55 56 57 58 59 60 61 62 63 64 65 66 67 68 69 70 71 72 73 74 75 76 77 78 79 80 81 82 83 84 85 86 87 88 89 90 91 92 93 94 96 97 98 99 100 101 102 103 104 105 106 107 108 109 110 111 112 113 114 115 116 117 118 119 121 122 123 124 125 126 127 128 129 130 131 133 135 136 137 138 139 140 141 142 143 144 145 146 147 148 150 151 152 153 154 155 156 157 158 159 162 163 164 165 166 167 168 169 170 171 173 174 175 177 178 181 183 184 185 186 187 188 189 191 192 193 194 195 196 197 198 199 201 202 203 204 205 207 212 215 216 217 218 221 222 223 224 225 227 230 232 234 235 237 238 240 241 242 243 244 245 246 248 249 251 253 254 256 257 259 260 261 262 266 267 268 269 270 271 272 273 274 276 277 278 279 280 282 283 285 287 288 289 291 294 295 296 297 298 299 300 301 304 305 306 307 309 311 312 313 314 315 316 317 318 319 320 321 322 323 324 325 326 327 328 329 330 331 332 333 335 336 337 339 340 342 343 345 346 347 348 349 351 353 354 355 356 357 358 359 367 369 371 372 374 375 376 378 379 380 381 383 384 387 389 390 391 394 396 397 398 399 400 401 403 404 407 409 411 416 417 418 421 422 426 427 430 434 436 438 439 442 448 450 452 474 478 479 483 485 486
109 60 109 162 166 168 170 172 181 184 209 215 223 225 227 248 253 273 280 287 296 297 299 309 321 323 325 326 327 333 334 335 337 358 360 420 421 422 426 427 428 431 432 485
110 0 1 2 3 4 5 6 7 8 9 10 11 12 13 14 15 16 17 18 19 20 21 22 23 24 25 26 27 28 29 30 31 32 33 34 35 37 38 39 40 41 42 43 44 45 46 47 49 50 51 52 53 54 55 56 57 58 59 60 61 62 63 64 65 66 67 68 69 70 71 72 73 74 75 76 77 78 79 80 81 82 83 84 85 86 87 88 89 90 91 92 93 94 95 96 97 98 99 100 101 102 103 104 105 106 107 108 109 110 111 112 113 114 115 116 117 118 119 121 122 123 124 125 126 127 128 129 130 131 133 135 136 137 138 139 140 141 142 143 144 145 146 147 148 150 151 152 153 154 155 156 157 158 159 162 163 164 165 166 167 168 169 170 171 173 174 175 177 178 181 183 184 185 186 187 189 191 192 193 194 195 197 199 201 203 204 205 207 212 215 217 218 221 223 224 225 227 230 232 235 237 238 240 242 243 244 245 248 249 251 253 256 257 258 259 260 261 262 266 267 268 269 270 271 272 273 274 276 277 278 279 280 282 285 287 288 291 294 295 296 297 298 299 300 301 303 304 305 306 307 308 309 311 312 313 314 317 319 321 322 323 324 325 326 327 328 329 330 331 332 333 335 336 337 339 340 341 342 343 345 346 347 348 349 351 353 354 355 356 357 358 359 361 367 369 371 372 374 375 376 378 379 380 381 383 384 387 388 389 390 391 394 396 397 398 399 400 401 402 403 404 407 409 410 411 416 417 418 421 422 426 427 430 439 442 448 450 452 463 474 478 483 485
111 4 8 20 38 39 48 49 51 95 98 105 111 118 119 120 121 132 137 138 310 388 440 447
112 34 112 146 195 201 205 224 229 243 258 261 265 268 270 272 279 285 295 332 382 392 393 396 397 398 400 402 403 410 411 412 413 415 417 418 455
113 0 1 2 3 4 5 6 7 8 9 10 11 12 13 14 15 16 17 18 19 20 21 22 23 24 25 26 27 28 29 30 31 32 33 34 35 37 38 39 40 41 42 43 44 45 46 47 49 50 51 52 53 54 55 56 57 58 59 60 61 62 63 64 65 66 67 68 69 70 71 72 73 74 75 76 77 78 79 80 81 82 83 84 85 86 87 88 89 90 91 92 93 94 95 96 97 98 99 100 101 102 103 104 105 106 107 108 109 110 111 112 113 114 115 116 117 118 119 121 122 123 124 125 126 127 128 129 130 131 133 135 136 137 138 139 140 141 142 143 144 145 146 147 148 150 151 152 153 154 155 156 157 158 159 162 163 164 165 166 167 168 169 170 171 173 174 175 177 178 181 183 184 185 186 187 189 191 192 193 194 195 196 197 199 201 203 204 205 207 212 215 217 218 221 222 223 224 225 227 230 232 235 237 238 240 242 243 244 245 246 248 249 251 253 254 256 257 258 259 260 261 262 266 267 268 269 270 271 272 273 274 276 277 278 279 280 282 283 284 285 287 288 291 293 294 295 296 297 298 299 300 301 303 304 305 306 307 308 309 311 312 313 314 317 319 321 322 323 324 325 326 327 328 329 330 331 332 333 335 336 337 339 340 341 342 343 345 346 347 348 349 351 353 354 355 356 357 358 359 367 369 371 372 374 375 376 378 379 380 381 383 384 387 389 390 391 394 396 397 398 399 400 401 402 403 404 407 409 410 411 416 417 418 421 422 426 427 430 439 442 448 450 452 474 478 483 485 486
116 0 1 2 3 4 5 6 7 8 9 10 11 12 13 14 15 16 17 18 19 20 21 22 23 24 25 26 27 28 29 30 31 32 33 34 35 37 38 39 40 41 42 43 44 45 46 47 50 51 52 53 54 55 56 57 58 59 60 61 62 63 64 65 66 67 68 69 70 71 72 73 74 75 76 77 78 79 80 81 82 83 84 85 86 87 88 89 90 91 92 93 94 96 97 98 99 100 101 102 103 104 105 106 107 108 109 110 111 112 113 114 115 116 117 118 119 121 122 123 124 125 126 127 128 129 130 131 133 135 136 137 138 139 140 141 142 143 144 145 146 147 148 150 151 152 153 154 155 156 157 158 159 162 163 164 165 166 167 168 169 170 171 173 174 175 176 177 178 181 183 184 185 186 187 188 189 191 192 193 194 195 196 197 198 199 201 202 203 204 205 207 212 214 215 216 217 218 221 222 223 224 225 227 230 232 234 235 237 238 240 241 242 243 244 245 246 248 249 251 253 254 256 257 258 259 260 261 262 266 267 268 269 270 271 272 273 274 276 277 278 279 280 282 283 285 287 288 289 291 294 295 296 297 298 299 300 301 304 305 306 307 309 311 312 313 314 315 316 317 318 319 320 321 322 323 324 325 326 327 328 329 330 331 332 333 335 336 337 339 340 341 342 343 345 346 347 348 349 351 353 354 355 356 357 358 359 361 367 369 371 372 374 375 376 378 379 380 381 383 384 387 389 390 391 394 396 397 398 399 400 401 403 404 407 409 411 416 417 418 421 422 426 427 428 430 436 439 442 446 448 450 452 466 474 477 478 479 483 485
119 8 38 39 49 95 119 120 121 132 138 310 440
122 17 43 122 134 143 149 151 153 155 156 157 158 188 194 199 200 202 204 212 213 214 216 219 221 222 232 235 236 238 240 241 242 245 250 254 255 259 262 271 275 276 278 283 292 293 408 424
123 0 1 2 3 4 5 6 7 8 9 10 11 12 13 14 15 16 17 18 19 20 21 22 23 24 25 26 27 28 29 30 31 32 33 34 35 37 38 39 40 41 42 43 44 45 46 47 50 51 52 53 54 55 56 57 58 59 60 61 62 63 64 65 66 67 68 69 70 71 72 73 74 75 76 77 78 79 80 81 82 83 84 85 86 87 88 89 90 91 92 93 94 96 97 98 99 100 101 102 103 104 105 106 107 108 109 110 111 112 113 114 115 116 117 118 119 121 122 123 124 125 126 127 128 129 130 131 133 135 136 137 138 139 140 141 142 143 144 145 146 147 148 150 151 152 153 154 155 156 157 158 159 162 163 164 165 166 167 168 169 170 171 173 174 175 177 178 181 183 184 185 186 187 189 191 192 193 194 195 197 199 201 203 204 205 207 212 215 217 218 221 223 224 225 227 230 232 235 237 238 240 242 243 244 245 248 249 251 253 256 257 258 259 260 261 262 266 267 268 269 270 271 272 273 274 276 277 278 279 280 282 285 287 288 291 294 295 296 297 298 299 300 301 304 305 306 307 308 309 311 312 313 314 315 317 319 321 322 323 324 325 326 327 328 329 330 331 332 333 335 336 337 339 340 341 342 343 345 346 347 348 349 351 353 354 355 356 357 358 359 361 367 369 371 372 374 375 376 378 379 380 381 383 384 387 389 390 391 394 396 397 398 399 400 401 402 403 404 407 409 411 416 417 418 421 422 426 427 430 439 442 448 450 452 456 474 478 483 485
124 0 1 2 3 4 5 6 7 8 9 10 11 12 13 14 15 16 17 18 19 20 21 22 23 24 25 26 27 28 29 30 31 32 33 34 35 37 38 39 40 41 42 43 44 45 46 47 49 50 51 52 53 54 55 56 57 58 59 60 61 62 63 64 65 66 67 68 69 70 71 72 73 74 75 76 77 78 79 80 81 82 83 84 85 86 87 88 89 90 91 92 93 94 95 96 97 98 99 100 101 102 103 104 105 106 107 108 109 110 111 112 113 114 115 116 117 118 119 121 122 123 124 125 126 127 128 129 130 131 132 133 135 136 137 138 139 140 141 142 143 144 145 146 147 148 150 151 152 153 154 155 156 157 158 159 162 163 164 165 166 167 168 169 170 171 173 174 175 177 178 181 183 184 185 186 187 188 189 191 192 193 194 195 196 197 198 199 201 202 203 204 205 207 212 215 216 217 218 221 222 223 224 225 227 230 232 235 237 238 240 241 242 243 244 245 246 248 249 251 253 254 256 257 258 259 260 261 262 266 267 268 269 270 271 272 273 274 276 277 278 279 280 282 283 284 285 287 288 291 294 295 296 297 298 299 300 301 302 303 304 305 306 307 308 309 310 311 312 313 314 315 316 317 319 320 321 322 323 324 325 326 327 328 329 330 331 332 333 335 336 337 339 340 341 342 343 344 345 346 347 348 349 351 352 353 354 355 356 357 358 359 367 369 371 372 373 374 375 376 377 378 379 380 381 383 384 387 389 390 391 394 396 397 398 399 400 401 402 403 404 407 409 410 411 416 417 418 421 422 426 427 430 434 435 436 439 442 448 450 452 474 478 483 485 486
125 3 13 26 57 65 81 125 169 173 193 206 231 284 300 302 303 304 305 369 370 371 372 373 374 375 386 395 416 430 459 465 481
126 0 1 2 3 4 5 6 7 8 9 10 11 12 13 14 15 16 17 18 19 20 21 22 23 24 25 26 27 28 29 30 31 32 33 34 35 37 38 39 40 41 42 43 44 45 46 47 49 50 51 52 53 54 55 56 57 58 59 60 61 62 63 64 65 66 67 68 69 70 71 72 73 74 75 76 77 78 79 80 81 82 83 84 85 86 87 88 89 90 91 92 93 94 95 96 97 98 99 100 101 102 103 104 105 106 107 108 109 110 111 112 113 114 115 116 117 118 119 121 122 123 124 125 126 127 128 129 130 131 133 135 136 137 138 139 140 141 142 143 144 145 146 147 148 150 151 152 153 154 155 156 157 158 159 162 163 164 165 166 167 168 169 170 171 173 174 175 177 178 181 183 184 185 186 187 189 191 192 193 194 195 196 197 199 201 203 204 205 207 212 214 215 217 218 221 222 223 224 225 227 230 232 235 237 238 240 242 243 244 245 248 249 251 253 254 256 257 258 259 260 261 262 264 266 267 268 269 270 271 272 273 274 276 277 278 279 280 282 283 285 287 288 291 294 295 296 297 298 299 300 301 304 305 306 307 308 309 311 312 313 314 317 319 321 322 323 324 325 326 327 328 329 330 331 332 333 335 336 337 339 340 341 342 343 344 345 346 347 348 349 351 353 354 355 356 357 358 359 367 369 371 372 374 375 376 378 379 380 381 383 384 387 389 390 391 394 396 397 398 399 400 401 402 403 404 407 409 411 416 417 418 421 422 426 427 430 439 442 448 450 452 474 478 483 485
127 127 171 175 237 343 344 346 347 348 349 350 352 353 354 355 356 357 378 392 393 394 433 434 441 442 443 448 449 452 453 472 478 482
128 2 41 60 62 72 74 75 79 82 100 109 128 148 162 166 168 170 172 174 181 184 191 207 209 215 223 225 227 248 249 252 253 273 274 280 281 287 296 297 299 306 309 321 323 325 326 327 333 334 335 337 358 360 420 421 422 426 427 428 431 483 485
129 0 1 2 3 4 5 6 7 8 9 10 11 12 13 14 15 16 17 18 19 20 21 22 23 24 25 26 27 28 29 30 31 32 33 34 35 37 38 39 40 41 42 43 44 45 46 47 49 50 51 52 53 54 55 56 57 58 59 60 61 62 63 64 65 66 67 68 69 70 71 72 73 74 75 76 77 78 79 80 81 82 83 84 85 86 87 88 89 90 91 92 93 94 95 96 97 98 99 100 101 102 103 104 105 106 107 108 109 110 111 112 113 114 115 116 117 118 119 121 122 123 124 125 126 127 128 129 130 131 133 135 136 137 138 139 140 141 142 143 144 145 146 147 148 150 151 152 153 154 155 156 157 158 159 162 163 164 165 166 167 168 169 170 171 173 174 175 177 178 181 183 184 185 186 187 189 191 192 193 194 195 197 199 201 203 204 205 207 212 214 215 217 218 221 223 224 225 227 230 232 235 237 238 240 242 243 244 245 248 249 251 253 256 257 258 259 260 261 262 266 267 268 269 270 271 272 273 274 276 277 278 279 280 282 285 287 288 291 294 295 296 297 298 299 300 301 303 304 305 306 307 308 309 311 312 313 314 317 319 321 322 323 324 325 326 327 328 329 330 331 332 333 335 336 337 339 340 341 342 343 345 346 347 348 349 351 353 354 355 356 357 358 359 367 369 371 372 374 375 376 377 378 379 380 381 383 384 387 389 390 391 394 396 397 398 399 400 401 402 403 404 407 409 410 411 416 417 418 421 422 426 427 430 439 442 443 448 450 452 474 478 483 485
130 0 1 4 8 16 20 36 38 39 48 49 51 53 94 95 98 105 111 118 119 120 121 130 132 137 138 161 171 175 178 179 182 275 281 310 363 388 440 441 447 458 463 473 476
131 0 1 2 3 4 5 6 7 8 9 10 11 12 13 14 15 16 17 18 19 20 21 22 23 24 25 26 27 28 29 30 31 32 33 34 35 37 38 39 40 41 42 43 44 45 46 47 50 51 52 53 54 55 56 57 58 59 60 61 62 63 64 65 66 67 68 69 70 71 72 73 74 75 76 77 78 79 80 81 82 83 84 85 86 87 88 89 90 91 92 93 94 96 97 98 99 100 101 102 103 104 105 106 107 108 109 110 111 112 113 114 115 116 117 118 119 121 122 123 124 125 126 127 128 129 130 131 133 135 136 137 138 139 140 141 142 143 144 145 146 147 148 150 151 152 153 154 155 156 157 158 159 162 163 164 165 166 167 168 169 170 171 173 174 175 177 178 181 183 184 185 186 187 189 191 192 193 194 195 197 199 201 203 204 205 207 212 215 217 218 221 223 224 225 227 230 232 235 237 238 240 242 243 244 245 246 248 249 251 253 256 257 258 259 260 261 262 266 267 268 269 270 271 272 273 274 276 277 278 279 280 282 285 286 287 288 291 294 295 296 297 298 299 300 301 304 305 306 307 308 309 311 312 313 314 317 319 321 322 323 324 325 326 327 328 329 330 331 332 333 335 336 337 339 340 341 342 343 345 346 347 348 349 351 353 354 355 356 357 358 359 367 369 371 372 374 375 376 378 379 380 381 383 384 387 389 390 391 394 396 397 398 399 400 401 402 403 404 407 409 410 411 416 417 418 421 422 426 427 430 439 442 448 450 452 474 478 483 485
136 0 1 2 3 4 5 6 7 8 9 10 11 12 13 14 15 16 17 18 19 20 21 22 23 24 25 26 27 28 29 30 31 32 33 34 35 37 38 39 40 41 42 43 44 45 46 47 49 50 51 52 53 54 55 56 57 58 59 60 61 62 63 64 65 66 67 68 69 70 71 72 73 74 75 76 77 78 79 80 81 82 83 84 85 86 87 88 89 90 91 92 93 94 95 96 97 98 99 100 101 102 103 104 105 106 107 108 109 110 111 112 113 114 115 116 117 118 119 121 122 123 124 125 126 127 128 129 130 131 133 135 136 137 138 139 140 141 142 143 144 145 146 147 148 150 151 152 153 154 155 156 157 158 159 162 163 164 165 166 167 168 169 170 171 173 174 175 177 178 181 183 184 185 186 187 188 189 191 192 193 194 195 196 197 199 201 203 204 205 207 212 215 217 218 221 222 223 224 225 227 230 232 235 237 238 240 242 243 244 245 248 249 251 253 254 256 257 258 259 260 261 262 266 267 268 269 270 271 272 273 274 276 277 278 279 280 282 283 284 285 287 288 291 292 294 295 296 297 298 299 300 301 302 303 304 305 306 307 308 309 311 312 313 314 317 319 321 322 323 324 325 326 327 328 329 330 331 332 333 335 336 337 339 340 341 342 343 344 345 346 347 348 349 351 352 353 354 355 356 357 358 359 367 369 371 372 373 374 375 376 378 379 380 381 383 384 387 389 390 391 394 396 397 398 399 400 401 402 403 404 407 409 410 411 416 417 418 421 422 426 427 430 433 436 439 442 448 450 452 474 478 483 485
137 8 38 39 49 95 119 120 121 132 137 138 310 440
140 0 1 2 3 4 5 6 7 8 9 10 11 12 13 14 15 16 17 18 19 20 21 22 23 24 25 26 27 28 29 30 31 32 33 34 35 37 38 39 40 41 42 43 44 45 46 47 49 50 51 52 53 54 55 56 57 58 59 60 61 62 63 64 65 66 67 68 69 70 71 72 73 74 75 76 77 78 79 80 81 82 83 84 85 86 87 88 89 90 91 92 93 94 95 96 97 98 99 100 101 102 103 104 105 106 107 108 109 110 111 112 113 114 115 116 117 118 119 121 122 123 124 125 126 127 128 129 130 131 133 135 136 137 138 139 140 141 142 143 144 145 146 147 148 150 151 152 153 154 155 156 157 158 159 162 163 164 165 166 167 168 169 170 171 173 174 175 177 178 181 183 184 185 186 187 188 189 191 192 193 194 195 196 197 199 201 203 204 205 207 212 215 217 218 221 222 223 224 225 227 230 232 235 237 238 240 242 243 244 245 248 249 251 253 254 256 257 258 259 260 261 262 266 267 268 269 270 271 272 273 274 276 277 278 279 280 282 283 284 285 287 288 291 294 295 296 297 298 299 300 301 302 303 304 305 306 307 308 309 311 312 313 314 317 319 321 322 323 324 325 326 327 328 329 330 331 332 333 335 336 337 339 340 341 342 343 344 345 346 347 348 349 351 353 354 355 356 357 358 359 367 369 371 372 373 374 375 376 378 379 380 381 383 384 387 389 390 391 394 396 397 398 399 400 401 402 403 404 407 409 410 411 416 417 418 421 422 426 427 430 436 439 442 445 448 450 452 464 474 478 483 485
141 0 1 2 3 4 5 6 7 8 9 10 11 12 13 14 15 16 17 18 19 20 21 22 23 24 25 26 27 28 29 30 31 32 33 34 35 37 38 39 40 41 42 43 44 45 46 47 48 49 50 51 52 53 54 55 56 57 58 59 60 61 62 63 64 65 66 67 68 69 70 71 72 73 74 75 76 77 78 79 80 81 82 83 84 85 86 87 88 89 90 91 92 93 94 95 96 97 98 99 100 101 102 103 104 105 106 107 108 109 110 111 112 113 114 115 116 117 118 119 121 122 123 124 125 126 127 128 129 130 131 133 135 136 137 138 139 140 141 142 143 144 145 146 147 148 150 151 152 153 154 155 156 157 158 159 162 163 164 165 166 167 168 169 170 171 173 174 175 177 178 181 183 184 185 186 187 189 191 192 193 194 195 197 199 201 203 204 205 207 212 214 215 217 218 221 223 224 225 227 230 232 235 237 238 240 242 243 244 245 248 249 251 253 256 257 258 259 260 261 262 266 267 268 269 270 271 272 273 274 276 277 278 279 280 282 285 287 288 291 294 295 296 297 298 299 300 301 304 305 306 307 308 309 311 312 313 314 317 319 321 322 323 324 325 326 327 328 329 330 331 332 333 335 336 337 339 340 341 342 343 345 346 347 348 349 351 353 354 355 356 357 358 359 367 369 371 372 374 375 376 378 379 380 381 383 384 387 389 390 391 394 396 397 398 399 400 401 402 403 404 407 409 411 416 417 418 421 422 426 427 430 435 439 442 448 450 452 474 478 483 485
142 17 43 122 134 142 143 149 151 153 155 156 157 158 188 194 199 200 202 204 212 213 214 216 219 221 222 232 235 236 238 240 241 242 245 250 251 254 255 259 262 271 275 276 278 283 288 292 293 408 424 451
144 3 13 26 57 63 65 81 144 169 173 193 206 231 284 300 301 302 303 304 305 369 370 371 372 373 374 375 386 395 416 430 459 465 481
145 0 1 2 3 4 5 6 7 8 9 10 11 12 13 14 15 16 17 18 19 20 21 22 23 24 25 26 27 28 29 30 31 32 33 34 35 37 38 39 40 41 42 43 44 45 46 47 50 51 52 53 54 55 56 57 58 59 60 61 62 63 64 65 66 67 68 69 70 71 72 73 74 75 76 77 78 79 80 81 82 83 84 85 86 87 88 89 90 91 92 93 94 96 97 98 99 100 101 102 103 104 105 106 107 108 109 110 111 112 113 114 115 116 117 118 119 121 122 123 124 125 126 127 128 129 130 131 133 135 136 137 138 139 140 141 142 143 144 145 146 147 148 150 151 152 153 154 155 156 157 158 159 160 162 163 164 165 166 167 168 169 170 171 172 173 174 175 177 178 181 183 184 185 186 187 189 191 192 193 194 195 197 199 201 203 204 205 207 209 212 214 215 217 218 221 223 224 225 227 230 232 235 237 238 240 242 243 244 245 248 249 251 253 256 257 258 259 260 261 262 266 267 268 269 270 271 272 273 274 276 277 278 279 280 282 285 287 288 291 294 295 296 297 298 299 300 301 304 305 306 307 308 309 311 312 313 314 317 319 321 322 323 324 325 326 327 328 329 330 331 332 333 334 335 336 337 339 340 341 342 343 345 346 347 348 349 351 353 354 355 356 357 358 359 361 367 369 371 372 374 375 376 378 379 380 381 383 384 387 389 390 391 394 396 397 398 399 400 401 402 403 404 407 409 411 416 417 418 421 422 426 427 428 430 431 439 442 448 450 452 474 478 483 485
147 0 1 2 3 4 5 6 7 8 9 10 11 12 13 14 15 16 17 18 19 20 21 22 23 24 25 26 27 28 29 30 31 32 33 34 35 37 38 39 40 41 42 43 44 45 46 47 49 50 51 52 53 54 55 56 57 58 59 60 61 62 63 64 65 66 67 68 69 70 71 72 73 74 75 76 77 78 79 80 81 82 83 84 85 86 87 88 89 90 91 92 93 94 95 96 97 98 99 100 101 102 103 104 105 106 107 108 109 110 111 112 113 114 115 116 117 118 119 121 122 123 124 125 126 127 128 129 130 131 132 133 135 136 137 138 139 140 141 142 143 144 145 146 147 148 150 151 152 153 154 155 156 157 158 159 162 163 164 165 166 167 168 169 170 171 173 174 175 177 178 181 183 184 185 186 187 188 189 191 192 193 194 195 196 197 198 199 201 202 203 204 205 207 212 214 215 216 217 218 221 222 223 224 225 227 230 232 234 235 237 238 240 241 242 243 244 245 246 248 249 251 253 254 256 257 258 259 260 261 262 266 267 268 269 270 271 272 273 274 276 277 278 279 280 282 283 284 285 287 288 291 294 295 296 297 298 299 300 301 302 303 304 305 306 307 308 309 311 312 313 314 315 316 317 319 321 322 323 324 325 326 327 328 329 330 331 332 333 335 336 337 339 340 341 342 343 344 345 346 347 348 349 351 352 353 354 355 356 357 358 359 367 369 371 372 373 374 375 376 377 378 379 380 381 383 384 387 389 390 391 394 396 397 398 399 400 401 402 403 404 407 409 410 411 416 417 418 421 422 426 427 430 434 436 439 442 448 450 452 474 478 483 485
148 2 41 60 62 72 74 75 79 82 100 109 128 148 162 166 168 170 172 174 181 184 191 207 209 215 223 225 227 248 249 252 253 273 274 280 281 287 296 297 299 306 309 321 323 325 326 327 333 334 335 337 358 360 420 421 422 426 427 428 431 483 485
151 17 43 134 143 149 151 153 155 156 157 158 188 194 199 200 202 204 212 213 214 216 219 221 222 232 235 236 238 240 241 242 245 250 254 255 259 262 271 275 276 278 283 292 293 408 424
153 17 43 134 143 149 151 153 155 156 157 158 188 194 199 200 202 204 212 213 214 216 219 221 222 232 235 236 238 240 241 242 245 250 254 255 259 262 271 275 276 278 283 292 293 408 424
155 17 43 134 143 149 151 153 155 156 157 158 188 194 199 200 202 204 212 213 214 216 219 221 222 232 235 236 238 240 241 242 245 250 254 255 259 262 271 275 276 278 283 292 293 408 424
157 157 216 221 222 240 241 254 275 283
158 43 134 143 149 151 153 155 156 157 158 188 194 199 200 202 204 212 213 214 216 219 221 222 232 235 236 238 240 241 242 245 250 254 255 259 262 271 275 278 283 292 408 424
159 1 3 13 26 35 36 48 57 63 65 81 97 118 125 159 161 165 169 171 173 175 176 178 179 180 193 206 231 264 284 300 302 303 304 305 360 361 369 370 371 372 373 374 375 386 395 416 430 441 459 465 481
162 60 162 166 168 170 172 181 184 209 215 223 225 227 253 273 280 287 296 297 299 309 321 323 325 326 327 333 334 335 337 360 420 421 422 426 427 428 431 432
163 0 1 2 3 4 5 6 7 8 9 10 11 12 13 14 15 16 17 18 19 20 21 22 23 24 25 26 27 28 29 30 31 32 33 34 35 37 38 39 40 41 42 43 44 45 46 47 49 50 51 52 53 54 55 56 57 58 59 60 61 62 63 64 65 66 67 68 69 70 71 72 73 74 75 76 77 78 79 80 81 82 83 84 85 86 87 88 89 90 91 92 93 94 95 96 97 98 99 100 101 102 103 104 105 106 107 108 109 110 111 112 113 114 115 116 117 118 119 121 122 123 124 125 126 127 128 129 130 131 133 135 136 137 138 139 140 141 142 143 144 145 146 147 148 150 151 152 153 154 155 156 157 158 159 162 163 164 165 166 167 168 169 170 171 173 174 175 177 178 181 183 184 185 186 187 189 191 192 193 194 195 197 199 201 203 204 205 207 212 214 215 217 218 221 223 224 225 227 230 232 235 237 238 240 242 243 244 245 248 249 251 253 256 257 258 259 260 261 262 266 267 268 269 270 271 272 273 274 276 277 278 279 280 282 284 285 287 288 291 294 295 296 297 298 299 300 301 303 304 305 306 307 308 309 311 312 313 314 317 319 321 322 323 324 325 326 327 328 329 330 331 332 333 335 336 337 339 340 341 342 343 345 346 347 348 349 351 353 354 355 356 357 358 359 367 369 371 372 373 374 375 376 378 379 380 381 383 384 386 387 389 390 391 394 396 397 398 399 400 401 402 403 404 407 409 410 411 416 417 418 421 422 426 427 430 439 442 448 450 452 474 478 483 485 486
166 60 166 168 170 172 184 209 215 223 227 253 280 287 296 297 299 309 321 323 325 326 327 333 334 335 337 420 421 422 426 427 428 431 432
168 60 166 168 170 172 184 209 215 223 227 253 280 287 296 297 299 309 321 323 325 326 327 333 334 335 337 420 421 422 426 427 428 431 432
178 171 175 178 441
186 171 175 186 237 250 343 344 345 346 347 348 349 350 352 353 354 355 356 357 377 378 379 392 393 394 433 434 441 442 443 448 449 452 453 472 478 482
187 160 187 362 363 364 365 366 367 414 419 461 462 464
203 146 195 201 203 205 224 229 243 258 268 270 272 279 285 295 332 382 392 393 396 397 398 400 402 410 411 412 413 415 417 418 455
204 149 204 214 236 292
205 205 382 415 417
207 60 166 168 170 172 181 184 207 209 215 223 225 227 253 273 280 287 296 297 299 309 321 323 325 326 327 333 334 335 337 420 421 422 426 427 428 431 432
210 210
225 60 166 168 170 172 184 209 215 223 225 227 253 280 287 296 297 299 309 321 323 325 326 327 333 334 335 337 420 421 422 426 427 428 431 432
237 237 344 346 347 348 349 352 357 392 393 394 433 434 442 443 449 478 482
242 134 149 188 199 200 204 213 214 216 221 222 236 240 241 242 250 254 255 275 283 292
244 0 1 2 3 4 5 6 7 8 9 10 11 12 13 14 15 16 17 18 19 20 21 22 23 24 25 26 27 28 29 30 31 32 33 34 35 37 38 39 40 41 42 43 44 45 46 47 49 50 51 52 53 54 55 56 57 58 59 60 61 62 63 64 65 66 67 68 69 70 71 72 73 74 75 76 77 78 79 80 81 82 83 84 85 86 87 88 89 90 91 92 93 94 95 96 97 98 99 100 101 102 103 104 105 106 107 108 109 110 111 112 113 114 115 116 117 118 119 121 122 123 124 125 126 127 128 129 130 131 132 133 135 136 137 138 139 140 141 142 143 144 145 146 147 148 150 151 152 153 154 155 156 157 158 159 162 163 164 165 166 167 168 169 170 171 173 174 175 177 178 181 183 184 185 186 187 188 189 191 192 193 194 195 196 197 199 201 202 203 204 205 207 212 215 216 217 218 221 222 223 224 225 227 230 232 235 237 238 240 241 242 243 244 245 246 248 249 251 253 254 256 257 258 259 260 261 262 263 266 267 268 269 270 271 272 273 274 276 277 278 279 280 282 283 284 285 287 288 291 294 295 296 297 298 299 300 301 302 303 304 305 306 307 308 309 311 312 313 314 315 317 319 321 322 323 324 325 326 327 328 329 330 331 332 333 335 336 337 339 340 341 342 343 344 345 346 347 348 349 351 352 353 354 355 356 357 358 359 367 369 371 372 373 374 375 376 377 378 379 380 381 383 384 387 389 390 391 394 396 397 398 399 400 401 402 403 404 407 409 410 411 416 417 418 421 422 426 427 430 436 439 442 448 450 452 474 478 483 485 486
248 60 166 168 170 172 181 184 209 215 223 225 227 248 253 273 280 287 296 297 299 309 321 323 325 326 327 333 334 335 337 420 421 422 426 427 428 431 432
249 169 193 206 231 249 284 303 305 369 370 371 372 373 374 375 386 395 481
253 60 166 168 170 172 184 209 215 223 227 253 280 287 296 297 299 309 321 323 325 326 327 333 334 335 337 420 421 422 426 427 428 431 432
257 0 1 2 3 4 5 6 7 8 9 10 11 12 13 14 15 16 17 18 19 20 21 22 23 24 25 26 27 28 29 30 31 32 33 34 35 37 38 39 40 41 42 43 44 45 46 47 49 50 51 52 53 54 55 56 57 58 59 60 61 62 63 64 65 66 67 68 69 70 71 72 73 74 75 76 77 78 79 80 81 82 83 84 85 86 87 88 89 90 91 92 93 94 95 96 97 98 99 100 101 102 103 104 105 106 107 108 109 110 111 112 113 114 115 116 117 118 119 121 122 123 124 125 126 127 128 129 130 131 132 133 135 136 137 138 139 140 141 142 143 144 145 146 147 148 150 151 152 153 154 155 156 157 158 159 162 163 164 165 166 167 168 169 170 171 173 174 175 177 178 181 183 184 185 186 187 188 189 191 192 193 194 195 196 197 199 201 202 203 204 205 207 212 214 215 216 217 218 221 222 223 224 225 227 230 232 235 237 238 240 241 242 243 244 245 246 248 249 251 253 254 256 257 258 259 260 261 262 266 267 268 269 270 271 272 273 274 276 277 278 279 280 282 283 284 285 287 288 291 294 295 296 297 298 299 300 301 302 303 304 305 306 307 308 309 311 312 313 314 315 317 319 321 322 323 324 325 326 327 328 329 330 331 332 333 335 336 337 339 340 341 342 343 344 345 346 347 348 349 351 352 353 354 355 356 357 358 359 360 367 369 371 372 373 374 375 376 377 378 379 380 381 383 384 387 389 390 391 394 396 397 398 399 400 401 402 403 404 407 409 410 411 416 417 418 421 422 426 427 428 430 436 439 442 448 450 452 474 478 483 485
260 34 146 195 201 205 224 229 243 258 260 261 265 268 270 272 279 285 295 332 382 392 393 396 397 398 400 402 403 410 411 412 413 415 417 418 455
270 146 195 201 205 224 229 243 258 268 270 279 285 295 332 382 393 396 397 398 400 402 410 411 412 413 415 417 418 455
274 60 162 166 168 170 172 181 184 209 215 223 225 227 248 253 273 274 280 287 296 297 299 309 321 323 325 326 327 333 334 335 337 360 420 421 422 426 427 428 431 432 485
278 134 200 216 221 222 240 241 254 275 278 283 424
283 216 222 240 241 254 275 283
287 166 170 172 184 209 215 280 287 296 297 299 309 323 325 326 327 334 335 420 421 422 426 427 428 431 432
296 166 170 172 184 209 215 280 296 297 299 309 323 325 326 327 334 335 420 421 422 426 428 431 432
297 60 166 168 170 172 184 209 215 223 227 253 280 287 296 297 299 309 321 323 325 326 327 333 334 335 337 420 421 422 426 427 428 431 432
313 24 84 87 127 152 171 175 177 185 186 192 208 233 237 250 255 256 298 312 313 331 341 343 344 345 346 347 348 349 350 351 352 353 354 355 356 357 363 376 377 378 379 381 392 393 394 433 434 441 442 443 444 445 448 449 452 453 457 465 467 469 472 473 476 478 482
322 34 146 195 201 205 224 229 243 258 261 265 268 270 272 279 285 295 322 330 332 382 392 393 396 397 398 400 402 403 410 411 412 413 415 417 418 455
323 60 166 168 170 172 181 184 209 215 223 225 227 253 273 280 287 296 297 299 309 321 323 325 326 327 333 334 335 337 420 421 422 426 427 428 431 432
328 24 84 87 127 152 161 171 175 176 180 186 190 211 226 233 237 247 250 255 256 282 286 298 328 338 341 343 344 345 346 347 348 349 350 351 352 353 354 355 356 357 361 363 376 377 378 379 380 381 392 393 394 406 408 433 434 435 437 441 442 443 444 448 449 452 453 454 456 457 463 465 469 473 475 478 482
329 160 187 239 290 329 362 363 364 365 366 367 414 419 461 462 464
340 160 161 177 185 187 192 208 218 230 239 275 290 313 329 331 340 341 362 363 364 365 366 367 368 414 419 444 445 453 454 455 456 457 458 461 462 464 467
351 237 343 344 346 347 348 349 350 351 352 353 354 355 356 357 377 378 379 392 393 394 433 434 442 443 448 449 452 453 472 478 482
353 237 343 344 346 347 348 349 350 352 353 354 355 356 357 378 392 393 394 433 434 442 443 448 449 452 453 472 478 482
355 237 344 346 347 348 349 352 355 356 357 392 393 394 433 434 442 443 448 449 452 472 478 482
357 237 344 346 347 348 349 352 356 357 392 393 394 433 434 442 443 449 472 478 482
364 160 362 363 364 365 366 414 419 461 462 464
379 237 344 346 347 348 349 352 357 379 392 393 394 433 434 442 443 449 478 482
389 102 167 217 263 267 277 363 368 383 384 385 387 388 389 390 404 405 408 423 429 435 439 447
391 102 164 167 176 180 183 217 263 266 267 277 342 363 368 383 384 385 387 388 389 390 391 404 405 408 423 429 435 439 447 459
401 34 146 195 201 205 224 229 243 258 261 265 268 270 272 279 285 295 332 382 392 393 396 397 398 400 401 402 403 410 411 412 413 415 417 418 455
416 169 193 206 231 284 303 305 369 370 371 372 373 374 375 386 395 416 430 481
430 169 193 206 231 284 303 305 369 370 371 372 373 374 375 386 395 416 430 481
