128 544 571 605 636 846 1410 1480 1500 1514 1799
257 529 811 880 1398 1445
389 531 558 631 646 648 655 694 772 1452
6 6 491 514 516 526 529 531 533 548 551 552 555 558 559 560 571 585 589 596 602 605 616 618 630 631 636 640 644 646 647 648 655 657 693 694 696 731 737 759 772 776 785 802 811 818 853 880 1398 1445 1452 1457 1499 1500 1514 1522 1556 1572 1594 1770 1799
5 531 548 555 558 596 630 631 640 646 655 657 694 696 731 772
11 491 526 555 589 602 618 630 636 696 776 785 1385 1499 1594
140 529 533 551 560 585 811 1398 1421 1618
15 812 1425 1481 1629 1748
144 785 811 880 1398 1445
19 812 1425 1481 1629 1748
148 516 571 636 644 759 1500 1514 1799
22 531 548 558 596 631 640 646 648 655 694 731 772 1452
416 3 13 15 26 31 35 57 63 65 81 97 125 169 173 193 206 207 231 284 300 301 302 303 304 305 330 369 370 371 372 373 374 375 386 395 416 430 459 465 487 514 526 531 552 558 559 571 605 631 646 648 655 693 694 737 772 802 812 853 1425 1452 1457 1480 1481 1500 1556 1572 1629 1748 1770
33 785 811 880 1398 1445
163 491 514 552 559 693
50 571 636 802 1500 1514 1799
178 1 98 111 118 124 159 167 171 173 175 178 182 184 302 441
60 60 432 491 526 527 529 533 548 551 555 571 585 589 596 602 605 612 615 616 618 630 636 640 644 647 657 675 696 731 737 759 776 785 811 818 840 853 1398 1416 1421 1448 1457 1499 1500 1514 1522 1556 1572 1594 1618 1622 1666 1770 1799
74 527 548 596 612 616 640 644 647 731 759 776 840 1499 1522
78 491 531 558 655 694 772 1421 1506 1618
340 531 558 631 646 648 655 694 772 1452
89 529 560 785 811 1398
92 78 92 140 388 444 491 526 529 531 533 548 551 555 558 560 585 589 596 612 616 618 630 631 636 640 644 646 647 648 655 657 694 696 731 759 772 776 785 811 1385 1398 1421 1452 1499 1500 1506 1522 1594 1618
355 355 491 499 526 527 529 531 548 555 558 560 571 585 589 596 602 612 616 618 630 631 636 640 644 646 647 655 657 675 694 696 731 759 772 776 785 811 818 840 853 1398 1421 1499 1500 1522 1556 1594 1618
103 529 533 551 555 585 630 696
108 36 108 176 228 234 289 318 423 466 469 475 476 477 479 480 1369
109 514 552 559 693
119 119 491 499 526 527 531 548 555 558 560 589 596 602 612 616 618 630 631 636 640 644 646 647 655 657 675 694 696 731 759 772 776 785 811 818 840 853 1385 1398 1421 1499 1522 1556 1594 1618
122 499 526 571 589 602 636 675 1416 1500 1514 1594 1799
124 1 98 118 124 159 167 171 173 175 178 182 184 302 441
125 514 559 605 812 1452 1480 1481 1629
