0 0 36 48 108 120 138 160 228 234 277 289 310 318 364 366 367 380 423 445 466 469 475 476 477 479 480
257 529 585 880
130 491 526 589 602 818
131 571 585 616 618 636 644 759
128 544 846
389 531 558 631 646 648 655 694 772
6 555 630 648 696
260 15 19 56 112 125 195 201 205 224 229 243 258 260 268 279 285 364 377 382 396 397 398 400 402 410 411 412 413 417 418 484 514 605 812
136 36 48 136 149 150 190 206 208 209 210 211 213 214 219 220 226 228 229 231 233 234 236 239 247 250 252 255 264 265 275 281 286 289 290 293
137 4 8 20 38 39 49 78 95 105 119 121 137 138 179 237 318 341 349 409 439 444 491 499 526 531 555 558 602 612 630 631 646 647 648 655 675 694 696 772
5 531 548 555 558 596 630 631 640 646 655 657 694 696 731 772
11 526 555 602 618 630 636 696 776 785
140 533 551 560 585
15 15 19 56 112 125 164 201 205 224 229 243 258 260 268 279 284 285 302 303 362 364 370 374 377 388 395 397 398 400 402 410 411 412 413 416 417 418 445 484 812
16 11 16 49 95 119 132 138 275 339 363 385 388 405 406 408 447 476 499 526 555 589 602 618 630 636 644 647 657 675 696 776 785
145 65 125 131 145 166 173 185 229 258 288 301 304 366 374 375 382 402 412 413 415 416 430 436 467 486 488 571 585 618 636 644 759
401 34 146 195 201 203 205 224 229 243 258 261 268 270 272 279 285 295 322 332 369 382 388 396 397 398 400 401 402 403 410 411 413 414 415 417 418 484 605 737
19 19 146 195 201 205 215 224 229 243 253 258 260 268 270 279 285 295 332 364 377 382 396 397 398 400 402 410 411 412 413 415 417 418 484 812
148 6 50 103 122 128 131 145 148 203 213 315 334 385 432 459 467 486 488 516 571 585 618 636 644 759
144 6 11 29 33 76 89 144 257 302 368 450 474 529 560 785 811 880
22 531 548 558 596 631 640 646 648 655 694 731 772
278 157 194 204 212 221 232 235 238 240 241 254 259 262 278 283 288 317 321 331 383 417 424 763
153 153 236 491 499 527 529 531 533 548 551 555 558 560 585 596 612 616 618 630 631 636 640 644 646 647 655 657 675 694 696 731 759 772 776 840
29 29 499 526 529 531 533 548 551 555 558 560 585 589 596 602 630 631 640 646 647 655 657 675 694 696 731 772 785 811 880
416 3 13 26 35 57 63 65 81 97 125 169 173 193 206 207 231 284 300 301 302 303 304 305 330 369 370 371 372 373 374 375 386 395 416 430 459 465 487 514 552 559 605 693 737 812
33 6 11 29 33 76 89 144 257 450 474 529 560 785 811 880
163 491 514 552 559 693
297 60 98 162 166 184 191 204 205 215 223 225 227 248 253 260 273 274 280 287 296 297 309 323 324 325 326 327 330 333 335 368 421 422 426 427 428 432 499 526 555 589 602 615 616 630 644 657 675 696 759 785 812 818
41 41 128 170 252 281 299 309 323 325 334 358 380 421 422 427 428 431 432 544 846
430 31 35 50 52 54 63 65 78 81 83 92 109 111 125 128 130 131 137 145 159 163 165 166 173 185 203 207 229 258 260 288 291 300 301 304 340 374 375 382 386 389 412 413 415 416 430 487 491 514 531 552 558 559 605 648 655 693 694 772 812
47 47 60 95 122 160 204 219 236 277 432 499 526 555 589 602 615 616 630 644 675 696 759 818
50 6 50 83 103 109 111 122 125 128 131 145 148 203 206 217 260 370 386 416 448 465 486 514 559 571 585 605 636 644 759 802 812
178 1 98 111 118 124 159 167 171 173 175 178 182 184 302 441 605
52 618 636 647 776
56 56 112 195 201 205 229 237 243 260 268 279 285 295 346 348 357 362 379 382 397 398 400 402 410 411 412 413 415 417 418 484 812
187 187 239 365 414 419 457 462 489 526 527 589 602 675 737 785 818 840 853
60 615 644 759 818
74 74 134 149 153 188 199 204 213 216 219 222 235 236 240 241 242 251 253 262 277 283 321 334 499 527 548 555 560 596 612 616 618 630 631 636 640 644 646 647 657 696 731 759 776 840
203 88 111 125 131 187 195 201 203 205 229 239 243 258 268 279 285 295 364 365 366 369 382 388 397 398 400 401 402 410 411 413 414 415 416 417 418 419 457 462 484 486 489 514 527 571 605 636 737 812 818 840 853
76 29 33 76 144 185 257 331 450 474 529 560 785 811 880
78 491 531 558 655 694 772
79 60 79 120 166 195 204 205 215 238 253 297 299 309 321 323 325 326 327 334 335 367 371 422 426 427 431 432 434 449 459 483 555 589 615 616 630 644 657 696 759 818
210 36 48 136 149 150 190 198 202 206 208 209 210 211 213 214 219 220 226 228 229 231 233 234 236 239 241 246 247 250 252 255 264 265 275 281 286 289 290 293
83 531 558 631 646 648 655 694 772
340 531 558 631 646 648 655 694 772
88 88 160 187 195 201 203 205 229 243 258 268 279 285 292 295 366 368 369 382 388 397 400 401 402 410 411 413 414 415 417 418 429 476 484 605 737
89 6 11 29 33 38 52 76 89 92 103 140 144 249 257 303 444 488 526 529 533 548 551 560 585 596 640 731 785 811 880
92 11 52 78 89 92 103 119 130 137 140 163 179 263 302 340 388 389 444 491 499 531 533 551 558 560 585 647 655 675 694 772
225 526 589 602 675 785 818
353 171 175 237 346 347 348 349 352 353 356 357 377 379 394 434 442 448 452 453 478 593
355 499 612 647
103 529 533 551 555 585 630 696
108 0 36 48 108 120 138 160 176 228 234 277 289 310 318 364 366 367 380 423 445 466 469 475 476 477 479 480
109 514 552 559 693
111 8 41 49 50 83 88 111 125 128 131 132 145 187 203 268 401 416 430 432 447 459 465 514 544 605 737 812 846
112 34 112 146 164 195 201 205 215 224 229 243 258 260 261 268 270 272 279 285 295 321 332 364 377 396 397 398 400 402 403 410 411 412 413 417 418 436 484 812
125 514 559 605 812
119 499 675
249 2 11 15 19 29 35 50 52 59 62 74 78 83 89 109 111 112 125 140 153 203 249 260 263 303 355 416 429 446 447 514 552 559 605 612 616 618 636 644 647 693 759 776 812
122 526 589 602 675
379 56 201 229 237 260 279 291 346 348 353 357 378 379 381 382 397 400 402 410 413 415 417 593
124 1 98 111 118 124 159 167 171 173 175 178 182 184 302 441 605
253 60 74 153 162 166 168 181 191 204 205 207 223 225 227 253 259 260 270 273 280 287 296 297 309 313 321 323 325 326 327 335 337 422 427 432 485 499 526 527 548 555 589 596 602 612 615 616 618 630 640 644 647 657 675 696 731 759 776 785 812 818 840
