128 128 544 846 1410 1480
355 74 355 499 596 612 616 618 647 776 840 1522
6 6 148 491 529 555 559 560 571 585 630 636 648 657 696 785 811 1398 1500 1514 3257 3331
103 103 140 529 533 551 555 571 585 630 696 1500 3257 3260 3425
74 74 119 355 491 527 548 555 596 612 616 618 640 644 647 731 776 840 1499 1522
11 11 119 140 491 526 529 555 560 585 589 602 618 630 636 647 657 696 776 785 880 1385 1398 1421 1499 1522 1594 1618 3246 3257 3260 3425
140 11 103 140 491 526 529 533 551 555 560 585 596 618 785 811 1385 1398 1421 1499 1506 1618 3246 3257 3260 3425
144 144 529 785 811 880 1398 1445 3201 3257 3425
19 19 812 1425 1481 1629 1748 3183
148 6 128 148 516 571 585 636 644 802 1410 1500 1514 1572 1799 3218 3290
22 22 531 548 558 560 596 631 640 646 648 655 694 731 772 1452 3508 3557
119 11 74 119 355 491 499 526 589 602 612 618 647 675 776 1385 1499 1522 1594
