128 128 334 428 431 432 544 571 605 636 846 1410 1480 1500 1514 1572
257 11 144 179 257 445 529 555 585 811 880 1385 1398 1445
389 389 408 531 558 648 655 694 772 1452
6 6 163 491 529 555 560 571 585 630 636 648 657 696 785 811 1398 1500 1514
5 5 646 657
11 11 119 140 257 405 406 408 491 526 529 555 585 589 602 618 630 636 647 657 696 776 785 1385 1421 1499 1522 1594
140 11 78 89 92 140 341 444 529 533 551 555 560 585 596 618 811 1385 1398 1421 1618
15 15 812 1425 1481 1629
144 144 880 1445
19 19 812 1425 1481 1629
148 148 213 432 459 516 571 636 1500 1514
22 13 22 26 45 164 196 198 228 234 246 288 289 294 304 305 316 317 319 359 388 392 409 436 477 548 558 596 631 640 731
416 125 416 514 812 1452
33 33 144 880 1398 1445
163 6 163 491 514 552 555 559 648 693 1499
50 50 125 416 514 571 636 802 812 1452 1500 1514
178 124 178
60 60 555 615 616 630 644 696 759 818 1416 1448 1556 1622 1666
74 74 612 616 776 840 1522
78 78 92 179 491 531 558 618 648 655 694 772 1421 1452 1499 1506 1618
340 340 341 445 457 531 558 631 646 648 655 694 772 1452
89 89 140 529 560 785 811 1398
92 78 92 140 1421 1506
355 355 612 647
103 103 350 454 529 533 551 585
108 108 1369
109 109 432 514 552 559 693
119 49 95 119 491 499 589 602 647 675 1499
122 122 219 236 526 571 589 602 636 675 1416 1500 1514
124 124 178
125 50 125 416 514 559 605 802 812 1452 1480 1629
