0 0 8 36 48 49 95 105 108 120 121 132 134 138 160 277 310 362 364 366 367 380 445 476
257 11 29 33 76 144 179 257 445 529 555 585 880
130 11 49 95 119 120 130 153 225 234 275 281 310 363 385 388 458 463 491 499 526 555 589 602 616 675 776 818
131 6 50 122 128 131 145 148 203 467 486 516 533 571 585 616 618 636 644 737 759 802
128 111 128 544 846
389 389 408 531 558 648 655 694 772
6 6 29 131 163 169 385 491 529 555 558 571 585 630 648 657 696 785 811
260 15 19 56 112 125 146 164 195 201 205 215 224 229 243 258 260 268 279 285 323 364 377 379 396 397 398 400 402 410 411 412 413 417 418 812
136 136 210
137 4 8 18 20 38 39 49 51 52 65 78 81 95 105 118 119 121 137 138 155 237 306 318 322 341 349 372 375 409 439 491
5 5 646 657
11 11 16 130 140 257 385 405 406 408 491 526 529 555 585 589 602 618 630 636 647 657 696 776 785
140 11 29 52 89 92 140 249 387 444 529 533 551 560 585 596
15 3 4 13 15 19 26 56 57 65 164 173 185 193 224 237 249 251 260 284 300 302 303 305 330 362 370 371 372 374 375 379 388 395 416 445 812
16 4 11 16 38 39 49 95 105 121 132 138 177 251 275 339 362 363 380 381 385 388 447 476
145 131 145 201 205 229 243 258 268 279 285 295 341 358 366 380 382 397 398 400 402 411 412 413 415 417 418 430 436 439 571
401 34 146 187 195 203 224 261 268 270 272 332 396 397 398 400 401 403 411 415 418 605 737
19 15 19 56 57 112 146 164 192 195 201 205 215 224 229 243 258 260 268 279 285 294 295 332 346 382 396 397 398 400 402 410 411 413 415 417 418 812
148 131 148 213 299 315 334 385 432 459 516 571
144 33 76 144 302 880
22 13 22 26 45 164 196 198 228 234 246 288 289 294 304 305 316 317 319 359 388 392 409 436 477 548 558 596 631 640 731
278 278 763
153 74 130 153 187 236 355 491 527 548 555 596 612 616 618 630 640 644 647 657 696 731 759 776 840
29 6 29 76 89 140 179 208 257 350 488 526 529 555 560 585 596 648 785 811 880
416 125 169 416 514 605 812
33 33 76 144 880
163 6 163 491 514 552 555 559 648 693
297 60 204 253 297 309 368 615 818
41 41 128 138 170 200 201 221 222 252 281 292 299 309 323 325 334 358 362 409 421 422 427 428 431 435 436 446 448 544
430 31 35 54 63 65 81 101 111 123 125 145 159 165 166 173 185 207 282 288 291 300 301 304 374 375 416 430
47 47 60 95 122 160 253 277 297 339 341 450 474 602 615 818
50 50 121 125 131 217 416 448 483 514 571 605 636 802 812
178 124 178
52 52 78 140 249 618 636 647 776
56 15 19 56 112 146 164 195 201 205 215 224 229 243 260 268 279 285 295 362 379 382 396 397 398 400 402 410 411 413 415 417 418 812
187 187 527 818 840 853
60 47 60 79 187 253 297 432 555 589 615 616 630 644 657 696 759 818
74 74 153 325 334 427 612 616 776 840
203 88 187 203 401 605 737 853
76 33 76 144 880
78 52 78 92 137 179 249 341 444 491 531 558 631 646 648 655 694 772
79 60 79 120 253 432 449 459 615
210 136 210
83 83 125 219 405 514 531 558 648 655 694 772 812
340 340 341 445 457 531 558 631 646 648 655 694 772
88 88 203 737
89 29 89 140 303 560 785 811
92 78 92 140
225 209 225 432 526 589 602 818
353 353 593
355 355 612 647
103 103 350 454 529 533 551 585
108 0 36 108 160 176 196 198 228 234 235 246 254 277 283 285 289 292 295 299 315 316 318 320 358 366 367 380 417 423 436 445 446 452 466 469 475 476 477 479 480
109 109 432 514 552 559 693
111 49 111 128 132 447 459 544 605
112 19 34 45 56 87 112 146 164 195 201 205 215 224 230 237 243 258 260 261 268 270 272 279 285 295 321 322 332 383 396 397 398 400 402 403 410 411 412 417 418 436 812
125 125 416 514 605 812
119 119 499 675
249 52 249 303 618
122 47 122 131 526 589 602 675
379 10 15 23 24 37 42 54 56 70 85 93 101 154 186 237 260 291 346 348 351 353 357 378 379 381
124 124 178
253 60 253 297 325 615 818
