128 128 299 315 334 428 431 432 544 571 605 636 737 846 1410 1457 1480 1500 1514 1572 1770 1799
355 24 54 70 84 127 152 153 171 175 186 232 237 256 298 336 343 344 345 346 347 348 349 350 351 352 353 354 355 356 357 376 378 394 441 442 443 448 452 472 478 499 527 548 596 612 616 618 640 647 675 731 776 840 1522
6 6 169 385 491 514 529 531 552 555 558 559 560 571 585 630 636 648 655 657 693 694 696 772 785 802 811 880 1398 1445 1500 1506 1514 1799 3173 3201 3218 3246 3257 3277 3290 3331 3425 3508 3557
103 103 350 454 529 533 551 585
74 74 334 527 612 616 776 840 1522
11 11 119 263 292 374 385 405 406 408 427 435 436 491 499 526 529 555 585 589 602 616 618 630 636 647 657 675 696 776 785 811 880 1385 1398 1421 1445 1499 1522 1594 1618 3201 3425
140 140 444 529 533 548 551 560 585 596 618 640 731 785 811 1398 1421 1506 1618 3246 3257 3260
144 144 880 1445 3201 3425
19 19 57 146 192 195 201 205 224 229 243 253 258 268 270 279 285 294 295 332 346 382 396 397 398 400 402 410 411 413 415 417 418 484 812 1425 1481 1629 1748 3183
148 148 213 334 385 432 459 516 571 636 1500 1514 1799
22 22 196 198 228 234 246 288 289 294 316 319 388 392 425 436 477 531 548 558 596 631 640 655 694 731 772 3508 3557
119 49 95 119 491 499 589 602 612 647 675 1499 1594
