0 0 108
257 6 11 16 29 33 76 89 103 130 140 144 257 526 529 555 560 585 618 630 696 785 811 880
130 11 16 74 78 119 130 153 163 225 257 491 499 526 555 589 602 612 616 618 630 647 675 696 776 818 840
131 6 41 47 50 88 103 111 122 128 131 145 148 203 401 430 516 544 571 585 605 616 618 636 644 648 737 759 802
128 41 111 128 544 846
389 5 22 78 83 137 340 389 526 531 558 631 646 648 655 694 772
6 6 29 89 131 145 148 163 491 529 555 559 560 571 585 630 636 648 657 696 785 811
260 15 19 56 112 260 379 812
136 136 210
137 52 78 92 137 140 163 249 340 389 491 531 558 655 694 772
5 5 340 389 531 548 555 558 596 630 631 640 646 655 657 694 696 731 772
11 11 16 29 52 78 89 92 119 130 140 153 225 249 257 491 526 529 555 560 585 589 602 618 630 636 647 657 696 776 785 880
140 11 16 29 52 78 89 92 103 130 137 140 249 257 491 526 529 533 551 555 560 585 596 618 785 811
15 15 19 56 112 260 379 812
16 11 16 52 89 92 119 130 140 257 491 526 529 555 589 618 636 776 785
145 50 122 131 145 148 430 571 636
401 88 187 203 401 605 737 853
19 15 19 56 112 260 379 812
148 50 122 131 145 148 516 571 636
144 29 33 76 89 144 257 529 785 811 880
22 22 83 340 389 531 548 558 560 596 631 640 646 648 655 694 731 772
278 278 763
153 11 74 119 130 153 187 355 491 499 527 548 555 596 612 616 618 630 640 644 647 657 696 731 759 776 840
29 6 11 29 33 76 89 140 144 163 257 526 529 555 560 585 648 785 811 880
416 50 83 111 125 416 514 605 802 812
33 29 33 76 89 144 257 529 785 811 880
163 6 29 78 109 130 137 163 491 514 552 555 559 630 648 693 696
297 47 60 79 253 297 615 818
41 41 111 128 544 846
430 50 122 131 145 148 430 571 636
47 47 60 79 122 131 253 297 526 571 589 602 615 644 675 818
50 50 83 111 122 125 128 131 145 148 416 514 571 605 636 802 812
178 124 178
52 11 52 78 89 92 137 140 249 560 618 636 776
56 15 19 56 112 260 379 812
187 88 187 203 401 527 737 818 840 853
60 47 60 79 253 297 615 818
74 74 119 130 153 355 527 548 555 596 612 616 618 640 644 647 731 776 840
203 50 88 111 125 128 131 145 148 187 203 401 527 571 605 636 737 818 840 853
76 29 33 76 89 144 257 529 785 811 880
78 11 52 78 83 89 92 130 137 140 163 249 340 389 491 531 558 618 631 646 648 655 694 772
79 47 60 79 253 297 615 818
210 136 210
83 50 83 125 340 389 416 514 531 558 605 631 646 648 655 694 772 802 812
340 5 22 78 83 137 340 389 526 531 558 631 646 648 655 694 772
88 88 187 203 401 605 737 853
89 6 11 16 29 33 52 76 78 89 92 103 140 144 249 257 526 529 560 585 785 811 880
92 52 78 89 92 137 140 249 491 560
225 119 122 130 225 526 589 602 675 785 818
353 353 593
355 74 153 355 499 596 612 616 618 647 776 840
103 89 92 103 131 140 257 529 533 551 555 571 585 630 696
108 0 108
109 109 163 514 552 559 693
111 41 50 83 88 111 125 128 131 203 401 416 514 544 605 737 812 846
112 15 19 56 112 260 379 812
125 15 19 50 83 109 111 112 125 203 260 416 514 559 605 802 812
119 11 16 74 119 130 153 225 491 499 526 589 602 612 618 647 675 776
249 11 52 78 89 92 137 140 249 560 618 636 776
122 6 47 50 60 79 122 128 131 145 148 225 253 297 430 499 516 526 571 589 602 615 636 644 675 785 818
379 15 19 56 112 260 379 812
124 124 178
253 47 60 79 253 297 615 818
