0 0 4 8 36 48 49 57 95 105 119 120 121 132 134 138 160 277 310 362 364 366 367 380 445 474 476
257 8 105 179 257 284 308 442 445 529 533 551 555 585 630 696 880
130 8 49 95 105 119 120 121 130 132 138 170 234 249 275 281 310 339 344 356 358 362 363 364 366 367 369 380 385 388 435 439 447 450 458 463 491 526 589 602 675 818
131 36 49 95 120 131 160 179 208 344 350 366 377 435 444 457 467 476 479 482 486 488 529 533 551 571 585 616 618 636 644 759 776
128 8 128 138 160 170 188 196 205 299 309 315 316 323 325 334 339 358 367 380 409 421 422 427 428 431 432 448 450 452 474 544 846
389 263 385 389 408 531 558 648 655 694 772
6 6 169 385 491 529 531 555 558 630 648 655 657 694 696 772
260 19 34 56 102 112 146 164 187 195 199 201 205 215 224 229 238 243 253 258 260 261 268 270 272 279 285 297 321 323 330 332 364 377 396 397 398 400 402 403 410 411 412 413 417 418 484 812
136 136 177 206 210 359 381 394
137 4 8 20 38 39 49 51 65 78 81 95 105 118 119 121 137 138 237 318 341 349 372 375 409 439
5 5 36 105 171 175 190 233 237 268 284 303 341 344 346 347 348 349 350 352 356 357 362 369 377 380 430 433 434 441 442 448 452 476 478 482 531 548 555 558 596 630 640 646 655 657 694 696 731 772
11 11 263 374 385 405 406 408 435 526 555 589 602 618 630 636 647 657 696 776 785
140 140 341 362 444 529 533 548 551 560 585 596 640 731
15 3 4 13 15 26 57 65 164 173 193 224 237 249 251 284 300 302 303 305 362 370 371 372 374 375 379 388 395 416 445
16 4 16 38 39 49 95 105 119 121 132 138 177 178 251 275 339 362 363 380 385 388 447 476
145 145 201 205 229 243 258 268 279 285 295 341 358 366 382 397 398 400 402 411 412 413 415 417 418 430 436 439 484
401 34 127 139 146 195 203 224 261 268 270 272 322 332 396 397 398 400 401 403 411 413 415 418 737
19 19 57 146 192 195 201 205 224 229 243 258 260 268 270 279 285 294 295 332 346 382 396 397 398 400 402 410 411 413 415 417 418 484
148 138 148 166 170 213 249 268 299 309 315 323 325 334 339 358 367 380 385 409 418 422 427 432 439 459 516
144 13 26 57 144 166 192 195 302 305 319 331 359 368 381 387 450 474 880
22 22 26 45 196 198 228 234 246 288 289 294 305 316 317 319 388 392 409 425 436 477 531 548 558 596 631 640 646 655 694 731 772
278 17 43 61 90 111 122 143 147 151 153 154 155 156 157 158 189 194 202 204 205 212 221 222 232 235 238 240 241 242 245 254 259 262 271 276 278 283 288 291 317 321 330 331 342 351 383 389 417 424 763
153 153 236 527 548 555 596 612 616 618 630 640 644 647 696 731 759 776 840
29 29 179 208 350 377 435 444 445 447 488 526 529 548 560 585 596 640 731 785 811 880
416 3 13 15 26 31 35 57 63 65 81 97 115 125 135 169 173 186 193 203 206 207 218 231 282 284 300 301 302 303 304 305 330 342 369 370 371 372 373 374 375 386 395 416 430 456 459 465 468 471 487 514 605 737 812
33 33 240 297 331 339 371 450 474 483 880
163 8 49 163 175 177 192 341 348 356 377 448 450 452 474 491 514 552 555 559 630 693 696
297 2 33 41 55 60 72 75 82 96 98 100 113 117 128 148 154 159 162 163 172 174 184 191 204 209 218 223 225 248 260 273 274 280 287 296 297 299 309 323 324 325 326 327 330 333 334 335 360 368 421 422 428 431 432 516 615 818
41 41 138 170 200 201 221 222 249 252 281 292 299 309 323 325 334 358 362 380 409 418 421 422 427 428 431 435 436 446
430 5 13 31 35 40 54 57 63 65 66 69 78 81 101 111 123 125 145 159 161 165 166 169 173 180 182 185 193 206 207 231 264 282 288 291 300 301 303 304 305 328 338 360 361 369 370 371 372 373 374 375 386 393 395 416 430 451 459 460 465 468 470 471 487 514 605 812
47 4 38 47 95 160 177 277 288 339 341 404 407 450 474
50 20 39 50 102 121 167 217 267 383 399 448 483 802
178 0 1 5 14 16 25 29 40 41 48 55 66 69 73 77 79 86 94 98 100 103 107 108 111 117 118 123 124 126 130 131 135 139 140 145 159 167 171 173 175 178 182 184 441 486 571 811
52 52 249 263 417 429 436 446 447 618 636 644 647 759 776
56 56 146 195 201 205 224 229 243 260 268 270 279 285 295 332 362 379 382 396 397 398 400 402 410 411 413 415 417 418 484
187 160 187 239 290 362 364 365 366 414 419 457 462 489 527 589 818 840 853
60 20 60 166 168 184 187 195 204 205 215 223 227 238 253 280 296 297 309 321 323 325 326 327 330 333 335 337 367 371 420 422 426 427 432 483 489 491 526 529 555 585 589 602 615 616 618 630 636 644 657 696 759 776 818 853
74 74 153 215 227 249 251 253 277 321 325 326 327 334 335 422 426 427
203 34 57 146 167 187 195 201 203 205 224 229 243 258 261 268 270 272 279 285 288 295 332 369 382 388 396 397 398 400 401 402 410 411 413 414 415 416 417 418 419 484 489 605 737 853
76 68 76 168 185 256 300 306 329 331 336 450 474 880
78 78 179 339 341 430 444 491 531 555 558 631 646 648 655 694 772
79 79 120 138 166 170 196 200 205 221 235 283 292 299 323 325 334 344 347 358 367 380 409 411 418 421 422 427 431 432 434 439 448 449 452 459
210 36 48 136 149 150 190 206 208 209 210 211 213 214 219 220 226 228 229 231 233 234 236 239 247 250 252 255 264 265 275 281 286 289 290 293
83 83 105 196 200 212 217 219 221 240 277 283 288 294 308 315 319 323 356 358 387 405 409 417 418 421 436 439 446 531 558 631 646 648 655 694 772
340 105 340 341 445 457 531 558 631 646 648 655 694 772
88 88 160 195 215 251 292 319 325 366 368 404 407 421 429 436 439 476
89 38 89 194 249 303 399 483
92 26 57 92 217 249 251 263 302 305 316 368 387 388 404
225 34 49 87 146 168 181 209 223 225 227 240 253 280 287 296 297 299 323 326 327 332 333 335 337 343 344 364 371 377 418 420 421 422 432 461 526 589 602 675 785 818
353 20 24 28 39 84 87 127 152 171 175 237 256 298 313 343 345 346 347 348 349 351 352 353 354 355 356 357 376 377 378 379 394 434 441 442 443 448 452 453 478 593
355 24 54 70 84 127 152 153 171 175 186 232 237 256 298 336 343 344 345 346 347 348 349 350 351 352 353 354 355 356 357 376 378 394 441 442 443 448 452 472 478 499 548 593 596 612 618 640 647 675 731 776
103 103 121 170 178 199 217 222 249 251 277 350 404 407 409 454 529 533 551 555 585 630 696
108 36 108 160 176 196 198 228 234 235 246 254 268 277 283 285 288 289 292 294 295 299 315 316 318 319 320 358 366 409 417 423 436 445 446 452 466 469 475 476 477 479 480
109 109 432 476 514 552 559 693
111 4 8 20 38 39 49 105 111 119 132 173 178 195 268 277 319 331 357 375 378 399 430 447 459 605
112 34 112 146 164 195 201 205 215 224 237 243 258 260 261 268 270 272 279 285 295 321 332 383 396 397 398 400 401 402 403 410 411 412 417 418 436 484
125 3 13 26 38 57 63 65 81 125 169 173 193 206 231 249 284 300 302 303 304 305 331 362 369 370 371 372 373 374 375 386 394 395 398 416 430 450 459 465 487 514 552 559 605 693 812
119 0 1 4 7 8 11 14 16 17 20 38 39 43 48 49 51 52 53 54 69 70 71 78 86 92 95 106 110 111 118 119 120 121 124 129 130 131 132 135 137 138 140 141 142 148 163 257 291 298 310 440 463 486 491 499 516 526 548 560 589 596 602 612 618 636 640 647 675 731 776 785
249 2 11 14 15 21 25 29 31 35 40 41 52 59 62 66 69 74 77 89 91 92 96 100 103 107 113 117 125 130 141 148 150 186 249 303 481 516 811
122 102 122 149 157 188 194 199 202 204 219 235 236 238 240 241 242 254 259 262 271 277 278 292 499 526 589 602 675 763 785 818
379 10 15 23 24 37 42 47 54 56 70 78 85 91 93 101 154 186 237 291 346 348 351 353 357 378 379 381 433 443 449 593
124 26 102 119 124 164 167 178 302 387 426 483
253 2 6 19 41 44 60 72 74 79 82 83 100 128 133 145 148 150 153 162 168 172 174 181 191 207 223 225 227 253 259 260 270 273 274 280 287 296 298 313 321 323 325 326 334 337 351 422 431 432 485 516 615 818
