128 8 128 138 160 170 188 196 205 299 309 315 316 323 325 334 339 358 367 380 409 421 422 427 428 431 432 448 450 452 474 544 571 605 846 1410 1480 1500
355 24 54 70 84 127 152 153 171 175 186 232 237 256 298 336 343 344 345 346 347 348 349 350 351 352 353 354 355 356 357 376 378 394 441 442 443 448 452 478 499 612 647 1522
6 6 169 385 491 529 555 559 560 571 585 630 636 648 657 696 785 811 1398 1500 1514 3257 3331
103 103 170 217 222 249 277 350 409 454 529 533 585
74 74 187 215 227 249 251 253 277 321 325 326 327 334 335 422 426 427 612 616 776 840 1499 1522
11 11 235 254 263 292 356 374 385 405 406 408 427 435 436 491 526 529 555 589 602 618 630 636 696 776 785 880 1385 1499 1522 3425
140 140 444 529 533 560 585 1398 1421 1618 3246 3257 3260
144 144 302 368 880 1445 3201 3425
19 19 57 146 192 195 201 205 224 229 243 253 258 268 279 285 294 295 346 382 396 397 398 400 402 410 411 413 415 417 418 812 1425 1481 1629 3183
148 138 148 166 170 213 249 268 299 309 315 323 325 334 339 358 367 380 385 409 418 422 427 432 439 459 516 571 1500
22 22 26 45 196 198 228 234 246 288 289 294 305 316 317 319 388 392 409 436 477 596 631
119 0 1 4 7 8 11 14 16 17 20 38 39 43 49 51 52 53 54 69 70 71 78 86 92 95 106 110 111 118 119 120 121 124 129 130 131 132 135 137 138 140 141 142 148 163 257 291 298 310 491 499 526 589 596 602 612 618 647 675 776 818 1499 1522 1594 3331
