128 128 299 315 334 428 431 432 544 571 605 636 737 846 1410 1457 1480 1500 1514 1572 1770 1799
257 8 105 179 257 284 308 442 445 529 555 585 630 696 785 811 880 1398 1445
389 263 385 389 408 531 558 648 655 694 772 1452
6 6 385 529 531 555 558 560 571 585 630 636 648 655 657 694 696 772 785 811 1398 1500 1514 1799
5 5 36 105 171 175 190 233 237 268 284 303 341 344 346 347 348 349 350 352 356 357 362 369 377 380 430 433 434 441 442 448 452 476 478 482 531 548 555 558 596 630 640 646 655 657 694 696 731 772
11 11 385 405 406 408 491 526 555 589 602 618 630 636 657 696 776 785 1385 1421 1499 1522 1594 1618
140 89 140 444 529 533 548 551 560 585 596 618 640 731 811 1398 1421 1618
15 15 370 812 1425 1481 1629 1748
144 57 144 302 368 387 450 811 880 1398 1445
19 19 57 146 192 195 201 205 224 229 243 253 258 268 270 279 285 294 295 332 346 382 396 397 398 400 402 410 411 413 415 417 418 484 812 1425 1481 1629 1748
148 148 213 334 385 432 459 516 571 636 1500 1514 1799
22 22 196 198 228 234 246 288 289 294 316 319 388 392 425 436 477 531 548 558 596 631 640 655 694 731 772
416 3 13 15 26 31 35 57 63 65 81 97 115 125 169 173 186 193 203 206 207 218 231 284 300 301 302 303 304 305 330 342 369 370 371 372 373 374 375 386 395 416 430 456 459 465 487 514 605 812 1452 1480 1481 1629
33 33 339 450 811 880 1398 1445
163 163 491 514 552 559 693 1499
50 50 571 636 802 1500 1514 1799
178 0 1 5 14 16 29 41 48 55 69 73 77 79 86 94 98 103 111 117 118 123 124 126 130 131 135 139 140 145 159 167 171 173 175 178 182 184 441 486
60 60 427 432 527 555 589 615 616 630 644 657 696 759 818 840 853 1416 1448 1556 1594 1622 1666
74 74 334 527 612 616 776 840 1522
78 78 179 444 491 531 558 648 655 694 772 1421 1452 1499 1506 1618
340 340 445 457 531 558 648 655 694 772 1452
89 89 303 529 560 785 811 1398
92 26 57 78 92 140 199 217 249 251 263 302 305 316 368 387 388 404 407 1506
355 171 175 237 256 343 344 346 347 348 349 350 352 354 355 356 357 376 378 394 441 442 443 448 452 478 499 527 548 596 612 616 618 640 647 675 731 776 840 1522
103 103 350 454 529 533 551 585
108 36 108 160 176 196 198 217 228 234 235 246 254 268 277 283 285 288 289 292 294 295 299 315 316 317 318 319 320 358 366 367 380 409 417 423 425 436 445 446 452 466 469 475 476 477 479 480 1369
109 109 432 514 552 559 693
119 49 95 119 491 499 589 602 612 647 675 1499 1594
122 122 149 202 219 236 241 262 292 499 526 571 589 602 636 675 1416 1500 1514 1594 1799
124 124 178 302
125 125 169 206 231 370 386 395 416 459 465 514 552 559 605 693 737 812 1425 1452 1457 1480 1481 1572 1629 1748 1770
