128 8 128 138 160 170 188 196 205 212 299 309 315 316 323 325 334 339 358 367 380 409 421 422 427 428 431 432 448 450 452 474 544 571 605 636 737 802 846 1410 1457 1480 1500 1514 1572 1770 1799 3218 3290 3293 3584
355 24 54 70 84 127 152 153 171 175 186 232 237 256 298 336 343 344 345 346 347 348 349 350 351 352 353 354 355 356 357 376 378 394 441 442 443 448 452 472 478 499 527 548 596 612 616 618 640 647 675 731 776 840 1522
6 6 102 164 166 169 253 383 385 404 491 514 526 529 531 533 551 552 555 558 559 560 571 585 630 636 644 646 648 655 657 693 694 696 759 772 785 802 811 880 1398 1445 1452 1499 1500 1506 1514 1799 3173 3201 3218 3246 3257 3277 3290 3331 3425 3508 3557
103 103 121 170 178 199 217 222 249 251 277 350 404 407 409 454 529 533 551 555 585 630 696
74 74 187 215 227 249 251 253 277 321 325 326 327 334 335 422 426 427 489 527 612 616 776 840 1499 1522
11 11 57 138 217 235 243 249 254 263 277 292 308 339 356 374 385 387 405 406 408 409 427 435 436 484 491 526 529 555 585 589 602 612 616 618 630 636 644 647 657 675 696 759 776 785 811 880 1385 1398 1421 1445 1499 1522 1594 1618 3201 3425
140 26 57 140 175 177 178 237 339 341 362 387 444 450 474 491 529 533 548 551 555 560 585 596 618 630 640 696 731 785 811 880 1398 1421 1445 1506 1618 3201 3246 3257 3260 3425
144 13 26 57 144 166 192 195 302 305 319 331 359 368 381 387 450 474 529 811 880 1398 1445 3201 3425
19 19 57 146 192 195 201 205 215 224 229 243 253 258 268 270 279 285 294 295 332 346 382 396 397 398 400 402 410 411 413 415 417 418 484 812 1425 1481 1629 1748 3183
148 138 148 166 170 213 249 268 299 309 315 323 325 334 339 358 367 380 385 409 418 422 427 432 439 459 516 571 636 802 1500 1514 1799 3218 3290
22 22 26 45 196 198 228 234 246 288 289 294 305 316 317 319 388 392 409 425 436 477 531 548 558 596 631 640 646 655 694 731 772 3508 3557
119 0 1 4 7 8 11 14 16 17 20 38 39 43 48 49 51 52 53 54 69 70 71 78 86 92 95 106 110 111 118 119 120 121 124 129 130 131 132 135 137 138 140 141 142 148 163 257 291 298 310 440 486 491 499 516 526 527 548 555 560 589 596 602 612 616 618 630 636 640 644 647 675 696 731 759 776 818 840 853 1385 1416 1421 1499 1506 1522 1556 1594 1618 3246 3260 3290 3331
