0 0 4 8 26 36 38 48 49 57 95 105 108 120 121 132 134 138 160 177 192 277 310 362 364 366 367 380 445 474 476
257 8 11 76 105 179 257 284 308 442 445 529 555 585 880
130 8 11 49 95 119 120 130 132 138 153 234 275 281 310 344 362 363 364 366 369 385 388 435 447 458 463 491 499 526 555 589 602 818
131 131 486 571 585 618 636 644 759
128 111 128 544 846
389 389 408 531 558 655 694 772
6 6 29 131 163 169 385 491 529 555 558 585 630 648 657 696
260 15 19 34 56 112 125 146 164 195 199 201 205 215 224 229 238 243 258 260 268 270 279 285 323 332 364 377 396 397 398 400 402 403 410 411 412 413 417 418 812
136 136 210
137 4 8 18 20 38 39 49 51 65 78 81 95 105 118 119 121 137 138 155 237 306 318 341 349 372 375 409 439 491
5 5 36 105 171 175 190 233 237 268 284 303 341 344 346 347 348 349 350 352 356 357 362 369 377 380 433 434 441 442 448 452 476 478 482 555 596 646 657
11 11 16 130 140 257 263 374 385 405 406 408 435 526 529 555 589 602 618 630 636 647 657 696 776 785
140 11 52 57 89 92 140 339 341 362 387 444 450 474 529 533 551 560 585 596
15 3 4 13 15 26 57 65 164 173 193 224 237 249 251 260 284 300 302 303 305 362 370 371 372 374 375 379 388 395 416 445 812
16 4 11 16 38 39 49 95 105 121 132 138 177 251 275 339 362 363 380 381 385 388 447 476
145 131 145 201 205 229 243 258 268 279 285 295 341 358 366 382 397 398 400 402 411 412 413 415 417 418 430 436 439
401 34 127 139 146 195 203 224 261 268 270 272 322 332 396 397 398 400 401 403 411 415 418 605 737
19 19 57 146 164 192 195 201 205 215 224 229 243 258 260 268 279 285 294 295 332 346 382 396 397 398 400 402 410 411 413 415 417 418 812
148 148 213 432 459 516
144 76 144 302 368 450 880
22 22 26 45 196 198 228 234 246 288 289 294 305 316 317 319 388 392 409 436 477 558 596 631
278 17 43 61 90 122 143 147 151 153 155 156 157 158 189 194 204 212 221 232 235 238 240 241 242 245 254 259 262 271 276 278 283 288 291 317 321 330 331 342 383 417 424 763
153 74 153 236 527 548 555 596 612 616 618 630 640 644 647 696 731 776 840
29 29 529 560 785 811 880
416 3 13 15 26 31 35 57 63 65 66 69 81 97 115 125 135 169 173 186 193 203 206 207 218 231 282 284 300 301 302 303 304 305 330 342 369 370 371 372 373 374 375 386 395 416 430 459 514 605 812
33 33 76 339 450 880
163 163 491 514 559 693
297 2 60 72 75 82 96 98 154 159 162 174 184 191 204 218 223 225 248 253 273 274 280 287 296 297 309 324 326 327 330 333 335 368 421 615 644 818
41 41 128 138 170 200 201 221 222 252 281 292 299 309 323 325 334 358 362 380 409 418 421 422 427 428 431 435 436 446 448
430 5 31 35 40 54 63 65 66 69 78 81 101 111 123 125 145 159 165 166 173 185 207 282 288 291 300 301 304 374 375 416 430
47 47 60 95 122 160 341 615
50 39 50 102 121 125 131 167 217 375 399 448 483 514 802 812
178 0 1 14 16 73 77 86 94 98 103 111 117 118 123 124 135 139 159 167 171 173 175 178 184
52 52 78 249 618 636 776
56 56 146 195 201 205 224 229 243 260 268 279 285 295 362 379 382 396 397 398 400 402 410 411 413 415 417 418 812
187 187 527 818 840 853
60 60 253 297 555 615 616 644 759 818
74 74 153 215 227 249 251 253 256 277 321 325 326 327 334 335 422 426 427 612 616 776 840
203 57 88 111 131 146 187 195 201 203 205 224 229 243 258 268 279 285 288 295 332 369 382 388 396 397 398 400 401 402 410 411 413 414 415 416 417 418 605 737 818 840 853
76 33 76 144 331 450 474 880
78 52 78 92 137 179 339 341 430 444 491 531 558 631 646 648 655 694 772
79 60 79 120 138 166 170 196 200 205 221 235 253 283 292 299 323 325 334 344 347 358 367 380 398 409 411 418 421 422 427 431 432 434 439 448 449 452 459 615
210 136 210
83 83 125 219 405 531 558 655 694 772
340 340 457 531 558 655 694 772
88 88 160 203 292 325 366 368 429 436 439 476 737
89 29 38 89 140 249 303 483 560 811
92 26 57 78 92 140 199 217 249 251 263 302 305 316 368 387 388 404 407
225 49 209 225 299 344 364 377 432 526 589 602 818
353 20 24 28 39 84 87 127 152 171 175 237 256 298 313 343 345 346 347 348 349 351 352 353 354 355 356 357 376 377 378 379 394 434 442 448 452 453 478 593
355 24 54 70 84 94 127 152 153 171 175 186 232 237 256 298 336 343 344 345 346 347 348 349 350 351 352 353 354 355 356 357 376 378 394 442 448 452 478 499 612 647
103 103 170 217 222 350 454 529 533 551 585
108 0 36 108 138 160 176 196 198 228 234 235 246 254 268 277 283 285 288 289 292 294 295 299 315 316 318 319 320 358 366 367 380 409 417 423 436 445 446 452 466 469 475 476 477 479 480
109 109 432 476 514 552 559 693
111 111 605
112 34 45 112 146 164 195 201 205 215 224 230 237 243 258 260 261 268 270 272 279 285 295 321 322 332 383 396 397 398 400 402 403 410 411 412 417 418 436 812
125 125 416 465 514 559 605 812
119 119 499 647 675
249 2 14 15 21 25 31 35 41 52 59 62 66 69 74 77 89 91 92 96 100 103 113 117 125 141 148 150 186 249 303 618
122 47 122 149 202 219 236 241 526 589 602 675
379 10 15 23 24 37 42 54 56 70 85 91 93 101 154 186 237 291 346 348 351 353 357 378 379 381
124 124 178
253 2 6 19 44 60 72 74 79 82 133 153 162 168 174 181 191 207 223 225 227 253 259 260 270 273 274 280 287 296 297 298 313 321 325 326 337 351 485 555 615 644 818
