0 0 8 36 48 49 95 105 108 120 121 132 134 138 160 277 310 362 366 367 380 445 476
2 2 66 78 130 137 163 281 427
5 5 157 168
6 6 159 163
10 10 119 158 186
11 11 16 37 129 130 140 257
15 3 4 13 15 19 26 57 65 164 173 193 224 237 249 251 260 284 300 302 303 305 323 330 362 370 371 372 374 375 388 395 416 445
16 4 11 16 39 49 95 105 121 132 138 177 251 275 339 362 363 380 381 385 388 447 476
19 15 19 57 112 146 164 192 195 201 205 215 224 229 243 258 260 268 279 285 294 295 323 346 382 396 397 398 400 402 410 411 413 415 417 418
22 22 26 45 142 196 198 228 234 246 288 289 294 305 316 317 319 388 392 409 436 477
25 25 70 125 263 281 299 373 392 416 429 435
27 27 45 134 148 176 196 198 234 238 288 289 294 315 316 317 318 319 320 409 436 446 451 466 475 477 479 480
29 6 29 71 89 296 322 391
33 33 76 144 339 391 450 474
37 37 100 113 296
38 8 38 39 49 95 121 138 153 187 351
40 29 40 66 96 257 488
41 41 128 252 281 334 428 431
42 42 69 177 185 256 283 340 426 444 474
44 44 62 96
47 47 60 95 122 160 253 277 297 339 341 450 474
50 39 50 121 125 131 217 313 323 416 448
52 52 78 129 137 140 249 263 417 429 436 446 447
55 55 128 357
56 15 56 112 195 201 205 224 229 243 260 268 279 285 295 323 362 379 382 397 398 400 402 410 411 413 415 417 418
59 59 107 481
60 60 155 253 297 329
62 44 62
63 3 4 13 26 57 63 65 70 81 169 173 188 193 204 206 209 231 284 288 300 302 303 304 305 319 359 369 370 371 372 373 374 375 394 395 416 430 447 459 465 487
66 2 6 11 40 60 66 96 141 153 168 207 253 467 488
69 42 69 157 159 166 205 283 340 389
70 25 63 70 109 163 204
71 29 71 107 140 149 176 198 200 202 213 216 222 235 241 254 275 279 292 427 436
74 74 153 251 277 287 325 334 422 427
76 33 76 144 257 331 391 450 474
78 2 52 69 78 92 137 179 249 341 444
79 60 79 120 253 432 449 459
82 82 131 412
83 69 83 125 219 283 323 405 416 446
85 85 162 237
88 88 160 187 203 292 319 325 366 368 429 436 439 476
89 29 89 140 249 296 303 483
91 91 217 277 308 328 362 380 404 405 409 436
92 78 92 140
96 40 44 66 96 103 140
100 37 100 113 225 329
103 96 103 454
104 45 104 196 198 212 246 251 277 279 288 289 294 316 317 318 319 320 353 358 409 418 446 451 469 475 477 479 480
107 36 59 71 107 142 149 151 153 157 158 188 202 213 214 216 219 221 222 235 240 241 242 252 254 262 292 293 392
108 0 36 108 160 176 196 198 228 234 246 289 292 295 299 315 316 318 320 366 423 445 446 466 469 475 476 477 479 480
109 70 109 170 204 358 409 422 432 476
110 110 244
111 111 116 128
112 19 34 56 112 146 164 195 201 205 215 224 243 258 260 268 279 285 295 323 332 396 397 398 400 402 403 410 411 412 417 418 436
113 37 100 113 122 186
116 111 116 125 176 196 198 203 234 246 288 289 292 294 316 318 319 320 401 416 436 446 466 469 475 476 477 479
119 1 4 8 10 20 38 39 43 49 51 53 95 118 119 121 130 137 138 158 186
122 47 113 122
123 123 153 158 355
124 124 178
125 13 25 26 50 57 65 83 116 125 169 193 206 231 260 284 302 303 304 305 313 323 362 369 370 371 372 373 374 375 386 395 416 430 450 459 465
126 60 126 170 176 196 198 200 214 221 234 246 288 289 294 315 316 318 319 320 339 358 367 385 408 409 417 423 425 436 438 446 451 452 466 475 477 479 480
127 4 12 84 87 123 127 153 155 171 173 175 232 237 270 271 287 346 348 350 351 352 354 355 356 357 372 375 376 378 394 474
128 41 55 111 128
129 52 129 147 155 158 287
130 2 119 130 153
131 6 50 82 96 122 128 131 145 147 148 155 203
136 136 210
137 2 4 8 18 20 38 39 49 51 52 65 78 81 95 105 118 119 121 137 138 237 306 314 318 341 349 372 375 409 439
140 11 52 71 89 92 96 140 249 444
141 66 141 188 217 262 263 285 295 362 367 368 380 385 387 423 427 429 435 436
142 22 69 107 142 151 213 214 216 221 222 235 241 242 246 254 262 283 288 292 294 315 316 318 367 418
144 76 144 302 391
145 145 430
147 129 131 147 177 212 224 259 287 335 368 404 448 483
148 27 131 148
151 43 73 107 142 143 149 151 153 156 157 158 199 232 238 240 242 245 259 262 276 278 288 291
153 38 66 74 107 123 127 130 134 149 151 153 155 188 212 213 216 219 222 235 236 240 241 242 251 262 277 287 351 355
155 127 155 270
157 5 43 45 69 107 149 151 156 157 158 166 168 183 188 194 199 204 205 221 222 232 238 240 241 242 245 254 271 278 283 403
158 10 107 119 123 129 149 151 157 158 194 200 202 222 235 238 240 241 242 254 259 262 283 288 290 317
159 1 6 36 69 134 159 161 164 166 167 169 170 171 172 173 175 176 177 178 179 180 182 183 184 192 222 264 283 304 308 340 341 358 359 360 361 430
162 85 134 162 172 209 237 360
163 2 6 70 163
166 1 28 69 72 75 98 144 157 159 162 165 166 168 170 175 183 184 205 223 273 274 276 283 287 296 299 325 326 327 333 335 340 389 430
168 5 66 102 166 168 181 207 223 227 253 280 304 309 321 323 325 326 327 333 335 337 422
178 124 178
186 10 113 186
187 187 329 364
203 88 187 203 248 401
204 63 70 204
205 19 21 23 42 56 69 75 112 115 139 146 150 157 159 164 166 205 224 260 261 268 270 272 283 332 340 389 396 398 411 417 424
207 3 13 26 65 66 138 168 173 180 193 199 207 253 258 280 304 305 308 309 321 325 326 344 378 404 416 430 483
210 136 210
225 34 49 87 100 146 181 209 223 225 227 240 253 280 297 299 323 326 327 332 333 335 337 343 344 364 371 377 418 421 422 432
237 15 24 28 54 70 85 87 101 102 105 112 127 137 139 162 186 237 282 291 298 346 349 351 353 354 355 357 379 434 442 443 448 452
242 17 36 43 71 107 142 143 151 153 156 157 158 188 194 199 204 212 213 216 221 222 223 235 236 240 242 245 250 254 255 259 262 275 276 278 292 387
244 110 244
248 176 188 203 248 401
249 2 15 31 35 52 59 62 74 78 89 92 103 140 249 303
253 47 60 66 72 74 79 126 155 162 168 174 181 191 207 223 225 227 253 259 270 273 274 280 287 296 297 298 313 321 325 326 329 337 485
257 8 11 33 40 76 105 144 179 257 284 308 359 391 442 445
260 15 19 56 112 125 146 164 195 201 205 215 224 229 243 258 260 268 279 285 323 377 379 396 397 398 400 402 410 411 412 413 417 418
270 34 60 127 139 146 155 181 195 201 205 224 230 243 253 258 261 268 270 272 279 280 285 288 295 304 308 322 330 332 382 396 397 398 400 401 402 403 410 411 413 415 417 418
274 274 278
278 17 43 90 143 151 156 157 189 194 204 212 221 232 235 238 240 241 242 245 254 259 262 271 274 276 278 283 288 291 317 321 330 331 383 417 424
283 17 42 61 69 83 142 143 157 158 159 166 205 222 232 240 245 254 278 283 340 389
287 12 74 127 129 147 153 166 170 172 181 184 188 209 215 223 227 253 280 287 297 299 309 319 321 323 325 326 327 334 335 337 359 421 422 426 427 428 431
296 26 29 37 89 102 166 167 170 181 184 209 215 223 227 253 267 280 296 297 299 309 321 323 325 326 327 333 334 335 337 421 422 426 428 431
297 47 60 72 75 79 98 126 154 155 162 174 184 191 204 218 223 225 248 253 273 274 280 287 296 297 309 324 326 327 329 330 333 335 368 421
313 50 313
322 29 34 65 87 146 195 224 230 261 268 270 272 285 295 304 308 322 330 332 396 398 400 401 402 403 411
323 15 19 50 56 72 75 83 112 116 125 162 168 174 191 215 223 225 260 273 274 280 287 296 323 326 327 333 335 390 416 420 421 422 485
328 91 190 211 220 226 228 233 239 247 265 286 290 328 338 361 406 420 424 433 437 440 454 456 460 461 462 463 464 465 468 470 471
329 60 100 160 187 253 297 329 362 364 365 366 367 368 414 419 461 464
340 42 69 87 105 159 166 177 185 192 205 230 283 326 340 341 371 381 445 457
351 38 153 187 351 364
353 20 24 28 39 84 87 104 152 171 175 237 256 298 313 314 343 345 346 347 348 349 352 353 354 355 356 357 376 377 378 379 394 434 442 448 452 453 478
355 24 84 123 127 152 153 171 175 232 237 256 298 336 343 344 345 346 347 348 349 350 352 353 354 355 356 357 376 378 394 442 448 452 478
357 24 54 55 85 101 127 152 237 298 342 343 346 347 348 351 353 354 355 356 357 378 379 394 433 442 449 478
364 187 364
379 56 379
389 8 69 102 164 167 205 217 263 267 277 283 368 383 384 385 389 390 404 408 439 483
391 33 76 144 257 391
401 34 116 146 187 195 203 224 248 261 268 270 272 322 332 396 397 398 400 401 403 411 415 418
416 3 13 15 25 31 35 50 57 63 65 81 83 97 115 116 125 135 169 173 207 218 282 300 301 304 323 330 342 374 375 416 430
430 31 35 54 63 65 81 125 145 159 165 166 173 185 207 288 291 300 301 304 374 375 416 430
