0 0 108
257 33 76 144 257 529 880
130 11 16 49 74 95 119 120 130 153 163 225 234 275 281 310 363 385 388 406 458 463 491 499 526 589 602 675 818
131 6 41 47 50 88 103 122 128 131 145 148 203 401 430 467 486 516 571 585 636 644 737 759 802
128 41 111 128 544 846
389 8 22 83 217 263 277 340 368 385 389 408 439 531 558 631 646 648 655 694 772
6 6 29 89 109 131 163 491 555 559 571 630 648 696 785 811
260 15 19 56 112 260 379 812
136 136 210
137 4 8 38 39 49 52 78 92 95 105 118 121 137 138 140 163 179 237 249 318 340 341 349 372 375 389 409 439 491 531 558 655 694 772
5 5 36 105 171 175 190 233 237 268 284 303 340 341 344 346 348 349 350 352 356 357 362 369 377 380 389 433 434 441 442 448 452 476 478 482 531 548 555 558 596 630 640 646 655 657 694 696 731 772
11 11 16 119 130 140 257 275 363 385 406 408 463 526 529 555 618 630 696 785
140 11 16 29 52 78 89 92 103 137 140 249 533 551 560 585 811
15 15 19 56 112 260 370 379 812
16 4 11 12 16 20 38 39 49 51 87 95 98 105 118 119 121 130 132 138 140 177 184 185 227 251 256 257 275 310 312 321 329 339 343 354 359 362 363 375 380 381 385 388 406 408 447 476 526 529 555 618 630 696 785
145 50 122 131 145 148 201 205 229 243 258 268 279 285 295 341 358 366 367 374 380 382 397 398 400 402 411 412 413 415 417 418 430 436 439 484 486 516 571 636 802
401 88 111 187 203 268 397 398 400 401 411 415 418 489 605 737 853
19 15 19 56 112 260 379 382 812
148 50 122 131 145 148 170 213 268 299 315 325 334 339 358 380 385 409 427 430 432 439 459 486 516 571 636 802
144 33 76 144 880
22 3 13 22 26 45 65 83 164 173 196 198 228 234 246 288 289 294 304 305 316 317 319 340 359 376 383 388 389 390 392 409 425 436 477 531 548 558 560 596 631 640 646 648 655 694 731 772
278 278 763
153 74 130 153 355 527 548 596 612 616 640 647 731 776 840
29 6 29 33 76 89 144 257 529 560 785 811 880
416 13 15 19 50 57 83 109 111 112 125 169 173 206 260 304 370 375 386 416 459 465 514 559 605 802 812
33 33 76 144 880
163 6 109 163 491 514 552 559 648 693
297 47 60 79 253 297 615
41 41 111 128 252 281 544 846
430 50 122 131 145 148 165 166 175 185 201 205 229 243 258 268 279 285 288 295 301 304 341 358 366 367 374 375 380 382 397 398 400 402 411 412 413 415 417 418 430 436 439 484 486 516 571 636 802
47 47 60 79 122 253 297 615
50 50 83 125 131 145 148 416 430 486 514 516 571 605 636 802 812
178 124 178
52 52 78 89 92 137 140 249 429 560 618 636 776
56 15 19 56 112 260 379 382 812
187 88 187 203 239 401 419 462 489 527 737 818 840 853
60 47 60 79 253 297 615
74 20 74 130 151 153 181 215 223 227 251 256 277 280 321 325 326 327 334 335 355 390 422 426 427 527 548 596 612 616 640 647 731 776 840
203 88 111 187 203 401 489 605 737 853
76 33 76 144 880
78 52 78 92 137 140 163 179 249 340 389 491 531 558 655 694 772
79 47 60 79 120 253 297 432 449 459 615
210 136 210
83 22 50 83 105 111 125 196 200 217 219 221 283 288 308 315 319 323 340 356 358 386 387 389 405 416 417 418 436 439 446 465 514 531 558 605 631 646 648 655 694 772 802 812
340 22 83 105 340 341 389 445 457 531 558 631 646 648 655 694 772
88 88 111 160 187 203 292 319 325 366 368 401 429 436 439 476 489 605 737 853
89 6 29 33 52 76 89 92 103 140 144 249 303 529 560 585 785 811 880
92 52 78 89 92 137 140 249 388 560
225 49 119 122 130 187 209 225 227 240 299 323 327 335 344 364 371 377 418 421 422 432 463 489 499 526 589 602 675 785 818 853
353 353 593
355 74 84 119 127 153 171 175 237 256 343 344 345 346 347 348 349 350 352 354 355 356 357 376 378 394 442 443 448 452 478 499 527 548 596 612 616 618 640 647 675 731 776 840
103 103 454 533 551 585
108 0 108
109 109 514 552 559 693
111 8 38 41 49 50 83 88 105 111 125 128 131 132 195 203 252 268 277 281 331 334 401 416 428 431 432 447 459 514 544 571 605 737 802 812 846
112 15 19 56 112 260 379 412 812
125 15 19 50 83 109 111 112 125 206 260 370 386 416 465 514 559 605 802 812
119 8 11 16 49 74 95 119 121 130 138 153 225 310 355 363 458 463 491 499 589 602 612 647 675
249 52 78 89 92 137 140 249 303 429 560 618 636 776
122 47 60 79 122 131 145 148 149 202 219 225 236 241 253 262 297 430 486 516 526 571 589 602 615 636 675
379 15 19 56 112 260 379 382 812
124 124 178
253 47 60 79 253 297 615
