0 0 8 36 48 49 57 95 105 108 120 121 132 134 138 160 177 192 277 310 362 364 366 367 380 445 474 476
257 179 257 445 529 585 880
130 8 49 95 119 120 130 132 138 153 234 275 281 310 344 362 363 364 366 369 385 388 435 447 458 463 491 526 589 602 818
131 120 131 179 208 457 467 479 482 486 488 533 571 585 616 618 636 644 759
128 8 41 111 128 138 160 170 188 196 205 299 309 315 316 323 325 334 339 358 367 380 409 421 422 427 428 431 432 448 450 452 544 846
389 385 389 408 531 558 655 694 772
6 6 555 630 648 696
260 15 19 34 56 112 146 164 195 199 201 205 215 224 229 238 243 253 258 260 268 270 279 285 297 323 332 364 377 396 397 398 400 402 403 410 411 412 413 417 418 812
136 136 206 210
137 4 8 20 38 39 49 51 65 78 95 105 118 119 121 137 138 237 318 341 349 372 375 409 439
5 5 36 105 171 175 190 233 237 268 284 303 341 344 346 347 348 349 350 352 356 357 362 369 377 380 433 434 441 442 448 452 476 478 482 555 596 646 657
11 11 405 406 408 526 555 618 630 636 696 776 785
140 52 89 92 140 341 362 444 450 529 533 560 585 596
15 3 4 13 15 26 57 65 164 173 193 224 237 249 251 260 284 300 302 303 305 362 370 371 372 374 375 379 388 395 416 445
16 4 11 16 38 39 49 95 105 119 121 132 138 177 178 251 275 339 362 363 380 381 385 388 447 476
145 145 201 205 229 243 258 268 279 285 295 341 358 366 382 397 398 400 402 411 412 413 415 417 418 430 436 439
401 34 127 139 146 195 203 224 261 268 270 272 322 332 396 397 398 400 401 403 411 415 418 737
19 19 57 146 164 192 195 201 205 215 224 229 243 258 260 268 279 285 294 295 332 346 382 396 397 398 400 402 410 411 413 415 417 418
148 131 138 148 166 170 213 268 299 309 315 323 325 334 339 358 367 380 385 409 418 422 427 432 439 459 516
144 13 26 57 76 144 166 192 195 302 305 319 331 359 368 381 387 450 474 880
22 22 26 45 196 198 228 234 246 288 289 294 305 316 317 319 388 392 409 436 477 558 596 631
278 17 43 61 90 122 143 151 153 155 156 157 158 189 194 204 212 221 232 235 238 240 241 242 245 254 259 262 271 276 278 283 288 291 317 321 330 331 383 417 424 763
153 153 213 219 236 527 548 555 596 612 616 618 640 644 647 731 776 840
29 29 179 208 488 526 529 560 785 811 880
416 3 13 15 26 31 35 57 63 65 66 81 97 115 125 135 169 173 186 193 203 206 207 218 231 282 284 300 301 302 303 304 305 330 342 369 370 371 372 373 374 375 386 395 416 430 459 465 514 605 812
33 33 76 240 339 450 474 880
163 163 491 514 559 693
297 2 33 41 55 60 72 75 82 96 98 100 113 117 128 148 154 159 162 174 184 191 204 218 223 225 248 253 260 273 274 280 287 296 297 309 323 324 326 327 330 333 335 368 421 422 428 432 615 644 818
41 41 128 138 170 200 201 221 222 252 281 292 299 309 323 325 334 358 362 367 380 409 418 421 422 427 428 431 435 436 446 448
430 5 31 35 40 54 63 65 66 69 78 81 101 111 123 125 145 159 165 166 169 173 185 207 282 288 291 300 301 304 374 375 416 430
47 4 47 60 95 122 160 177 277 288 339 341 450 474 615
50 20 39 50 102 121 125 131 167 217 267 375 383 399 448 483 802
178 0 1 5 14 16 55 69 73 77 79 86 94 98 103 111 117 118 123 124 126 135 139 140 145 159 167 171 173 175 178 184 441
52 52 249 618 636 776
56 56 146 164 195 201 205 215 224 229 243 260 268 279 285 295 332 362 379 382 396 397 398 400 402 410 411 413 415 417 418
187 187 489 527 818 840 853
60 60 253 297 432 555 589 615 616 630 644 696 759 818
74 74 153 215 227 249 251 253 256 277 321 325 326 327 334 335 422 426 427
203 57 88 131 146 167 187 195 201 203 205 224 229 243 258 268 270 279 285 288 295 332 369 382 388 396 397 398 400 401 402 410 411 413 414 415 416 417 418 605 737 818 840 853
76 33 46 51 68 76 81 98 144 168 185 256 257 300 306 329 331 336 391 450 474 880
78 78 137 179 444 491 531 558 655 694 772
79 60 79 120 138 166 170 196 200 205 221 235 253 283 292 299 323 325 334 344 347 358 367 380 398 409 411 418 421 422 427 431 432 434 439 448 449 452 459
210 136 210
83 83 125 219 405 446 531 558 655 694 772
340 340 341 445 457 531 558 648 655 694 772
88 38 88 160 195 203 215 251 292 319 325 366 368 404 407 421 429 436 439 476 483 737
89 29 38 89 140 194 249 303 399 483
92 13 26 57 78 92 140 199 217 249 251 263 302 305 316 368 387 388 404 407
225 49 209 225 299 344 364 377 432 526 589 602 818
353 20 24 28 39 84 87 127 152 171 175 237 256 298 313 343 345 346 347 348 349 351 352 353 354 355 356 357 376 377 378 379 394 434 442 448 452 453 478 593
355 24 54 70 84 127 152 153 171 175 186 232 237 256 298 336 343 344 345 346 347 348 349 350 351 352 353 354 355 356 357 376 378 394 442 448 452 478 499 612 647
103 103 222 350 454 529 533 585
108 0 36 108 138 160 176 196 198 228 234 235 246 254 268 277 283 285 288 289 292 294 295 299 315 316 318 319 320 358 366 367 380 409 417 423 436 445 446 452 466 469 475 476 477 479 480
109 109 358 432 476 514 552 559 693
111 4 8 20 38 39 49 105 111 119 128 132 178 195 268 277 319 331 357 375 378 399 430 447 459 605
112 34 45 112 146 164 195 201 205 215 224 230 237 243 258 260 261 268 270 272 279 285 295 321 322 332 383 396 397 398 400 402 403 410 411 412 417 418 436
125 3 13 26 38 50 57 65 81 83 125 169 173 193 206 231 249 284 300 302 303 304 305 331 362 369 370 371 372 373 374 375 386 394 395 398 416 430 450 459 465 514 559 605 693 802 812
119 119 499 647 675
249 2 11 14 15 21 25 29 31 35 40 41 52 59 62 66 69 74 77 89 91 92 96 100 103 107 113 117 125 130 141 148 150 186 249 303 618
122 47 122 149 188 202 219 236 241 262 292 526 589 602 675
379 10 15 23 24 37 42 47 54 56 70 78 85 91 93 101 154 186 237 291 346 348 351 353 357 378 379 381
124 124 178
253 2 6 19 44 60 72 74 79 82 133 145 148 153 162 168 174 181 191 207 223 225 227 253 259 260 270 273 274 280 287 296 297 298 313 321 325 326 337 351 485 615 644 818
