348 "[(34, 4), (107, 1), (173, 4), (198, 4), (350, 4), (351, 4), (354, 4), (357, 1), (359, 4), (361, 4), (364, 4), (369, 1), (372, 4), (380, 1), (381, 1), (382, 4), (384, 4), (389, 1), (393, 4), (399, 4), (405, 4), (407, 4), (410, 4), (418, 4), (422, 1), (424, 1), (427, 4), (428, 4), (429, 4), (433, 4), (435, 1), (441, 4), (454, 4), (455, 4), (457, 1), (459, 1), (464, 4), (466, 4), (469, 1), (470, 4), (474, 4), (476, 4), (477, 1), (478, 1), (481, 4), (485, 1), (486, 1), (489, 4), (501, 4), (504, 4), (505, 1), (508, 1), (509, 1), (516, 1), (518, 1), (522, 4), (528, 4), (529, 4), (530, 4), (531, 4), (533, 4), (539, 4), (546, 4), (547, 4), (549, 4), (551, 1), (552, 4), (554, 1), (562, 4), (563, 1), (564, 4), (568, 4)]"
414 "[(34, 4), (107, 1), (173, 4), (422, 1), (427, 4), (428, 4), (563, 1), (573, 1), (574, 1), (575, 1), (579, 1), (584, 1), (588, 1), (589, 1), (590, 1), (592, 1), (593, 1), (594, 4), (596, 1), (597, 1), (598, 1), (603, 1), (605, 1), (609, 1), (611, 1), (612, 1), (616, 1), (617, 1), (618, 1), (619, 1), (620, 1), (621, 1), (622, 1), (623, 1), (625, 1), (626, 1), (630, 1), (631, 1), (633, 1), (636, 1), (639, 1), (644, 1), (648, 1), (649, 1), (653, 1), (654, 1), (655, 1), (657, 1), (660, 1), (663, 1), (664, 1), (666, 1), (667, 4), (672, 1), (677, 1), (678, 1), (679, 1), (680, 1), (682, 1), (684, 1), (685, 1)]"
353 "[(107, 1), (428, 4), (1475, 1), (1529, 1), (1855, 1)]"
363 "[(107, 1), (455, 4), (481, 4), (1529, 1), (1536, 1)]"
366 "[(107, 1), (428, 4), (539, 4), (1658, 1)]"
376 "[(107, 1), (354, 4), (359, 4), (361, 4), (405, 4), (410, 4), (428, 4), (481, 4), (489, 4), (531, 4), (546, 4), (547, 4), (563, 1), (1343, 1), (1536, 1), (1777, 1), (1897, 1)]"
420 "[(107, 1), (563, 1), (596, 1), (1311, 1)]"
475 "[(107, 1), (359, 4), (361, 4), (410, 4), (418, 4), (428, 4), (474, 4), (481, 4), (489, 4), (531, 4), (546, 4), (547, 4), (563, 1), (1536, 1)]"
483 "[(107, 1), (422, 1), (563, 1), (596, 1), (639, 1), (896, 1), (917, 1), (919, 1), (933, 1), (942, 1), (954, 1), (984, 1), (1014, 1), (1018, 1), (1020, 1), (1032, 1), (1066, 1), (1099, 1), (1102, 1), (1104, 1), (1108, 1), (1148, 1), (1158, 1), (1166, 1), (1192, 1), (1204, 1), (1245, 1), (1261, 1), (1273, 1), (1277, 1), (1281, 1), (1282, 1), (1284, 1), (1303, 1), (1309, 1), (1324, 1), (1373, 1), (1382, 1), (1392, 1), (1396, 1), (1406, 1), (1429, 1), (1454, 1), (1455, 1), (1473, 1), (1475, 1), (1492, 1), (1495, 1), (1508, 1), (1515, 1), (1536, 1), (1582, 1), (1595, 1), (1611, 1), (1638, 1), (1654, 1), (1661, 1), (1680, 1), (1682, 1), (1706, 1), (1720, 1), (1729, 1), (1732, 1), (1742, 1), (1751, 1), (1783, 1), (1786, 1), (1794, 1), (1812, 1), (1820, 1), (1824, 1), (1828, 1), (1848, 1), (1850, 1), (1871, 1), (1875, 1), (1893, 1), (1894, 1), (1899, 1), (1907, 1)]"
484 "[(107, 1), (350, 4), (428, 4), (913, 1), (968, 1), (1217, 1), (1536, 1), (1897, 1)]"
517 "[(107, 1), (428, 4), (1268, 1)]"
526 "[(107, 1), (428, 4), (968, 1), (1217, 1), (1226, 1), (1444, 1), (1630, 1)]"
538 "[(107, 1), (1226, 1)]"
566 "[(107, 1), (563, 1), (593, 1), (968, 1), (1536, 1), (1630, 1)]"
580 "[(107, 1), (931, 1), (1743, 1)]"
601 "[(107, 1), (422, 1), (428, 4), (609, 1), (630, 1), (644, 1)]"
606 "[(107, 1), (428, 4), (917, 1), (963, 1), (968, 1), (1052, 1), (1070, 1), (1183, 1), (1314, 1), (1371, 1), (1436, 1), (1444, 1), (1536, 1), (1548, 1), (1699, 1), (1727, 1), (1738, 1), (1876, 1), (1897, 1)]"
629 "[(107, 1), (630, 1), (1850, 1), (1893, 1)]"
637 "[(107, 1), (584, 1), (639, 1), (678, 1), (679, 1), (896, 1), (957, 1), (968, 1), (1018, 1), (1060, 1), (1067, 1), (1104, 1), (1143, 1), (1148, 1), (1189, 1), (1192, 1), (1204, 1), (1277, 1), (1324, 1), (1423, 1), (1429, 1), (1436, 1), (1448, 1), (1473, 1), (1475, 1), (1479, 1), (1536, 1), (1573, 1), (1578, 1), (1595, 1), (1628, 1), (1647, 1), (1716, 1), (1720, 1), (1808, 1), (1830, 1), (1871, 1), (1897, 1), (1901, 1)]"
641 "[(107, 1), (428, 4), (630, 1), (1060, 1), (1070, 1), (1231, 1), (1235, 1), (1273, 1), (1436, 1), (1448, 1), (1459, 1), (1475, 1), (1573, 1), (1830, 1)]"
651 "[(107, 1), (428, 4), (1011, 1), (1169, 1), (1428, 1), (1473, 1), (1536, 1), (1709, 1)]"
897 "[(107, 1), (1058, 4)]"
899 "[(107, 1)]"
905 "[(107, 1), (1217, 1), (1226, 1), (1263, 1), (1536, 1), (1658, 1)]"
906 "[(107, 1)]"
907 "[(107, 1)]"
915 "[(107, 1), (428, 4), (914, 1), (1192, 1), (1636, 1), (1897, 1)]"
916 "[(107, 1), (1718, 5)]"
920 "[(107, 1), (1477, 4), (1792, 1), (1860, 4)]"
921 "[(107, 1), (1404, 1), (1718, 5)]"
922 "[(107, 1), (1702, 4), (1858, 4)]"
925 "[(107, 1), (1718, 5)]"
926 "[(107, 1)]"
927 "[(107, 1), (1611, 1), (1831, 1)]"
930 "[(107, 1), (428, 4)]"
932 "[(107, 1)]"
934 "[(107, 1), (1508, 1)]"
936 "[(107, 1)]"
946 "[(107, 1), (968, 1)]"
947 "[(107, 1), (1562, 1), (1808, 1)]"
948 "[(107, 1)]"
952 "[(107, 1)]"
953 "[(107, 1)]"
959 "[(107, 1)]"
960 "[(107, 1), (1527, 4)]"
962 "[(107, 1), (428, 4), (1064, 1), (1212, 1), (1234, 1), (1235, 1), (1453, 1), (1743, 1), (1831, 1), (1910, 1)]"
966 "[(107, 1)]"
967 "[(107, 1), (1441, 1)]"
972 "[(107, 1)]"
973 "[(107, 1), (951, 4), (990, 4), (1178, 1), (1461, 1), (1505, 4), (1656, 4), (1702, 4)]"
976 "[(107, 1), (1743, 1)]"
978 "[(107, 1), (1274, 1)]"
980 "[(107, 1)]"
982 "[(107, 1), (1856, 1)]"
983 "[(107, 1)]"
991 "[(107, 1), (1034, 1), (1165, 1), (1177, 1), (1283, 4), (1317, 1), (1505, 4), (1641, 4), (1701, 4), (1726, 4)]"
993 "[(107, 1)]"
995 "[(107, 1), (1171, 4), (1274, 1), (1461, 1)]"
997 "[(107, 1)]"
998 "[(107, 1)]"
999 "[(107, 1), (968, 1)]"
1001 "[(107, 1), (1217, 1), (1536, 1)]"
1003 "[(107, 1), (1641, 4), (1779, 4)]"
1004 "[(107, 1)]"
1006 "[(107, 1), (1702, 4)]"
1012 "[(107, 1), (1436, 1), (1699, 1), (1770, 1)]"
1017 "[(107, 1), (1187, 1)]"
1024 "[(107, 1)]"
1025 "[(107, 1), (1189, 1), (1324, 1), (1429, 1), (1536, 1), (1696, 1), (1794, 1), (1897, 1), (1901, 1)]"
1026 "[(107, 1)]"
1028 "[(107, 1), (1718, 5)]"
1029 "[(107, 1), (1165, 1), (1171, 4), (1577, 5), (1687, 1), (1856, 1)]"
1039 "[(107, 1)]"
1040 "[(107, 1)]"
1047 "[(107, 1)]"
1048 "[(107, 1), (1450, 4)]"
1049 "[(107, 1), (1317, 1), (1534, 4)]"
1054 "[(107, 1), (968, 1), (1529, 1)]"
1056 "[(107, 1), (1527, 4)]"
1059 "[(107, 1), (1544, 4)]"
1063 "[(107, 1)]"
1068 "[(107, 1), (913, 1), (1436, 1)]"
1069 "[(107, 1)]"
1074 "[(107, 1), (1171, 4), (1465, 5), (1577, 5)]"
1075 "[(107, 1)]"
1076 "[(107, 1), (1451, 1)]"
1078 "[(107, 1)]"
1079 "[(107, 1)]"
1080 "[(107, 1), (1066, 1), (1106, 1), (1473, 1), (1729, 1), (1785, 1)]"
1083 "[(107, 1)]"
1084 "[(107, 1)]"
1086 "[(107, 1), (596, 1), (917, 1), (1022, 1), (1032, 1), (1060, 1), (1143, 1), (1192, 1), (1235, 1), (1273, 1), (1298, 1), (1418, 1), (1423, 1), (1429, 1), (1436, 1), (1680, 1), (1715, 1), (1727, 1), (1830, 1), (1907, 1)]"
1091 "[(107, 1), (1472, 1), (1890, 1)]"
1092 "[(107, 1), (1860, 4)]"
1095 "[(107, 1), (1794, 1), (1897, 1)]"
1101 "[(107, 1)]"
1107 "[(107, 1)]"
1110 "[(107, 1), (968, 1), (1070, 1), (1711, 1), (1897, 1)]"
1112 "[(107, 1)]"
1113 "[(107, 1), (1473, 1)]"
1114 "[(107, 1), (428, 4), (1248, 1), (1263, 1), (1808, 1)]"
1116 "[(107, 1)]"
1117 "[(107, 1), (1263, 1)]"
1122 "[(107, 1), (912, 1), (1743, 1)]"
1123 "[(107, 1), (1585, 1)]"
1124 "[(107, 1), (1702, 4), (1858, 4)]"
1125 "[(107, 1)]"
1126 "[(107, 1), (1562, 1), (1718, 5)]"
1128 "[(107, 1), (1143, 1), (1350, 1), (1418, 1), (1436, 1), (1575, 1), (1650, 1), (1727, 1), (1894, 1)]"
1130 "[(107, 1)]"
1132 "[(107, 1)]"
1133 "[(107, 1)]"
1135 "[(107, 1), (913, 1), (1212, 1)]"
1142 "[(107, 1)]"
1146 "[(107, 1), (1165, 1), (1726, 4)]"
1149 "[(107, 1)]"
1150 "[(107, 1), (1283, 4), (1337, 1), (1476, 4), (1656, 4), (1702, 4), (1858, 4), (1865, 1)]"
1151 "[(107, 1), (1171, 4)]"
1153 "[(107, 1)]"
1155 "[(107, 1)]"
1156 "[(107, 1)]"
1157 "[(107, 1), (1383, 1)]"
1160 "[(107, 1)]"
1163 "[(107, 1)]"
1164 "[(107, 1)]"
1172 "[(107, 1), (968, 1)]"
1173 "[(107, 1), (913, 1), (1140, 4), (1171, 4), (1527, 4), (1534, 4), (1577, 5), (1698, 1)]"
1175 "[(107, 1)]"
1179 "[(107, 1), (428, 4)]"
1180 "[(107, 1)]"
1181 "[(107, 1)]"
1182 "[(107, 1), (1165, 1), (1171, 4), (1718, 5)]"
1184 "[(107, 1)]"
1185 "[(107, 1)]"
1191 "[(107, 1)]"
1195 "[(107, 1)]"
1196 "[(107, 1), (1197, 1), (1718, 5)]"
1198 "[(107, 1)]"
1199 "[(107, 1), (1658, 1), (1702, 4)]"
1201 "[(107, 1)]"
1205 "[(107, 1)]"
1207 "[(107, 1)]"
1209 "[(107, 1)]"
1210 "[(107, 1), (428, 4), (1212, 1), (1226, 1), (1268, 1), (1743, 1), (1831, 1)]"
1211 "[(107, 1), (1702, 4), (1858, 4)]"
1214 "[(107, 1), (1702, 4), (1797, 1), (1858, 4)]"
1219 "[(107, 1)]"
1220 "[(107, 1)]"
1222 "[(107, 1), (913, 1), (1245, 1), (1702, 4)]"
1223 "[(107, 1), (1062, 1), (1183, 1), (1371, 1), (1385, 1), (1436, 1), (1699, 1), (1794, 1)]"
1230 "[(107, 1)]"
1237 "[(107, 1), (428, 4), (1030, 1), (1473, 1)]"
1238 "[(107, 1), (913, 1)]"
1239 "[(107, 1)]"
1242 "[(107, 1)]"
1243 "[(107, 1), (1451, 1)]"
1250 "[(107, 1)]"
1255 "[(107, 1)]"
1256 "[(107, 1)]"
1265 "[(107, 1)]"
1267 "[(107, 1)]"
1269 "[(107, 1)]"
1271 "[(107, 1)]"
1272 "[(107, 1), (1585, 1)]"
1278 "[(107, 1), (964, 1)]"
1280 "[(107, 1)]"
1285 "[(107, 1)]"
1287 "[(107, 1)]"
1288 "[(107, 1)]"
1289 "[(107, 1), (1577, 5)]"
1290 "[(107, 1)]"
1291 "[(107, 1)]"
1293 "[(107, 1)]"
1294 "[(107, 1)]"
1300 "[(107, 1), (428, 4)]"
1302 "[(107, 1)]"
1305 "[(107, 1), (1656, 4), (1860, 4)]"
1312 "[(107, 1), (1544, 4), (1718, 5)]"
1313 "[(107, 1), (428, 4)]"
1318 "[(107, 1)]"
1320 "[(107, 1), (428, 4), (1226, 1)]"
1321 "[(107, 1), (1161, 4), (1283, 4), (1337, 1), (1521, 1), (1702, 4), (1858, 4), (1865, 1)]"
1323 "[(107, 1)]"
1327 "[(107, 1), (908, 1), (951, 4), (961, 4), (1161, 4), (1283, 4), (1337, 1), (1384, 1), (1518, 4), (1656, 4), (1702, 4), (1718, 5), (1858, 4)]"
1329 "[(107, 1)]"
1330 "[(107, 1), (1453, 1)]"
1331 "[(107, 1)]"
1332 "[(107, 1), (1147, 1), (1628, 1), (1901, 1)]"
1334 "[(107, 1), (968, 1), (1021, 1), (1217, 1), (1258, 1), (1343, 1), (1473, 1), (1492, 1), (1525, 1), (1569, 1), (1630, 1), (1658, 1), (1718, 5), (1794, 1), (1807, 1), (1818, 1), (1897, 1)]"
1335 "[(107, 1)]"
1336 "[(107, 1)]"
1339 "[(107, 1), (1424, 1)]"
1340 "[(107, 1)]"
1341 "[(107, 1), (1702, 4)]"
1344 "[(107, 1)]"
1346 "[(107, 1)]"
1349 "[(107, 1), (1094, 1), (1154, 1), (1531, 1), (1743, 1)]"
1351 "[(107, 1), (1702, 4)]"
1352 "[(107, 1), (1337, 1), (1718, 5), (1860, 4)]"
1357 "[(107, 1), (912, 1), (913, 1), (1008, 1), (1062, 1), (1338, 1), (1353, 1), (1536, 1), (1794, 1), (1897, 1)]"
1358 "[(107, 1), (428, 4), (1473, 1)]"
1359 "[(107, 1)]"
1361 "[(107, 1), (1465, 5), (1577, 5), (1702, 4), (1718, 5), (1858, 4)]"
1365 "[(107, 1)]"
1367 "[(107, 1)]"
1369 "[(107, 1), (923, 1), (1165, 1), (1178, 1), (1283, 4), (1301, 4), (1317, 1), (1337, 1), (1461, 1), (1505, 4), (1656, 4), (1718, 5), (1726, 4), (1779, 4)]"
1370 "[(107, 1)]"
1374 "[(107, 1), (428, 4), (1599, 1)]"
1375 "[(107, 1)]"
1376 "[(107, 1), (1718, 5)]"
1377 "[(107, 1), (913, 1)]"
1380 "[(107, 1)]"
1388 "[(107, 1)]"
1389 "[(107, 1)]"
1390 "[(107, 1)]"
1391 "[(107, 1)]"
1393 "[(107, 1), (935, 1), (1007, 1), (1531, 1), (1702, 4)]"
1397 "[(107, 1), (1536, 1)]"
1398 "[(107, 1)]"
1399 "[(107, 1), (1473, 1), (1702, 4)]"
1400 "[(107, 1)]"
1401 "[(107, 1), (1248, 1)]"
1402 "[(107, 1)]"
1405 "[(107, 1), (1544, 4), (1684, 0), (1779, 4), (1860, 4), (2724, 0), (2752, 0), (2775, 0), (2869, 0), (2892, 0), (2962, 0), (3001, 0), (3019, 4), (3100, 0), (3162, 0), (3168, 0), (3233, 0), (3295, 0), (3304, 0), (3331, 0), (3366, 0), (3404, 0), (3406, 0), (3412, 0)]"
1407 "[(107, 1), (1566, 1)]"
1408 "[(107, 1), (428, 4), (913, 1), (914, 1), (1052, 1), (1217, 1), (1247, 1), (1453, 1), (1575, 1), (1807, 1), (1818, 1), (1897, 1)]"
1409 "[(107, 1), (1444, 1), (1527, 4)]"
1416 "[(107, 1)]"
1419 "[(107, 1), (990, 4), (1165, 1), (1178, 1), (1684, 0), (1702, 4), (1758, 1), (1858, 4), (2813, 4), (2971, 4), (3034, 0), (3178, 0), (3410, 0), (3420, 0)]"
1420 "[(107, 1), (1085, 1)]"
1422 "[(107, 1), (912, 1), (1808, 1)]"
1425 "[(107, 1), (428, 4), (939, 1), (940, 1), (1212, 1), (1246, 1), (1342, 1), (1343, 1), (1356, 1), (1478, 1), (1633, 1), (1743, 1), (1831, 1)]"
1427 "[(107, 1), (994, 1), (1032, 1), (1070, 1), (1303, 1), (1366, 1), (1429, 1), (1473, 1), (1515, 1), (1525, 1), (1661, 1), (1794, 1), (1807, 1), (1893, 1)]"
1431 "[(107, 1), (1055, 1), (1266, 1), (1434, 1), (1441, 1), (1544, 4), (1564, 1), (1585, 1), (1779, 4), (1905, 1)]"
1435 "[(107, 1), (968, 1), (994, 1), (1062, 1), (1147, 1), (1159, 1), (1217, 1), (1258, 1), (1338, 1), (1343, 1), (1350, 1), (1364, 1), (1366, 1), (1444, 1), (1473, 1), (1492, 1), (1525, 1), (1569, 1), (1630, 1), (1699, 1), (1729, 1), (1807, 1), (1818, 1), (1894, 1), (1897, 1)]"
1437 "[(107, 1), (1337, 1), (1702, 4), (1858, 4)]"
1439 "[(107, 1)]"
1440 "[(107, 1), (1702, 4), (1718, 5), (1858, 4), (1865, 1)]"
1442 "[(107, 1)]"
1446 "[(107, 1), (428, 4), (1070, 1)]"
1447 "[(107, 1), (1702, 4)]"
1449 "[(107, 1), (1860, 4)]"
1456 "[(107, 1)]"
1457 "[(107, 1)]"
1458 "[(107, 1), (1718, 5)]"
1460 "[(107, 1), (1434, 1), (1505, 4)]"
1463 "[(107, 1)]"
1464 "[(107, 1), (1429, 1), (1794, 1)]"
1467 "[(107, 1), (1371, 1)]"
1470 "[(107, 1), (1058, 4)]"
1471 "[(107, 1)]"
1480 "[(107, 1), (1337, 1), (1666, 4), (1758, 1), (1858, 4)]"
1483 "[(107, 1), (1465, 5)]"
1484 "[(107, 1)]"
1485 "[(107, 1), (1718, 5)]"
1487 "[(107, 1), (913, 1), (968, 1), (1217, 1), (1429, 1), (1473, 1), (1536, 1), (1794, 1), (1897, 1), (1910, 1)]"
1488 "[(107, 1)]"
1490 "[(107, 1)]"
1491 "[(107, 1)]"
1497 "[(107, 1), (913, 1), (939, 1), (1064, 1), (1212, 1), (1356, 1), (1566, 1), (1599, 1), (1731, 1), (1743, 1), (1814, 1), (1831, 1), (1910, 1)]"
1498 "[(107, 1)]"
1501 "[(107, 1)]"
1506 "[(107, 1)]"
1509 "[(107, 1), (1718, 5), (1901, 1)]"
1512 "[(107, 1), (428, 4)]"
1513 "[(107, 1), (1055, 1), (1718, 5), (1779, 4)]"
1514 "[(107, 1), (1893, 1)]"
1516 "[(107, 1)]"
1517 "[(107, 1)]"
1519 "[(107, 1), (1527, 4), (1642, 4)]"
1520 "[(107, 1), (1283, 4), (1411, 4)]"
1522 "[(107, 1), (1718, 5)]"
1523 "[(107, 1), (951, 4), (968, 1), (1283, 4), (1411, 4), (1718, 5)]"
1524 "[(107, 1)]"
1526 "[(107, 1), (1429, 1), (1696, 1), (1794, 1)]"
1528 "[(107, 1), (1073, 1), (1505, 4)]"
1530 "[(107, 1)]"
1532 "[(107, 1)]"
1535 "[(107, 1)]"
1537 "[(107, 1), (908, 1), (950, 1), (1085, 1), (1337, 1), (1518, 4), (1567, 1), (1806, 1), (1856, 1)]"
1538 "[(107, 1)]"
1539 "[(107, 1)]"
1540 "[(107, 1), (951, 4), (968, 1), (1062, 1), (1088, 1), (1161, 4), (1183, 1), (1217, 1), (1283, 4), (1343, 1), (1364, 1), (1411, 4), (1444, 1), (1569, 1), (1630, 1), (1699, 1), (1711, 1), (1718, 5), (1807, 1), (1818, 1)]"
1542 "[(107, 1)]"
1543 "[(107, 1), (1094, 1), (1154, 1), (1531, 1)]"
1545 "[(107, 1), (389, 1), (428, 4), (939, 1), (1094, 1), (1190, 1), (1212, 1), (1385, 1), (1455, 1), (1473, 1), (1478, 1), (1496, 1), (1654, 1), (1696, 1), (1743, 1), (1762, 1), (1831, 1), (1910, 1)]"
1547 "[(107, 1)]"
1549 "[(107, 1), (171, 4), (428, 4), (924, 1), (1010, 1), (1013, 1), (1035, 1), (1037, 1), (1070, 1), (1109, 1), (1170, 1), (1228, 1), (1297, 4), (1311, 1), (1338, 1), (1387, 4), (1412, 1), (1525, 1), (1624, 1), (1703, 1)]"
1551 "[(107, 1)]"
1553 "[(107, 1), (900, 1), (1085, 1), (1098, 4), (1187, 1), (1189, 1), (1274, 1), (1307, 1), (1360, 1), (1511, 1), (1555, 1), (1579, 1), (1615, 1), (1698, 1), (1806, 1), (1825, 1), (1847, 1), (1908, 1)]"
1554 "[(107, 1), (1283, 4), (1411, 4)]"
1556 "[(107, 1), (1143, 1)]"
1557 "[(107, 1)]"
1559 "[(107, 1)]"
1561 "[(107, 1), (913, 1), (1161, 4), (1165, 1), (1317, 1), (1337, 1), (1360, 1), (1450, 4), (1505, 4), (1555, 1), (1656, 4), (1702, 4)]"
1563 "[(107, 1)]"
1565 "[(107, 1)]"
1570 "[(107, 1)]"
1571 "[(107, 1)]"
1572 "[(107, 1)]"
1574 "[(107, 1), (428, 4), (563, 1), (914, 1), (1013, 1), (1200, 1), (1385, 1), (1473, 1), (1496, 1), (1529, 1), (1536, 1)]"
1580 "[(107, 1)]"
1584 "[(107, 1), (968, 1), (994, 1), (1051, 1), (1152, 1), (1159, 1), (1217, 1), (1258, 1), (1343, 1), (1366, 1), (1473, 1), (1595, 1), (1658, 1), (1703, 1), (1807, 1), (1818, 1), (1894, 1)]"
1589 "[(107, 1), (1411, 4)]"
1590 "[(107, 1), (1434, 1), (1585, 1), (1718, 5)]"
1594 "[(107, 1), (1383, 1), (1858, 4)]"
1597 "[(107, 1)]"
1598 "[(107, 1), (1794, 1), (1797, 1)]"
1600 "[(107, 1)]"
1602 "[(107, 1)]"
1603 "[(107, 1)]"
1604 "[(107, 1), (1247, 1), (1818, 1), (1897, 1)]"
1605 "[(107, 1)]"
1606 "[(107, 1)]"
1608 "[(107, 1)]"
1609 "[(107, 1)]"
1610 "[(107, 1)]"
1612 "[(107, 1)]"
1613 "[(107, 1)]"
1614 "[(107, 1)]"
1616 "[(107, 1)]"
1617 "[(107, 1), (1718, 5)]"
1618 "[(107, 1), (951, 4), (1161, 4), (1337, 1), (1411, 4), (1577, 5), (1718, 5)]"
1619 "[(107, 1)]"
1620 "[(107, 1), (913, 1), (1052, 1), (1217, 1), (1436, 1), (1444, 1), (1518, 4), (1531, 1)]"
1621 "[(107, 1), (1417, 1), (1453, 1), (1718, 5)]"
1622 "[(107, 1)]"
1623 "[(107, 1)]"
1625 "[(107, 1)]"
1626 "[(107, 1), (1161, 4), (1283, 4), (1337, 1), (1521, 1), (1702, 4), (1718, 5), (1858, 4), (1865, 1)]"
1631 "[(107, 1)]"
1632 "[(107, 1), (1818, 1)]"
1637 "[(107, 1), (1342, 1), (1779, 4)]"
1639 "[(107, 1), (1779, 4)]"
1643 "[(107, 1)]"
1644 "[(107, 1)]"
1645 "[(107, 1), (931, 1), (1743, 1)]"
1646 "[(107, 1), (913, 1), (1035, 1), (1093, 1), (1246, 1), (1531, 1), (1569, 1), (1781, 1)]"
1651 "[(107, 1)]"
1652 "[(107, 1)]"
1653 "[(107, 1)]"
1659 "[(107, 1)]"
1660 "[(107, 1), (1354, 1), (1430, 1)]"
1662 "[(107, 1)]"
1663 "[(107, 1), (1697, 4), (1718, 5)]"
1665 "[(107, 1)]"
1668 "[(107, 1)]"
1669 "[(107, 1)]"
1670 "[(107, 1), (1476, 4), (1527, 4), (1642, 4), (1908, 1)]"
1671 "[(107, 1), (931, 1), (1064, 1), (1212, 1), (1234, 1), (1453, 1), (1478, 1), (1566, 1), (1743, 1), (1829, 1), (1831, 1), (1910, 1)]"
1673 "[(107, 1), (914, 1), (1473, 1)]"
1674 "[(107, 1), (990, 4), (1008, 1), (1023, 1), (1505, 4), (1527, 4), (1534, 4), (1552, 4), (1642, 4), (1758, 1), (1860, 4)]"
1675 "[(107, 1), (913, 1), (1564, 1)]"
1677 "[(107, 1)]"
1678 "[(107, 1), (990, 4), (1360, 1), (1387, 4), (1450, 4), (1555, 1), (1588, 1), (1726, 4), (1847, 1)]"
1679 "[(107, 1), (1226, 1)]"
1683 "[(107, 1), (1245, 1), (1283, 4), (1518, 4)]"
1685 "[(107, 1)]"
1688 "[(107, 1), (563, 1), (596, 1), (913, 1), (961, 4), (1385, 1), (1745, 1)]"
1689 "[(107, 1)]"
1692 "[(107, 1), (428, 4), (1371, 1), (1536, 1), (1808, 1)]"
1694 "[(107, 1), (649, 1), (931, 1), (1064, 1), (1212, 1), (1234, 1), (1296, 1), (1343, 1), (1356, 1), (1453, 1), (1478, 1), (1743, 1), (1831, 1), (1910, 1)]"
1695 "[(107, 1)]"
1700 "[(107, 1), (1342, 1)]"
1707 "[(107, 1)]"
1710 "[(107, 1)]"
1712 "[(107, 1)]"
1714 "[(107, 1)]"
1717 "[(107, 1)]"
1721 "[(107, 1)]"
1722 "[(107, 1), (1702, 4), (1797, 1)]"
1723 "[(107, 1)]"
1724 "[(107, 1)]"
1730 "[(107, 1)]"
1734 "[(107, 1)]"
1735 "[(107, 1)]"
1736 "[(107, 1)]"
1737 "[(107, 1)]"
1740 "[(107, 1), (428, 4)]"
1741 "[(107, 1)]"
1744 "[(107, 1), (1121, 1), (1599, 1), (1829, 1)]"
1746 "[(107, 1), (1020, 1)]"
1750 "[(107, 1)]"
1752 "[(107, 1)]"
1753 "[(107, 1)]"
1754 "[(107, 1)]"
1757 "[(107, 1)]"
1761 "[(107, 1), (1162, 1), (1529, 1), (1566, 1), (1575, 1), (1599, 1), (1696, 1), (1731, 1), (1807, 1), (1814, 1), (1818, 1), (1829, 1), (1897, 1)]"
1763 "[(107, 1)]"
1765 "[(107, 1), (1779, 4)]"
1766 "[(107, 1)]"
1767 "[(107, 1), (1051, 1), (1366, 1), (1473, 1), (1654, 1)]"
1768 "[(107, 1), (1860, 4)]"
1769 "[(107, 1), (1718, 5)]"
1771 "[(107, 1)]"
1772 "[(107, 1)]"
1773 "[(107, 1)]"
1774 "[(107, 1), (1384, 1), (1518, 4)]"
1775 "[(107, 1)]"
1778 "[(107, 1), (428, 4), (1035, 1), (1226, 1), (1385, 1), (1510, 1), (1529, 1), (1770, 1)]"
1780 "[(107, 1), (961, 4), (1702, 4), (1718, 5), (1858, 4)]"
1782 "[(107, 1), (1718, 5)]"
1789 "[(107, 1)]"
1790 "[(107, 1), (896, 1), (1009, 1), (1192, 1), (1215, 1), (1257, 1), (1277, 1), (1284, 1), (1413, 1), (1426, 1), (1448, 1), (1462, 1), (1475, 1), (1479, 1), (1649, 1), (1841, 1)]"
1791 "[(107, 1), (1276, 1)]"
1793 "[(107, 1)]"
1795 "[(107, 1)]"
1796 "[(107, 1)]"
1799 "[(107, 1)]"
1800 "[(107, 1)]"
1801 "[(107, 1)]"
1804 "[(107, 1)]"
1805 "[(107, 1), (1337, 1), (1702, 4), (1858, 4)]"
1809 "[(107, 1)]"
1810 "[(107, 1)]"
1811 "[(107, 1)]"
1813 "[(107, 1), (913, 1), (1337, 1), (1702, 4)]"
1816 "[(107, 1)]"
1817 "[(107, 1), (1283, 4), (1641, 4), (1702, 4), (1718, 5), (1858, 4)]"
1819 "[(107, 1)]"
1821 "[(107, 1)]"
1823 "[(107, 1), (1658, 1), (1818, 1)]"
1826 "[(107, 1)]"
1827 "[(107, 1), (968, 1), (1283, 4)]"
1832 "[(107, 1)]"
1833 "[(107, 1)]"
1835 "[(107, 1), (1262, 1), (1718, 5), (1758, 1)]"
1836 "[(107, 1), (1718, 5)]"
1839 "[(107, 1)]"
1842 "[(107, 1)]"
1843 "[(107, 1)]"
1844 "[(107, 1), (1281, 1), (1429, 1), (1696, 1), (1743, 1), (1794, 1), (1897, 1)]"
1845 "[(107, 1), (1702, 4)]"
1846 "[(107, 1), (1161, 4), (1434, 1), (1718, 5)]"
1849 "[(107, 1)]"
1851 "[(107, 1), (1197, 1), (1779, 4)]"
1852 "[(107, 1), (951, 4), (961, 4), (1283, 4), (1527, 4), (1656, 4), (1718, 5)]"
1853 "[(107, 1)]"
1861 "[(107, 1), (1023, 1), (1038, 4), (1073, 1)]"
1863 "[(107, 1), (1077, 4), (1283, 4), (1337, 1), (1702, 4), (1718, 5), (1858, 4)]"
1864 "[(107, 1)]"
1867 "[(107, 1), (913, 1)]"
1868 "[(107, 1)]"
1870 "[(107, 1)]"
1874 "[(107, 1)]"
1877 "[(107, 1)]"
1878 "[(107, 1)]"
1879 "[(107, 1)]"
1881 "[(107, 1), (913, 1), (1052, 1), (1343, 1), (1356, 1), (1436, 1), (1536, 1), (1658, 1), (1727, 1), (1794, 1), (1897, 1), (1910, 1)]"
1882 "[(107, 1), (914, 1)]"
1883 "[(107, 1), (1171, 4), (1465, 5), (1779, 4)]"
1885 "[(107, 1), (913, 1), (914, 1), (1052, 1), (1217, 1), (1247, 1), (1453, 1), (1575, 1), (1807, 1), (1818, 1), (1897, 1)]"
1886 "[(107, 1), (1562, 1)]"
1888 "[(107, 1), (1217, 1)]"
1891 "[(107, 1), (1283, 4), (1411, 4)]"
1898 "[(107, 1)]"
1900 "[(107, 1)]"
1902 "[(107, 1)]"
1909 "[(107, 1), (1161, 4), (1337, 1), (1383, 1), (1395, 1), (1477, 4), (1521, 1), (1697, 4), (1702, 4), (1718, 5)]"
1911 "[(107, 1), (1008, 1), (1077, 4), (1161, 4), (1283, 4), (1337, 1), (1521, 1), (1527, 4), (1702, 4), (1718, 5), (1858, 4), (1860, 4), (1865, 1)]"
349 "[(478, 1), (508, 1)]"
397 "[(350, 4), (354, 4), (357, 1), (369, 1), (389, 1), (418, 4), (422, 1), (457, 1), (469, 1), (477, 1), (481, 4), (485, 1), (504, 4), (509, 1), (516, 1), (518, 1), (531, 4), (546, 4), (554, 1), (563, 1)]"
419 "[(350, 4), (357, 1), (369, 1), (381, 1), (389, 1), (422, 1), (424, 1), (428, 4), (469, 1), (486, 1), (505, 1), (516, 1), (518, 1), (551, 1)]"
426 "[(350, 4), (407, 4), (455, 4), (504, 4), (531, 4), (546, 4), (563, 1)]"
497 "[(350, 4), (354, 4), (389, 1), (418, 4), (422, 1), (428, 4), (435, 1), (455, 4), (469, 1), (546, 4)]"
519 "[(350, 4), (354, 4), (361, 4), (470, 4), (481, 4), (489, 4), (531, 4), (546, 4), (547, 4)]"
527 "[(350, 4)]"
543 "[(350, 4), (372, 4), (407, 4), (455, 4), (504, 4), (528, 4), (531, 4), (546, 4), (563, 1)]"
561 "[(350, 4), (369, 1), (422, 1), (428, 4), (455, 4)]"
355 "[(354, 4), (359, 4), (361, 4), (382, 4), (410, 4), (418, 4), (455, 4), (470, 4), (474, 4), (481, 4), (489, 4), (528, 4), (531, 4), (546, 4), (547, 4)]"
396 "[(354, 4), (359, 4), (361, 4), (410, 4), (422, 1), (470, 4), (474, 4), (481, 4), (489, 4), (531, 4), (546, 4), (547, 4), (568, 4)]"
403 "[(354, 4), (359, 4), (382, 4), (470, 4), (489, 4), (546, 4), (547, 4)]"
450 "[(354, 4), (361, 4), (474, 4), (481, 4), (489, 4), (531, 4), (539, 4), (547, 4)]"
452 "[(354, 4), (359, 4), (382, 4), (428, 4), (470, 4), (489, 4), (531, 4), (546, 4), (547, 4)]"
458 "[(354, 4), (407, 4), (469, 1), (470, 4), (489, 4)]"
463 "[(354, 4), (361, 4), (410, 4), (418, 4), (428, 4), (481, 4), (489, 4), (504, 4), (531, 4), (547, 4)]"
500 "[(354, 4), (361, 4), (382, 4), (410, 4), (428, 4), (455, 4), (474, 4), (531, 4), (546, 4), (547, 4), (563, 1)]"
507 "[(354, 4), (428, 4), (470, 4), (504, 4), (563, 1)]"
510 "[(354, 4), (407, 4), (418, 4), (433, 4), (455, 4), (504, 4), (528, 4), (533, 4), (563, 1)]"
555 "[(354, 4), (359, 4), (361, 4), (382, 4), (410, 4), (418, 4), (422, 1), (435, 1), (470, 4), (481, 4), (489, 4), (504, 4), (531, 4), (546, 4), (547, 4)]"
557 "[(354, 4), (359, 4), (361, 4), (410, 4), (418, 4), (455, 4), (474, 4), (489, 4), (531, 4), (546, 4), (547, 4)]"
367 "[(359, 4), (422, 1), (455, 4), (474, 4), (481, 4), (489, 4), (504, 4), (546, 4), (547, 4)]"
391 "[(359, 4), (428, 4), (539, 4), (563, 1)]"
491 "[(359, 4)]"
360 "[(422, 1), (428, 4)]"
378 "[(369, 1), (428, 4), (563, 1)]"
442 "[(369, 1), (531, 4), (563, 1)]"
370 "[(428, 4), (469, 1), (563, 1), (666, 1)]"
421 "[(372, 4), (455, 4), (457, 1), (504, 4), (563, 1)]"
444 "[(372, 4), (422, 1), (428, 4), (504, 4), (531, 4)]"
460 "[(372, 4), (422, 1), (428, 4), (508, 1), (547, 4), (563, 1)]"
545 "[(372, 4), (422, 1), (428, 4), (563, 1)]"
558 "[(372, 4), (428, 4)]"
570 "[(372, 4), (422, 1), (428, 4), (504, 4), (531, 4)]"
373 "[(428, 4), (528, 4), (546, 4), (563, 1), (590, 1), (680, 1)]"
374 "[(418, 4), (504, 4), (563, 1)]"
387 "[(428, 4)]"
390 "[(539, 4)]"
392 "[(428, 4)]"
394 "[(620, 1)]"
395 "[(422, 1), (428, 4), (574, 1), (620, 1), (630, 1), (678, 1)]"
400 "[(428, 4), (539, 4)]"
402 "[(422, 1), (428, 4), (508, 1), (563, 1)]"
404 "[(428, 4)]"
513 "[(405, 4), (407, 4), (428, 4), (504, 4), (563, 1)]"
490 "[(407, 4)]"
408 "[(428, 4)]"
548 "[(410, 4), (474, 4), (504, 4), (547, 4)]"
412 "[(418, 4), (422, 1), (428, 4), (455, 4), (481, 4), (504, 4), (528, 4), (529, 4), (533, 4), (547, 4), (549, 4), (593, 1), (609, 1)]"
415 "[(428, 4), (563, 1)]"
416 "[(563, 1)]"
417 "[(428, 4), (508, 1)]"
432 "[(418, 4), (422, 1), (428, 4), (455, 4), (504, 4), (546, 4), (563, 1)]"
465 "[(418, 4), (428, 4)]"
506 "[(418, 4), (428, 4), (455, 4), (504, 4), (508, 1), (563, 1)]"
514 "[(418, 4), (428, 4), (504, 4)]"
523 "[(418, 4), (422, 1), (428, 4), (563, 1)]"
544 "[(418, 4), (428, 4), (504, 4), (508, 1), (563, 1)]"
553 "[(418, 4), (422, 1), (428, 4), (455, 4), (469, 1), (504, 4), (528, 4), (609, 1), (620, 1), (644, 1), (666, 1)]"
438 "[(422, 1), (428, 4), (546, 4), (563, 1), (596, 1)]"
449 "[(422, 1), (504, 4), (563, 1)]"
520 "[(422, 1), (428, 4), (508, 1), (563, 1)]"
604 "[(422, 1), (428, 4), (563, 1), (596, 1)]"
614 "[(422, 1), (428, 4)]"
423 "[(428, 4)]"
425 "[(427, 4), (428, 4), (477, 1), (563, 1)]"
496 "[(427, 4), (478, 1), (508, 1)]"
430 "[(428, 4), (469, 1), (563, 1)]"
431 "[(428, 4), (563, 1)]"
434 "[(428, 4), (478, 1), (563, 1)]"
436 "[(428, 4), (478, 1), (563, 1)]"
451 "[(428, 4), (563, 1)]"
456 "[(428, 4), (563, 1)]"
461 "[(428, 4), (590, 1), (653, 1)]"
473 "[(428, 4), (539, 4)]"
479 "[(428, 4)]"
482 "[(428, 4)]"
492 "[(428, 4)]"
511 "[(428, 4)]"
512 "[(428, 4)]"
515 "[(428, 4), (620, 1), (654, 1)]"
524 "[(428, 4), (590, 1)]"
525 "[(428, 4), (563, 1)]"
542 "[(428, 4), (508, 1)]"
559 "[(428, 4)]"
567 "[(428, 4), (563, 1), (590, 1), (3437, 3), (3454, 3), (3861, 3)]"
591 "[(428, 4), (590, 1)]"
669 "[(428, 4)]"
676 "[(428, 4)]"
683 "[(428, 4), (654, 1)]"
439 "[(477, 1), (563, 1)]"
440 "[(508, 1)]"
446 "[(539, 4)]"
541 "[(455, 4), (504, 4), (508, 1), (563, 1), (568, 4)]"
565 "[(455, 4)]"
569 "[(455, 4), (563, 1)]"
540 "[(469, 1)]"
471 "[(563, 1)]"
472 "[(533, 4)]"
534 "[(478, 1), (508, 1), (563, 1)]"
480 "[(563, 1), (593, 1)]"
535 "[(489, 4)]"
493 "[(539, 4)]"
502 "[(539, 4)]"
503 "[(539, 4)]"
521 "[(504, 4)]"
571 "[(504, 4)]"
560 "[(539, 4)]"
556 "[(563, 1)]"
634 "[(563, 1)]"
645 "[(563, 1)]"
3626 "[(857, 3), (3437, 3), (3592, 1), (3847, 1), (3979, 1)]"
3872 "[(862, 3), (1085, 1), (3437, 3), (3495, 3), (3522, 1), (3550, 3), (3672, 3), (3684, 3), (3779, 3), (3797, 3), (3888, 1), (3979, 1)]"
3487 "[(3437, 3), (3496, 3), (3566, 3)]"
3504 "[(3437, 3), (3677, 3)]"
3530 "[(3437, 3), (3511, 3), (3673, 3)]"
3551 "[(3437, 3), (3496, 3), (3525, 3)]"
3575 "[(3437, 3), (3672, 3)]"
3723 "[(3437, 3), (3566, 3)]"
3805 "[(3437, 3), (3440, 3), (3449, 3)]"
3839 "[(3437, 3), (3586, 3), (3677, 3)]"
3916 "[(3437, 3), (3592, 1), (3847, 1), (3891, 3)]"
3925 "[(3437, 3)]"
3950 "[(3437, 3), (3522, 1), (3525, 3), (3547, 3), (3550, 3), (3610, 1), (3659, 1), (3750, 3), (3772, 1), (3796, 3), (3841, 3), (3888, 1), (3979, 1)]"
3961 "[(3437, 3), (3566, 3)]"
