1912 "[(58, 4), (136, 4), (428, 4), (563, 1), (1915, 4), (1933, 4), (1951, 4), (1955, 4), (1956, 4), (1961, 4), (1967, 1), (1969, 4), (1976, 4), (1987, 4), (1996, 4), (2013, 4), (2017, 4), (2034, 4), (2041, 4), (2094, 4), (2099, 4), (2105, 4), (2106, 4), (2144, 4), (2167, 4), (2168, 4), (2178, 4), (2180, 4), (2204, 4), (2208, 4), (2215, 4), (2230, 4), (2238, 4), (2245, 4), (2251, 4), (2254, 4), (2267, 4), (2281, 4), (2285, 4), (2301, 4), (2302, 4), (2316, 4), (2321, 4), (2358, 4), (2360, 4), (2382, 4), (2421, 4), (2437, 4), (2445, 4), (2456, 4), (2472, 4), (2481, 4), (2487, 4), (2522, 4), (2535, 4), (2541, 4), (2547, 4), (2555, 4), (2562, 4), (2565, 4), (2581, 4), (2599, 4), (2634, 4)]"
1465 "[(107, 1), (908, 1), (1013, 1), (1074, 2), (1077, 4), (1171, 4), (1361, 2), (1483, 2), (1702, 4), (1883, 2), (2180, 4), (2267, 4), (2285, 4), (2302, 4), (2547, 4), (2555, 4)]"
1577 "[(107, 1), (1029, 2), (1074, 2), (1077, 4), (1173, 2), (1289, 2), (1361, 2), (1534, 4), (1618, 2), (1666, 4), (2144, 4), (2180, 4), (2215, 4), (2267, 4), (2285, 4), (2302, 4), (2445, 4), (2472, 4), (2547, 4), (2555, 4)]"
1718 "[(107, 1), (136, 4), (916, 2), (921, 2), (925, 2), (951, 4), (1028, 2), (1126, 2), (1165, 1), (1182, 2), (1196, 2), (1197, 1), (1312, 2), (1327, 2), (1334, 2), (1352, 2), (1361, 2), (1369, 2), (1376, 2), (1440, 2), (1458, 2), (1485, 2), (1509, 2), (1513, 2), (1522, 2), (1523, 2), (1540, 2), (1590, 2), (1617, 2), (1618, 2), (1621, 2), (1626, 2), (1663, 2), (1697, 4), (1702, 4), (1769, 2), (1780, 2), (1782, 2), (1817, 2), (1835, 2), (1836, 2), (1846, 2), (1852, 2), (1863, 2), (1909, 2), (1911, 2), (1955, 4), (2144, 4), (2180, 4), (2254, 4), (2267, 4), (2547, 4), (2555, 4)]"
1926 "[(136, 4), (1955, 4), (2254, 4), (2267, 4), (2285, 4), (2302, 4), (2472, 4), (2547, 4), (2555, 4)]"
1932 "[(136, 4), (2144, 4), (2180, 4), (2302, 4), (2445, 4), (2555, 4)]"
1939 "[(136, 4), (2180, 4)]"
1945 "[(136, 4), (1955, 4), (2144, 4), (2254, 4), (2302, 4), (2445, 4), (2472, 4), (2555, 4)]"
1972 "[(136, 4), (1951, 4), (1976, 4), (2013, 4), (2302, 4), (2472, 4)]"
1973 "[(136, 4), (1951, 4), (1976, 4)]"
1991 "[(136, 4), (1951, 4), (1976, 4)]"
1995 "[(136, 4), (1951, 4)]"
1998 "[(136, 4), (1951, 4), (1976, 4)]"
2001 "[(136, 4), (1951, 4), (1976, 4), (2472, 4)]"
2004 "[(136, 4), (1951, 4), (1976, 4)]"
2007 "[(136, 4), (1955, 4), (2144, 4), (2180, 4), (2254, 4), (2267, 4), (2285, 4), (2302, 4), (2445, 4), (2472, 4), (2547, 4), (2555, 4)]"
2009 "[(136, 4), (1951, 4), (1976, 4), (2013, 4), (2472, 4)]"
2018 "[(136, 4), (1951, 4), (1976, 4), (2013, 4), (2472, 4)]"
2024 "[(136, 4), (1951, 4), (1976, 4)]"
2027 "[(136, 4), (1951, 4)]"
2032 "[(136, 4), (1955, 4), (2144, 4), (2180, 4), (2254, 4), (2285, 4), (2302, 4), (2445, 4), (2472, 4), (2555, 4), (2599, 4)]"
2038 "[(136, 4), (1955, 4), (1987, 4), (2144, 4), (2180, 4), (2215, 4), (2254, 4), (2267, 4), (2285, 4), (2302, 4), (2445, 4), (2555, 4)]"
2039 "[(136, 4), (1955, 4), (1987, 4), (2144, 4), (2180, 4), (2215, 4), (2254, 4), (2267, 4), (2302, 4), (2445, 4), (2555, 4)]"
2042 "[(136, 4), (1987, 4), (2180, 4), (2215, 4), (2254, 4), (2302, 4), (2445, 4), (2522, 4), (2555, 4)]"
2054 "[(136, 4), (2144, 4), (2180, 4), (2267, 4), (2302, 4), (2445, 4), (2555, 4)]"
2068 "[(136, 4), (1955, 4), (2144, 4), (2180, 4), (2215, 4), (2254, 4), (2302, 4), (2445, 4), (2472, 4), (2555, 4)]"
2071 "[(136, 4), (1955, 4), (2144, 4), (2180, 4), (2254, 4), (2267, 4), (2285, 4), (2302, 4), (2472, 4), (2547, 4), (2555, 4), (2599, 4)]"
2072 "[(136, 4), (1955, 4), (2144, 4), (2180, 4), (2254, 4), (2445, 4), (2555, 4)]"
2081 "[(136, 4), (1955, 4), (2144, 4), (2180, 4), (2215, 4), (2254, 4), (2267, 4), (2302, 4), (2445, 4), (2472, 4), (2547, 4), (2555, 4)]"
2102 "[(136, 4), (2180, 4), (2215, 4), (2254, 4), (2267, 4), (2285, 4), (2302, 4), (2547, 4), (2555, 4)]"
2111 "[(136, 4), (1955, 4), (1987, 4), (2144, 4), (2180, 4), (2215, 4), (2254, 4), (2267, 4), (2285, 4), (2302, 4), (2445, 4), (2472, 4), (2547, 4), (2555, 4)]"
2116 "[(136, 4), (1951, 4)]"
2117 "[(136, 4), (1955, 4), (2144, 4), (2215, 4), (2254, 4), (2302, 4), (2472, 4), (2555, 4)]"
2127 "[(136, 4), (1955, 4), (2144, 4), (2254, 4), (2302, 4), (2445, 4), (2555, 4)]"
2128 "[(136, 4), (1961, 4), (2267, 4), (2302, 4), (2555, 4)]"
2133 "[(136, 4), (1955, 4), (1987, 4), (2144, 4), (2180, 4), (2254, 4), (2267, 4), (2302, 4), (2445, 4), (2555, 4)]"
2135 "[(136, 4), (2180, 4), (2267, 4), (2302, 4), (2472, 4), (2555, 4)]"
2138 "[(136, 4), (1955, 4), (1987, 4), (2144, 4), (2180, 4), (2215, 4), (2254, 4), (2267, 4), (2302, 4), (2445, 4), (2472, 4), (2555, 4)]"
2143 "[(136, 4), (2180, 4), (2302, 4), (2472, 4), (2555, 4)]"
2153 "[(136, 4), (2144, 4), (2180, 4), (2215, 4), (2254, 4), (2267, 4), (2302, 4), (2472, 4), (2547, 4), (2555, 4), (2599, 4)]"
2157 "[(136, 4), (1951, 4), (1976, 4)]"
2171 "[(136, 4), (1951, 4), (1976, 4)]"
2174 "[(136, 4), (1955, 4), (1987, 4), (2144, 4), (2180, 4), (2254, 4), (2267, 4), (2285, 4), (2445, 4), (2547, 4), (2581, 4)]"
2183 "[(136, 4), (1955, 4), (2144, 4), (2180, 4), (2215, 4), (2267, 4), (2302, 4), (2472, 4), (2555, 4)]"
2187 "[(136, 4), (1955, 4), (2144, 4), (2180, 4), (2254, 4), (2267, 4), (2285, 4), (2302, 4), (2445, 4), (2472, 4), (2555, 4)]"
2189 "[(136, 4), (1955, 4), (2144, 4), (2180, 4), (2254, 4), (2285, 4), (2472, 4), (2555, 4)]"
2199 "[(136, 4), (1955, 4), (1987, 4), (2099, 4), (2144, 4), (2180, 4), (2215, 4), (2254, 4), (2302, 4), (2472, 4), (2547, 4), (2555, 4)]"
2203 "[(136, 4), (1955, 4), (2180, 4), (2267, 4), (2302, 4), (2445, 4), (2547, 4)]"
2223 "[(136, 4), (1955, 4), (1987, 4), (2144, 4), (2215, 4), (2254, 4), (2445, 4), (2555, 4)]"
2224 "[(136, 4), (1955, 4), (2144, 4), (2180, 4), (2254, 4), (2267, 4), (2302, 4), (2445, 4), (2547, 4), (2555, 4)]"
2225 "[(136, 4), (1951, 4), (2472, 4)]"
2247 "[(136, 4), (1955, 4), (2099, 4), (2180, 4), (2254, 4), (2267, 4), (2285, 4), (2302, 4), (2555, 4)]"
2250 "[(136, 4), (1955, 4), (2180, 4), (2302, 4), (2445, 4), (2555, 4)]"
2264 "[(136, 4), (1955, 4), (2180, 4), (2215, 4), (2254, 4), (2267, 4), (2302, 4), (2472, 4), (2547, 4)]"
2268 "[(136, 4), (1955, 4), (1976, 4), (1987, 4), (2144, 4), (2180, 4), (2215, 4), (2254, 4), (2267, 4), (2285, 4), (2302, 4), (2445, 4), (2547, 4), (2555, 4)]"
2279 "[(136, 4), (1955, 4), (2180, 4), (2215, 4), (2254, 4), (2302, 4), (2445, 4), (2472, 4), (2555, 4)]"
2283 "[(136, 4), (1955, 4), (2099, 4), (2144, 4), (2180, 4), (2215, 4), (2230, 4), (2267, 4), (2302, 4), (2358, 4), (2445, 4), (2472, 4), (2555, 4)]"
2284 "[(136, 4), (1951, 4), (1976, 4)]"
2289 "[(136, 4), (1955, 4), (1987, 4), (2144, 4), (2180, 4), (2254, 4), (2302, 4), (2445, 4), (2555, 4)]"
2292 "[(136, 4), (2144, 4), (2180, 4), (2208, 4), (2215, 4), (2267, 4), (2302, 4), (2472, 4), (2555, 4), (2581, 4)]"
2319 "[(136, 4), (1955, 4), (2144, 4), (2254, 4), (2302, 4), (2445, 4)]"
2327 "[(136, 4), (1955, 4), (2180, 4), (2254, 4), (2547, 4), (2555, 4)]"
2336 "[(136, 4), (1955, 4), (2144, 4), (2180, 4), (2215, 4), (2254, 4), (2267, 4), (2285, 4), (2302, 4), (2445, 4), (2472, 4), (2547, 4), (2555, 4)]"
2337 "[(136, 4), (1976, 4)]"
2364 "[(136, 4), (1951, 4), (1976, 4)]"
2378 "[(136, 4), (1951, 4)]"
2384 "[(136, 4), (1955, 4), (1976, 4), (2144, 4), (2180, 4), (2208, 4), (2215, 4), (2267, 4), (2302, 4), (2445, 4), (2472, 4), (2555, 4)]"
2398 "[(136, 4), (1955, 4), (2144, 4), (2180, 4), (2254, 4), (2285, 4), (2445, 4), (2547, 4), (2555, 4)]"
2417 "[(136, 4), (1987, 4), (2180, 4), (2215, 4)]"
2436 "[(136, 4), (1955, 4), (2144, 4), (2180, 4), (2254, 4), (2302, 4), (2445, 4)]"
2447 "[(136, 4), (1951, 4), (1976, 4)]"
2451 "[(136, 4), (1955, 4), (2144, 4), (2180, 4), (2254, 4), (2445, 4), (2522, 4)]"
2458 "[(136, 4), (1955, 4), (2180, 4), (2254, 4), (2267, 4), (2445, 4), (2547, 4), (2555, 4)]"
2459 "[(136, 4), (1951, 4), (1976, 4), (2013, 4)]"
2461 "[(136, 4), (1955, 4), (2099, 4), (2180, 4), (2267, 4), (2285, 4), (2302, 4), (2555, 4)]"
2463 "[(136, 4), (1955, 4), (2144, 4), (2254, 4), (2267, 4), (2302, 4), (2445, 4), (2547, 4)]"
2471 "[(136, 4), (2144, 4), (2254, 4), (2302, 4), (2445, 4), (2555, 4)]"
2475 "[(136, 4), (2254, 4), (2267, 4), (2302, 4), (2555, 4)]"
2491 "[(136, 4), (1955, 4), (2144, 4), (2180, 4), (2254, 4), (2302, 4), (2445, 4), (2555, 4)]"
2494 "[(136, 4), (1951, 4)]"
2498 "[(136, 4), (2180, 4), (2254, 4), (2581, 4)]"
2502 "[(136, 4), (2267, 4), (2302, 4)]"
2508 "[(136, 4), (1955, 4), (2180, 4), (2215, 4), (2254, 4), (2285, 4), (2445, 4), (2555, 4)]"
2510 "[(136, 4), (1955, 4), (1987, 4), (2099, 4), (2144, 4), (2180, 4), (2254, 4), (2267, 4), (2285, 4), (2302, 4), (2445, 4), (2522, 4), (2547, 4), (2555, 4)]"
2511 "[(136, 4), (1955, 4), (2144, 4), (2180, 4), (2254, 4), (2267, 4), (2285, 4), (2302, 4), (2445, 4), (2555, 4)]"
2529 "[(136, 4), (2267, 4), (2555, 4)]"
2533 "[(136, 4), (1955, 4), (2302, 4), (2445, 4), (2472, 4), (2555, 4)]"
2538 "[(136, 4), (1951, 4)]"
2543 "[(136, 4), (2144, 4), (2180, 4), (2215, 4), (2285, 4), (2302, 4), (2472, 4), (2555, 4), (2599, 4)]"
2571 "[(136, 4), (2472, 4)]"
2583 "[(136, 4), (1951, 4), (1976, 4)]"
2589 "[(136, 4), (1955, 4), (2144, 4), (2180, 4), (2254, 4), (2267, 4), (2445, 4), (2555, 4)]"
2598 "[(136, 4), (1955, 4), (2144, 4), (2180, 4), (2254, 4), (2302, 4), (2445, 4), (2472, 4), (2555, 4)]"
2617 "[(136, 4), (1955, 4), (2144, 4), (2180, 4), (2254, 4), (2267, 4), (2285, 4), (2445, 4), (2547, 4), (2555, 4)]"
2629 "[(136, 4), (1955, 4), (2180, 4), (2215, 4), (2285, 4), (2302, 4), (2472, 4), (2555, 4), (2599, 4)]"
2635 "[(136, 4)]"
2636 "[(136, 4), (1951, 4)]"
2640 "[(136, 4), (1951, 4)]"
2643 "[(136, 4), (1955, 4), (2144, 4), (2180, 4), (2302, 4), (2555, 4)]"
2647 "[(136, 4), (1951, 4)]"
2649 "[(136, 4), (1955, 4), (2144, 4), (2180, 4), (2254, 4), (2445, 4), (2555, 4)]"
2653 "[(136, 4), (1955, 4), (2144, 4), (2180, 4), (2254, 4), (2267, 4), (2302, 4), (2445, 4), (2472, 4), (2555, 4), (2599, 4)]"
2660 "[(136, 4), (1951, 4)]"
1914 "[(1951, 4)]"
1922 "[(1915, 4)]"
2107 "[(1915, 4), (2562, 4)]"
2114 "[(1915, 4)]"
2146 "[(1915, 4)]"
2156 "[(1915, 4), (2034, 4), (2251, 4), (2360, 4)]"
2341 "[(1915, 4), (2238, 4), (2321, 4), (2456, 4)]"
2412 "[(1915, 4)]"
2455 "[(1915, 4), (2238, 4)]"
2587 "[(1915, 4), (1933, 4)]"
1916 "[(2555, 4)]"
1919 "[(1951, 4)]"
1920 "[(1955, 4), (1987, 4), (2144, 4), (2180, 4), (2215, 4), (2267, 4), (2285, 4), (2302, 4), (2472, 4), (2547, 4), (2555, 4)]"
1921 "[(1951, 4), (2013, 4), (2472, 4)]"
1923 "[(2254, 4), (2581, 4)]"
1927 "[(1951, 4)]"
1928 "[(1951, 4), (1976, 4), (2013, 4)]"
1931 "[(1976, 4)]"
2120 "[(1933, 4), (2034, 4), (2105, 4)]"
2126 "[(1933, 4), (2099, 4), (2105, 4), (2301, 4), (2360, 4), (2535, 4)]"
2129 "[(1933, 4)]"
2160 "[(1933, 4), (2238, 4), (2251, 4), (2360, 4)]"
2317 "[(1933, 4), (1961, 4), (2360, 4), (2456, 4)]"
2488 "[(1933, 4), (2360, 4)]"
2497 "[(1933, 4)]"
2577 "[(1933, 4), (2316, 4)]"
1935 "[(1951, 4)]"
1936 "[(2562, 4)]"
1940 "[(2180, 4), (2302, 4), (2472, 4), (2555, 4)]"
1941 "[(1955, 4), (2099, 4), (2144, 4), (2180, 4), (2208, 4), (2215, 4), (2285, 4), (2302, 4), (2472, 4), (2547, 4), (2555, 4)]"
1947 "[(1955, 4), (2180, 4), (2267, 4), (2547, 4), (2555, 4)]"
1948 "[(2144, 4), (2267, 4), (2302, 4), (2472, 4), (2555, 4)]"
1954 "[(1951, 4), (2180, 4), (2472, 4), (2555, 4)]"
1957 "[(1951, 4)]"
1958 "[(1951, 4)]"
1968 "[(1951, 4), (1976, 4), (2472, 4)]"
1980 "[(1951, 4)]"
1999 "[(1951, 4), (1976, 4)]"
2000 "[(1951, 4), (1976, 4), (2472, 4)]"
2006 "[(1951, 4), (1976, 4)]"
2011 "[(1951, 4), (2472, 4)]"
2022 "[(1951, 4), (1976, 4), (2472, 4)]"
2050 "[(1951, 4)]"
2061 "[(1951, 4)]"
2097 "[(1951, 4)]"
2159 "[(1951, 4), (1976, 4)]"
2192 "[(1951, 4), (1976, 4), (2472, 4)]"
2202 "[(1951, 4)]"
2297 "[(1951, 4), (2013, 4)]"
2435 "[(1951, 4)]"
2585 "[(1951, 4)]"
2620 "[(1951, 4), (1976, 4)]"
2626 "[(1951, 4)]"
2633 "[(1951, 4)]"
2639 "[(1951, 4), (1976, 4), (2472, 4)]"
2645 "[(1951, 4)]"
2648 "[(1951, 4)]"
2657 "[(1951, 4)]"
2658 "[(1951, 4)]"
2659 "[(1951, 4), (1976, 4)]"
1959 "[(1955, 4), (1987, 4), (2215, 4), (2254, 4), (2285, 4), (2302, 4), (2445, 4), (2555, 4), (2599, 4)]"
2026 "[(1955, 4), (2180, 4), (2267, 4), (2547, 4), (2555, 4)]"
2053 "[(1955, 4), (2180, 4), (2215, 4), (2254, 4), (2285, 4), (2302, 4), (2472, 4), (2547, 4), (2555, 4)]"
2087 "[(1955, 4), (1969, 4), (1987, 4), (2144, 4), (2180, 4), (2208, 4), (2215, 4), (2254, 4), (2267, 4), (2302, 4), (2445, 4), (2472, 4), (2522, 4), (2547, 4), (2555, 4)]"
2125 "[(1955, 4), (2302, 4), (2555, 4)]"
2161 "[(1955, 4), (2267, 4), (2522, 4), (2547, 4), (2555, 4)]"
2169 "[(1955, 4), (1987, 4), (2180, 4), (2302, 4), (2472, 4)]"
2222 "[(1955, 4)]"
2239 "[(1955, 4), (2215, 4), (2267, 4), (2555, 4)]"
2294 "[(1955, 4), (2180, 4), (2267, 4), (2285, 4), (2547, 4)]"
2315 "[(1955, 4), (2144, 4), (2302, 4), (2472, 4), (2555, 4)]"
2328 "[(1955, 4), (2180, 4), (2254, 4), (2302, 4), (2445, 4), (2555, 4)]"
2330 "[(1955, 4), (2144, 4), (2180, 4), (2254, 4), (2302, 4), (2445, 4)]"
2333 "[(1955, 4), (2144, 4), (2208, 4), (2215, 4), (2285, 4), (2302, 4), (2472, 4), (2555, 4)]"
2338 "[(1955, 4), (2180, 4), (2267, 4), (2285, 4), (2302, 4), (2547, 4), (2555, 4)]"
2345 "[(1955, 4), (2555, 4)]"
2394 "[(1955, 4), (2267, 4), (2445, 4), (2547, 4)]"
2419 "[(1955, 4), (1987, 4), (2254, 4), (2445, 4)]"
2420 "[(1955, 4), (2180, 4), (2302, 4), (2555, 4)]"
2468 "[(1955, 4), (2302, 4), (2555, 4)]"
2509 "[(1955, 4), (2180, 4), (2254, 4), (2267, 4), (2547, 4), (2555, 4)]"
2537 "[(1955, 4), (2267, 4), (2285, 4), (2547, 4)]"
2592 "[(1955, 4), (2144, 4), (2180, 4), (2208, 4), (2215, 4), (2267, 4), (2302, 4), (2472, 4), (2555, 4)]"
2594 "[(1955, 4), (2144, 4), (2254, 4), (2555, 4)]"
2608 "[(1955, 4), (2208, 4), (2254, 4), (2285, 4), (2522, 4), (2555, 4)]"
2616 "[(1955, 4), (2144, 4), (2254, 4), (2445, 4)]"
2570 "[(1956, 4), (2105, 4), (2301, 4), (2535, 4)]"
1960 "[(2105, 4)]"
1964 "[(2302, 4)]"
1966 "[(2581, 4)]"
2385 "[(1969, 4), (1987, 4), (2180, 4), (2208, 4), (2215, 4), (2254, 4), (2267, 4), (2302, 4), (2445, 4)]"
1970 "[(2267, 4), (2555, 4)]"
1975 "[(2360, 4)]"
2012 "[(1976, 4)]"
2365 "[(1976, 4)]"
1982 "[(2522, 4)]"
1985 "[(2208, 4), (2215, 4)]"
2047 "[(1987, 4), (2144, 4), (2180, 4), (2208, 4), (2215, 4), (2254, 4), (2267, 4), (2302, 4), (2445, 4), (2472, 4), (2555, 4), (2581, 4)]"
2057 "[(1987, 4), (2208, 4), (2215, 4), (2254, 4), (2302, 4), (2445, 4)]"
2134 "[(1987, 4), (2180, 4), (2215, 4), (2254, 4), (2285, 4), (2302, 4), (2555, 4)]"
2191 "[(1987, 4), (2144, 4), (2180, 4), (2302, 4), (2472, 4), (2555, 4)]"
2194 "[(1987, 4), (2144, 4), (2180, 4), (2285, 4), (2302, 4), (2472, 4), (2555, 4)]"
2232 "[(1987, 4), (2267, 4), (2445, 4), (2547, 4)]"
2273 "[(1987, 4), (2267, 4), (2285, 4), (2302, 4), (2555, 4)]"
2278 "[(1987, 4)]"
2305 "[(1987, 4), (2285, 4)]"
2332 "[(1987, 4), (2144, 4), (2180, 4), (2302, 4), (2555, 4)]"
2344 "[(1987, 4), (2180, 4), (2254, 4), (2555, 4)]"
2372 "[(1987, 4), (2180, 4), (2215, 4), (2254, 4), (2285, 4), (2302, 4), (2445, 4), (2547, 4), (2555, 4)]"
1994 "[(2302, 4), (2555, 4)]"
2002 "[(2267, 4), (2555, 4)]"
2010 "[(2254, 4), (2267, 4), (2555, 4)]"
2296 "[(2017, 4), (2581, 4)]"
2023 "[(2316, 4)]"
2028 "[(2180, 4), (2302, 4), (2472, 4), (2555, 4)]"
2029 "[(2581, 4)]"
2031 "[(2254, 4)]"
2040 "[(2208, 4)]"
2313 "[(2041, 4), (2099, 4), (2230, 4), (2251, 4), (2358, 4), (2456, 4), (2562, 4), (2581, 4)]"
2342 "[(2041, 4), (2105, 4), (2456, 4), (2562, 4)]"
2048 "[(2581, 4)]"
2049 "[(2562, 4)]"
2052 "[(2099, 4), (2302, 4), (2555, 4)]"
2055 "[(2302, 4)]"
2065 "[(2208, 4), (2215, 4), (2302, 4)]"
2085 "[(2581, 4)]"
2091 "[(2099, 4), (2105, 4)]"
2197 "[(2099, 4)]"
2101 "[(2522, 4)]"
2236 "[(2105, 4), (2360, 4)]"
2260 "[(2105, 4), (2238, 4)]"
2131 "[(2547, 4)]"
2132 "[(2555, 4)]"
2137 "[(2267, 4), (2555, 4)]"
2148 "[(2144, 4), (2180, 4), (2302, 4), (2472, 4), (2555, 4), (2599, 4)]"
2196 "[(2144, 4), (2215, 4), (2302, 4), (2472, 4), (2555, 4)]"
2241 "[(2144, 4), (2180, 4), (2254, 4), (2285, 4), (2302, 4), (2445, 4), (2555, 4), (2599, 4)]"
2282 "[(2144, 4), (2180, 4), (2254, 4), (2267, 4), (2285, 4), (2302, 4), (2472, 4), (2547, 4), (2555, 4)]"
2351 "[(2144, 4), (2180, 4), (2267, 4), (2285, 4), (2302, 4), (2472, 4), (2555, 4)]"
2401 "[(2144, 4)]"
2465 "[(2144, 4), (2180, 4), (2302, 4), (2472, 4), (2555, 4), (2599, 4)]"
2609 "[(2144, 4), (2285, 4), (2302, 4), (2472, 4), (2555, 4)]"
2642 "[(2144, 4), (2180, 4), (2267, 4), (2302, 4), (2472, 4), (2555, 4)]"
2149 "[(2215, 4), (2254, 4), (2302, 4), (2445, 4), (2547, 4), (2555, 4)]"
2151 "[(2180, 4), (2267, 4), (2522, 4)]"
2162 "[(2238, 4)]"
2173 "[(2251, 4)]"
2176 "[(2180, 4), (2254, 4), (2267, 4), (2522, 4), (2555, 4)]"
2246 "[(2180, 4), (2302, 4), (2555, 4)]"
2304 "[(2180, 4), (2267, 4), (2555, 4)]"
2347 "[(2180, 4), (2208, 4), (2302, 4), (2472, 4), (2522, 4), (2547, 4), (2555, 4)]"
2368 "[(2180, 4), (2555, 4)]"
2377 "[(2180, 4), (2267, 4), (2285, 4), (2302, 4), (2555, 4)]"
2434 "[(2180, 4)]"
2496 "[(2180, 4)]"
2516 "[(2180, 4), (2555, 4)]"
2567 "[(2180, 4), (2215, 4), (2267, 4), (2285, 4), (2302, 4), (2445, 4), (2472, 4), (2522, 4), (2555, 4)]"
2588 "[(2180, 4), (2285, 4)]"
2597 "[(2180, 4), (2285, 4), (2302, 4), (2316, 4), (2445, 4), (2472, 4), (2547, 4), (2555, 4)]"
2181 "[(2562, 4)]"
2193 "[(2316, 4)]"
2198 "[(2254, 4)]"
2229 "[(2208, 4)]"
2324 "[(2208, 4), (2302, 4), (2581, 4)]"
2462 "[(2208, 4), (2302, 4), (2581, 4)]"
2530 "[(2208, 4), (2215, 4), (2302, 4)]"
2560 "[(2208, 4)]"
2210 "[(2215, 4)]"
2211 "[(2254, 4)]"
2214 "[(2302, 4)]"
2259 "[(2215, 4), (2445, 4)]"
2501 "[(2215, 4)]"
2572 "[(2215, 4)]"
2226 "[(2581, 4)]"
2228 "[(2316, 4)]"
2231 "[(2316, 4)]"
2235 "[(2254, 4)]"
2335 "[(2238, 4)]"
2361 "[(2238, 4)]"
2411 "[(2238, 4), (2358, 4)]"
2243 "[(2267, 4), (2547, 4)]"
2618 "[(2251, 4), (2562, 4)]"
2644 "[(2251, 4)]"
2343 "[(2254, 4)]"
2396 "[(2254, 4)]"
2512 "[(2254, 4), (2302, 4)]"
2293 "[(2267, 4), (2302, 4), (2555, 4)]"
2325 "[(2267, 4), (2555, 4)]"
2473 "[(2267, 4), (2547, 4)]"
2390 "[(2285, 4)]"
2429 "[(2302, 4)]"
2544 "[(2302, 4)]"
2402 "[(2316, 4)]"
2322 "[(2562, 4)]"
2357 "[(2562, 4)]"
2367 "[(2581, 4)]"
2379 "[(2581, 4)]"
2397 "[(2562, 4)]"
2399 "[(2555, 4)]"
2425 "[(2581, 4)]"
2526 "[(2445, 4)]"
2448 "[(2562, 4)]"
2540 "[(2634, 4)]"
2582 "[(2555, 4)]"
2656 "[(2562, 4)]"
2610 "[(2581, 4)]"
