0 "[(107, 1)]"
34 "[(348, 1), (428, 1)]"
58 "[(107, 1), (1684, 1), (3173, 1)]"
171 "[(107, 1), (1171, 1), (1297, 1), (1486, 1), (1549, 1), (1684, 1)]"
414 "[(107, 1), (348, 1), (363, 1), (373, 1), (374, 1), (376, 1), (378, 1), (391, 1), (394, 1), (395, 1), (400, 1), (412, 1), (423, 1), (428, 1), (431, 1), (434, 1), (436, 1), (438, 1), (461, 1), (465, 1), (475, 1), (480, 1), (483, 1), (492, 1), (496, 1), (500, 1), (506, 1), (513, 1), (514, 1), (515, 1), (524, 1), (542, 1), (544, 1), (553, 1), (556, 1), (558, 1), (559, 1), (561, 1), (563, 1), (566, 1), (567, 1), (580, 1), (586, 1), (587, 1), (591, 1), (593, 1), (601, 1), (604, 1), (606, 1), (610, 1), (614, 1), (629, 1), (634, 1), (637, 1), (641, 1), (645, 1), (646, 1), (651, 1), (652, 1), (656, 1), (669, 1), (671, 1), (673, 1), (676, 1), (683, 1)]"
596 "[(107, 1), (420, 1), (438, 1), (483, 1), (604, 1), (917, 1), (1019, 1), (1022, 1), (1032, 1), (1086, 1), (1103, 1), (1129, 1), (1148, 1), (1215, 1), (1229, 1), (1235, 1), (1311, 1), (1322, 1), (1345, 1), (1412, 1), (1515, 1), (1576, 1), (1650, 1), (1680, 1), (1688, 1), (1720, 1), (1828, 1), (1859, 1), (1872, 1)]"
649 "[(107, 1), (1694, 1)]"
900 "[(107, 1), (919, 1), (1014, 1), (1261, 1), (1553, 1)]"
904 "[(107, 1)]"
908 "[(107, 1), (1327, 1)]"
923 "[(107, 1), (961, 1)]"
928 "[(107, 1)]"
950 "[(107, 1)]"
951 "[(107, 1), (1161, 1), (1327, 1), (1523, 1), (1540, 1), (1618, 1), (1852, 1)]"
970 "[(107, 1)]"
973 "[(107, 1), (990, 1), (1272, 1), (1327, 1), (1597, 1), (1863, 1), (1883, 1)]"
1008 "[(107, 1), (1357, 1), (1674, 1), (1911, 1)]"
1023 "[(107, 1), (1674, 1), (1861, 1)]"
1031 "[(107, 1), (1666, 1)]"
1033 "[(107, 1)]"
1061 "[(107, 1)]"
1071 "[(107, 1)]"
1073 "[(107, 1), (1528, 1), (1861, 1)]"
1077 "[(107, 1), (1058, 1), (1171, 1), (1858, 1), (1863, 1), (1911, 1)]"
1085 "[(107, 1), (1420, 1), (1553, 1)]"
1088 "[(107, 1), (961, 1), (1540, 1)]"
1098 "[(107, 1), (1553, 1), (1666, 1)]"
1136 "[(107, 1), (563, 1)]"
1140 "[(107, 1), (1173, 1), (1450, 1), (1666, 1)]"
1144 "[(107, 1)]"
1150 "[(107, 1), (1283, 1), (1327, 1), (1858, 1), (1909, 1), (1911, 1)]"
1165 "[(107, 1), (991, 1), (1029, 1), (1146, 1), (1182, 1), (1254, 1), (1283, 1), (1384, 1), (1419, 1)]"
1174 "[(107, 1)]"
1178 "[(107, 1), (1419, 1)]"
1187 "[(107, 1), (1017, 1), (1553, 1)]"
1193 "[(107, 1), (1585, 1), (1838, 1)]"
1200 "[(107, 1), (1268, 1), (1574, 1)]"
1202 "[(107, 1), (1064, 1), (1268, 1), (1858, 1)]"
1203 "[(107, 1), (1240, 1)]"
1224 "[(107, 1)]"
1233 "[(107, 1)]"
1251 "[(107, 1)]"
1253 "[(107, 1)]"
1274 "[(107, 1), (978, 1), (995, 1), (1553, 1)]"
1301 "[(107, 1), (961, 1), (1283, 1)]"
1307 "[(107, 1), (1553, 1)]"
1317 "[(107, 1), (929, 1), (991, 1), (1049, 1), (1087, 1), (1564, 1), (1701, 1), (1838, 1)]"
1321 "[(107, 1), (1110, 1), (1124, 1), (1161, 1), (1214, 1), (1255, 1), (1283, 1), (1327, 1), (1361, 1), (1509, 1), (1774, 1), (1780, 1), (1813, 1), (1858, 1), (1863, 1), (1909, 1), (1911, 1)]"
1325 "[(107, 1)]"
1326 "[(107, 1)]"
1328 "[(107, 1), (1050, 1)]"
1337 "[(107, 1), (1045, 1), (1161, 1), (1327, 1), (1352, 1), (1384, 1), (1437, 1), (1441, 1), (1480, 1), (1585, 1), (1618, 1), (1805, 1), (1813, 1), (1858, 1), (1860, 1), (1863, 1), (1909, 1), (1911, 1)]"
1360 "[(107, 1), (1045, 1), (1553, 1), (1678, 1)]"
1369 "[(107, 1), (920, 1), (921, 1), (927, 1), (946, 1), (967, 1), (1026, 1), (1182, 1), (1222, 1), (1255, 1), (1272, 1), (1283, 1), (1312, 1), (1327, 1), (1335, 1), (1352, 1), (1405, 1), (1420, 1), (1460, 1), (1471, 1), (1509, 1), (1522, 1), (1523, 1), (1559, 1), (1563, 1), (1589, 1), (1590, 1), (1608, 1), (1617, 1), (1644, 1), (1663, 1), (1757, 1), (1769, 1), (1779, 1), (1780, 1), (1835, 1), (1836, 1), (1846, 1), (1851, 1), (1852, 1)]"
1387 "[(107, 1), (1171, 1), (1297, 1), (1486, 1), (1549, 1), (1678, 1)]"
1410 "[(107, 1)]"
1421 "[(107, 1), (1283, 1)]"
1433 "[(107, 1)]"
1445 "[(107, 1)]"
1461 "[(107, 1), (995, 1)]"
1465 "[(107, 1), (1013, 1), (1074, 1), (1171, 1), (1361, 1), (1483, 1), (1883, 1)]"
1476 "[(107, 1), (1670, 1)]"
1494 "[(107, 1)]"
1505 "[(107, 1), (929, 1), (961, 1), (990, 1), (991, 1), (996, 1), (1087, 1), (1283, 1), (1384, 1), (1450, 1), (1460, 1), (1477, 1), (1528, 1), (1552, 1), (1666, 1), (1674, 1), (1684, 1), (1701, 1), (2734, 1), (2883, 1), (2964, 1), (2968, 1), (2976, 1), (3005, 1), (3011, 1), (3019, 1), (3020, 1), (3062, 1), (3079, 1), (3165, 1), (3168, 1), (3258, 1), (3386, 1), (3409, 1)]"
1511 "[(107, 1), (1553, 1)]"
1518 "[(107, 1), (1038, 1), (1161, 1), (1327, 1), (1620, 1), (1683, 1), (1774, 1)]"
1521 "[(107, 1), (1909, 1), (1911, 1)]"
1527 "[(107, 1), (960, 1), (1056, 1), (1173, 1), (1409, 1), (1519, 1), (1670, 1), (1674, 1), (1852, 1), (1911, 1)]"
1534 "[(107, 1), (990, 1), (1049, 1), (1171, 1), (1173, 1), (1450, 1), (1666, 1), (1674, 1), (1684, 1), (1701, 1), (2883, 1), (3101, 1), (3248, 1), (3263, 1), (3265, 1), (3385, 1)]"
1537 "[(107, 1), (978, 1), (982, 1), (998, 1), (1029, 1), (1220, 1), (1346, 1), (1440, 1), (1498, 1), (1535, 1), (1613, 1), (1856, 1)]"
1555 "[(107, 1), (1553, 1), (1678, 1)]"
1561 "[(107, 1), (913, 1), (991, 1), (1161, 1), (1327, 1), (1450, 1), (1471, 1), (1559, 1), (1621, 1), (1678, 1), (1852, 1), (1863, 1), (1911, 1)]"
1567 "[(107, 1)]"
1577 "[(107, 1), (1029, 1), (1074, 1), (1173, 1), (1289, 1), (1361, 1), (1618, 1), (1666, 1)]"
1579 "[(107, 1), (1553, 1)]"
1588 "[(107, 1), (1678, 1)]"
1593 "[(107, 1), (1045, 1), (1218, 1), (1232, 1), (1452, 1), (1784, 1), (1787, 1)]"
1615 "[(107, 1), (1553, 1)]"
1626 "[(107, 1), (922, 1), (967, 1), (978, 1), (1047, 1), (1124, 1), (1161, 1), (1214, 1), (1255, 1), (1283, 1), (1327, 1), (1361, 1), (1437, 1), (1440, 1), (1674, 1), (1683, 1), (1774, 1), (1780, 1), (1800, 1), (1805, 1), (1813, 1), (1817, 1), (1851, 1), (1858, 1), (1863, 1), (1883, 1), (1909, 1), (1911, 1)]"
1641 "[(107, 1), (991, 1), (1003, 1), (1177, 1), (1283, 1), (1477, 1), (1817, 1)]"
1642 "[(107, 1), (1058, 1), (1171, 1), (1240, 1), (1519, 1), (1552, 1), (1670, 1), (1674, 1), (1684, 1), (2677, 1), (2938, 1), (2941, 1), (2999, 1), (3201, 1), (3263, 1), (3355, 1)]"
1656 "[(107, 1), (990, 1), (1161, 1), (1305, 1), (1327, 1), (1450, 1), (1666, 1), (1684, 1), (1852, 1), (2883, 1), (2964, 1), (3097, 1), (3165, 1), (3263, 1)]"
1676 "[(107, 1), (1713, 1)]"
1687 "[(107, 1), (563, 1), (1029, 1)]"
1697 "[(107, 1), (1663, 1), (1909, 1)]"
1698 "[(107, 1), (1173, 1), (1553, 1)]"
1702 "[(107, 1), (922, 1), (1006, 1), (1124, 1), (1161, 1), (1199, 1), (1211, 1), (1214, 1), (1222, 1), (1327, 1), (1341, 1), (1351, 1), (1361, 1), (1393, 1), (1399, 1), (1419, 1), (1437, 1), (1440, 1), (1447, 1), (1722, 1), (1780, 1), (1805, 1), (1813, 1), (1817, 1), (1845, 1), (1858, 1), (1863, 1), (1909, 1), (1911, 1)]"
1705 "[(107, 1)]"
1708 "[(107, 1)]"
1718 "[(107, 1), (916, 1), (921, 1), (925, 1), (1028, 1), (1126, 1), (1182, 1), (1196, 1), (1197, 1), (1312, 1), (1327, 1), (1334, 1), (1352, 1), (1361, 1), (1376, 1), (1440, 1), (1458, 1), (1485, 1), (1509, 1), (1513, 1), (1522, 1), (1523, 1), (1540, 1), (1590, 1), (1617, 1), (1618, 1), (1621, 1), (1663, 1), (1769, 1), (1780, 1), (1782, 1), (1817, 1), (1835, 1), (1836, 1), (1846, 1), (1852, 1), (1863, 1), (1909, 1), (1911, 1)]"
1719 "[(107, 1)]"
1726 "[(107, 1), (990, 1), (991, 1), (1146, 1), (1450, 1), (1666, 1), (1678, 1), (1684, 1), (2744, 1), (3179, 1), (3263, 1), (3385, 1)]"
1758 "[(107, 1), (987, 1), (1371, 1), (1384, 1), (1419, 1), (1480, 1), (1533, 1), (1674, 1), (1684, 1), (1787, 1), (1835, 1), (1837, 1), (1858, 1), (2677, 1), (2825, 1)]"
1803 "[(107, 1), (1283, 1)]"
1806 "[(107, 1), (1553, 1)]"
1825 "[(107, 1), (1553, 1)]"
1847 "[(107, 1), (1072, 1), (1109, 1), (1121, 1), (1189, 1), (1226, 1), (1348, 1), (1472, 1), (1482, 1), (1496, 1), (1507, 1), (1541, 1), (1553, 1), (1678, 1), (1681, 1)]"
1865 "[(107, 1), (1440, 1), (1911, 1)]"
1866 "[(107, 1), (1469, 1)]"
1908 "[(107, 1), (1171, 1), (1553, 1), (1670, 1), (1858, 1)]"
173 "[(348, 1), (549, 1)]"
198 "[(348, 1), (549, 1)]"
350 "[(348, 1), (369, 1), (397, 1), (426, 1), (433, 1), (455, 1), (484, 1), (497, 1), (519, 1), (527, 1), (528, 1), (531, 1), (543, 1), (546, 1), (561, 1), (563, 1)]"
351 "[(348, 1)]"
364 "[(348, 1)]"
370 "[(348, 1), (353, 1), (360, 1), (363, 1), (373, 1), (374, 1), (376, 1), (378, 1), (387, 1), (392, 1), (395, 1), (397, 1), (402, 1), (412, 1), (413, 1), (415, 1), (416, 1), (417, 1), (420, 1), (423, 1), (428, 1), (430, 1), (431, 1), (432, 1), (436, 1), (438, 1), (439, 1), (451, 1), (452, 1), (456, 1), (458, 1), (460, 1), (461, 1), (465, 1), (471, 1), (475, 1), (483, 1), (492, 1), (497, 1), (506, 1), (507, 1), (514, 1), (515, 1), (520, 1), (523, 1), (524, 1), (525, 1), (527, 1), (542, 1), (544, 1), (548, 1), (553, 1), (555, 1), (559, 1), (561, 1), (563, 1), (565, 1), (566, 1), (567, 1), (591, 1), (604, 1), (645, 1), (646, 1), (669, 1), (683, 1)]"
384 "[(348, 1)]"
388 "[(348, 1), (353, 1), (360, 1), (363, 1), (373, 1), (376, 1), (400, 1), (404, 1), (412, 1), (415, 1), (421, 1), (438, 1), (444, 1), (445, 1), (450, 1), (452, 1), (463, 1), (465, 1), (475, 1), (483, 1), (487, 1), (492, 1), (493, 1), (496, 1), (497, 1), (500, 1), (503, 1), (507, 1), (513, 1), (523, 1), (537, 1), (544, 1), (548, 1), (557, 1), (559, 1), (566, 1), (567, 1)]"
393 "[(348, 1)]"
399 "[(348, 1)]"
407 "[(348, 1), (369, 1), (426, 1), (433, 1), (455, 1), (458, 1), (490, 1), (510, 1), (513, 1), (528, 1), (543, 1), (563, 1)]"
419 "[(348, 1), (353, 1), (357, 1), (363, 1), (368, 1), (369, 1), (374, 1), (376, 1), (381, 1), (389, 1), (395, 1), (397, 1), (400, 1), (404, 1), (408, 1), (409, 1), (416, 1), (423, 1), (424, 1), (428, 1), (430, 1), (431, 1), (452, 1), (456, 1), (471, 1), (475, 1), (483, 1), (484, 1), (486, 1), (487, 1), (488, 1), (492, 1), (493, 1), (503, 1), (505, 1), (513, 1), (516, 1), (517, 1), (518, 1), (525, 1), (526, 1), (527, 1), (536, 1), (537, 1), (538, 1), (544, 1), (551, 1), (559, 1), (561, 1), (565, 1), (567, 1)]"
422 "[(348, 1), (359, 1), (360, 1), (367, 1), (372, 1), (395, 1), (396, 1), (397, 1), (402, 1), (412, 1), (432, 1), (438, 1), (444, 1), (455, 1), (460, 1), (474, 1), (481, 1), (483, 1), (489, 1), (497, 1), (520, 1), (523, 1), (545, 1), (546, 1), (547, 1), (553, 1), (555, 1), (561, 1), (570, 1), (593, 1), (601, 1), (604, 1), (614, 1)]"
427 "[(348, 1), (425, 1), (428, 1), (496, 1), (549, 1), (563, 1)]"
440 "[(348, 1), (404, 1), (408, 1), (431, 1), (456, 1), (479, 1), (484, 1), (493, 1), (496, 1), (508, 1), (525, 1), (538, 1)]"
441 "[(348, 1)]"
449 "[(348, 1), (397, 1), (444, 1), (480, 1), (507, 1), (543, 1), (563, 1)]"
454 "[(348, 1)]"
464 "[(348, 1)]"
469 "[(348, 1), (357, 1), (369, 1), (381, 1), (389, 1), (397, 1), (424, 1), (430, 1), (457, 1), (458, 1), (486, 1), (497, 1), (505, 1), (516, 1), (518, 1), (551, 1), (553, 1), (554, 1), (563, 1)]"
476 "[(348, 1)]"
501 "[(348, 1)]"
504 "[(348, 1), (367, 1), (374, 1), (397, 1), (412, 1), (418, 1), (421, 1), (426, 1), (429, 1), (432, 1), (433, 1), (444, 1), (455, 1), (463, 1), (466, 1), (481, 1), (506, 1), (507, 1), (510, 1), (513, 1), (514, 1), (521, 1), (522, 1), (528, 1), (529, 1), (531, 1), (539, 1), (541, 1), (543, 1), (544, 1), (546, 1), (547, 1), (548, 1), (553, 1), (555, 1), (562, 1), (563, 1), (570, 1), (571, 1)]"
533 "[(348, 1), (412, 1), (433, 1), (472, 1), (510, 1)]"
540 "[(348, 1), (353, 1), (480, 1), (559, 1), (560, 1)]"
552 "[(348, 1)]"
564 "[(348, 1)]"
590 "[(373, 1), (461, 1), (524, 1), (567, 1), (591, 1)]"
680 "[(373, 1)]"
620 "[(394, 1), (395, 1), (515, 1), (553, 1)]"
574 "[(395, 1)]"
630 "[(395, 1), (601, 1), (629, 1), (641, 1)]"
678 "[(395, 1), (637, 1)]"
609 "[(412, 1), (428, 1), (553, 1), (601, 1)]"
594 "[(428, 1), (563, 1)]"
667 "[(428, 1)]"
1912 "[(428, 1), (563, 1)]"
635 "[(436, 1)]"
653 "[(461, 1)]"
639 "[(483, 1), (637, 1)]"
654 "[(515, 1), (683, 1)]"
644 "[(553, 1), (601, 1)]"
666 "[(553, 1)]"
1967 "[(563, 1)]"
3437 "[(567, 1), (698, 1)]"
3454 "[(567, 1)]"
3487 "[(567, 1)]"
3723 "[(567, 1)]"
3861 "[(567, 1)]"
3961 "[(567, 1)]"
584 "[(637, 1)]"
647 "[(634, 1)]"
679 "[(637, 1)]"
857 "[(698, 1)]"
858 "[(698, 1)]"
862 "[(698, 1)]"
865 "[(698, 1)]"
866 "[(698, 1)]"
868 "[(698, 1)]"
870 "[(698, 1)]"
871 "[(698, 1)]"
879 "[(698, 1)]"
881 "[(698, 1)]"
894 "[(698, 1)]"
895 "[(698, 1)]"
2678 "[(990, 1), (1684, 1), (3263, 1)]"
2760 "[(990, 1), (1684, 1), (2734, 1), (2790, 1), (3263, 1)]"
2822 "[(990, 1), (1684, 1), (2831, 1), (2941, 1), (2999, 1), (3263, 1)]"
3057 "[(990, 1), (1684, 1), (2734, 1), (2882, 1), (2964, 1), (3005, 1), (3061, 1), (3263, 1), (3396, 1)]"
3164 "[(990, 1), (1684, 1), (3067, 1), (3263, 1)]"
3222 "[(990, 1), (1666, 1), (1684, 1), (2999, 1), (3263, 1)]"
3245 "[(990, 1), (1450, 1), (1666, 1), (1684, 1), (3001, 1), (3011, 1), (3161, 1), (3263, 1), (3403, 1)]"
3278 "[(990, 1), (1450, 1), (1666, 1), (1684, 1), (2883, 1), (3185, 1), (3263, 1), (3335, 1)]"
3361 "[(990, 1), (1684, 1), (2914, 1), (2941, 1), (2999, 1), (3077, 1), (3346, 1)]"
2826 "[(1171, 1), (1684, 1), (3165, 1), (3211, 1)]"
3290 "[(1171, 1), (1684, 1)]"
2813 "[(1419, 1), (1684, 1), (2758, 1), (2768, 1), (2784, 1), (2790, 1), (2795, 1), (2803, 1), (2818, 1), (2848, 1), (2883, 1), (2951, 1), (2971, 1), (3002, 1), (3020, 1), (3136, 1), (3171, 1), (3177, 1), (3178, 1), (3214, 1), (3365, 1), (3393, 1), (3409, 1)]"
2688 "[(1684, 1), (2677, 1), (3086, 1), (3146, 1), (3302, 1), (3328, 1)]"
2693 "[(1684, 1), (2802, 1), (2999, 1), (3069, 1), (3156, 1), (3302, 1), (3397, 1)]"
2704 "[(1684, 1)]"
2714 "[(1684, 1), (2711, 1)]"
2725 "[(1684, 1), (2818, 1), (2923, 1), (3302, 1)]"
2740 "[(1684, 1)]"
2764 "[(1684, 1), (2677, 1), (2923, 1), (2941, 1), (2999, 1), (3011, 1), (3020, 1), (3201, 1), (3263, 1), (3302, 1)]"
2805 "[(1684, 1), (2806, 1), (2997, 1), (3012, 1), (3121, 1)]"
2814 "[(1684, 1)]"
2838 "[(1684, 1)]"
2885 "[(1684, 1)]"
2886 "[(1684, 1), (2999, 1)]"
2903 "[(1684, 1), (2999, 1), (3258, 1)]"
2922 "[(1684, 1)]"
2949 "[(1684, 1), (2933, 1), (2935, 1), (2997, 1), (2999, 1), (3012, 1), (3020, 1), (3063, 1), (3155, 1)]"
2979 "[(1684, 1), (2780, 1), (2784, 1), (2856, 1), (2865, 1), (2964, 1), (3081, 1), (3101, 1), (3201, 1), (3297, 1), (3409, 1)]"
2983 "[(1684, 1), (2933, 1), (2935, 1), (2997, 1), (2999, 1), (3012, 1), (3020, 1), (3063, 1), (3072, 1), (3155, 1), (3368, 1)]"
3003 "[(1684, 1)]"
3028 "[(1684, 1), (2783, 1), (2933, 1), (3012, 1), (3063, 1), (3072, 1), (3155, 1), (3368, 1)]"
3066 "[(1684, 1), (2933, 1), (2935, 1), (2999, 1), (3072, 1), (3155, 1)]"
3083 "[(1684, 1), (2999, 1), (3020, 1)]"
3126 "[(1684, 1)]"
3128 "[(1684, 1), (2999, 1)]"
3205 "[(1684, 1), (2727, 1), (3020, 1), (3124, 1), (3179, 1), (3242, 1), (3263, 1), (3276, 1), (3343, 1), (3369, 1)]"
3310 "[(1684, 1), (2999, 1)]"
3319 "[(1684, 1), (2672, 1), (2728, 1), (2734, 1), (2742, 1), (2772, 1), (2793, 1), (2830, 1), (2833, 1), (2849, 1), (2904, 1), (2973, 1), (3034, 1), (3038, 1), (3046, 1), (3089, 1), (3106, 1), (3240, 1), (3321, 1), (3344, 1), (3350, 1), (3393, 1), (3411, 1)]"
3322 "[(1684, 1)]"
3336 "[(1684, 1)]"
3340 "[(1684, 1), (2734, 1), (2869, 1), (3017, 1), (3020, 1), (3097, 1), (3107, 1), (3136, 1), (3219, 1), (3276, 1), (3299, 1), (3365, 1)]"
3432 "[(1684, 1), (2893, 1), (3279, 1)]"
